0,0,0.11;-1.57,-2.98023e-08,-1.57
0,0,0.11;-1.57,-2.98023e-08,-1.57
0,0,0.11;-1.57,-2.98023e-08,-1.57
-0.000533565,-0.000640541,0.0285819;-1.57083,-0.262958,-1.57065
-0.000691609,-0.00276613,0.0286601;-1.57128,-0.118152,-1.57458
0.000324734,-0.00441127,0.0300865;-1.57086,0.036411,-1.5919
0.00272606,0.000185947,0.0374827;-1.67653,0.184209,-1.6024
0.0012741,-0.00818463,0.0288461;-1.57081,-0.0488501,-1.58396
0.00378645,-0.00492496,0.028603;-1.57187,-0.205191,-1.57102
0.00403386,-0.00537523,0.0285838;-1.57091,-0.26542,-1.57053
0.00384855,-0.00707397,0.0288189;-1.57076,-0.060009,-1.58206
0.00455515,-0.00897289,0.0308445;-1.57594,0.0956662,-1.59978
0.00742234,-0.00113351,0.0379072;-1.6774,0.282256,-1.59097
0.00891698,0.00238254,0.037568;-1.69184,0.221382,-1.58836
0.00753966,-0.00343778,0.0309053;-1.59141,0.133032,-1.59421
0.00826022,-0.00221294,0.0289108;-1.5815,0.0257224,-1.57578
0.0081912,-0.00316333,0.0285788;-1.57089,0.0825005,-1.57078
0.00962608,-0.00349325,0.029347;-1.567,0.169236,-1.58368
0.0147161,0.00594545,0.0334321;-1.56185,0.328744,-1.59987
0.0210095,0.0195247,0.0394896;-1.71517,0.37772,-1.57575
0.0220139,0.0214662,0.0378507;-1.71735,0.272355,-1.56463
0.022477,0.0192416,0.0288846;-1.56827,0.163196,-1.58792
0.0231303,0.0198024,0.0285865;-1.57114,0.120168,-1.57064
0.0235418,0.0183329,0.0287211;-1.56942,0.227624,-1.57871
0.0268891,0.0156337,0.0308283;-1.56066,0.36997,-1.60065
0.0343172,0.0235364,0.0346215;-1.52539,0.441676,-1.6279
0.0419649,0.0345988,0.0353367;-1.65546,0.323945,-1.58578
0.0476101,0.0402178,0.0290088;-1.58275,0.1273,-1.578
0.0480495,0.0409162,0.0287122;-1.57371,0.10704,-1.57386
0.0478184,0.0403383,0.0285036;-1.56745,0.195493,-1.5727
0.0473834,0.0357099,0.0320705;-1.56141,0.540353,-1.60451
0.0514049,0.039813,0.0386913;-1.6879,0.682194,-1.55906
0.0572049,0.0484433,0.040411;-1.74886,0.595361,-1.5333
0.0598624,0.0519027,0.0289906;-1.57676,0.368814,-1.58246
0.0624449,0.0538191,0.0288026;-1.57413,0.265444,-1.57722
0.0631316,0.0544441,0.0286314;-1.57157,0.251459,-1.57223
0.0612999,0.0522165,0.0298205;-1.57509,0.496826,-1.58603
0.0639283,0.0546646,0.0355972;-1.65376,0.68632,-1.55515
0.0692321,0.0610056,0.0398116;-1.74945,0.745697,-1.51261
0.0707199,0.0568192,0.0337593;-1.63446,0.569622,-1.5774
0.0725403,0.0594617,0.02917;-1.5919,0.471454,-1.57073
0.0742444,0.060779,0.0289934;-1.58986,0.416027,-1.56581
0.0723029,0.0590103,0.028699;-1.57074,0.596425,-1.57686
0.0748266,0.0607291,0.0310459;-1.58685,0.767524,-1.57978
0.0801947,0.0660101,0.0392122;-1.76665,0.925551,-1.46905
0.0908367,0.0688398,0.0352611;-1.69355,0.674872,-1.52649
0.0907393,0.0677093,0.029662;-1.58117,0.616861,-1.58579
0.0925815,0.0693314,0.0291522;-1.59829,0.577492,-1.56061
0.0907423,0.067812,0.0287281;-1.56991,0.726566,-1.57813
0.09507,0.0668636,0.0309309;-1.55043,0.857861,-1.6084
0.106092,0.0725561,0.0363772;-1.6237,1.0371,-1.56351
0.121261,0.0803377,0.0346037;-1.68088,0.802258,-1.52842
0.124834,0.0809753,0.030103;-1.58305,0.709245,-1.58915
0.127301,0.0817377,0.0291607;-1.59382,0.650827,-1.56655
0.120223,0.0799334,0.0287895;-1.57002,0.893361,-1.58127
0.117972,0.0756035,0.0308414;-1.55188,1.0573,-1.61243
0.119879,0.072055,0.0351649;-1.28984,1.21151,-1.83888
0.124436,0.0675817,0.0318209;-1.54811,1.14014,-1.64153
0.130051,0.0685096,0.0323537;-1.57198,1.01362,-1.62815
0.14124,0.0682524,0.0341968;-1.65577,0.882991,-1.55964
0.147784,0.0718877,0.036055;-1.80874,0.876196,-1.39132
0.14158,0.0691187,0.0308156;-1.5539,1.03586,-1.61944
0.143288,0.064697,0.0342002;-1.37479,1.19842,-1.77049
0.154837,0.0648284,0.0351913;-1.58261,1.2197,-1.62156
0.160985,0.0647006,0.0383481;-1.78778,1.09148,-1.44435
0.167539,0.0624041,0.0371611;-1.76824,0.975993,-1.45722
0.17336,0.0635175,0.0357085;-1.79954,0.894449,-1.39884
0.170178,0.063178,0.0315706;-1.6729,0.954689,-1.49674
0.169742,0.0627065,0.0309052;-1.54488,1.11141,-1.61909
0.183696,0.0599897,0.0407074;-1.79698,1.32794,-1.41852
0.186091,0.0591474,0.0418311;-1.96883,1.198,-1.27402
0.187379,0.0567228,0.0380399;-1.80447,1.06977,-1.42187
0.193178,0.0572505,0.0354248;-1.81539,0.963926,-1.37596
0.191034,0.0571715,0.0311076;-1.68015,1.00824,-1.48266
0.186029,0.0558243,0.0297682;-1.55679,1.12169,-1.60472
0.205368,0.0580742,0.0398773;-1.20772,1.32652,-1.93672
0.211994,0.061547,0.0397978;-1.95642,1.19615,-1.26032
0.211999,0.0599054,0.0354992;-1.74524,1.08944,-1.45946
0.227305,0.0548135,0.0343352;-1.75777,0.873756,-1.43625
0.227019,0.0567974,0.0385776;-1.9056,0.924406,-1.30678
0.22404,0.0576194,0.0392151;-1.88791,1.04303,-1.33126
0.237685,0.0628856,0.0375936;-1.28154,1.32565,-1.87778
0.244166,0.0643117,0.038876;-1.80565,1.20857,-1.40211
0.253665,0.065136,0.0352465;-1.75824,1.08787,-1.4411
0.266708,0.0595994,0.0328343;-1.71908,0.888827,-1.46669
0.262906,0.0616291,0.0373173;-1.8785,0.952188,-1.32252
0.258334,0.0620457,0.0351646;-1.8199,1.02211,-1.36343
0.250712,0.0569203,0.0364979;-0.967565,1.36953,-2.18122
0.250842,0.0543433,0.0361647;-1.06824,1.35108,-2.08911
0.255992,0.0521255,0.0322365;-1.5696,1.33743,-1.62671
0.271442,0.0454016,0.0333156;-1.75348,1.11637,-1.43391
0.278621,0.0461429,0.0374874;-1.94686,1.06394,-1.24265
0.281245,0.0469108,0.0343042;-1.82836,1.08442,-1.34315
0.279418,0.0479621,0.0338588;-1.18269,1.41986,-1.97575
0.277175,0.0421322,0.0329707;-1.21872,1.49275,-1.96069
0.27556,0.0378409,0.0318982;0.300535,1.55569,2.8013
0.283138,0.0350876,0.0312714;-1.65705,1.33887,-1.52232
0.29693,0.0266179,0.0351087;-1.92729,1.1819,-1.2461
0.300635,0.0283603,0.0362274;-2.00518,1.19088,-1.16651
0.301273,0.0316024,0.0345838;-1.98578,1.33999,-1.18648
0.306198,0.0317039,0.0355346;1.64353,1.48204,1.4748
0.309631,0.0304425,0.033476;2.60414,1.51232,0.504311
0.309049,0.0272557,0.0301965;-1.50577,1.52724,-1.6687
0.323838,0.0178573,0.0319449;-1.87269,1.31555,-1.28545
0.324933,0.0192258,0.0362729;-2.2119,1.31021,-0.951836
0.321087,0.0208594,0.0360324;-2.44248,1.42797,-0.733259
0.333916,0.0187885,0.0364019;0.863706,1.37033,2.27029
0.337754,0.0190668,0.0359262;0.767429,1.40439,2.35993
0.343016,0.0180049,0.0303207;1.48989,1.54233,1.61891
0.356358,0.009118,0.0305505;-1.81773,1.39756,-1.3394
0.360317,0.006069,0.0341568;-2.15185,1.35925,-1.00581
0.36124,0.00714188,0.0381657;-2.56607,1.35092,-0.596117
0.365188,0.00318701,0.0370964;1.36411,1.35448,1.74495
0.365846,0.00309229,0.0343314;1.098,1.34421,2.02584
0.375423,0.00503042,0.0299403;1.55624,1.45298,1.55739
0.38987,0.000657995,0.0299914;-1.83564,1.45489,-1.32185
0.392031,-0.00248287,0.0303307;-1.91357,1.44084,-1.238
0.392713,-0.00285234,0.0342739;-2.51001,1.42184,-0.639385
0.4048,-0.0042161,0.041646;2.16697,1.27906,0.947201
0.403889,-0.00561803,0.0399207;1.88219,1.19885,1.22222
0.392189,-0.00451077,0.0307404;1.52976,1.19803,1.58228
0.400075,-0.0047183,0.0304795;1.738,1.41431,1.38394
0.408154,-0.0126201,0.0308211;2.50112,1.50306,0.635026
0.410832,-0.0167805,0.032531;3.04748,1.48403,0.0897433
0.417732,-0.0149512,0.0383268;2.19851,1.30135,0.944758
0.419379,-0.0155041,0.0391738;1.84439,1.14392,1.2784
0.414212,-0.0155392,0.0364301;1.72191,1.09533,1.3915
0.412155,-0.0144387,0.0297705;1.57727,1.24906,1.54024
0.420008,-0.0217321,0.0297279;1.70189,1.38091,1.42965
0.424584,-0.0280674,0.0307954;1.96878,1.42999,1.17081
0.430463,-0.0308272,0.0394379;2.23322,1.26573,0.91333
0.441121,-0.0343141,0.0417854;2.01496,1.13631,1.1243
0.443626,-0.0353043,0.0416003;1.87854,1.02453,1.25393
0.441879,-0.0307809,0.028995;1.56509,1.15629,1.55806
0.443617,-0.0327239,0.0291366;1.62251,1.23073,1.51242
0.446528,-0.0375125,0.0293009;1.67528,1.31,1.46157
0.444023,-0.0385623,0.0373894;1.94622,1.18632,1.19108
0.446834,-0.0420075,0.0407132;1.79445,1.04885,1.31261
0.461185,-0.0484932,0.0424185;1.7197,0.943199,1.39292
0.477402,-0.0532401,0.0289095;1.56801,1.12258,1.55868
0.481302,-0.0542511,0.0289951;1.5869,1.24211,1.54045
0.482453,-0.0565482,0.0291812;1.64357,1.30999,1.49023
0.483679,-0.0607531,0.0352523;2.0099,1.25356,1.14379
0.483316,-0.0616124,0.0402293;1.87756,1.10075,1.24563
0.488349,-0.0661738,0.0419943;1.73198,0.929907,1.38155
0.48325,-0.0631788,0.0295453;1.55202,0.961612,1.56667
0.488969,-0.0614325,0.0288701;1.57059,1.08091,1.5574
0.491715,-0.065198,0.029222;1.63024,1.19807,1.50613
0.494825,-0.072361,0.0310393;1.75797,1.24729,1.39046
0.492019,-0.06963,0.0370779;1.92297,1.11337,1.23868
0.494333,-0.0714146,0.0425478;1.87049,0.944317,1.27609
0.48958,-0.0710821,0.0390965;1.73998,0.845703,1.38125
0.483975,-0.0636813,0.0291086;1.56033,0.897125,1.56003
0.488403,-0.0648121,0.0290397;1.59272,1.00411,1.54213
0.492527,-0.0753518,0.0292951;1.64385,1.15092,1.49854
0.492637,-0.0755559,0.0328047;1.76639,1.11378,1.38782
0.493827,-0.0781023,0.0389018;1.86194,0.99839,1.29907
0.495509,-0.079517,0.0428945;1.84678,0.769086,1.31237
0.492087,-0.0743435,0.0348446;1.66634,0.798772,1.4588
0.491392,-0.0713066,0.0288513;1.57298,0.847394,1.55758
0.494087,-0.0799198,0.0292417;1.62181,1.05361,1.5194
0.493266,-0.0803761,0.0317861;1.71272,1.02606,1.44544
0.48885,-0.0768986,0.0375328;1.7659,0.90045,1.38003
0.506372,-0.0947483,0.0442511;1.86365,0.707027,1.31118
0.506773,-0.0962379,0.03766;1.74771,0.780812,1.40501
0.506482,-0.0933526,0.0290349;1.56528,0.850211,1.55647
0.508299,-0.0972456,0.0290428;1.60339,0.984479,1.53926
0.508491,-0.100347,0.0293772;1.62956,1.00798,1.51566
0.505171,-0.096943,0.0338751;1.68961,0.918823,1.44738
0.506911,-0.109792,0.044733;1.69268,0.655964,1.42343
0.513521,-0.112496,0.0438471;1.80481,0.683387,1.34592
0.52049,-0.111687,0.0334834;1.63915,0.78645,1.48319
0.524217,-0.114757,0.0286827;1.57157,0.987694,1.56578
0.524177,-0.115401,0.0290288;1.60234,0.980275,1.54037
0.523616,-0.115009,0.0300218;1.62739,0.958943,1.5157
0.513884,-0.115306,0.0408155;1.62009,0.66352,1.47533
0.516085,-0.121004,0.0454305;1.79617,0.628452,1.34839
0.514607,-0.115653,0.0410331;1.75293,0.638277,1.39067
0.517576,-0.10887,0.0289978;1.5914,0.827668,1.5494
0.518389,-0.113535,0.0291172;1.60753,0.911539,1.53811
0.518392,-0.1156,0.0293115;1.61486,0.941175,1.53024
0.518392,-0.1156,0.0293115;1.61486,0.941175,1.53024
0.517031,-0.113902,0.0336638;1.69846,0.86447,1.4574
0.517031,-0.113902,0.0336638;1.69846,0.86447,1.4574
