0,0,0.11;-1.57,-2.98023e-08,-1.57
0,0,0.11;-1.57,-2.98023e-08,-1.57
0,0,0.11;-1.57,-2.98023e-08,-1.57
-0.000674453,9.90745e-05,0.0286071;-1.57128,-0.261926,-1.56948
-8.409e-05,0.000654575,0.0285971;-1.56995,-0.217841,-1.57028
0.0012684,0.00185186,0.0289032;-1.55511,-0.120446,-1.56862
-0.00270695,0.0121754,0.0339618;-1.54815,0.0784513,-1.515
-0.00270943,0.0160374,0.0314013;-1.57436,-0.0584392,-1.5266
-0.00187764,0.00918298,0.0288797;-1.56359,-0.157961,-1.56241
-0.00329,0.00712771,0.0288034;-1.55964,-0.232714,-1.56815
-0.0035236,0.00715122,0.0285824;-1.5708,-0.226722,-1.57094
-0.00273649,0.00573625,0.0288192;-1.56724,-0.17829,-1.5788
0.00182361,-0.000844926,0.0297636;-1.55053,-0.0772214,-1.5853
-0.00042724,0.00139981,0.0304374;-1.5261,-0.114946,-1.55902
-0.00131569,0.00098889,0.0299123;-1.56337,-0.203953,-1.55846
-0.00283248,0.00382252,0.0315232;-1.59916,-0.279311,-1.55313
-0.000756435,-0.000875309,0.0317328;-1.63787,-0.32958,-1.59967
-0.0019622,-0.00919386,0.0333172;-1.60244,-0.259944,-1.63336
-0.00419458,-0.0169928,0.0356721;-1.59692,-0.180899,-1.66201
-0.00548513,-0.0205391,0.0342367;-1.58037,-0.144881,-1.64516
-0.00424914,-0.0180109,0.0311122;-1.5837,-0.204785,-1.60658
-0.00148153,-0.0125641,0.030372;-1.61796,-0.272057,-1.58504
-0.00238975,-0.0160072,0.0342134;-1.67939,-0.275621,-1.58905
-0.00613263,-0.0139722,0.0351336;-1.69048,-0.220439,-1.58097
-0.00969867,-0.0136885,0.0346923;-1.68041,-0.144836,-1.58908
-0.0111037,-0.0204717,0.0324176;-1.61021,-0.0904788,-1.6084
-0.0114197,-0.0206379,0.0290283;-1.57875,-0.130931,-1.58577
-0.0105653,-0.0194093,0.0287369;-1.56517,-0.146005,-1.57185
-0.00896944,-0.018817,0.028647;-1.57044,-0.0737837,-1.56784
-0.00959576,-0.0184668,0.0288948;-1.58834,-0.0403437,-1.56774
-0.00973846,-0.0157207,0.028913;-1.56149,0.144877,-1.56656
-0.00929666,-0.0129131,0.029058;-1.5555,0.264428,-1.57481
-0.0103942,-0.0118276,0.029872;-1.54243,0.256529,-1.57276
-0.0160824,-0.0129295,0.0292063;-1.54184,0.0438656,-1.56872
-0.0170063,-0.0119211,0.0291366;-1.54499,0.0021928,-1.56816
-0.0168272,-0.0119702,0.028879;-1.55758,0.00442041,-1.57209
-0.0177718,-0.0170922,0.0295561;-1.57107,0.239965,-1.58559
-0.0170604,-0.024229,0.0307591;-1.56243,0.415971,-1.59999
-0.0163157,-0.0254589,0.0301572;-1.54307,0.502813,-1.59665
-0.0190445,-0.01446,0.0311044;-1.50965,0.392272,-1.58289
-0.020272,-0.0109764,0.0313735;-1.53927,0.350288,-1.54928
-0.0213708,-0.0101645,0.0330916;-1.54327,0.310229,-1.52403
-0.0252682,-0.0174576,0.0291696;-1.54429,0.33364,-1.57569
-0.0244682,-0.0190268,0.028784;-1.57069,0.431361,-1.5805
-0.0242598,-0.0218783,0.0292876;-1.57652,0.526543,-1.57771
-0.017989,-0.00143373,0.0316447;-1.56384,0.52203,-1.5379
-0.0114148,0.00852406,0.0326238;-1.56334,0.511883,-1.52226
-0.00919514,0.0154857,0.0349607;-1.5157,0.535044,-1.54253
-0.0168837,0.00821467,0.0369633;-1.52245,0.612871,-1.53364
-0.0190814,-0.00472268,0.0364825;-1.416,0.642233,-1.65869
-0.0181582,-0.0113843,0.0335782;-1.46741,0.66644,-1.65434
-0.0133174,0.000773128,0.030951;-1.62336,0.550868,-1.55468
-0.0107001,0.00490405,0.0320365;-1.65763,0.512356,-1.53223
-0.0102872,0.00450298,0.0300176;-1.61595,0.486747,-1.55243
-0.0148594,-0.00109116,0.0293413;-1.56165,0.558924,-1.58883
-0.0161353,-0.00476908,0.0303884;-1.57309,0.673964,-1.60038
-0.0206435,-0.0132567,0.03167;-1.56888,0.814951,-1.61926
-0.0190523,-0.00532697,0.0295479;-1.55998,0.711522,-1.59765
-0.0187221,-0.00186183,0.0289129;-1.56284,0.597689,-1.58448
-0.0180253,0.000941475,0.0285798;-1.57073,0.441849,-1.57088
-0.0189565,-0.00321262,0.029184;-1.57826,0.351323,-1.54871
-0.0177184,-0.00370963,0.028897;-1.56222,0.403136,-1.5668
-0.0164655,-0.00588552,0.0292323;-1.54099,0.502869,-1.59014
-0.0157866,-0.00901507,0.0288775;-1.55896,0.619061,-1.58223
-0.0159436,-0.00722534,0.0286248;-1.57079,0.530831,-1.56868
-0.0164656,-0.00793031,0.0287189;-1.5708,0.465275,-1.56399
-0.021867,-0.0117455,0.0288048;-1.56884,0.244355,-1.56198
-0.0224149,-0.0122007,0.0289196;-1.57052,0.24198,-1.55471
-0.0229802,-0.0129351,0.0299085;-1.5646,0.2448,-1.55056
-0.0196007,-0.0178489,0.0289825;-1.5677,0.398573,-1.58842
-0.0200385,-0.0171006,0.0287537;-1.57069,0.3769,-1.57929
-0.0184843,-0.0160085,0.0287189;-1.57751,0.312797,-1.56758
-0.018537,-0.0159628,0.0290527;-1.59161,0.29524,-1.5597
-0.019908,-0.0172972,0.0295341;-1.6056,0.308412,-1.55949
-0.0245894,-0.022076,0.0316161;-1.6357,0.316197,-1.55542
-0.0275024,-0.0321777,0.0400732;-1.64645,0.524605,-1.5902
-0.0225785,-0.0318073,0.0354642;-1.61969,0.522737,-1.61386
-0.0182414,-0.0274044,0.0344828;-1.61348,0.475914,-1.61361
-0.0106045,-0.0213232,0.0313913;-1.59722,0.319653,-1.59486
-0.0145098,-0.0204206,0.0321964;-1.65139,0.368361,-1.54999
-0.0211347,-0.0241601,0.0331275;-1.65453,0.436551,-1.55564
-0.0325177,-0.0357477,0.0312305;-1.55827,0.572239,-1.61996
-0.0360606,-0.0347828,0.0289342;-1.57932,0.532352,-1.57584
-0.0347178,-0.031425,0.0298114;-1.61068,0.521814,-1.55124
-0.034301,-0.0313511,0.0285766;-1.57085,0.497571,-1.57089
-0.0342269,-0.0317095,0.0285625;-1.5714,0.557576,-1.57083
-0.0345381,-0.0317988,0.0286195;-1.5711,0.600541,-1.57269
-0.0351828,-0.0378649,0.0297861;-1.52722,0.777456,-1.60305
-0.0382342,-0.0370614,0.0314173;-1.4908,0.761413,-1.61807
-0.0417574,-0.0365381,0.0315202;-1.53508,0.708917,-1.56259
-0.0476132,-0.040367,0.028899;-1.57631,0.588399,-1.55685
-0.0475253,-0.0398391,0.0290261;-1.58318,0.606126,-1.5524
-0.0481745,-0.0405975,0.0286185;-1.57083,0.60424,-1.56883
-0.0546582,-0.0468578,0.0289708;-1.56315,0.805748,-1.58962
-0.0562556,-0.0511204,0.029807;-1.51973,0.869044,-1.61839
-0.0562352,-0.0505729,0.031307;-1.4718,0.879683,-1.64827
-0.0590017,-0.0444309,0.0340654;-1.45119,0.796049,-1.6265
-0.0659479,-0.0429522,0.0355642;-1.45383,0.668353,-1.6043
-0.068981,-0.0444436,0.0352034;-1.43107,0.671301,-1.63699
-0.0704992,-0.0441548,0.0353946;-1.47001,0.785001,-1.60553
-0.0697289,-0.0538853,0.0386973;-1.22551,1.06378,-1.85253
-0.061965,-0.0487505,0.0399661;-1.19117,1.09078,-1.87282
-0.0506728,-0.033495,0.0411892;-1.18521,1.07076,-1.86484
-0.0367122,-0.0168391,0.0326847;-1.60185,0.900885,-1.50807
-0.0414908,-0.0202537,0.0362853;-1.71178,0.860147,-1.42207
-0.0449993,-0.0214825,0.0405125;-1.87885,0.861174,-1.30592
-0.059791,-0.0402175,0.0486898;-1.62711,1.16962,-1.49033
-0.071471,-0.0534785,0.0370406;-1.25219,1.10175,-1.83322
-0.0747911,-0.0489114,0.0359035;-1.31574,0.995576,-1.7738
-0.0488301,-0.0318742,0.037778;-1.31694,0.821187,-1.7614
-0.0440771,-0.036078,0.036404;-1.35319,0.78178,-1.73252
-0.0479018,-0.0478915,0.0323243;-1.49368,0.781877,-1.64169
-0.0786209,-0.0942773,0.0395961;-1.43459,0.814643,-1.6672
-0.0889038,-0.111955,0.0397706;-1.32469,0.781849,-1.72924
-0.0838451,-0.105067,0.0421884;-1.31098,0.766126,-1.71935
-0.0598362,-0.0615008,0.0420767;-1.26944,0.838205,-1.77085
-0.0471143,-0.0523978,0.040808;-1.28279,0.815417,-1.76614
-0.043155,-0.0546905,0.0349706;-1.41227,0.82635,-1.67733
-0.0564564,-0.0733059,0.031721;-1.49249,0.973435,-1.64983
-0.0645297,-0.0791421,0.0307656;-1.51866,1.04671,-1.60734
-0.0680567,-0.0762277,0.0319864;-1.54062,1.03087,-1.55554
-0.0579504,-0.0577482,0.0360251;-1.57248,0.999153,-1.46455
-0.0509358,-0.0514142,0.0353442;-1.59336,0.985993,-1.45914
-0.0544879,-0.0552494,0.0353073;-1.57352,0.93921,-1.47248
-0.0618642,-0.0631504,0.0285662;-1.57199,1.00802,-1.56994
-0.0645854,-0.0641137,0.0302682;-1.63105,1.07582,-1.533
-0.0676902,-0.0623916,0.0307029;-1.66779,1.12067,-1.49222
-0.0621594,-0.0544666,0.036124;-1.81907,1.15151,-1.30204
-0.0640007,-0.0561328,0.0391391;-1.82183,1.12493,-1.26914
-0.0648359,-0.0581548,0.0407855;-1.8142,1.09111,-1.26001
-0.0688906,-0.0615733,0.0376915;-1.87374,1.05352,-1.27304
-0.0752338,-0.0681954,0.037729;-1.90468,1.0603,-1.29705
-0.0840056,-0.071071,0.0383293;-1.87701,1.14443,-1.34882
-0.0799936,-0.0680462,0.035494;-1.9144,1.13163,-1.25751
-0.0787912,-0.0648413,0.0358187;-1.92173,1.1646,-1.23605
-0.0790924,-0.0627207,0.0372669;-1.93634,1.16851,-1.20535
-0.0876915,-0.0643275,0.0420954;-2.04148,1.12103,-1.08653
-0.102717,-0.072246,0.0437793;-2.116,1.19406,-1.04986
-0.132068,-0.0914734,0.0432808;-1.84879,1.2616,-1.34268
-0.142019,-0.0943957,0.0304147;-1.57494,1.19057,-1.59791
-0.135687,-0.0897009,0.0290025;-1.62081,1.18002,-1.52593
-0.131739,-0.0843721,0.0291662;-1.61017,1.19519,-1.52473
-0.141698,-0.0797697,0.0337382;-1.65487,1.21242,-1.42551
-0.163819,-0.0828982,0.0366116;-1.65196,1.25057,-1.39595
-0.182636,-0.0961884,0.037145;-1.4186,1.30242,-1.62791
-0.188953,-0.102308,0.0330425;-1.57983,1.21542,-1.50387
-0.187172,-0.101464,0.0298774;-1.5744,1.18471,-1.54283
-0.187273,-0.100909,0.0290805;-1.53483,1.18744,-1.5935
-0.189991,-0.101278,0.0293519;-1.57164,1.17393,-1.54904
-0.200488,-0.104491,0.0311678;-1.56848,1.14117,-1.5348
-0.220046,-0.113813,0.0344326;-1.49942,1.14961,-1.58117
-0.238403,-0.118582,0.0356453;-1.5244,1.13143,-1.54013
-0.230962,-0.114532,0.034954;-1.70756,1.10054,-1.39778
-0.228196,-0.113387,0.0338907;-1.68022,1.11808,-1.42803
-0.22903,-0.113642,0.0290424;-1.56042,1.07856,-1.59713
-0.234147,-0.116639,0.0319222;-1.57254,1.10335,-1.61255
-0.243081,-0.124768,0.0356417;-1.60824,1.14186,-1.59648
-0.273061,-0.143424,0.042156;-1.43677,1.10123,-1.7036
-0.275897,-0.14052,0.0448683;-1.50772,1.03472,-1.62449
-0.262491,-0.13063,0.0451794;-1.7221,1.01931,-1.45027
-0.234231,-0.115492,0.0373623;-1.83331,1.04462,-1.37404
-0.236406,-0.116509,0.0369846;-1.8089,1.05292,-1.39711
-0.246119,-0.126387,0.036964;-1.68681,1.06226,-1.53161
-0.28041,-0.151986,0.0349034;-1.45577,0.973187,-1.70967
-0.277357,-0.143461,0.0348293;-1.42078,0.95721,-1.6968
-0.266779,-0.13186,0.0367632;-1.41788,0.932268,-1.66279
-0.253456,-0.128708,0.0305414;-1.50597,1.03652,-1.64007
-0.252701,-0.127981,0.0307699;-1.49246,1.03034,-1.65237
-0.25328,-0.128394,0.0336256;-1.40407,1.03537,-1.72866
-0.253727,-0.128834,0.0371597;-1.31991,1.04059,-1.81951
-0.249195,-0.124146,0.036893;-1.29808,1.0008,-1.81335
-0.238688,-0.120514,0.0382961;-1.26163,1.03108,-1.82203
-0.211676,-0.126842,0.0414349;-1.48976,1.16114,-1.53992
-0.194134,-0.134407,0.0402357;-1.78447,1.19549,-1.27136
-0.186905,-0.135776,0.0394764;-1.88119,1.20927,-1.19875
-0.194343,-0.128696,0.0441296;-1.97523,1.35003,-1.13239
-0.20173,-0.125205,0.0492504;-1.8109,1.31402,-1.29047
-0.195817,-0.123123,0.0450985;-1.85903,1.23294,-1.21608
-0.183915,-0.142265,0.0440257;-1.86489,1.06846,-1.20332
-0.185877,-0.149778,0.0414004;-1.83123,1.0316,-1.26505
-0.189999,-0.15401,0.0368279;-1.83947,1.02972,-1.31583
-0.189999,-0.15401,0.0368279;-1.83947,1.02972,-1.31583
-0.190744,-0.152846,0.0381119;-1.95098,1.09998,-1.22611
-0.190744,-0.152846,0.0381119;-1.95098,1.09998,-1.22611
