0,0,0.11;-1.57,-2.98023e-08,-1.57
0,0,0.11;-1.57,-2.98023e-08,-1.57
0,0,0.11;-1.57,-2.98023e-08,-1.57
-0.000768328,-0.00113267,0.0286058;-1.57083,-0.268154,-1.5694
-0.000171358,-7.81685e-05,0.0285798;-1.57073,-0.193088,-1.57089
-0.000315256,0.00531483,0.0289869;-1.57348,-0.0582749,-1.56896
-0.00177225,0.0107137,0.0327927;-1.64602,0.0508934,-1.57466
0.00319176,0.00601859,0.0285792;-1.57067,-0.137393,-1.57085
0.00356389,0.00530478,0.0286168;-1.57083,-0.209344,-1.56906
0.00369206,0.00474974,0.02858;-1.57077,-0.244369,-1.57079
0.00392988,0.00499271,0.0285805;-1.57079,-0.169239,-1.57057
0.00316687,0.00719808,0.0290063;-1.58007,-0.0575795,-1.57171
-0.000599652,0.017609,0.0350064;-1.67018,0.104356,-1.55715
-0.000842532,0.0088496,0.0295972;-1.59434,0.103925,-1.57175
0.000300776,0.00709543,0.0285872;-1.57122,0.0260909,-1.57152
0.000355642,0.00716984,0.0286086;-1.57194,-0.0364328,-1.57018
3.93786e-06,0.00735298,0.0285821;-1.57096,0.00188518,-1.57086
-0.000243484,0.010428,0.0289091;-1.58169,0.0801237,-1.57483
0.00190472,0.0263781,0.0332598;-1.65228,0.189062,-1.55953
0.00154605,0.0307851,0.034989;-1.68928,0.242338,-1.55486
0.00324642,0.0255811,0.0322375;-1.64287,0.183352,-1.56649
0.00309202,0.0203243,0.0288647;-1.57035,0.132652,-1.58486
-0.000120493,0.0178819,0.0290009;-1.58033,0.219815,-1.5795
-0.00459929,0.0129502,0.0299915;-1.56889,0.326633,-1.60128
0.00267415,0.0209276,0.032357;-1.61136,0.446701,-1.58131
0.0097902,0.0319757,0.0367016;-1.75125,0.508796,-1.49277
0.00951455,0.0287847,0.0328722;-1.66033,0.452157,-1.54283
0.00987378,0.0260884,0.0290345;-1.58998,0.286419,-1.56906
0.0104473,0.0267004,0.028889;-1.58456,0.278049,-1.56878
0.00883512,0.0257466,0.0288867;-1.57221,0.342447,-1.5835
0.0211974,0.039373,0.0331539;-1.67479,0.57156,-1.52425
0.0214591,0.044614,0.0377339;-1.78857,0.643513,-1.45305
0.0172256,0.0409535,0.0364024;-1.75925,0.661345,-1.46606
0.00387184,0.0257064,0.0285798;-1.5712,0.596021,-1.5701
0.00405463,0.0252296,0.0287293;-1.57581,0.556637,-1.56517
0.00467398,0.0262415,0.0286379;-1.57106,0.592762,-1.56772
0.0138018,0.0314694,0.0293529;-1.56578,0.684733,-1.579
0.0311934,0.0464503,0.0331054;-1.68539,0.794976,-1.49291
0.0333217,0.0489124,0.0366135;-1.78981,0.795003,-1.42396
0.0146538,0.0329278,0.0285797;-1.57082,0.791967,-1.57123
0.0143105,0.0329311,0.0288151;-1.58388,0.809458,-1.5592
0.0147137,0.0333282,0.0287841;-1.5801,0.816296,-1.56058
0.0179929,0.0351315,0.0288034;-1.56167,0.835877,-1.58162
0.0377264,0.0481656,0.0300515;-1.56031,0.867735,-1.58471
0.0629303,0.066919,0.0360585;-1.79716,0.884533,-1.40533
0.0514423,0.057021,0.0290116;-1.58861,0.811409,-1.56629
0.048834,0.0558419,0.028935;-1.5802,0.794455,-1.5744
0.0483187,0.0562547,0.0291156;-1.59812,0.795365,-1.55584
0.0486486,0.0563915,0.0289017;-1.56249,0.841386,-1.58706
0.0592899,0.0621108,0.0318208;-1.54001,0.88939,-1.62631
0.0859241,0.0810423,0.0355032;-1.79235,0.93139,-1.40097
0.0880904,0.0738888,0.0287992;-1.56982,0.737904,-1.58155
0.0875091,0.0745419,0.0287797;-1.57058,0.655082,-1.58049
0.0889528,0.0744738,0.0287491;-1.58066,0.602757,-1.56531
0.0903737,0.0746383,0.0292817;-1.57409,0.667208,-1.58895
0.100806,0.0818943,0.0321047;-1.58934,0.731028,-1.58455
0.114562,0.102644,0.0372339;-1.72069,0.803304,-1.49445
0.127477,0.112699,0.0323538;-1.64465,0.606324,-1.54656
0.123517,0.108493,0.0291808;-1.57078,0.545507,-1.5891
0.120608,0.10746,0.0288706;-1.57724,0.566228,-1.5757
0.124594,0.109206,0.0290237;-1.57179,0.566003,-1.59035
0.135548,0.118534,0.0302192;-1.57035,0.572444,-1.59046
0.150541,0.139865,0.0339024;-1.67316,0.657968,-1.52079
0.15796,0.147728,0.0324407;-1.65374,0.56813,-1.52918
0.157786,0.14208,0.0286766;-1.5722,0.490356,-1.5735
0.157676,0.141927,0.0285831;-1.57088,0.443766,-1.57102
0.157509,0.141944,0.02858;-1.57077,0.491717,-1.57077
0.158266,0.143264,0.0285886;-1.57167,0.572032,-1.56969
0.164151,0.145448,0.029343;-1.57371,0.723807,-1.5691
0.17712,0.160164,0.0323175;-1.64622,0.747631,-1.52171
0.180841,0.163021,0.0302535;-1.60454,0.641612,-1.55054
0.182325,0.162536,0.0285949;-1.57087,0.521954,-1.57196
0.181879,0.162835,0.0286485;-1.57133,0.506311,-1.56728
0.182817,0.164293,0.0285728;-1.57025,0.597861,-1.5713
0.185497,0.164798,0.0286806;-1.57356,0.711726,-1.57186
0.204044,0.186998,0.0338989;-1.69584,0.86645,-1.48308
0.211712,0.193035,0.0340926;-1.70513,0.757377,-1.48363
0.211145,0.186973,0.0286614;-1.56787,0.637817,-1.57803
0.209929,0.187619,0.0286442;-1.56855,0.528161,-1.57076
0.210963,0.188464,0.0285802;-1.57101,0.66851,-1.57034
0.210869,0.187758,0.0289397;-1.57467,0.751869,-1.58269
0.223941,0.19523,0.0370321;-1.81483,1.08763,-1.3866
0.226214,0.195367,0.0367323;-1.82631,1.03408,-1.37551
0.220893,0.188468,0.0295132;-1.60218,0.915111,-1.5542
0.222317,0.190443,0.0286291;-1.57251,0.669652,-1.571
0.222496,0.190262,0.0288499;-1.57061,0.701979,-1.58374
0.224357,0.189723,0.0299199;-1.56344,0.753162,-1.60151
0.24588,0.207358,0.0408487;-1.89473,1.01206,-1.34798
0.244195,0.205437,0.0421392;-1.9175,0.961466,-1.33017
0.230077,0.195328,0.0347664;-1.69161,0.921724,-1.50858
0.214644,0.186868,0.0287652;-1.57215,0.920555,-1.57759
0.216462,0.18722,0.0291797;-1.57002,0.940574,-1.58939
0.220088,0.188621,0.0302341;-1.55363,0.938778,-1.6146
0.249198,0.203255,0.0371129;-1.84474,1.12977,-1.35816
0.25253,0.204483,0.0392075;-1.95803,1.0964,-1.25315
0.242646,0.198215,0.0334725;-1.7185,1.12425,-1.46282
0.235652,0.196287,0.0286418;-1.5757,0.925851,-1.56711
0.236634,0.196954,0.028664;-1.57245,0.999343,-1.56515
0.237175,0.197043,0.0285783;-1.5711,1.05554,-1.57061
0.238747,0.195765,0.02898;-1.56635,1.14917,-1.58058
0.267002,0.20409,0.0370675;-2.12771,1.29494,-1.05404
0.263844,0.201719,0.0349278;-1.9502,1.24948,-1.21975
0.255823,0.198901,0.0287592;-1.56707,1.19338,-1.58271
0.25772,0.199649,0.0286349;-1.5712,1.05553,-1.5678
0.259232,0.199845,0.0285743;-1.57144,1.11945,-1.57019
0.259802,0.199266,0.028644;-1.57004,1.16842,-1.57473
0.279704,0.206554,0.0367109;-2.35045,1.35746,-0.818923
0.278221,0.20549,0.0362847;-2.26961,1.34537,-0.895914
0.266427,0.198549,0.0286635;-1.57241,1.30857,-1.5734
0.266761,0.197723,0.0286316;-1.57367,1.17703,-1.56677
0.267797,0.198042,0.0285753;-1.57234,1.22373,-1.56958
0.268468,0.197818,0.0286444;-1.57039,1.23223,-1.57438
0.292911,0.203397,0.0345431;-2.17769,1.39336,-0.977322
0.292956,0.202469,0.0350286;-2.14879,1.35688,-1.0114
0.283123,0.196591,0.0288531;-1.60562,1.31808,-1.54138
0.28151,0.19703,0.0286646;-1.58221,1.31189,-1.56083
0.281414,0.197076,0.028802;-1.58894,1.35016,-1.55956
0.282637,0.196636,0.0291484;-1.54517,1.35313,-1.61593
0.339963,0.199063,0.0359676;-2.25363,1.34847,-0.912485
0.347561,0.198897,0.0369828;-2.27456,1.32055,-0.893466
0.34323,0.195751,0.0347421;-2.04507,1.3089,-1.11981
0.334428,0.195695,0.0293407;-1.66857,1.31793,-1.48346
0.331606,0.198941,0.0291617;-1.70351,1.39287,-1.44505
0.325344,0.202507,0.0293388;-1.69844,1.51446,-1.46196
0.330656,0.198873,0.0343049;1.707,1.35688,1.39959
0.35459,0.195102,0.0368267;2.14954,1.28872,0.994508
0.358387,0.191603,0.0356909;2.24322,1.34993,0.901399
0.348511,0.190403,0.0287763;1.57264,1.54363,1.55864
0.349106,0.189711,0.0286804;-2.07224,1.56081,-1.06949
0.349915,0.190041,0.0287462;1.81856,1.53913,1.32348
0.352845,0.187797,0.0291609;1.54609,1.39045,1.59011
0.368094,0.183,0.0305157;1.65106,1.30204,1.4924
0.384211,0.179855,0.0347263;1.98993,1.28857,1.15522
0.373046,0.178735,0.0285823;1.56301,1.42697,1.57492
0.372447,0.178882,0.0286797;1.59138,1.40798,1.55258
0.373318,0.179018,0.0286557;1.57542,1.36937,1.56972
0.37546,0.178433,0.0287108;1.56218,1.3152,1.57464
0.387144,0.173446,0.0304487;1.53355,1.27014,1.59347
0.418755,0.166964,0.0346084;1.82484,1.22284,1.31231
0.418264,0.160273,0.0285444;1.54894,1.43636,1.58653
0.416316,0.160776,0.028575;1.56798,1.43823,1.57353
0.416676,0.16099,0.028818;1.62815,1.42196,1.51697
0.418245,0.159854,0.028699;1.56033,1.27984,1.57806
0.427239,0.155082,0.0299421;1.52844,1.2256,1.60436
0.45655,0.14966,0.0327101;1.49783,1.20426,1.63449
0.477371,0.141581,0.028662;1.53749,1.48141,1.59784
0.476921,0.1419,0.0286781;1.56526,1.50401,1.57139
0.47672,0.143229,0.0286124;1.57621,1.40649,1.56702
0.474096,0.144031,0.0292394;1.55484,1.10568,1.56521
0.476891,0.137273,0.0323726;1.5082,1.011,1.59233
0.5001,0.12679,0.037964;1.43733,0.961389,1.65937
0.516375,0.12093,0.0357795;1.77625,1.05864,1.35919
0.508147,0.125474,0.0290235;1.56245,1.14215,1.55932
0.508847,0.124898,0.0289006;1.59115,1.18342,1.54437
0.507534,0.124722,0.0291432;1.57445,1.14029,1.54786
0.504833,0.120456,0.0313373;1.5327,1.02108,1.56905
0.510524,0.110524,0.0330718;1.51096,0.875739,1.58847
0.527133,0.0999842,0.0355373;1.64024,0.941743,1.47501
0.527916,0.103093,0.0288927;1.56884,1.07552,1.55829
0.530707,0.104144,0.0287365;1.57067,1.1929,1.56305
0.531395,0.103467,0.0285753;1.57113,1.19607,1.57037
0.531299,0.102544,0.0285803;1.57118,1.14471,1.57028
0.532487,0.0956628,0.0293737;1.56028,1.01089,1.57706
0.540406,0.0814908,0.0317049;1.64872,0.913327,1.51042
0.537615,0.0800016,0.0298444;1.62582,1.03212,1.52297
0.536866,0.078596,0.0286172;1.57212,1.15982,1.56803
0.537291,0.0780401,0.028698;1.58195,1.19141,1.56258
0.538257,0.0781884,0.0285753;1.57135,1.1438,1.57035
0.538919,0.0775009,0.0286403;1.57476,1.06144,1.56612
0.549005,0.0632106,0.0324791;1.64208,0.807202,1.52983
0.544591,0.0613191,0.0307804;1.62599,0.898217,1.53187
0.539565,0.0620989,0.0286017;1.57305,1.03186,1.5688
0.538932,0.0618392,0.0286083;1.5711,1.14728,1.5719
0.540991,0.0615565,0.0285689;1.5702,1.07105,1.57143
0.541925,0.0613934,0.0285907;1.572,0.983476,1.57024
0.554784,0.0506245,0.033795;1.68595,0.727313,1.48792
0.552066,0.0486212,0.0329701;1.68322,0.755021,1.4909
0.544419,0.0502659,0.0285694;1.56982,0.847229,1.57106
0.543902,0.0509865,0.0285773;1.57231,0.947948,1.56849
0.544514,0.0510707,0.0285826;1.56637,0.878412,1.57076
0.542772,0.0510189,0.0289083;1.56848,0.788499,1.55753
0.542772,0.0510189,0.0289083;1.56848,0.788499,1.55753
0.540725,0.0467414,0.0314788;1.55649,0.632822,1.55098
0.540725,0.0467414,0.0314788;1.55649,0.632822,1.55098
