0,0,0.11;-1.57,-2.98023e-08,-1.57
0,0,0.11;-1.57,-2.98023e-08,-1.57
0,0,0.11;-1.57,-2.98023e-08,-1.57
-0.000130204,0.00105949,0.0285842;-1.57199,-0.263236,-1.57121
-0.000261131,0.000634144,0.0285815;-1.57104,-0.231518,-1.57105
-0.000502616,0.000885325,0.0289036;-1.57279,-0.137317,-1.57433
-0.00201225,0.0168235,0.0316598;-1.62319,-0.00347079,-1.57244
-0.000667265,0.0124717,0.0285797;-1.57069,-0.204379,-1.57065
-0.00170117,0.0118743,0.0285795;-1.57082,-0.309408,-1.57082
-0.0015698,0.0112841,0.0285863;-1.57083,-0.360335,-1.57051
-0.00187233,0.0109174,0.0285849;-1.57123,-0.31532,-1.57088
-0.002871,0.0139481,0.0291163;-1.57802,-0.204801,-1.57214
-0.00630507,0.0235294,0.0332499;-1.6233,-0.0833947,-1.54822
-0.00665226,0.0320731,0.029465;-1.59053,-0.0590347,-1.57382
-0.00547765,0.0324562,0.0287918;-1.5722,-0.122468,-1.5794
-0.00537884,0.0338522,0.0287056;-1.5725,-0.199345,-1.57629
-0.00476582,0.0358395,0.0287481;-1.57064,-0.2791,-1.57876
-0.00388449,0.0359955,0.0286208;-1.56956,-0.186206,-1.57147
-0.000919541,0.0454024,0.0304542;-1.57995,-0.0725789,-1.56094
-0.00414119,0.065831,0.0331757;-1.65948,0.135398,-1.56399
-0.00197404,0.0638377,0.0293414;-1.5901,0.0886032,-1.57125
-0.00193827,0.0617779,0.0285794;-1.57072,0.0193334,-1.57066
-0.00226783,0.0614793,0.0285793;-1.57074,-0.038498,-1.57092
-0.00200316,0.061103,0.0286011;-1.5707,0.00448067,-1.57189
6.54807e-05,0.0613276,0.0294932;-1.55416,0.0897245,-1.57853
0.00262555,0.0654133,0.0330625;-1.49876,0.213405,-1.58868
0.00475833,0.071153,0.0285778;-1.57071,0.302829,-1.57094
0.00406112,0.0704312,0.0285795;-1.57082,0.222079,-1.57069
0.00412069,0.0697101,0.0285827;-1.57092,0.169173,-1.57052
0.00397453,0.0694266,0.0285804;-1.57069,0.142397,-1.57076
0.0078641,0.0675088,0.0318685;-1.51754,0.292091,-1.59375
0.011359,0.069154,0.0378262;-1.40723,0.418995,-1.62895
0.0155989,0.0815227,0.0355922;-1.45459,0.515333,-1.60565
0.0172534,0.0883284,0.0285775;-1.57091,0.373924,-1.57049
0.0170161,0.0869579,0.0286056;-1.57088,0.306246,-1.56949
0.0169174,0.086643,0.0286397;-1.57087,0.282926,-1.56788
0.0174974,0.0869954,0.0290092;-1.55509,0.282954,-1.58145
0.021464,0.08996,0.0328269;-1.52183,0.335793,-1.61018
0.0294075,0.0987432,0.0342843;-1.48607,0.403884,-1.6214
0.0430745,0.120419,0.028578;-1.57063,0.428359,-1.57082
0.0425252,0.120247,0.0285873;-1.57093,0.368126,-1.57116
0.042669,0.120339,0.0285813;-1.57101,0.352417,-1.57097
0.0436363,0.12084,0.0286571;-1.5711,0.327642,-1.57443
0.052276,0.125898,0.0301976;-1.59029,0.370473,-1.56666
0.0644307,0.136359,0.0360021;-1.69368,0.464548,-1.49562
0.0758706,0.153164,0.0290497;-1.59842,0.609194,-1.55532
0.0746596,0.152105,0.028723;-1.57041,0.633226,-1.57812
0.0727842,0.150442,0.0288236;-1.57537,0.671957,-1.5759
0.0740995,0.150614,0.0290621;-1.57969,0.65642,-1.58114
0.0814494,0.152841,0.031252;-1.63538,0.650856,-1.53621
0.0869514,0.155276,0.0364417;-1.73977,0.657434,-1.45397
0.0907096,0.165146,0.0309007;-1.65281,0.813445,-1.51366
0.0862773,0.164634,0.0290285;-1.5836,0.878434,-1.57428
0.0792974,0.162674,0.0292182;-1.58577,0.961334,-1.57239
0.0730362,0.160223,0.0303361;-1.58628,0.995706,-1.58572
0.0734637,0.159992,0.0337094;-1.71364,0.985617,-1.47065
0.082843,0.162259,0.0378502;-1.89182,0.988779,-1.30112
0.0980371,0.164128,0.032999;-1.75795,1.03474,-1.41345
0.0944329,0.163847,0.0299376;-1.63349,1.07363,-1.52614
0.0900002,0.164067,0.0291646;-1.61162,1.12856,-1.54483
0.0767677,0.163828,0.0316879;-1.67904,1.21327,-1.49723
0.0754596,0.163522,0.0340111;-1.74836,1.21183,-1.44136
0.0822657,0.164758,0.0376949;-1.86127,1.18511,-1.33388
0.0988685,0.164525,0.0358045;-1.87463,1.06024,-1.30837
0.099148,0.16445,0.0338785;-1.80399,1.07084,-1.36851
0.0912708,0.165905,0.0296248;-1.61373,1.15991,-1.54757
0.0802363,0.166685,0.0297976;-1.6327,1.26007,-1.53013
0.0732441,0.167914,0.0320728;-1.71143,1.29663,-1.46565
0.0691948,0.168201,0.0362343;-1.82485,1.28632,-1.36371
0.0925846,0.17119,0.0390166;-1.93567,1.1881,-1.25253
0.115707,0.1725,0.0347042;-1.86369,1.15601,-1.29765
0.12727,0.172838,0.0304773;-1.69894,1.18118,-1.45372
0.122841,0.175036,0.0291295;-1.63101,1.25991,-1.52162
0.117374,0.177584,0.029633;-1.70573,1.32405,-1.44626
0.109774,0.179429,0.0322332;-1.84532,1.37211,-1.32004
0.124511,0.17951,0.0398871;-2.01781,1.30523,-1.1553
0.149923,0.178018,0.0357018;-2.03885,1.26381,-1.11187
0.158136,0.175725,0.0315419;-1.76837,1.24128,-1.38244
0.155457,0.176152,0.0287769;-1.58016,1.30674,-1.56852
0.15452,0.176722,0.0288076;-1.57602,1.32483,-1.57501
0.152153,0.17782,0.0298192;-1.73498,1.35939,-1.4142
0.153682,0.177029,0.0377715;-2.35586,1.34942,-0.784208
0.165295,0.173118,0.036141;-2.1783,1.33517,-0.965236
0.167794,0.170529,0.028889;-1.60512,1.32819,-1.54399
0.170585,0.171145,0.0288216;-1.55264,1.25713,-1.59396
0.170957,0.172043,0.0286028;-1.57056,1.21523,-1.5721
0.170038,0.172367,0.0287982;-1.60138,1.23919,-1.54153
0.161683,0.17379,0.0353233;-1.90731,1.23456,-1.23589
0.160276,0.172577,0.0330081;-1.76794,1.20364,-1.37257
0.159851,0.171811,0.0285714;-1.56971,1.19839,-1.57171
0.160893,0.171769,0.0290031;-1.51515,1.2007,-1.62275
0.160707,0.17192,0.0288345;-1.53678,1.20146,-1.60239
0.160799,0.171894,0.0286228;-1.57093,1.20481,-1.56859
0.141149,0.17145,0.0321955;-1.70305,1.19221,-1.43492
0.129798,0.172975,0.0302885;-1.63445,1.16624,-1.50777
0.127039,0.173884,0.0289063;-1.56336,1.18254,-1.5775
0.126559,0.173714,0.0285796;-1.57093,1.15647,-1.57064
0.126254,0.173452,0.0287496;-1.5503,1.1599,-1.58958
0.125879,0.173453,0.0285754;-1.57121,1.1638,-1.57051
0.124553,0.173057,0.0286377;-1.57489,1.13977,-1.56414
0.11621,0.17249,0.0310119;-1.62377,1.17777,-1.51344
0.115606,0.171184,0.0289573;-1.57093,1.14001,-1.56809
0.115461,0.17122,0.0286472;-1.57094,1.12252,-1.56744
0.116428,0.171377,0.0285996;-1.57044,1.15557,-1.57021
0.116047,0.171512,0.0285845;-1.57028,1.13042,-1.5709
0.116193,0.171405,0.028647;-1.57093,1.14506,-1.56738
0.108319,0.168136,0.0312689;-1.61466,1.14169,-1.52011
0.104927,0.167678,0.0296719;-1.57673,1.0976,-1.55602
0.103649,0.166674,0.0286528;-1.57094,1.06912,-1.56718
0.103755,0.166618,0.0286082;-1.57058,1.06156,-1.56956
0.104093,0.166662,0.0285826;-1.57033,1.07606,-1.57107
0.104563,0.166455,0.0286359;-1.56687,1.09381,-1.57341
0.103971,0.165484,0.0307522;-1.55639,1.14043,-1.58124
0.105864,0.166079,0.0290917;-1.56614,1.07621,-1.57414
0.106309,0.166774,0.0286109;-1.57094,1.03951,-1.56917
0.106122,0.166869,0.0285789;-1.57062,1.0032,-1.57096
0.106209,0.166773,0.0286663;-1.56291,1.01466,-1.5775
0.106394,0.16684,0.0285806;-1.57103,1.01609,-1.57048
0.105977,0.166725,0.031024;-1.62859,1.01704,-1.51732
0.108578,0.166882,0.0317285;-1.65988,0.988889,-1.49024
0.110336,0.166354,0.0285875;-1.56855,0.970438,-1.57211
0.110339,0.166345,0.0288723;-1.55081,0.979393,-1.59016
0.110915,0.166705,0.0288408;-1.55142,0.962215,-1.58796
0.111647,0.16773,0.0285789;-1.57073,0.910455,-1.57112
0.114155,0.166248,0.0308267;-1.64023,0.859724,-1.51199
0.114584,0.168145,0.0349091;-1.74408,0.882899,-1.42511
0.115047,0.168589,0.0335533;-1.72078,0.894054,-1.44892
0.112277,0.167525,0.0287728;-1.57026,0.905282,-1.58057
0.111855,0.167003,0.0287717;-1.57009,0.919424,-1.58031
0.111394,0.166633,0.0287325;-1.57077,0.943684,-1.57812
0.114219,0.166098,0.0312279;-1.66172,0.887213,-1.50022
0.11427,0.165203,0.0358558;-1.76968,0.864564,-1.40575
0.11399,0.166325,0.0370152;-1.80302,0.878166,-1.37667
0.100477,0.169777,0.0294731;-1.62015,0.99758,-1.53413
0.0941221,0.168561,0.0289238;-1.58542,1.10253,-1.56747
0.0903187,0.167164,0.0288943;-1.58237,1.17423,-1.57049
0.0916325,0.167172,0.030843;-1.63116,1.13382,-1.53844
0.100278,0.167503,0.035623;-1.83042,1.04162,-1.34699
0.108916,0.164681,0.0390105;-1.91037,0.970782,-1.2759
0.10328,0.165622,0.0330539;-1.76019,1.04587,-1.40907
0.0888658,0.166133,0.0291113;-1.59191,1.18853,-1.56681
0.0836071,0.165788,0.0291043;-1.61431,1.25904,-1.54138
0.0827826,0.164936,0.0317509;-1.63573,1.2599,-1.54628
0.0897758,0.164808,0.0369938;-1.88348,1.20552,-1.30585
0.103636,0.162426,0.0401685;-2.03389,1.09359,-1.15647
0.1192,0.159431,0.0332956;-1.76836,1.04012,-1.40317
0.112118,0.16014,0.0298632;-1.61783,1.1147,-1.54556
0.102821,0.161333,0.0294081;-1.62066,1.21368,-1.53831
0.0880836,0.161552,0.0314266;-1.66158,1.35646,-1.51923
0.0896415,0.161576,0.0364263;-1.91036,1.28183,-1.28806
0.0978426,0.162275,0.0406004;-2.10782,1.17372,-1.10073
0.112814,0.159725,0.0336756;-1.77196,1.0349,-1.40568
0.110052,0.15983,0.0301923;-1.63375,1.05726,-1.52907
0.104882,0.160565,0.0293016;-1.61127,1.12186,-1.54548
0.089233,0.159934,0.0298455;-1.57685,1.28138,-1.59202
0.0849316,0.15854,0.032186;-1.69977,1.26824,-1.47754
0.086267,0.157814,0.0371564;-2.00575,1.16481,-1.17732
0.0961331,0.155963,0.0352302;-1.85553,1.06642,-1.3242
0.0999064,0.153933,0.0300288;-1.64704,1.01302,-1.50888
0.100127,0.153719,0.0290335;-1.58536,1.00048,-1.5722
0.0974161,0.153717,0.0289977;-1.58692,1.05604,-1.56865
0.0964717,0.153734,0.0293476;-1.63157,1.06326,-1.52318
0.0944092,0.153169,0.0328171;-1.74696,1.03917,-1.41993
0.090526,0.150052,0.0365414;-1.82027,0.967011,-1.35214
0.0935275,0.149194,0.0311187;-1.66093,0.935603,-1.49605
0.0949981,0.148468,0.0289391;-1.58209,0.899402,-1.57193
0.0938911,0.147938,0.0286986;-1.57074,0.94268,-1.57645
0.0927023,0.147552,0.0287005;-1.57291,0.997412,-1.57376
0.0910717,0.147584,0.0294245;-1.62407,1.01048,-1.52744
0.073415,0.140924,0.0373311;-1.81526,0.939512,-1.349
0.0727503,0.138796,0.0330638;-1.69474,0.924018,-1.45819
0.0740594,0.139545,0.0285752;-1.57046,0.932049,-1.57131
0.0743356,0.139383,0.0287062;-1.56049,0.938465,-1.57905
0.0746578,0.139357,0.0285854;-1.56987,0.962346,-1.57131
0.07465,0.139355,0.0286323;-1.57103,0.992222,-1.56789
0.0545142,0.130102,0.0364478;-1.79634,0.954981,-1.37299
0.0428888,0.124594,0.0334516;-1.6948,0.895654,-1.4647
0.0445063,0.124603,0.028568;-1.57025,0.904147,-1.57111
0.0449417,0.124604,0.0286697;-1.56348,0.947532,-1.57666
0.0449748,0.124451,0.0285682;-1.57047,0.964396,-1.57044
0.0448764,0.124427,0.0285796;-1.57092,0.980237,-1.57073
0.0448764,0.124427,0.0285796;-1.57092,0.980237,-1.57073
0.044038,0.123398,0.0290434;-1.57621,0.964884,-1.56806
0.044038,0.123398,0.0290434;-1.57621,0.964884,-1.56806
