0,0,0.11;-1.57,-2.98023e-08,-1.57
0,0,0.11;-1.57,-2.98023e-08,-1.57
0,0,0.11;-1.57,-2.98023e-08,-1.57
-0.000569009,-0.000342336,0.0286037;-1.57073,-0.261072,-1.56961
-0.000576054,-0.000428889,0.0286057;-1.57132,-0.179967,-1.57204
-0.000723442,-0.00264507,0.030242;-1.58551,0.00103226,-1.58696
0.000708844,-0.00391127,0.0370687;-1.68338,0.149973,-1.59015
0.00441502,-0.00533148,0.0307122;-1.62587,-0.0649849,-1.57882
0.00552066,-0.00392301,0.0292874;-1.59969,-0.1048,-1.57613
0.0049605,-0.00373116,0.028972;-1.58985,-0.0966331,-1.57313
0.0051582,-0.00418535,0.0286554;-1.56704,0.0951083,-1.57069
0.00775885,-0.00330346,0.0288607;-1.56585,0.257656,-1.56987
0.00920212,-0.00290596,0.0318826;-1.57939,0.4382,-1.58205
0.00967966,-0.00641043,0.0320776;-1.63744,0.363518,-1.5633
0.0108423,-0.00744618,0.0315825;-1.64545,0.271722,-1.55371
0.0117104,-0.0110867,0.0299806;-1.61425,0.22834,-1.56414
0.00741613,-0.00883227,0.0291728;-1.59407,0.280105,-1.55833
0.00598519,-0.00322715,0.0303049;-1.57455,0.418667,-1.54031
0.00374346,-9.21505e-05,0.0321695;-1.56516,0.577135,-1.53501
-0.0036895,-0.0178202,0.0399844;-1.38928,0.662724,-1.63784
-0.00808223,-0.0219512,0.0365635;-1.41495,0.58268,-1.62406
-0.0123037,-0.0217335,0.0294009;-1.57514,0.466729,-1.54878
-0.016097,-0.0271027,0.0291128;-1.58802,0.424665,-1.5661
-0.013869,-0.0265914,0.0294012;-1.5807,0.569662,-1.56107
-0.0118932,-0.0237939,0.0315188;-1.56619,0.717359,-1.56187
-0.0144539,-0.0272575,0.0356134;-1.53007,0.840368,-1.59356
-0.0173486,-0.0318647,0.0315205;-1.4872,0.799693,-1.62364
-0.0222047,-0.0335674,0.0286445;-1.57079,0.519516,-1.56766
-0.0225784,-0.0336669,0.028622;-1.5709,0.450792,-1.5731
-0.0229948,-0.0342881,0.0287741;-1.5707,0.509511,-1.57993
-0.0142446,-0.0318672,0.0330214;-1.56838,0.793389,-1.60072
-0.00833074,-0.0204777,0.041053;-1.84737,0.903313,-1.40724
-0.00602026,-0.0194322,0.0404519;-1.8169,0.877602,-1.43627
-0.010898,-0.0234748,0.0285773;-1.57071,0.648919,-1.571
-0.0118029,-0.0246267,0.0285802;-1.57082,0.561777,-1.57081
-0.0114775,-0.0243909,0.0286043;-1.5711,0.579194,-1.56932
-0.00429062,-0.0218386,0.0289388;-1.57264,0.801103,-1.57152
0.00314097,-0.0122314,0.0349715;-1.77117,0.963655,-1.42077
0.00454413,-0.00699373,0.0410464;-1.91938,1.02902,-1.31753
0.00379864,-0.010894,0.0323012;-1.68626,0.816986,-1.48202
-0.00198502,-0.0157244,0.0290326;-1.57074,0.691782,-1.56235
-0.00656957,-0.0170808,0.0292606;-1.54119,0.633818,-1.57734
0.00802181,-0.0117991,0.033115;-1.50473,0.844235,-1.57503
0.011741,-0.00740738,0.0341568;-1.5485,0.989757,-1.52573
0.00550577,-0.00895927,0.0420683;-1.57457,1.13773,-1.52487
-0.00859317,-0.0259903,0.0385814;-1.55865,0.960218,-1.54303
-0.011885,-0.0299092,0.0309531;-1.59597,0.832974,-1.51914
-0.0131927,-0.0312261,0.0302069;-1.56295,0.763226,-1.55123
0.000914697,-0.0233088,0.0325709;-1.55042,0.975491,-1.5339
0.00553151,-0.0198718,0.0338253;-1.52724,1.10852,-1.54591
0.000946652,-0.0184521,0.0368161;-1.45042,1.28698,-1.62022
-0.0172142,-0.0355813,0.0297633;-1.52428,1.28351,-1.60354
-0.0177016,-0.0364417,0.0289707;-1.61512,1.20896,-1.53257
-0.0156862,-0.0373324,0.0291626;-1.6284,1.1081,-1.52213
-0.0198224,-0.0342267,0.0315379;-1.75809,1.20679,-1.39725
-0.0233289,-0.0298408,0.0332909;-2.01656,1.37224,-1.14258
-0.0161195,-0.0250671,0.0327059;-2.62461,1.50268,-0.517922
-0.0172053,-0.0267332,0.0293238;-1.47846,1.54652,-1.66835
-0.0176931,-0.0259452,0.0288166;-1.59384,1.50218,-1.55815
-0.0156142,-0.0267443,0.0286233;-1.56581,1.39568,-1.57799
-0.0168932,-0.0264501,0.0289749;-1.61003,1.44987,-1.54759
-0.0192548,-0.0276979,0.0303492;-2.97109,1.56748,-0.197836
-0.0112919,-0.0308751,0.0344194;1.75709,1.40159,1.36152
0.00199145,-0.0270094,0.0398176;2.12798,1.25963,0.993251
-0.00470627,-0.0245959,0.0320684;1.94092,1.40173,1.21141
-0.0117656,-0.0229359,0.0290873;1.32448,1.53134,1.83157
-0.0155864,-0.0195026,0.0292975;-1.36141,1.48059,-1.76336
-0.00892763,-0.0229632,0.030859;0.276724,1.54003,2.88758
-0.00232419,-0.0262655,0.0350656;1.03001,1.43302,2.1475
-0.00343491,-0.0262444,0.0414662;1.10016,1.20615,2.08417
-0.010468,-0.0249794,0.0420413;0.92939,1.25149,2.24651
-0.0110808,-0.0230891,0.0347546;1.11138,1.37872,2.05627
-0.017593,-0.0167206,0.029301;-1.24832,1.50479,-1.8785
-0.0151409,-0.0191147,0.0299302;0.0241542,1.53614,3.12561
-0.00745625,-0.0240358,0.0325584;1.25631,1.44095,1.91361
0.00214613,-0.0250682,0.0401163;1.60211,1.178,1.56324
0.00474916,-0.030842,0.0446411;1.86323,1.25087,1.26459
0.00930307,-0.0376917,0.0400361;2.22034,1.30209,0.891823
0.0105917,-0.0403182,0.0316166;2.33708,1.49117,0.79085
0.0069145,-0.0382945,0.0290311;1.65504,1.47056,1.47404
0.00648941,-0.0371104,0.0288772;1.63676,1.41544,1.50169
0.0225391,-0.0331048,0.0332876;1.66769,1.12022,1.50695
0.0247092,-0.0345441,0.0333731;1.76194,1.10675,1.3859
0.0232208,-0.0366454,0.0329404;1.71593,1.14529,1.40979
0.0236863,-0.0443141,0.030878;1.73947,1.27784,1.39446
0.0220082,-0.0410578,0.0328058;1.82982,1.2017,1.32439
0.019821,-0.0370477,0.034273;1.83043,1.13777,1.32237
0.0333795,-0.0373582,0.0351237;1.72585,0.871733,1.4501
0.0378919,-0.0385034,0.0342587;1.71043,0.877008,1.46876
0.0386074,-0.038773,0.030745;1.62788,0.88129,1.52799
0.029652,-0.0377048,0.0291741;1.6218,1.03194,1.52345
0.0264987,-0.0350648,0.0290249;1.59475,1.02389,1.54093
0.0259455,-0.0344188,0.0296815;1.60946,0.987419,1.5367
0.0378016,-0.0433499,0.0411611;1.6875,0.713612,1.50067
0.0453368,-0.044854,0.0432491;1.79666,0.675175,1.42959
0.0509461,-0.0427648,0.0407489;1.80341,0.654948,1.43818
0.019646,-0.0120313,0.0365478;1.34951,0.817515,1.7528
0.0189504,-0.00304054,0.0337138;1.37965,0.962716,1.73791
0.0200326,-0.00638828,0.0341867;1.3847,0.923783,1.73529
0.0225794,-0.0137276,0.0376074;1.38033,0.815905,1.75278
0.0257955,-0.0172899,0.0422485;1.41396,0.566782,1.74594
0.024738,-0.0187776,0.0417739;1.40373,0.550805,1.73655
0.0243881,-0.021047,0.0362132;1.45244,0.551439,1.67264
0.0193561,-0.00574064,0.031568;1.4824,0.747317,1.63646
0.0192345,-0.00595045,0.0298262;1.52419,0.740297,1.60361
0.0205633,-0.0106019,0.0324246;1.50897,0.684012,1.63998
0.0257331,-0.0233041,0.0411559;1.41793,0.474231,1.71925
0.0233344,-0.0201587,0.0394491;1.47912,0.445918,1.679
0.0189827,-0.0154993,0.0340091;1.51357,0.351061,1.62878
0.0166872,-0.000287013,0.033204;1.45266,0.544895,1.63347
0.0197462,-0.000178412,0.0331215;1.44832,0.612851,1.64895
0.020448,0.000937376,0.0350025;1.41907,0.651941,1.67833
0.024201,-0.00961117,0.0415849;1.40884,0.446727,1.71437
0.0266534,-0.0109376,0.0430814;1.38175,0.412705,1.71204
0.0327424,-0.0168194,0.0433761;1.43337,0.380858,1.65894
0.02892,-0.00486481,0.0353316;1.42195,0.486142,1.6381
0.029557,-0.00147436,0.0370179;1.38014,0.521834,1.66442
0.0306617,-0.00159094,0.0361925;1.38981,0.539158,1.66618
0.0393017,-0.0147921,0.040545;1.4174,0.412375,1.71125
0.040294,-0.0182431,0.0427722;1.39076,0.367525,1.72089
0.0430764,-0.0213699,0.043168;1.34857,0.362413,1.71841
0.0431536,-0.0335062,0.0447952;1.41986,0.492332,1.63769
0.039794,-0.0219045,0.0422637;1.30252,0.560463,1.67258
0.042422,-0.0190503,0.0432145;1.26898,0.574611,1.70714
0.0485581,-0.0277457,0.0397978;1.3821,0.608411,1.73808
0.0527087,-0.0356079,0.0425357;1.42129,0.491612,1.71805
0.055748,-0.0345425,0.0433253;1.48004,0.447477,1.67832
0.0619129,-0.0439696,0.0384225;1.64019,0.376889,1.56508
0.0513235,-0.0290762,0.0319192;1.51556,0.453529,1.60329
0.0498465,-0.0228344,0.0308512;1.5041,0.51087,1.60937
0.0487712,-0.0245399,0.0354538;1.46842,0.428667,1.64363
0.048126,-0.0237726,0.0410593;1.44837,0.301906,1.6457
0.046686,-0.0228259,0.047254;1.46461,0.231211,1.62782
0.0480464,-0.0372348,0.0445339;1.53626,0.283096,1.55654
0.041725,-0.034727,0.0399301;1.54988,0.343217,1.53781
0.0352749,-0.0217869,0.0357733;1.46286,0.38363,1.57739
0.0356159,-0.014574,0.0369188;1.38796,0.32921,1.63523
0.0346393,-0.0212389,0.0401277;1.37635,0.241283,1.65246
0.0349048,-0.0292906,0.0437366;1.36836,0.150469,1.67228
0.0308983,-0.0377393,0.0390525;1.40109,0.114418,1.62085
0.0290976,-0.039504,0.034731;1.44203,0.151479,1.59198
0.0334993,-0.0366048,0.0367355;1.4025,0.23755,1.61121
0.038301,-0.038406,0.0341445;1.45236,0.257874,1.60099
0.0375766,-0.0409497,0.0375636;1.38771,0.182885,1.61025
0.0370427,-0.0503827,0.0407228;1.38475,0.073724,1.63361
0.0356285,-0.0578427,0.0389155;1.41978,0.0191893,1.61517
0.0336894,-0.0598196,0.0337664;1.49376,0.0331382,1.60143
0.0330448,-0.0520533,0.0324066;1.48828,0.124191,1.59113
0.0371214,-0.04793,0.0357647;1.42139,0.187003,1.60467
0.037115,-0.0505775,0.0377394;1.38347,0.148649,1.60703
0.0353074,-0.0600998,0.0409036;1.38113,0.0416946,1.62778
0.0345851,-0.0704149,0.0427383;1.33525,0.0662677,1.62246
0.0300379,-0.082276,0.0402049;1.46111,0.045927,1.57183
0.022641,-0.0824242,0.0385681;1.56182,0.071208,1.52576
0.0232946,-0.0750462,0.0414741;1.39986,0.168902,1.54185
0.0228818,-0.0716152,0.0400208;1.37513,0.122967,1.57562
0.0193488,-0.0752073,0.04098;1.34166,0.0480223,1.59026
0.0201974,-0.0856592,0.045861;1.27635,-0.0491879,1.59754
0.0154689,-0.0901238,0.0446926;1.35054,-0.0586778,1.55384
0.0128055,-0.0998222,0.042484;1.4854,-0.0460079,1.53097
0.0150573,-0.0876952,0.0421489;1.42507,0.0845582,1.50473
0.0157876,-0.0823262,0.0435729;1.37267,0.0501996,1.51509
0.0168094,-0.0780597,0.0428989;1.30176,0.0255617,1.56197
0.017157,-0.103524,0.0426669;1.37027,-0.0324866,1.63219
0.013968,-0.109425,0.0402217;1.39868,-0.0187989,1.61134
0.0137827,-0.11664,0.0325106;1.5456,-0.113519,1.59484
0.0171622,-0.100678,0.0336754;1.48435,0.017628,1.56486
0.0170779,-0.0995161,0.0345173;1.45941,0.0035542,1.56856
0.0157741,-0.0993427,0.0366425;1.43366,-0.025426,1.58958
0.0106234,-0.112402,0.041461;1.40982,-0.184633,1.62018
0.00962463,-0.111984,0.0422239;1.3792,-0.193149,1.59912
0.00655353,-0.118445,0.0364281;1.48336,-0.247957,1.60216
0.0101039,-0.10492,0.033564;1.46465,-0.0910421,1.56757
0.0116558,-0.101595,0.0355452;1.42979,-0.0792671,1.56549
0.0118877,-0.102552,0.034939;1.43699,-0.0977843,1.56508
0.00555268,-0.118556,0.0414497;1.41682,-0.26556,1.60738
0.00678451,-0.118993,0.042432;1.41591,-0.27028,1.61721
0.00681839,-0.122974,0.0391345;1.4697,-0.288242,1.62265
0.00967394,-0.116404,0.0356839;1.44816,-0.234613,1.57136
0.00982889,-0.1085,0.0372813;1.39469,-0.204144,1.53373
0.00978425,-0.104136,0.0377646;1.38518,-0.250929,1.52392
0.00978425,-0.104136,0.0377646;1.38518,-0.250929,1.52392
0.00963696,-0.101907,0.039388;1.34517,-0.284711,1.50953
0.00963696,-0.101907,0.039388;1.34517,-0.284711,1.50953
