0,0,0.11;-1.57,-2.98023e-08,-1.57
0,0,0.11;-1.57,-2.98023e-08,-1.57
0,0,0.11;-1.57,-2.98023e-08,-1.57
-0.000171186,0.00199038,0.0286333;-1.57082,-0.26968,-1.57339
-0.000309762,0.00265524,0.028637;-1.57079,-0.289821,-1.57347
-0.000334448,0.00286275,0.0286265;-1.57079,-0.289444,-1.56859
-0.0047079,0.0180466,0.0353491;-1.67547,-0.11389,-1.55356
0.00110311,0.0261664,0.033539;-1.66776,-0.148467,-1.58218
0.00554468,0.0266174,0.0291344;-1.5924,-0.227529,-1.58179
0.00755041,0.0275531,0.0285571;-1.56965,-0.320505,-1.57068
0.00721679,0.0269406,0.0288841;-1.55501,-0.347558,-1.56492
0.00700651,0.0265495,0.029097;-1.55956,-0.353291,-1.55222
0.00639806,0.0269265,0.0303668;-1.55258,-0.339908,-1.53604
0.0038589,0.0341711,0.0370377;-1.63326,-0.248657,-1.50932
0.00523232,0.0373237,0.0373482;-1.64502,-0.26067,-1.51976
0.00700866,0.0377421,0.0347515;-1.64547,-0.282651,-1.5539
0.00817071,0.0301632,0.029408;-1.56209,-0.351651,-1.56047
0.00557212,0.022947,0.028917;-1.55287,-0.358468,-1.56559
0.00544099,0.0237691,0.0291305;-1.56697,-0.326068,-1.55536
0.00282347,0.0206417,0.032166;-1.53664,-0.294798,-1.52136
0.00352336,0.0231596,0.0321735;-1.54847,-0.263128,-1.52224
0.00567666,0.0307629,0.033812;-1.60519,-0.234621,-1.52927
0.00411893,0.0353012,0.0329136;-1.59709,-0.154346,-1.5275
0.00292076,0.0290258,0.0316322;-1.57395,-0.159377,-1.521
-0.000928801,0.0123714,0.0313996;-1.53859,-0.176418,-1.54429
-0.00398746,0.00323627,0.0330609;-1.47512,-0.189907,-1.54888
-0.00493545,0.00261183,0.031611;-1.49877,-0.205566,-1.55064
-0.00451257,-0.000628639,0.0318102;-1.53508,-0.217095,-1.59038
-0.00408458,-4.78402e-06,0.0311148;-1.55517,-0.205824,-1.58846
-0.00274198,-0.000562924,0.0323088;-1.5222,-0.165768,-1.57487
0.00168703,-0.0070948,0.0329684;-1.48049,-0.0645594,-1.57189
0.00250385,-0.00953303,0.0336476;-1.46376,-0.0394652,-1.56856
0.00153027,-0.00945711,0.0342609;-1.45169,-0.0413211,-1.56147
0.00412265,-0.00869066,0.033104;-1.47492,-0.0424023,-1.57351
0.00647131,-0.00816542,0.0328556;-1.48568,-0.0359445,-1.5798
0.00728037,-0.0083176,0.0354512;-1.44033,-0.0528703,-1.57575
0.00645546,-0.0140165,0.0384323;-1.378,-0.0541185,-1.564
0.00688635,-0.0167834,0.0392432;-1.35748,-0.0379808,-1.56626
0.00672051,-0.0150516,0.0373123;-1.38964,-0.0448153,-1.56082
0.00704679,-0.0122626,0.033902;-1.4652,-0.0788241,-1.5685
0.00810902,-0.00950967,0.0307565;-1.51933,-0.0908439,-1.57138
0.00867078,-0.00828389,0.0291081;-1.55213,-0.099272,-1.57549
0.00894849,-0.00761994,0.0291665;-1.54999,-0.0619967,-1.56103
0.00829606,-0.00478291,0.0314335;-1.5635,0.00825918,-1.52864
0.00562577,-0.003837,0.032723;-1.55731,0.12623,-1.51595
-0.00262602,-0.0100455,0.0311329;-1.51464,0.0181955,-1.555
-0.00670491,-0.0141053,0.0293163;-1.55015,-0.0793008,-1.56082
-0.00756637,-0.0146224,0.0289713;-1.55632,-0.128228,-1.56434
-0.00704233,-0.0148993,0.0301023;-1.52987,-0.115288,-1.5636
-0.00571462,-0.0125708,0.0323161;-1.48968,-0.0633206,-1.55693
-0.00464792,-0.00983238,0.0336299;-1.50421,-0.0158251,-1.53468
-0.00513774,-0.000311173,0.0382585;-1.57946,-0.037457,-1.4645
-0.00345922,0.00489146,0.0389056;-1.57721,-0.0421357,-1.45651
-0.00365427,0.00830504,0.0359189;-1.56581,-0.0333417,-1.47285
-0.00470234,0.00649129,0.0341407;-1.55476,-0.012408,-1.50165
-0.00825282,-0.00112803,0.036656;-1.60173,0.0334576,-1.49911
-0.0111769,-0.0117533,0.0398177;-1.65319,0.0828332,-1.4881
-0.0106049,-0.0166614,0.0455324;-1.66555,0.054281,-1.50998
-0.00686645,-0.0132621,0.0497585;-1.68167,0.0267947,-1.52207
-0.00586755,-0.00897171,0.0450005;-1.70233,0.0254351,-1.52502
-0.0145005,-0.000900602,0.035001;-1.671,0.127697,-1.53353
-0.0168733,-0.0017768,0.0338433;-1.6418,0.153465,-1.53172
-0.0190479,-0.00488195,0.0311937;-1.59473,0.166191,-1.54776
-0.0214311,-0.0126402,0.0366756;-1.68151,0.18388,-1.51537
-0.0200942,-0.0202493,0.0412028;-1.74637,0.151204,-1.49452
-0.0204974,-0.0226793,0.0396895;-1.7576,0.142263,-1.51468
-0.0194835,-0.0117871,0.0379968;-1.7435,0.275038,-1.54064
-0.0231692,-0.00616178,0.0363324;-1.703,0.360632,-1.53097
-0.0273704,-0.00292738,0.031678;-1.61707,0.450541,-1.56071
-0.0361062,-0.0145099,0.0298814;-1.56802,0.434141,-1.59531
-0.0376171,-0.0214178,0.0318071;-1.62301,0.349281,-1.56547
-0.0358377,-0.0237567,0.0362093;-1.70081,0.228507,-1.55022
-0.0367131,-0.0284916,0.0400278;-1.76985,0.224993,-1.52025
-0.0366308,-0.0286465,0.0450771;-1.74697,0.306751,-1.50538
-0.038075,-0.027963,0.04349;-1.67606,0.389457,-1.51448
-0.0383278,-0.0226403,0.0347137;-1.46847,0.557063,-1.58885
-0.0409835,-0.0225862,0.0343746;-1.44207,0.488647,-1.62825
-0.0428147,-0.0213472,0.0349738;-1.42724,0.431499,-1.63744
-0.0456438,-0.022991,0.032419;-1.49247,0.3314,-1.59598
-0.0461315,-0.0252695,0.0339018;-1.49278,0.31847,-1.57319
-0.0461191,-0.0269725,0.035828;-1.4948,0.311379,-1.54451
-0.0457479,-0.0315328,0.038222;-1.46545,0.350929,-1.54054
-0.0459727,-0.0350648,0.0382779;-1.42389,0.294522,-1.57399
-0.0479061,-0.0362025,0.0372817;-1.3882,0.263844,-1.61324
-0.0482774,-0.0319657,0.0359845;-1.41734,0.213545,-1.60408
-0.0482315,-0.0314452,0.0360281;-1.41708,0.201486,-1.60225
-0.0487943,-0.0310379,0.0366458;-1.40781,0.199339,-1.60173
-0.0458345,-0.0280752,0.0395542;-1.35489,0.255023,-1.61144
-0.0413168,-0.0240692,0.0414524;-1.33414,0.226327,-1.62446
-0.038575,-0.0215609,0.0426028;-1.32399,0.23425,-1.63589
-0.0428526,-0.0173363,0.0410349;-1.3345,0.144872,-1.62915
-0.0442481,-0.00945982,0.0376029;-1.40108,0.109532,-1.60192
-0.0438856,-0.0054505,0.0344061;-1.45446,0.0964081,-1.58346
-0.0443283,-0.00506023,0.037027;-1.39965,0.11244,-1.58273
-0.0442367,-0.00070545,0.0394756;-1.40475,0.171011,-1.55356
-0.0449099,0.0055974,0.0414254;-1.43483,0.217659,-1.51526
-0.0457167,0.00321537,0.0391754;-1.43037,0.160527,-1.53271
-0.0358442,0.00737848,0.0385546;-1.56513,0.103911,-1.52956
-0.032438,0.00451684,0.040362;-1.46277,0.16101,-1.59718
-0.0316169,-0.00416109,0.0428311;-1.33103,0.217151,-1.66233
-0.02921,-0.0082855,0.0446122;-1.28929,0.289276,-1.68206
-0.0262259,-0.00200972,0.0486214;-1.2968,0.298491,-1.67184
-0.0196426,0.00899101,0.056036;-1.41136,0.349162,-1.61595
0.00956361,0.0346567,0.0563362;-1.68929,0.312135,-1.52634
0.00842512,0.0321323,0.0585826;-1.68312,0.251095,-1.53104
0.00987973,0.0291296,0.0577842;-1.69676,0.241568,-1.52784
0.00502144,0.0203961,0.0572962;-1.60019,0.238501,-1.57374
-0.00342709,0.0156116,0.0565325;-1.51546,0.198826,-1.59747
-0.0161475,0.0104401,0.0562741;-1.41716,0.205637,-1.62599
-0.0423846,-0.00948086,0.0497459;-1.22763,0.213889,-1.71893
-0.040555,-0.014624,0.0488928;-1.23308,0.232298,-1.72195
-0.0408327,-0.016574,0.0478455;-1.2501,0.230234,-1.71504
-0.0433064,-0.0146791,0.0465375;-1.26683,0.22761,-1.68024
-0.0441448,-0.0101952,0.044321;-1.28855,0.200399,-1.64861
-0.0435532,-0.00654417,0.043363;-1.29111,0.171929,-1.62793
-0.0482478,-0.00379758,0.0481436;-1.27408,0.107763,-1.66637
-0.0499261,-0.00405167,0.0460307;-1.27579,0.139931,-1.65922
-0.0454283,-0.00543468,0.0436106;-1.27675,0.224649,-1.6362
-0.0389595,-0.0068893,0.0414275;-1.37115,0.34964,-1.58514
-0.0393587,-0.00332876,0.0405569;-1.41016,0.376151,-1.55762
-0.0402334,0.000587307,0.0401559;-1.43834,0.385898,-1.53786
-0.0413467,-0.00141483,0.0403781;-1.4084,0.341512,-1.56482
-0.0400481,0.00159971,0.0386573;-1.47904,0.337874,-1.52086
-0.0392178,0.00488187,0.0365467;-1.52853,0.344191,-1.50037
-0.0387422,0.00575636,0.0392843;-1.49177,0.328636,-1.49917
-0.0394307,0.00651468,0.0395144;-1.47049,0.367409,-1.51813
-0.0409439,0.00480088,0.0401391;-1.46964,0.377789,-1.51749
-0.0347299,0.00345746,0.0415564;-1.34826,0.350481,-1.61865
-0.0333971,0.00392607,0.0412721;-1.35519,0.342091,-1.61724
-0.0332605,0.00337553,0.0412047;-1.37585,0.345657,-1.60218
-0.0365374,-0.00267906,0.0413879;-1.41233,0.408513,-1.57141
-0.045783,-0.011589,0.0443045;-1.42383,0.451891,-1.53353
-0.0568486,-0.0145226,0.0449292;-1.45882,0.506116,-1.48941
-0.0573851,-0.00669389,0.0472091;-1.517,0.512554,-1.46697
-0.0540421,-0.0124908,0.0418095;-1.49764,0.533727,-1.50448
-0.0540322,-0.0177928,0.043359;-1.48933,0.505617,-1.51528
-0.0554411,-0.00639545,0.0425152;-1.56863,0.394495,-1.4575
-0.0541117,-0.0136261,0.0412835;-1.63892,0.407189,-1.42092
-0.0561734,-0.0203568,0.0411225;-1.61698,0.405166,-1.42513
-0.05938,-0.03299,0.0450219;-1.44747,0.233603,-1.45664
-0.0588677,-0.0364826,0.0486844;-1.33319,0.211128,-1.49855
-0.0564248,-0.0310053,0.0480855;-1.3172,0.223963,-1.52566
-0.0425545,-0.0164046,0.0482491;-1.46475,0.0482109,-1.55448
-0.0402194,-0.0179394,0.0506103;-1.46392,0.0464149,-1.55147
-0.0428561,-0.0287577,0.0492655;-1.33391,0.0938564,-1.54721
-0.0541271,-0.0419113,0.0496517;-1.21324,0.00937383,-1.50976
-0.0551786,-0.0424646,0.0499291;-1.18456,-0.0259021,-1.50924
-0.0545502,-0.0412037,0.0495511;-1.14775,-0.032895,-1.52999
-0.0499949,-0.0170552,0.0408723;-1.35595,-0.147694,-1.51524
-0.0480448,-0.000184664,0.035042;-1.5971,-0.130176,-1.49864
-0.0499099,-0.000250251,0.0346707;-1.61026,-0.103374,-1.51421
-0.0569667,-0.0209562,0.03895;-1.53803,0.00516453,-1.49213
-0.0591518,-0.0262517,0.0395387;-1.51294,-0.0633126,-1.45944
-0.0575387,-0.0216665,0.0377309;-1.58653,-0.146367,-1.44522
-0.0515377,-0.011451,0.0393193;-1.64157,-0.286951,-1.48997
-0.0500751,-0.019591,0.0368379;-1.60678,-0.326611,-1.49185
-0.0513493,-0.0293058,0.0353789;-1.54477,-0.305755,-1.48002
-0.0554812,-0.0369892,0.0355639;-1.54037,-0.165077,-1.48195
-0.056679,-0.0388879,0.0370595;-1.51925,-0.178676,-1.47703
-0.057463,-0.0422314,0.0397664;-1.46898,-0.194287,-1.46802
-0.0511402,-0.0488387,0.0450291;-1.43678,-0.247837,-1.49385
-0.0463145,-0.0403138,0.0465253;-1.45649,-0.252978,-1.51148
-0.0498604,-0.0333585,0.0463093;-1.52403,-0.228282,-1.50096
-0.0544766,-0.0517,0.0422679;-1.43086,-0.0660582,-1.46971
-0.055189,-0.0534208,0.0425402;-1.42658,-0.0817792,-1.4694
-0.055023,-0.0594647,0.0422529;-1.42862,-0.145261,-1.46139
-0.0534897,-0.05474,0.0465321;-1.53607,-0.135935,-1.51433
-0.0485563,-0.0404552,0.0490541;-1.62114,-0.157663,-1.56958
-0.0437849,-0.0341769,0.0494132;-1.61778,-0.069261,-1.58163
-0.0543915,-0.0444654,0.0460245;-1.50776,-0.126715,-1.54077
-0.0543472,-0.0497388,0.0371745;-1.42072,-0.163629,-1.52133
-0.0547153,-0.0469141,0.0378273;-1.41745,-0.165205,-1.51284
-0.0496034,-0.0488134,0.0367771;-1.41073,-0.20402,-1.54599
-0.0499836,-0.045772,0.0325301;-1.49471,-0.239347,-1.56058
-0.0504285,-0.0448105,0.0311916;-1.51671,-0.246785,-1.56277
-0.048824,-0.0457069,0.0364078;-1.41684,-0.17945,-1.54364
-0.0466736,-0.0472052,0.038462;-1.36932,-0.142503,-1.54029
-0.0474873,-0.0467811,0.0397089;-1.34222,-0.16743,-1.53145
-0.0475459,-0.0427695,0.041838;-1.36461,-0.238255,-1.56327
-0.0503731,-0.0383401,0.0398829;-1.4222,-0.277827,-1.58678
-0.050015,-0.0372277,0.0330424;-1.49714,-0.257863,-1.57369
-0.050015,-0.0372277,0.0330424;-1.49714,-0.257863,-1.57369
-0.049096,-0.0385105,0.0327387;-1.47463,-0.209872,-1.55393
-0.049096,-0.0385105,0.0327387;-1.47463,-0.209872,-1.55393
