0,0,0.11;-1.57,-2.98023e-08,-1.57
0,0,0.11;-1.57,-2.98023e-08,-1.57
0,0,0.11;-1.57,-2.98023e-08,-1.57
-0.000679324,-0.000468729,0.0286003;-1.57059,-0.243847,-1.56995
-0.000829663,-0.00173874,0.028689;-1.57124,-0.140934,-1.57595
-5.07488e-05,-0.00160424,0.0302179;-1.57842,0.00920717,-1.59369
0.0018446,0.00623666,0.0400357;-1.72782,0.121943,-1.60374
0.00389203,0.00688704,0.0289361;-1.57235,-0.0807862,-1.58604
0.00481073,0.00874374,0.0285796;-1.57085,-0.18272,-1.57094
0.00480367,0.00822888,0.0285809;-1.57097,-0.249383,-1.57073
0.00383954,0.00358269,0.0291727;-1.57232,-0.0364182,-1.59178
0.0104635,0.00237567,0.032698;-1.54262,0.129581,-1.61576
0.0166914,0.0127184,0.0387984;-1.5155,0.279609,-1.62167
0.0161175,0.0190799,0.0385444;-1.68441,0.218167,-1.60672
0.0139647,0.0127407,0.0295805;-1.55798,0.0975212,-1.60095
0.0143375,0.016292,0.0289751;-1.58449,-0.0229603,-1.57646
0.0144894,0.0152398,0.0290204;-1.57328,-0.0124088,-1.58903
0.0176655,0.0153564,0.031316;-1.5634,0.103306,-1.61063
0.0237848,0.0226895,0.0373246;-1.51287,0.263387,-1.621
0.0271389,0.0421895,0.0441419;-1.77329,0.294746,-1.59464
0.0288073,0.0444293,0.0409972;-1.749,0.199748,-1.58892
0.0327937,0.0446868,0.0290507;-1.56729,0.0734433,-1.59043
0.0333789,0.0469954,0.0286853;-1.57071,-0.0143284,-1.57584
0.0329474,0.0444524,0.0291995;-1.57401,0.0830416,-1.59182
0.0375035,0.0443011,0.0326131;-1.54997,0.237866,-1.61827
0.043861,0.0555486,0.037463;-1.62195,0.346905,-1.6057
0.0456288,0.0616988,0.0391651;-1.72757,0.317879,-1.56833
0.0467126,0.0600225,0.0289678;-1.58665,0.12898,-1.5719
0.0481375,0.0606152,0.0286831;-1.57744,0.0524598,-1.57045
0.0467625,0.058764,0.0288734;-1.57141,0.118651,-1.5839
0.0586464,0.05765,0.0352121;-1.48877,0.429754,-1.63557
0.0648928,0.0671336,0.0422193;-1.54917,0.510478,-1.62823
0.067251,0.0808761,0.044067;-1.78622,0.448392,-1.56001
0.0712215,0.0832621,0.0289497;-1.57617,0.232754,-1.58207
0.0740088,0.0856545,0.0285512;-1.56936,0.0931847,-1.57094
0.0738399,0.0856865,0.0286094;-1.57215,0.101446,-1.57071
0.07551,0.0800397,0.0317193;-1.55968,0.345736,-1.61404
0.0845509,0.0871972,0.0387069;-1.54652,0.532189,-1.62333
0.0911165,0.101016,0.0428802;-1.7857,0.558393,-1.53168
0.0991772,0.104412,0.0292862;-1.56963,0.35898,-1.5922
0.101187,0.107165,0.0288519;-1.57644,0.248899,-1.57684
0.10146,0.107073,0.028586;-1.57106,0.204356,-1.57038
0.100017,0.100122,0.0303838;-1.5667,0.406444,-1.60607
0.108335,0.100008,0.0349866;-1.49386,0.58744,-1.65027
0.115676,0.107951,0.0419425;-1.62283,0.727391,-1.5962
0.113132,0.108986,0.0326253;-1.61897,0.600838,-1.58063
0.112214,0.110291,0.0288969;-1.57712,0.473233,-1.57817
0.116068,0.110557,0.0286699;-1.5756,0.302219,-1.56967
0.113801,0.10536,0.029443;-1.57015,0.460809,-1.59371
0.119834,0.103528,0.0333539;-1.52131,0.607977,-1.63623
0.129054,0.110254,0.040188;-1.56405,0.733426,-1.62031
0.139814,0.1259,0.0354639;-1.68093,0.558026,-1.54758
0.141613,0.126886,0.0289046;-1.57479,0.454308,-1.58233
0.144309,0.128291,0.0285848;-1.5704,0.352607,-1.57176
0.140279,0.125156,0.0290451;-1.57689,0.480076,-1.58515
0.137783,0.12011,0.0318713;-1.55895,0.626411,-1.61548
0.141896,0.121472,0.0400949;-1.62041,0.801951,-1.57928
0.152434,0.132352,0.0378493;-1.72965,0.744248,-1.51238
0.14842,0.129749,0.0297566;-1.57001,0.719077,-1.59716
0.150563,0.132025,0.0290373;-1.58953,0.650063,-1.5667
0.148879,0.130535,0.0288492;-1.57049,0.706443,-1.58388
0.148715,0.123515,0.0308435;-1.5465,0.833811,-1.61444
0.152803,0.117096,0.0359808;-1.38882,0.958287,-1.73619
0.171946,0.124981,0.0364339;-1.60017,1.00766,-1.59909
0.175687,0.131228,0.035875;-1.70262,0.917809,-1.51359
0.177007,0.131931,0.0289121;-1.57508,0.846677,-1.58105
0.180535,0.132785,0.0285785;-1.57079,0.715993,-1.57079
0.179901,0.131098,0.0289079;-1.57121,0.785168,-1.58579
0.181195,0.126467,0.0321648;-1.52711,0.931379,-1.63684
0.196455,0.129665,0.0417251;-1.69811,1.14324,-1.51226
0.20534,0.138949,0.0412074;-1.92516,1.02915,-1.31911
0.208621,0.137465,0.0293414;-1.55284,0.931177,-1.61149
0.21177,0.139561,0.0285935;-1.57112,0.787375,-1.5697
0.210019,0.139271,0.0287999;-1.57053,0.875207,-1.58137
0.208967,0.136047,0.0301007;-1.5716,0.984684,-1.59797
0.224045,0.135986,0.0435016;-1.86824,1.28351,-1.34736
0.233772,0.141993,0.0458357;-2.26817,1.19798,-0.986539
0.229114,0.139359,0.0327986;-1.69273,1.18892,-1.48932
0.231772,0.139282,0.0286962;-1.57928,0.962757,-1.5624
0.229953,0.138905,0.0287046;-1.56753,1.00967,-1.58158
0.22729,0.13612,0.0290743;-1.57834,1.1182,-1.5808
0.234295,0.127335,0.0389704;-1.11668,1.38319,-2.03837
0.241612,0.132471,0.0442599;-1.93248,1.32229,-1.26332
0.248872,0.135879,0.0315303;-1.64249,1.21095,-1.5359
0.254866,0.137439,0.0285797;-1.57091,0.984901,-1.57012
0.254588,0.137449,0.0285784;-1.57081,1.02045,-1.57069
0.253424,0.136904,0.028675;-1.57058,1.08353,-1.57571
0.253017,0.133215,0.0386259;-1.40472,1.41616,-1.75805
0.265007,0.136653,0.0423084;-1.88179,1.37501,-1.30907
0.274307,0.138671,0.0346705;-1.85419,1.31535,-1.33563
0.277863,0.139169,0.0286132;-1.56724,1.18948,-1.57696
0.27669,0.13902,0.028557;-1.56897,1.25577,-1.5725
0.275165,0.138287,0.0286389;-1.565,1.32447,-1.57909
0.264296,0.125864,0.035284;0.46802,1.45533,2.6665
0.263625,0.121932,0.034321;0.729703,1.44786,2.39792
0.268315,0.121908,0.032794;1.14115,1.47146,1.96605
0.276317,0.126177,0.02878;-1.64831,1.49273,-1.49724
0.277392,0.124559,0.0287115;-1.59086,1.41395,-1.54779
0.277712,0.124235,0.0285773;-1.57408,1.51131,-1.56755
0.275125,0.120651,0.0294121;1.41371,1.49998,1.71336
0.283224,0.111103,0.0382984;1.51097,1.23309,1.59549
0.29174,0.112037,0.0377038;1.80703,1.29405,1.30381
0.295622,0.11279,0.0288876;1.56684,1.43751,1.56039
0.298995,0.112784,0.0286129;-1.57056,1.52154,-1.56936
0.300055,0.112663,0.0285555;1.55924,1.51745,1.58218
0.299414,0.111635,0.0286056;1.57326,1.40966,1.56501
0.298899,0.105379,0.0373941;1.52741,1.07556,1.58934
0.308059,0.102461,0.0397884;1.75003,1.10689,1.36763
0.311531,0.101883,0.0300756;1.57564,1.17582,1.53871
0.313749,0.0996971,0.0285917;1.57138,1.34535,1.57087
0.313948,0.10023,0.0285781;1.57122,1.28128,1.56984
0.31306,0.0996075,0.0286767;1.56368,1.18467,1.57523
0.30843,0.0924489,0.0353075;1.37156,0.921452,1.74298
0.309926,0.0876115,0.035574;1.37018,0.912531,1.73362
0.319713,0.0862509,0.0294374;1.57072,0.997464,1.54858
0.324995,0.0840904,0.0286034;1.57058,1.23217,1.57261
0.32506,0.0840989,0.0285789;1.57015,1.21061,1.57131
0.324242,0.0840413,0.0285783;1.57131,1.15891,1.57032
0.328183,0.0748825,0.0328377;1.47738,0.903427,1.64111
0.329103,0.0727567,0.0356043;1.57452,0.822089,1.55164
0.335147,0.0692488,0.0293412;1.5737,0.870254,1.55214
0.339232,0.067307,0.0285553;1.57308,1.0923,1.57009
0.339356,0.0672922,0.028596;1.57078,1.09041,1.57163
0.338949,0.0677065,0.0285798;1.57048,1.03033,1.57103
0.331446,0.0676069,0.0311111;1.51301,0.758982,1.61092
0.326774,0.0659964,0.0359609;1.41542,0.619443,1.67311
0.324651,0.0651726,0.0339645;1.45224,0.602482,1.63945
0.329792,0.0637818,0.0285724;1.57068,0.76158,1.57051
0.329218,0.0631219,0.0286038;1.57096,0.819868,1.57188
0.32931,0.0632565,0.028662;1.57485,0.804468,1.56894
0.326271,0.0629062,0.0294654;1.54436,0.687104,1.58618
0.324202,0.0578834,0.0347089;1.44213,0.557928,1.64658
0.323324,0.0556085,0.0366964;1.39909,0.51104,1.66734
0.337749,0.048985,0.0285934;1.57247,0.737459,1.56779
0.339459,0.0478087,0.0285837;1.57215,0.853395,1.57116
0.338355,0.0487508,0.0285702;1.57115,0.916713,1.57037
0.337476,0.0492513,0.0286596;1.57062,0.848279,1.56677
0.337123,0.0483894,0.0297631;1.56119,0.707191,1.57593
0.337123,0.0479745,0.0354073;1.55405,0.530497,1.56883
0.344262,0.0416158,0.0289703;1.57288,0.681628,1.55297
0.345074,0.040248,0.0285817;1.57444,0.749129,1.56562
0.344598,0.0401315,0.0286141;1.57216,0.799936,1.57102
0.343175,0.0412747,0.0286365;1.57,0.711715,1.56888
0.337663,0.0406797,0.0302096;1.53397,0.573639,1.59228
0.335636,0.0339142,0.0352724;1.44605,0.443066,1.63987
0.344194,0.0302666,0.028726;1.57794,0.560683,1.55386
0.346403,0.0283026,0.0285541;1.57085,0.680974,1.57181
0.344342,0.0283682,0.0285995;1.57068,0.798065,1.57209
0.343376,0.0291143,0.0286315;1.57068,0.783893,1.56805
0.342351,0.0282044,0.0296607;1.54839,0.731435,1.58394
0.342338,0.0245116,0.0343784;1.45586,0.595971,1.64076
0.346324,0.0202301,0.0298001;1.55719,0.622308,1.5634
0.350403,0.0174032,0.0286481;1.57149,0.757798,1.5664
0.349942,0.0170969,0.028589;1.57079,0.874174,1.57144
0.349379,0.0177912,0.0285795;1.57075,0.898264,1.57083
0.348596,0.0185299,0.0286969;1.57155,0.840858,1.56522
0.348629,0.0171065,0.0300593;1.55821,0.704556,1.57881
0.341501,0.0212528,0.0335329;1.54455,0.551938,1.56384
0.341647,0.0230668,0.0289582;1.56771,0.606422,1.55688
0.343351,0.0212149,0.0286469;1.57121,0.718386,1.56747
0.341311,0.02079,0.0285801;1.57077,0.836924,1.57083
0.340296,0.0212078,0.0286272;1.56763,0.798034,1.57306
0.338456,0.02057,0.0299046;1.53583,0.741302,1.59465
0.337516,0.0131933,0.0356612;1.41362,0.588626,1.66765
0.345062,0.010959,0.0315502;1.50175,0.676111,1.60666
0.352037,0.00843279,0.0285467;1.56572,0.831872,1.5723
0.351568,0.00866432,0.0285802;1.57071,0.986737,1.57091
0.351354,0.00876858,0.0285796;1.57064,0.964575,1.57095
0.351093,0.00893576,0.0286712;1.57042,0.941065,1.5666
0.351035,0.00570875,0.0348752;1.51787,0.639379,1.59865
0.352639,0.00397569,0.0339333;1.49408,0.693491,1.60097
0.358824,-0.00266685,0.0293121;1.56923,0.818093,1.55161
0.36028,-0.00527792,0.0285994;1.57087,0.936154,1.57171
0.359822,-0.00486921,0.0285798;1.57075,0.892828,1.57078
0.357897,-0.00424554,0.0286308;1.57048,0.808124,1.5682
0.345847,-0.00724074,0.0360006;1.42653,0.521859,1.65757
0.346234,-0.00738657,0.0346344;1.4389,0.525841,1.64646
0.354075,-0.00956986,0.0288826;1.5707,0.610488,1.55668
0.354673,-0.0123352,0.0285773;1.57101,0.856952,1.57043
0.354516,-0.0121001,0.0285795;1.57071,0.869511,1.57087
0.353399,-0.0118016,0.0287529;1.56231,0.828951,1.57461
0.353399,-0.0118016,0.0287529;1.56231,0.828951,1.57461
0.352159,-0.0125344,0.0301813;1.53351,0.792585,1.59547
0.352159,-0.0125344,0.0301813;1.53351,0.792585,1.59547
