0,0,0.11;-1.57,-2.98023e-08,-1.57
0,0,0.11;-1.57,-2.98023e-08,-1.57
0,0,0.11;-1.57,-2.98023e-08,-1.57
-0.00107449,-0.00204345,0.0286584;-1.56967,-0.296662,-1.56724
-0.000738157,-0.000609201,0.0285797;-1.57076,-0.236662,-1.57079
0.000361502,0.00755942,0.0295284;-1.57782,-0.118862,-1.56596
-0.00230536,0.0140209,0.0371586;-1.72199,0.0308445,-1.58512
0.00144694,0.0114956,0.03284;-1.65795,-0.0969525,-1.58884
0.00129433,0.0111861,0.0301833;-1.60058,-0.140677,-1.59035
0.00108843,0.0121713,0.0291566;-1.58775,-0.182203,-1.58501
0.00081399,0.0108386,0.0290088;-1.57258,-0.110574,-1.58992
0.00271278,0.0132046,0.0304104;-1.5725,0.0222238,-1.59792
0.00403864,0.0292547,0.0355556;-1.69351,0.172381,-1.56709
0.00805462,0.0296158,0.0370811;-1.70444,0.121573,-1.58781
0.00744111,0.0276905,0.0375196;-1.70721,0.0967697,-1.59388
0.00249681,0.0170805,0.0298151;-1.58133,0.130628,-1.59185
0.00186757,0.015989,0.0289476;-1.56919,0.141657,-1.58763
0.0043275,0.0210149,0.0289402;-1.56648,0.18546,-1.57947
0.00962678,0.0382069,0.0304611;-1.58748,0.326213,-1.56738
0.0112274,0.0463484,0.0353452;-1.68983,0.382597,-1.54747
0.0138074,0.043497,0.0355706;-1.68194,0.279481,-1.56681
0.0148265,0.0417804,0.0332231;-1.64963,0.188089,-1.57658
0.00771264,0.0369609,0.0290805;-1.58291,0.248653,-1.57998
0.00532576,0.0347382,0.0289596;-1.57241,0.350548,-1.58728
0.00780142,0.0362914,0.0297928;-1.56048,0.479627,-1.58303
0.0149185,0.044912,0.0312987;-1.57237,0.57553,-1.58809
0.0205464,0.0474871,0.0303613;-1.60438,0.485745,-1.56998
0.026502,0.0467694,0.031302;-1.63009,0.377471,-1.56283
0.0232399,0.0461921,0.0318031;-1.63047,0.419022,-1.56489
0.0170647,0.0422212,0.0298154;-1.57441,0.510781,-1.59532
0.0193604,0.044861,0.0305424;-1.55503,0.794195,-1.59374
0.0262987,0.0545696,0.0325388;-1.66286,0.906905,-1.50283
0.0269448,0.0517764,0.0335761;-1.69295,0.861115,-1.49634
0.0251978,0.0431439,0.031857;-1.58425,0.681822,-1.60992
0.0247959,0.0435147,0.0331632;-1.61425,0.668039,-1.59126
0.0225113,0.0429994,0.0321597;-1.59368,0.718645,-1.60034
0.0227346,0.0436906,0.029703;-1.56238,0.916107,-1.58762
0.0367162,0.0529652,0.0306359;-1.58632,1.05419,-1.55891
0.0466513,0.0595315,0.0332139;-1.73023,1.08079,-1.43849
0.0365795,0.0492891,0.0296256;-1.56978,0.934965,-1.59711
0.0367483,0.0485795,0.0321346;-1.61866,0.907686,-1.57425
0.0423991,0.0489721,0.0338866;-1.64979,0.862553,-1.55792
0.0564789,0.0560827,0.0319672;-1.55439,0.944372,-1.63239
0.0797361,0.0665313,0.0318789;-1.6822,1.06903,-1.48098
0.0854723,0.0730431,0.0323133;-1.70708,1.19129,-1.4435
0.0772153,0.062984,0.0291122;-1.60914,1.04833,-1.54439
0.0755196,0.0622936,0.0291069;-1.60075,1.01881,-1.55491
0.0699317,0.0628276,0.0301262;-1.65813,1.08571,-1.50347
0.0585906,0.0649584,0.0326456;-1.76705,1.30405,-1.40736
0.0686521,0.0672176,0.0341859;-1.916,1.42576,-1.26065
0.0878308,0.0723062,0.0349142;3.05119,1.46791,0.0694004
0.0819557,0.069978,0.0285894;-1.5733,1.39327,-1.56954
0.0840015,0.069043,0.0290365;-1.5952,1.29614,-1.56253
0.0838375,0.0686641,0.0300285;-1.67779,1.28758,-1.48327
0.0706673,0.0705444,0.0331545;-1.43333,1.51412,-1.77484
0.0742638,0.0700834,0.0339431;1.59405,1.45478,1.50549
0.0842931,0.0697036,0.0343787;1.7309,1.29019,1.39245
0.0869079,0.0705756,0.028772;1.54071,1.38919,1.59466
0.0891505,0.0714503,0.0286272;1.51657,1.50647,1.61962
0.0907371,0.0712258,0.0286432;-1.56503,1.55218,-1.57972
0.0938049,0.0694011,0.0293395;-1.61236,1.51858,-1.5506
0.101204,0.0650858,0.0331322;2.41805,1.55795,0.67702
0.122182,0.0579139,0.0391124;2.4197,1.34734,0.702367
0.121283,0.0615552,0.0370409;2.09991,1.31329,1.02444
0.115968,0.0603794,0.0323265;1.86121,1.40582,1.2559
0.114085,0.0598481,0.0292686;1.59715,1.44776,1.52701
0.115776,0.0585976,0.0292711;1.8363,1.50085,1.29106
0.114845,0.0598631,0.0303562;1.91262,1.43975,1.22549
0.11759,0.0584724,0.0336192;1.91159,1.2911,1.22994
0.128709,0.0573144,0.03725;1.84545,1.07891,1.29378
0.127708,0.0567459,0.0365441;1.85445,1.10261,1.28925
0.124611,0.0561024,0.0287725;1.5633,1.19107,1.5662
0.121268,0.0598391,0.0289179;1.58366,1.09843,1.54916
0.116592,0.0621642,0.0301149;1.56687,0.992169,1.54298
0.11375,0.058902,0.0332415;1.50517,0.901004,1.57428
0.142449,0.0359022,0.0447511;1.61087,0.729822,1.49634
0.157703,0.0246125,0.044855;1.91129,0.771935,1.26338
0.155789,0.0209334,0.0370999;1.78593,0.907167,1.36922
0.154764,0.0156093,0.0285756;1.57016,1.16069,1.5715
0.153237,0.0177224,0.0286979;1.57064,1.04947,1.5655
0.152193,0.0191329,0.0287239;1.56946,0.931634,1.5643
0.16772,0.00652191,0.0375781;1.76539,0.657825,1.42974
0.171732,-0.000311005,0.0388776;1.81877,0.742318,1.38013
0.170268,-0.00376113,0.0362116;1.79125,0.81806,1.39677
0.170622,-0.015659,0.0305171;1.66494,1.03494,1.47829
0.169798,-0.0150517,0.029727;1.62241,1.03149,1.51789
0.170785,-0.0166334,0.0294953;1.61276,1.03212,1.53176
0.186311,-0.020888,0.0380803;1.74301,0.735816,1.44931
0.18585,-0.0204837,0.0368747;1.78162,0.725037,1.41807
0.182645,-0.0194213,0.0345662;1.73959,0.741596,1.44685
0.179407,-0.014123,0.0299729;1.61712,0.755555,1.53218
0.177669,-0.00916891,0.0288192;1.58584,0.695529,1.56111
0.175023,-0.00516862,0.0292097;1.566,0.716551,1.58502
0.176582,-0.0102107,0.0354588;1.48612,0.483273,1.6556
0.173236,-0.00724289,0.0362707;1.4429,0.475959,1.66315
0.173891,-0.00857405,0.0341791;1.47943,0.474392,1.64054
0.17142,-0.00180888,0.0286335;1.57319,0.658534,1.57004
0.167975,0.00472998,0.0289907;1.57446,0.798667,1.57049
0.166838,0.00261058,0.0291187;1.55633,0.759737,1.56818
0.166474,-0.00651685,0.0327501;1.50862,0.623043,1.60272
0.175979,-0.0176599,0.042723;1.7295,0.334814,1.49581
0.178706,-0.0176166,0.0420674;1.7993,0.345045,1.4525
0.180343,-0.0183078,0.0389544;1.76445,0.41999,1.46678
0.17025,-0.0159604,0.0299573;1.59144,0.676769,1.54379
0.164825,-0.0122631,0.0323195;1.56326,0.652944,1.52418
0.160334,-0.0100231,0.0387711;1.43676,0.551211,1.57765
0.16081,-0.0138999,0.0490565;1.39458,0.241244,1.62897
0.157366,-0.0190094,0.0506679;1.4912,0.299271,1.56634
0.151762,-0.0261562,0.0460384;1.62722,0.408372,1.48361
0.14491,-0.0159634,0.0428835;1.47544,0.609986,1.49666
0.143216,-0.00961106,0.045805;1.40588,0.656916,1.52897
0.142616,-0.00681977,0.0479201;1.32569,0.605179,1.57989
0.143695,-0.00576606,0.0474385;1.26665,0.283144,1.67034
0.141548,-0.00835883,0.0481967;1.3733,0.239309,1.62556
0.140078,-0.00141189,0.0447206;1.22771,0.305815,1.67067
0.149051,-0.00953604,0.0466505;1.32646,0.467673,1.58942
0.15413,-0.0135268,0.0448007;1.38377,0.557435,1.56229
0.152037,-0.0136916,0.0438918;1.38049,0.549071,1.57103
0.146044,-0.00291508,0.0500784;1.14933,0.259101,1.68262
0.144451,-0.00897944,0.0468273;1.2706,0.194254,1.67865
0.145938,-0.0124134,0.0435966;1.3065,0.211915,1.65787
0.158689,-0.0164507,0.0419646;1.32862,0.442012,1.64681
0.164677,-0.0248884,0.0366336;1.43819,0.545706,1.60172
0.1683,-0.0317374,0.0326089;1.51202,0.591836,1.57637
0.168721,-0.029867,0.0410612;1.32846,0.346589,1.66115
0.171199,-0.0250433,0.0437013;1.33453,0.186616,1.66588
0.169297,-0.0253803,0.0440383;1.31671,0.173377,1.66358
0.166222,-0.0220678,0.0405948;1.36293,0.340754,1.61166
0.172157,-0.0283143,0.0388515;1.42466,0.431114,1.58308
0.175618,-0.0331986,0.036038;1.47024,0.49412,1.57548
0.165792,-0.0281937,0.0437796;1.31001,0.263383,1.60427
0.159287,-0.0236768,0.0471909;1.22579,0.105284,1.63209
0.157183,-0.0300743,0.0486794;1.24676,0.0241769,1.63349
0.157588,-0.0268152,0.0486813;1.21009,0.193749,1.60313
0.162511,-0.0331787,0.0478182;1.29358,0.268018,1.57033
0.167846,-0.0395621,0.0464026;1.34775,0.35382,1.55279
0.162907,-0.0328728,0.0446383;1.32589,0.241877,1.56643
0.156294,-0.0302675,0.042602;1.29906,0.0903514,1.60666
0.156538,-0.0368871,0.0470799;1.27825,-0.0241864,1.61763
0.151711,-0.0328285,0.0429102;1.27615,0.0598144,1.5903
0.157306,-0.0360933,0.0465548;1.28317,0.151188,1.56436
0.160312,-0.0434783,0.0454072;1.3517,0.232112,1.54117
0.157251,-0.0427781,0.0437989;1.35757,0.194623,1.54155
0.151396,-0.0430231,0.0426775;1.32775,0.0565106,1.56844
0.153727,-0.0465235,0.0464498;1.2554,-0.0677508,1.5872
0.156188,-0.0453257,0.0443065;1.24994,0.0151557,1.55936
0.153942,-0.0448443,0.0440382;1.315,0.0379469,1.54064
0.154635,-0.0497166,0.0456798;1.3506,0.102786,1.50875
0.15678,-0.045049,0.0447794;1.35432,0.0890022,1.51194
0.154527,-0.0448963,0.0443612;1.31586,0.0363112,1.54168
0.155177,-0.0482441,0.0449531;1.25961,-0.105783,1.55894
0.1526,-0.0536735,0.0431174;1.27161,-0.0920019,1.54777
0.153973,-0.0560432,0.0466747;1.28501,0.0028694,1.5196
0.155297,-0.0607213,0.0464482;1.36032,0.0593838,1.48928
0.159371,-0.0612413,0.0426993;1.40725,0.0975827,1.50554
0.161639,-0.0593473,0.0424314;1.35092,0.0697318,1.53926
0.163816,-0.0622442,0.0427789;1.30326,-0.026547,1.5733
0.160859,-0.0801651,0.0406409;1.38807,-0.160864,1.58482
0.157669,-0.0756832,0.0366914;1.41128,-0.0662388,1.55766
0.156626,-0.0737987,0.037978;1.44567,-0.0236953,1.52529
0.158752,-0.0725943,0.0381145;1.4561,0.0190535,1.52231
0.158052,-0.0700862,0.0378846;1.4319,-0.00283724,1.53491
0.153728,-0.0693863,0.0404843;1.36462,-0.0931442,1.53659
0.153211,-0.0930023,0.0485533;1.36645,-0.203503,1.55375
0.14642,-0.105458,0.0461387;1.59647,-0.16121,1.54434
0.143015,-0.109801,0.04146;1.72171,-0.0925198,1.54138
0.148946,-0.10247,0.0359753;1.7112,-0.00700885,1.56969
0.149122,-0.0893427,0.0334701;1.53002,0.0105227,1.52727
0.148833,-0.0897353,0.0392719;1.44111,0.0229424,1.51243
0.151335,-0.120041,0.0497555;1.50609,-0.128611,1.5717
0.15397,-0.121568,0.0457859;1.52995,-0.136782,1.57987
0.158826,-0.111627,0.032619;1.4886,-0.0498565,1.58026
0.162782,-0.100401,0.0293965;1.54655,0.0656874,1.57625
0.162131,-0.0993583,0.0296173;1.54139,0.0549334,1.5727
0.162046,-0.0975956,0.0324137;1.49133,0.0454694,1.57261
0.159659,-0.110285,0.0406655;1.40693,-0.123936,1.59594
0.159323,-0.112715,0.0387768;1.43607,-0.167115,1.59247
0.161808,-0.108215,0.033962;1.47398,-0.0849888,1.57272
0.168915,-0.100683,0.0291122;1.55289,0.0512878,1.57963
0.167713,-0.0994647,0.0293009;1.53853,0.00964239,1.57404
0.166691,-0.0973767,0.0325453;1.48506,-0.0125434,1.56896
0.166691,-0.0973767,0.0325453;1.48506,-0.0125434,1.56896
0.163231,-0.0981649,0.0364031;1.41961,-0.0827662,1.56607
0.163231,-0.0981649,0.0364031;1.41961,-0.0827662,1.56607
