0,0,0.11;-1.57,-2.98023e-08,-1.57
0,0,0.11;-1.57,-2.98023e-08,-1.57
0,0,0.11;-1.57,-2.98023e-08,-1.57
-0.000592019,-0.000413826,0.0286055;-1.5709,-0.261328,-1.56951
0.000604084,0.00143306,0.02858;-1.57069,-0.158212,-1.57094
0.0011733,0.00620278,0.0290356;-1.56995,-0.0214139,-1.56808
-0.00133657,0.0127521,0.0324261;-1.63915,0.161942,-1.57239
-0.00280293,0.00834896,0.0288827;-1.5711,-0.0722857,-1.58534
-0.00219677,0.010386,0.0288502;-1.57622,-0.155128,-1.5791
-0.00167059,0.0123139,0.0286023;-1.57129,-0.224925,-1.57207
-0.000949664,0.0133851,0.0285799;-1.57087,-0.124483,-1.57089
-0.000725701,0.016671,0.0289562;-1.56899,0.0151926,-1.56921
-0.00295027,0.0251214,0.031054;-1.60138,0.165821,-1.56445
-0.000587757,0.0230957,0.0290638;-1.57137,0.105977,-1.56678
-0.00173569,0.0195252,0.0286314;-1.57059,-0.0233641,-1.56832
-0.00331537,0.0171708,0.0286058;-1.56943,-0.145217,-1.57012
-0.00307252,0.0185007,0.0288408;-1.57089,-0.156723,-1.58334
-0.00137115,0.0254253,0.0293262;-1.58346,-0.0832641,-1.58228
-0.000468072,0.0421637,0.0347609;-1.69261,0.0333284,-1.5745
-0.00290403,0.0433525,0.0320254;-1.63076,0.111357,-1.56694
9.41513e-05,0.03696,0.0288461;-1.57351,0.0111122,-1.56811
-0.00133937,0.0323511,0.0285867;-1.57056,-0.125707,-1.57049
-0.00241006,0.030917,0.0285821;-1.57054,-0.213757,-1.57049
-0.00203963,0.0324335,0.0285814;-1.57022,-0.14785,-1.57104
-0.00191315,0.0380587,0.0291523;-1.56822,-0.00381894,-1.57033
-0.0040755,0.0442251,0.0315184;-1.62339,0.138127,-1.56939
-0.00253495,0.0441407,0.0297498;-1.60033,0.090419,-1.5736
-0.00188511,0.0431777,0.0287208;-1.57055,-0.0364505,-1.57764
-0.00169536,0.0431301,0.02859;-1.57085,-0.0281891,-1.57016
-0.00097921,0.0446314,0.0285819;-1.57075,0.0647445,-1.57061
0.00208212,0.0560013,0.0297453;-1.57671,0.315787,-1.56521
0.00105248,0.062189,0.0310434;-1.59951,0.460497,-1.55926
0.00179599,0.0620821,0.0292883;-1.5733,0.385245,-1.56729
-0.0011506,0.057157,0.028607;-1.57072,0.107071,-1.5726
-0.00073296,0.0580731,0.0287637;-1.57162,0.0333185,-1.57923
-0.00103434,0.0575371,0.0290554;-1.58446,0.064923,-1.57897
9.17746e-05,0.0604654,0.0299484;-1.56792,0.271398,-1.58643
0.0069124,0.0800766,0.0329367;-1.65432,0.383334,-1.5461
0.00754392,0.0863483,0.0322297;-1.64322,0.436867,-1.54719
0.00289969,0.0779066,0.0286121;-1.57059,0.143783,-1.56935
0.000867946,0.0763243,0.0286768;-1.56613,0.0317444,-1.57091
0.00025168,0.0759589,0.0286351;-1.5694,0.00144145,-1.56937
0.00182129,0.0768261,0.028707;-1.57033,0.237308,-1.57757
0.00647071,0.0856957,0.0312339;-1.5741,0.338282,-1.59076
0.0145129,0.106412,0.0385965;-1.74869,0.384158,-1.53512
0.0259386,0.111835,0.0288175;-1.57842,0.163931,-1.57335
0.0249492,0.111873,0.0285922;-1.5709,0.0837125,-1.57185
0.024582,0.111612,0.0286289;-1.56895,0.0741069,-1.57018
0.0277317,0.116389,0.0286476;-1.57128,0.317426,-1.56655
0.0293633,0.122072,0.0292892;-1.57512,0.460123,-1.56484
0.0310479,0.131572,0.032392;-1.63964,0.597644,-1.53669
0.0370641,0.135263,0.0285374;-1.57157,0.343189,-1.57103
0.0358547,0.138267,0.0287243;-1.56919,0.169333,-1.57967
0.0373377,0.139014,0.0289866;-1.57991,0.10716,-1.58012
0.0326494,0.134616,0.0289398;-1.57403,0.339049,-1.58413
0.032895,0.135713,0.0296256;-1.58933,0.519429,-1.56635
0.0331674,0.140317,0.0345471;-1.68977,0.696453,-1.50843
0.0379121,0.140528,0.0285826;-1.57035,0.490601,-1.57049
0.0346735,0.138826,0.0285947;-1.56941,0.336535,-1.57166
0.0325675,0.1386,0.0287632;-1.56163,0.230105,-1.57287
0.0338332,0.139252,0.0285777;-1.57083,0.326455,-1.57087
0.03253,0.138753,0.0297581;-1.59952,0.464318,-1.5646
0.0335655,0.141738,0.0375521;-1.73576,0.626113,-1.50345
0.0317344,0.142128,0.0333704;-1.6511,0.683692,-1.54603
0.0310504,0.141643,0.0287574;-1.56265,0.555576,-1.58076
0.0288206,0.142573,0.0285553;-1.57145,0.401922,-1.57086
0.0267141,0.141847,0.0285807;-1.57068,0.273514,-1.5707
0.029072,0.14281,0.0286042;-1.57129,0.383103,-1.56882
0.0315455,0.147961,0.0295122;-1.58405,0.521716,-1.55738
0.032862,0.161227,0.0356586;-1.74402,0.774554,-1.46704
0.0340363,0.160199,0.0335443;-1.67441,0.700942,-1.52257
0.0336342,0.157927,0.0290392;-1.56714,0.577471,-1.59209
0.0362402,0.163268,0.0288907;-1.57729,0.338566,-1.57727
0.0367141,0.163792,0.0286421;-1.57066,0.342247,-1.57393
0.0376872,0.164958,0.0286513;-1.57066,0.416022,-1.56723
0.0408216,0.183597,0.0357994;-1.75064,0.755023,-1.45841
0.0469136,0.187417,0.0353835;-1.7462,0.677464,-1.46703
0.0465503,0.180919,0.0287056;-1.5704,0.570929,-1.57712
0.0424059,0.18017,0.0286759;-1.56765,0.373324,-1.5736
0.0424191,0.180239,0.0286316;-1.57105,0.372453,-1.57323
0.0423324,0.180623,0.0291552;-1.58484,0.417001,-1.57639
0.0498864,0.196686,0.0381863;-1.80742,0.669722,-1.43489
0.0531074,0.197874,0.0349914;-1.73055,0.631615,-1.48206
0.0526081,0.18923,0.0284488;-1.55687,0.535244,-1.57845
0.0477324,0.187424,0.0287273;-1.56324,0.351421,-1.57337
0.0485909,0.188198,0.0285759;-1.57114,0.392636,-1.57019
0.0508532,0.190044,0.0286636;-1.57194,0.50046,-1.56642
0.05605,0.205871,0.0342872;-1.70014,0.773512,-1.48444
0.0585229,0.210051,0.0344104;-1.71639,0.746664,-1.47462
0.0611138,0.206527,0.0310923;-1.64214,0.653206,-1.53479
0.0610299,0.205054,0.0289713;-1.57863,0.591518,-1.57713
0.0595114,0.204329,0.0287544;-1.57062,0.659175,-1.57922
0.0581665,0.203139,0.0285684;-1.57029,0.732865,-1.57087
0.0673098,0.21265,0.0319235;-1.64206,0.943185,-1.50738
0.0753711,0.219161,0.0316355;-1.65777,0.957425,-1.49785
0.0761617,0.217937,0.0291194;-1.58369,0.944606,-1.56072
0.0729196,0.216524,0.0285606;-1.57156,0.719139,-1.56937
0.0726715,0.217411,0.0288861;-1.5825,0.668025,-1.56968
0.0700324,0.216355,0.0289638;-1.57404,0.749687,-1.58487
0.068825,0.214251,0.0301239;-1.56518,0.881361,-1.59661
0.0992183,0.234917,0.0340867;-1.78954,1.09769,-1.38356
0.103057,0.233238,0.0297815;-1.61273,1.01784,-1.53772
0.102623,0.230498,0.0285831;-1.57,0.860192,-1.57118
0.0996288,0.232548,0.028664;-1.56565,0.681296,-1.574
0.10077,0.233239,0.0285797;-1.57072,0.741443,-1.57092
0.103459,0.233347,0.0286147;-1.57063,0.861273,-1.56939
0.120657,0.245707,0.0366268;-1.82578,1.10882,-1.36553
0.134516,0.251308,0.0360416;-1.82428,1.00157,-1.37093
0.14231,0.24902,0.0303316;-1.6408,0.8752,-1.52177
0.143535,0.24936,0.0287315;-1.56425,0.716052,-1.57782
0.144859,0.249231,0.0285786;-1.57066,0.816918,-1.57082
0.147294,0.249172,0.0285983;-1.56907,0.936336,-1.57202
0.153779,0.258527,0.0343536;-1.88777,1.26241,-1.27649
0.162046,0.261481,0.0342376;-1.82659,1.19874,-1.33796
0.162352,0.257345,0.0286187;-1.57614,1.0749,-1.56595
0.161447,0.261151,0.0287109;-1.57105,0.779617,-1.57715
0.161208,0.261103,0.0289076;-1.58379,0.781142,-1.56799
0.156991,0.260842,0.029056;-1.58117,0.896454,-1.57918
0.15358,0.26212,0.0332723;-1.77193,1.22585,-1.38803
0.163084,0.269003,0.0330858;-1.88752,1.32069,-1.26909
0.162559,0.264985,0.0287203;-1.58468,1.23406,-1.56005
0.158199,0.264084,0.028634;-1.56642,0.929136,-1.57422
0.157081,0.264903,0.0286844;-1.56314,0.863034,-1.57643
0.157532,0.264986,0.0285787;-1.57096,0.890123,-1.57075
0.16141,0.268078,0.0320736;-1.73806,1.17584,-1.42069
0.16436,0.272011,0.0397988;-2.21141,1.30056,-0.97968
0.170388,0.274032,0.0380107;-2.19025,1.32699,-0.997542
0.167987,0.273802,0.0285727;-1.57064,1.17513,-1.57048
0.167389,0.274372,0.0286521;-1.56312,1.10687,-1.57758
0.167069,0.274437,0.0286619;-1.56219,1.09187,-1.57829
0.171693,0.273722,0.0290114;-1.55797,1.28894,-1.58227
0.178197,0.277814,0.0311071;-1.86539,1.45565,-1.27437
0.186272,0.28242,0.0335185;-3.12513,1.48759,-0.019644
0.186856,0.277799,0.0287323;-1.57367,1.38087,-1.57664
0.188311,0.277829,0.0288836;-1.5957,1.31124,-1.55472
0.190155,0.27749,0.0289625;-1.5924,1.25976,-1.56173
0.19098,0.277788,0.0286041;-1.57017,1.31645,-1.57256
0.196218,0.279478,0.0296599;-1.65658,1.45761,-1.48186
0.202826,0.285403,0.0327546;2.28297,1.47335,0.857689
0.204811,0.279947,0.0285246;-1.58665,1.43123,-1.55207
0.201537,0.281493,0.0285778;-1.5703,1.30794,-1.57127
0.200885,0.282317,0.0287327;-1.54691,1.25394,-1.59347
0.201658,0.282154,0.0287511;-1.57013,1.3502,-1.57952
0.208745,0.281723,0.0309004;-1.86949,1.4055,-1.28252
0.219471,0.283959,0.037287;-3.01114,1.40199,-0.143733
0.215591,0.285546,0.0286083;-1.53979,1.48427,-1.60571
0.21445,0.286241,0.0285736;-1.57015,1.37632,-1.57148
0.213507,0.286828,0.0286192;-1.56301,1.321,-1.57823
0.21582,0.285623,0.0286095;-1.57402,1.44348,-1.56578
0.219736,0.285332,0.0292438;-1.56227,1.54714,-1.57674
0.227578,0.286682,0.0310345;1.78525,1.45413,1.36077
0.237215,0.286287,0.0292413;1.73579,1.45675,1.40146
0.237687,0.284778,0.0288025;1.61754,1.54841,1.51432
0.237019,0.285408,0.0291537;2.01349,1.54274,1.11763
0.232389,0.28813,0.0286413;1.57049,1.38133,1.56823
0.231006,0.287131,0.0287145;1.55281,1.2574,1.5889
0.238023,0.282733,0.0299271;1.588,1.14467,1.56045
0.257504,0.27479,0.0301115;1.6222,1.06,1.52271
0.257889,0.272434,0.0285788;1.57084,1.16377,1.57056
0.257623,0.274222,0.0285844;1.56674,1.27109,1.57526
0.257108,0.275168,0.0286299;1.5705,1.29387,1.56873
0.254381,0.276114,0.0289403;1.57011,1.17172,1.5566
0.250841,0.275625,0.0311444;1.55563,1.01086,1.5557
0.277192,0.259171,0.0334844;1.71874,0.87505,1.44714
0.279761,0.253455,0.0288596;1.59013,0.998116,1.55137
0.278638,0.253267,0.0285828;1.56954,1.1378,1.57196
0.278993,0.255412,0.0286669;1.55817,1.23012,1.58287
0.279878,0.254469,0.0285823;1.57311,1.16705,1.57004
0.281418,0.250927,0.0286642;1.56888,1.00506,1.57599
0.291682,0.245494,0.0349762;1.67616,0.734947,1.47622
0.301016,0.238265,0.0357529;1.73414,0.845155,1.43144
0.301868,0.232308,0.0299797;1.59768,0.98464,1.52912
0.305382,0.227212,0.0286802;1.57045,1.20583,1.5662
0.305583,0.226914,0.0285787;1.57088,1.1557,1.57063
0.306701,0.224393,0.0285918;1.57085,1.02178,1.57148
0.315617,0.225671,0.0331453;1.66894,0.707342,1.49905
0.318613,0.222391,0.0334167;1.70831,0.771294,1.46998
0.312762,0.223879,0.0285489;1.56965,0.901432,1.57085
0.31289,0.226642,0.0285984;1.57227,1.1231,1.5675
0.313225,0.226358,0.0286729;1.57191,1.13934,1.56542
0.312712,0.228059,0.0291435;1.58929,1.06376,1.53904
0.312712,0.228059,0.0291435;1.58929,1.06376,1.53904
0.31708,0.227446,0.0317466;1.67588,0.908523,1.48137
0.31708,0.227446,0.0317466;1.67588,0.908523,1.48137
