0,0,0.11;-1.57,-2.98023e-08,-1.57
0,0,0.11;-1.57,-2.98023e-08,-1.57
0,0,0.11;-1.57,-2.98023e-08,-1.57
-0.000831096,-0.0014907,0.0286151;-1.57059,-0.272844,-1.56914
-4.85508e-05,0.000111204,0.0285803;-1.57081,-0.195646,-1.57102
0.000945543,0.00778477,0.0291613;-1.57067,-0.0653385,-1.56414
-0.00267744,0.0116035,0.0345609;-1.66471,0.115882,-1.58212
-0.00146649,-0.00793902,0.028947;-1.57268,0.0105907,-1.58615
9.80554e-05,-0.00501067,0.029151;-1.59406,-0.078707,-1.57731
0.00306738,-0.00172809,0.0288015;-1.58172,-0.246271,-1.5736
0.00544267,-0.00118145,0.0286607;-1.57041,-0.302186,-1.57474
0.00767179,0.00716795,0.0295051;-1.55415,-0.241621,-1.56832
0.00926176,0.037523,0.0322057;-1.61754,-0.161136,-1.56793
0.0113652,0.0344379,0.0291356;-1.57146,-0.213102,-1.56865
0.0111695,0.0295885,0.0285717;-1.57106,-0.318728,-1.5707
0.0105791,0.0286184,0.0285824;-1.57083,-0.385514,-1.57083
0.0107725,0.0324511,0.0289927;-1.57393,-0.430467,-1.59162
0.010137,0.0398046,0.0291158;-1.58076,-0.344325,-1.58708
0.00562227,0.0571132,0.0333225;-1.65202,-0.190943,-1.59737
0.00390812,0.0624541,0.0328403;-1.64777,-0.17855,-1.58879
0.0089632,0.0537873,0.0299054;-1.59227,-0.262161,-1.57741
0.00977637,0.0475465,0.0285647;-1.57037,-0.333252,-1.57085
0.00968623,0.0471059,0.0285797;-1.57067,-0.367382,-1.57073
0.0107912,0.0471179,0.028807;-1.56193,-0.304081,-1.57183
0.0128052,0.0547425,0.0307224;-1.54874,-0.225405,-1.57798
0.00993371,0.0750668,0.0320841;-1.63121,-0.172592,-1.59326
0.0115287,0.0807558,0.0303858;-1.61055,-0.255431,-1.59006
0.0124288,0.0819195,0.0285805;-1.57068,-0.409261,-1.57069
0.0124557,0.0822387,0.0286479;-1.57082,-0.376762,-1.56753
0.012305,0.0828303,0.0285777;-1.57075,-0.316865,-1.5709
0.0168035,0.0769431,0.0334746;-1.497,0.0494387,-1.57871
0.0168801,0.0729017,0.0375328;-1.45482,0.192022,-1.5757
0.0183389,0.0578845,0.0329073;-1.49186,0.174658,-1.57735
0.0162582,0.0496784,0.0287733;-1.57516,0.0507187,-1.5776
0.0166455,0.0499172,0.0291168;-1.59237,0.027893,-1.57544
0.0165963,0.0494512,0.0288404;-1.5804,0.0680905,-1.57473
0.0203893,0.0505337,0.0303847;-1.53447,0.187625,-1.57943
0.0259834,0.058201,0.0363456;-1.45111,0.375275,-1.6085
0.0257352,0.0532918,0.0341707;-1.48849,0.439607,-1.59883
0.0210736,0.0274664,0.0286591;-1.56651,0.372776,-1.57185
0.0210713,0.0268634,0.0289031;-1.58569,0.308997,-1.56506
0.0219641,0.0254132,0.0288671;-1.58503,0.240626,-1.56768
0.0227203,0.0280858,0.0294441;-1.54465,0.217138,-1.58049
0.0241811,0.0439988,0.0345163;-1.4668,0.199538,-1.59095
0.0249289,0.078332,0.0391152;-1.44133,0.211215,-1.5909
0.021192,0.0813664,0.0289624;-1.55354,0.126659,-1.57455
0.0208071,0.0810827,0.0285778;-1.57073,0.0835268,-1.57079
0.0215118,0.0797912,0.0286013;-1.57086,0.0326941,-1.56981
0.0228179,0.0811321,0.028854;-1.5573,0.102687,-1.57218
0.0258908,0.0885266,0.031428;-1.51546,0.167651,-1.57603
0.0282817,0.109897,0.0366454;-1.42614,0.257414,-1.59338
0.0333767,0.133855,0.0293129;-1.5711,-0.00692418,-1.59094
0.0334986,0.131216,0.0293253;-1.59047,-0.0233528,-1.58635
0.0301484,0.123046,0.0302563;-1.60975,0.0591527,-1.58134
0.0258315,0.109812,0.0292906;-1.56189,0.323023,-1.59293
0.0305236,0.112171,0.0327102;-1.48505,0.413591,-1.60137
0.0348294,0.131042,0.0382079;-1.39879,0.472036,-1.62377
0.0387829,0.157841,0.0286288;-1.57024,0.197987,-1.57476
0.0374788,0.160119,0.0285123;-1.57279,0.0372112,-1.57224
0.037912,0.161739,0.0285996;-1.57015,-0.066632,-1.57276
0.0363389,0.156389,0.0292708;-1.57235,0.0521788,-1.59222
0.0377365,0.154169,0.0305267;-1.56418,0.226818,-1.59768
0.0409661,0.15903,0.0345005;-1.55059,0.420698,-1.59924
0.0383229,0.145403,0.0297786;-1.54777,0.47945,-1.58039
0.0349776,0.140048,0.0287928;-1.55955,0.365513,-1.5748
0.0337517,0.140162,0.0285512;-1.57185,0.262285,-1.57065
0.034426,0.140463,0.0285751;-1.57091,0.143259,-1.57098
0.0355019,0.141177,0.0285859;-1.57022,0.188281,-1.5711
0.0412142,0.150293,0.0292425;-1.56712,0.27938,-1.57588
0.0471141,0.169976,0.0398128;-1.75596,0.405307,-1.54024
0.049178,0.168689,0.0352191;-1.6934,0.33509,-1.54953
0.0472569,0.160364,0.0289678;-1.56903,0.278623,-1.58885
0.0473866,0.160332,0.028706;-1.57385,0.196357,-1.56703
0.0479257,0.161119,0.028579;-1.57075,0.243138,-1.57106
0.0499881,0.16106,0.0291206;-1.55318,0.316345,-1.5773
0.0624029,0.18942,0.0360736;-1.45373,0.514098,-1.60741
0.0630717,0.192176,0.0335789;-1.5727,0.415689,-1.57557
0.0612433,0.189544,0.0286338;-1.56992,0.324789,-1.57444
0.0613122,0.190589,0.02868;-1.57576,0.0895931,-1.57062
0.0617074,0.190853,0.0285764;-1.57094,0.111225,-1.57106
0.0628768,0.189532,0.0287847;-1.56338,0.196887,-1.57482
0.0700611,0.198809,0.0355748;-1.45462,0.505769,-1.60964
0.0704815,0.197405,0.0332024;-1.48797,0.421617,-1.59529
0.0691067,0.195,0.0286446;-1.56976,0.341057,-1.57328
0.0695836,0.194792,0.0286118;-1.56965,0.0838208,-1.56808
0.0696705,0.194933,0.0285791;-1.57081,0.123592,-1.57079
0.0711247,0.193235,0.0289802;-1.55662,0.215732,-1.57953
0.081363,0.207584,0.0375375;-1.48673,0.474927,-1.61847
0.0813788,0.209614,0.038628;-1.67362,0.49046,-1.56484
0.0770396,0.192129,0.0299226;-1.57295,0.444122,-1.59483
0.0766856,0.192482,0.0290061;-1.59003,0.227995,-1.56847
0.0775808,0.192364,0.0285778;-1.57049,0.214859,-1.57108
0.0781219,0.192056,0.0289951;-1.55327,0.225955,-1.57729
0.089636,0.196033,0.0346768;-1.53856,0.498012,-1.59821
0.0917884,0.187081,0.0371694;-1.64015,0.564038,-1.57609
0.0915572,0.175263,0.0328769;-1.6311,0.608466,-1.56546
0.0784338,0.15804,0.0352302;-1.70006,0.624011,-1.53136
0.0708396,0.158267,0.0362353;-1.73545,0.69358,-1.49436
0.0728955,0.161445,0.0303768;-1.57445,0.654762,-1.60301
0.0811679,0.171182,0.03062;-1.55838,0.606159,-1.60714
0.110301,0.212031,0.034764;-1.60625,0.709397,-1.56835
0.109934,0.210495,0.0316704;-1.62888,0.663449,-1.55182
0.102442,0.199794,0.0289982;-1.57444,0.671625,-1.5857
0.0893546,0.194536,0.0306248;-1.6283,0.838051,-1.54518
0.0924391,0.194841,0.0331527;-1.61115,0.829089,-1.59623
0.102895,0.197268,0.0358364;-1.6257,0.791462,-1.60607
0.139177,0.236026,0.0441766;-1.63507,0.87983,-1.57405
0.147646,0.252884,0.0391657;-1.73376,0.770957,-1.49931
0.14325,0.248862,0.0293348;-1.59277,0.741826,-1.56988
0.138845,0.24736,0.0289383;-1.59641,0.84148,-1.55218
0.136777,0.247441,0.0287726;-1.57675,0.936397,-1.57159
0.137214,0.245298,0.0294973;-1.55731,0.99747,-1.60576
0.179336,0.262764,0.0425002;-1.60405,1.09847,-1.59258
0.188322,0.267798,0.0415918;-1.80424,1.04181,-1.42501
0.186526,0.262139,0.0349405;-1.71455,0.938878,-1.49145
0.179313,0.265662,0.0340045;-1.77492,0.967979,-1.40851
0.162568,0.266774,0.0293458;-1.61152,1.15147,-1.54706
0.158174,0.264076,0.0289784;-1.55746,1.29558,-1.60009
0.176006,0.261589,0.0340961;-0.494662,1.47624,-2.61901
0.178734,0.264263,0.0345558;-0.590551,1.4696,-2.51957
0.173109,0.264912,0.0296237;-1.35122,1.45117,-1.78762
0.171798,0.266917,0.0291415;-1.67895,1.34698,-1.46881
0.17192,0.266768,0.0291604;-1.67556,1.34481,-1.47351
0.170318,0.266798,0.028855;-1.56836,1.39036,-1.58644
0.177343,0.259285,0.031861;0.39357,1.50731,2.75575
0.191668,0.259452,0.0338694;1.15732,1.39888,2.00424
0.18431,0.257527,0.0305525;1.22463,1.46374,1.9216
0.17735,0.259295,0.0285816;-1.57096,1.54317,-1.57067
0.177635,0.25936,0.0290936;-2.2747,1.53465,-0.868993
0.17738,0.259282,0.028863;-2.11057,1.54464,-1.03152
0.180401,0.259636,0.0313891;-0.615811,1.5056,-2.53095
0.198809,0.263793,0.0377608;0.0700102,1.41406,3.07811
0.224228,0.27095,0.0407254;-0.255596,1.38204,-2.87232
0.232823,0.274537,0.0307781;-1.5489,1.29577,-1.63355
0.232768,0.27442,0.0286236;-1.57809,1.27864,-1.56394
0.232874,0.274876,0.0286736;-1.58602,1.29674,-1.55551
0.231718,0.273065,0.0289048;-1.48758,1.45042,-1.65907
0.231344,0.266468,0.0320181;0.470637,1.50488,2.67113
0.238966,0.261995,0.0358989;0.970294,1.36555,2.1798
0.230617,0.267667,0.0298042;-1.14913,1.53391,-2.01156
0.237119,0.272135,0.029174;-1.58356,1.41339,-1.57539
0.243287,0.270592,0.0296748;-1.66908,1.32139,-1.48835
0.235404,0.268805,0.0292763;-1.52901,1.45762,-1.63298
0.235777,0.264262,0.0310336;-0.138924,1.52399,-2.99974
0.252808,0.265173,0.0349994;0.810146,1.43671,2.34607
0.254044,0.268329,0.0288316;1.08541,1.55088,2.0535
0.255931,0.268458,0.0285887;-1.57742,1.47599,-1.56448
0.25548,0.267694,0.0287614;-1.62277,1.42378,-1.51812
0.255292,0.267052,0.0291811;-1.56132,1.44172,-1.60111
0.255319,0.261137,0.0316564;0.886319,1.53422,2.22859
0.264133,0.256822,0.0334388;1.26726,1.36392,1.86508
0.248979,0.254897,0.028865;1.50178,1.41854,1.64048
0.247879,0.255415,0.0285794;1.57056,1.44253,1.57103
0.248713,0.255191,0.0289675;1.7728,1.48144,1.36844
0.249518,0.254479,0.0286252;0,1.5702,3.13964
0.252914,0.255236,0.0291632;-1.22908,1.51231,-1.9166
0.26727,0.255176,0.0324978;0.541081,1.54136,2.58514
0.276583,0.257232,0.0382158;2.23313,1.36979,0.868392
0.256928,0.25935,0.0360167;1.96213,1.33482,1.13855
0.242927,0.267091,0.0299626;1.60737,1.23696,1.511
0.243366,0.267956,0.0290378;1.61467,1.26889,1.52001
0.244221,0.267521,0.0287589;1.53313,1.32312,1.60767
0.247884,0.265152,0.0308898;1.40081,1.29924,1.73927
0.282894,0.270345,0.0374356;1.21323,1.25353,1.94325
0.286845,0.27534,0.0294897;1.43796,1.42476,1.69892
0.289721,0.277542,0.0286812;1.55886,1.55505,1.57798
0.289417,0.277649,0.029176;2.59064,1.54055,0.547802
0.289196,0.277276,0.0288921;1.70681,1.55895,1.42188
0.289213,0.275365,0.0289948;1.3448,1.51681,1.78816
0.310709,0.270031,0.0372021;1.20287,1.30352,1.95399
0.308708,0.274737,0.0328664;1.25312,1.38352,1.89009
0.30415,0.277208,0.028971;1.36564,1.49495,1.77222
0.305777,0.27863,0.0286755;-1.61812,1.47111,-1.52361
0.305885,0.278506,0.0285954;-1.56684,1.5036,-1.57571
0.304179,0.277068,0.0290559;0.613161,1.55306,2.51998
0.322131,0.269409,0.0354579;1.44627,1.32864,1.67765
0.332181,0.266462,0.0344636;1.60084,1.39832,1.52327
0.332521,0.266663,0.0287304;1.43452,1.53289,1.70498
0.333764,0.268214,0.0286047;-1.57431,1.45919,-1.56596
0.334048,0.268331,0.0285788;-1.57073,1.48454,-1.57087
0.333821,0.267918,0.0286014;-1.57283,1.52437,-1.56992
0.333821,0.267918,0.0286014;-1.57283,1.52437,-1.56992
0.334837,0.265996,0.0295286;1.4937,1.48762,1.64418
0.334837,0.265996,0.0295286;1.4937,1.48762,1.64418
