0,0,0.11;-1.57,-2.98023e-08,-1.57
0,0,0.11;-1.57,-2.98023e-08,-1.57
0,0,0.11;-1.57,-2.98023e-08,-1.57
-0.00112073,-0.00222661,0.0286511;-1.56906,-0.249144,-1.56814
-0.00081064,-0.00123083,0.0285801;-1.57072,-0.221093,-1.57091
0.0012904,0.00713313,0.0293457;-1.59184,-0.160441,-1.57898
0.000361939,0.0202726,0.0351214;-1.69997,-0.0553636,-1.58361
0.000905103,0.0085092,0.0285802;-1.57061,-0.150452,-1.57044
0.00115043,0.00756511,0.0287217;-1.57261,-0.185103,-1.56585
0.00180438,0.00652722,0.0286889;-1.57093,-0.249434,-1.56554
0.00190216,0.00801186,0.0285793;-1.57085,-0.208925,-1.57076
0.00378595,0.0183685,0.0298759;-1.56142,-0.188932,-1.58032
0.00623842,0.0516192,0.0352153;-1.70081,-0.112624,-1.59447
0.0118174,0.0615556,0.0327883;-1.6634,-0.233455,-1.59416
0.0140368,0.0572724,0.0286941;-1.56569,-0.351433,-1.57457
0.0128847,0.0572817,0.0286458;-1.56698,-0.459685,-1.56912
0.01417,0.0603433,0.0285807;-1.57068,-0.311976,-1.57059
0.0142102,0.0641178,0.0288302;-1.5644,-0.199091,-1.56308
0.0106085,0.0730753,0.033686;-1.65049,-0.0589921,-1.5786
0.00827475,0.0719333,0.0375499;-1.71755,0.013966,-1.5952
0.00954262,0.0694327,0.0337393;-1.67416,-0.0411461,-1.58187
0.010824,0.0631662,0.0285592;-1.571,-0.140327,-1.57308
0.0110252,0.0620834,0.0286294;-1.57081,-0.208918,-1.56841
0.0112465,0.0640865,0.0285798;-1.57062,-0.171202,-1.57097
0.0133434,0.0752606,0.0294027;-1.56568,-0.118145,-1.57493
0.0150977,0.0991385,0.033831;-1.67613,-0.108388,-1.58845
0.0184294,0.100821,0.0325383;-1.6578,-0.182218,-1.59117
0.0196608,0.0972133,0.0286647;-1.57496,-0.274599,-1.57201
0.0198163,0.0970977,0.0286524;-1.57082,-0.280808,-1.56738
0.0198447,0.0986042,0.0285774;-1.56994,-0.224728,-1.56948
0.022275,0.11566,0.0305134;-1.55506,-0.0571373,-1.56989
0.0161063,0.140282,0.0350137;-1.69487,-0.0126187,-1.58626
0.0187443,0.147229,0.0358917;-1.71751,-0.106425,-1.59467
0.0213933,0.140877,0.0285771;-1.57087,-0.204636,-1.57125
0.0211934,0.139807,0.0286314;-1.57056,-0.213665,-1.56834
0.02123,0.140512,0.0286643;-1.5709,-0.182675,-1.56672
0.024365,0.15042,0.0289534;-1.56666,-0.0689928,-1.57402
0.025529,0.175891,0.0350282;-1.68736,0.0470645,-1.57827
0.0249674,0.178744,0.0375243;-1.73825,0.0591369,-1.5768
0.0291882,0.169972,0.0287701;-1.56975,-0.0750816,-1.58071
0.0306551,0.171874,0.0287353;-1.57835,-0.166957,-1.57228
0.0307427,0.171553,0.0286133;-1.57063,-0.178851,-1.569
0.0328766,0.176746,0.0286578;-1.57093,-0.0216348,-1.56682
0.0359987,0.189002,0.0309532;-1.61059,0.0969724,-1.56266
0.0341412,0.201335,0.0372222;-1.74834,0.204873,-1.54006
0.0377244,0.193963,0.0318027;-1.64765,0.0957787,-1.56801
0.035547,0.189711,0.0287174;-1.57124,0.10319,-1.57661
0.0350004,0.188771,0.028749;-1.57897,0.0870499,-1.57024
0.0376658,0.19186,0.0287775;-1.56112,0.226331,-1.57289
0.0422587,0.198221,0.03001;-1.54318,0.327162,-1.57474
0.048997,0.219068,0.0342592;-1.6211,0.413515,-1.5605
0.0579594,0.222636,0.03067;-1.6224,0.207404,-1.56571
0.0602115,0.222443,0.0288547;-1.58265,0.0975316,-1.57122
0.0596256,0.222078,0.0288741;-1.57833,0.0751771,-1.57674
0.0613741,0.223036,0.0285988;-1.5706,0.245984,-1.56985
0.0640821,0.230767,0.0301976;-1.59019,0.384055,-1.55111
0.0636947,0.243668,0.0354775;-1.7284,0.528498,-1.49602
0.0581853,0.233426,0.0331373;-1.68208,0.526505,-1.52531
0.0527931,0.22676,0.0287758;-1.56834,0.522124,-1.58221
0.0537634,0.226793,0.0293618;-1.60089,0.485369,-1.56094
0.0544747,0.227245,0.0285835;-1.57047,0.490666,-1.57073
0.0597399,0.232434,0.0297432;-1.53892,0.508285,-1.58212
0.0777574,0.258795,0.03297;-1.54189,0.553603,-1.58145
0.0915954,0.271452,0.0324723;-1.65853,0.418802,-1.53839
0.0928412,0.265868,0.0309297;-1.63448,0.348355,-1.55289
0.0932661,0.26431,0.029102;-1.58342,0.299844,-1.57987
0.0894821,0.262786,0.0285784;-1.57083,0.382142,-1.57072
0.0895575,0.263682,0.0286131;-1.57069,0.498711,-1.56913
0.0911354,0.268683,0.0299772;-1.57827,0.661617,-1.5543
0.0770677,0.26078,0.0356411;-1.68168,0.894943,-1.50801
0.0713502,0.251816,0.0336188;-1.68808,0.820631,-1.50414
0.0661713,0.244358,0.0301443;-1.62176,0.77252,-1.54642
0.0673037,0.244342,0.028857;-1.58836,0.693314,-1.55959
0.0672933,0.244687,0.0285788;-1.57089,0.752208,-1.57078
0.0719344,0.245996,0.0286093;-1.57028,0.825604,-1.5689
0.0921591,0.263145,0.0360943;-1.85879,1.0174,-1.32163
0.0917566,0.258323,0.0354432;-1.8178,0.95513,-1.36792
0.086622,0.250428,0.0322081;-1.70127,0.888464,-1.47038
0.0811138,0.248581,0.0290717;-1.60489,0.902711,-1.54683
0.0790656,0.249306,0.0285757;-1.57064,1.01083,-1.57079
0.0809558,0.248411,0.0288355;-1.54295,1.14466,-1.59501
0.0996493,0.256418,0.0366026;-1.40131,1.35578,-1.7335
0.107884,0.258891,0.0350593;-1.85752,1.25816,-1.31192
0.106184,0.253331,0.0303929;-1.68714,1.1781,-1.46916
0.105352,0.250919,0.0292099;-1.63,1.08165,-1.52165
0.104031,0.25213,0.0289702;-1.61097,1.14452,-1.53664
0.104095,0.252788,0.0287065;-1.58225,1.21184,-1.56258
0.125719,0.26178,0.0346617;-2.25876,1.43648,-0.868272
0.124443,0.260782,0.0348857;-2.30614,1.39943,-0.841678
0.114032,0.254249,0.0289222;-1.63986,1.35528,-1.50526
0.109279,0.254429,0.0295143;-1.72819,1.36294,-1.42281
0.109011,0.256319,0.0291904;-1.74671,1.41727,-1.39997
0.106745,0.257867,0.0287626;-1.54882,1.5032,-1.60276
0.131005,0.256184,0.0317126;1.55405,1.41424,1.59827
0.135457,0.253243,0.031721;2.14989,1.46015,0.992472
0.131597,0.251999,0.030212;2.18383,1.50916,0.952666
0.128886,0.248937,0.0291882;-1.93393,1.50382,-1.21424
0.128881,0.250545,0.0291796;-2.13594,1.52247,-1.00965
0.127792,0.251542,0.0289223;1.95656,1.54966,1.17675
0.128793,0.250878,0.0286578;1.5786,1.45214,1.55978
0.150544,0.247195,0.0335325;1.79768,1.23288,1.35588
0.146312,0.244937,0.031852;1.829,1.32242,1.31424
0.140459,0.24416,0.0290614;1.68059,1.40291,1.45747
0.137908,0.246271,0.0293034;1.72912,1.38921,1.41108
0.137724,0.247781,0.0291694;1.68357,1.3368,1.45834
0.136787,0.250212,0.0289003;1.57869,1.24306,1.55081
0.161433,0.237652,0.0327869;1.67063,0.978125,1.49195
0.160428,0.236169,0.0328516;1.73123,1.04151,1.4279
0.148954,0.239369,0.0290041;1.60908,1.13246,1.53061
0.145071,0.240093,0.0297378;1.66206,1.17606,1.48123
0.146276,0.240514,0.0291313;1.63243,1.15546,1.5114
0.146855,0.240956,0.0289145;1.59005,1.12841,1.54275
0.182357,0.221209,0.0320248;1.63256,1.01712,1.53217
0.191241,0.214444,0.0322478;1.70961,1.11396,1.44968
0.182643,0.213138,0.0288082;1.60414,1.23547,1.53915
0.178635,0.216822,0.0294019;1.65172,1.21489,1.49048
0.17865,0.216844,0.0291662;1.63706,1.20079,1.50436
0.178166,0.219327,0.0293241;1.64645,1.1513,1.49831
0.191889,0.213982,0.0334979;1.68133,0.831405,1.48554
0.190985,0.215634,0.0322523;1.64628,0.788018,1.51058
0.174839,0.226586,0.0286996;1.5657,0.866567,1.57211
0.171724,0.227889,0.0292436;1.61773,1.00281,1.52806
0.171236,0.228356,0.0293386;1.62958,0.999366,1.51589
0.171171,0.229393,0.0294458;1.62704,0.964958,1.52159
0.180866,0.217342,0.0323431;1.67202,0.866722,1.50223
0.190056,0.212354,0.0350813;1.71888,0.766992,1.48555
0.18723,0.21203,0.0326294;1.66887,0.814197,1.512
0.178733,0.218398,0.0287104;1.57091,0.900437,1.56403
0.178224,0.219544,0.0292018;1.61417,0.877292,1.53454
0.177636,0.21941,0.0297206;1.62619,0.862064,1.52504
0.180783,0.217518,0.0298065;1.56644,0.702788,1.55853
0.194091,0.200876,0.0336552;1.51513,0.625073,1.60067
0.206329,0.188671,0.0341338;1.55731,0.635725,1.57673
0.204203,0.184535,0.0286992;1.5729,0.916776,1.56478
0.204842,0.181655,0.029039;1.60846,1.02812,1.53563
0.204187,0.182676,0.0292632;1.62919,1.01323,1.5183
0.206645,0.181816,0.0306497;1.65233,0.948673,1.50092
0.215001,0.175889,0.0327522;1.67241,0.82513,1.51043
0.224465,0.173656,0.0352562;1.70945,0.696549,1.49775
0.212121,0.185619,0.0285421;1.56823,0.788843,1.57246
0.210392,0.187303,0.0286486;1.57619,0.819793,1.5671
0.210238,0.187097,0.0293163;1.61763,0.836924,1.53126
0.212319,0.184885,0.0310844;1.64098,0.811217,1.5093
0.224538,0.170036,0.0299814;1.58464,0.758847,1.54594
0.247222,0.147163,0.0336189;1.68699,0.700904,1.48369
0.244076,0.139938,0.0286381;1.57073,0.990345,1.57526
0.24349,0.141456,0.028583;1.56974,1.11117,1.57168
0.243207,0.141746,0.0288379;1.59065,1.13439,1.54888
0.242789,0.143893,0.0308104;1.6784,1.02955,1.47571
0.25049,0.140621,0.0340222;1.74899,0.911457,1.42382
0.261448,0.138312,0.0362176;1.76168,0.75516,1.42759
0.24938,0.149834,0.0287758;1.55786,0.794315,1.58212
0.246534,0.153071,0.028576;1.57053,0.858006,1.57088
0.246499,0.152574,0.0290793;1.60687,0.88878,1.54103
0.245825,0.15378,0.0299592;1.63369,0.840702,1.52129
0.249546,0.148747,0.031738;1.65201,0.801375,1.50074
0.264813,0.128656,0.0326562;1.67057,0.706274,1.49703
0.273959,0.110246,0.0308427;1.63016,0.827623,1.52868
0.26859,0.112805,0.0286032;1.5706,0.950742,1.57209
0.267969,0.114023,0.0285791;1.57052,1.02329,1.5709
0.267497,0.114168,0.0291525;1.61611,1.01729,1.52813
0.267061,0.114955,0.0305588;1.65496,0.96399,1.49653
0.274062,0.107991,0.0322116;1.66611,0.879049,1.48464
0.303663,0.0868356,0.0339827;1.71614,0.815972,1.45607
0.294391,0.0876937,0.028533;1.56693,0.940232,1.57391
0.292217,0.0907219,0.0285656;1.57135,1.05011,1.57021
0.291793,0.0920129,0.0289353;1.60455,1.06685,1.5401
0.291783,0.0922126,0.0292674;1.62965,1.028,1.51653
0.293136,0.0897274,0.0320646;1.69823,0.995321,1.45455
0.322063,0.0650839,0.0360056;1.77623,0.851462,1.40213
0.318193,0.0634338,0.0330879;1.70551,0.940916,1.45771
0.310063,0.0664968,0.0285682;1.57212,1.05431,1.57104
0.308816,0.068181,0.0290012;1.61827,1.18656,1.52407
0.308498,0.0690652,0.029137;1.62925,1.14133,1.51465
0.308828,0.0692778,0.0307907;1.68854,1.10259,1.46155
0.330517,0.060934,0.0363547;1.80808,0.851845,1.38573
0.327609,0.0608008,0.0339273;1.74085,0.901901,1.43913
0.318117,0.0641894,0.0285656;1.56788,1.04044,1.57835
0.316306,0.0677237,0.0285998;1.57335,1.12575,1.56826
0.316619,0.0682391,0.0289927;1.61218,1.07551,1.53385
0.315642,0.0701474,0.0296285;1.62291,1.00349,1.51966
0.315642,0.0701474,0.0296285;1.62291,1.00349,1.51966
0.320878,0.063592,0.0340306;1.684,0.896924,1.45386
0.320878,0.063592,0.0340306;1.684,0.896924,1.45386
