0,0,0.11;-1.57,-2.98023e-08,-1.57
0,0,0.11;-1.57,-2.98023e-08,-1.57
0,0,0.11;-1.57,-2.98023e-08,-1.57
-0.00130136,-0.00224175,0.0288682;-1.56252,-0.290157,-1.56234
-0.00119517,-0.00227648,0.0290593;-1.54908,-0.245576,-1.56311
-0.000635313,-0.00243363,0.0298491;-1.54424,-0.144926,-1.56326
0.00549391,-0.0148818,0.0371348;-1.41357,0.0599115,-1.58037
0.00335876,0.00787629,0.0288787;-1.57098,-0.107063,-1.58446
0.00479108,0.0112073,0.0286327;-1.56805,-0.238965,-1.57011
0.0029129,0.0102671,0.0288203;-1.55941,-0.36442,-1.56518
0.00383885,0.0116381,0.0289295;-1.55547,-0.274722,-1.56317
0.00335382,0.00863335,0.0297288;-1.55006,-0.17065,-1.56096
0.00147789,-0.00739445,0.035829;-1.43796,-0.0247914,-1.56689
0.00154614,-0.0183529,0.0339244;-1.46301,0.00189027,-1.57323
-0.00192907,-0.0122253,0.0306855;-1.51841,-0.084848,-1.56802
-0.00532667,-0.00673535,0.0286016;-1.57076,-0.238256,-1.57178
-0.00520871,-0.00436634,0.0288035;-1.57073,-0.278661,-1.58137
-0.00553217,-0.00431294,0.0291664;-1.57153,-0.204592,-1.56728
-0.00607891,-0.00220726,0.0320509;-1.61022,-0.100231,-1.54704
-0.00518577,-0.030819,0.036693;-1.41804,0.0363915,-1.57186
-0.00855169,-0.0354777,0.0342335;-1.45647,-0.0516187,-1.56573
-0.0120949,-0.0353224,0.0286942;-1.56636,-0.140518,-1.56856
-0.0130268,-0.0366428,0.0287823;-1.56643,-0.239832,-1.56411
-0.0121052,-0.0354403,0.0290198;-1.55575,-0.191577,-1.56144
-0.00931355,-0.0291289,0.029642;-1.55806,-0.109518,-1.5679
-0.00829438,-0.019512,0.0343774;-1.65783,0.0342434,-1.5524
-0.00919159,-0.0226311,0.0306394;-1.55481,0.0915459,-1.58687
-0.0125773,-0.0282027,0.0287002;-1.57072,0.0540168,-1.56503
-0.0128096,-0.0287762,0.0287742;-1.57043,0.00923229,-1.56179
-0.0124063,-0.0282456,0.0288491;-1.5684,0.0235814,-1.56024
-0.0080219,-0.0229592,0.0316128;-1.53377,0.190481,-1.5624
-0.0115503,-0.0277497,0.0364939;-1.45754,0.343744,-1.59661
-0.0156708,-0.0410907,0.0366226;-1.41914,0.385423,-1.64304
-0.018955,-0.0581589,0.0304696;-1.564,0.496558,-1.6051
-0.0235807,-0.0632461,0.0287778;-1.56587,0.491976,-1.57811
-0.0245355,-0.0626186,0.0286507;-1.57076,0.42107,-1.56741
-0.0264768,-0.0655204,0.030107;-1.55838,0.367629,-1.5574
-0.0297116,-0.0716584,0.0325805;-1.52787,0.409545,-1.56745
-0.0348786,-0.0859049,0.0357401;-1.43197,0.449777,-1.63554
-0.0364163,-0.0922239,0.0323941;-1.49725,0.46446,-1.62246
-0.0364357,-0.0994979,0.0289875;-1.55673,0.558719,-1.58569
-0.035114,-0.103026,0.0287425;-1.57232,0.633986,-1.57819
-0.0314616,-0.102021,0.0291527;-1.56972,0.712316,-1.58411
-0.0216964,-0.0920229,0.0327174;-1.50448,0.819045,-1.60929
-0.0114018,-0.0779559,0.0378673;-1.57666,0.798122,-1.55531
-0.0234393,-0.0998618,0.0348034;-1.4065,0.71487,-1.68631
-0.0226952,-0.100127,0.0294008;-1.52752,0.722157,-1.60628
-0.0232803,-0.100622,0.0289738;-1.54839,0.707374,-1.58306
-0.0235508,-0.101684,0.0287689;-1.5637,0.743919,-1.57939
-0.0173208,-0.105002,0.032258;-1.48306,0.864573,-1.64874
-0.00626023,-0.103095,0.0387974;-1.31394,0.923842,-1.79692
0.0236846,-0.0882019,0.0343506;-1.54079,0.843595,-1.64787
0.0274889,-0.0826781,0.0305869;-1.57103,0.861833,-1.60385
0.0140377,-0.0887368,0.0290689;-1.54506,0.940228,-1.59887
0.00853655,-0.0963781,0.028816;-1.57377,1.1275,-1.5559
0.00706892,-0.0966693,0.0305431;-1.52722,1.12799,-1.589
0.00591594,-0.0971174,0.03286;-1.44469,1.14152,-1.65528
0.0042144,-0.0960987,0.0363887;-1.41151,0.946421,-1.74724
0.00923399,-0.0951035,0.033207;-1.56068,0.890832,-1.64786
0.00879449,-0.0979528,0.0357758;-1.5911,0.862837,-1.64326
-0.00368241,-0.104191,0.0328373;-1.51383,1.07414,-1.66965
-0.00147829,-0.103014,0.0310236;-1.47381,1.19017,-1.66574
0.00382973,-0.100126,0.03167;-1.73328,1.31715,-1.39386
-0.000894183,-0.10279,0.035401;-1.23155,1.15676,-1.87716
0.00226592,-0.0987809,0.0370332;-1.32694,1.04406,-1.82079
0.0124961,-0.0957214,0.0316742;-1.56775,0.929676,-1.6217
0.00804722,-0.0975168,0.0327151;-1.58656,0.900488,-1.6141
0.000829993,-0.102106,0.0330244;-1.56425,1.00484,-1.64027
0.00380717,-0.105355,0.0356895;-1.68404,1.14528,-1.49862
0.0308226,-0.0916416,0.0465633;-2.43247,1.1614,-0.796614
0.0348044,-0.0931445,0.0392263;-2.03827,1.17775,-1.16342
0.0357227,-0.0984199,0.0305595;-1.53971,1.11594,-1.63879
0.0427611,-0.0969716,0.0291702;-1.57692,0.960943,-1.57927
0.0352474,-0.0978048,0.030483;-1.56894,1.028,-1.60532
0.0207699,-0.100931,0.0309658;-1.56037,1.14401,-1.61774
0.0222269,-0.105389,0.0436591;-1.78278,1.34349,-1.38706
0.0372401,-0.101551,0.0473464;-2.38227,1.1531,-0.830891
0.0453472,-0.103738,0.0425147;-2.19592,1.08207,-1.01331
0.0391684,-0.10987,0.0332848;-1.58414,0.998148,-1.61648
0.0311443,-0.10892,0.0310015;-1.5626,0.944301,-1.61699
0.026316,-0.107712,0.028943;-1.57908,0.995559,-1.57291
-0.00429901,-0.121406,0.0394058;-1.73047,1.14102,-1.40857
-0.0162259,-0.130665,0.0400932;-1.53754,1.07941,-1.62035
-0.021758,-0.135291,0.0360322;-1.43092,1.00296,-1.74657
-0.008813,-0.134244,0.0380707;-1.59487,0.812393,-1.66925
9.37503e-05,-0.134532,0.0426376;-1.47626,0.879039,-1.79916
0.00929758,-0.133887,0.043994;-1.40335,0.899597,-1.84021
0.0386801,-0.112628,0.0469215;-1.84935,1.13248,-1.31727
0.0442662,-0.109561,0.0407577;-2.13262,1.14211,-1.04681
0.0236518,-0.116138,0.0337472;-1.76255,1.20098,-1.40516
0.0175686,-0.117087,0.0330631;-1.58566,1.02859,-1.61552
0.0209094,-0.11798,0.0346871;-1.54639,0.985711,-1.67331
0.0262552,-0.11833,0.0361903;-1.5316,0.959568,-1.69547
0.0333866,-0.116283,0.0432662;-1.65696,1.05675,-1.52788
0.0492145,-0.113975,0.045357;-2.06233,1.10254,-1.12962
0.0562372,-0.11011,0.0419997;-2.26686,1.15095,-0.928656
0.050314,-0.112649,0.0305019;-1.52028,1.21927,-1.64475
0.0585567,-0.110707,0.0304858;-1.54962,1.09587,-1.61789
0.0599393,-0.10884,0.0314756;-1.54252,1.04685,-1.63658
0.0588298,-0.108322,0.0319395;-1.62841,1.03607,-1.54941
0.047884,-0.111608,0.0430221;-2.12162,1.1672,-1.05652
0.0368795,-0.117661,0.0450907;-2.08125,1.16576,-1.11852
0.0171713,-0.120354,0.0415992;-1.86944,1.15116,-1.35333
0.00261758,-0.116595,0.0351955;-1.47597,1.12452,-1.72933
0.00752611,-0.114298,0.0354743;-1.42943,1.11054,-1.7623
0.0121876,-0.111697,0.0364358;-1.33606,1.08164,-1.82103
0.0506813,-0.0927588,0.0342976;-1.88075,1.25883,-1.25461
0.0495694,-0.0918445,0.0351035;-1.92537,1.23593,-1.22259
0.0360171,-0.0987052,0.0320816;-1.75826,1.14815,-1.40066
0.0213174,-0.103121,0.0332794;-1.60846,1.08334,-1.5932
0.0195926,-0.10256,0.0347833;-1.53478,1.13032,-1.68523
0.019955,-0.104075,0.0364238;-1.43002,1.17406,-1.77595
0.0429941,-0.0997361,0.0398733;-1.22595,1.23834,-1.90231
0.0640145,-0.0967579,0.0346968;-1.82649,1.30473,-1.28307
0.0608507,-0.0942087,0.0299235;-1.52979,1.35719,-1.59554
0.0594307,-0.0921426,0.0288726;-1.52044,1.29799,-1.61843
0.0593271,-0.0925458,0.029077;-1.49555,1.29883,-1.6467
0.0586887,-0.0942025,0.0299014;-1.49936,1.3424,-1.66234
0.0725152,-0.0939102,0.0348864;-1.80068,1.30745,-1.33041
0.0783454,-0.0939775,0.036919;-1.94931,1.29218,-1.16429
0.0668604,-0.0965203,0.0303987;-1.47906,1.26272,-1.63923
0.0614295,-0.0958885,0.0287737;-1.55097,1.22365,-1.58683
0.0608024,-0.0956249,0.0289764;-1.51882,1.20207,-1.61863
0.0604402,-0.0960206,0.0293778;-1.49304,1.21791,-1.649
0.062598,-0.0941578,0.0309128;-1.49634,1.22289,-1.62868
0.0680065,-0.0948339,0.033277;-1.74076,1.20254,-1.3862
0.0728873,-0.0973848,0.034984;-1.7983,1.1488,-1.34092
0.0717082,-0.102408,0.0286658;-1.57029,0.903875,-1.57597
0.0728142,-0.102449,0.0286201;-1.57076,0.869378,-1.5689
0.0751767,-0.103079,0.0289923;-1.53581,0.966802,-1.59929
0.0776412,-0.105781,0.0336369;-1.37217,1.06288,-1.74641
0.0859495,-0.101789,0.0349277;-1.35812,1.17481,-1.74325
0.0965658,-0.0962879,0.0320956;-1.66523,1.27336,-1.44213
0.100538,-0.0936296,0.028928;-1.54516,1.18913,-1.58735
0.0989341,-0.0931555,0.0289226;-1.54613,1.10969,-1.58729
0.0976685,-0.0929614,0.0288386;-1.54561,1.07858,-1.59231
0.0943606,-0.0975867,0.031212;-1.40595,1.23043,-1.73381
0.0931899,-0.0975259,0.0341335;-1.1958,1.28634,-1.92548
0.0998703,-0.0965688,0.0338023;-1.46527,1.42734,-1.63149
0.117659,-0.0961497,0.0293111;-1.55127,1.34922,-1.5757
0.117326,-0.0958353,0.0289069;-1.53351,1.31138,-1.60062
0.114144,-0.095338,0.0290945;-1.52098,1.22191,-1.60972
0.111836,-0.0945936,0.0287167;-1.58768,1.3293,-1.55711
0.105877,-0.0949668,0.0323551;-1.8838,1.38348,-1.27719
0.0985702,-0.0961751,0.0382568;-2.50078,1.33134,-0.660387
0.0760298,-0.101228,0.0291866;-1.51655,1.17159,-1.61238
0.073483,-0.0998022,0.0288275;-1.54997,1.06818,-1.58721
0.0727853,-0.099402,0.0288542;-1.55766,1.02015,-1.57577
0.0791796,-0.101398,0.0290735;-1.50816,1.23851,-1.62623
0.0827713,-0.100206,0.0298649;-1.48236,1.4207,-1.64601
0.0849461,-0.0970938,0.033712;-0.911814,1.51282,-2.20719
0.0846181,-0.101084,0.0324473;-2.2588,1.44043,-0.888617
0.0861418,-0.104139,0.0289213;-1.61192,1.35376,-1.53799
0.0889444,-0.1048,0.0286808;-1.57262,1.20139,-1.57377
0.0890955,-0.104937,0.0288157;-1.56835,1.12028,-1.56286
0.088652,-0.105743,0.0290729;-1.51431,1.21389,-1.61946
0.0789996,-0.107429,0.0342095;-1.08116,1.36131,-2.0535
0.0682177,-0.109493,0.0346946;-0.340955,1.47905,-2.77292
0.0684412,-0.107575,0.0295749;-1.45329,1.47581,-1.67324
0.0681352,-0.105718,0.0287685;-1.56325,1.39819,-1.57064
0.064295,-0.103433,0.0289122;-1.53915,1.24063,-1.59501
0.0658537,-0.104072,0.028903;-1.56194,1.28007,-1.56633
0.0671556,-0.105124,0.0295189;-1.48205,1.37173,-1.64794
0.047591,-0.107004,0.0336141;-0.486404,1.4981,-2.62829
0.0383933,-0.105462,0.0302047;-1.33726,1.46899,-1.7891
0.0348969,-0.101861,0.0287424;-1.53812,1.33753,-1.6029
0.0367062,-0.103108,0.0289779;-1.61476,1.30498,-1.53619
0.0342196,-0.102094,0.0288302;-1.58272,1.40361,-1.56881
0.0353364,-0.10313,0.0295491;-1.34336,1.44275,-1.79518
0.0408327,-0.104431,0.0361589;-0.342721,1.43482,-2.77426
0.0368193,-0.106363,0.033081;-0.782722,1.44412,-2.35039
0.0349845,-0.106925,0.0299333;-1.29103,1.43912,-1.84906
0.0347682,-0.107645,0.0289748;-1.69843,1.4393,-1.44718
0.0334973,-0.107036,0.0287334;-1.57764,1.45559,-1.57044
0.0345758,-0.107009,0.0288564;-1.46139,1.47675,-1.68331
0.0473578,-0.113874,0.0361893;0.557658,1.41292,2.59673
0.0503522,-0.116546,0.0370819;0.490077,1.40012,2.64482
0.053408,-0.116098,0.0338381;0.606698,1.45976,2.52236
0.0574292,-0.114777,0.0309954;1.41655,1.51197,1.6915
0.0557747,-0.116883,0.0304199;1.4378,1.4946,1.67462
0.0514045,-0.122178,0.0302118;1.29017,1.41154,1.84391
0.0514045,-0.122178,0.0302118;1.29017,1.41154,1.84391
0.0525921,-0.124857,0.0320516;1.29004,1.35063,1.85246
0.0525921,-0.124857,0.0320516;1.29004,1.35063,1.85246
