0,0,0.11;-1.57,-2.98023e-08,-1.57
0,0,0.11;-1.57,-2.98023e-08,-1.57
0,0,0.11;-1.57,-2.98023e-08,-1.57
-0.000553043,-0.000352793,0.0286185;-1.57053,-0.241664,-1.56893
-0.000341461,7.06285e-05,0.0285841;-1.57115,-0.191451,-1.57097
0.00115142,0.00431491,0.0298279;-1.5757,-0.083612,-1.58692
0.00439762,0.0191755,0.0341704;-1.66955,-0.023565,-1.58858
0.00694157,0.0195132,0.0285921;-1.57021,-0.207415,-1.57171
0.00629859,0.0194291,0.028642;-1.56764,-0.23711,-1.57012
0.00631373,0.019632,0.0285798;-1.57079,-0.232753,-1.57082
0.00620349,0.0195851,0.0287774;-1.57832,-0.132677,-1.57386
0.00525316,0.0203299,0.0306039;-1.61064,-0.0197963,-1.58123
0.00574866,0.0274344,0.0329139;-1.63281,0.155417,-1.57864
0.00821588,0.0299845,0.0312198;-1.62322,0.104779,-1.57397
0.00880548,0.0278284,0.0287553;-1.57015,0.00366224,-1.58006
0.0090424,0.0289352,0.0286018;-1.57098,-0.1132,-1.56955
0.00885776,0.0291159,0.0286672;-1.57086,-0.0605545,-1.57491
0.00829684,0.0314657,0.0300402;-1.60573,0.01709,-1.57516
0.00678831,0.0397646,0.0367948;-1.7267,0.154398,-1.56169
0.00315406,0.0356694,0.0396523;-1.75489,0.243053,-1.56697
0.00667395,0.0355012,0.0338542;-1.67579,0.142889,-1.56394
0.00807243,0.031019,0.028481;-1.57174,0.0281582,-1.57058
0.00768143,0.0311599,0.0285798;-1.57074,0.0081546,-1.57081
0.00656856,0.0305026,0.0286374;-1.57295,0.0977878,-1.57166
0.00748647,0.0346434,0.0305195;-1.60743,0.216932,-1.56908
0.00803975,0.0421156,0.0355113;-1.7086,0.324577,-1.53857
0.00792238,0.0351232,0.0308795;-1.62339,0.287103,-1.56227
0.00762518,0.0326674,0.0286228;-1.5708,0.152318,-1.56868
0.00764638,0.0326656,0.0286357;-1.57067,0.150668,-1.56818
0.00838297,0.0334125,0.0285799;-1.57083,0.198331,-1.57078
0.0149115,0.0456415,0.0337214;-1.66733,0.444509,-1.53526
0.0144083,0.0548526,0.0395739;-1.78788,0.560143,-1.48158
0.0104088,0.0500843,0.0364755;-1.7407,0.551811,-1.49334
0.0015818,0.0335097,0.028889;-1.56849,0.366814,-1.55871
-0.00114698,0.0310942,0.0289191;-1.56718,0.272476,-1.55896
-0.00132107,0.0309458,0.0290468;-1.55832,0.268332,-1.56363
0.00804354,0.038906,0.0319658;-1.51253,0.476089,-1.59071
0.0133828,0.0490514,0.0400342;-1.62951,0.609106,-1.54461
0.0145457,0.05387,0.0414698;-1.7495,0.645611,-1.48761
0.00179978,0.0314134,0.0289371;-1.57044,0.467802,-1.55254
-0.00112832,0.0286016,0.0290519;-1.56199,0.389859,-1.55848
-0.00278734,0.0270262,0.0289826;-1.5645,0.331751,-1.55829
0.00333436,0.0319959,0.0303524;-1.52967,0.459789,-1.58536
0.0108884,0.0406454,0.0356591;-1.50259,0.581507,-1.60752
0.0169764,0.0531787,0.0423417;-1.72915,0.682783,-1.50231
0.00654608,0.0410433,0.0284979;-1.56064,0.600054,-1.57194
0.00293711,0.0378796,0.0288113;-1.57071,0.488984,-1.55932
0.000508564,0.035747,0.028783;-1.57082,0.392601,-1.56084
0.0026162,0.0365886,0.0286888;-1.56745,0.439671,-1.57537
0.0138839,0.0475437,0.0310312;-1.56927,0.541395,-1.59125
0.0228887,0.0619605,0.0412964;-1.83435,0.633425,-1.44757
0.0134333,0.0480578,0.0289499;-1.54994,0.609329,-1.59225
0.0133707,0.048442,0.02858;-1.57053,0.505779,-1.571
0.0131823,0.0474747,0.0286232;-1.5711,0.463815,-1.56892
0.0149359,0.0492677,0.0287557;-1.56892,0.545721,-1.57934
0.0232682,0.0554313,0.0308405;-1.56619,0.639855,-1.59689
0.0341041,0.0686324,0.0391075;-1.7892,0.771192,-1.45975
0.0203544,0.0529543,0.0302042;-1.5786,0.757636,-1.58748
0.0162593,0.0513944,0.0287838;-1.57076,0.628979,-1.58084
0.0173867,0.0517194,0.0287103;-1.57738,0.555253,-1.56661
0.0182952,0.0523665,0.0285785;-1.571,0.639822,-1.57062
0.0209564,0.0523384,0.0297136;-1.56387,0.728789,-1.5895
0.0334987,0.0612469,0.0340867;-1.61958,0.87759,-1.56631
0.0347963,0.0602248,0.0369086;-1.74653,0.890853,-1.47438
0.0215841,0.0481049,0.0295083;-1.57155,0.821729,-1.58939
0.0200167,0.0478048,0.028656;-1.57062,0.762892,-1.57465
0.0201382,0.0480198,0.028579;-1.5709,0.77148,-1.57067
0.0207219,0.0479531,0.0286569;-1.56995,0.800181,-1.57512
0.0307217,0.0521587,0.0307904;-1.55138,0.862526,-1.60621
0.0526189,0.0669687,0.0416258;-1.92489,0.968426,-1.3262
0.0433116,0.0605081,0.039493;-1.86172,0.979367,-1.36876
0.0256767,0.0495785,0.0289313;-1.55555,0.934488,-1.59539
0.0271576,0.0508781,0.0286663;-1.57348,0.829553,-1.56578
0.0281077,0.0513679,0.0285783;-1.57053,0.88011,-1.57123
0.0320072,0.0523898,0.0292712;-1.55906,0.904115,-1.59336
0.0627959,0.0681804,0.0424085;-2.02214,1.07833,-1.22302
0.0603411,0.0667031,0.0416041;-1.9947,1.06593,-1.23868
0.0407467,0.0533497,0.0298386;-1.60192,1.04775,-1.55692
0.0377267,0.0521995,0.0286742;-1.57383,0.882388,-1.56499
0.0389793,0.0529018,0.0285719;-1.57035,0.940203,-1.57171
0.0408066,0.0528439,0.0288898;-1.56396,0.969397,-1.58802
0.0715919,0.066953,0.0423922;-2.13026,1.1339,-1.09307
0.0708314,0.0688854,0.0414093;-2.12922,1.1325,-1.08192
0.0519389,0.0636002,0.0313088;-1.71375,1.1796,-1.4432
0.0384096,0.0615445,0.0288478;-1.56937,0.99526,-1.56005
0.0391433,0.0617164,0.0287847;-1.5719,1.00342,-1.5596
0.0452892,0.0627454,0.030303;-1.49115,1.05219,-1.63669
0.0856472,0.079714,0.0401474;-2.06592,1.1925,-1.12808
0.0912242,0.083034,0.0400534;-2.142,1.14504,-1.05208
0.0765377,0.0797145,0.0351719;-1.92453,1.19163,-1.24595
0.0522415,0.0692754,0.0288966;-1.56726,1.01394,-1.56058
0.051651,0.0692502,0.0291111;-1.55696,0.983842,-1.56441
0.0563296,0.0697669,0.0299043;-1.50473,1.02594,-1.61689
0.0895131,0.0854425,0.0397949;-1.59212,1.15281,-1.54619
0.100279,0.0911747,0.0381456;-1.99252,1.09399,-1.20289
0.0933485,0.088533,0.0372131;-1.94922,1.12362,-1.2389
0.0753493,0.0754029,0.0286833;-1.57314,0.976493,-1.56377
0.0724924,0.0723807,0.0287876;-1.56988,0.818904,-1.56213
0.0740841,0.0725906,0.0287168;-1.57053,0.857555,-1.56455
0.08271,0.0751893,0.0296701;-1.54392,0.897707,-1.59497
0.11429,0.0956882,0.0390735;-1.9249,1.0224,-1.29028
0.114693,0.0930104,0.0356875;-1.8178,0.982152,-1.37437
0.108534,0.0866234,0.0285886;-1.55862,0.937679,-1.58558
0.1092,0.0865577,0.0285789;-1.5712,0.840184,-1.57004
0.10974,0.0869773,0.0285767;-1.57126,0.874833,-1.57017
0.111381,0.0872515,0.0287957;-1.5697,0.894092,-1.58193
0.142805,0.101987,0.0380254;-1.90115,1.01683,-1.30603
0.14551,0.101413,0.03658;-1.84292,0.973141,-1.35617
0.139003,0.093945,0.0304399;-1.64282,0.925607,-1.51946
0.138032,0.0927268,0.0286046;-1.57253,0.847381,-1.56949
0.139009,0.0935022,0.0285749;-1.57061,0.894406,-1.57126
0.139249,0.0935326,0.0286558;-1.5707,0.919042,-1.57445
0.166444,0.108434,0.0361091;-1.84997,1.04114,-1.34236
0.170266,0.108943,0.0362719;-1.8489,1.00141,-1.34648
0.165321,0.104059,0.0320332;-1.70246,0.969317,-1.46815
0.162236,0.102631,0.0289228;-1.59253,0.943897,-1.55703
0.162688,0.10293,0.0285814;-1.57082,0.966289,-1.57062
0.162808,0.102883,0.0285786;-1.57106,0.999365,-1.57046
0.187524,0.113316,0.0339232;-1.81026,1.15164,-1.36336
0.193626,0.116153,0.0364015;-1.9308,1.13559,-1.25675
0.192,0.113468,0.034819;-1.84898,1.10635,-1.33107
0.184152,0.111274,0.0290187;-1.60602,1.09264,-1.54446
0.183645,0.111709,0.028705;-1.5849,1.10962,-1.55799
0.184143,0.112036,0.0285745;-1.57119,1.14818,-1.57051
0.198644,0.112121,0.0307986;-1.6526,1.28969,-1.50385
0.217087,0.11799,0.0367088;-2.1848,1.3052,-0.988251
0.218692,0.116506,0.0366889;-2.13633,1.27594,-1.03637
0.201875,0.118181,0.0288197;-1.57718,1.33808,-1.57456
0.201461,0.11852,0.0289229;-1.63494,1.34847,-1.51071
0.201604,0.118917,0.0286198;-1.57147,1.38822,-1.56812
0.207069,0.11655,0.0297871;-1.45704,1.5077,-1.69783
0.233399,0.1146,0.0351889;2.758,1.46238,0.36502
0.246025,0.114187,0.0394508;3.0726,1.36161,0.0570614
0.226746,0.121167,0.0285976;1.34004,1.53736,1.79441
0.22208,0.122098,0.0286916;-1.59588,1.55551,-1.54009
0.219838,0.12264,0.0288023;-1.56695,1.48956,-1.56376
0.224927,0.119843,0.0306716;0.0373819,1.52994,3.10335
0.238648,0.116713,0.0375577;0.513719,1.39467,2.62249
0.258967,0.116076,0.0452216;1.60383,1.43117,1.52204
0.266862,0.118118,0.0353072;2.4533,1.39157,0.694482
0.250972,0.122122,0.0287853;1.57058,1.48994,1.58121
0.24676,0.123593,0.0288142;0,1.56824,-3.1302
0.250581,0.121461,0.0300274;0.694141,1.52095,2.45159
0.263111,0.11812,0.035978;0.717505,1.39643,2.42293
0.281488,0.115194,0.042217;1.04887,1.34241,2.08936
0.296233,0.111947,0.036391;2.65775,1.3916,0.486916
0.286264,0.114487,0.0283936;1.63336,1.52496,1.50945
0.28114,0.115856,0.0287369;-1.57036,1.54527,-1.56319
0.283504,0.114179,0.0291522;1.11985,1.52137,2.02776
0.296758,0.10955,0.0318896;1.13307,1.43673,2.00815
0.321852,0.105079,0.0362853;2.10855,1.3177,1.02298
0.330273,0.0992608,0.0363431;2.62593,1.3916,0.513631
0.320539,0.102418,0.0286464;1.4603,1.46802,1.66961
0.31613,0.104402,0.0286009;1.58877,1.4723,1.55343
0.317586,0.104187,0.0285167;1.5438,1.43268,1.59852
0.32001,0.102478,0.0290315;1.52379,1.39861,1.60981
0.344972,0.0935216,0.0321484;1.58511,1.32155,1.53614
0.371694,0.0780659,0.0360294;2.60466,1.39267,0.537073
0.369177,0.0779656,0.032408;2.6385,1.47374,0.501742
0.362693,0.0823373,0.0287504;1.59489,1.49636,1.53884
0.363481,0.0839765,0.0286069;1.5689,1.33355,1.57487
0.36424,0.083292,0.0286769;1.56937,1.29632,1.56753
0.373739,0.0756824,0.0307453;1.54188,1.23882,1.57527
0.405289,0.0514531,0.0372579;2.11316,1.22585,1.04807
0.405419,0.047756,0.0344226;2.09396,1.32439,1.05767
0.399691,0.0498578,0.0287987;1.54703,1.41971,1.58054
0.400319,0.0498696,0.0286299;1.57122,1.38685,1.57286
0.401443,0.0497473,0.0285751;1.57154,1.3125,1.57025
0.402809,0.0479674,0.0291325;1.57237,1.24112,1.55699
0.427134,0.0275284,0.0386965;2.03093,1.10894,1.14289
0.428485,0.0218687,0.0359061;2.02211,1.2198,1.13978
0.423501,0.0214769,0.0308186;1.80486,1.33201,1.34093
0.42125,0.0236144,0.0285795;1.57059,1.36372,1.57182
0.423227,0.0227123,0.0285756;1.57006,1.25179,1.57141
0.423635,0.0219428,0.0286735;1.56863,1.19772,1.56687
0.459148,-0.000753724,0.036366;1.88441,1.07562,1.2799
0.461613,-0.00653418,0.0364387;1.96516,1.14426,1.20403
0.454221,-0.00588146,0.0323699;1.8271,1.23616,1.32566
0.450882,-0.0011309,0.0288084;1.59391,1.2326,1.54569
0.451368,-0.00139328,0.0285798;1.57108,1.16851,1.57073
0.451559,-0.00240868,0.0285806;1.57078,1.07801,1.57015
0.451559,-0.00240868,0.0285806;1.57078,1.07801,1.57015
0.458916,-0.00923433,0.0295949;1.56901,0.993766,1.5699
0.458916,-0.00923433,0.0295949;1.56901,0.993766,1.5699
