0,0,0.11;-1.57,-2.98023e-08,-1.57
0,0,0.11;-1.57,-2.98023e-08,-1.57
0,0,0.11;-1.57,-2.98023e-08,-1.57
-0.000373354,0.000490273,0.0285796;-1.57086,-0.20752,-1.57081
-0.0002441,-0.000536646,0.0286101;-1.57076,-0.106042,-1.57199
0.000565662,-0.000852913,0.0298307;-1.57484,0.0492159,-1.58765
0.00141412,0.00843262,0.0338051;-1.637,0.224438,-1.5866
0.00145702,0.0127519,0.0285788;-1.57078,-0.00240985,-1.57045
-0.000223884,0.0118164,0.0285801;-1.5708,-0.103781,-1.57081
-0.000381894,0.0116091,0.0285807;-1.57091,-0.127078,-1.57074
0.000385261,0.0113191,0.0286819;-1.5708,0.0682775,-1.57565
0.00253976,0.00861428,0.0299427;-1.569,0.227902,-1.58998
0.00574381,0.0133831,0.033689;-1.59189,0.391549,-1.60513
0.00477191,0.00381059,0.02932;-1.56064,0.390355,-1.58178
0.00321095,0.00496252,0.0285823;-1.57067,0.273685,-1.57098
0.00247943,0.00429795,0.028581;-1.57098,0.149049,-1.57066
0.00241692,0.00338633,0.0285794;-1.57079,0.215758,-1.57083
0.00396044,0.00201466,0.0293835;-1.56545,0.322888,-1.58503
0.00789979,0.0124265,0.0324886;-1.55434,0.423139,-1.60749
0.00947687,0.0299516,0.0383302;-1.68725,0.466173,-1.57643
0.00883466,0.027261,0.0309172;-1.59658,0.330572,-1.57983
0.00792013,0.0280416,0.0285785;-1.57077,0.193793,-1.57069
0.00727569,0.0279115,0.0285794;-1.57085,0.0661617,-1.57078
0.00699377,0.0272277,0.0286323;-1.57073,0.117529,-1.57349
0.00722215,0.0292975,0.0299029;-1.58531,0.234283,-1.58286
0.00999017,0.0389539,0.035379;-1.69141,0.342854,-1.55092
0.0101204,0.0374316,0.0296992;-1.59571,0.309374,-1.57096
0.00800734,0.0372117,0.0285801;-1.57081,0.0651157,-1.57073
0.0079724,0.0371752,0.02858;-1.57079,0.0670114,-1.57075
0.00811626,0.0373661,0.0285826;-1.57088,0.111155,-1.57105
0.0116847,0.0404127,0.0322869;-1.59675,0.358136,-1.59229
0.0130467,0.0479859,0.0401906;-1.72562,0.476997,-1.55995
0.0108775,0.0451435,0.038395;-1.71354,0.490175,-1.55151
0.00635453,0.0299729,0.0285814;-1.57087,0.458085,-1.57073
0.00673701,0.0297171,0.0286182;-1.57283,0.427005,-1.57
0.00672549,0.0305119,0.0286631;-1.57494,0.475466,-1.56858
0.00951083,0.028487,0.02972;-1.5552,0.656725,-1.59322
0.0173823,0.0414899,0.0346787;-1.4773,0.73186,-1.64689
0.0229626,0.0573234,0.0391782;-1.73328,0.72916,-1.52067
0.0175719,0.0505863,0.02858;-1.57065,0.602804,-1.57091
0.0178168,0.0516744,0.0286245;-1.57335,0.473014,-1.5697
0.0179152,0.0515911,0.0285816;-1.57083,0.451041,-1.57075
0.0189399,0.0519318,0.028874;-1.56903,0.559283,-1.58362
0.0276418,0.0597265,0.0313;-1.59635,0.669687,-1.57868
0.0336668,0.068172,0.0400422;-1.78933,0.750959,-1.47116
0.0296744,0.0630559,0.0286748;-1.56931,0.636819,-1.57759
0.0298474,0.0634661,0.0285779;-1.5708,0.562554,-1.57101
0.0303497,0.0636299,0.0285784;-1.5707,0.527338,-1.57084
0.030906,0.0632092,0.0287547;-1.57041,0.665867,-1.57967
0.0351584,0.0639828,0.030737;-1.56058,0.797769,-1.602
0.0461699,0.0747158,0.0364006;-1.68816,0.932969,-1.53112
0.0363961,0.0598123,0.0286328;-1.56124,0.892111,-1.58168
0.0356663,0.05831,0.028577;-1.57082,0.875208,-1.57058
0.036214,0.0584384,0.0287322;-1.58185,0.85604,-1.5627
0.0362656,0.0578946,0.0286515;-1.57054,0.983062,-1.5752
0.0396665,0.0578171,0.0300676;-1.52425,1.07767,-1.61558
0.0510426,0.0705163,0.0354642;-1.34686,1.16502,-1.7691
0.056686,0.0844939,0.0288018;-1.56132,0.95952,-1.58719
0.0566694,0.0854809,0.0285767;-1.57043,0.886736,-1.57089
0.0566708,0.0850316,0.0286911;-1.57879,0.851734,-1.56489
0.0566812,0.0855896,0.0286392;-1.57071,0.893521,-1.57364
0.0613975,0.0888319,0.0299537;-1.56011,0.9388,-1.59787
0.0814606,0.104631,0.0346528;-1.70502,1.039,-1.4942
0.0893918,0.109489,0.033776;-1.71604,0.981367,-1.47136
0.0838166,0.105488,0.0284134;-1.55003,0.924089,-1.59165
0.0828284,0.105518,0.0285671;-1.57131,0.876648,-1.57026
0.0827374,0.105471,0.0285771;-1.57079,0.884249,-1.57068
0.08216,0.104303,0.0287244;-1.56975,0.97668,-1.57905
0.0862351,0.102846,0.0305061;-1.54677,1.09525,-1.61276
0.104707,0.117868,0.0392717;-1.87381,1.21279,-1.35303
0.103298,0.117463,0.0357294;-1.78603,1.15113,-1.41362
0.0974375,0.113156,0.028539;-1.57406,1.04743,-1.56763
0.0965185,0.112913,0.0286947;-1.58084,0.991596,-1.5625
0.0962576,0.113286,0.0285789;-1.57082,1.03398,-1.57071
0.096194,0.112048,0.028769;-1.55955,1.10046,-1.58489
0.115304,0.129419,0.0369071;-1.44745,1.28977,-1.70218
0.118159,0.13604,0.0389265;-1.82572,1.23188,-1.39442
0.110904,0.13285,0.0289219;-1.54481,1.08979,-1.59793
0.111438,0.134468,0.0285841;-1.57152,0.89004,-1.57024
0.111658,0.134758,0.0285788;-1.57139,0.907165,-1.57056
0.111912,0.133762,0.0288344;-1.56294,0.979035,-1.58632
0.151733,0.161793,0.0397489;-1.88069,1.06219,-1.34923
0.166779,0.169021,0.0377765;-1.86057,0.969939,-1.34961
0.167711,0.164627,0.0293241;-1.60666,0.890214,-1.54714
0.165305,0.164161,0.0285757;-1.57102,0.815227,-1.5706
0.165734,0.164573,0.0285698;-1.57012,0.895959,-1.57158
0.165127,0.161511,0.0288621;-1.56237,1.02448,-1.58713
0.18589,0.175458,0.0383468;-1.82744,1.20609,-1.39154
0.198274,0.186346,0.0406376;-1.96421,1.11524,-1.26332
0.200726,0.183928,0.0287353;-1.57003,1.01016,-1.57881
0.199039,0.183484,0.0285802;-1.57084,0.930723,-1.57082
0.19932,0.183599,0.0285657;-1.57058,1.01048,-1.5706
0.198481,0.180173,0.0286591;-1.57074,1.14374,-1.5747
0.205574,0.175393,0.0333565;-1.27859,1.34924,-1.86284
0.206797,0.176272,0.0341433;-1.74834,1.3546,-1.4345
0.203913,0.178044,0.0296987;-1.53551,1.29028,-1.61288
0.203959,0.184531,0.0285805;-1.57081,1.00524,-1.57084
0.20455,0.184733,0.0286525;-1.57513,0.994255,-1.56602
0.204504,0.184107,0.0285778;-1.57179,1.09454,-1.57001
0.204516,0.181325,0.0290955;-1.5384,1.2083,-1.61106
0.230422,0.19573,0.0372602;-1.88462,1.28712,-1.32359
0.243162,0.204084,0.0372282;-1.91137,1.13801,-1.28522
0.243936,0.202211,0.0286109;-1.57049,1.01897,-1.57374
0.243347,0.202505,0.0285825;-1.57071,0.921609,-1.57073
0.244012,0.202933,0.0285751;-1.57086,1.0072,-1.57096
0.242531,0.199879,0.0288261;-1.55844,1.15767,-1.58901
0.251961,0.196172,0.0354911;-1.07935,1.37896,-2.05021
0.251561,0.196887,0.03727;-1.92714,1.33863,-1.27554
0.249176,0.199111,0.0288774;-1.55016,1.20982,-1.59695
0.248957,0.2003,0.0285804;-1.57089,0.973087,-1.57067
0.249747,0.200627,0.0285761;-1.57098,1.0605,-1.57094
0.249007,0.198371,0.0287764;-1.56119,1.20192,-1.58597
0.258115,0.192248,0.0355144;-0.783287,1.43762,-2.34351
0.258445,0.192798,0.0365426;-1.91803,1.42777,-1.27074
0.255575,0.195224,0.0288951;-1.53434,1.28817,-1.61061
0.256091,0.196875,0.028584;-1.57153,1.01004,-1.57034
0.256683,0.197594,0.0285854;-1.57079,1.07581,-1.57032
0.25568,0.19612,0.0286771;-1.56945,1.2008,-1.57685
0.267218,0.195067,0.0343989;-1.0233,1.43374,-2.12128
0.273141,0.197824,0.0368162;-2.15052,1.45468,-1.0472
0.264375,0.192931,0.0319905;-1.74304,1.42643,-1.42197
0.259333,0.193792,0.028591;-1.57268,1.14344,-1.56923
0.259352,0.193649,0.0286375;-1.57716,1.13537,-1.565
0.259733,0.193968,0.0285791;-1.57095,1.2135,-1.57058
0.261271,0.185878,0.0308487;-1.14729,1.50377,-2.00113
0.26908,0.183641,0.0346048;0.772744,1.49244,2.36413
0.263408,0.180937,0.0349621;1.45221,1.5518,1.67041
0.25512,0.182116,0.0285794;-1.57119,1.33154,-1.57054
0.255589,0.181726,0.0287055;-1.58796,1.21623,-1.55487
0.255749,0.182076,0.0287184;-1.59163,1.24057,-1.55112
0.252974,0.176841,0.029144;-1.40907,1.50682,-1.73984
0.259561,0.171979,0.0322708;0.97522,1.48549,2.15831
0.262257,0.170375,0.0349079;1.42435,1.4475,1.69654
0.252249,0.173563,0.0286212;-1.54983,1.46284,-1.59128
0.251183,0.174101,0.0285796;-1.57061,1.32291,-1.57103
0.251343,0.173771,0.0285797;-1.57114,1.28489,-1.5704
0.25077,0.172818,0.028877;-1.53489,1.42517,-1.61571
0.257098,0.171269,0.0313157;-0.115551,1.55891,-3.05231
0.272179,0.174224,0.0381052;2.14204,1.4264,0.942745
0.270103,0.16951,0.0286721;-1.49345,1.53538,-1.65199
0.270666,0.170894,0.0285541;-1.57415,1.40884,-1.5679
0.269867,0.171002,0.0285756;-1.5706,1.33563,-1.57073
0.269903,0.170236,0.0287962;-1.53499,1.48559,-1.61516
0.271077,0.166966,0.0310961;1.43244,1.50924,1.6826
0.282087,0.164387,0.0364227;1.85165,1.35649,1.24305
0.264219,0.160865,0.0287958;1.52683,1.35841,1.61073
0.264018,0.161378,0.0285787;1.57118,1.43944,1.57026
0.264894,0.161017,0.0286579;1.62508,1.50801,1.51621
0.264886,0.160236,0.0286099;1.56576,1.37891,1.57433
0.265133,0.156015,0.0298842;1.51438,1.25713,1.61906
0.274166,0.152509,0.0335253;1.42542,1.12853,1.70209
0.265546,0.152508,0.0289634;1.54287,1.17314,1.59533
0.264048,0.153737,0.0285731;1.5726,1.28079,1.56884
0.264245,0.15362,0.0286528;1.57719,1.34837,1.56204
0.264461,0.153545,0.0285786;1.57155,1.28769,1.56968
0.263855,0.152489,0.0290255;1.5333,1.20673,1.59877
0.272508,0.150229,0.0332374;1.40704,1.1442,1.7147
0.312681,0.148442,0.0402224;1.96218,1.13764,1.16134
0.300117,0.149642,0.0288229;1.52012,1.23064,1.62173
0.298526,0.151886,0.0285772;1.57153,1.34782,1.5702
0.298833,0.151503,0.0285759;1.57153,1.36968,1.56991
0.298248,0.150929,0.0286736;1.5704,1.29871,1.56632
0.299679,0.147719,0.0302867;1.54825,1.18194,1.57383
0.319812,0.141457,0.0408805;1.86347,1.01747,1.25551
0.307372,0.145551,0.0356178;1.78277,1.07363,1.35597
0.293616,0.149083,0.0285534;1.57034,1.11031,1.57171
0.293989,0.149279,0.0287026;1.58431,1.11956,1.55856
0.294245,0.149161,0.0285812;1.57136,1.05995,1.5702
0.290721,0.148014,0.0288865;1.55428,0.920892,1.57875
0.296326,0.137754,0.0361351;1.46105,0.701117,1.6565
0.294233,0.140016,0.0360194;1.60586,0.753807,1.51734
0.2934,0.144426,0.0287915;1.55738,0.909888,1.57961
0.29322,0.146265,0.0285979;1.57285,1.11546,1.56903
0.293877,0.146171,0.0285073;1.56509,1.04804,1.57579
0.292154,0.145042,0.0287005;1.56757,0.933818,1.56882
0.312971,0.130957,0.0374224;1.48168,0.752558,1.62136
0.333796,0.121542,0.0391598;1.79065,0.844507,1.35563
0.33209,0.11856,0.028451;1.54621,1.00051,1.58946
0.330715,0.123247,0.0285873;1.57139,1.23964,1.57074
0.331147,0.122594,0.0285465;1.56691,1.16283,1.57434
0.329372,0.121845,0.0286906;1.56721,1.04057,1.56698
0.329372,0.121845,0.0286906;1.56721,1.04057,1.56698
0.32842,0.117892,0.0307337;1.55216,0.898796,1.56643
0.32842,0.117892,0.0307337;1.55216,0.898796,1.56643
