0,0,0.11;-1.57,-2.98023e-08,-1.57
0,0,0.11;-1.57,-2.98023e-08,-1.57
0,0,0.11;-1.57,-2.98023e-08,-1.57
-0.000195926,0.00089981,0.0285813;-1.57091,-0.271575,-1.57072
0.000416484,0.00209417,0.028581;-1.57069,-0.216526,-1.5709
0.00125276,0.00747361,0.0298183;-1.54847,-0.0795596,-1.56342
-0.00249188,0.012104,0.0379649;-1.52637,0.0527131,-1.55037
-0.00883367,-0.00134313,0.0344748;-1.44556,-0.167845,-1.54528
-0.0106246,-0.00166271,0.0292818;-1.54511,-0.258625,-1.55488
-0.0111436,-0.00356929,0.0290473;-1.55634,-0.332301,-1.55719
-0.0116393,-0.00537326,0.028863;-1.57425,-0.230632,-1.58172
-0.0120247,-0.00897018,0.0298276;-1.55942,-0.116296,-1.58933
-0.0114712,-0.00523499,0.0331092;-1.58911,0.0718004,-1.59782
-0.0140791,-0.0033408,0.0331092;-1.64254,0.0401763,-1.55374
-0.0126633,-0.00960599,0.0295749;-1.56918,-0.0755905,-1.56337
-0.0142939,-0.0144227,0.0289724;-1.556,-0.176151,-1.56376
-0.0128626,-0.011536,0.0302799;-1.52533,-0.160521,-1.56317
-0.00957413,-0.0133976,0.0316385;-1.50969,-0.0915708,-1.57145
-0.00742171,-0.0185793,0.0347961;-1.46379,0.0367532,-1.59088
-0.00980867,-0.0161407,0.0337139;-1.63228,0.126127,-1.58421
-0.00864345,-0.0108498,0.0324688;-1.61572,0.0245834,-1.58072
-0.00863133,-0.014914,0.0287374;-1.57542,-0.101224,-1.57511
-0.00845907,-0.0142684,0.0286172;-1.57049,-0.246788,-1.57261
-0.00842669,-0.014084,0.0287391;-1.56692,-0.214431,-1.57452
-0.00868608,-0.012269,0.0300912;-1.54381,-0.12909,-1.57195
-0.00885736,-0.0142784,0.0355865;-1.4659,-0.0588436,-1.5842
-0.00961441,-0.0225949,0.0369963;-1.43889,-0.0332093,-1.59108
-0.0110106,-0.0194088,0.0286751;-1.56873,-0.267142,-1.56769
-0.011217,-0.0201669,0.0285807;-1.57077,-0.333391,-1.57078
-0.0114663,-0.0206261,0.0287268;-1.57257,-0.288778,-1.57655
-0.0115974,-0.0252873,0.0327222;-1.546,-0.0848841,-1.61389
-0.0124101,-0.028453,0.0370469;-1.49667,0.069914,-1.6309
-0.0157771,-0.0364521,0.0388405;-1.40813,0.0998896,-1.61398
-0.0207347,-0.0402395,0.0295369;-1.56097,-0.0752869,-1.55317
-0.0248018,-0.0496159,0.0292128;-1.55073,-0.213167,-1.5526
-0.0254449,-0.0503549,0.029085;-1.55271,-0.251724,-1.55748
-0.0226275,-0.0490425,0.0297242;-1.56204,-0.0942515,-1.5868
-0.0215671,-0.0512355,0.0339831;-1.52485,0.0469384,-1.61782
-0.0225472,-0.0548044,0.0380533;-1.43617,0.136708,-1.62587
-0.024837,-0.0500971,0.0286046;-1.57314,0.0644517,-1.57211
-0.0276708,-0.0557938,0.0292595;-1.55752,-0.0414252,-1.55074
-0.0322846,-0.0632845,0.0296366;-1.55561,-0.149726,-1.54545
-0.0299825,-0.0600724,0.0321614;-1.49451,-0.0661039,-1.56141
-0.0292088,-0.0668199,0.0395178;-1.38381,0.0203402,-1.5905
-0.0274198,-0.0720057,0.0433947;-1.32353,0.107818,-1.61463
-0.0275508,-0.0702174,0.0286686;-1.57819,0.0594638,-1.582
-0.0263421,-0.0677227,0.0288683;-1.58106,-0.0484691,-1.57495
-0.0265626,-0.0688179,0.0288676;-1.57927,-0.110062,-1.56639
-0.0224784,-0.0614335,0.0297073;-1.56135,-0.0685269,-1.57067
-0.013345,-0.0389004,0.0321387;-1.61142,-0.0192352,-1.57641
-0.0115468,-0.0261844,0.0350546;-1.65055,0.0629296,-1.59444
-0.0114983,-0.0335561,0.0318879;-1.59344,-0.114713,-1.55473
-0.0106987,-0.0378381,0.0286557;-1.57318,-0.155561,-1.56998
-0.0102098,-0.0408636,0.0287829;-1.57476,-0.197937,-1.56568
-0.0119753,-0.0355408,0.0317811;-1.6361,-0.0802959,-1.57376
-0.00799983,-0.0259893,0.0347942;-1.69561,0.0049619,-1.57563
-0.00652821,-0.0200959,0.0371834;-1.67876,0.113106,-1.60419
-0.00777929,-0.0199666,0.0328547;-1.61873,0.0735776,-1.59855
-0.010315,-0.0238124,0.0307527;-1.62435,0.0409013,-1.56827
-0.0138328,-0.0368171,0.0298208;-1.58491,-0.0350173,-1.55541
-0.0156803,-0.0375024,0.0334728;-1.61525,-0.0232099,-1.53097
-0.0123514,-0.030642,0.0351933;-1.69138,0.104528,-1.5482
-0.0106057,-0.0243581,0.0373647;-1.72133,0.196392,-1.56338
-0.0109352,-0.0239696,0.0348573;-1.5809,0.28428,-1.63529
-0.0140442,-0.0305271,0.032578;-1.58752,0.307202,-1.61846
-0.0172981,-0.0379742,0.0295108;-1.57394,0.293366,-1.58944
-0.019749,-0.0375411,0.0286363;-1.5695,0.13856,-1.57221
-0.0184076,-0.0369267,0.0317214;-1.51402,0.19823,-1.57716
-0.0160674,-0.036634,0.0393063;-1.37012,0.297258,-1.61444
-0.00799749,-0.0422135,0.0430642;-1.25152,0.455154,-1.7054
-0.00889054,-0.0379929,0.040839;-1.32336,0.419027,-1.68616
-0.00940491,-0.0272713,0.0301513;-1.57884,0.352103,-1.60004
-0.00892504,-0.0215737,0.0287944;-1.57114,0.245177,-1.5814
-0.00884032,-0.0212113,0.0288406;-1.57828,0.25515,-1.57595
-0.00313492,-0.0123743,0.0300163;-1.56591,0.300166,-1.57453
0.0153774,0.0252231,0.0383935;-1.78374,0.479293,-1.47525
0.0187032,0.0288275,0.0379196;-1.75031,0.386702,-1.48943
0.0184546,0.019822,0.0310958;-1.58728,0.240987,-1.53591
0.0147908,0.0133511,0.0285764;-1.57103,0.140124,-1.57072
0.0140485,0.0123766,0.0287529;-1.57071,0.228312,-1.57901
0.0158899,0.0121606,0.0289939;-1.56848,0.314563,-1.58282
0.0227299,0.0264338,0.0360363;-1.66309,0.630027,-1.54388
0.0236698,0.0310911,0.0384933;-1.75864,0.593936,-1.49545
0.0242457,0.0276036,0.0295768;-1.59126,0.413464,-1.56292
0.0167068,0.0226595,0.0289439;-1.55113,0.272266,-1.5709
0.0190159,0.0227546,0.029205;-1.53856,0.342789,-1.58201
0.0223123,0.0244253,0.0299486;-1.52978,0.374402,-1.58753
0.0293583,0.0306915,0.0350278;-1.68669,0.677944,-1.51885
0.0287427,0.0355074,0.0406831;-1.81642,0.682573,-1.44151
0.0275389,0.0352412,0.0363151;-1.77104,0.644721,-1.45288
0.0161201,0.0135034,0.0286149;-1.57013,0.465872,-1.56989
0.0158923,0.0131512,0.0287106;-1.56418,0.426731,-1.57451
0.015499,0.0135679,0.0289615;-1.551,0.394454,-1.57868
0.0206373,0.0145399,0.0389838;-1.35099,0.503392,-1.67405
0.023858,0.0153214,0.0396231;-1.33096,0.579981,-1.69505
0.0261863,0.0175618,0.0370497;-1.38243,0.629478,-1.67207
0.0244415,0.0184062,0.0286003;-1.57276,0.592823,-1.57111
0.0236428,0.0179043,0.0286442;-1.57457,0.63232,-1.56864
0.0241583,0.0184177,0.0286363;-1.57102,0.616745,-1.57358
0.024992,0.0196799,0.0292846;-1.56107,0.603587,-1.59124
0.0299347,0.0215998,0.0364507;-1.37612,0.671649,-1.69785
0.0292338,0.0206094,0.0364231;-1.36895,0.687809,-1.69667
0.0279579,0.0233702,0.0333783;-1.44153,0.664748,-1.64542
0.0256019,0.0262104,0.0301543;-1.5134,0.640753,-1.59866
0.0287978,0.0275958,0.031947;-1.46235,0.67335,-1.63099
0.0298766,0.0288599,0.034925;-1.39493,0.678304,-1.67323
0.0327585,0.0282285,0.0404951;-1.27002,0.709327,-1.76111
0.0344115,0.0272281,0.0375341;-1.32578,0.755291,-1.73568
0.0352042,0.0281271,0.0325819;-1.4477,0.764537,-1.65017
0.0345403,0.0316839,0.02929;-1.54047,0.763569,-1.57756
0.041039,0.0350896,0.0302784;-1.49385,0.816421,-1.61708
0.0461665,0.0381758,0.0336803;-1.40526,0.83623,-1.68331
0.0507505,0.0388322,0.042755;-1.16146,0.80838,-1.8713
0.054269,0.0403407,0.0430203;-1.12845,0.834939,-1.90658
0.0559964,0.0435165,0.0359695;-1.34386,0.855254,-1.73654
0.0495445,0.0430817,0.0287871;-1.55902,0.737276,-1.57734
0.0498299,0.0432301,0.0286529;-1.57075,0.755687,-1.56721
0.0505254,0.0430374,0.0291043;-1.53702,0.779453,-1.59569
0.060241,0.0463074,0.0378403;-1.29426,0.834323,-1.77866
0.0638982,0.0463979,0.0434407;-1.10811,0.861113,-1.92868
0.0676001,0.0500943,0.0431633;-1.07182,0.922716,-1.96845
0.0652144,0.0508879,0.0356607;-1.36398,0.929999,-1.71308
0.0678209,0.0521202,0.0290627;-1.55848,0.952854,-1.56486
0.0686403,0.0520711,0.0286575;-1.57004,0.967036,-1.56816
0.0718409,0.0524436,0.0296598;-1.5374,1.00812,-1.6105
0.0747423,0.0515871,0.0347195;-1.31653,1.05625,-1.79565
0.0763478,0.0512633,0.0397014;-1.08273,1.08402,-2.00311
0.0793495,0.0563871,0.0288303;-1.5567,1.09835,-1.57773
0.073234,0.0549348,0.0291482;-1.55407,1.02073,-1.56657
0.0676901,0.0528886,0.030941;-1.54447,0.969329,-1.55514
0.0787661,0.0547343,0.0326693;-1.40397,1.04504,-1.70702
0.0846561,0.0537487,0.0363293;-1.25457,1.08624,-1.84822
0.0880178,0.0530412,0.037895;-1.16302,1.1079,-1.94396
0.0908618,0.053778,0.0288326;-1.56821,1.14992,-1.58604
0.0902968,0.0538003,0.0286897;-1.57035,1.12672,-1.57645
0.0901889,0.0538398,0.0285775;-1.57096,1.11655,-1.57057
0.0904587,0.0536389,0.0288378;-1.56567,1.16509,-1.58612
0.0925452,0.0534579,0.0302169;-1.53099,1.1976,-1.6296
0.096424,0.0534548,0.0331326;-1.48238,1.23823,-1.70196
0.0994514,0.0579061,0.0288355;-1.57205,1.24589,-1.58112
0.098356,0.0573977,0.0286975;-1.5703,1.25851,-1.5769
0.0979976,0.0573561,0.0285746;-1.57309,1.2662,-1.56803
0.10244,0.0568079,0.0289492;-1.54854,1.32348,-1.59773
0.113728,0.0564233,0.0318927;-1.20762,1.4001,-1.92546
0.13069,0.0587603,0.0362006;-0.499461,1.40797,-2.63536
0.134095,0.0658142,0.0344493;-0.978445,1.42115,-2.13354
0.130053,0.0697702,0.0311445;-1.44565,1.36895,-1.65991
0.123364,0.0737361,0.0315652;-1.49466,1.27421,-1.6027
0.126088,0.0752482,0.0337793;-1.26208,1.26226,-1.84662
0.134362,0.0732687,0.0372559;-0.971753,1.32837,-2.12732
0.141412,0.0707824,0.0404798;-0.567251,1.38078,-2.5192
0.144443,0.0687484,0.0393277;-0.327585,1.35298,-2.80158
0.145991,0.071876,0.0332423;-0.953616,1.40249,-2.17107
0.142543,0.0710437,0.0294881;-1.4748,1.34798,-1.65648
0.138632,0.0749514,0.0309085;-1.37988,1.28124,-1.74691
0.139707,0.0771051,0.0329778;-1.28093,1.26273,-1.83205
0.144747,0.0778221,0.0354556;-1.25911,1.30982,-1.82268
0.156679,0.0746544,0.0384761;-1.14983,1.29138,-1.93622
0.159176,0.0764042,0.0349359;-1.30352,1.24213,-1.78536
0.15217,0.0783629,0.0344172;-1.39399,1.16092,-1.68951
0.139219,0.0791375,0.0335561;-1.37192,1.05563,-1.73114
0.141984,0.077337,0.034177;-1.42605,1.15675,-1.6585
0.151413,0.0726884,0.033509;-1.50247,1.25313,-1.58957
0.169095,0.0796081,0.0433993;-1.64459,1.37492,-1.46609
0.163379,0.0758216,0.0448938;-1.89838,1.3213,-1.24685
0.146814,0.0705525,0.02871;-1.57709,1.26818,-1.56929
0.14355,0.069448,0.0285772;-1.57084,1.2713,-1.57059
0.144883,0.0695868,0.028693;-1.55604,1.31138,-1.58356
0.150119,0.0699818,0.0304127;-1.3425,1.34827,-1.78645
0.180289,0.0824168,0.0427187;-0.587609,1.34781,-2.48306
0.191671,0.0922776,0.0439334;-0.937797,1.34886,-2.11499
0.198091,0.0961222,0.0367855;-1.38333,1.29691,-1.67542
0.191651,0.0998015,0.0358603;-1.51221,1.26356,-1.53719
0.195739,0.0948883,0.0367392;-1.43852,1.31127,-1.60617
0.203886,0.0912101,0.032483;-1.56007,1.38333,-1.52475
0.225109,0.10277,0.0403293;-1.76537,1.50782,-1.31377
0.230698,0.112797,0.0417501;-2.46327,1.46556,-0.617133
0.230807,0.121394,0.0393551;-2.52868,1.42033,-0.544583
0.209705,0.115064,0.0407804;-1.73746,1.45894,-1.27219
0.197385,0.107233,0.0394738;-1.32182,1.48147,-1.69893
0.196856,0.103107,0.0399863;-0.615511,1.47641,-2.42102
0.196856,0.103107,0.0399863;-0.615511,1.47641,-2.42102
0.203383,0.101976,0.03863;0.0175361,1.45744,-3.10091
0.203383,0.101976,0.03863;0.0175361,1.45744,-3.10091
