0,0,0.11;-1.57,-2.98023e-08,-1.57
0,0,0.11;-1.57,-2.98023e-08,-1.57
0,0,0.11;-1.57,-2.98023e-08,-1.57
-0.000659031,-0.000473137,0.0285936;-1.57072,-0.238398,-1.5699
0.000118282,0.00144625,0.0285823;-1.57065,-0.140289,-1.57073
0.00169231,0.00495577,0.0287948;-1.56466,0.0186901,-1.56561
0.000768316,0.00966606,0.0316462;-1.62214,0.164181,-1.56803
0.00565612,0.00921019,0.0290457;-1.58449,-0.0583901,-1.58028
0.00764044,0.0109354,0.0298409;-1.60276,-0.128003,-1.58095
0.00786368,0.00840209,0.0299832;-1.59462,-0.142084,-1.58923
0.00349098,-0.00474274,0.0310976;-1.5698,0.0191103,-1.61328
0.00176064,-0.00563442,0.0315091;-1.55914,0.151469,-1.60784
0.00494399,0.00828087,0.0346237;-1.63746,0.329178,-1.56788
0.00513267,0.0187537,0.0321048;-1.63339,0.35003,-1.5513
0.00557174,0.0127448,0.0286794;-1.57088,0.216515,-1.56599
0.00327944,0.0110416,0.0285801;-1.57123,0.0467537,-1.57058
0.00266581,0.0113859,0.0285802;-1.57069,-0.0912051,-1.5709
0.00300398,0.0094867,0.0287056;-1.56974,0.00738896,-1.576
0.0042302,0.00529097,0.0308614;-1.52099,0.145112,-1.57826
0.00666956,0.0154132,0.0369452;-1.52874,0.389033,-1.55612
0.0131,0.0230513,0.0357469;-1.63868,0.297896,-1.55075
0.0177568,0.0248583,0.0318181;-1.64187,0.189754,-1.56049
0.0197505,0.0236741,0.0318695;-1.63649,0.159087,-1.58181
0.0101867,0.0144933,0.0311214;-1.57083,0.264499,-1.61193
0.00881828,0.012647,0.0310608;-1.55609,0.375949,-1.61149
0.0140033,0.0209704,0.0313381;-1.59006,0.529548,-1.57481
0.0198395,0.0356564,0.0321373;-1.63809,0.646062,-1.52175
0.0195834,0.029451,0.0286947;-1.56797,0.410497,-1.56866
0.0174301,0.0291601,0.0286093;-1.56931,0.29447,-1.57113
0.0174958,0.0296086,0.0286901;-1.56989,0.309421,-1.56655
0.0250686,0.032615,0.0326792;-1.4865,0.542274,-1.60624
0.0279997,0.0331209,0.0375789;-1.40396,0.668777,-1.64142
0.0303917,0.0366882,0.0368078;-1.45949,0.806345,-1.58196
0.030396,0.0546375,0.0372673;-1.55798,0.723428,-1.46712
0.0350864,0.0556591,0.0376288;-1.54762,0.573604,-1.47366
0.0362325,0.0505937,0.033541;-1.56493,0.501824,-1.49976
0.0408346,0.0562038,0.0325728;-1.56672,0.759566,-1.5176
0.031429,0.0509177,0.0369589;-1.52253,0.914107,-1.52761
0.0218852,0.0477285,0.0399564;-1.51268,1.04259,-1.50544
0.0149652,0.0582002,0.0413219;-1.47984,0.866452,-1.51562
0.0148974,0.0585059,0.038652;-1.48396,0.681921,-1.52419
0.0128732,0.057624,0.0386018;-1.49285,0.538711,-1.51162
0.00739044,0.0473953,0.0365726;-1.39444,0.392641,-1.6338
0.0106674,0.0481043,0.0375352;-1.37522,0.46199,-1.64791
0.0153986,0.0518012,0.040942;-1.36856,0.608389,-1.63527
0.0101865,0.0594241,0.0409205;-1.42768,0.645629,-1.56409
0.00717456,0.0620466,0.0407724;-1.47501,0.548177,-1.50897
0.0126835,0.0667887,0.0397612;-1.53852,0.445027,-1.45262
0.0144518,0.0645618,0.0377418;-1.52193,0.302319,-1.49475
0.00786794,0.0584717,0.0403684;-1.32987,0.378385,-1.65241
0.00561325,0.0559439,0.0437203;-1.29971,0.529556,-1.67362
0.00686226,0.0722066,0.0427465;-1.4772,0.787988,-1.51205
0.0124036,0.0838719,0.0414774;-1.54922,0.780006,-1.44113
0.0211839,0.0956283,0.0409401;-1.57831,0.729482,-1.41803
0.0354366,0.0972533,0.0409253;-1.61741,0.690878,-1.38885
0.0424073,0.0995739,0.0400512;-1.65917,0.758523,-1.38521
0.0447966,0.104017,0.0381774;-1.72229,0.839907,-1.3942
0.0382268,0.119061,0.0354204;-1.7836,1.05554,-1.35828
0.0340975,0.11559,0.0350284;-1.69479,1.01911,-1.40204
0.0310774,0.109028,0.0362923;-1.62748,0.951268,-1.43318
0.0312169,0.0910823,0.0358774;-1.60498,0.734047,-1.45152
0.0287432,0.0847416,0.0365543;-1.59925,0.71007,-1.44653
0.0210538,0.0802675,0.0396257;-1.48181,0.765583,-1.54985
-0.00852955,0.0661218,0.0415138;-1.4154,1.00149,-1.60238
-0.0141958,0.0632345,0.0401151;-1.49533,1.16631,-1.51888
-0.0194868,0.0591954,0.0383142;-1.62821,1.23814,-1.38776
-0.0261778,0.0535224,0.0398723;-1.60644,1.09922,-1.39371
-0.0238004,0.0455224,0.0379561;-1.57991,1.18394,-1.43434
-0.0187916,0.0393173,0.0349365;-1.53108,1.25174,-1.52004
-0.0135407,0.0403574,0.036978;-1.43594,1.33068,-1.59494
-0.0177687,0.0439755,0.037996;-1.50032,1.2693,-1.51489
-0.026695,0.0476839,0.0388354;-1.53787,1.15195,-1.46448
-0.0293762,0.054007,0.0407836;-1.54478,0.964495,-1.44769
-0.0237795,0.0518195,0.0407464;-1.51197,0.887659,-1.49042
-0.0192717,0.0450627,0.0385173;-1.45674,0.805713,-1.57051
-0.0256421,0.0192639,0.0377736;-1.3654,0.817124,-1.68194
-0.0227743,0.0187807,0.0370054;-1.34967,0.862268,-1.7087
-0.016061,0.0194514,0.0352714;-1.39421,0.928828,-1.67672
-0.0308736,0.0217379,0.0340399;-1.49218,0.748212,-1.56749
-0.0345196,0.0225272,0.0375972;-1.45255,0.712772,-1.57468
-0.0358766,0.024257,0.0392512;-1.41099,0.687361,-1.60481
-0.0358224,0.021651,0.039481;-1.35983,0.630569,-1.65543
-0.0357323,0.0195299,0.0393625;-1.32525,0.646955,-1.70029
-0.0321079,0.0184916,0.0362029;-1.37788,0.711709,-1.68626
-0.0308227,0.0157351,0.0297274;-1.56915,0.644806,-1.56537
-0.0281968,0.0164822,0.0298963;-1.58433,0.656841,-1.54504
-0.0259171,0.0169398,0.0308843;-1.57865,0.652346,-1.54011
-0.0307867,0.0140259,0.0303158;-1.58499,0.751066,-1.57207
-0.0320664,0.0131511,0.0304924;-1.59621,0.823206,-1.57637
-0.0348308,0.0125841,0.0292762;-1.58527,0.878313,-1.57516
-0.0310195,0.0121819,0.0303266;-1.63582,0.797562,-1.5295
-0.0308084,0.00967416,0.0325508;-1.69015,0.747719,-1.49061
-0.0320143,0.0050337,0.0349327;-1.72239,0.659624,-1.46841
-0.0392874,-0.00192263,0.0401167;-1.72647,0.60303,-1.46711
-0.0383478,0.0023015,0.043103;-1.61764,0.678264,-1.57123
-0.0350378,0.00735369,0.0388663;-1.55096,0.819755,-1.62697
-0.0179196,0.0237842,0.0297877;-1.59985,0.929882,-1.53088
-0.0216261,0.0184159,0.0307294;-1.57603,0.780375,-1.53365
-0.0255908,0.0134536,0.0288817;-1.58112,0.691896,-1.55269
-0.0278906,0.0109941,0.0286291;-1.57087,0.612105,-1.56851
-0.0349629,0.0083484,0.0307069;-1.5965,0.7675,-1.5752
-0.0367242,0.00830226,0.0298877;-1.58209,0.861524,-1.58184
-0.0375306,0.00853071,0.0289806;-1.58524,0.923297,-1.56972
-0.0338777,0.00687267,0.0304266;-1.63825,0.859982,-1.5201
-0.0372551,5.14472e-05,0.0335796;-1.69248,0.773958,-1.47059
-0.0445861,-0.00451147,0.036159;-1.7169,0.679105,-1.45039
-0.0635356,-0.00836644,0.0458154;-1.56729,0.657968,-1.59909
-0.0674831,-0.010505,0.0468414;-1.51143,0.761935,-1.66035
-0.0556799,-0.00417649,0.0314606;-1.55216,0.859609,-1.60716
-0.0521618,-0.00239135,0.0286638;-1.57613,0.856653,-1.56736
-0.0516144,-0.00350629,0.0285789;-1.57117,0.787431,-1.57069
-0.0521716,-0.00597094,0.0288433;-1.57775,0.708122,-1.5602
-0.0690835,-0.0210812,0.0300007;-1.54444,0.527927,-1.58235
-0.0741404,-0.0236765,0.0305457;-1.53929,0.590581,-1.59156
-0.073069,-0.0232147,0.0294688;-1.56436,0.699174,-1.58324
-0.0651804,-0.0233081,0.0296621;-1.59029,0.810298,-1.55833
-0.0638872,-0.0270761,0.0308819;-1.63435,0.761233,-1.52259
-0.0631229,-0.0297616,0.0354329;-1.64743,0.683595,-1.50104
-0.0703911,-0.0383748,0.0415895;-1.69151,0.511371,-1.49818
-0.0714109,-0.0404365,0.0391636;-1.71038,0.516798,-1.50989
-0.0779456,-0.0427906,0.0329005;-1.61879,0.598905,-1.58202
-0.0828235,-0.0429543,0.0286477;-1.57204,0.665119,-1.57227
-0.082691,-0.0415808,0.0286144;-1.56884,0.592949,-1.57183
-0.0831551,-0.0416484,0.028756;-1.56475,0.560389,-1.57067
-0.0873823,-0.0491667,0.0319338;-1.56063,0.408509,-1.54031
-0.0909628,-0.0595771,0.0342702;-1.56453,0.374825,-1.5485
-0.0954494,-0.0683589,0.0356387;-1.53273,0.407991,-1.59892
-0.092085,-0.0741393,0.0307891;-1.55382,0.616649,-1.59315
-0.087656,-0.0797773,0.0302196;-1.59639,0.592419,-1.56898
-0.0839729,-0.0832844,0.0309127;-1.61128,0.531664,-1.56481
-0.0771817,-0.0830412,0.0358609;-1.72195,0.414829,-1.51046
-0.0768671,-0.086315,0.0377639;-1.74431,0.345954,-1.51322
-0.0792051,-0.0916772,0.0364768;-1.71274,0.318187,-1.53505
-0.0882247,-0.100736,0.0286728;-1.57022,0.494898,-1.57593
-0.0876918,-0.101627,0.0289571;-1.55398,0.530595,-1.57555
-0.0902176,-0.10222,0.029306;-1.54267,0.456916,-1.57295
-0.094911,-0.104868,0.0316843;-1.52701,0.337163,-1.56229
-0.0970076,-0.111134,0.0337897;-1.54756,0.247506,-1.53595
-0.0972779,-0.12306,0.0383263;-1.54973,0.182751,-1.54803
-0.0948195,-0.141689,0.0361633;-1.5667,0.334803,-1.61779
-0.0912469,-0.145171,0.0320158;-1.60857,0.406115,-1.59036
-0.0903036,-0.146808,0.0329618;-1.62138,0.409666,-1.58974
-0.0798738,-0.139537,0.032338;-1.63752,0.237149,-1.57983
-0.0788368,-0.136037,0.0336556;-1.65994,0.187342,-1.56922
-0.0758391,-0.135799,0.0361335;-1.68092,0.100609,-1.54756
-0.0751634,-0.145698,0.0289175;-1.55589,0.0847642,-1.57375
-0.0735387,-0.144411,0.0292252;-1.54486,0.150939,-1.56867
-0.0710514,-0.142104,0.0294841;-1.53587,0.208433,-1.56784
-0.0722577,-0.141923,0.032671;-1.49361,0.166338,-1.56909
-0.0729298,-0.141322,0.034911;-1.47393,0.155373,-1.54977
-0.0731079,-0.138473,0.0368555;-1.48428,0.151217,-1.5318
-0.0738443,-0.133848,0.0366059;-1.52005,0.0852805,-1.49435
-0.077024,-0.131692,0.0362691;-1.5487,0.0718503,-1.48232
-0.0719225,-0.123367,0.0371711;-1.54165,0.0730464,-1.46994
-0.0643179,-0.119032,0.0367752;-1.5541,0.0513115,-1.46668
-0.0702576,-0.121133,0.038278;-1.54154,0.0447281,-1.45641
-0.0788921,-0.1283,0.0401339;-1.54525,0.029238,-1.44058
-0.0944543,-0.152844,0.0426712;-1.50246,-0.032232,-1.45607
-0.0970235,-0.159757,0.0413278;-1.48021,-0.0233128,-1.47423
-0.0969046,-0.163435,0.038774;-1.44955,-0.0526811,-1.50008
-0.0939412,-0.163422,0.0373848;-1.47361,-0.0402494,-1.50083
-0.0911654,-0.163968,0.0368633;-1.3976,-0.00263867,-1.56472
-0.0884114,-0.16231,0.0375011;-1.39365,0.00969935,-1.5748
-0.086401,-0.163396,0.0383659;-1.38687,-0.00667696,-1.57673
-0.0873014,-0.161967,0.0340896;-1.45189,-0.0243611,-1.56212
-0.0872086,-0.16061,0.0327734;-1.5029,-0.00329525,-1.54003
-0.0855289,-0.159367,0.0346973;-1.56562,0.0610271,-1.48942
-0.0876434,-0.164349,0.0347101;-1.56131,0.0143978,-1.48623
-0.0904815,-0.165252,0.036278;-1.5343,-0.00866478,-1.48408
-0.0964355,-0.158471,0.0424125;-1.44728,0.00443242,-1.47951
-0.0999483,-0.158685,0.0412172;-1.47177,-0.00776549,-1.47539
-0.102013,-0.158302,0.0400976;-1.50069,-0.0197523,-1.46508
-0.102275,-0.157584,0.0405177;-1.56464,0.0486401,-1.42803
-0.0997014,-0.16195,0.0414813;-1.55272,0.00229788,-1.41642
-0.0980713,-0.165115,0.0397494;-1.50812,-0.0202691,-1.45447
-0.094763,-0.160222,0.0408089;-1.46535,0.019452,-1.48642
-0.0926777,-0.158186,0.0414029;-1.47201,0.0585064,-1.48137
-0.0920517,-0.153312,0.0380468;-1.52597,0.0883899,-1.47441
-0.0913799,-0.154431,0.037479;-1.54965,-0.00417836,-1.46207
-0.0906683,-0.153994,0.0358522;-1.52758,-0.0553777,-1.49077
-0.0938156,-0.154434,0.0349172;-1.52098,-0.0830132,-1.50374
-0.0938156,-0.154434,0.0349172;-1.52098,-0.0830132,-1.50374
-0.0946046,-0.152515,0.0380264;-1.55864,-0.0472989,-1.46649
-0.0946046,-0.152515,0.0380264;-1.55864,-0.0472989,-1.46649
