0,0,0.11;-1.57,-2.98023e-08,-1.57
0,0,0.11;-1.57,-2.98023e-08,-1.57
0,0,0.11;-1.57,-2.98023e-08,-1.57
-0.000810363,-0.00208863,0.0287722;-1.56462,-0.277428,-1.56544
0.00110139,0.000690795,0.0289346;-1.56004,-0.148742,-1.56278
0.00240359,0.0079674,0.0296174;-1.57193,-0.0218376,-1.55944
-0.000444818,0.0177561,0.0350675;-1.69141,0.111445,-1.56747
0.00261882,0.00710183,0.0285858;-1.57038,-0.148391,-1.57044
0.00166989,0.00397237,0.0287436;-1.56936,-0.278869,-1.56352
0.00132746,0.00163746,0.028715;-1.57016,-0.385578,-1.56445
0.00265463,0.00533448,0.0285796;-1.57085,-0.192539,-1.57086
0.00296993,0.00739422,0.0302337;-1.5826,-0.0350602,-1.58533
0.000357753,0.0161116,0.0389605;-1.72222,0.153908,-1.58666
0.00436649,0.0131934,0.0365528;-1.66963,0.0532543,-1.60681
0.00408718,0.0044698,0.0300488;-1.5632,-0.0739858,-1.60188
0.00286695,0.00586568,0.0288813;-1.57444,-0.165205,-1.58203
0.00294508,0.00599157,0.0289358;-1.5688,-0.156316,-1.58563
0.00543232,0.00884202,0.0316613;-1.55426,-0.0353719,-1.59856
0.00523756,0.0187238,0.0395912;-1.6816,0.119882,-1.59385
0.00237692,0.0189828,0.0398358;-1.73348,0.195058,-1.58356
0.00463997,0.0159288,0.03307;-1.65985,0.0552874,-1.57312
0.00506332,0.0142876,0.02858;-1.57125,-0.0807972,-1.57096
0.00373811,0.0123453,0.0286699;-1.56959,-0.194723,-1.567
0.0052707,0.0155783,0.0287181;-1.57089,-0.081057,-1.56419
0.0060688,0.0231215,0.0303592;-1.58601,0.0430495,-1.55566
0.00298193,0.0301769,0.0346252;-1.67662,0.16326,-1.55402
0.00299353,0.0285612,0.0318802;-1.64102,0.146613,-1.5632
0.00257861,0.020469,0.0287658;-1.56867,-0.0552419,-1.56331
0.00238164,0.0195712,0.0287202;-1.57073,-0.0882124,-1.5639
0.00267366,0.0199072,0.0285792;-1.57083,-0.0453099,-1.57088
0.00585248,0.0269835,0.0362914;-1.59566,0.241594,-1.59027
0.00491387,0.0351544,0.0426828;-1.76352,0.389814,-1.56696
0.00925569,0.0360401,0.039738;-1.70928,0.325773,-1.58863
0.0110851,0.0238851,0.030926;-1.56883,0.0356184,-1.60938
0.00918439,0.0266162,0.0291166;-1.57815,-0.0875422,-1.58231
0.00889494,0.0267083,0.0287875;-1.57303,-0.0980174,-1.57854
0.010344,0.020982,0.0338378;-1.51206,0.148388,-1.60756
0.0123394,0.0242794,0.0405924;-1.49288,0.308741,-1.61029
0.014901,0.0304035,0.043503;-1.62626,0.326665,-1.59773
0.0153308,0.0284227,0.0300509;-1.56259,0.0876181,-1.60254
0.0122726,0.0322783,0.0289216;-1.57428,-0.0165058,-1.58083
0.0121522,0.0324765,0.0287513;-1.56836,-0.0332461,-1.57644
0.014405,0.0295537,0.0287023;-1.56694,0.173742,-1.57375
0.0171521,0.0335986,0.0333431;-1.53365,0.331831,-1.5896
0.0196467,0.0457765,0.0409097;-1.70239,0.436895,-1.56022
0.0238069,0.0387404,0.0305532;-1.57531,0.238078,-1.60107
0.0221716,0.0395285,0.0292878;-1.5645,0.159453,-1.58773
0.0216713,0.0412684,0.0293322;-1.56126,0.106285,-1.58471
0.0221396,0.0357058,0.030641;-1.55778,0.213331,-1.60467
0.0288625,0.0404486,0.0361487;-1.51102,0.368699,-1.62233
0.033128,0.050763,0.0430831;-1.65017,0.540585,-1.57866
0.0437756,0.0494425,0.0347223;-1.57559,0.338441,-1.62451
0.0438424,0.0445831,0.0341611;-1.5278,0.230875,-1.63602
0.0420438,0.0478306,0.0327814;-1.53662,0.128782,-1.61863
0.0462948,0.0534301,0.0393197;-1.46929,0.185376,-1.67377
0.0506575,0.0736582,0.0432142;-1.6266,0.294154,-1.60904
0.0473114,0.093928,0.0426209;-1.77193,0.458415,-1.55162
0.0435747,0.0827835,0.0348492;-1.64945,0.366207,-1.58044
0.0455192,0.0765126,0.0305659;-1.56587,0.247881,-1.60841
0.0452505,0.0777314,0.0301589;-1.57183,0.149358,-1.59751
0.0446335,0.0782678,0.0290358;-1.56522,0.168671,-1.58861
0.0445081,0.0836775,0.0299839;-1.59723,0.293339,-1.56712
0.0448663,0.0937889,0.0359747;-1.71301,0.465119,-1.52409
0.0413793,0.0906933,0.03585;-1.70645,0.527016,-1.52576
0.0442537,0.089888,0.030551;-1.6216,0.406689,-1.55419
0.0450147,0.0897573,0.02872;-1.57145,0.273726,-1.57839
0.0447945,0.090585,0.0285792;-1.57076,0.15773,-1.57055
0.0451373,0.0916578,0.0286491;-1.5722,0.232615,-1.57554
0.0464944,0.0993386,0.031864;-1.62543,0.348074,-1.55284
0.0449282,0.110465,0.0367011;-1.73992,0.518764,-1.50133
0.0482953,0.110131,0.0345834;-1.69825,0.445682,-1.52365
0.0496383,0.101915,0.0286468;-1.57405,0.339899,-1.56981
0.0473371,0.0985095,0.0286913;-1.56993,0.171345,-1.5665
0.0494224,0.100102,0.0287383;-1.56863,0.269129,-1.56594
0.0520969,0.103701,0.0290401;-1.57186,0.371593,-1.56229
0.0506324,0.121083,0.0370815;-1.76447,0.652528,-1.46874
0.0522877,0.120501,0.0370075;-1.75209,0.618693,-1.48312
0.0515058,0.110269,0.0303735;-1.61755,0.536018,-1.55114
0.0452606,0.103851,0.0286073;-1.57075,0.236018,-1.56882
0.0451538,0.102773,0.0286875;-1.57079,0.286117,-1.5761
0.0463837,0.100021,0.0290744;-1.56511,0.427324,-1.58346
0.0534827,0.115615,0.0384521;-1.75033,0.743735,-1.49378
0.0535187,0.113878,0.0366771;-1.74443,0.702612,-1.48307
0.0511384,0.102375,0.0286834;-1.57378,0.578387,-1.56664
0.0450951,0.0983344,0.0286362;-1.57071,0.259949,-1.56759
0.0449753,0.0983018,0.0285652;-1.56949,0.24834,-1.57443
0.0462514,0.0984349,0.0288329;-1.56395,0.319254,-1.57901
0.0538192,0.124193,0.0373866;-1.76094,0.595789,-1.48108
0.0552849,0.123915,0.0358069;-1.73054,0.56365,-1.49517
0.0564307,0.116451,0.0319317;-1.64988,0.485755,-1.53916
0.0558839,0.112004,0.0285877;-1.57083,0.334252,-1.57002
0.0563227,0.1124,0.028581;-1.57027,0.366354,-1.5705
0.0579438,0.113563,0.0288039;-1.57091,0.417852,-1.56002
0.0626033,0.126288,0.0357632;-1.73742,0.708693,-1.47648
0.0650142,0.128993,0.0356374;-1.7423,0.698748,-1.47412
0.0648616,0.127862,0.0348404;-1.71623,0.691372,-1.49347
0.0641696,0.122875,0.0285336;-1.56836,0.571487,-1.57199
0.0618718,0.121275,0.0287137;-1.5708,0.497308,-1.56435
0.0638904,0.122595,0.0287522;-1.57058,0.575844,-1.56286
0.0673532,0.125056,0.0290263;-1.56792,0.708552,-1.56657
0.0726061,0.135006,0.0378438;-1.7967,0.930005,-1.42358
0.0758247,0.134105,0.0358637;-1.73172,0.845565,-1.47887
0.0763571,0.13029,0.0287152;-1.56212,0.721113,-1.58919
0.073554,0.129931,0.0286313;-1.57109,0.605657,-1.56789
0.0736346,0.129542,0.0285789;-1.5709,0.63981,-1.57079
0.0737675,0.126543,0.0286862;-1.56684,0.755202,-1.57574
0.0896006,0.13697,0.03748;-1.71216,1.00231,-1.4738
0.0961059,0.143195,0.0383845;-1.74407,0.93665,-1.45739
0.0983071,0.141226,0.0294134;-1.59048,0.798247,-1.56601
0.0956596,0.141392,0.0285906;-1.57047,0.642825,-1.57045
0.0955906,0.141262,0.0285823;-1.57045,0.654484,-1.5714
0.0962413,0.139717,0.0288197;-1.56396,0.754591,-1.58243
0.114142,0.158953,0.0360376;-1.80879,0.993149,-1.38837
0.117068,0.160872,0.0381034;-1.83188,0.985015,-1.38628
0.119186,0.159279,0.0334713;-1.69622,0.909703,-1.49203
0.12138,0.155948,0.0290048;-1.57963,0.753983,-1.57802
0.121906,0.156452,0.0287427;-1.56766,0.726569,-1.58174
0.12222,0.155937,0.0291509;-1.56251,0.769486,-1.59469
0.141132,0.169858,0.0395417;-1.88582,1.03815,-1.33873
0.139632,0.168925,0.0412498;-1.89894,1.09273,-1.34724
0.139247,0.164515,0.0397154;-1.82812,1.03959,-1.41111
0.132471,0.158776,0.0302027;-1.5812,0.901829,-1.58838
0.130732,0.159758,0.0287989;-1.5708,0.860383,-1.57979
0.129956,0.158982,0.0288577;-1.55654,0.896762,-1.58619
0.132941,0.156442,0.031193;-1.57327,1.16319,-1.56498
0.139673,0.157967,0.0379375;-1.86071,1.28249,-1.31316
0.141302,0.156215,0.0374332;-1.89493,1.23258,-1.29263
0.13982,0.154763,0.0287162;-1.57287,1.04601,-1.5781
0.14,0.15521,0.0285987;-1.57063,1.00855,-1.57179
0.139756,0.155183,0.0286429;-1.5699,0.997851,-1.56889
0.148038,0.154084,0.0293899;-1.56261,1.24219,-1.56741
0.15619,0.155197,0.03251;-1.78397,1.37487,-1.35419
0.16607,0.16011,0.0376445;-1.97685,1.34854,-1.19677
0.170839,0.156382,0.0296967;-1.55269,1.17376,-1.61526
0.173132,0.157819,0.0298105;-1.57035,1.07985,-1.59382
0.179081,0.160497,0.0293757;-1.57171,0.95365,-1.58766
0.184819,0.163483,0.0302614;-1.56006,1.00399,-1.60499
0.199248,0.171487,0.0349787;-1.85424,1.14058,-1.32333
0.205676,0.176411,0.0392716;-2.08694,1.24351,-1.11603
0.208793,0.168886,0.0345265;-1.78303,1.10833,-1.40534
0.209146,0.163196,0.0301105;-1.57912,1.00984,-1.59194
0.208799,0.161775,0.0294569;-1.59305,0.942558,-1.5663
0.210983,0.16413,0.0297173;-1.58092,1.0195,-1.58095
0.217901,0.170539,0.0336432;-1.77932,1.14547,-1.38468
0.224034,0.177705,0.0377018;-2.11591,1.26876,-1.06712
0.226562,0.175822,0.0315566;-1.75046,1.19976,-1.40762
0.224416,0.174342,0.028866;-1.57628,1.15731,-1.57704
0.224028,0.173819,0.0287647;-1.5689,1.14298,-1.58082
0.225518,0.173494,0.0286561;-1.56148,1.19249,-1.57861
0.231344,0.175305,0.0300638;-1.56942,1.34667,-1.55324
0.237337,0.180935,0.0346279;-2.47719,1.46175,-0.660005
0.237177,0.178438,0.0333852;-2.28032,1.41989,-0.874796
0.232446,0.176031,0.0285655;-1.56409,1.36965,-1.57802
0.231772,0.176008,0.0285817;-1.57132,1.35972,-1.5705
0.232054,0.176514,0.0287009;-1.54968,1.29599,-1.59111
0.232562,0.173341,0.0303127;-1.42867,1.4027,-1.7198
0.238869,0.171697,0.0358866;-0.104387,1.48933,-3.038
0.261284,0.177219,0.0366454;2.64737,1.44375,0.459786
0.264489,0.174636,0.030267;-2.13907,1.5056,-1.01131
0.265639,0.173657,0.0287611;-1.56964,1.39465,-1.58057
0.266255,0.174942,0.0287471;-1.55384,1.30469,-1.59062
0.266088,0.174142,0.0288326;-1.54745,1.36385,-1.6009
0.268995,0.174778,0.0295917;-1.58943,1.49997,-1.55539
0.282751,0.178563,0.0382033;2.34558,1.37634,0.760905
0.281955,0.176359,0.0345052;2.41603,1.44345,0.708581
0.279973,0.173849,0.0285548;-1.22803,1.56686,-1.91397
0.276915,0.173836,0.0286995;-1.57131,1.44481,-1.56453
0.277459,0.173617,0.0287981;-1.57182,1.47042,-1.55924
0.280559,0.173204,0.0289169;-1.52255,1.55003,-1.61028
0.296954,0.175974,0.0351388;2.09522,1.33515,1.04458
0.30094,0.175163,0.0339601;2.21573,1.39957,0.925072
0.292312,0.171429,0.0287136;1.49985,1.5449,1.64753
0.287353,0.173872,0.0286145;-1.55803,1.41234,-1.58358
0.287878,0.173629,0.0290433;-1.47301,1.41187,-1.67394
0.286936,0.170877,0.0308929;-1.19534,1.46386,-1.96303
0.29457,0.165583,0.0422311;1.45628,1.39362,1.66707
0.300648,0.164213,0.0443916;1.77429,1.4743,1.33183
0.300023,0.162697,0.0346025;-1.50342,1.5313,-1.68057
0.294872,0.164888,0.0292509;-1.46145,1.46534,-1.69028
0.298303,0.163898,0.0297468;-1.38578,1.43795,-1.76834
0.300786,0.161151,0.0329561;-1.0665,1.45353,-2.10902
0.300786,0.161151,0.0329561;-1.0665,1.45353,-2.10902
0.310073,0.154222,0.0389923;0.297392,1.43689,2.80637
0.310073,0.154222,0.0389923;0.297392,1.43689,2.80637
