0,0,0.11;-1.57,-2.98023e-08,-1.57
0,0,0.11;-1.57,-2.98023e-08,-1.57
0,0,0.11;-1.57,-2.98023e-08,-1.57
-0.000637376,-0.00039847,0.0286065;-1.5704,-0.244639,-1.56932
-0.000426362,-7.1957e-05,0.0286017;-1.5713,-0.188437,-1.57175
0.000567379,0.00338992,0.0292393;-1.57184,-0.0861069,-1.57811
0.00302532,0.0170256,0.0348381;-1.67829,-0.00635291,-1.58917
0.00839327,0.014046,0.0302482;-1.61329,-0.152535,-1.58499
0.0085162,0.0155008,0.0295613;-1.6021,-0.182093,-1.58164
0.00805587,0.0155328,0.0291557;-1.5944,-0.185164,-1.57997
0.00807677,0.0158448,0.0287229;-1.566,-0.091851,-1.56634
0.0127079,0.0253305,0.0299206;-1.56779,0.0334672,-1.54872
0.0114008,0.0358976,0.03419;-1.59993,0.197803,-1.51483
0.00804757,0.0267176,0.0327991;-1.55068,0.168686,-1.52902
0.00327708,0.0186505,0.0305728;-1.55423,0.0532078,-1.53983
-0.00183317,0.0120647,0.0292095;-1.55587,-0.0500333,-1.55447
0.00163679,0.0169096,0.030052;-1.58521,-0.00180537,-1.55017
0.00552112,0.027219,0.0335581;-1.62938,0.10717,-1.52731
0.00480064,0.0373908,0.0379954;-1.70311,0.238449,-1.50227
0.00375622,0.0396096,0.0354376;-1.67154,0.323414,-1.51953
0.00644286,0.0308287,0.0293572;-1.57467,0.229969,-1.55536
0.00394465,0.0257212,0.0286806;-1.56578,0.134754,-1.57099
0.0023912,0.0258018,0.0285801;-1.57076,0.0204751,-1.5708
0.00266075,0.0263849,0.0285878;-1.57124,0.104087,-1.57101
0.00575831,0.0321874,0.029645;-1.59176,0.207025,-1.57228
0.00907826,0.0426928,0.0356161;-1.71551,0.31879,-1.53467
0.00886743,0.0390188,0.0338509;-1.6822,0.308899,-1.54524
0.00783867,0.0361915,0.0291133;-1.5937,0.239879,-1.56911
0.00767577,0.0361939,0.0288177;-1.58255,0.241416,-1.56819
0.00808065,0.0367276,0.0285773;-1.57093,0.292089,-1.57062
0.0219587,0.0536475,0.0318089;-1.55664,0.518303,-1.55418
0.0237521,0.0636253,0.0349825;-1.64189,0.627595,-1.50989
0.0187488,0.0588137,0.0367293;-1.6376,0.622435,-1.51588
-0.00585308,0.029632,0.0290756;-1.59077,0.48575,-1.55482
-0.00866317,0.0262033,0.0296317;-1.605,0.434489,-1.55396
-0.00864485,0.0275994,0.0292227;-1.58882,0.46051,-1.55841
0.0093814,0.0468979,0.0334764;-1.50145,0.630633,-1.58526
0.0172265,0.0580447,0.0371898;-1.55808,0.759029,-1.551
0.0175077,0.0581927,0.0397549;-1.49851,0.796148,-1.59475
0.00189313,0.0329422,0.028993;-1.55512,0.700419,-1.57249
0.00185332,0.0327857,0.0289581;-1.59206,0.62879,-1.56039
0.00172866,0.0326031,0.0291694;-1.60194,0.622314,-1.55695
0.00307437,0.0319237,0.0313841;-1.5702,0.721344,-1.61508
0.0208132,0.0452325,0.0381712;-1.70396,0.817849,-1.52648
0.0365548,0.0600776,0.0424298;-1.88493,0.862609,-1.38551
0.0180613,0.050245,0.0353185;-1.71908,0.895554,-1.48697
0.0094262,0.0460877,0.02889;-1.58001,0.898292,-1.57322
0.00996625,0.0465217,0.0289424;-1.59695,0.877501,-1.55165
0.0103719,0.0467084,0.0288163;-1.55106,0.962038,-1.58685
0.0227517,0.0519574,0.0335413;-1.40847,1.00177,-1.70868
0.0480672,0.0661848,0.0403765;-1.61355,1.09469,-1.54218
0.053628,0.0706431,0.0362381;-1.8448,1.07249,-1.3451
0.0399099,0.0634656,0.0311908;-1.62952,1.02359,-1.53744
0.0276743,0.0601295,0.0302967;-1.61096,0.913038,-1.54899
0.0173484,0.0634582,0.0344986;-1.39286,0.906184,-1.71866
0.021915,0.0649432,0.0394159;-1.20149,0.974359,-1.86959
0.0321477,0.07266,0.0443816;-1.07454,1.03126,-1.95955
0.0508988,0.0779428,0.0347265;-1.39411,0.921504,-1.69212
0.0467284,0.0767989,0.0294123;-1.55962,0.843853,-1.56516
0.0395899,0.0741583,0.0293841;-1.55832,0.803783,-1.57329
0.0437625,0.0737769,0.0298977;-1.55356,0.889388,-1.57701
0.050586,0.0754795,0.0329107;-1.43328,0.973258,-1.67691
0.0658435,0.0843953,0.0368889;-1.35828,1.0128,-1.73143
0.0920818,0.0969893,0.0334335;-1.71016,0.963009,-1.43893
0.0889733,0.0916175,0.0298854;-1.60402,0.88957,-1.53112
0.0847314,0.0895037,0.0287594;-1.57095,0.81034,-1.5618
0.0806379,0.0871233,0.0287082;-1.57629,0.742451,-1.56484
0.0830059,0.0889183,0.0297149;-1.59094,0.758241,-1.54468
0.0959846,0.0980711,0.0343532;-1.67358,0.784192,-1.47322
0.113264,0.11886,0.0410328;-1.983,0.893937,-1.24462
0.112295,0.119049,0.0406582;-1.9429,0.863309,-1.2748
0.106317,0.115116,0.0393288;-1.86068,0.828608,-1.33608
0.080145,0.112173,0.0398666;-1.63187,0.701173,-1.43633
0.0722129,0.113969,0.0346065;-1.47472,0.720892,-1.59223
0.0685053,0.11243,0.0383821;-1.31746,0.756416,-1.73594
0.080042,0.120784,0.0481266;-1.19945,0.930872,-1.81737
0.091862,0.125408,0.0493278;-1.31429,0.857969,-1.73338
0.0996785,0.125989,0.0394769;-1.44981,0.785777,-1.61803
0.0867724,0.11442,0.0319413;-1.53304,0.769937,-1.57847
0.0828526,0.107245,0.0329056;-1.47019,0.790179,-1.65428
0.0826508,0.104494,0.0359423;-1.38814,0.842616,-1.72562
0.108333,0.125853,0.0498817;-1.48726,1.00043,-1.62324
0.128417,0.134533,0.0408701;-1.8359,0.919162,-1.32919
0.127458,0.133599,0.0363315;-1.78651,0.908423,-1.38187
0.108281,0.109261,0.0302531;-1.62552,0.722662,-1.53369
0.108316,0.105102,0.0315412;-1.65553,0.720667,-1.51358
0.111872,0.105307,0.0381549;-1.70636,0.803988,-1.46539
0.138237,0.122222,0.0471226;-1.8039,0.918824,-1.37507
0.144199,0.129613,0.0474924;-1.82113,0.855676,-1.3617
0.14578,0.136715,0.0399129;-1.86977,0.844414,-1.32417
0.132877,0.134033,0.040804;-1.6725,0.740979,-1.3965
0.124643,0.132738,0.0360832;-1.55717,0.790479,-1.48615
0.118794,0.131397,0.0352467;-1.4539,0.807061,-1.59561
0.127252,0.131822,0.0403053;-1.32021,0.941394,-1.69869
0.132395,0.130531,0.0418378;-1.36076,0.942715,-1.68553
0.134066,0.130395,0.0414116;-1.37256,0.930866,-1.67482
0.12676,0.122691,0.0336793;-1.54356,0.833072,-1.53556
0.132,0.119559,0.042167;-1.71744,0.775637,-1.36157
0.134956,0.119878,0.0393748;-1.72277,0.84402,-1.37654
0.137173,0.120677,0.036105;-1.55998,0.943571,-1.54483
0.157867,0.133876,0.0432142;-1.47256,1.06622,-1.63364
0.165216,0.137286,0.0406287;-1.60021,0.992675,-1.53043
0.165173,0.13471,0.0313336;-1.66387,0.917298,-1.48774
0.153991,0.116409,0.0299386;-1.62438,0.748432,-1.52997
0.152791,0.116512,0.0320147;-1.66323,0.780203,-1.49507
0.156937,0.121393,0.0374516;-1.79651,0.837048,-1.37553
0.166828,0.136652,0.0437063;-1.95243,1.02228,-1.25411
0.17257,0.141543,0.0422542;-1.90655,0.955092,-1.28181
0.170899,0.14417,0.0374379;-1.80045,0.92044,-1.35313
0.156178,0.138201,0.0354172;-1.50898,0.779839,-1.53199
0.154454,0.138341,0.0361547;-1.51898,0.793068,-1.51774
0.153336,0.139219,0.0348742;-1.4551,0.847942,-1.6116
0.155967,0.137513,0.0491997;-1.53455,1.04678,-1.57115
0.159828,0.136358,0.0466236;-1.54047,1.05897,-1.56447
0.164311,0.136356,0.03535;-1.47294,0.993896,-1.59097
0.162608,0.138121,0.0317389;-1.54816,0.954301,-1.54025
0.157356,0.135201,0.0338376;-1.50549,0.912294,-1.56583
0.15996,0.135212,0.0309615;-1.50276,0.948533,-1.60577
0.173818,0.138879,0.0339378;-1.53106,1.19138,-1.56294
0.173394,0.138264,0.0324737;-1.58293,1.31507,-1.53232
0.172098,0.13207,0.0295771;-1.61039,1.29128,-1.52467
0.170284,0.130161,0.0286702;-1.58139,1.15718,-1.56124
0.169746,0.12909,0.0286403;-1.57738,1.11587,-1.56497
0.169472,0.129058,0.028804;-1.58539,1.12292,-1.56204
0.173569,0.133297,0.0309196;-1.54786,1.37848,-1.56845
0.176629,0.13432,0.0357327;-1.07034,1.50202,-2.02617
0.173365,0.129927,0.0352052;-0.373907,1.528,-2.72574
0.166129,0.131688,0.0297981;-1.56123,1.43171,-1.55241
0.161942,0.133084,0.0297995;-1.54095,1.37385,-1.57161
0.153431,0.134267,0.0337641;-1.42333,1.2921,-1.65508
0.153558,0.134924,0.0384551;-0.922182,1.28198,-2.17084
0.153757,0.134724,0.0418915;-0.38917,1.38125,-2.68827
0.150176,0.132721,0.0445893;0.222598,1.36419,2.98581
0.147664,0.135314,0.0370792;-0.345934,1.45879,-2.73554
0.151207,0.135673,0.0350562;-1.31993,1.51643,-1.72997
0.148363,0.135052,0.0367868;-1.32856,1.48497,-1.7081
0.149334,0.135214,0.0344604;-0.797659,1.44754,-2.30508
0.152697,0.133409,0.0384544;-0.179713,1.43018,-2.92122
0.163303,0.134563,0.0455226;0.521854,1.45807,2.65415
0.163917,0.135264,0.0389893;0.136358,1.48985,3.03677
0.161843,0.136862,0.0338434;-0.859262,1.48898,-2.26063
0.162353,0.137321,0.0323756;-1.44465,1.49918,-1.65698
0.166451,0.127669,0.0342771;-0.979679,1.46421,-2.14167
0.174812,0.124957,0.0416264;-0.389451,1.50379,-2.73552
0.185323,0.121174,0.0490128;1.6623,1.51724,1.48582
0.182051,0.122562,0.0458976;2.00014,1.48896,1.12793
0.179665,0.124722,0.0387172;2.62608,1.50497,0.507284
0.177366,0.123609,0.0390936;-2.95463,1.46535,-0.175832
0.173373,0.124664,0.045873;-1.63652,1.54321,-1.50318
0.173151,0.126439,0.048528;0.160846,1.50043,2.98662
0.180462,0.12967,0.0536231;0.690517,1.4772,2.4617
0.182352,0.135808,0.0507233;1.21438,1.42061,1.92525
0.182858,0.141895,0.0420514;0.771769,1.34464,2.36064
0.183215,0.143104,0.0365763;0.814071,1.37262,2.33461
0.179635,0.141867,0.0331249;0.940591,1.50488,2.25515
0.180615,0.141989,0.0337152;0.631658,1.49611,2.55845
0.183017,0.141624,0.0378457;0.387492,1.43466,2.79407
0.203964,0.140194,0.0372326;0.884295,1.42703,2.30087
0.204212,0.140363,0.0329484;0.998789,1.48085,2.17416
0.202342,0.142031,0.0291547;1.38785,1.52516,1.7729
0.200868,0.141834,0.0288485;1.22165,1.56355,1.9303
0.201805,0.14202,0.029648;-0.15726,1.54518,-2.96554
0.207427,0.140683,0.0336309;0.5146,1.49612,2.65749
0.235539,0.143782,0.041997;0.481134,1.42812,2.71207
0.249116,0.143293,0.0373407;-0.357185,1.47845,-2.72912
0.248218,0.145077,0.0347148;-0.862136,1.43459,-2.23965
0.248538,0.143406,0.0327181;-1.22673,1.49473,-1.85843
0.248623,0.143779,0.0307873;-0.935304,1.51504,-2.17804
0.252868,0.141762,0.0323376;-0.372474,1.55256,-2.71002
0.262965,0.137375,0.0373845;2.14175,1.51608,1.10433
0.2623,0.135144,0.0379434;-0.306945,1.53752,-2.74878
0.252552,0.141039,0.0399027;-0.276709,1.3826,-2.83402
0.256135,0.141372,0.0346426;-1.24264,1.49207,-1.81764
0.257255,0.140556,0.0359345;-0.955786,1.50242,-2.10037
0.259556,0.139303,0.0351317;-0.0835328,1.48575,-3.01206
0.270371,0.134951,0.0431841;0.314351,1.41642,2.89377
0.277305,0.131107,0.0424095;0.352442,1.44982,2.83597
0.283224,0.127385,0.0311013;0.717287,1.5533,2.46358
0.281751,0.128061,0.0289108;1.69012,1.50277,1.45957
0.280575,0.127781,0.028731;1.66317,1.50314,1.47949
0.282676,0.127059,0.0295095;1.64004,1.47018,1.51836
0.282676,0.127059,0.0295095;1.64004,1.47018,1.51836
0.292207,0.124645,0.0314236;1.55737,1.41423,1.62076
0.292207,0.124645,0.0314236;1.55737,1.41423,1.62076
