0,0,0.11;-1.57,-2.98023e-08,-1.57
0,0,0.11;-1.57,-2.98023e-08,-1.57
0,0,0.11;-1.57,-2.98023e-08,-1.57
-0.000839221,-0.00137454,0.0286065;-1.57044,-0.269587,-1.56958
-0.000706197,-0.00107686,0.0285804;-1.5708,-0.20647,-1.57059
-0.000266326,0.00372951,0.0297536;-1.59952,-0.096804,-1.57889
0.00135465,0.0163129,0.0354645;-1.71157,-0.047495,-1.58178
0.00430713,0.0156522,0.0286666;-1.57062,-0.233686,-1.57492
0.00373618,0.0157409,0.0285799;-1.57079,-0.303347,-1.57077
0.00378941,0.0150569,0.0285795;-1.57078,-0.341977,-1.57073
0.00163889,0.0139857,0.0289285;-1.57618,-0.164645,-1.58291
0.000802044,0.0112641,0.0306134;-1.58533,-0.00224152,-1.59533
0.000151264,0.0226027,0.0374339;-1.67434,0.154718,-1.59934
0.00225713,0.0306183,0.0380598;-1.70934,0.0493897,-1.60462
0.00374029,0.0294132,0.0330641;-1.63194,-0.0366737,-1.60076
0.00417663,0.0304296,0.0290618;-1.58292,-0.11112,-1.58314
0.00482719,0.0308871,0.0285793;-1.57079,-0.0909443,-1.57078
0.00479353,0.0296612,0.0290532;-1.57786,0.0465064,-1.58357
0.00731365,0.0388484,0.0333088;-1.63221,0.184867,-1.58651
0.0104013,0.0476516,0.0398106;-1.7457,0.160213,-1.58522
0.0128672,0.0500826,0.0373204;-1.72698,0.0824383,-1.57748
0.0146405,0.0486371,0.0288742;-1.57073,-0.0287937,-1.58569
0.0151793,0.0493384,0.0285795;-1.57076,-0.098266,-1.57081
0.0148122,0.048491,0.0287484;-1.57068,-0.0167859,-1.57883
0.0161986,0.0495497,0.030422;-1.57056,0.118793,-1.59696
0.0189357,0.0609441,0.0350506;-1.66513,0.181906,-1.58358
0.0225148,0.0633962,0.0343984;-1.65332,0.102337,-1.59195
0.0291624,0.0710529,0.0290866;-1.5913,-0.172016,-1.57875
0.0300351,0.0717144,0.0285832;-1.57094,-0.220221,-1.57098
0.0303035,0.0722544,0.0285722;-1.57056,-0.14694,-1.57122
0.0303707,0.0797,0.0328;-1.65309,0.0917066,-1.57152
0.0294774,0.0874375,0.0381882;-1.76673,0.149947,-1.54814
0.0352099,0.0906972,0.0356923;-1.72025,0.0463113,-1.57065
0.0422715,0.0936216,0.028892;-1.57436,-0.169314,-1.58261
0.0416685,0.0929063,0.0287408;-1.57327,-0.172266,-1.57642
0.0407385,0.0920893,0.0285796;-1.57068,-0.0852074,-1.57061
0.0361471,0.0882959,0.030213;-1.60689,0.185368,-1.57306
0.0347685,0.0920512,0.0379891;-1.73341,0.352626,-1.54437
0.0350854,0.0946039,0.0407036;-1.77633,0.36615,-1.53682
0.0311761,0.0845863,0.0288875;-1.56709,0.292773,-1.58978
0.034087,0.086902,0.0290782;-1.59099,0.174759,-1.57164
0.0366099,0.0884095,0.0287881;-1.58077,0.0683388,-1.57028
0.0363113,0.0879764,0.028941;-1.57284,0.205644,-1.58576
0.0412875,0.0998553,0.0321348;-1.54974,0.314231,-1.6058
0.0472549,0.126047,0.0399188;-1.73512,0.374085,-1.56269
0.0565763,0.136367,0.0346862;-1.68602,0.162086,-1.56652
0.056226,0.13413,0.0289508;-1.5762,0.111584,-1.58238
0.0582523,0.136169,0.0287208;-1.57678,0.00634195,-1.57158
0.0588606,0.136587,0.0285578;-1.57033,0.0825774,-1.57398
0.0640737,0.146794,0.029703;-1.58832,0.180668,-1.57822
0.0707177,0.165328,0.0378745;-1.75909,0.28158,-1.52872
0.0797478,0.167579,0.0334637;-1.67543,0.0967342,-1.57609
0.0832629,0.169362,0.029217;-1.59267,0.00860204,-1.57937
0.0858117,0.173852,0.0291713;-1.59461,-0.0641871,-1.57734
0.0837561,0.171981,0.0285898;-1.5707,0.0888261,-1.57142
0.0859008,0.176444,0.0292704;-1.57155,0.196066,-1.57714
0.0878369,0.195638,0.0346313;-1.6419,0.294196,-1.57492
0.0941812,0.213203,0.033388;-1.66967,0.0558439,-1.57163
0.097435,0.214502,0.030227;-1.61497,-0.0558328,-1.57693
0.0977605,0.214879,0.0291183;-1.59119,-0.101417,-1.57863
0.0948886,0.211754,0.0286217;-1.56998,0.100806,-1.57325
0.0930094,0.211313,0.0293703;-1.59161,0.248145,-1.57203
0.0944991,0.218291,0.035236;-1.71057,0.389045,-1.52752
0.0956895,0.21805,0.0374398;-1.74999,0.361109,-1.52107
0.0910271,0.212171,0.0354864;-1.71826,0.336361,-1.52694
0.0864804,0.205816,0.0290412;-1.57763,0.280326,-1.58421
0.0872729,0.2069,0.0287762;-1.58065,0.257889,-1.5683
0.0873857,0.204632,0.0288044;-1.57061,0.366285,-1.58162
0.0907691,0.20473,0.0300828;-1.55335,0.480401,-1.59036
0.0991609,0.232009,0.0390186;-1.6953,0.539421,-1.55761
0.103217,0.239248,0.0395241;-1.7524,0.395194,-1.53492
0.103413,0.234886,0.0355048;-1.6962,0.299514,-1.55192
0.105399,0.237239,0.0291137;-1.59475,0.162694,-1.56938
0.104531,0.236817,0.0286804;-1.5711,0.215331,-1.57523
0.10418,0.236354,0.0285966;-1.5709,0.32371,-1.57099
0.114818,0.255453,0.0379464;-1.78104,0.49979,-1.47937
0.123356,0.258593,0.0360778;-1.73534,0.371989,-1.51493
0.128295,0.255401,0.0331596;-1.67269,0.267743,-1.54756
0.129878,0.255536,0.0291101;-1.59285,0.155126,-1.5714
0.127761,0.254133,0.028619;-1.57096,0.261123,-1.57244
0.125538,0.252821,0.0285929;-1.5705,0.395795,-1.57175
0.130067,0.258087,0.0372908;-1.69044,0.734127,-1.53266
0.136722,0.262013,0.0383519;-1.74934,0.625563,-1.50288
0.139482,0.257016,0.0348253;-1.67247,0.51343,-1.55057
0.142683,0.257015,0.0293948;-1.59928,0.352487,-1.56587
0.14176,0.256993,0.0288839;-1.58541,0.406246,-1.56639
0.140487,0.255292,0.02875;-1.56876,0.523958,-1.57882
0.154294,0.26932,0.0369313;-1.79031,0.77624,-1.43168
0.1582,0.270552,0.0371992;-1.77881,0.708812,-1.45102
0.160226,0.267601,0.0336034;-1.69544,0.608419,-1.50649
0.159981,0.263941,0.0296625;-1.5962,0.472859,-1.57179
0.158812,0.264917,0.0291321;-1.59245,0.541654,-1.56775
0.153155,0.262379,0.0289725;-1.5741,0.645973,-1.58506
0.165214,0.270014,0.0314119;-1.55031,0.91014,-1.60363
0.169913,0.274985,0.0343821;-1.7289,0.82707,-1.46547
0.165795,0.270293,0.0340923;-1.67897,0.808136,-1.5118
0.165184,0.264568,0.0296185;-1.59873,0.557435,-1.56871
0.178687,0.274083,0.0308952;-1.63021,0.411492,-1.55091
0.175448,0.272382,0.0288633;-1.57592,0.495437,-1.57724
0.176148,0.27145,0.0288163;-1.56486,0.60656,-1.58089
0.200797,0.297175,0.0369039;-1.77495,0.66888,-1.45495
0.208647,0.296844,0.0354257;-1.73416,0.545879,-1.48932
0.209908,0.289045,0.0325201;-1.67221,0.446807,-1.52921
0.211746,0.289329,0.0303295;-1.62048,0.35937,-1.55596
0.210774,0.289264,0.0294578;-1.59339,0.399951,-1.57231
0.212484,0.290471,0.0299581;-1.60525,0.433984,-1.56266
0.220308,0.308643,0.0360126;-1.75432,0.677055,-1.45672
0.220363,0.304368,0.0353162;-1.73155,0.631384,-1.47358
0.215592,0.293796,0.0330051;-1.68289,0.571913,-1.5133
0.209558,0.287099,0.0326202;-1.67295,0.552993,-1.52218
0.210379,0.291903,0.0334826;-1.6997,0.643308,-1.49594
0.205318,0.293557,0.0291633;-1.57612,0.745164,-1.58241
0.218435,0.308555,0.0333165;-1.56523,1.00254,-1.59603
0.224888,0.316682,0.0365891;-1.75773,0.867478,-1.44802
0.225203,0.313754,0.0330303;-1.67304,0.737851,-1.5165
0.234709,0.312245,0.031157;-1.64214,0.548525,-1.54094
0.236389,0.315275,0.0353491;-1.73639,0.599484,-1.48155
0.231518,0.313952,0.031839;-1.63595,0.672672,-1.54848
0.24594,0.329318,0.0321406;-1.55829,0.900175,-1.60244
0.257353,0.341485,0.0368351;-1.78492,0.802374,-1.43297
0.263841,0.343066,0.0362044;-1.77274,0.694325,-1.44486
0.263495,0.33365,0.0299321;-1.60132,0.50849,-1.57034
0.270238,0.338143,0.0325048;-1.66511,0.443776,-1.53491
0.269854,0.339488,0.0317812;-1.6514,0.477375,-1.53717
0.269615,0.341069,0.0307661;-1.55952,0.728065,-1.59689
0.2769,0.350836,0.0341051;-1.62821,0.805367,-1.55315
0.278406,0.353798,0.0354854;-1.711,0.702385,-1.49409
0.282766,0.349407,0.0299408;-1.61496,0.461561,-1.55681
0.288044,0.350244,0.0304606;-1.62394,0.382376,-1.55782
0.288211,0.352637,0.0317513;-1.64566,0.410981,-1.54661
0.293721,0.356948,0.0320733;-1.65261,0.476747,-1.53747
0.298978,0.367169,0.0340642;-1.69996,0.589291,-1.49885
0.299875,0.369739,0.0350598;-1.72116,0.602322,-1.48178
0.29624,0.354921,0.0306519;-1.63147,0.469976,-1.54612
0.290684,0.349459,0.0293731;-1.59956,0.485578,-1.56845
0.289459,0.349493,0.0325271;-1.66963,0.515003,-1.52638
0.28117,0.351197,0.0319976;-1.61781,0.726577,-1.56546
0.285054,0.354229,0.0321319;-1.57077,0.902884,-1.5982
0.291423,0.360444,0.0356288;-1.67025,1.03129,-1.51554
0.280206,0.349083,0.0309227;-1.59386,0.853047,-1.57999
0.28155,0.347687,0.0295382;-1.58344,0.747647,-1.58239
0.298398,0.351878,0.0328911;-1.68045,0.567677,-1.51818
0.305497,0.363655,0.0330261;-1.66694,0.682638,-1.52529
0.307949,0.368546,0.0315526;-1.5727,0.827883,-1.59419
0.320197,0.380916,0.0343509;-1.64754,0.923219,-1.53449
0.333074,0.387248,0.0319828;-1.66281,0.637981,-1.51873
0.334179,0.384992,0.0291071;-1.5802,0.521436,-1.58299
0.339086,0.386514,0.0298879;-1.60293,0.444454,-1.56974
0.336604,0.387155,0.0326065;-1.61974,0.539923,-1.57847
0.339813,0.392412,0.0341496;-1.71414,0.65655,-1.48848
0.340436,0.398377,0.0366017;-1.79107,0.797096,-1.42529
0.333631,0.391259,0.0331475;-1.68674,0.715839,-1.49638
0.330536,0.386075,0.0289598;-1.58071,0.571558,-1.57526
0.337261,0.388264,0.0295221;-1.60235,0.415201,-1.56583
0.339158,0.389159,0.033432;-1.66988,0.447565,-1.54163
0.338385,0.392961,0.0339198;-1.64443,0.52406,-1.56552
0.346841,0.406297,0.0343268;-1.65998,0.623908,-1.5451
0.352929,0.417415,0.0332514;-1.66579,0.56433,-1.51676
0.353151,0.4087,0.0296014;-1.60392,0.450176,-1.55798
0.355036,0.406804,0.028999;-1.58686,0.3339,-1.57041
0.353592,0.40464,0.0324062;-1.66133,0.374246,-1.54205
0.347992,0.402933,0.0351922;-1.70231,0.469899,-1.52713
0.347585,0.404993,0.0348901;-1.6506,0.600373,-1.56178
0.354325,0.41852,0.0362751;-1.76085,0.708609,-1.45766
0.353235,0.414506,0.0344642;-1.71245,0.611807,-1.4922
0.345301,0.403349,0.028892;-1.57093,0.532904,-1.58583
0.363416,0.411779,0.0343263;-1.69606,0.288153,-1.54029
0.366446,0.416012,0.0363138;-1.73552,0.320125,-1.52307
0.36362,0.419454,0.0353947;-1.66483,0.44224,-1.56185
0.372251,0.449979,0.0361098;-1.65529,0.585015,-1.55564
0.376612,0.46011,0.0347287;-1.70193,0.436301,-1.52295
0.376574,0.454345,0.0292053;-1.58709,0.31411,-1.57413
0.382776,0.458101,0.0297794;-1.60439,0.116612,-1.5737
0.384698,0.458565,0.0316798;-1.64287,0.154707,-1.56333
0.385087,0.461103,0.0333297;-1.63218,0.202298,-1.58664
0.388566,0.481144,0.0367722;-1.75213,0.422055,-1.50192
0.391134,0.478964,0.0347357;-1.69363,0.338212,-1.52421
0.39188,0.469976,0.0293241;-1.59374,0.228001,-1.56404
0.39358,0.468206,0.0292704;-1.59662,0.0905973,-1.5741
0.393085,0.467412,0.0310496;-1.63133,0.149698,-1.56618
0.390195,0.465197,0.0345655;-1.63912,0.230117,-1.59592
0.390195,0.465197,0.0345655;-1.63912,0.230117,-1.59592
0.391662,0.468968,0.038402;-1.68264,0.383125,-1.5784
0.391662,0.468968,0.038402;-1.68264,0.383125,-1.5784
