0,0,0.11;-1.57,-2.98023e-08,-1.57
0,0,0.11;-1.57,-2.98023e-08,-1.57
0,0,0.11;-1.57,-2.98023e-08,-1.57
-0.00132808,-0.00216692,0.0287577;-1.56479,-0.296108,-1.56483
-0.000895569,-0.001242,0.0285997;-1.57016,-0.253425,-1.57017
-0.00111844,-0.00311032,0.0292057;-1.57738,-0.149203,-1.57918
-0.000679282,-0.00962799,0.0361453;-1.55242,-0.0354272,-1.59085
-0.00201003,-0.00464518,0.0285793;-1.57092,-0.240588,-1.57088
-0.00297763,-0.00691216,0.028976;-1.55195,-0.343964,-1.56289
-0.0035591,-0.00789236,0.0289582;-1.55124,-0.384353,-1.56309
-0.00315247,-0.00709889,0.0285827;-1.57159,-0.272987,-1.5703
-0.00462218,-0.0130082,0.0314303;-1.62566,-0.146396,-1.58539
-0.00368843,-0.0268129,0.0356163;-1.56776,0.0114955,-1.58662
-0.00553585,-0.0448365,0.032381;-1.53578,-0.0985811,-1.5969
-0.0116506,-0.0469411,0.0291206;-1.56828,-0.231516,-1.58729
-0.014236,-0.0447059,0.0286968;-1.57076,-0.344487,-1.5764
-0.0140904,-0.0440111,0.0288455;-1.55723,-0.351257,-1.5659
-0.010669,-0.0453615,0.029592;-1.56531,-0.227077,-1.58791
-0.00469225,-0.0457138,0.0359248;-1.51339,-0.034189,-1.60596
-0.000452594,-0.044485,0.0408669;-1.53892,0.135879,-1.61121
0.000185144,-0.0390848,0.037618;-1.60492,0.100689,-1.59766
-0.00108501,-0.0349828,0.0288178;-1.56982,-0.00531122,-1.58306
-0.00295712,-0.0331865,0.0287498;-1.5666,-0.174762,-1.5661
-0.00199097,-0.0322143,0.0286433;-1.568,-0.103178,-1.56979
-0.00219305,-0.0364926,0.0294737;-1.56803,0.00095892,-1.57992
-0.00316571,-0.0513785,0.034517;-1.49866,0.104516,-1.60147
-0.00539151,-0.0611274,0.0318022;-1.53859,0.0624056,-1.59638
-0.0101704,-0.0629315,0.0285845;-1.57212,-0.0931562,-1.56983
-0.010033,-0.0625243,0.0287277;-1.57109,-0.0821936,-1.56349
-0.0094003,-0.0613927,0.0287742;-1.56572,-0.0273267,-1.56599
-0.00325367,-0.0574662,0.032184;-1.5207,0.274176,-1.58803
-0.00175423,-0.0517749,0.0396547;-1.57797,0.398447,-1.58776
-0.000814822,-0.0472806,0.041625;-1.72136,0.379526,-1.56978
-0.00234736,-0.0496662,0.0286203;-1.56886,0.251072,-1.5749
-0.00297464,-0.0504841,0.0285717;-1.57025,0.154191,-1.57055
-0.00291823,-0.0515467,0.0287083;-1.57086,0.0956613,-1.56452
0.000455258,-0.055649,0.0298947;-1.55642,0.286134,-1.58451
0.00339096,-0.0617312,0.0354528;-1.46578,0.399024,-1.62487
0.00308811,-0.0658877,0.0380254;-1.4937,0.397537,-1.6212
-0.0123804,-0.0801492,0.0288121;-1.57059,0.196848,-1.58184
-0.0126042,-0.0797343,0.0285797;-1.57085,0.149811,-1.57084
-0.0123608,-0.079248,0.0287066;-1.57099,0.149631,-1.56455
-0.00969489,-0.0788368,0.0291118;-1.55446,0.28596,-1.58066
-0.00431921,-0.0744843,0.0334763;-1.50536,0.401682,-1.61145
-0.000411174,-0.067341,0.0415833;-1.57564,0.491983,-1.59431
-0.00200567,-0.0743645,0.0351493;-1.67404,0.360256,-1.56003
-0.00643173,-0.0786775,0.0286834;-1.57245,0.276748,-1.57783
-0.00762711,-0.0782742,0.0285816;-1.57086,0.211576,-1.57087
-0.00774278,-0.0781898,0.0286551;-1.56711,0.2017,-1.57156
-0.00618118,-0.0795897,0.0310178;-1.5544,0.26935,-1.59498
-0.00400321,-0.0804022,0.0385023;-1.52161,0.400383,-1.62108
-0.000832462,-0.0784928,0.0322396;-1.59138,0.262737,-1.60732
0.00106501,-0.0762241,0.030204;-1.59575,0.219327,-1.58163
0.000146385,-0.0769138,0.0288975;-1.57672,0.220353,-1.57878
0.000905194,-0.0761664,0.0285976;-1.56999,0.240867,-1.57038
0.000797542,-0.0761153,0.0298025;-1.58999,0.328369,-1.57008
-0.00108586,-0.0768192,0.037538;-1.69869,0.469119,-1.53666
-0.00161295,-0.083292,0.0364437;-1.71041,0.349881,-1.54238
-0.00479207,-0.0854266,0.0345626;-1.69613,0.251582,-1.54261
-0.00683372,-0.0873043,0.028858;-1.57649,0.183798,-1.57733
-0.00713558,-0.0871055,0.0285964;-1.5699,0.165087,-1.57041
-0.00698609,-0.0890133,0.0293261;-1.56263,0.235711,-1.58639
-0.00550611,-0.0905666,0.0336315;-1.52458,0.329647,-1.62328
-0.00175607,-0.0928927,0.0413638;-1.64391,0.491222,-1.57195
-0.0014864,-0.0890151,0.0383466;-1.74537,0.445041,-1.5141
-0.00244698,-0.0890135,0.0295544;-1.59294,0.39269,-1.57302
-0.00283456,-0.0900209,0.0285956;-1.57048,0.382389,-1.5716
-0.00278267,-0.090275,0.0286513;-1.57034,0.403195,-1.5742
-0.00319685,-0.0909801,0.0292285;-1.57826,0.4563,-1.57203
-0.00975155,-0.098399,0.04326;-1.73858,0.615234,-1.51106
-0.0186637,-0.112251,0.0438083;-1.7542,0.522481,-1.51119
-0.0336797,-0.130585,0.0320014;-1.59316,0.440554,-1.59935
-0.0380627,-0.133891,0.0288631;-1.58271,0.41638,-1.56877
-0.0381958,-0.13417,0.028577;-1.57077,0.444508,-1.5707
-0.0363349,-0.134806,0.0293079;-1.5426,0.492878,-1.58585
-0.0224849,-0.136117,0.0381066;-1.38582,0.753312,-1.69633
-0.0204288,-0.137885,0.0412802;-1.56453,0.721307,-1.60369
-0.0206287,-0.145339,0.0306817;-1.55502,0.665483,-1.62225
-0.0258682,-0.150761,0.0289387;-1.58736,0.762536,-1.56456
-0.0263407,-0.150991,0.0285812;-1.57052,0.788603,-1.57076
-0.0266831,-0.150414,0.0291815;-1.53953,0.766923,-1.58907
-0.0214098,-0.149459,0.0375287;-1.36238,0.842817,-1.73508
-0.0245007,-0.151836,0.0389133;-1.52321,0.765877,-1.64084
-0.0304645,-0.15573,0.0317284;-1.55871,0.692373,-1.62382
-0.0386799,-0.161623,0.0290554;-1.59069,0.739268,-1.56589
-0.0396467,-0.161907,0.0288051;-1.57019,0.787456,-1.58171
-0.0390248,-0.161731,0.0291745;-1.54136,0.800078,-1.6002
-0.0170121,-0.146921,0.0379764;-1.3644,0.966541,-1.74905
-0.00621247,-0.140276,0.0410066;-1.69162,0.947648,-1.51502
-0.00321603,-0.140267,0.0378302;-1.762,0.93589,-1.46613
-0.0105507,-0.149079,0.0293404;-1.5745,0.944329,-1.58463
-0.0113235,-0.148213,0.0290214;-1.57692,0.936379,-1.57864
-0.012077,-0.14849,0.028863;-1.57579,0.929926,-1.5771
-0.0144094,-0.15018,0.0335105;-1.45049,0.911427,-1.68424
-0.0123667,-0.150364,0.0343281;-1.46123,0.893371,-1.68469
-0.00273238,-0.146578,0.035454;-1.62334,0.876876,-1.56875
0.0053084,-0.148241,0.0327433;-1.65226,0.784922,-1.54334
-0.00734542,-0.150629,0.0294828;-1.58002,0.875593,-1.58102
-0.00822972,-0.149404,0.028979;-1.57712,0.905997,-1.57906
-0.00859548,-0.148538,0.0288277;-1.57092,0.936531,-1.58206
-0.00724641,-0.140757,0.0380489;-1.82033,1.0739,-1.40122
-0.0082676,-0.1446,0.0365886;-1.78095,1.06117,-1.43134
-0.00643675,-0.148408,0.0346203;-1.70722,1.00983,-1.49636
-0.0156393,-0.147976,0.0320122;-1.60846,1.06984,-1.57966
-0.0234438,-0.148228,0.0289527;-1.58993,1.17103,-1.56348
-0.024061,-0.147678,0.0287825;-1.56931,1.18005,-1.5822
-0.0129166,-0.143279,0.0352576;-1.62458,1.14065,-1.54863
-0.0129131,-0.14606,0.0369474;-1.80904,1.12374,-1.38466
-0.0155801,-0.150549,0.0341706;-1.74551,1.11446,-1.44386
-0.0245275,-0.153043,0.030337;-1.61426,1.18678,-1.55578
-0.0311279,-0.153016,0.0289486;-1.58873,1.24464,-1.56586
-0.0324792,-0.152466,0.0289037;-1.58476,1.28212,-1.56874
-0.0295788,-0.146638,0.0329248;-1.89291,1.42337,-1.28358
-0.0315753,-0.146982,0.0369652;-2.34996,1.41572,-0.843167
-0.036821,-0.152273,0.0357515;-2.23313,1.38537,-0.950127
-0.0467282,-0.156981,0.0330296;-2.10562,1.41502,-1.06159
-0.0603587,-0.153473,0.0315937;-2.10494,1.53123,-1.07523
-0.0694098,-0.152269,0.0289474;1.67091,1.52477,1.45789
-0.0715692,-0.153095,0.0328998;1.06237,1.40277,2.07078
-0.0679154,-0.155907,0.0345501;1.19143,1.3208,1.93594
-0.0690777,-0.158691,0.0328671;1.76299,1.34624,1.34807
-0.0649627,-0.170239,0.0343927;2.57321,1.45146,0.547079
-0.0632356,-0.168818,0.0391558;2.68691,1.34374,0.448738
-0.0725392,-0.161805,0.0355263;2.1055,1.33608,1.02485
-0.0787052,-0.158,0.0294132;1.49441,1.33795,1.64008
-0.0796497,-0.158884,0.0325788;1.28878,1.33243,1.83446
-0.084389,-0.162424,0.0324462;1.44853,1.38077,1.66301
-0.0891081,-0.167327,0.0328872;-3.04717,1.49446,-0.114745
-0.087055,-0.167113,0.0357637;-2.93981,1.42335,-0.215825
-0.0902793,-0.1626,0.0381703;2.90867,1.37826,0.226306
-0.100801,-0.155966,0.0290165;1.52173,1.41014,1.60922
-0.0956056,-0.160085,0.0319738;1.29974,1.32805,1.82879
-0.0849524,-0.166173,0.0335343;1.371,1.23086,1.75829
-0.0772718,-0.181255,0.0300591;1.75764,1.39066,1.37682
-0.0769522,-0.184517,0.0316283;2.0473,1.43134,1.08626
-0.0767199,-0.182492,0.0355374;2.29717,1.35336,0.851417
-0.0855534,-0.170913,0.0331304;1.80085,1.23876,1.33396
-0.0883969,-0.168282,0.0301851;1.50516,1.24833,1.61395
-0.0848536,-0.170227,0.0337872;1.32409,1.25772,1.7901
-0.0892562,-0.1744,0.0292483;1.89592,1.49368,1.23761
-0.0896665,-0.175291,0.0303217;2.51609,1.5062,0.622965
-0.091623,-0.173187,0.0343008;2.53024,1.42894,0.608232
-0.10381,-0.157501,0.0318664;1.65239,1.23567,1.46049
-0.105683,-0.155974,0.0303383;1.52351,1.14233,1.59678
-0.0950265,-0.160784,0.0319681;1.44715,1.05889,1.67048
-0.0845638,-0.175175,0.0290825;1.60917,1.1196,1.52869
-0.0846267,-0.178062,0.0292384;1.63632,1.18678,1.50256
-0.0859328,-0.17796,0.0299221;1.6761,1.19412,1.46009
-0.0919961,-0.161463,0.0293184;1.59027,1.01465,1.53996
-0.0950334,-0.15671,0.0292793;1.56167,0.955692,1.56975
-0.0956612,-0.155419,0.0309949;1.48155,0.961899,1.6406
-0.100003,-0.158099,0.0291721;1.61688,1.0842,1.52559
-0.100379,-0.160904,0.0292657;1.65136,1.18675,1.49213
-0.100045,-0.163142,0.0297861;1.67729,1.22988,1.46599
-0.102309,-0.155082,0.0324719;1.75594,1.1045,1.39938
-0.109235,-0.141866,0.0289475;1.58131,0.934786,1.55087
-0.110078,-0.139582,0.029538;1.53883,0.810796,1.58758
-0.110324,-0.141814,0.0296955;1.59625,0.675386,1.54556
-0.116827,-0.140966,0.0290249;1.59037,0.74507,1.55029
-0.117536,-0.144794,0.0292292;1.61141,0.862799,1.53435
-0.117201,-0.142507,0.0329679;1.71919,0.835105,1.45247
-0.117634,-0.134646,0.0348565;1.74407,0.73253,1.45016
-0.121304,-0.123373,0.0296744;1.569,0.652924,1.55372
-0.125057,-0.122517,0.0322312;1.48894,0.592462,1.62344
-0.127931,-0.122217,0.0288418;1.55654,0.619603,1.57829
-0.128197,-0.123702,0.0287907;1.57465,0.68994,1.56156
-0.12862,-0.125767,0.0310216;1.65609,0.736821,1.50675
-0.12732,-0.119708,0.0301859;1.62581,0.648675,1.53499
-0.126765,-0.114021,0.0289853;1.58118,0.524018,1.55526
-0.130468,-0.111856,0.0349232;1.43945,0.431695,1.63627
-0.133261,-0.108674,0.030344;1.53913,0.48732,1.59931
-0.134766,-0.104554,0.0286787;1.57205,0.571952,1.57593
-0.135528,-0.108531,0.0294148;1.61551,0.713941,1.53659
-0.134641,-0.106798,0.0291422;1.60297,0.685665,1.54781
-0.134787,-0.10354,0.0286428;1.56974,0.615137,1.56761
-0.139878,-0.102323,0.0332281;1.45579,0.505684,1.625
-0.143078,-0.102123,0.0324346;1.48846,0.466776,1.61484
-0.144667,-0.09914,0.0288851;1.56358,0.532753,1.58281
-0.144414,-0.0982336,0.0288969;1.59167,0.757923,1.55613
-0.14418,-0.0978382,0.0290822;1.60114,0.749076,1.54748
-0.143926,-0.096651,0.0285779;1.5708,0.694594,1.57077
-0.143926,-0.096651,0.0285779;1.5708,0.694594,1.57077
-0.144829,-0.0961455,0.0291695;1.53813,0.666103,1.59126
-0.144829,-0.0961455,0.0291695;1.53813,0.666103,1.59126
