0,0,0.11;-1.57,-2.98023e-08,-1.57
0,0,0.11;-1.57,-2.98023e-08,-1.57
0,0,0.11;-1.57,-2.98023e-08,-1.57
-0.000388792,0.000485758,0.0285886;-1.57134,-0.276621,-1.57018
0.000400389,0.00237356,0.0286213;-1.57016,-0.203241,-1.56924
0.00136194,0.00490504,0.0286849;-1.5682,-0.112851,-1.56792
-0.00132416,0.0141707,0.0298596;-1.57722,0.0822656,-1.56093
0.000481745,0.00553413,0.0290968;-1.58145,-0.0538418,-1.5598
0.00244116,0.00298907,0.0289228;-1.57786,-0.146546,-1.56213
0.00314601,0.000782327,0.0286796;-1.57097,-0.237871,-1.56614
0.0036477,0.000462782,0.0287158;-1.57368,-0.309371,-1.57538
0.00279246,-0.000593273,0.0289683;-1.57958,-0.234652,-1.58294
0.00168214,-0.00214844,0.0301388;-1.57342,-0.129741,-1.58665
-0.00340472,-0.00959038,0.0307272;-1.55973,-0.00574428,-1.59609
-0.00590896,-0.0126666,0.0312678;-1.54167,-0.0679118,-1.5917
-0.00781001,-0.0108977,0.0291665;-1.55797,-0.112204,-1.58342
-0.0112182,-0.0052939,0.0293939;-1.56033,-0.295912,-1.56324
-0.00833937,0.000390513,0.0296509;-1.5516,-0.389195,-1.56562
-0.00439292,0.00537653,0.0310448;-1.53824,-0.404198,-1.55095
-0.00365617,0.00455666,0.0333277;-1.5304,-0.17686,-1.58017
-0.00309073,-0.00181205,0.0300238;-1.58156,-0.11078,-1.59383
-0.00396271,-0.00873573,0.0298102;-1.57168,-0.0801324,-1.59412
-0.00243939,-0.00826251,0.0291817;-1.58682,-0.110476,-1.58569
0.00127157,0.000439856,0.0303811;-1.58839,-0.195064,-1.59985
0.0059399,0.0105987,0.031797;-1.64236,-0.280054,-1.59165
0.0072059,0.018668,0.035497;-1.69745,-0.228487,-1.58808
0.0059975,0.0209604,0.0368469;-1.72481,-0.179208,-1.58974
-0.00251992,0.00301504,0.0321444;-1.58351,-0.00797459,-1.61923
-0.00448002,-0.00459395,0.0318161;-1.57865,0.0822087,-1.61696
-0.00350437,-0.00316978,0.0332051;-1.57289,0.0847146,-1.63639
0.00321371,0.0205783,0.0355875;-1.56328,0.0665785,-1.64878
0.0130863,0.04745,0.0349982;-1.61139,0.0640946,-1.62332
0.0209421,0.0574336,0.0346029;-1.65982,-0.0122509,-1.59903
0.0186544,0.0598009,0.0314516;-1.63601,0.0130273,-1.57253
0.0136602,0.0576594,0.0294005;-1.60062,0.0951139,-1.56714
0.0102441,0.0612076,0.0289722;-1.5862,0.259913,-1.56306
0.0101954,0.0637263,0.0291893;-1.55575,0.359473,-1.56366
0.0142824,0.0700832,0.0307618;-1.5264,0.428689,-1.57799
0.0209861,0.0794932,0.0297228;-1.55728,0.483268,-1.56548
0.0241567,0.0751844,0.0292075;-1.55175,0.317062,-1.56925
0.0233494,0.0744556,0.0290559;-1.55627,0.281044,-1.56581
0.0224709,0.0734453,0.0291496;-1.55105,0.248083,-1.56709
0.0238622,0.0826417,0.0302964;-1.58756,0.404575,-1.54171
0.0228384,0.088481,0.0321375;-1.62401,0.474407,-1.52616
0.0237438,0.0900414,0.0328538;-1.63325,0.485559,-1.52555
0.0223139,0.084301,0.0290382;-1.56215,0.388624,-1.58808
0.0216972,0.0840342,0.0294021;-1.57307,0.353914,-1.58968
0.0226623,0.0847262,0.0290985;-1.58338,0.342246,-1.57948
0.0175547,0.0811951,0.0307354;-1.57445,0.439604,-1.60412
0.015598,0.0826956,0.0328211;-1.56002,0.575116,-1.6272
0.0161699,0.0867069,0.0330152;-1.54511,0.700393,-1.63937
0.0150841,0.0807623,0.03671;-1.68935,0.606365,-1.54566
0.0160235,0.0812759,0.0346721;-1.68213,0.477188,-1.54039
0.0188081,0.0819743,0.0321534;-1.65435,0.397641,-1.54508
0.0184574,0.0787,0.0291624;-1.58919,0.396849,-1.57466
0.0135096,0.0754155,0.030838;-1.59534,0.481084,-1.58695
0.0111874,0.0759451,0.0317813;-1.58288,0.54867,-1.60607
0.0158397,0.0771709,0.036159;-1.55263,0.65327,-1.65151
0.0109151,0.0705471,0.0373528;-1.51934,0.571504,-1.66747
0.00194969,0.059997,0.032147;-1.56563,0.478611,-1.62944
-0.00593968,0.0624894,0.0297797;-1.60337,0.245281,-1.56006
0.000309515,0.0686703,0.0305374;-1.59231,0.249291,-1.55374
0.00765761,0.0770831,0.0353276;-1.60239,0.314592,-1.54987
0.00756554,0.0772567,0.0385717;-1.44981,0.561569,-1.67759
0.00693747,0.0732876,0.0382899;-1.50041,0.528591,-1.67048
-0.000582545,0.065084,0.0329949;-1.57512,0.491324,-1.62857
-0.00599077,0.0637639,0.0289082;-1.57578,0.332057,-1.57986
-0.00322539,0.0660099,0.0288662;-1.57356,0.231726,-1.58093
-0.00183595,0.0674316,0.028666;-1.57041,0.179081,-1.57552
0.00438799,0.082209,0.0327451;-1.57058,0.428705,-1.55051
0.00513226,0.0863543,0.0300401;-1.56936,0.492674,-1.5669
0.00493089,0.0859474,0.0292546;-1.56205,0.520095,-1.57834
0.00416673,0.0868756,0.0285798;-1.57087,0.521631,-1.57077
0.00443749,0.0870166,0.0285823;-1.57065,0.504462,-1.5711
0.00468782,0.0872123,0.0285843;-1.57021,0.499652,-1.57113
0.00554234,0.0866931,0.0294398;-1.54059,0.543478,-1.58704
0.00616061,0.0838686,0.0309888;-1.50676,0.566651,-1.60971
0.0055859,0.0801101,0.0329659;-1.47634,0.623321,-1.6401
-0.000481926,0.0812736,0.0293142;-1.56745,0.673309,-1.5642
0.00215226,0.0835076,0.0294288;-1.57219,0.689728,-1.57012
0.00415042,0.0868829,0.0293399;-1.57558,0.636631,-1.5703
0.0159406,0.0880345,0.0308222;-1.56953,0.554006,-1.60633
0.0205826,0.0853124,0.0340675;-1.54608,0.589813,-1.66041
0.0206201,0.0817795,0.0373136;-1.50983,0.648909,-1.70739
0.0029645,0.0782473,0.0357773;-1.49828,0.739791,-1.69358
0.000628363,0.082602,0.0332437;-1.61567,0.850327,-1.58617
-0.000784118,0.0873295,0.0350708;-1.71363,0.883161,-1.49303
0.00665604,0.0892996,0.0413335;-1.81694,0.813726,-1.44261
0.0222934,0.0864476,0.0423351;-1.82581,0.739701,-1.44746
0.0339605,0.0797475,0.0434583;-1.81413,0.734278,-1.47643
0.0271916,0.0762119,0.0402098;-1.72656,0.607884,-1.55126
0.0171631,0.0766723,0.0373428;-1.63923,0.66326,-1.61087
0.00767415,0.074368,0.0354059;-1.60849,0.768013,-1.62227
0.0109241,0.0854667,0.0354988;-1.62319,0.926664,-1.60303
0.0168455,0.0935072,0.0385092;-1.72996,0.913024,-1.51231
0.0262515,0.0943932,0.0397952;-1.80783,0.8266,-1.44304
0.0216178,0.0931902,0.0385218;-1.80165,0.691006,-1.4352
0.0169475,0.0858328,0.0366131;-1.74263,0.555394,-1.47741
0.0209848,0.086809,0.0350254;-1.71944,0.566732,-1.4928
0.0204249,0.0860915,0.0327209;-1.64798,0.599229,-1.54762
0.0138326,0.0868313,0.0327497;-1.59491,0.711873,-1.60436
0.0139362,0.0855991,0.0337661;-1.61412,0.721985,-1.59378
0.00865878,0.0738192,0.0362733;-1.5908,0.678308,-1.61093
-0.0192067,0.0588777,0.0380831;-1.45264,0.466706,-1.59873
-0.0273452,0.0650633,0.034867;-1.52489,0.472789,-1.54373
-0.0163227,0.0759006,0.0351989;-1.64287,0.491234,-1.49857
-0.00611816,0.084969,0.0388666;-1.73533,0.557388,-1.45658
-0.00388146,0.0818954,0.0405974;-1.83082,0.585851,-1.43397
-0.00173442,0.0776527,0.0394629;-1.79757,0.57588,-1.46689
-0.00373798,0.0704527,0.0307505;-1.59461,0.400891,-1.58304
-0.0105939,0.0712266,0.0310708;-1.61492,0.369409,-1.56327
-0.0143123,0.0747022,0.0323088;-1.64535,0.426149,-1.54029
-0.00926639,0.0856899,0.0406712;-1.83442,0.551082,-1.4299
0.00398057,0.0915394,0.0438428;-1.92682,0.573151,-1.38575
0.0155803,0.0913587,0.0441143;-1.86721,0.616818,-1.44013
0.0265543,0.085045,0.0439561;-1.91521,0.532612,-1.40776
0.0295688,0.0822463,0.0433281;-1.90721,0.452595,-1.42245
0.0286378,0.0740933,0.0413536;-1.83515,0.374615,-1.48556
0.0190474,0.0585321,0.0426838;-1.66473,0.451739,-1.64695
0.0121212,0.0492352,0.0448423;-1.64729,0.53017,-1.65316
0.012171,0.0517772,0.0469752;-1.68573,0.597649,-1.61055
0.0196724,0.0809007,0.0445909;-1.83892,0.65423,-1.48021
0.0135671,0.0851037,0.0431454;-1.87211,0.595667,-1.43138
0.0103535,0.0889929,0.0434491;-1.90931,0.545792,-1.38203
0.0109411,0.0925596,0.0449631;-1.8228,0.468822,-1.38886
0.012859,0.0915171,0.0451378;-1.81622,0.473015,-1.38165
0.013301,0.0859204,0.0484783;-1.86216,0.543498,-1.35575
-0.00146652,0.0688965,0.0432967;-1.52663,0.64229,-1.65953
-0.00539486,0.0676839,0.0457565;-1.43336,0.696239,-1.68944
0.00173123,0.0806789,0.0391118;-1.55439,0.710759,-1.64113
0.00683953,0.0958639,0.03439;-1.70636,0.752784,-1.48201
0.0032034,0.0938483,0.0361655;-1.75605,0.769541,-1.45067
0.000491069,0.0851164,0.0427871;-1.73406,0.863437,-1.46677
0.00322472,0.0605173,0.0427934;-1.58931,0.974423,-1.65668
0.00942497,0.0641842,0.0418647;-1.63382,0.937459,-1.66152
0.0143517,0.0766706,0.0447227;-1.63437,0.978955,-1.68748
0.0155424,0.0954541,0.0389189;-1.51729,1.03558,-1.74451
0.0179973,0.0946922,0.0350458;-1.55433,1.02947,-1.66792
0.0190054,0.0929535,0.0350724;-1.65767,1.02533,-1.54342
0.0051574,0.0805391,0.0386503;-1.81053,1.05427,-1.40306
-0.0035551,0.0774024,0.0400311;-1.87058,1.00372,-1.3425
-0.00264511,0.0789606,0.0382715;-1.87033,0.965583,-1.31807
0.00297929,0.0855475,0.03338;-1.78192,1.08686,-1.38863
0.00436411,0.0891615,0.0296787;-1.63761,1.15109,-1.51466
0.00610709,0.0913599,0.0303945;-1.65807,1.16949,-1.4978
0.00828909,0.0932335,0.0319742;-1.69267,1.18246,-1.47565
0.00696233,0.0859732,0.0362105;-1.74441,1.1221,-1.45434
-0.00356341,0.0832071,0.0414992;-1.62994,1.06401,-1.56165
-0.0198658,0.086392,0.0490347;-1.38829,1.1255,-1.75851
-0.0132444,0.0914016,0.0554636;-1.32375,1.22176,-1.83569
-0.00252555,0.0978143,0.0594312;-1.23328,1.25024,-1.93119
0.0280479,0.101049,0.0528216;-1.94304,1.24261,-1.3168
0.0391465,0.102011,0.0486121;-1.99333,1.16911,-1.27093
0.0432437,0.104832,0.0442345;-1.98928,1.18671,-1.28357
0.034283,0.112464,0.0448367;-2.11631,1.15532,-1.11889
0.0230978,0.112652,0.0448296;-2.16374,1.21899,-1.04558
0.0152038,0.112919,0.0413073;-2.33508,1.28489,-0.870895
0.0189321,0.114292,0.0426509;-2.43972,1.28786,-0.77247
0.025484,0.112876,0.0444435;-2.33449,1.24583,-0.904017
0.0302849,0.109602,0.0450089;-2.24772,1.21238,-1.00301
0.0382078,0.10565,0.0407376;-2.05089,1.10743,-1.16619
0.0270749,0.103554,0.0387813;-1.97159,1.13238,-1.23528
0.013446,0.102524,0.0318912;-1.66575,1.22947,-1.50914
0.00586161,0.0966929,0.0369024;-0.788044,1.37797,-2.32021
0.00838208,0.0976009,0.0391209;-0.622224,1.36235,-2.47479
0.0098283,0.100363,0.0363082;-0.931573,1.35751,-2.17996
0.00912509,0.10331,0.0286515;-1.57013,1.30657,-1.57476
0.00876452,0.103286,0.0286377;-1.57083,1.25315,-1.56805
0.00890484,0.102941,0.0287391;-1.57301,1.23423,-1.56102
0.0130478,0.106736,0.0303588;-1.60875,1.31038,-1.5081
0.0165852,0.110474,0.0300579;-1.57269,1.38338,-1.54089
0.0192157,0.111763,0.0288035;-1.57223,1.44171,-1.55864
0.0218508,0.110885,0.0288017;-1.60637,1.29543,-1.53761
0.0228047,0.108852,0.0293051;-1.66546,1.2225,-1.48101
0.0195919,0.102218,0.0307814;-1.70295,1.13116,-1.44966
0.0151334,0.0957467,0.0363373;-1.8425,1.01459,-1.31997
0.0140367,0.0954375,0.039417;-1.9161,1.01118,-1.24909
0.0151439,0.0983173,0.0384875;-1.94916,1.05358,-1.22633
0.00944777,0.0968191,0.0350395;-1.77424,1.15063,-1.42252
0.00602357,0.098019,0.0333266;-1.70248,1.17912,-1.48916
0.00763449,0.0972941,0.0315414;-1.67656,1.15215,-1.49831
0.00763449,0.0972941,0.0315414;-1.67656,1.15215,-1.49831
0.0156793,0.0956563,0.0326066;-1.73744,1.06721,-1.43518
0.0156793,0.0956563,0.0326066;-1.73744,1.06721,-1.43518
