0,0,0.11;-1.57,-2.98023e-08,-1.57
0,0,0.11;-1.57,-2.98023e-08,-1.57
0,0,0.11;-1.57,-2.98023e-08,-1.57
-0.000590588,-0.000388478,0.028605;-1.57105,-0.261552,-1.56945
0.000132503,-0.000246703,0.0285813;-1.571,-0.121168,-1.57096
0.000284776,-0.00214541,0.0289145;-1.57573,0.0346559,-1.57531
0.00461264,-0.00803327,0.0366821;-1.62663,0.173362,-1.61389
0.00112827,-0.00691279,0.0295194;-1.57344,-0.0942625,-1.59302
0.00288397,-0.000563118,0.0290276;-1.58933,-0.24343,-1.57906
0.00441249,-0.000124012,0.0285982;-1.57047,-0.318447,-1.56976
0.00621809,0.00330107,0.0285961;-1.5708,-0.137893,-1.56979
0.00611424,0.00691595,0.0291109;-1.57674,0.0425925,-1.56523
0.00199589,0.0119139,0.0335687;-1.64701,0.228374,-1.54807
0.00505981,0.00660869,0.0374247;-1.69937,0.160043,-1.58552
0.00417284,0.00086223,0.0351778;-1.66431,0.0188646,-1.5962
0.00282368,0.000502713,0.0292811;-1.58595,-0.122749,-1.58171
0.00299954,0.00299069,0.0291519;-1.56057,-0.0896273,-1.55252
0.00544836,0.0110273,0.0304435;-1.56084,0.0357661,-1.5457
0.00320194,0.0192432,0.0333618;-1.61126,0.200585,-1.52436
0.00472598,0.0182534,0.0358676;-1.71227,0.212323,-1.55134
0.00632147,0.0175292,0.0350408;-1.68914,0.160311,-1.56761
0.00638125,0.0139887,0.0292069;-1.57055,0.0796637,-1.59172
0.00844873,0.0250991,0.0290892;-1.58373,-0.0930006,-1.58347
0.00844668,0.0234697,0.0286374;-1.57257,0.0031288,-1.57531
0.0111497,0.0260085,0.0289084;-1.56331,0.160551,-1.56552
0.0117114,0.0320687,0.0295622;-1.57789,0.232197,-1.56332
0.013413,0.0298168,0.0287861;-1.57481,0.133648,-1.57613
0.0171869,0.035571,0.0296546;-1.5976,-0.048938,-1.58222
0.0196453,0.0404399,0.0297697;-1.6025,-0.0957259,-1.5805
0.0174262,0.0376953,0.0289834;-1.57738,-0.0116805,-1.58537
0.019544,0.0375305,0.0306568;-1.55616,0.300145,-1.58652
0.0198393,0.046205,0.0334301;-1.66629,0.397844,-1.54585
0.0240593,0.0490239,0.0334117;-1.67106,0.29336,-1.54763
0.027975,0.0425378,0.0300219;-1.57725,0.0384232,-1.59471
0.0286118,0.0479347,0.0296465;-1.59819,-0.0539495,-1.57721
0.0284724,0.0485294,0.0288596;-1.58316,-0.0632918,-1.57283
0.0309188,0.0544432,0.0321102;-1.5176,0.216952,-1.55787
0.0312906,0.0579752,0.0370584;-1.45017,0.359058,-1.57176
0.031667,0.0513561,0.0392967;-1.40635,0.334157,-1.59935
0.0331587,0.0528533,0.0301292;-1.56361,0.0430526,-1.59455
0.0382487,0.0618259,0.0299906;-1.59704,-0.0917768,-1.58553
0.0396541,0.0653068,0.0294541;-1.59569,-0.140911,-1.58078
0.0351512,0.0584002,0.0287225;-1.57049,0.14244,-1.57781
0.0373942,0.0591678,0.0292931;-1.56043,0.313799,-1.56767
0.0397015,0.0642017,0.0306065;-1.53893,0.415402,-1.57501
0.0456675,0.0701237,0.0316806;-1.56578,0.112965,-1.6207
0.0473471,0.0751105,0.0315882;-1.57878,-0.0409471,-1.61516
0.0549257,0.0847503,0.0308859;-1.61982,-0.171091,-1.59149
0.0463771,0.0729936,0.0288637;-1.57296,0.101188,-1.58187
0.0457029,0.0738246,0.0292242;-1.56977,0.270263,-1.56845
0.0437734,0.0809417,0.0313899;-1.5866,0.465054,-1.54578
0.043226,0.0726582,0.0287591;-1.57088,0.232237,-1.57993
0.0443357,0.0795912,0.0294072;-1.57373,0.0544188,-1.5887
0.0531536,0.0909899,0.0314445;-1.62982,-0.111725,-1.58833
0.0467738,0.0833994,0.0317267;-1.53087,0.0948064,-1.59662
0.0439466,0.0855003,0.0355145;-1.50441,0.28167,-1.55613
0.0398493,0.0884901,0.0357022;-1.5415,0.442728,-1.5168
0.0336891,0.0769031,0.0332583;-1.53619,0.304056,-1.5296
0.0281646,0.0711413,0.0293722;-1.55917,0.171634,-1.55457
0.0243604,0.0678939,0.028863;-1.57354,-0.0145846,-1.568
0.0305804,0.0666624,0.0326612;-1.56326,0.0550278,-1.63128
0.0325388,0.0756262,0.0349793;-1.61509,0.195713,-1.59141
0.0311686,0.0880791,0.0359894;-1.72192,0.353998,-1.52636
0.0267119,0.0758699,0.0291318;-1.56644,0.348812,-1.56455
0.0244441,0.0704858,0.0285798;-1.57017,0.246564,-1.57137
0.0242596,0.0727432,0.0287322;-1.57174,0.107546,-1.57738
0.0285373,0.0776723,0.0294316;-1.5895,-0.045544,-1.58713
0.0279681,0.0747674,0.0318899;-1.58055,0.0628981,-1.61396
0.0339309,0.0805081,0.0357094;-1.61624,0.246684,-1.61013
0.0288563,0.0824998,0.0369209;-1.72864,0.42978,-1.52528
0.027516,0.0716565,0.0300251;-1.59224,0.351623,-1.56116
0.0251829,0.0666881,0.0286688;-1.57081,0.213611,-1.56643
0.0260601,0.0660514,0.0287648;-1.57966,-0.0666329,-1.57167
0.0261278,0.0660637,0.0288503;-1.57169,-0.0389531,-1.58292
0.0325874,0.0715942,0.0308775;-1.55146,0.114169,-1.58717
0.0297897,0.080744,0.0429749;-1.59543,0.412759,-1.54459
0.0279823,0.0740473,0.0423522;-1.45887,0.280691,-1.56079
0.0237732,0.06389,0.036374;-1.40888,0.121883,-1.58573
0.0177558,0.0665672,0.0292884;-1.55233,-0.0929139,-1.56477
0.0225768,0.0699534,0.0291465;-1.56167,-0.0511438,-1.57861
0.026758,0.069789,0.0342856;-1.48917,0.103675,-1.60154
0.0247831,0.0699837,0.0428898;-1.36335,0.395425,-1.58451
0.0237574,0.0678401,0.042929;-1.34838,0.282934,-1.5778
0.0185991,0.0662233,0.037809;-1.40509,0.1311,-1.57501
0.0107311,0.0614865,0.0293658;-1.53973,-0.127523,-1.55915
0.0135458,0.0628581,0.0291171;-1.54613,-0.0369121,-1.56847
0.0210235,0.0685287,0.0298979;-1.55912,0.125523,-1.56518
0.0243827,0.0707831,0.0377633;-1.56047,0.448334,-1.55171
0.0227535,0.0677909,0.0424974;-1.53228,0.339494,-1.56153
0.0204313,0.0624744,0.0335911;-1.4943,0.206936,-1.57247
0.0118084,0.0593322,0.0290045;-1.55337,-0.133621,-1.5652
0.0135381,0.0582137,0.0290935;-1.55428,-0.0520492,-1.57827
0.0164363,0.0591945,0.031156;-1.52794,0.00115997,-1.58625
0.0160746,0.0666239,0.0409742;-1.49362,0.341356,-1.55372
0.0179285,0.0578923,0.0406805;-1.49143,0.321424,-1.57223
0.017438,0.0470021,0.0380451;-1.43291,0.309488,-1.59102
-0.000240451,0.0429879,0.0295893;-1.55245,-0.00160161,-1.57007
-0.00443856,0.0446907,0.0294767;-1.54569,-0.110024,-1.55868
-0.00026293,0.0448874,0.0317496;-1.5044,-0.0159123,-1.57041
0.00918412,0.049296,0.0347711;-1.48637,0.151379,-1.56867
0.0174781,0.0481101,0.0418143;-1.43829,0.388581,-1.57307
0.0177681,0.038298,0.0435733;-1.42864,0.256698,-1.60637
0.0101977,0.0373145,0.0426678;-1.37602,0.0969842,-1.65234
-0.000938059,0.0554382,0.0426218;-1.42766,-0.13877,-1.64342
0.000170506,0.0566346,0.0434936;-1.42187,-0.0890237,-1.65551
0.00221365,0.0490371,0.044037;-1.35685,0.0418558,-1.65082
0.012139,0.0430094,0.0451934;-1.3116,0.371828,-1.61159
0.0191556,0.0383879,0.0428115;-1.3414,0.302187,-1.60833
0.0181244,0.0336681,0.0377926;-1.41253,0.16473,-1.61899
-0.00332843,0.0453517,0.0319338;-1.57905,-0.163478,-1.61131
-0.00491188,0.0472785,0.0288177;-1.56802,-0.147651,-1.57897
-0.000327364,0.0491556,0.0317766;-1.5122,-0.0239439,-1.55934
0.0108778,0.0574113,0.0396725;-1.42369,0.248594,-1.56125
0.0164225,0.0567934,0.0404808;-1.47205,0.161665,-1.58057
0.0203238,0.052547,0.033568;-1.51192,0.0496324,-1.60701
0.0196136,0.0555802,0.03529;-1.61771,-0.209592,-1.64211
0.0208613,0.0644225,0.0353958;-1.6297,-0.216045,-1.63774
0.0174354,0.0677057,0.0298404;-1.56209,-0.113135,-1.59467
0.0209608,0.0843617,0.0381907;-1.52337,0.153612,-1.55679
0.024821,0.0910202,0.0410473;-1.65429,0.131841,-1.57814
0.0302078,0.0966357,0.037401;-1.71483,0.0215382,-1.59149
0.0330126,0.0968071,0.0379635;-1.67183,-0.129014,-1.64917
0.0351814,0.104993,0.0367434;-1.69657,-0.212414,-1.63389
0.0345977,0.106003,0.033855;-1.67381,-0.156913,-1.59678
0.0343351,0.10989,0.0295685;-1.56739,0.102776,-1.56531
0.0327333,0.119849,0.0307299;-1.57909,0.185475,-1.56076
0.0330901,0.123591,0.0329672;-1.64737,0.0586511,-1.57968
0.0429617,0.135668,0.0330254;-1.65284,-0.206923,-1.6068
0.0431788,0.136618,0.034708;-1.66409,-0.225269,-1.62366
0.0436202,0.14173,0.0364898;-1.70664,-0.231153,-1.6256
0.0398823,0.132989,0.0292693;-1.57058,0.0535601,-1.57994
0.0408093,0.139379,0.0302794;-1.55996,0.190862,-1.55711
0.040708,0.14006,0.0303362;-1.5644,0.187337,-1.55867
0.041597,0.144531,0.0291229;-1.57712,-0.105439,-1.59085
0.0458117,0.152152,0.0302819;-1.60954,-0.224171,-1.58921
0.0498942,0.158437,0.0320365;-1.65191,-0.312809,-1.59915
0.0422156,0.151024,0.0350387;-1.63174,-0.0427843,-1.5952
0.0406917,0.150236,0.0368826;-1.53604,0.134123,-1.56604
0.0402576,0.146021,0.0369435;-1.47894,0.279291,-1.53474
0.0445962,0.131159,0.0305659;-1.56339,0.104347,-1.56312
0.0439967,0.131961,0.0294947;-1.5745,-0.0626687,-1.58905
0.0508428,0.144714,0.0323908;-1.63928,-0.231284,-1.60425
0.0491136,0.145067,0.0334226;-1.64466,-0.135505,-1.6029
0.0497015,0.144146,0.0295666;-1.57105,0.0498226,-1.57078
0.0501778,0.153627,0.030535;-1.56257,0.206415,-1.55031
0.0476801,0.141585,0.0286069;-1.5712,0.0167654,-1.56912
0.0469559,0.143254,0.0289131;-1.57563,-0.135767,-1.58284
0.0503264,0.1512,0.0296332;-1.59931,-0.263694,-1.58718
0.0528439,0.153145,0.0320927;-1.62507,-0.216029,-1.60516
0.0508449,0.160603,0.0361163;-1.67702,-0.0710828,-1.60468
0.0469155,0.168582,0.0366536;-1.71489,0.0826902,-1.5769
0.0501769,0.142343,0.0290483;-1.55336,0.0506607,-1.57651
0.0450634,0.146834,0.0291854;-1.56446,-0.0730748,-1.5913
0.0442663,0.160972,0.0310773;-1.60892,-0.248429,-1.60272
0.0480139,0.168564,0.029255;-1.59265,-0.317201,-1.58275
0.048509,0.169294,0.0308551;-1.57176,-0.172841,-1.57883
0.0441859,0.185191,0.0382435;-1.58748,-0.0413967,-1.5566
0.0386833,0.194641,0.0359717;-1.67836,-0.0183943,-1.55029
0.0402433,0.17648,0.0308138;-1.53986,-0.117236,-1.54171
0.0365596,0.170596,0.0288147;-1.55967,-0.272392,-1.56712
0.0388167,0.188185,0.0300437;-1.59874,-0.536189,-1.59968
0.0392452,0.182664,0.0302017;-1.58524,-0.444698,-1.59888
0.0413754,0.18544,0.031144;-1.58563,-0.268483,-1.59233
0.025392,0.213495,0.0358612;-1.70321,-0.203176,-1.61364
0.0296455,0.209487,0.0293214;-1.58699,-0.348278,-1.57734
0.0305003,0.20621,0.0285517;-1.57008,-0.438265,-1.57065
0.0320453,0.218586,0.0299033;-1.60751,-0.65859,-1.60583
0.033578,0.215017,0.0325621;-1.6239,-0.57574,-1.63603
0.0362093,0.208283,0.0338139;-1.57848,-0.416663,-1.63383
0.0248963,0.228973,0.0374164;-1.68621,-0.176332,-1.62587
0.017344,0.235564,0.0360942;-1.71741,-0.349189,-1.63439
0.0191049,0.233442,0.0286347;-1.56514,-0.499138,-1.5739
0.0194244,0.235139,0.0287957;-1.58339,-0.628494,-1.57849
0.0193519,0.233946,0.0289727;-1.58681,-0.560967,-1.58477
0.0217072,0.231199,0.0294494;-1.57022,-0.416276,-1.59187
0.0213066,0.247581,0.0442939;-1.57258,-0.143494,-1.57921
0.0168419,0.247102,0.0476166;-1.64755,-0.213851,-1.60155
0.0124691,0.238175,0.0330875;-1.54989,-0.372393,-1.55217
0.00972894,0.228012,0.0290339;-1.55743,-0.675087,-1.55104
0.0104718,0.230721,0.0288628;-1.56125,-0.587829,-1.55986
0.013075,0.236967,0.0300316;-1.54903,-0.429092,-1.55755
0.013075,0.236967,0.0300316;-1.54903,-0.429092,-1.55755
0.0160924,0.244507,0.0311142;-1.56074,-0.265348,-1.55762
0.0160924,0.244507,0.0311142;-1.56074,-0.265348,-1.55762
