0,0,0.11;-1.57,-2.98023e-08,-1.57
0,0,0.11;-1.57,-2.98023e-08,-1.57
0,0,0.11;-1.57,-2.98023e-08,-1.57
-0.000144013,0.00210355,0.0286366;-1.571,-0.292556,-1.57382
4.25239e-05,0.00316465,0.0286212;-1.57027,-0.306747,-1.57237
0.00120848,0.00913424,0.0301099;-1.54492,-0.215747,-1.55652
-0.00500338,0.00778968,0.0324793;-1.56505,0.0395173,-1.53663
-0.00289455,-0.0164832,0.0287873;-1.57062,-0.0483476,-1.58087
-0.00306012,-0.0166861,0.0287235;-1.57432,-0.0521275,-1.57545
-0.00313758,-0.0181373,0.0286667;-1.57066,-0.0146347,-1.57497
-0.00278894,-0.0162435,0.0286584;-1.56868,-0.0250541,-1.57283
-0.0011632,-0.0115596,0.0298469;-1.54445,0.0521474,-1.56499
-0.00030774,0.00707882,0.0340326;-1.62956,0.191123,-1.53191
-0.000936596,0.00439243,0.0336206;-1.65901,0.238653,-1.55392
-0.00259014,-0.00697536,0.0313725;-1.60471,0.229053,-1.58787
-0.00396125,-0.0110338,0.0300884;-1.58096,0.215108,-1.59399
-0.00285314,-0.00948674,0.0292753;-1.58537,0.177265,-1.58138
-0.00439084,-0.0107688,0.0288898;-1.57589,0.240283,-1.57935
-0.0015954,-0.00689795,0.0316224;-1.52931,0.367736,-1.57265
-0.00825295,-0.0135473,0.0367119;-1.45487,0.564993,-1.5887
-0.00949072,-0.0219145,0.0322879;-1.5237,0.518005,-1.57804
-0.0115591,-0.0273134,0.0286388;-1.57226,0.467193,-1.57446
-0.00932875,-0.0244904,0.0288245;-1.58077,0.294295,-1.57285
-0.00821597,-0.0235538,0.0285831;-1.57032,0.264543,-1.5714
-0.0067366,-0.02086,0.0300639;-1.5392,0.291495,-1.57281
-0.00134894,-0.00904569,0.0350479;-1.45695,0.28307,-1.58911
0.00584931,0.00550658,0.0300158;-1.55103,0.227625,-1.56622
0.00498603,0.00414419,0.0285803;-1.57073,0.200873,-1.57093
0.00399298,0.00393004,0.0290502;-1.5874,0.229532,-1.57358
0.00235482,0.00286659,0.0291429;-1.58872,0.268877,-1.57591
0.00614325,0.00770597,0.0322732;-1.51602,0.309292,-1.59101
0.0123126,0.0215064,0.0399183;-1.50044,0.341626,-1.58605
0.0162616,0.0348085,0.0411338;-1.58489,0.281317,-1.56775
0.0232352,0.0373368,0.0317787;-1.62544,0.149358,-1.58038
0.019674,0.0337343,0.031594;-1.62326,0.198624,-1.58002
0.0171819,0.0330282,0.0337257;-1.66705,0.253737,-1.56317
0.0105539,0.0299429,0.0320025;-1.61213,0.375759,-1.57641
0.0133216,0.0406491,0.0343408;-1.56013,0.457739,-1.55738
0.0151087,0.0513672,0.0394294;-1.52546,0.467365,-1.5634
0.0117185,0.0498672,0.0289141;-1.57079,0.600894,-1.58677
0.0106942,0.0473208,0.02873;-1.57058,0.638192,-1.57803
0.00998379,0.0447318,0.0286181;-1.57078,0.731931,-1.57257
0.00821814,0.0442415,0.0289252;-1.54885,0.79542,-1.58454
0.0114145,0.0450471,0.0325386;-1.47345,0.853231,-1.62876
0.0181096,0.0466184,0.0375582;-1.40581,0.947731,-1.64928
0.0205529,0.0453561,0.0287359;-1.55898,0.968112,-1.57962
0.020809,0.0468932,0.0286471;-1.57051,0.894066,-1.57398
0.0215952,0.0481661,0.0286524;-1.57113,0.81375,-1.5743
0.0198712,0.0469991,0.028591;-1.57071,0.918276,-1.5714
0.021613,0.0457852,0.0298113;-1.51928,0.988804,-1.60415
0.0258794,0.044976,0.0342408;-1.42745,1.05702,-1.65481
0.02738,0.0424571,0.0306137;-1.48837,1.06826,-1.64509
0.0270644,0.0437825,0.030256;-1.54388,1.04375,-1.61902
0.025235,0.0428414,0.0301894;-1.57252,1.01886,-1.5991
0.0310309,0.0476215,0.0293301;-1.58297,0.887609,-1.57698
0.0300625,0.0505833,0.0289698;-1.58354,0.818598,-1.57038
0.0271441,0.0542471,0.0309715;-1.51968,0.732507,-1.59814
0.0258882,0.0513209,0.0316942;-1.49029,0.711894,-1.61542
0.0253751,0.0506723,0.0289626;-1.54952,0.732299,-1.58878
0.0249878,0.0503669,0.02874;-1.56097,0.738622,-1.57767
0.0262139,0.0509935,0.0286106;-1.57079,0.693407,-1.57222
0.0261325,0.050664,0.0286423;-1.57075,0.695531,-1.56777
0.0252879,0.0497339,0.0295124;-1.55589,0.685113,-1.5647
0.0291431,0.046212,0.0338552;-1.47915,0.75027,-1.60548
0.031648,0.0449451,0.0297564;-1.52669,0.776844,-1.6008
0.0322429,0.0453023,0.0288631;-1.56619,0.803701,-1.58492
0.0323636,0.0444313,0.028732;-1.57076,0.843643,-1.57804
0.0335362,0.0454844,0.028785;-1.57026,0.784021,-1.5808
0.0334815,0.0491699,0.0289747;-1.5605,0.666175,-1.58625
0.029076,0.0435781,0.0343249;-1.47002,0.532409,-1.61417
0.0282062,0.0425359,0.0307995;-1.53641,0.472435,-1.60058
0.0276774,0.042596,0.0289565;-1.57085,0.482188,-1.58889
0.0288586,0.0408728,0.0302613;-1.5672,0.530422,-1.60203
0.0297379,0.0413358,0.03097;-1.56846,0.531228,-1.61189
0.0302507,0.0420971,0.030609;-1.5618,0.52453,-1.60846
0.0307121,0.0428589,0.0313248;-1.5616,0.416629,-1.58947
0.0374771,0.0490195,0.0309361;-1.6085,0.247845,-1.57707
0.0456067,0.0552685,0.0326987;-1.64074,0.160759,-1.57959
0.0564584,0.0611338,0.02917;-1.58908,0.00991194,-1.58121
0.0582175,0.0624453,0.0301191;-1.60577,0.00679546,-1.58027
0.0550919,0.0605166,0.0323984;-1.64737,0.0549458,-1.5764
0.0484,0.0551267,0.0342932;-1.66695,0.104989,-1.57689
0.0485354,0.0467707,0.035597;-1.67735,0.0189634,-1.59429
0.0493831,0.0451179,0.0349542;-1.67483,-0.0296217,-1.59546
0.0396896,0.0311954,0.0303624;-1.57884,0.0547198,-1.59885
0.037744,0.0243117,0.0290475;-1.57208,0.159293,-1.58396
0.0368638,0.0236179,0.0289653;-1.57548,0.185249,-1.58354
0.0388396,0.024583,0.0294276;-1.58729,0.1415,-1.57808
0.0474592,0.0233783,0.031398;-1.60115,0.03896,-1.59637
0.0522928,0.014594,0.0333613;-1.5933,-0.0334365,-1.62228
0.0506998,0.0105034,0.0310162;-1.57136,-0.0860461,-1.6105
0.0519758,0.0123825,0.0293393;-1.57348,-0.0831581,-1.58934
0.0516857,0.0112787,0.0288627;-1.5705,-0.0260267,-1.5842
0.0498009,0.00937262,0.0291996;-1.59939,0.0531619,-1.56709
0.0498129,-0.00047017,0.0295711;-1.59687,0.0307647,-1.57459
0.0473456,-0.0219693,0.0300796;-1.59198,0.0431693,-1.57615
0.0453836,-0.0301437,0.0287445;-1.57183,-0.041133,-1.57968
0.0474753,-0.0235908,0.0290329;-1.58082,-0.232858,-1.58492
0.0493001,-0.0174098,0.029106;-1.57971,-0.305763,-1.59003
0.0518739,-0.0108853,0.0302086;-1.60217,-0.377807,-1.59633
0.0525274,-0.0113942,0.0347869;-1.69368,-0.366962,-1.62282
0.0530021,-0.0228597,0.0374338;-1.73559,-0.350094,-1.64433
0.0488882,-0.0434061,0.0367571;-1.72705,-0.304949,-1.62958
0.0498486,-0.0779212,0.028696;-1.56499,-0.169718,-1.56966
0.0504863,-0.0780413,0.0286205;-1.57094,-0.128367,-1.57273
0.0504137,-0.0777079,0.0285796;-1.57105,-0.102057,-1.57066
0.0500155,-0.0738527,0.0306095;-1.59707,-0.186008,-1.57068
0.0548104,-0.0740025,0.0340668;-1.66792,-0.279334,-1.61155
0.0569649,-0.0790923,0.0354277;-1.69768,-0.329093,-1.62732
0.0614154,-0.111733,0.0311917;-1.57494,-0.319018,-1.61286
0.062006,-0.114141,0.0302157;-1.57496,-0.29896,-1.60171
0.0610436,-0.112735,0.0296822;-1.59213,-0.277136,-1.58982
0.0579668,-0.113713,0.0296666;-1.58206,-0.186333,-1.5845
0.0601804,-0.113167,0.0307267;-1.59903,-0.216972,-1.59141
0.064877,-0.127013,0.030526;-1.58143,-0.239963,-1.59755
0.0690352,-0.152841,0.0288112;-1.55992,-0.268281,-1.56813
0.0691721,-0.152964,0.0285963;-1.57113,-0.232595,-1.57203
0.0695616,-0.152683,0.0285493;-1.57191,-0.170162,-1.57048
0.0642869,-0.144956,0.0291162;-1.5649,-0.0624178,-1.55793
0.06354,-0.141665,0.030631;-1.55347,-0.142265,-1.54881
0.0664403,-0.139819,0.0294422;-1.55326,-0.285803,-1.5664
0.0646297,-0.138043,0.0291636;-1.56457,-0.564053,-1.56396
0.0646443,-0.138622,0.0286951;-1.56753,-0.579022,-1.56622
0.065681,-0.138345,0.0286096;-1.56902,-0.508019,-1.56993
0.0647504,-0.137139,0.0285901;-1.57103,-0.287387,-1.56938
0.0657014,-0.138867,0.0302429;-1.55493,-0.249996,-1.56913
0.0688175,-0.139982,0.0320106;-1.55173,-0.338517,-1.59345
0.0689873,-0.140589,0.0322105;-1.58265,-0.57083,-1.61504
0.0709383,-0.143929,0.0318297;-1.59596,-0.685445,-1.62404
0.0697007,-0.138007,0.0310879;-1.59466,-0.731128,-1.61721
0.0682591,-0.140234,0.0295882;-1.59898,-0.654824,-1.5964
0.0652436,-0.142174,0.0293975;-1.59674,-0.574112,-1.58922
0.0609114,-0.140078,0.0313689;-1.61467,-0.486631,-1.5904
0.0704688,-0.148852,0.0302568;-1.5368,-0.577231,-1.56736
0.0743769,-0.158697,0.0292218;-1.54913,-0.638745,-1.5592
0.0734747,-0.160124,0.0285548;-1.57247,-0.704106,-1.57146
0.0742305,-0.159717,0.0286911;-1.57087,-0.55161,-1.56537
0.0732276,-0.15789,0.0288318;-1.57067,-0.487592,-1.5588
0.0698033,-0.153308,0.0298432;-1.55915,-0.425138,-1.5454
0.0778514,-0.157982,0.0290758;-1.55132,-0.499842,-1.567
0.0765008,-0.162038,0.0297631;-1.54152,-0.590005,-1.55771
0.0745799,-0.163824,0.0289697;-1.55742,-0.70503,-1.56291
0.0734764,-0.161835,0.0285857;-1.5698,-0.698299,-1.56994
0.071419,-0.159475,0.0287;-1.56854,-0.637108,-1.56176
0.0650624,-0.151656,0.0291085;-1.57328,-0.575712,-1.56154
0.0676509,-0.154029,0.0315642;-1.56364,-0.433182,-1.61753
0.0761626,-0.167387,0.0325791;-1.53948,-0.439329,-1.60035
0.0842033,-0.181673,0.0310148;-1.54517,-0.446504,-1.58376
0.0784267,-0.178602,0.0289353;-1.56812,-0.541172,-1.58435
0.0711743,-0.173436,0.0291706;-1.57322,-0.599581,-1.5851
0.0615821,-0.164155,0.0309951;-1.54403,-0.637083,-1.56389
0.051655,-0.144267,0.0304187;-1.60978,-0.677066,-1.60833
0.0526416,-0.143683,0.0295707;-1.59175,-0.733485,-1.59857
0.0533988,-0.14956,0.0290013;-1.56529,-0.784308,-1.56349
0.0545544,-0.152134,0.0286173;-1.57083,-0.756303,-1.56903
0.053039,-0.15042,0.0287624;-1.57096,-0.689945,-1.56215
0.0510069,-0.147377,0.0289484;-1.57097,-0.580915,-1.55417
0.0428535,-0.137571,0.0295229;-1.5668,-0.410887,-1.55754
0.043051,-0.13678,0.0290515;-1.5625,-0.389727,-1.57384
0.0424295,-0.137846,0.0294189;-1.55066,-0.461775,-1.56603
0.0438822,-0.146146,0.0287065;-1.5646,-0.522697,-1.56693
0.0441698,-0.146407,0.0286566;-1.57088,-0.527978,-1.56716
0.0436941,-0.146135,0.0287112;-1.5703,-0.529687,-1.56479
0.0398498,-0.139656,0.0317974;-1.51024,-0.539847,-1.53484
0.0377465,-0.130519,0.0314071;-1.55314,-0.590798,-1.59429
0.0362736,-0.121681,0.0327366;-1.59618,-0.67813,-1.63711
0.05019,-0.14872,0.0314355;-1.5635,-0.780754,-1.6018
0.0603842,-0.157086,0.0297422;-1.57053,-0.663661,-1.59405
0.0637708,-0.158113,0.0288294;-1.57371,-0.561009,-1.582
0.0646176,-0.15243,0.0319297;-1.52581,-0.381275,-1.53568
0.0630869,-0.147371,0.0317806;-1.50648,-0.383895,-1.54522
0.0546503,-0.137638,0.0303751;-1.55913,-0.448655,-1.59872
0.0393234,-0.127483,0.0290284;-1.55724,-0.712835,-1.56262
0.0387761,-0.126818,0.0287569;-1.55927,-0.747265,-1.56279
0.038814,-0.126084,0.0288648;-1.56513,-0.725335,-1.55767
0.0371831,-0.125844,0.0297801;-1.57109,-0.677746,-1.54534
0.0388553,-0.123817,0.028764;-1.56321,-0.597471,-1.56399
0.0436948,-0.126219,0.029228;-1.55013,-0.45692,-1.57413
0.0435562,-0.136259,0.0293189;-1.54151,-0.497867,-1.556
0.0427017,-0.136675,0.0288922;-1.55459,-0.514836,-1.56166
0.0426728,-0.136028,0.0285874;-1.57136,-0.494807,-1.57036
0.0426728,-0.136028,0.0285874;-1.57136,-0.494807,-1.57036
0.042835,-0.135128,0.028745;-1.57986,-0.540842,-1.57577
0.042835,-0.135128,0.028745;-1.57986,-0.540842,-1.57577
