0,0,0.11;-1.57,-2.98023e-08,-1.57
0,0,0.11;-1.57,-2.98023e-08,-1.57
0,0,0.11;-1.57,-2.98023e-08,-1.57
-0.00044345,-0.000374011,0.0286113;-1.57105,-0.259744,-1.5694
0.000867949,0.00118144,0.0286595;-1.56926,-0.170632,-1.56822
0.00163804,0.00314818,0.0287043;-1.57088,-0.0928515,-1.56485
0.00151956,0.00498582,0.0287927;-1.5738,-0.0148352,-1.56343
0.00198808,0.00397666,0.028877;-1.57065,-0.0776486,-1.58528
0.00301115,0.00702074,0.0291649;-1.58688,-0.16984,-1.5857
0.004393,0.0116688,0.0292541;-1.59034,-0.236307,-1.58881
0.00262845,0.00706016,0.0290724;-1.57873,-0.19425,-1.58808
0.00274438,0.00812139,0.0295629;-1.58385,-0.161208,-1.58652
0.00395568,0.00426103,0.0294961;-1.56615,-0.0524755,-1.58057
0.00251421,0.00867766,0.0302428;-1.5472,-0.103886,-1.58517
0.00335296,0.0133664,0.0316045;-1.54672,-0.16578,-1.60648
0.00447804,0.0211458,0.0325694;-1.55651,-0.280385,-1.62374
0.0079128,0.014659,0.0358081;-1.53563,-0.241934,-1.64471
0.00995396,0.00920975,0.0383508;-1.47044,-0.209544,-1.62425
0.01518,-0.00222542,0.0432831;-1.32577,-0.0980298,-1.58992
0.0176971,0.00670022,0.0452556;-1.36312,-0.101889,-1.60838
0.0243411,0.0182422,0.0458828;-1.50309,-0.206697,-1.64529
0.0287244,0.0226053,0.0394941;-1.56409,-0.312145,-1.68595
0.0286362,-0.00326431,0.0406948;-1.5444,-0.351003,-1.69881
0.0256586,-0.012588,0.0407676;-1.52587,-0.28685,-1.70315
0.0250813,-0.0203205,0.0401743;-1.49366,-0.186694,-1.67196
0.0275998,-0.024058,0.039155;-1.45851,-0.125898,-1.62784
0.0264676,-0.0210259,0.0401576;-1.40151,-0.157573,-1.59072
0.0176026,-0.000795686,0.0350509;-1.54222,-0.392601,-1.6438
0.0179473,0.00359784,0.0355272;-1.5438,-0.438258,-1.64659
0.0188783,0.00491428,0.0370405;-1.53091,-0.418011,-1.65428
0.0238285,-0.00124216,0.0401251;-1.51659,-0.310905,-1.67779
0.0233222,-0.0112135,0.0396866;-1.52246,-0.246308,-1.67674
0.0188997,-0.0124955,0.0394274;-1.51631,-0.236635,-1.66186
0.0167357,-0.0159124,0.0378957;-1.54133,-0.252073,-1.67346
0.0161453,-0.0167725,0.0370466;-1.55229,-0.299477,-1.6756
0.0174175,-0.0168157,0.0362779;-1.56012,-0.289291,-1.67442
0.0236693,-0.024911,0.0421275;-1.43619,-0.144862,-1.64209
0.0278527,-0.0368919,0.0435752;-1.34907,-0.037482,-1.61114
0.0273753,-0.0405976,0.0443007;-1.30486,-0.0264427,-1.59284
0.0263166,-0.0360238,0.0480312;-1.2629,-0.134746,-1.595
0.0237288,-0.0284415,0.0476986;-1.29389,-0.223095,-1.59568
0.0244715,-0.0214894,0.0470556;-1.32598,-0.26427,-1.59926
0.0227799,-0.0270752,0.0466142;-1.29003,-0.175711,-1.57243
0.0228288,-0.0331719,0.0452725;-1.27882,-0.117603,-1.56159
0.0249052,-0.039494,0.0444746;-1.27341,-0.0501902,-1.56304
0.0338891,-0.0235922,0.0458697;-1.3352,-0.217107,-1.59225
0.0441428,-0.011301,0.0421392;-1.43255,-0.311174,-1.62264
0.0498509,-0.00467295,0.0382894;-1.52127,-0.368634,-1.65783
0.0471931,-0.017787,0.0427075;-1.44412,-0.210278,-1.64667
0.0470724,-0.0204576,0.0423347;-1.41369,-0.171773,-1.6176
0.0472092,-0.0211482,0.0423698;-1.38419,-0.163882,-1.5908
0.0496824,-0.0172666,0.0443416;-1.37884,-0.198126,-1.61037
0.0528697,-0.01096,0.0439881;-1.41405,-0.298755,-1.62743
0.0545865,-0.00408095,0.0397693;-1.50272,-0.380487,-1.66568
0.0562462,-0.00287884,0.0389685;-1.53772,-0.329842,-1.69075
0.0572167,-0.0033423,0.0386038;-1.53734,-0.294157,-1.68185
0.057746,-0.00457743,0.0384508;-1.51866,-0.262573,-1.65945
0.053286,-0.00384401,0.0422222;-1.37391,-0.274091,-1.5663
0.053499,-0.00343276,0.0453057;-1.30144,-0.31724,-1.53943
0.0527481,0.00490074,0.0446078;-1.33686,-0.403511,-1.54984
0.0536236,0.011781,0.0413754;-1.43362,-0.391929,-1.60695
0.0540107,0.00794804,0.0416267;-1.38005,-0.351293,-1.56077
0.0597543,-0.000572365,0.0414335;-1.34103,-0.237112,-1.54199
0.0565359,0.00902024,0.0463747;-1.32687,-0.0774704,-1.51332
0.0542158,0.0203806,0.0513783;-1.31939,-0.124158,-1.49345
0.0591426,0.0324686,0.0479659;-1.33471,-0.252491,-1.50664
0.0659114,0.0413017,0.0371453;-1.44391,-0.421861,-1.56364
0.0631749,0.039265,0.0336598;-1.53043,-0.384039,-1.60385
0.0626015,0.0273755,0.038734;-1.42662,-0.242003,-1.58108
0.0582761,0.0117713,0.0430568;-1.37172,-0.0294317,-1.52403
0.0625575,0.0207041,0.0460401;-1.33015,-0.0953618,-1.54183
0.0677118,0.0282532,0.0432029;-1.33858,-0.227483,-1.57701
0.0709237,0.0435122,0.0411762;-1.45831,-0.355003,-1.64318
0.0698112,0.0442003,0.0407561;-1.4826,-0.319541,-1.65355
0.0697559,0.0414248,0.0399722;-1.4836,-0.234326,-1.65225
0.0717953,0.0202353,0.0403491;-1.37379,0.0463646,-1.59665
0.0690797,0.0236937,0.0414803;-1.35203,-0.00963342,-1.60344
0.0645416,0.0357837,0.0400812;-1.41849,-0.101119,-1.62236
0.0609781,0.0585472,0.0367737;-1.505,-0.256738,-1.63485
0.0614587,0.0579225,0.0376377;-1.51618,-0.238734,-1.64653
0.0620666,0.0435301,0.0436077;-1.39088,-0.13867,-1.63041
0.0690129,0.0242672,0.0417;-1.37401,0.034183,-1.62917
0.0676594,0.0248428,0.0433417;-1.32576,-0.00390808,-1.6128
0.0662022,0.033403,0.0444051;-1.33167,-0.0826628,-1.60889
0.0669544,0.0437645,0.0507503;-1.23194,-0.178974,-1.59909
0.0655143,0.0442734,0.0490603;-1.30479,-0.170979,-1.62505
0.0635581,0.0405541,0.0447845;-1.3837,-0.120652,-1.64083
0.069467,0.0233226,0.0431132;-1.28643,0.0593442,-1.60184
0.0683345,0.0270075,0.0414019;-1.34318,0.0213496,-1.60161
0.0666268,0.0316472,0.0421845;-1.32586,-0.0521364,-1.57909
0.0629781,0.054776,0.038533;-1.47001,-0.187361,-1.62815
0.0609843,0.0582159,0.0380837;-1.50691,-0.199284,-1.65028
0.0601764,0.0581663,0.0363777;-1.52891,-0.198436,-1.64459
0.0638084,0.0415057,0.0391964;-1.45405,-0.0421873,-1.63553
0.0653261,0.0342674,0.0360514;-1.48635,0.0349938,-1.62322
0.0629417,0.0378746,0.0334203;-1.54766,0.00459634,-1.61824
0.0672833,0.0580704,0.0389628;-1.71132,-0.172622,-1.64621
0.0706562,0.0671349,0.0339369;-1.56734,-0.253365,-1.64313
0.0669891,0.0666773,0.0340582;-1.56133,-0.229293,-1.62543
0.0657458,0.0587979,0.0369757;-1.52963,-0.112869,-1.61043
0.0659683,0.032836,0.038019;-1.40687,0.0811392,-1.57767
0.0675585,0.0293951,0.0367426;-1.4413,-0.0468135,-1.55498
0.0691582,0.0247165,0.0415765;-1.3081,-0.208044,-1.51632
0.0668453,0.03056,0.0411817;-1.35267,-0.390315,-1.52055
0.0692637,0.0263641,0.0415206;-1.34513,-0.341939,-1.5249
0.069916,0.0213946,0.0434294;-1.3222,-0.287216,-1.53704
0.0733296,0.0138254,0.0390019;-1.36709,-0.131993,-1.5451
0.0696979,0.0191706,0.0416399;-1.33179,-0.189466,-1.54404
0.0681783,0.0218511,0.0442356;-1.30759,-0.208508,-1.55757
0.0685709,0.0280115,0.033817;-1.5659,-0.351682,-1.63794
0.0675253,0.0262259,0.0346317;-1.62091,-0.372559,-1.63779
0.069115,0.0142779,0.035536;-1.52315,-0.277972,-1.6197
0.078956,0.000910804,0.0390914;-1.41553,-0.0959325,-1.59448
0.0800732,0.00366849,0.0385522;-1.40169,-0.0878835,-1.58604
0.0746194,0.0126752,0.0400572;-1.3862,-0.115917,-1.58389
0.0727131,0.030114,0.0423222;-1.41647,-0.291168,-1.60647
0.0741253,0.0300278,0.0406803;-1.44312,-0.337416,-1.60637
0.0756602,0.0263589,0.0393274;-1.47008,-0.305879,-1.61962
0.0754967,0.025609,0.0397951;-1.45593,-0.253674,-1.61878
0.071431,0.0275903,0.0399989;-1.56958,-0.188267,-1.60649
0.0672235,0.0288014,0.0373139;-1.56611,-0.143766,-1.57677
0.0625901,0.0307747,0.0397931;-1.40469,-0.235946,-1.57973
0.0572839,0.0439695,0.0372812;-1.46777,-0.343616,-1.58748
0.0562404,0.0499872,0.0302259;-1.55844,-0.380141,-1.57744
0.0604835,0.0397356,0.0341445;-1.59206,-0.348327,-1.63193
0.0612505,0.026079,0.0374713;-1.52292,-0.279044,-1.6508
0.0634085,0.0255932,0.0365969;-1.57356,-0.231279,-1.64032
0.0599147,0.0498041,0.0393006;-1.7151,-0.158788,-1.62861
0.0588965,0.0618619,0.04079;-1.81697,-0.180978,-1.62155
0.0629075,0.0622896,0.0427153;-1.85748,-0.25298,-1.64252
0.0722452,0.0505188,0.0447336;-1.91663,-0.326105,-1.69854
0.0709635,0.0466602,0.0453411;-1.88704,-0.268291,-1.69577
0.0695045,0.0368686,0.0431171;-1.81307,-0.164691,-1.65451
0.0643103,0.0440885,0.0427787;-1.83314,-0.119867,-1.62745
0.0649748,0.0488788,0.0428355;-1.86158,-0.144195,-1.62192
0.0686088,0.0503874,0.041416;-1.84055,-0.202598,-1.63336
0.0826972,0.0316461,0.037725;-1.75695,-0.398792,-1.64387
0.0834375,0.0174394,0.0341146;-1.63605,-0.354045,-1.63205
0.0827017,0.00285753,0.0332377;-1.54831,-0.21706,-1.62464
0.0758563,0.0104101,0.0342909;-1.59399,-0.0486492,-1.61005
0.0719857,0.030617,0.0413651;-1.83681,-0.139566,-1.61461
0.0740483,0.0339538,0.0432608;-1.87641,-0.186873,-1.63437
0.0884977,0.0197475,0.0395733;-1.81025,-0.374166,-1.66173
0.0913209,0.0178034,0.0384451;-1.78685,-0.405319,-1.6609
0.0907171,0.0188902,0.0387974;-1.79224,-0.380277,-1.6582
0.0791211,0.0302101,0.0380907;-1.76232,-0.337284,-1.62491
0.0772686,0.0308387,0.0377045;-1.76214,-0.333913,-1.63063
0.0793399,0.0289415,0.0401549;-1.78325,-0.362449,-1.62032
0.0920972,0.0140005,0.0377475;-1.70543,-0.482507,-1.59342
0.0966345,-0.00227361,0.031005;-1.54715,-0.439269,-1.59281
0.100809,-0.0102953,0.0331593;-1.5443,-0.356291,-1.61862
0.103223,-0.0065935,0.0363015;-1.57676,-0.326407,-1.65135
0.101482,0.00831032,0.0396935;-1.74178,-0.398331,-1.68425
0.0988957,0.0195514,0.0426774;-1.87316,-0.440283,-1.69678
0.106827,0.0217904,0.0459223;-1.91996,-0.548518,-1.71387
0.107656,0.0197422,0.0458656;-1.94475,-0.487082,-1.74397
0.108992,0.00769546,0.0450017;-1.83343,-0.376394,-1.73289
0.107832,-0.0133236,0.0369758;-1.54476,-0.218703,-1.66837
0.0990661,-0.00402334,0.0355477;-1.54522,-0.198787,-1.6396
0.0916504,0.0124792,0.0372711;-1.73912,-0.279827,-1.63475
0.09557,0.0185489,0.0369834;-1.74912,-0.400306,-1.64073
0.0985199,0.0162265,0.0347225;-1.70872,-0.442159,-1.63534
0.0977735,0.0132029,0.0360396;-1.72727,-0.414278,-1.64632
0.0904086,-0.0101097,0.0359728;-1.65011,-0.151862,-1.63213
0.0879757,-0.0144364,0.036143;-1.66856,-0.0861893,-1.61671
0.089345,-0.00604494,0.0408285;-1.81173,-0.120203,-1.61014
0.0907608,-0.00298723,0.0423819;-1.85362,-0.134639,-1.61875
0.0911234,-0.00408836,0.0413623;-1.83395,-0.156407,-1.61865
0.0917405,-0.00884843,0.0377282;-1.7585,-0.189043,-1.61121
0.0941111,-0.0107911,0.0291064;-1.59122,-0.248101,-1.58275
0.0949572,-0.00903331,0.0287688;-1.58042,-0.296179,-1.57357
0.0946473,-0.00845174,0.0290044;-1.58928,-0.311142,-1.57385
0.0932035,-0.00579864,0.0351937;-1.68798,-0.360729,-1.58909
0.0941352,-0.00427556,0.0389859;-1.7615,-0.36799,-1.61418
0.0923083,-0.00772961,0.0392306;-1.79016,-0.301022,-1.64395
0.09501,-0.0311248,0.0371828;-1.57088,-0.146394,-1.68898
0.0977895,-0.0311319,0.038964;-1.59165,-0.136509,-1.70123
0.0968131,-0.0165218,0.0419415;-1.63665,-0.178133,-1.69098
0.101171,0.0118127,0.0424043;-1.87535,-0.359463,-1.68712
0.103696,0.0127509,0.0419925;-1.86112,-0.378853,-1.6912
0.105045,0.0092153,0.040839;-1.79857,-0.373865,-1.68625
0.105045,0.0092153,0.040839;-1.79857,-0.373865,-1.68625
0.10787,-0.00225416,0.0392858;-1.65974,-0.327983,-1.67771
0.10787,-0.00225416,0.0392858;-1.65974,-0.327983,-1.67771
