0,0,0.11;-1.57,-2.98023e-08,-1.57
0,0,0.11;-1.57,-2.98023e-08,-1.57
0,0,0.11;-1.57,-2.98023e-08,-1.57
-0.000409142,0.00067852,0.0285872;-1.57111,-0.267016,-1.57029
-2.45736e-05,0.00132183,0.0285797;-1.57098,-0.2577,-1.57061
0.000752991,0.0062729,0.0290654;-1.56857,-0.176527,-1.56947
0.00402034,0.0221544,0.0310402;-1.60514,-0.090393,-1.57201
0.00422428,0.0185646,0.0286545;-1.5666,-0.20565,-1.56988
0.00354296,0.0178957,0.02861;-1.57063,-0.247691,-1.56916
0.00341176,0.0177818,0.0286481;-1.57083,-0.252834,-1.5675
0.00350701,0.0188593,0.0285851;-1.57059,-0.212011,-1.57024
0.00580165,0.0267012,0.0291918;-1.5695,-0.120934,-1.5669
0.00537719,0.0405821,0.0334577;-1.64208,-0.0110848,-1.55602
0.0121427,0.043941,0.0296529;-1.5844,-0.116948,-1.56955
0.013401,0.043235,0.0285846;-1.57049,-0.209375,-1.57154
0.0122352,0.0436216,0.0285619;-1.57105,-0.270358,-1.5704
0.0122396,0.0432993,0.0286422;-1.57068,-0.250419,-1.57375
0.0119042,0.0448847,0.028895;-1.57334,-0.164374,-1.57132
0.009928,0.0550613,0.0320498;-1.62316,-0.0207173,-1.55466
0.00861814,0.0615629,0.0340625;-1.65796,0.0260716,-1.55213
0.0121869,0.0587863,0.0311695;-1.61417,-0.0551224,-1.56577
0.0124322,0.0551177,0.0286133;-1.57057,-0.144773,-1.5723
0.0118784,0.0549176,0.0285785;-1.57082,-0.139462,-1.57097
0.0116185,0.0545058,0.0286612;-1.57092,-0.073521,-1.57457
0.0118282,0.0583512,0.0294167;-1.58203,0.045143,-1.5724
0.0157348,0.0690233,0.032734;-1.64554,0.103994,-1.56152
0.0198764,0.0692184,0.0298593;-1.60164,0.0121577,-1.57416
0.0195384,0.0678021,0.0289687;-1.58912,-0.0697949,-1.57305
0.0189359,0.0678173,0.0289995;-1.59104,-0.0127372,-1.5714
0.0177273,0.0673033,0.0290023;-1.58306,0.0451446,-1.58192
0.021756,0.080004,0.0351057;-1.71161,0.29624,-1.53128
0.0219097,0.0859388,0.0374944;-1.76293,0.364149,-1.50703
0.0254334,0.0859803,0.035991;-1.72554,0.283431,-1.52821
0.0255649,0.0806164,0.0300046;-1.58317,0.154593,-1.59253
0.022616,0.0792591,0.0294915;-1.59779,0.186215,-1.57223
0.0203068,0.0778761,0.0300883;-1.60671,0.227943,-1.57113
0.0350068,0.0839807,0.0349675;-1.69822,0.298764,-1.53085
0.0437949,0.0911218,0.037912;-1.76314,0.362592,-1.49914
0.0474816,0.0948865,0.0375349;-1.76567,0.376454,-1.50319
0.0490506,0.0922273,0.0329823;-1.65693,0.30228,-1.5588
0.0445411,0.0903772,0.0327942;-1.61255,0.314116,-1.59752
0.0392643,0.0889907,0.0332145;-1.63122,0.357455,-1.58436
0.0416809,0.0924396,0.0343767;-1.64746,0.471608,-1.56543
0.0529947,0.100319,0.0370189;-1.75301,0.567915,-1.4661
0.0589042,0.099174,0.0393074;-1.81539,0.607765,-1.42515
0.0604907,0.0945783,0.0338743;-1.67979,0.526122,-1.53039
0.055862,0.0932743,0.0322463;-1.57848,0.520861,-1.61925
0.0537285,0.0935926,0.031543;-1.60646,0.531718,-1.58314
0.0597651,0.095929,0.0311142;-1.58175,0.533349,-1.59999
0.0691617,0.101066,0.0335063;-1.68089,0.587079,-1.50421
0.0728925,0.111689,0.0366134;-1.75981,0.712244,-1.4359
0.071394,0.107365,0.0306198;-1.63192,0.625723,-1.53894
0.0675149,0.105502,0.0297242;-1.57497,0.633501,-1.59078
0.063774,0.106392,0.030038;-1.58106,0.697693,-1.58571
0.061208,0.104565,0.0293293;-1.57447,0.813891,-1.58718
0.0636212,0.106064,0.0297849;-1.59609,0.935652,-1.55552
0.0723465,0.113937,0.0351909;-1.80622,1.04805,-1.36144
0.0705527,0.110126,0.0286187;-1.57447,0.98466,-1.5685
0.0700928,0.110302,0.0287187;-1.57043,0.93175,-1.57762
0.0708629,0.110521,0.0286757;-1.57806,0.897274,-1.56356
0.0710105,0.109428,0.0287079;-1.56695,0.993968,-1.57803
0.0719031,0.107875,0.0296208;-1.55058,1.09317,-1.59683
0.0785784,0.109225,0.0321078;-1.4707,1.24924,-1.68358
0.0875078,0.112594,0.0294167;-1.58402,1.27351,-1.56234
0.0845423,0.112071,0.0286876;-1.5664,1.21488,-1.57849
0.0839886,0.112881,0.028574;-1.57105,1.14818,-1.57059
0.0836123,0.112814,0.028581;-1.57078,1.15125,-1.57076
0.0853245,0.111766,0.0286564;-1.55955,1.24346,-1.5816
0.0924724,0.109593,0.0297785;-1.50924,1.35716,-1.63439
0.127507,0.116814,0.0332152;-2.45088,1.49064,-0.704141
0.131303,0.115304,0.0310395;-1.81765,1.38789,-1.33432
0.127929,0.11431,0.0286372;-1.56772,1.28074,-1.57697
0.126928,0.114534,0.0286071;-1.5711,1.21567,-1.56913
0.127118,0.114396,0.0285834;-1.57212,1.26483,-1.57026
0.127681,0.112593,0.0292209;-1.51861,1.32984,-1.63093
0.157802,0.115965,0.0362994;2.89077,1.51638,0.22051
0.16849,0.117466,0.0362316;-2.53368,1.45358,-0.630335
0.160274,0.113281,0.0301088;-1.73465,1.36597,-1.42104
0.147955,0.112883,0.0290161;-1.69156,1.42184,-1.45462
0.146968,0.112786,0.0289052;-1.58382,1.44447,-1.57164
0.148094,0.110823,0.0304375;-1.44816,1.47585,-1.72281
0.188902,0.108366,0.0422643;2.97783,1.4132,0.127045
0.19653,0.108798,0.0398645;-3.03792,1.41263,-0.135389
0.190991,0.108328,0.0345367;-2.36611,1.43329,-0.799096
0.190423,0.102838,0.0303954;-1.82709,1.38182,-1.32269
0.191753,0.102665,0.0312031;-1.94153,1.40048,-1.20916
0.193004,0.102412,0.0325567;-1.91607,1.42324,-1.25575
0.221182,0.103685,0.0412339;2.52974,1.41789,0.562273
0.233519,0.107212,0.0422096;2.84207,1.38343,0.258186
0.226152,0.11246,0.0378894;2.71566,1.43392,0.386378
0.210022,0.119581,0.0299523;1.79312,1.45127,1.3351
0.209628,0.119175,0.030885;1.58049,1.42839,1.52185
0.212378,0.116728,0.0327762;1.50472,1.40846,1.57684
0.25424,0.0996324,0.0407308;1.9708,1.24592,1.13409
0.269233,0.0960058,0.0391447;2.12204,1.23992,1.01255
0.266774,0.0976376,0.0372197;1.98793,1.2633,1.1359
0.261967,0.094733,0.0292401;1.7377,1.4098,1.40044
0.262667,0.096236,0.030131;1.82099,1.39323,1.32293
0.261374,0.098252,0.0291968;1.63856,1.34226,1.49472
0.266118,0.096016,0.0314447;1.55583,1.22797,1.54998
0.304009,0.0841973,0.0386002;1.76857,1.03943,1.35154
0.307457,0.0833431,0.0358628;1.78337,1.07534,1.34878
0.296611,0.0904752,0.0291679;1.5547,1.1284,1.56405
0.29668,0.0909788,0.0287354;1.58657,1.20094,1.55435
0.297456,0.0903662,0.0287335;1.57018,1.21995,1.56431
0.298233,0.0894637,0.0290004;1.54607,1.22866,1.58157
0.323388,0.0736563,0.0346127;1.64078,1.02598,1.48975
0.333307,0.0692501,0.0330475;1.63332,1.05284,1.49771
0.332903,0.068925,0.0286797;1.56895,1.13115,1.56825
0.332859,0.0698887,0.0285806;1.5705,1.13508,1.57093
0.332692,0.0699286,0.0285791;1.57124,1.11791,1.57025
0.331424,0.0698021,0.0290116;1.541,1.05978,1.59074
0.344491,0.056609,0.0321984;1.53431,0.821918,1.60314
0.357461,0.049013,0.0303253;1.58907,0.832628,1.55667
0.358088,0.0482742,0.0286801;1.56468,0.873029,1.57459
0.358527,0.0489468,0.0286063;1.57097,0.923045,1.57202
0.359019,0.0483414,0.0285741;1.57052,0.905149,1.57058
0.358845,0.0477737,0.029031;1.54992,0.889755,1.57866
0.364469,0.0344862,0.0335943;1.48804,0.730404,1.62001
0.373154,0.0262375,0.0337449;1.51966,0.69696,1.60176
0.377375,0.0196776,0.028905;1.56427,0.728146,1.57327
0.378335,0.0205809,0.0285796;1.57089,0.769329,1.57056
0.378316,0.0206651,0.0285793;1.57076,0.749844,1.57086
0.37808,0.0207328,0.0285876;1.56999,0.736592,1.57037
0.376133,0.0155116,0.0311445;1.52747,0.570112,1.58982
0.381049,0.00442263,0.0359629;1.45019,0.478954,1.63131
0.38681,-0.00726087,0.0339907;1.50294,0.507568,1.59531
0.390732,-0.0120537,0.0286459;1.56888,0.665126,1.57037
0.39076,-0.0123485,0.0285788;1.57077,0.727946,1.57086
0.390711,-0.0132221,0.0285801;1.57077,0.77137,1.57081
0.390682,-0.0201022,0.0302014;1.56207,0.694636,1.55802
0.39679,-0.0342942,0.034204;1.59963,0.566891,1.52873
0.405148,-0.0459097,0.034835;1.64366,0.510114,1.50832
0.4046,-0.0456697,0.0288674;1.56799,0.578075,1.55653
0.404989,-0.0443534,0.0291462;1.59337,0.572673,1.5502
0.406213,-0.0421121,0.0295422;1.59988,0.541375,1.54734
0.405535,-0.046681,0.0315427;1.56317,0.492394,1.52808
0.407685,-0.0639504,0.0346905;1.61865,0.38649,1.51881
0.414068,-0.0828608,0.0365809;1.69251,0.287127,1.51121
0.414652,-0.0911921,0.0324206;1.63689,0.353481,1.52978
0.414068,-0.0886615,0.0290595;1.58054,0.373379,1.5534
0.413266,-0.0897846,0.0292165;1.59853,0.402956,1.55441
0.411997,-0.0921989,0.0307602;1.61359,0.401791,1.54164
0.412251,-0.0999363,0.0342325;1.63569,0.296151,1.52722
0.414044,-0.111667,0.0375701;1.68671,0.171429,1.52553
0.418734,-0.122195,0.032883;1.64612,0.14035,1.54501
0.421227,-0.114718,0.0292275;1.5766,0.0943162,1.55377
0.422552,-0.110581,0.0290806;1.58616,0.0292565,1.56162
0.423439,-0.107336,0.0296051;1.56816,-0.032401,1.54581
0.420372,-0.113103,0.0321423;1.5541,-0.0844054,1.53132
0.411625,-0.135132,0.0358425;1.66931,-0.181946,1.56875
0.405866,-0.147732,0.0303781;1.60719,-0.131509,1.56734
0.406137,-0.147033,0.0287387;1.57091,-0.0639602,1.56241
0.405865,-0.14784,0.0285727;1.57128,-0.0151153,1.5711
0.405746,-0.147859,0.0286262;1.57074,-0.0057224,1.56864
0.404776,-0.147295,0.0291477;1.56336,-0.0700303,1.5614
0.400417,-0.156001,0.0310312;1.55431,-0.181996,1.55225
0.392773,-0.182065,0.0317108;1.63233,-0.255248,1.57787
0.392784,-0.178267,0.0286455;1.56734,-0.213063,1.56874
0.393317,-0.177406,0.0285776;1.57079,-0.205514,1.57072
0.393292,-0.177491,0.0285812;1.57084,-0.206568,1.57084
0.392813,-0.177509,0.0286005;1.56975,-0.233788,1.5696
0.389592,-0.178845,0.0300509;1.55028,-0.324279,1.555
0.376853,-0.203741,0.0348518;1.50533,-0.480308,1.5338
0.375778,-0.208825,0.0291839;1.56046,-0.423524,1.56324
0.376277,-0.210149,0.0287311;1.56483,-0.337595,1.56728
0.376938,-0.210431,0.0286038;1.57081,-0.301922,1.57196
0.376887,-0.210196,0.0285946;1.57074,-0.343801,1.57
0.376276,-0.208499,0.0289888;1.55716,-0.42221,1.55862
0.365551,-0.218228,0.0358355;1.43103,-0.647187,1.49478
0.36061,-0.22615,0.0319234;1.5014,-0.591854,1.53081
0.35916,-0.228574,0.0285719;1.57072,-0.496084,1.57131
0.359871,-0.228231,0.0286195;1.57086,-0.440685,1.57269
0.359983,-0.228059,0.0285793;1.57068,-0.424418,1.57066
0.359526,-0.227054,0.0288107;1.56366,-0.475257,1.56295
0.347497,-0.23421,0.0337683;1.5002,-0.741306,1.51455
0.339832,-0.244058,0.0331308;1.51618,-0.759722,1.52817
0.337943,-0.247178,0.0288061;1.55957,-0.732447,1.56097
0.338039,-0.248089,0.0286075;1.57098,-0.696424,1.57238
0.337384,-0.248645,0.0285799;1.57039,-0.75043,1.57034
0.337334,-0.247828,0.0288656;1.55828,-0.7895,1.55638
0.337334,-0.247828,0.0288656;1.55828,-0.7895,1.55638
0.334844,-0.246646,0.0307647;1.53839,-0.856753,1.52955
0.334844,-0.246646,0.0307647;1.53839,-0.856753,1.52955
