0,0,0.11;-1.57,-2.98023e-08,-1.57
0,0,0.11;-1.57,-2.98023e-08,-1.57
0,0,0.11;-1.57,-2.98023e-08,-1.57
-6.19675e-05,0.000947411,0.02874;-1.5736,-0.255286,-1.57654
0.000292368,-0.000625652,0.0287179;-1.57075,-0.171391,-1.57719
0.000480591,-0.00375838,0.0288869;-1.56781,-0.0491574,-1.57362
0.005074,-0.0111346,0.0325005;-1.50667,0.168925,-1.5838
0.000768581,0.000240347,0.0290011;-1.56535,-0.0332826,-1.58546
0.00126675,0.00443822,0.0287491;-1.57106,-0.191401,-1.57894
0.000466964,0.00690719,0.0286807;-1.57076,-0.318358,-1.57563
0.00106888,0.0047187,0.0286805;-1.56781,-0.17539,-1.57286
0.00222055,-0.00163147,0.0300981;-1.53628,-0.037628,-1.57102
0.00553541,-0.0125771,0.03505;-1.44495,0.132156,-1.58116
0.00982863,-0.0104802,0.0361615;-1.42152,0.175939,-1.5956
0.00792076,-0.00102979,0.0332253;-1.47964,0.0907018,-1.58892
0.00618612,0.00831024,0.0289101;-1.56365,-0.0392913,-1.57946
0.00442202,0.0095436,0.0285795;-1.57079,-0.196468,-1.57077
0.00466065,0.00930235,0.0290311;-1.55384,-0.151526,-1.56288
0.00387387,0.00530855,0.0323895;-1.49948,-0.0204456,-1.56132
0.0128411,0.00189263,0.0381808;-1.39725,0.209255,-1.58787
0.0127681,0.00506634,0.0378753;-1.39481,0.124482,-1.59557
0.00924365,0.0166295,0.0327884;-1.48657,0.0229237,-1.58125
0.00587723,0.0281479,0.0285848;-1.57029,-0.254392,-1.57055
0.0063247,0.0274515,0.0286396;-1.57109,-0.220387,-1.57458
0.00633848,0.0221858,0.0288826;-1.56543,-0.0837278,-1.56972
0.00798274,0.00929086,0.0325782;-1.50761,0.0345839,-1.57559
0.0111419,0.00406022,0.0344273;-1.46839,0.0684881,-1.59757
0.00497063,0.0252034,0.0290564;-1.56084,-0.128014,-1.58409
0.00319781,0.028153,0.0287673;-1.57059,-0.258717,-1.57958
0.0029914,0.0286068,0.0286659;-1.57049,-0.29483,-1.57475
0.000445914,0.0188466,0.0294795;-1.56962,-0.0818825,-1.56942
0.00110578,0.00486314,0.0330846;-1.51441,0.0419278,-1.56352
0.00701732,-0.000907621,0.0354798;-1.45589,0.0711598,-1.58595
0.000586974,0.0175403,0.0307182;-1.5482,-0.0993527,-1.60147
-0.00250444,0.0289814,0.0290796;-1.5649,-0.220326,-1.58322
-0.00350471,0.0311017,0.0289172;-1.56436,-0.280641,-1.57901
-0.00358735,0.0220186,0.0293567;-1.57017,-0.170823,-1.57582
-0.000919699,-0.00092232,0.0341387;-1.49845,-0.0405193,-1.56029
0.00452485,-0.0117478,0.0394731;-1.42325,0.0840456,-1.5579
0.0106506,-0.0123196,0.0393775;-1.37637,0.0182654,-1.59457
0.00646275,-0.00467079,0.0384687;-1.41346,-0.0574783,-1.59726
0.00147941,0.00670057,0.0338754;-1.47592,-0.177691,-1.57475
-0.00141,0.0101541,0.029527;-1.54749,-0.256148,-1.5622
-0.00132747,0.000243499,0.0321345;-1.51574,-0.166258,-1.55517
0.000814136,-0.00997244,0.0385745;-1.44941,-0.00725571,-1.53892
0.00912886,-0.0137052,0.0386;-1.3889,-0.0376575,-1.57957
0.00457715,-0.00929477,0.0406446;-1.36621,-0.11757,-1.5752
-0.000850591,-0.000708049,0.0395271;-1.39002,-0.22144,-1.56073
-0.0057593,0.00462135,0.0339507;-1.45484,-0.314706,-1.5306
-0.00716748,0.00376089,0.0370391;-1.43137,-0.274241,-1.51488
-0.00790168,-0.00414755,0.040354;-1.4281,-0.187308,-1.49654
0.00107938,-0.00753064,0.0401581;-1.34529,-0.17718,-1.53756
-0.00402032,-0.00380253,0.041797;-1.33225,-0.260533,-1.53041
-0.0101918,0.00210952,0.0405369;-1.36115,-0.334147,-1.5257
-0.0137026,0.00552752,0.0364839;-1.4061,-0.37536,-1.51321
-0.013318,-0.000529188,0.0354753;-1.43752,-0.35916,-1.52182
-0.0127447,-0.0132182,0.0375321;-1.44051,-0.296347,-1.50397
-0.00228968,-0.0119102,0.0376241;-1.40097,-0.235591,-1.53919
-0.000867418,-0.0118627,0.0376502;-1.40546,-0.235381,-1.55256
-0.000674011,-0.0112139,0.0377632;-1.41537,-0.234867,-1.57413
-0.00985566,-0.00158875,0.0356343;-1.44737,-0.346402,-1.55559
-0.0145521,0.000901033,0.0317646;-1.5019,-0.410052,-1.55089
-0.0163036,-0.00189232,0.032233;-1.4961,-0.416231,-1.53207
-0.0106095,-0.00207993,0.0360606;-1.43636,-0.310855,-1.53457
-0.00557494,0.000674491,0.0376275;-1.40677,-0.265022,-1.54008
-0.000879554,0.00121303,0.0372433;-1.41492,-0.205612,-1.56211
-0.0124763,0.0109619,0.038424;-1.41089,-0.33758,-1.55168
-0.0164708,0.0153801,0.0332065;-1.48008,-0.39564,-1.55063
-0.0178425,0.013029,0.0302509;-1.54087,-0.434068,-1.54919
-0.00274631,-0.0216036,0.0387766;-1.42149,-0.402554,-1.48237
0.00558096,-0.0266973,0.0385329;-1.37796,-0.393506,-1.49756
0.0091489,-0.0230564,0.0379522;-1.39178,-0.350609,-1.52262
-0.00194989,-0.0184151,0.0395473;-1.38062,-0.458034,-1.5173
-0.00254021,-0.017974,0.0361129;-1.41349,-0.481524,-1.51168
-0.00344324,-0.0169672,0.0344594;-1.44488,-0.476314,-1.50623
-0.0033396,-0.0271162,0.0370712;-1.46955,-0.508138,-1.4697
0.00208319,-0.0282549,0.0378846;-1.39594,-0.509109,-1.46863
0.00461767,-0.0269958,0.0375311;-1.37343,-0.519313,-1.48035
0.0041664,-0.0253276,0.0378363;-1.39031,-0.501168,-1.50254
0.0030622,-0.026242,0.0373551;-1.38785,-0.504654,-1.49625
-0.00015067,-0.0258977,0.0354147;-1.41447,-0.534003,-1.49318
-0.00328721,-0.0303853,0.0342703;-1.53234,-0.593127,-1.48922
0.00070345,-0.0374596,0.0328166;-1.48074,-0.665955,-1.5003
0.000985757,-0.0415374,0.0334993;-1.44677,-0.703429,-1.49834
0.00484966,-0.038255,0.0337627;-1.48669,-0.645345,-1.56038
0.00222387,-0.037643,0.0351922;-1.43752,-0.65933,-1.51798
-0.00207627,-0.0358858,0.0335872;-1.44878,-0.691229,-1.50574
-0.0066511,-0.0379729,0.0337365;-1.4929,-0.719942,-1.48226
-0.00634036,-0.0350019,0.0337476;-1.43574,-0.746265,-1.47102
-0.00780464,-0.0299661,0.0354663;-1.40391,-0.762966,-1.45776
-0.00741813,-0.0231557,0.0353564;-1.42425,-0.728919,-1.50583
-0.0126638,-0.0208169,0.0359967;-1.40961,-0.759896,-1.49238
-0.0161569,-0.0181892,0.0328649;-1.4605,-0.774777,-1.51747
-0.0191529,-0.0208611,0.0325908;-1.49168,-0.791373,-1.49321
-0.0197593,-0.0197822,0.0322579;-1.53664,-0.814579,-1.50985
-0.0197616,-0.0184695,0.0321138;-1.54624,-0.831398,-1.51375
-0.0211663,-0.00905329,0.0295955;-1.54731,-0.773109,-1.57242
-0.0278437,-0.0038497,0.0315808;-1.53434,-0.842577,-1.57986
-0.02985,-0.00224709,0.0290825;-1.55825,-0.867453,-1.57722
-0.0296802,-0.00258795,0.0286045;-1.57148,-0.844875,-1.57296
-0.0282163,-0.00516562,0.0328626;-1.60731,-0.832156,-1.54342
-0.0200052,-0.00781677,0.0306347;-1.5904,-0.923187,-1.55451
-0.0169674,-0.0113985,0.0287865;-1.55824,-1.03519,-1.56362
-0.0207822,-0.00913638,0.030367;-1.55501,-1.07826,-1.58847
-0.0232315,-0.00825617,0.0297446;-1.55745,-1.09858,-1.5837
-0.0243562,-0.00804634,0.0286713;-1.56884,-1.11194,-1.57253
-0.0277278,-0.0083579,0.0324539;-1.6143,-1.02129,-1.5571
-0.0235985,-0.00857279,0.0314654;-1.62037,-1.06116,-1.57329
-0.0168768,-0.0102973,0.0287591;-1.55581,-1.16075,-1.55367
-0.0205103,-0.0121855,0.0295256;-1.53292,-1.31266,-1.55445
-0.0219731,-0.0117223,0.0303022;-1.53524,-1.30897,-1.56642
-0.0234939,-0.0115388,0.0291663;-1.50503,-1.31624,-1.51862
-0.0371775,-0.00447624,0.0319245;-1.61792,-1.10646,-1.56216
-0.0373626,-0.00463101,0.0332036;-1.61869,-1.10529,-1.55619
-0.033494,-0.00485231,0.0302286;-1.59775,-1.14296,-1.56636
-0.0319103,-0.00928344,0.0291052;-1.51535,-1.36322,-1.53017
-0.0311998,-0.00888568,0.029621;-1.5672,-1.34932,-1.5893
-0.0307876,-0.00839913,0.0299214;-1.5522,-1.33431,-1.58053
-0.0361372,-0.00440982,0.0296305;-1.57527,-1.25375,-1.55662
-0.0443724,-0.00263916,0.0319223;-1.61581,-1.16006,-1.56503
-0.0514048,-0.000416693,0.0315713;-1.61189,-1.10811,-1.56919
-0.0457711,-0.00108594,0.0287364;-1.57618,-1.27144,-1.58475
-0.0468756,-0.00179891,0.0288773;-1.57074,-1.33264,-1.58502
-0.0435428,-0.00232251,0.0301905;-1.56461,-1.28053,-1.59427
-0.0453835,-0.00234781,0.0287619;-1.55013,-1.26115,-1.54832
-0.0499302,2.05798e-05,0.030871;-1.59879,-1.19179,-1.55798
-0.0530501,0.000990694,0.0326774;-1.59643,-1.16222,-1.53736
-0.0477865,-0.000394243,0.0287529;-1.55232,-1.21479,-1.55154
-0.0480743,-0.000632107,0.0290039;-1.547,-1.23627,-1.56076
-0.0460197,-0.00109616,0.0291841;-1.57108,-1.21824,-1.58781
-0.0472948,-0.00122646,0.02905;-1.53153,-1.19997,-1.53486
-0.0514615,0.000511929,0.0304268;-1.57759,-1.14761,-1.54595
-0.0570411,0.00184194,0.0325912;-1.59836,-1.08594,-1.53888
-0.0529451,0.00276908,0.0288859;-1.5783,-1.14992,-1.5658
-0.0527496,0.00278675,0.0286883;-1.56959,-1.14598,-1.57507
-0.0529726,0.00257436,0.0289012;-1.57786,-1.16443,-1.58971
-0.0508086,0.00163551,0.0290818;-1.54823,-1.08468,-1.56424
-0.0513325,-0.000787708,0.0292508;-1.56435,-1.04217,-1.55803
-0.0550977,-0.00305716,0.0312715;-1.60143,-0.95618,-1.55861
-0.0496745,-0.00250091,0.028883;-1.57981,-1.03065,-1.56852
-0.0485988,-0.00295444,0.0285863;-1.56973,-1.05232,-1.57021
-0.0490604,-0.00350366,0.0287303;-1.57129,-1.09848,-1.57864
-0.0453731,-0.00510977,0.0293022;-1.55321,-0.991382,-1.57516
-0.046662,-0.00724763,0.0298487;-1.52839,-0.962001,-1.53399
-0.0543878,-0.00711424,0.031669;-1.59115,-0.836899,-1.5438
-0.0512999,-0.00710784,0.0309949;-1.58194,-0.902357,-1.54441
-0.0486831,-0.00846406,0.0287404;-1.57085,-0.928011,-1.56305
-0.0483797,-0.00897159,0.0286134;-1.5706,-0.947277,-1.57234
-0.0433452,-0.0118838,0.0292054;-1.56927,-0.875305,-1.58493
-0.0421076,-0.0128054,0.0309043;-1.4908,-0.847772,-1.51758
-0.0471375,-0.00841863,0.032318;-1.49922,-0.748921,-1.50644
-0.0528408,-0.00418992,0.0312501;-1.59674,-0.73775,-1.55205
-0.0490035,-0.00478992,0.0288288;-1.57581,-0.798712,-1.56583
-0.048174,-0.00525074,0.0285789;-1.57059,-0.811209,-1.5707
-0.0441406,-0.0110463,0.0289893;-1.57711,-0.722344,-1.59007
-0.0413809,-0.0125477,0.0297035;-1.55421,-0.695807,-1.58279
-0.0426886,-0.0136087,0.0302767;-1.53744,-0.701943,-1.56542
-0.0440944,-0.00801851,0.0325986;-1.50911,-0.593982,-1.51267
-0.0457328,-0.00352878,0.0289314;-1.57746,-0.628506,-1.56332
-0.0449218,-0.00484142,0.0287096;-1.57096,-0.669579,-1.56464
-0.0441011,-0.00729712,0.0288243;-1.57486,-0.650478,-1.58174
-0.0428499,-0.00868377,0.0290798;-1.56193,-0.615573,-1.5825
-0.0424853,-0.0106183,0.0300047;-1.55509,-0.613836,-1.58489
-0.0424329,-0.00971738,0.0331005;-1.48209,-0.52512,-1.51138
-0.0429989,-0.010429,0.0290163;-1.57181,-0.581263,-1.55606
-0.0426191,-0.0107998,0.0287251;-1.56874,-0.604382,-1.56439
-0.0434544,-0.00927158,0.0289015;-1.57547,-0.644895,-1.58498
-0.0421993,-0.0113915,0.0290812;-1.58002,-0.594664,-1.59308
-0.0398053,-0.0140378,0.0296882;-1.56187,-0.555026,-1.592
-0.0404123,-0.0161304,0.0325124;-1.5086,-0.465153,-1.52425
-0.0418142,-0.0105111,0.0305424;-1.56052,-0.428821,-1.53729
-0.0428556,-0.00706402,0.0288398;-1.57087,-0.424267,-1.55831
-0.0457576,-0.0059263,0.0286761;-1.57119,-0.554047,-1.57587
-0.0447449,-0.00683873,0.0289382;-1.56529,-0.530353,-1.58031
-0.0411371,-0.0130551,0.0296118;-1.55649,-0.445256,-1.5821
-0.0387889,-0.0182749,0.031522;-1.51183,-0.435982,-1.55406
-0.037192,-0.0232426,0.0296988;-1.57038,-0.515824,-1.57505
-0.0368814,-0.0225672,0.028851;-1.57219,-0.550615,-1.56779
-0.0365789,-0.0206869,0.028668;-1.57062,-0.735733,-1.57471
-0.0357977,-0.0221604,0.0288249;-1.5707,-0.701308,-1.58216
-0.0327308,-0.0268738,0.0289927;-1.57277,-0.594934,-1.58775
-0.0327308,-0.0268738,0.0289927;-1.57277,-0.594934,-1.58775
-0.0253672,-0.0327469,0.0313829;-1.5047,-0.502462,-1.5488
-0.0253672,-0.0327469,0.0313829;-1.5047,-0.502462,-1.5488
