0,0,0.11;-1.57,-2.98023e-08,-1.57
0,0,0.11;-1.57,-2.98023e-08,-1.57
0,0,0.11;-1.57,-2.98023e-08,-1.57
-0.000662682,-0.000566414,0.02858;-1.57085,-0.260727,-1.57091
-0.000591779,-0.001563,0.0286233;-1.57079,-0.148706,-1.57273
-0.000627249,-0.00158524,0.0291942;-1.58456,0.00261492,-1.57885
0.000522046,-0.00404893,0.0363217;-1.66841,0.166864,-1.58748
-0.00337525,-0.0174877,0.0287067;-1.57114,-0.0259296,-1.57732
-0.00334694,-0.0178187,0.0286523;-1.5731,-0.080105,-1.56984
-0.00279022,-0.0179016,0.0286687;-1.57171,-0.106483,-1.56709
-0.00144775,-0.0149608,0.0286036;-1.56969,0.0547852,-1.57061
0.00193932,-0.011217,0.0291803;-1.56416,0.169579,-1.57293
0.00673456,0.000710324,0.0308771;-1.57514,0.315175,-1.57675
0.00831473,-0.0145427,0.0301915;-1.55199,0.290716,-1.59204
0.00529965,-0.0151555,0.0288689;-1.56695,0.157526,-1.58143
0.00414253,-0.0115293,0.0286168;-1.57088,-0.0108671,-1.57267
0.00481356,-0.00969831,0.0285819;-1.57043,-0.0791881,-1.57052
0.00729705,-0.00708542,0.0287658;-1.5744,0.0457067,-1.56964
0.00713729,0.00327534,0.0319591;-1.62963,0.195289,-1.55502
0.00297712,0.00206413,0.0358291;-1.71698,0.297581,-1.53642
0.000526301,-0.0109571,0.0314344;-1.62999,0.239028,-1.56373
-0.00206409,-0.0239389,0.0289033;-1.56869,0.201161,-1.58482
-0.00194359,-0.0235312,0.0285827;-1.5709,0.171721,-1.57087
-0.00114742,-0.0226957,0.0285821;-1.57077,0.223563,-1.57076
0.00280032,-0.0188361,0.0295603;-1.55699,0.332188,-1.57854
0.00669312,-0.00851587,0.0294843;-1.57126,0.382684,-1.57088
0.00690551,-0.0107169,0.028579;-1.57079,0.328947,-1.57057
0.00628868,-0.0113292,0.0287488;-1.57642,0.243501,-1.57234
0.00721523,-0.0106447,0.0288292;-1.57577,0.230311,-1.57688
0.00757386,-0.00967219,0.0289716;-1.56751,0.215346,-1.58818
0.0198528,0.0116264,0.0315376;-1.62773,0.362969,-1.55102
0.0189833,0.0203021,0.0358137;-1.72573,0.483725,-1.50385
0.0159285,0.0130912,0.0343616;-1.69415,0.474142,-1.51782
0.00812027,-0.00707177,0.0285789;-1.57066,0.41375,-1.57091
0.00817242,-0.0070042,0.0287708;-1.58078,0.403319,-1.56696
0.00912623,-0.00625473,0.0286672;-1.57254,0.420692,-1.57314
0.0157831,0.0113887,0.0314464;-1.54983,0.369729,-1.60635
0.027131,0.0404824,0.0332699;-1.66841,0.453541,-1.53856
0.029814,0.0450985,0.0354803;-1.71933,0.440708,-1.51286
0.0268611,0.0291565,0.0285718;-1.57233,0.3094,-1.56871
0.0263092,0.0281748,0.0287743;-1.57828,0.271661,-1.56677
0.0265317,0.0285823,0.0287447;-1.57666,0.276614,-1.56687
0.0306179,0.035773,0.0297294;-1.55925,0.27008,-1.59601
0.041132,0.0597326,0.0327418;-1.59981,0.34474,-1.58805
0.0454854,0.0761801,0.0391053;-1.78994,0.374292,-1.50276
0.0350896,0.0505577,0.028334;-1.57122,0.367315,-1.57072
0.0338555,0.0473234,0.0285772;-1.57107,0.343303,-1.57072
0.0339405,0.0474459,0.0289166;-1.58786,0.323588,-1.56538
0.0344851,0.0502527,0.0285981;-1.56966,0.391011,-1.57137
0.0400167,0.0631243,0.0309079;-1.55121,0.37878,-1.59719
0.052666,0.0996036,0.0357121;-1.65177,0.425394,-1.57102
0.0631876,0.10711,0.0286788;-1.5586,0.184242,-1.58133
0.0623103,0.106398,0.0285747;-1.57056,0.148311,-1.57084
0.0618158,0.106569,0.0286735;-1.57151,0.18318,-1.566
0.0625082,0.110569,0.0285867;-1.57069,0.310415,-1.57029
0.0684998,0.121663,0.0290346;-1.56988,0.351762,-1.57181
0.0793062,0.148085,0.0345507;-1.6944,0.431394,-1.52997
0.0817228,0.136137,0.0299811;-1.57183,0.326086,-1.59642
0.0782087,0.127922,0.0288419;-1.57055,0.307077,-1.58348
0.0776563,0.127734,0.0288658;-1.58467,0.311448,-1.5673
0.0785462,0.129719,0.0285774;-1.5709,0.450922,-1.57072
0.0825954,0.135708,0.0291527;-1.56301,0.49381,-1.5773
0.0985857,0.163659,0.0305228;-1.5946,0.531327,-1.5586
0.107325,0.17436,0.0318084;-1.6403,0.439288,-1.54877
0.11103,0.173756,0.0289139;-1.57223,0.323883,-1.58456
0.112024,0.174396,0.0288483;-1.57138,0.241143,-1.58291
0.110291,0.17143,0.0285986;-1.57071,0.334017,-1.57172
0.110622,0.171309,0.0285737;-1.57047,0.39673,-1.57103
0.117397,0.179959,0.0292353;-1.5713,0.484287,-1.56973
0.122793,0.196278,0.0360969;-1.74502,0.641178,-1.47823
0.11939,0.188328,0.0336741;-1.68656,0.600369,-1.51413
0.113349,0.176511,0.0289244;-1.56483,0.524587,-1.58797
0.114255,0.178295,0.0290345;-1.58816,0.444048,-1.56949
0.114019,0.178297,0.0288317;-1.57039,0.475873,-1.58316
0.115619,0.177605,0.0289861;-1.55898,0.547929,-1.58672
0.13971,0.211045,0.0357087;-1.74447,0.680181,-1.47155
0.14335,0.210798,0.0354932;-1.73569,0.608795,-1.47842
0.140516,0.200116,0.0286062;-1.56937,0.519718,-1.57416
0.14111,0.200454,0.0287567;-1.57323,0.412777,-1.5759
0.139744,0.199517,0.0288458;-1.5712,0.507151,-1.58317
0.140204,0.197681,0.0299766;-1.56431,0.600842,-1.6018
0.156323,0.218433,0.0355503;-1.76024,0.844834,-1.44487
0.156147,0.217458,0.0362997;-1.78304,0.830892,-1.42467
0.14837,0.204672,0.0284925;-1.56862,0.754275,-1.57412
0.146068,0.202366,0.0288797;-1.58877,0.64322,-1.56026
0.146772,0.202465,0.0286363;-1.57033,0.664365,-1.57475
0.14903,0.202904,0.0298393;-1.55399,0.697541,-1.60401
0.181829,0.239004,0.0366022;-1.76147,0.822335,-1.45768
0.191547,0.243325,0.0362818;-1.77454,0.706114,-1.44118
0.188935,0.233719,0.0284968;-1.56605,0.595953,-1.57339
0.186611,0.2321,0.0286284;-1.57068,0.521191,-1.56863
0.187507,0.233492,0.0285864;-1.57136,0.570675,-1.56981
0.188304,0.234105,0.0285785;-1.57085,0.577622,-1.5708
0.208557,0.251645,0.0355305;-1.68851,0.790655,-1.52055
0.212282,0.255029,0.0379614;-1.81155,0.764705,-1.42363
0.202403,0.242869,0.0313383;-1.63786,0.782867,-1.53742
0.190608,0.228246,0.0286726;-1.576,0.779225,-1.56639
0.191434,0.229478,0.0289141;-1.58943,0.800287,-1.5545
0.19166,0.229879,0.0285783;-1.57077,0.822748,-1.57091
0.195332,0.232143,0.0288555;-1.55871,0.833278,-1.58228
0.234258,0.262294,0.0387846;-1.85505,0.878106,-1.37769
0.240362,0.262575,0.0345284;-1.74034,0.770161,-1.45662
0.240469,0.260091,0.0287024;-1.57095,0.632483,-1.57941
0.239315,0.26037,0.0286729;-1.57086,0.642348,-1.56592
0.240355,0.26224,0.0286544;-1.57129,0.714667,-1.56658
0.242066,0.263142,0.028607;-1.57066,0.778106,-1.56962
0.269497,0.282811,0.0343782;-1.73803,0.971785,-1.45129
0.272092,0.282848,0.0378739;-1.83704,0.935854,-1.37935
0.256036,0.263573,0.0296686;-1.55426,0.904752,-1.61141
0.243697,0.254667,0.0285951;-1.57241,0.980974,-1.56914
0.244965,0.256196,0.0286389;-1.57291,1.06226,-1.56564
0.246794,0.256457,0.0285894;-1.56949,1.14007,-1.57171
0.276171,0.26581,0.0318513;-1.73064,1.30426,-1.41551
0.283264,0.266288,0.03477;-1.92548,1.2089,-1.24263
0.276473,0.260631,0.0287866;-1.5647,1.12276,-1.5846
0.27449,0.261283,0.0290234;-1.5762,0.983969,-1.57667
0.271285,0.261909,0.0286953;-1.57096,1.0922,-1.57584
0.269514,0.259404,0.0287734;-1.5682,1.22555,-1.58174
0.284931,0.257425,0.0305843;-1.60362,1.49544,-1.53749
0.291171,0.259628,0.0336275;-2.27518,1.44088,-0.877838
0.283642,0.255363,0.0286434;-1.55514,1.3917,-1.58622
0.281753,0.256315,0.0287862;-1.59567,1.26961,-1.54954
0.279121,0.255728,0.0288111;-1.55509,1.38393,-1.59438
0.278433,0.253781,0.0290292;-1.51427,1.46492,-1.64265
0.281422,0.24699,0.0311965;1.18468,1.46443,1.95253
0.304205,0.24818,0.0340525;1.23633,1.41482,1.91242
0.315773,0.247197,0.032037;2.35073,1.48741,0.792232
0.313127,0.246351,0.0285794;-1.56986,1.37035,-1.57175
0.313429,0.246296,0.0286576;-1.57023,1.32849,-1.57503
0.310366,0.247495,0.0288137;-1.60809,1.45238,-1.54042
0.298507,0.242178,0.0313553;1.41962,1.39535,1.69198
0.304274,0.23967,0.0348161;1.25083,1.24549,1.87828
0.310474,0.239004,0.0331651;1.61785,1.23481,1.51973
0.30174,0.241226,0.0285385;1.5537,1.42839,1.58815
0.299962,0.241479,0.0286923;1.6344,1.52099,1.50951
0.29878,0.240857,0.0285904;0,1.56861,-3.14111
0.296371,0.23754,0.0294498;1.49742,1.35662,1.62535
0.294932,0.231678,0.033534;1.34573,1.19542,1.78016
0.305126,0.230812,0.0370566;1.30934,1.10794,1.83016
0.311638,0.23258,0.0286748;1.572,1.41705,1.5743
0.30879,0.234901,0.0285932;0,1.56925,-3.13864
0.306762,0.235916,0.0286795;-1.56938,1.49268,-1.56731
0.311065,0.233366,0.028587;1.57281,1.41423,1.56936
0.310605,0.230477,0.0299245;1.52671,1.244,1.60906
0.311622,0.22645,0.0367937;1.38862,1.08659,1.73996
0.28615,0.229846,0.0304349;1.44439,1.20029,1.68963
0.288307,0.232957,0.0285551;1.5761,1.36257,1.56584
0.28611,0.231545,0.0287509;1.62013,1.51356,1.52696
0.288077,0.229918,0.0288433;1.51952,1.45989,1.62879
0.295482,0.225355,0.0299111;1.51032,1.32863,1.6336
0.308324,0.221736,0.0361808;1.73997,1.17035,1.40006
0.295337,0.218616,0.0337791;1.74679,1.27643,1.37494
0.287031,0.223739,0.0293858;1.40993,1.37621,1.72626
0.289652,0.225691,0.0286308;1.58598,1.49956,1.55437
0.291444,0.224778,0.0288659;1.53314,1.48615,1.61888
0.295789,0.219899,0.0294627;1.51255,1.33788,1.63524
0.301277,0.215573,0.0312413;1.54396,1.17161,1.61653
0.275238,0.217186,0.0331596;1.45964,1.07798,1.6846
0.266279,0.22124,0.0311914;1.41303,1.16448,1.7184
0.270164,0.224406,0.0293572;1.51818,1.26418,1.61218
0.271935,0.228855,0.028693;1.53546,1.419,1.60528
0.274352,0.22948,0.0292018;1.26424,1.4726,1.87577
0.282001,0.225083,0.0315654;1.31301,1.40747,1.83677
0.305816,0.21807,0.0368722;2.01836,1.20434,1.1437
0.289017,0.219436,0.033215;1.84153,1.31623,1.30727
0.267742,0.222595,0.0296752;1.39978,1.35274,1.73745
0.269827,0.222705,0.0299429;1.40991,1.41313,1.71652
0.272746,0.22219,0.029506;1.41032,1.42005,1.72035
0.279826,0.219273,0.0324592;1.12825,1.41144,1.99911
0.300593,0.213089,0.0369628;1.55597,1.14118,1.61916
0.284049,0.215209,0.0317567;1.54803,1.1452,1.6308
0.268043,0.219987,0.029428;1.53207,1.24449,1.62491
0.263023,0.226967,0.0287107;1.50895,1.51202,1.63527
0.264258,0.226311,0.0291165;1.20092,1.49917,1.94048
0.267423,0.22759,0.0316271;0.325405,1.4989,2.81271
0.304012,0.219799,0.038278;1.43768,1.45561,1.73084
0.311378,0.218443,0.0335958;2.081,1.45648,1.0977
0.295972,0.219649,0.029673;0.281686,1.54884,2.87415
0.288807,0.2236,0.0287816;-1.56503,1.44004,-1.56773
0.290142,0.223078,0.0289573;-1.43724,1.47141,-1.69877
0.291627,0.221467,0.0311261;-0.83497,1.48267,-2.30278
0.291627,0.221467,0.0311261;-0.83497,1.48267,-2.30278
0.303358,0.219726,0.0370184;-0.250811,1.41789,-2.88904
0.303358,0.219726,0.0370184;-0.250811,1.41789,-2.88904
