0,0,0.11;-1.57,-2.98023e-08,-1.57
0,0,0.11;-1.57,-2.98023e-08,-1.57
0,0,0.11;-1.57,-2.98023e-08,-1.57
0.000103731,0.00205943,0.028645;-1.57146,-0.283406,-1.57395
0.000236515,0.00236988,0.0286165;-1.57085,-0.299988,-1.56907
-0.000273178,0.00110503,0.0297278;-1.56086,-0.305214,-1.55005
-0.00249784,-0.000472105,0.0323096;-1.54674,-0.312842,-1.51681
-0.00229769,-0.0041049,0.0285781;-1.57073,-0.459595,-1.57085
-0.00211871,-0.00381462,0.0285791;-1.57086,-0.486492,-1.57076
-0.00205344,-0.00356974,0.0285796;-1.57081,-0.470985,-1.5709
-0.000956587,-0.00375893,0.0285816;-1.57051,-0.348743,-1.57046
-0.00078436,-0.000460609,0.0294146;-1.56308,-0.217463,-1.55318
-0.00268623,0.00280554,0.0320954;-1.58482,-0.0790258,-1.53208
-0.00401258,0.00392042,0.0339124;-1.57588,-0.085442,-1.51017
-0.00182076,0.00414934,0.0306091;-1.56819,-0.171887,-1.53934
-0.00133981,0.00265692,0.0286404;-1.57078,-0.254791,-1.5679
-0.002372,0.0016075,0.0285798;-1.57072,-0.313886,-1.57085
-0.00193885,0.00151914,0.0286359;-1.56771,-0.286481,-1.56966
-0.00117182,0.0026599,0.0290928;-1.5602,-0.222638,-1.55662
-0.00279217,0.00387333,0.0349321;-1.54588,-0.160018,-1.5043
-0.00764699,-0.00179147,0.0327056;-1.55562,-0.2814,-1.52077
-0.0111853,-0.00910455,0.0290249;-1.55661,-0.40971,-1.55674
-0.0124877,-0.0110636,0.0285803;-1.57083,-0.519474,-1.57088
-0.012011,-0.00985671,0.0285958;-1.57017,-0.435917,-1.56996
-0.0108816,-0.00742348,0.0287292;-1.56695,-0.322424,-1.56591
-0.00839292,-0.00258529,0.0306662;-1.53792,-0.16664,-1.55095
-0.00707346,0.00573447,0.0351277;-1.51647,-0.118756,-1.52718
-0.00639835,0.0221713,0.0290049;-1.5705,-0.28624,-1.56334
-0.00562623,0.0276156,0.0286243;-1.57054,-0.31772,-1.5685
-0.00532428,0.0276545,0.0286157;-1.56962,-0.299669,-1.57137
-0.00304873,0.0228613,0.0288469;-1.56909,-0.0943989,-1.57756
-0.00137456,0.0132578,0.0321381;-1.51693,0.0111629,-1.56924
-0.00162985,0.00478599,0.038805;-1.43724,0.033744,-1.54617
-0.00167279,0.0119706,0.0353364;-1.45096,-0.179745,-1.5586
-0.00335598,0.0214646,0.0290985;-1.55951,-0.311236,-1.58143
-0.0044671,0.0221713,0.0290878;-1.55982,-0.345685,-1.58099
-0.00339365,0.0153173,0.0314916;-1.55978,-0.2118,-1.6016
0.00101624,0.0049857,0.0374679;-1.44927,-0.06577,-1.58588
0.00635065,-0.00420236,0.0406082;-1.3622,0.0641869,-1.56597
0.00238538,0.010125,0.0366034;-1.50452,-0.143941,-1.62393
0.00310212,0.0243457,0.0339482;-1.60103,-0.241323,-1.63106
0.00330017,0.0274108,0.0300246;-1.55963,-0.317032,-1.59399
0.00402762,0.0203549,0.0339067;-1.53797,-0.157206,-1.61603
0.00449084,0.0171013,0.0371816;-1.47308,-0.0197031,-1.60155
0.00551279,0.00779045,0.0402328;-1.37797,0.121854,-1.57282
0.00534376,0.00112167,0.0425355;-1.3498,-0.0158849,-1.58516
0.00157582,0.0112919,0.0387075;-1.45823,-0.12978,-1.61472
0.000472898,0.0216641,0.0328854;-1.55686,-0.196709,-1.62772
0.000982657,0.020309,0.0313558;-1.56908,-0.168614,-1.6125
0.000683346,0.0126425,0.0330331;-1.54652,-0.108101,-1.60551
0.00358627,0.00107218,0.0378246;-1.42056,0.0205597,-1.56772
0.00586707,-0.00490098,0.0429727;-1.38456,0.0548008,-1.5483
0.0047246,-0.00516261,0.0447034;-1.47474,-0.0924848,-1.5804
0.00264323,0.00282332,0.0390846;-1.57455,-0.224984,-1.61901
0.00205167,0.00317572,0.0293703;-1.56738,-0.288786,-1.58576
0.00309432,0.000517071,0.0299101;-1.57167,-0.23355,-1.59219
0.00884407,-0.00537246,0.0328895;-1.51657,-0.105207,-1.57433
0.0138536,0.000434085,0.0412229;-1.44878,0.026822,-1.52549
0.00800961,0.0102215,0.0445546;-1.5627,-0.100971,-1.54869
0.00306815,0.0266981,0.0350541;-1.70508,-0.243556,-1.60898
0.00547707,0.0221671,0.0286355;-1.57057,-0.356884,-1.57335
0.00499435,0.0210562,0.0288902;-1.58019,-0.282075,-1.5794
0.00650959,0.019477,0.0299683;-1.56073,-0.140342,-1.56338
0.00787169,0.0270065,0.0348915;-1.55354,0.0579653,-1.5198
0.00739658,0.0351506,0.0373587;-1.60574,-0.045122,-1.55046
0.00601995,0.0486642,0.0366575;-1.73514,-0.147439,-1.60113
0.0127466,0.0516069,0.0363965;-1.72583,-0.376585,-1.62189
0.0152832,0.0416801,0.0288346;-1.57852,-0.398853,-1.5732
0.015568,0.0380062,0.029253;-1.55681,-0.380181,-1.55486
0.0167283,0.0440263,0.0316722;-1.53777,-0.262966,-1.53639
0.0116277,0.0503303,0.031978;-1.5756,-0.319798,-1.55751
0.00432835,0.0555831,0.0371288;-1.62852,-0.35879,-1.56622
0.00154553,0.0661211,0.0311964;-1.63497,-0.609449,-1.59995
0.00448949,0.0627279,0.0287298;-1.57972,-0.634328,-1.57631
0.00463608,0.0619613,0.0286656;-1.56683,-0.615806,-1.57083
0.0169079,0.0580724,0.0334608;-1.48783,-0.381182,-1.52956
0.0182779,0.0606361,0.0365368;-1.47335,-0.358324,-1.51604
0.017414,0.0690607,0.0426344;-1.50595,-0.418787,-1.53657
0.00481509,0.0757459,0.0334219;-1.49108,-0.679935,-1.54193
0.000598698,0.075649,0.0307718;-1.52638,-0.712291,-1.5538
-0.000388694,0.0750762,0.0296846;-1.53524,-0.711553,-1.5543
0.011236,0.0739297,0.0346552;-1.46308,-0.532416,-1.52631
0.0108145,0.0802745,0.0383411;-1.38742,-0.457435,-1.47513
0.00581393,0.0945004,0.0464375;-1.46123,-0.460991,-1.49186
-0.00210674,0.0981612,0.0357665;-1.50048,-0.797579,-1.54777
-0.00424812,0.0967112,0.0315441;-1.52298,-0.827256,-1.56057
-0.00555838,0.0959204,0.0305638;-1.53189,-0.835074,-1.56282
0.00162881,0.0922338,0.0338818;-1.43576,-0.69506,-1.49039
0.00130497,0.097763,0.0382866;-1.35155,-0.619092,-1.44037
-0.00537892,0.10991,0.0422949;-1.35143,-0.600155,-1.4181
-0.0152467,0.115594,0.0386757;-1.32312,-0.780041,-1.41116
-0.0166509,0.11569,0.0380873;-1.34859,-0.815435,-1.43014
-0.017766,0.115847,0.0373128;-1.32677,-0.833604,-1.38621
-0.0117324,0.115832,0.0363658;-1.40508,-0.807337,-1.47683
-0.0109411,0.118391,0.036125;-1.41244,-0.799445,-1.48874
-0.00867409,0.121149,0.0381149;-1.37346,-0.726989,-1.46412
-0.0171254,0.131475,0.0416939;-1.28555,-0.75512,-1.40405
-0.0277399,0.13453,0.042248;-1.27944,-0.817034,-1.39742
-0.0247935,0.13441,0.0430216;-1.27687,-0.799481,-1.4052
-0.0204485,0.134808,0.0431095;-1.29234,-0.777282,-1.42767
-0.0135308,0.134971,0.0402257;-1.45957,-0.737702,-1.52177
-0.0142664,0.138991,0.0477364;-1.44632,-0.718723,-1.48067
-0.0163984,0.138791,0.0497383;-1.38497,-0.737206,-1.43944
-0.0187436,0.150085,0.039924;-1.38374,-0.815049,-1.48776
-0.0179109,0.149806,0.0393;-1.40934,-0.81693,-1.5196
-0.0190965,0.151081,0.0400016;-1.44173,-0.835395,-1.57259
-0.0186813,0.149292,0.0390265;-1.53671,-0.774215,-1.61849
-0.0204401,0.148745,0.0431125;-1.50851,-0.752863,-1.58875
-0.0201207,0.149321,0.0405857;-1.50106,-0.711483,-1.59279
-0.0269078,0.154388,0.0498862;-1.55854,-0.800622,-1.62452
-0.0314326,0.154761,0.0468479;-1.60963,-0.885835,-1.68749
-0.0312419,0.151302,0.040715;-1.5307,-0.957173,-1.63343
-0.026941,0.150358,0.0342041;-1.56876,-1.00031,-1.64926
-0.026555,0.149711,0.0371452;-1.54099,-0.94261,-1.60994
-0.029616,0.153017,0.0397705;-1.54748,-0.856199,-1.64079
-0.029816,0.155259,0.0492905;-1.57895,-0.910392,-1.61867
-0.0297913,0.156293,0.0482305;-1.63789,-1.00585,-1.68605
-0.0288088,0.154947,0.0397892;-1.72833,-1.09667,-1.79253
-0.0185224,0.149324,0.034962;-1.61333,-1.2002,-1.68764
-0.0149618,0.146779,0.0348608;-1.56203,-1.16488,-1.63969
-0.0153378,0.146349,0.0357011;-1.47972,-1.10809,-1.56116
-0.0248614,0.151146,0.0484995;-1.49352,-1.00645,-1.54177
-0.0256135,0.151999,0.0504349;-1.54862,-1.08308,-1.58821
-0.0255056,0.149172,0.0494114;-1.66477,-1.19441,-1.70464
-0.0175598,0.141501,0.0359083;-1.54827,-1.32054,-1.648
-0.0165369,0.14332,0.0363172;-1.5046,-1.2833,-1.60655
-0.0175427,0.146964,0.0369286;-1.43232,-1.21144,-1.5344
-0.0328305,0.157574,0.0438227;-1.43769,-0.995536,-1.52155
-0.0352775,0.164426,0.0490954;-1.48599,-1.0251,-1.56354
-0.0366174,0.16746,0.0467495;-1.50159,-1.12886,-1.58858
-0.037599,0.168144,0.0372104;-1.46497,-1.20629,-1.57667
-0.0374842,0.167195,0.038154;-1.51696,-1.20722,-1.63151
-0.0385748,0.166638,0.0386216;-1.50208,-1.13831,-1.61353
-0.0343992,0.166932,0.0368084;-1.36608,-1.09191,-1.44884
-0.0303392,0.166182,0.038383;-1.29945,-1.15456,-1.39128
-0.0302064,0.164303,0.0388058;-1.26844,-1.22977,-1.36602
-0.0318661,0.156635,0.0375486;-1.43662,-1.31647,-1.54975
-0.0317724,0.154874,0.0370042;-1.50498,-1.33992,-1.62005
-0.0314165,0.155562,0.0369256;-1.46442,-1.29912,-1.56816
-0.0291992,0.156627,0.037479;-1.23809,-1.25543,-1.31783
-0.031044,0.156817,0.0397634;-1.1514,-1.2299,-1.23241
-0.0332189,0.155116,0.0400642;-1.08716,-1.29141,-1.18525
-0.0384217,0.147202,0.0388094;-1.05668,-1.34895,-1.13285
-0.0385943,0.146368,0.0390316;-1.04624,-1.37259,-1.13041
-0.0364712,0.147109,0.0381997;-1.27571,-1.36126,-1.37977
-0.042802,0.155022,0.0422808;-1.16334,-1.18894,-1.23148
-0.0528712,0.159167,0.0503782;-1.26884,-1.13113,-1.31325
-0.0605772,0.159661,0.0543837;-1.34183,-1.19445,-1.38286
-0.0648679,0.156971,0.0507358;-1.1772,-1.32827,-1.22684
-0.0552086,0.152684,0.041659;-0.843251,-1.32511,-0.928573
-0.0564443,0.15535,0.0399918;-1.04663,-1.34367,-1.1401
-0.0656452,0.154997,0.0460952;-1.21634,-1.2472,-1.26362
-0.069316,0.153492,0.0513864;-1.29059,-1.20082,-1.32003
-0.0733759,0.155849,0.0542924;-1.28626,-1.22557,-1.31441
-0.0875383,0.159518,0.0426366;-1.19702,-1.29075,-1.29187
-0.0871811,0.157092,0.039573;-1.21926,-1.31865,-1.31987
-0.0917531,0.156268,0.0367436;-1.3597,-1.38142,-1.45527
-0.0899734,0.15342,0.0399346;-1.34255,-1.29532,-1.42445
-0.0947349,0.151901,0.0459817;-1.36868,-1.24227,-1.42373
-0.104539,0.150035,0.0506523;-1.56374,-1.15585,-1.60913
-0.115481,0.14341,0.0508914;-1.75953,-1.13547,-1.80557
-0.120753,0.144564,0.0498663;-2.07774,-1.20118,-2.13894
-0.130051,0.148667,0.0478828;-2.41911,-1.24813,-2.4736
-0.115423,0.148629,0.0425066;-1.74701,-1.28554,-1.78346
-0.104049,0.14722,0.040184;-1.42845,-1.23872,-1.44543
-0.105443,0.144809,0.0415927;-1.52963,-1.1899,-1.54433
-0.108863,0.145923,0.0480321;-1.60261,-1.15072,-1.60959
-0.106644,0.146715,0.0427319;-1.75441,-1.17579,-1.7913
-0.110569,0.146233,0.0434953;-2.01168,-1.23524,-2.05316
-0.104533,0.15048,0.0427073;-2.25382,-1.38087,-2.3117
-0.086671,0.152214,0.0339398;-1.16398,-1.41557,-1.19607
-0.0868396,0.153593,0.0323059;-1.36293,-1.40588,-1.39319
-0.0958235,0.157689,0.0398289;-1.45223,-1.34118,-1.47391
-0.0974362,0.158594,0.0420267;-1.37633,-1.34183,-1.40071
-0.0968074,0.156663,0.0422804;-1.28063,-1.37743,-1.30874
-0.0968333,0.153178,0.0387577;-0.591839,-1.35223,-0.6219
-0.0976547,0.154601,0.0385476;-0.687152,-1.32404,-0.704142
-0.0977797,0.156884,0.039837;-0.761962,-1.27959,-0.766867
-0.108859,0.160992,0.0437444;-1.14872,-1.25502,-1.12887
-0.121144,0.165647,0.0476348;-1.20555,-1.33344,-1.21105
-0.129104,0.16634,0.0411189;-1.00683,-1.37464,-1.01117
-0.129104,0.16634,0.0411189;-1.00683,-1.37464,-1.01117
-0.124046,0.16556,0.0354337;-0.747678,-1.39894,-0.76444
-0.124046,0.16556,0.0354337;-0.747678,-1.39894,-0.76444
