0,0,0.11;-1.57,-2.98023e-08,-1.57
0,0,0.11;-1.57,-2.98023e-08,-1.57
0,0,0.11;-1.57,-2.98023e-08,-1.57
-0.000592019,-0.000413826,0.0286055;-1.5709,-0.261328,-1.56951
-0.000333377,-0.000151477,0.0285832;-1.57118,-0.202981,-1.57101
0.000756519,0.00584524,0.029323;-1.59069,-0.103366,-1.57761
0.00382232,0.0198238,0.0340485;-1.68236,-0.0502703,-1.58015
0.0052766,0.0130642,0.0286021;-1.56942,-0.16382,-1.57058
0.00485169,0.0123452,0.0286315;-1.57099,-0.186676,-1.56836
0.00515188,0.0119141,0.0286542;-1.57102,-0.209336,-1.56722
0.00480682,0.0147641,0.0285803;-1.57076,-0.0471866,-1.57074
0.00599616,0.0180137,0.028864;-1.57437,0.0855048,-1.5751
0.00659767,0.0311495,0.0335531;-1.60435,0.210193,-1.5877
0.00761256,0.0316598,0.0307396;-1.55633,0.117138,-1.59805
0.00455719,0.0321063,0.0287257;-1.57095,-0.0148054,-1.57799
0.00345523,0.0327583,0.028622;-1.57083,-0.14743,-1.56884
0.00356195,0.0340888,0.0285788;-1.57081,-0.206478,-1.57072
0.00503204,0.0380398,0.0287608;-1.57688,-0.148476,-1.57509
0.00781425,0.0546225,0.03389;-1.67244,-0.0302228,-1.57393
0.00605929,0.0619576,0.0375547;-1.75289,0.0614949,-1.56576
0.00585228,0.0578729,0.0349917;-1.69086,0.0417083,-1.57744
0.00416188,0.0421816,0.0323341;-1.58671,-0.0643835,-1.61556
0.00197753,0.0368212,0.0291659;-1.58326,-0.0758017,-1.58422
0.00224831,0.0378713,0.0315398;-1.56177,-0.0252271,-1.61439
0.00854838,0.0531457,0.0351629;-1.59689,0.0989869,-1.61813
0.0139584,0.0685883,0.041099;-1.82573,0.17004,-1.53761
0.0143715,0.0652373,0.0363131;-1.72695,0.14751,-1.55438
0.0110962,0.0558196,0.028967;-1.57224,0.0978223,-1.57991
0.0111299,0.0562312,0.0290071;-1.57061,0.0906271,-1.57965
0.0115209,0.0568263,0.02894;-1.57277,0.107171,-1.58564
0.026877,0.0833087,0.0374166;-1.76406,0.295247,-1.51722
0.0238963,0.0896237,0.0369873;-1.7563,0.439292,-1.49945
0.0235461,0.0886761,0.0354868;-1.72423,0.43323,-1.51171
0.0207709,0.0828047,0.0287705;-1.57098,0.363686,-1.57955
0.0170489,0.0793109,0.0286808;-1.57298,0.41829,-1.57265
0.0157175,0.0780027,0.0287029;-1.57416,0.506388,-1.57204
0.0252648,0.0822605,0.0342597;-1.52015,0.624061,-1.66091
0.0439165,0.103769,0.0376915;-1.60416,0.726552,-1.59572
0.0603468,0.126537,0.0356047;-1.7503,0.642433,-1.4682
0.0487961,0.109919,0.028969;-1.56842,0.662349,-1.59032
0.0442126,0.106489,0.0286889;-1.5727,0.730125,-1.57322
0.0429195,0.107608,0.0287475;-1.5813,0.809387,-1.56252
0.0464961,0.109868,0.0288252;-1.5568,0.966728,-1.58552
0.0588889,0.115713,0.0302904;-1.53823,1.0317,-1.60515
0.0841721,0.134973,0.0333735;-1.69451,1.06509,-1.47624
0.0903521,0.131275,0.0291249;-1.60199,0.887344,-1.55341
0.089512,0.130163,0.0288872;-1.57857,0.833832,-1.5746
0.0892679,0.130584,0.0287436;-1.58042,0.830005,-1.56514
0.090702,0.130514,0.0285785;-1.57109,1.00624,-1.57007
0.101067,0.132069,0.029612;-1.60917,1.13271,-1.5351
0.11143,0.138667,0.0342727;-1.9079,1.24006,-1.25021
0.109819,0.131678,0.028682;-1.57005,1.10614,-1.57723
0.109268,0.131552,0.0287734;-1.57065,1.09334,-1.58031
0.106544,0.13121,0.0289425;-1.57814,1.11381,-1.57318
0.101141,0.130506,0.0288427;-1.56107,1.33599,-1.59086
0.102704,0.128516,0.0292695;-1.5503,1.43909,-1.59457
0.118121,0.128098,0.0313116;-3.07866,1.54263,-0.0623109
0.12548,0.12816,0.0287373;-1.5537,1.5122,-1.59619
0.128176,0.127007,0.0288006;-1.56823,1.38394,-1.58434
0.132216,0.124527,0.0288868;-1.59746,1.2413,-1.55156
0.133001,0.124981,0.0287246;-1.57053,1.23115,-1.57779
0.135808,0.124842,0.0289782;-1.55784,1.28238,-1.58855
0.153113,0.125707,0.0305416;-1.58316,1.38005,-1.5633
0.174472,0.129538,0.0309221;-1.96283,1.4585,-1.1794
0.171729,0.127367,0.0285913;-1.55948,1.40997,-1.58461
0.172556,0.127346,0.0287028;-1.5703,1.33703,-1.57706
0.172111,0.127423,0.028937;-1.59029,1.33679,-1.56418
0.169811,0.128463,0.028895;-1.57203,1.43715,-1.58434
0.169617,0.127616,0.029742;1.86215,1.5262,1.27295
0.187407,0.128178,0.0349039;2.01685,1.28424,1.13146
0.183739,0.127773,0.0331752;1.98195,1.3496,1.16377
0.178188,0.126808,0.0286208;1.57673,1.48405,1.56206
0.182132,0.124582,0.0289849;-1.71327,1.4662,-1.43388
0.181692,0.124761,0.028727;-1.52888,1.50649,-1.62215
0.183114,0.12379,0.0287261;-1.51577,1.5617,-1.63361
0.212837,0.123783,0.0331432;1.81991,1.39241,1.31788
0.225422,0.124454,0.0333377;2.48657,1.46491,0.652897
0.219569,0.122229,0.0286105;0,1.56872,3.13989
0.219393,0.122658,0.0287426;-1.62059,1.51094,-1.52577
0.217989,0.123689,0.0288887;1.63768,1.54596,1.49094
0.216876,0.124547,0.0295714;1.5796,1.49236,1.54077
0.232001,0.124096,0.0362863;1.9312,1.15556,1.22803
0.234517,0.123487,0.0358867;1.92987,1.15267,1.23438
0.227546,0.125079,0.0285733;1.56703,1.1927,1.57322
0.225646,0.126176,0.0285693;1.57488,1.33952,1.56634
0.226011,0.125889,0.0287239;1.57097,1.34052,1.56376
0.230061,0.123402,0.0296681;1.56263,1.38786,1.55514
0.265237,0.107986,0.036234;1.93161,1.21132,1.22348
0.266434,0.109529,0.0336;1.7801,1.16967,1.37585
0.262806,0.114269,0.0286393;1.57039,1.09607,1.56815
0.262022,0.115232,0.0285781;1.57092,1.10904,1.5706
0.262044,0.1154,0.0286184;1.57077,1.07743,1.56913
0.261961,0.115596,0.0290361;1.56674,1.07305,1.5549
0.289575,0.0903317,0.0348716;1.73751,0.987818,1.41873
0.30173,0.0813957,0.0344549;1.76752,0.94441,1.40944
0.304188,0.0834732,0.0305724;1.63741,0.872498,1.52159
0.300751,0.088094,0.0285836;1.57049,0.917798,1.5713
0.300583,0.0879308,0.0287647;1.58583,0.935459,1.55866
0.302338,0.086548,0.0290452;1.55946,0.974191,1.56393
0.315796,0.0732917,0.0311438;1.54635,1.01462,1.55914
0.351925,0.043306,0.0349369;1.76768,0.893539,1.41425
0.353069,0.0453157,0.0306972;1.63103,0.866711,1.52484
0.350772,0.0482973,0.0285664;1.56978,0.880496,1.57167
0.349963,0.0499191,0.0286021;1.57098,0.939806,1.57177
0.350679,0.0498167,0.0285781;1.57127,0.890496,1.57012
0.349714,0.0507689,0.0288919;1.57234,0.811177,1.55603
0.377916,0.0264493,0.0343585;1.64792,0.694924,1.50277
0.393271,0.012877,0.0318138;1.65603,0.758758,1.50524
0.39239,0.0119183,0.0286552;1.57574,0.808368,1.56692
0.391398,0.0138058,0.0286071;1.57072,0.887461,1.57225
0.391939,0.0133633,0.0285926;1.57101,0.867937,1.5714
0.391668,0.0130009,0.0285863;1.57095,0.830555,1.57035
0.42153,-0.0205361,0.0363292;1.72723,0.75859,1.4399
0.429682,-0.0345714,0.03507;1.76717,0.840356,1.42228
0.429006,-0.0371017,0.0285119;1.56563,0.932714,1.57498
0.428582,-0.0348263,0.0287706;1.55231,1.04786,1.5869
0.428962,-0.0353126,0.0285794;1.57089,1.02935,1.57071
0.428804,-0.0351515,0.0286862;1.57084,1.01308,1.56591
0.426359,-0.0376712,0.0368666;1.63301,0.698835,1.48926
0.431016,-0.0435422,0.0360866;1.61831,0.641987,1.49789
0.437916,-0.050569,0.0335822;1.65374,0.650934,1.49215
0.43676,-0.0493207,0.0286066;1.57094,0.855656,1.57198
0.436516,-0.0488773,0.028602;1.57123,0.876993,1.57162
0.436831,-0.0491735,0.0285797;1.57084,0.849855,1.57074
0.437839,-0.0547669,0.0309465;1.55337,0.691274,1.56422
0.450567,-0.0709018,0.0362914;1.57226,0.62653,1.54054
0.468782,-0.0909841,0.0355612;1.72253,0.666761,1.45449
0.470922,-0.0956628,0.0285908;1.56903,0.888178,1.57215
0.471834,-0.0943013,0.0287564;1.55545,0.985519,1.58372
0.471933,-0.0946677,0.0285879;1.57078,0.97329,1.57119
0.47362,-0.095272,0.0297494;1.61156,0.844132,1.53592
0.48061,-0.101094,0.0360351;1.75726,0.710178,1.44236
0.486478,-0.10131,0.0398335;1.82926,0.584239,1.4092
0.481626,-0.0808317,0.0289884;1.56623,0.533792,1.55738
0.483371,-0.0823275,0.0286398;1.57077,0.653554,1.56792
0.483058,-0.0826525,0.0285807;1.57104,0.750984,1.57082
0.484093,-0.0837533,0.0286805;1.57525,0.683573,1.5695
0.488421,-0.0881533,0.0295844;1.57654,0.592931,1.56309
0.501974,-0.100899,0.03629;1.64594,0.494321,1.50275
0.517519,-0.121929,0.0288673;1.56735,0.598932,1.55915
0.519131,-0.122284,0.0285809;1.57037,0.708553,1.57118
0.518986,-0.120415,0.0286039;1.57028,0.810371,1.57236
0.518946,-0.120808,0.0285789;1.57108,0.836584,1.57064
0.521358,-0.123639,0.0294289;1.5917,0.783052,1.56134
0.531361,-0.129837,0.0344515;1.71094,0.643237,1.49242
0.531345,-0.132544,0.0292589;1.6016,0.660098,1.54671
0.530985,-0.13181,0.0286899;1.57024,0.694662,1.56574
0.530248,-0.130773,0.0286659;1.56542,0.677831,1.57428
0.530583,-0.131373,0.0285787;1.5708,0.637572,1.57087
0.531147,-0.133588,0.0291426;1.57543,0.569857,1.56691
0.534207,-0.140439,0.0323528;1.62874,0.442815,1.54445
0.536352,-0.146383,0.0297705;1.58345,0.29585,1.55148
0.535822,-0.144942,0.0289095;1.56503,0.293863,1.56222
0.536801,-0.145129,0.0286113;1.57095,0.358253,1.56873
0.53659,-0.146623,0.0285804;1.57112,0.437508,1.5709
0.537772,-0.149087,0.0286384;1.56883,0.506494,1.56988
0.541035,-0.166711,0.030224;1.59282,0.516423,1.56144
0.546439,-0.191881,0.0321192;1.64868,0.449348,1.53963
0.545804,-0.192431,0.0289176;1.5838,0.468929,1.56034
0.5453,-0.192717,0.0287544;1.57054,0.508643,1.56263
0.545777,-0.191998,0.0285807;1.57076,0.506177,1.57076
0.545311,-0.191241,0.028584;1.5706,0.443529,1.57013
0.546168,-0.19188,0.0290572;1.57836,0.398873,1.56812
0.557265,-0.204557,0.0350545;1.69033,0.174327,1.54808
0.561007,-0.20042,0.0312359;1.62491,0.0858293,1.55866
0.561185,-0.193099,0.0289898;1.56501,-0.00986211,1.55687
0.560309,-0.191106,0.02858;1.57085,-0.0394818,1.57089
0.560281,-0.191637,0.0285809;1.57115,-0.0504991,1.57119
0.560629,-0.191732,0.0286369;1.56854,-0.0164934,1.57192
0.561938,-0.238403,0.0336018;1.65055,-0.00569481,1.56602
0.559399,-0.255189,0.0320151;1.63556,0.0822568,1.56172
0.556959,-0.257817,0.0287843;1.57807,0.151928,1.56724
0.55736,-0.257539,0.0286946;1.5701,0.23067,1.5661
0.557377,-0.257595,0.0285794;1.57087,0.205992,1.57079
0.55727,-0.257687,0.0286129;1.57084,0.197989,1.57228
0.562788,-0.269899,0.0343024;1.67443,-0.0148451,1.57661
0.562886,-0.273713,0.0345288;1.68938,-0.0186319,1.57249
0.562899,-0.270009,0.0285707;1.57038,-0.0038243,1.57076
0.56212,-0.266223,0.0287551;1.56637,-0.0770861,1.56486
0.561293,-0.263539,0.0285826;1.5708,-0.206754,1.57057
0.561051,-0.262189,0.0285862;1.57067,-0.281776,1.57043
0.561051,-0.262189,0.0285862;1.57067,-0.281776,1.57043
0.559564,-0.259915,0.029286;1.56929,-0.348544,1.56689
0.559564,-0.259915,0.029286;1.56929,-0.348544,1.56689
