0,0,0.11;-1.57,-2.98023e-08,-1.57
0,0,0.11;-1.57,-2.98023e-08,-1.57
0,0,0.11;-1.57,-2.98023e-08,-1.57
-0.000419808,0.00125436,0.0285883;-1.57189,-0.263537,-1.57098
-2.74064e-05,0.00114858,0.0285798;-1.57084,-0.32728,-1.57076
7.03291e-05,0.00144093,0.0285794;-1.57084,-0.337121,-1.57077
2.07827e-05,0.00062615,0.0292159;-1.57325,-0.263944,-1.56836
0.00108572,-0.010213,0.0297851;-1.56733,-0.316587,-1.5835
0.00231528,-0.0139731,0.0305696;-1.58564,-0.339244,-1.60354
0.00404251,-0.0140503,0.0324713;-1.58902,-0.358206,-1.62767
0.00584798,-0.0103854,0.0338641;-1.60736,-0.368205,-1.63795
0.00591316,-0.00723,0.0340689;-1.61465,-0.38162,-1.63619
0.00532065,-0.00317124,0.0350048;-1.64283,-0.390636,-1.64533
0.00276468,0.00237211,0.0364233;-1.68425,-0.443542,-1.63895
0.00416874,-0.00488974,0.0368887;-1.74031,-0.504844,-1.65145
0.0075626,-0.014743,0.0394026;-1.77717,-0.599239,-1.67302
0.0118083,-0.0154926,0.0364531;-1.73231,-0.640753,-1.67161
0.0106894,-0.0145214,0.0356578;-1.74387,-0.608076,-1.6698
0.00975764,-0.0155245,0.0369345;-1.76248,-0.557964,-1.68249
0.00735693,-0.0366612,0.0385013;-1.6414,-0.402846,-1.68875
0.00421682,-0.0498732,0.0378929;-1.58741,-0.333401,-1.67738
0.00182977,-0.0588343,0.0372926;-1.55067,-0.268202,-1.67103
-0.00291329,-0.0653261,0.0334469;-1.55834,-0.274559,-1.63366
-0.00722706,-0.0626227,0.0316406;-1.55201,-0.31063,-1.60216
-0.00912833,-0.0582843,0.0296221;-1.56012,-0.324321,-1.56816
-0.00843813,-0.052939,0.0289049;-1.56593,-0.344787,-1.56678
-0.00746998,-0.050626,0.0286542;-1.57117,-0.3689,-1.56716
-0.0080993,-0.0503415,0.0287582;-1.57097,-0.346646,-1.562
-0.00825326,-0.0524894,0.0286431;-1.57366,-0.348107,-1.57301
-0.00754167,-0.0553349,0.0297308;-1.59984,-0.293358,-1.58319
-0.00776275,-0.0575418,0.0313076;-1.56593,-0.18722,-1.60851
-0.00746435,-0.0437464,0.0358407;-1.66267,-0.0800574,-1.59299
-0.00223639,-0.0235809,0.0405828;-1.78744,-0.102779,-1.59857
0.00689368,-0.0215196,0.0397599;-1.78615,-0.206697,-1.63076
0.00583042,-0.0303789,0.0382443;-1.71443,-0.176226,-1.63198
0.00374581,-0.0341466,0.0392604;-1.66202,-0.146507,-1.66366
0.00598699,-0.0351179,0.0401699;-1.62836,-0.165866,-1.6998
0.00755058,-0.030349,0.0366108;-1.62564,-0.198938,-1.65983
0.0111663,-0.0174613,0.0328614;-1.66513,-0.297384,-1.60272
0.0174069,-0.00841895,0.0358247;-1.68764,-0.456729,-1.59426
0.0251683,-0.0112571,0.0333737;-1.66752,-0.55441,-1.61262
0.0268675,-0.0145595,0.0308675;-1.62788,-0.569676,-1.59973
0.0253388,-0.0304573,0.0324608;-1.58876,-0.383629,-1.62226
0.0288201,-0.0422144,0.035429;-1.53136,-0.257076,-1.63333
0.0308829,-0.0484188,0.0366319;-1.5152,-0.167139,-1.64023
0.0222291,-0.0428593,0.0305273;-1.56559,-0.294681,-1.60381
0.0185011,-0.0430648,0.0297567;-1.55013,-0.368667,-1.56732
0.0138226,-0.0453859,0.0302433;-1.53493,-0.434809,-1.55178
0.0132118,-0.0440042,0.034206;-1.44833,-0.430037,-1.51252
0.0133071,-0.0396925,0.0345665;-1.44617,-0.397167,-1.51635
0.0130352,-0.0388663,0.0343375;-1.44991,-0.393338,-1.51995
0.012379,-0.0395358,0.0319982;-1.49083,-0.407127,-1.53769
0.0117821,-0.0382039,0.0295597;-1.53925,-0.40537,-1.5542
0.0114386,-0.0384802,0.0295438;-1.53876,-0.402173,-1.55503
0.0122685,-0.0359252,0.0293032;-1.54012,-0.341168,-1.55411
0.0132856,-0.0345664,0.0293189;-1.53692,-0.305936,-1.55682
0.0141758,-0.0335096,0.030616;-1.52021,-0.28053,-1.55013
0.0148828,-0.0334629,0.0290454;-1.56439,-0.247011,-1.55317
0.0154423,-0.0356025,0.0290141;-1.56441,-0.266324,-1.55457
0.0153718,-0.0359293,0.0289981;-1.56513,-0.271806,-1.5547
0.0160239,-0.0344586,0.0289798;-1.56639,-0.235061,-1.55492
0.0161869,-0.0336121,0.0289367;-1.568,-0.216708,-1.55582
0.0160649,-0.0330214,0.0291781;-1.55433,-0.211239,-1.55431
0.016221,-0.0300069,0.0316603;-1.57036,-0.188117,-1.52294
0.0168824,-0.0331053,0.029017;-1.57181,-0.19389,-1.55566
0.0167974,-0.0343295,0.028624;-1.57054,-0.192788,-1.56859
0.0175188,-0.0332032,0.0287083;-1.5708,-0.0732673,-1.56461
0.0175828,-0.0329187,0.0288233;-1.57191,-0.0527161,-1.55972
0.0174232,-0.0329377,0.0286895;-1.57133,-0.0621689,-1.56607
0.0176366,-0.0320261,0.0289325;-1.56193,-0.00734744,-1.56263
0.0181655,-0.033537,0.0287034;-1.57712,-0.0464925,-1.57079
0.019867,-0.0342598,0.0292122;-1.59909,-0.113061,-1.57151
0.0236538,-0.0522474,0.0288248;-1.57585,-0.26616,-1.56493
0.0240234,-0.0530283,0.0286421;-1.57221,-0.282627,-1.56956
0.0241991,-0.052783,0.0286408;-1.5723,-0.268288,-1.57311
0.0205408,-0.050572,0.0297192;-1.5541,-0.296776,-1.57396
0.0177147,-0.0469839,0.0300479;-1.5613,-0.390979,-1.58384
0.0169232,-0.0327439,0.0344071;-1.6096,-0.509964,-1.64575
0.0165184,-0.028264,0.0361024;-1.70941,-0.581961,-1.67489
0.0163958,-0.0389324,0.0287214;-1.57079,-0.504472,-1.57736
0.0159007,-0.0386923,0.0291276;-1.57504,-0.446596,-1.56452
0.0157117,-0.0339882,0.0286627;-1.57359,-0.269458,-1.57028
0.0150062,-0.0335322,0.0285737;-1.56851,-0.256782,-1.56957
0.0148848,-0.0330233,0.0290068;-1.56349,-0.26182,-1.56429
0.0142374,-0.0319425,0.0292414;-1.56666,-0.332741,-1.5675
0.0144989,-0.0320561,0.0290591;-1.57216,-0.360361,-1.57183
0.0148406,-0.0326736,0.0286774;-1.57552,-0.362372,-1.57277
0.0130084,-0.0352797,0.0292765;-1.57866,-0.0855077,-1.56436
0.0145293,-0.0318767,0.0292257;-1.57981,0.040468,-1.5667
0.0160063,-0.0333362,0.0293977;-1.58113,0.0879913,-1.56439
0.012882,-0.041032,0.0293752;-1.55931,-0.0234973,-1.56187
0.0116577,-0.0414358,0.028863;-1.56518,-0.0601827,-1.56248
0.011407,-0.042199,0.0288776;-1.5644,-0.0742308,-1.56239
0.0115627,-0.041226,0.0287159;-1.57741,-0.0564885,-1.57131
0.0111858,-0.0413038,0.0287876;-1.5803,-0.0225308,-1.5718
0.0103164,-0.0404632,0.0289069;-1.583,0.0289853,-1.56714
0.0134097,-0.0508063,0.0298541;-1.59026,0.00601072,-1.56226
0.0113466,-0.064422,0.0297275;-1.56538,-0.178568,-1.56173
0.00919035,-0.0623708,0.0295098;-1.55812,-0.237544,-1.57076
0.00568142,-0.0553082,0.029761;-1.56224,-0.30401,-1.58229
0.00236234,-0.0489619,0.0287093;-1.57309,-0.348906,-1.57545
0.00244249,-0.0498872,0.0286475;-1.57072,-0.335253,-1.56741
0.0029343,-0.0509612,0.0287166;-1.57112,-0.346569,-1.56432
0.0104145,-0.0686372,0.0290522;-1.57356,-0.553155,-1.5621
0.0115113,-0.0715693,0.0303149;-1.53795,-0.568042,-1.5494
0.0111768,-0.0689493,0.0302767;-1.5436,-0.557038,-1.5498
0.00774365,-0.0628253,0.028913;-1.56232,-0.514732,-1.56505
0.00740033,-0.0621969,0.0287588;-1.56982,-0.512475,-1.5624
0.0080287,-0.0627851,0.0287228;-1.57101,-0.52759,-1.56393
0.00850828,-0.0637587,0.0285926;-1.57109,-0.515445,-1.57145
0.00879405,-0.0643279,0.0287134;-1.57263,-0.510086,-1.57654
0.00981303,-0.0648424,0.0292439;-1.56331,-0.482415,-1.56621
0.00596048,-0.0575922,0.0301297;-1.56007,-0.476029,-1.55113
0.00268572,-0.0482887,0.0290402;-1.59367,-0.475502,-1.58329
0.00332198,-0.047109,0.0290318;-1.5954,-0.476104,-1.58247
0.00453995,-0.050528,0.0291533;-1.5995,-0.44886,-1.58597
0.00646049,-0.0551425,0.0290347;-1.59431,-0.410639,-1.58128
0.00699122,-0.0574139,0.0287687;-1.58007,-0.367037,-1.57454
0.00994673,-0.0577186,0.0294875;-1.57024,-0.27061,-1.55505
0.00972783,-0.0558197,0.0318022;-1.56447,-0.246076,-1.52161
0.00898051,-0.0560422,0.0333349;-1.56634,-0.253581,-1.49848
0.0118997,-0.0615494,0.0309004;-1.55268,-0.486407,-1.53299
0.0108384,-0.0647715,0.0295397;-1.54163,-0.648911,-1.54811
0.00916495,-0.0655872,0.0289071;-1.5532,-0.734254,-1.56144
0.009397,-0.0597607,0.0293651;-1.5501,-0.63128,-1.54635
0.00939754,-0.0541604,0.0291736;-1.56247,-0.542913,-1.55026
0.00841909,-0.0512924,0.0308404;-1.56434,-0.502593,-1.53049
0.0122812,-0.0593855,0.0357853;-1.59404,-0.622684,-1.49311
0.0156613,-0.0646343,0.0360778;-1.575,-0.698897,-1.48017
0.0203749,-0.0712059,0.0338559;-1.556,-0.789281,-1.48887
0.0203889,-0.071247,0.0292816;-1.54422,-0.793647,-1.53654
0.0208339,-0.0700911,0.0291739;-1.54108,-0.757259,-1.54326
0.0238218,-0.0648183,0.0298606;-1.53372,-0.653064,-1.54477
0.0267672,-0.0639092,0.033072;-1.46225,-0.621415,-1.50836
0.025922,-0.0649538,0.0329379;-1.47203,-0.642432,-1.50982
0.0262217,-0.0666889,0.0342644;-1.4414,-0.657015,-1.48572
0.0280806,-0.0664575,0.0346534;-1.42747,-0.640167,-1.47898
0.0291465,-0.064086,0.0356142;-1.40639,-0.604958,-1.47337
0.0312779,-0.0622101,0.0347323;-1.42876,-0.535365,-1.49615
0.0282559,-0.060653,0.0336997;-1.44797,-0.528837,-1.51262
0.0259438,-0.0606333,0.03441;-1.44366,-0.580682,-1.50217
0.0254468,-0.0625572,0.034662;-1.43874,-0.604401,-1.48654
0.0282256,-0.0658899,0.0336911;-1.45584,-0.627362,-1.49658
0.0300586,-0.0647686,0.0326872;-1.47482,-0.597522,-1.51658
0.0299475,-0.0636557,0.0317239;-1.49416,-0.570177,-1.53375
0.0242082,-0.0664567,0.0298863;-1.53558,-0.618034,-1.55214
0.0230434,-0.0670903,0.0303228;-1.5242,-0.648806,-1.5436
0.0221502,-0.0672394,0.0307669;-1.51398,-0.664507,-1.54175
0.0222352,-0.0658609,0.0307026;-1.52795,-0.641683,-1.56183
0.0224429,-0.0656568,0.0292514;-1.53464,-0.630048,-1.55228
0.0207484,-0.0651936,0.0293821;-1.52675,-0.650574,-1.54754
0.0202301,-0.0598948,0.032704;-1.49823,-0.591911,-1.50774
0.0199407,-0.0610342,0.0352882;-1.49334,-0.596918,-1.47799
0.0191182,-0.0652919,0.0365951;-1.46054,-0.661118,-1.4548
0.0147834,-0.0699102,0.0382912;-1.31704,-0.759334,-1.39773
0.0166041,-0.0694927,0.0407641;-1.25636,-0.73792,-1.35162
0.0146968,-0.0679367,0.0442768;-1.25084,-0.667845,-1.33047
0.016119,-0.0564181,0.0417114;-1.41859,-0.574885,-1.40345
0.0163453,-0.0567307,0.0381452;-1.47014,-0.60111,-1.45117
0.0188988,-0.0594158,0.0360855;-1.46651,-0.634857,-1.46496
0.0200559,-0.064417,0.0347436;-1.42241,-0.699779,-1.46599
0.021524,-0.0621605,0.0361502;-1.39279,-0.691761,-1.4491
0.0207389,-0.0611493,0.0369885;-1.38365,-0.675722,-1.44005
0.0199482,-0.0487474,0.0363511;-1.4324,-0.600906,-1.46704
0.0207739,-0.050134,0.0356928;-1.42153,-0.609147,-1.47268
0.021669,-0.0516483,0.0342521;-1.4354,-0.610495,-1.48982
0.0229015,-0.0543661,0.0372726;-1.39646,-0.645559,-1.43672
0.0214664,-0.0553983,0.0390244;-1.3903,-0.64797,-1.41736
0.0220929,-0.0548881,0.0429954;-1.34458,-0.616592,-1.36643
0.0246395,-0.0538297,0.0407996;-1.35662,-0.594649,-1.40794
0.0247655,-0.0535509,0.036037;-1.3959,-0.617991,-1.46591
0.0236048,-0.0534797,0.0347511;-1.41745,-0.627597,-1.47818
0.0206568,-0.0563492,0.0333114;-1.4472,-0.673373,-1.49135
0.0196087,-0.0564889,0.0342681;-1.42189,-0.679078,-1.4742
0.0195221,-0.0550487,0.0357305;-1.38657,-0.670878,-1.45127
0.0209284,-0.053141,0.0343003;-1.4306,-0.646825,-1.48314
0.0213918,-0.0516791,0.0342011;-1.42821,-0.646752,-1.48564
0.0223474,-0.0514829,0.0339986;-1.43408,-0.627834,-1.4889
0.0206906,-0.0515722,0.0339003;-1.43474,-0.663183,-1.49089
0.0201212,-0.0518054,0.0339042;-1.4555,-0.677818,-1.51788
0.0219961,-0.0507872,0.0345517;-1.42725,-0.658536,-1.49429
0.0219961,-0.0507872,0.0345517;-1.42725,-0.658536,-1.49429
0.0223307,-0.0501476,0.035336;-1.39677,-0.638768,-1.46924
0.0223307,-0.0501476,0.035336;-1.39677,-0.638768,-1.46924
