0,0,0.11;-1.57,-2.98023e-08,-1.57
0,0,0.11;-1.57,-2.98023e-08,-1.57
0,0,0.11;-1.57,-2.98023e-08,-1.57
-0.00129136,-0.00182785,0.0286921;-1.56626,-0.287363,-1.56776
0.000197929,0.00154242,0.0287019;-1.57086,-0.152215,-1.56507
0.000464047,0.00610918,0.0294354;-1.56151,0.0105948,-1.56302
-0.00043468,-0.00281816,0.0327527;-1.50018,0.136442,-1.57241
-0.00179715,-0.00564206,0.0285788;-1.57091,-0.152662,-1.5709
-0.00204937,-0.00773381,0.0286212;-1.57086,-0.301398,-1.56884
-0.00156879,-0.00638779,0.02861;-1.57082,-0.404759,-1.57244
-0.00196068,-0.00675206,0.0289495;-1.57333,-0.346954,-1.58675
-0.00236955,-0.00765426,0.0305535;-1.58285,-0.176552,-1.59317
-0.00350162,-0.00138917,0.037025;-1.6186,0.0359055,-1.59137
-0.00244264,-0.00608206,0.029639;-1.5564,-0.0441479,-1.57377
-0.00351339,-0.00864169,0.0285793;-1.57083,-0.21118,-1.57088
-0.00379952,-0.0103093,0.0286345;-1.57076,-0.352128,-1.56799
-0.00347021,-0.00872467,0.0285887;-1.57023,-0.28481,-1.57044
-0.00167282,-0.00590163,0.0294105;-1.55596,-0.148207,-1.56721
-0.00101818,-0.00397966,0.0346798;-1.49774,0.0500879,-1.57028
-0.000994611,-0.0133673,0.0367437;-1.45648,0.106795,-1.57022
-0.00219266,-0.0152509,0.0323956;-1.49833,-0.024961,-1.56941
-0.00364408,-0.014065,0.0285812;-1.57111,-0.213218,-1.57066
-0.00375385,-0.0151224,0.0285825;-1.57055,-0.316573,-1.57047
-0.0030875,-0.0133262,0.0285797;-1.57072,-0.239979,-1.57099
-0.00261543,-0.00810918,0.0297302;-1.555,-0.0798124,-1.56663
-0.00268343,-0.0100049,0.0328953;-1.52044,0.0709176,-1.57392
-0.00327572,-0.0174519,0.0312639;-1.52131,-0.0256621,-1.57424
-0.00797695,-0.0187524,0.0286831;-1.57077,-0.392686,-1.56561
-0.00801094,-0.0192052,0.0286575;-1.5706,-0.413905,-1.56712
-0.00709391,-0.0171195,0.02858;-1.57067,-0.296429,-1.57084
-0.00805773,-0.00877777,0.030479;-1.58025,0.0402359,-1.5644
-0.00952342,-0.0097488,0.0352561;-1.57736,0.175835,-1.57532
-0.00795288,-0.0218136,0.03506;-1.45758,0.0911821,-1.57932
-0.0124428,-0.0233909,0.0285763;-1.57094,-0.235136,-1.57065
-0.0124311,-0.0263473,0.0286461;-1.57057,-0.400862,-1.56723
-0.0122847,-0.0256565,0.0286541;-1.56902,-0.355654,-1.56822
-0.00990716,-0.0230638,0.0294129;-1.5638,-0.0286984,-1.57197
-0.010214,-0.0244816,0.0334951;-1.53904,0.157883,-1.5751
-0.00944477,-0.0312283,0.0346624;-1.46989,0.182822,-1.5712
-0.0145629,-0.0342154,0.0286697;-1.57061,-0.0967072,-1.57496
-0.0153069,-0.0345853,0.028656;-1.57073,-0.278722,-1.56655
-0.0150279,-0.0356337,0.0286786;-1.57086,-0.343445,-1.56605
-0.0130252,-0.0317241,0.0287694;-1.56269,-0.0749055,-1.57057
-0.0125853,-0.0296145,0.0303913;-1.54373,0.0991024,-1.5686
-0.0125556,-0.0328308,0.0358077;-1.47018,0.257508,-1.57321
-0.0165613,-0.0379941,0.0287786;-1.58042,-0.0445673,-1.58283
-0.014632,-0.035148,0.0289268;-1.57734,-0.165117,-1.58197
-0.0146049,-0.0364809,0.0289003;-1.56306,-0.208011,-1.57721
-0.0136008,-0.0356927,0.0318622;-1.55673,-0.151713,-1.61761
-0.0109594,-0.0262184,0.0371934;-1.46829,-0.0137139,-1.61544
-0.0158062,-0.0221379,0.0373354;-1.48304,0.174036,-1.57063
-0.0209499,-0.0373579,0.0287621;-1.56517,0.0160945,-1.57396
-0.0240103,-0.0346836,0.0286279;-1.57097,-0.146993,-1.57325
-0.0231971,-0.0328303,0.0285696;-1.56955,-0.265783,-1.5712
-0.0216957,-0.0309675,0.0286719;-1.56622,-0.144484,-1.57015
-0.0199831,-0.028207,0.0299261;-1.55273,0.0188817,-1.56969
-0.0202797,-0.0272387,0.0355144;-1.50038,0.213087,-1.57595
-0.0224123,-0.0298694,0.028767;-1.56815,0.0666621,-1.57722
-0.0252255,-0.0273259,0.0287508;-1.56726,-0.0820215,-1.57512
-0.0263958,-0.027139,0.0285631;-1.56961,-0.266642,-1.56919
-0.026223,-0.0274307,0.0285781;-1.57119,-0.231137,-1.57103
-0.0263298,-0.0259652,0.0295448;-1.59408,-0.131296,-1.58009
-0.0278291,-0.0178106,0.036066;-1.69123,0.08016,-1.5825
-0.0294835,-0.0222994,0.0360063;-1.67064,0.148389,-1.5941
-0.0286517,-0.0266357,0.0295979;-1.59143,0.0256367,-1.58466
-0.0284314,-0.0252012,0.0289374;-1.57666,-0.100398,-1.58244
-0.0277558,-0.0235702,0.0285725;-1.57081,-0.162296,-1.57117
-0.0275564,-0.0228699,0.0285538;-1.57089,-0.0560412,-1.57183
-0.0287049,-0.0167509,0.0297949;-1.58331,0.130874,-1.56599
-0.0353231,-0.0201138,0.0375269;-1.66351,0.380843,-1.58186
-0.0358218,-0.0332645,0.0336176;-1.4754,0.230667,-1.59882
-0.0377588,-0.0314296,0.0286023;-1.57482,0.0753138,-1.57559
-0.0408462,-0.0278793,0.0285776;-1.57079,-0.184668,-1.57089
-0.0407293,-0.0287207,0.0285813;-1.57121,-0.0846115,-1.57113
-0.0435846,-0.0322996,0.0289633;-1.57849,0.103456,-1.58111
-0.0437531,-0.0263825,0.0395383;-1.71522,0.455644,-1.56772
-0.0418453,-0.0208777,0.0396371;-1.73415,0.339381,-1.56356
-0.0379878,-0.0206382,0.0335921;-1.6503,0.22046,-1.57626
-0.0330025,-0.0165805,0.0288026;-1.58132,-0.0564848,-1.57513
-0.0332984,-0.0176103,0.0286197;-1.56997,0.00301189,-1.57314
-0.0327603,-0.0208848,0.0288006;-1.56863,0.177634,-1.57945
-0.0343374,-0.0304851,0.0383407;-1.42773,0.564947,-1.6302
-0.0370269,-0.035755,0.0378196;-1.39602,0.457254,-1.645
-0.0383934,-0.0302654,0.0290601;-1.55746,0.310375,-1.57655
-0.0384116,-0.0297463,0.0286271;-1.57079,0.0513318,-1.56843
-0.0383526,-0.0297397,0.0286013;-1.57096,0.0703359,-1.57179
-0.0380694,-0.0302274,0.02887;-1.56966,0.15013,-1.5843
-0.0349365,-0.0141029,0.0396976;-1.7344,0.506313,-1.54395
-0.0351861,-0.015469,0.0401246;-1.75167,0.471889,-1.5375
-0.0356944,-0.0210683,0.0373459;-1.71124,0.421733,-1.55336
-0.0422175,-0.029772,0.0301718;-1.61074,0.413006,-1.56934
-0.049281,-0.0355234,0.0295904;-1.57331,0.522497,-1.59266
-0.0488499,-0.0354702,0.0293036;-1.56615,0.540109,-1.59533
-0.0317106,-0.0162966,0.0343367;-1.71441,0.810911,-1.48196
-0.036066,-0.0208853,0.0346884;-1.68811,0.856706,-1.51469
-0.0458355,-0.0350068,0.0324619;-1.46983,0.858642,-1.65269
-0.0496331,-0.0295628,0.0286145;-1.57286,0.52947,-1.57012
-0.0484311,-0.0307434,0.0286525;-1.5711,0.378409,-1.56704
-0.0482174,-0.0305539,0.0285758;-1.57069,0.450178,-1.57082
-0.0468748,-0.0320938,0.0291102;-1.55747,0.564176,-1.58455
-0.0430835,-0.0405638,0.0385407;-1.30687,0.855692,-1.76351
-0.0465232,-0.0414429,0.0368854;-1.36292,0.743441,-1.71927
-0.0452793,-0.0324936,0.0288822;-1.57099,0.617922,-1.58547
-0.0429845,-0.0284852,0.0285785;-1.57079,0.322194,-1.57098
-0.0431219,-0.0280378,0.028567;-1.56892,0.394467,-1.57374
-0.0427034,-0.0315888,0.0289247;-1.56588,0.552846,-1.58578
-0.0342946,-0.0393941,0.0386081;-1.31834,0.85998,-1.74785
-0.0378057,-0.0422885,0.0364057;-1.36402,0.778779,-1.71493
-0.0393871,-0.0376158,0.0287976;-1.571,0.713044,-1.58128
-0.0403772,-0.0369912,0.028587;-1.57163,0.641384,-1.56978
-0.040556,-0.0371045,0.028723;-1.57062,0.697092,-1.57764
-0.0391548,-0.0378742,0.0296896;-1.5493,0.733023,-1.61112
-0.023835,-0.038216,0.0401908;-1.21341,0.94311,-1.84577
-0.0241493,-0.0397388,0.0398782;-1.21094,0.907666,-1.85307
-0.0251036,-0.0319909,0.0352191;-1.4328,0.821442,-1.70817
-0.0143699,-0.0140891,0.0290184;-1.57179,0.543221,-1.58441
-0.0114865,-0.0114562,0.0291059;-1.57979,0.492314,-1.58346
-0.0109992,-0.0119367,0.0308794;-1.57176,0.515986,-1.61099
0.00865984,0.00242562,0.0445803;-1.97362,0.750856,-1.32842
0.00896101,0.00345838,0.0515454;-2.08874,0.784796,-1.2809
0.0112221,0.00237821,0.0524954;-2.04711,0.734619,-1.34457
0.0190256,0.000433826,0.0371297;-1.72246,0.548234,-1.53004
0.0206617,0.000632279,0.0301421;-1.59786,0.481445,-1.57861
0.0221204,0.00203457,0.0292491;-1.58499,0.483416,-1.58003
0.0160952,-0.0016871,0.0392808;-1.6552,0.843089,-1.57273
0.0253163,0.00289988,0.0444174;-1.87628,1.00779,-1.37609
0.0220091,-0.000739338,0.0410325;-1.85324,1.01362,-1.39776
-0.0020016,-0.0173385,0.0322698;-1.57527,0.872473,-1.62394
-0.000444556,-0.0177902,0.0324546;-1.60795,0.837409,-1.59058
0.0019991,-0.0168415,0.032157;-1.61105,0.823134,-1.58746
-0.00109276,-0.0280145,0.0338033;-1.48021,1.06445,-1.70304
0.0040482,-0.0310608,0.0386475;-1.14355,1.1802,-1.98584
0.00629783,-0.0326966,0.0394722;-0.973279,1.21108,-2.13055
0.0148503,-0.0191893,0.0294222;-1.56639,1.00534,-1.59841
0.0216966,-0.0159094,0.0292178;-1.60286,0.881233,-1.55647
0.0229777,-0.0159801,0.029196;-1.60649,0.857814,-1.55037
0.0126532,-0.0215397,0.0307584;-1.55981,1.09033,-1.6195
0.0180689,-0.0270074,0.035881;-1.3303,1.24129,-1.84641
0.0323463,-0.0277494,0.0425637;-1.24113,1.35409,-1.93831
0.0354947,-0.0257147,0.0397191;-1.98037,1.17967,-1.24137
0.0320751,-0.0285691,0.034931;-1.74752,1.12849,-1.45812
0.0313538,-0.0315612,0.0351163;-1.7887,1.1012,-1.41471
0.0206911,-0.0380337,0.0365708;-1.53458,1.34279,-1.71616
0.031352,-0.0421766,0.0407695;-2.60741,1.516,-0.615952
0.0474518,-0.043102,0.0466304;2.55176,1.31632,0.498305
0.0355074,-0.0428492,0.0478061;3.08342,1.34215,-0.047859
0.0145065,-0.0359895,0.0329039;-1.51081,1.42634,-1.69816
0.0188619,-0.0297373,0.0300105;-1.60697,1.28865,-1.56013
0.0320195,-0.0316002,0.0296669;-1.57768,1.19283,-1.59051
0.0285771,-0.0357459,0.0340105;-1.36616,1.4037,-1.82926
0.0278416,-0.042006,0.0430109;0.143744,1.39653,2.9493
0.00379569,-0.052954,0.0446318;0.341655,1.28323,2.73837
0.00552266,-0.0502194,0.0402591;0.517324,1.38764,2.56001
0.0118367,-0.0416046,0.0321412;2.32938,1.56664,0.759892
0.0183787,-0.0393055,0.0290874;-1.51404,1.48745,-1.64714
0.0161166,-0.0450348,0.0324328;0.410463,1.52421,2.68473
0.0132167,-0.0526256,0.0387001;0.732737,1.33434,2.37458
0.00883984,-0.0632578,0.0457735;0.683348,1.12298,2.40883
0.0124728,-0.0595065,0.0430595;0.69619,1.22871,2.3783
0.0220256,-0.0538488,0.0359991;1.28408,1.41393,1.77349
0.0288193,-0.0466282,0.0307657;1.54417,1.55103,1.56017
0.0258599,-0.0502678,0.0320148;1.36365,1.48512,1.7255
0.0226684,-0.0567605,0.0383132;0.952221,1.34403,2.12048
0.0161929,-0.0689368,0.0485412;0.783465,1.00942,2.29889
0.0152568,-0.0692438,0.0453757;0.822534,1.05322,2.24434
0.0194787,-0.0678859,0.0413575;1.09183,1.14067,1.96236
0.0281862,-0.0572132,0.0355337;1.5398,1.29724,1.50968
0.0310998,-0.0600479,0.0324913;1.50308,1.28906,1.57958
0.0282957,-0.0651874,0.0362196;1.27688,1.21514,1.79428
0.0343058,-0.0763388,0.045556;1.0743,0.975593,2.0243
0.0320559,-0.0762627,0.0424423;1.04365,1.02026,2.02442
0.0358647,-0.0739181,0.0394448;1.1977,1.10906,1.86297
0.0399864,-0.0657128,0.0308135;1.55891,1.25221,1.54405
0.0416343,-0.0695639,0.0341896;1.53278,1.22628,1.5266
0.0413532,-0.0745852,0.0348692;1.44138,1.15811,1.62011
0.0480949,-0.0859291,0.0420696;1.22849,0.90838,1.86368
0.0488681,-0.0851236,0.0419821;1.28395,0.963727,1.78668
0.0478814,-0.0816831,0.0355467;1.35529,1.02289,1.72588
0.0512869,-0.0760379,0.0287915;1.57377,1.11681,1.55656
0.0511816,-0.0762213,0.0288046;1.5701,1.10462,1.56066
0.0517468,-0.0776782,0.0299928;1.52058,1.08761,1.59233
0.0517468,-0.0776782,0.0299928;1.52058,1.08761,1.59233
0.053326,-0.0850941,0.0359573;1.36774,1.00354,1.71344
0.053326,-0.0850941,0.0359573;1.36774,1.00354,1.71344
