0,0,0.11;-1.57,-2.98023e-08,-1.57
0,0,0.11;-1.57,-2.98023e-08,-1.57
0,0,0.11;-1.57,-2.98023e-08,-1.57
-0.000406488,-0.00290317,0.0286036;-1.57089,-0.221542,-1.56967
-0.000685126,-0.00338263,0.0286173;-1.57066,-0.147243,-1.57261
-6.38133e-05,-0.00533957,0.0291953;-1.56621,-0.0668814,-1.58126
0.00447639,-0.00313255,0.0344308;-1.56403,0.0757212,-1.63827
0.0072864,0.00478057,0.0315259;-1.57336,-0.0549081,-1.61763
0.00866719,0.00838051,0.0291579;-1.59623,-0.117236,-1.57681
0.00895761,0.00745527,0.0286823;-1.57488,-0.145816,-1.57053
0.0093566,0.00877849,0.0290237;-1.56909,-0.09435,-1.5638
0.0114124,0.010876,0.029641;-1.56576,0.0128657,-1.57239
0.0146288,0.01601,0.0314919;-1.54728,0.18241,-1.59998
0.0198248,0.0328281,0.0331141;-1.57772,0.304841,-1.62408
0.0221228,0.0387921,0.032713;-1.57801,0.235834,-1.62339
0.0234272,0.0400117,0.0306887;-1.57569,0.189935,-1.60444
0.0227952,0.0397865,0.0293402;-1.57314,0.169198,-1.58876
0.0232346,0.0387034,0.0295508;-1.56753,0.203264,-1.59116
0.0246682,0.0352426,0.0302178;-1.55073,0.263602,-1.59575
0.0279828,0.0355231,0.0385132;-1.42209,0.358291,-1.65844
0.0302575,0.0341353,0.0369608;-1.5043,0.313385,-1.6481
0.0322129,0.0330178,0.0324992;-1.57272,0.317786,-1.62857
0.0247928,0.0137485,0.0346063;-1.60596,0.236869,-1.62232
0.0184826,0.00533776,0.0353836;-1.51358,0.216014,-1.64737
0.0156522,0.00395297,0.0382899;-1.45206,0.206044,-1.652
0.0165324,0.00759612,0.0401265;-1.39218,0.211386,-1.65574
0.017614,0.014947,0.0397586;-1.37058,0.207056,-1.63628
0.026494,0.035382,0.0300161;-1.55835,0.115382,-1.58907
0.0263825,0.0307592,0.0315459;-1.55959,0.0651739,-1.60656
0.0197732,0.0197053,0.0338323;-1.5468,0.0780225,-1.62838
0.00656382,0.00302986,0.0379459;-1.42948,0.124842,-1.62389
0.00511245,0.0039363,0.0385964;-1.3828,0.167314,-1.60897
0.004438,0.0103358,0.0398468;-1.3714,0.175632,-1.60359
0.00603442,0.0355693,0.0311862;-1.50974,0.161597,-1.57787
0.00578267,0.0365709,0.0291562;-1.54267,0.13251,-1.57402
0.00549613,0.0354767,0.0290572;-1.55499,0.136097,-1.57991
0.00292776,0.0249953,0.0292305;-1.55511,0.258788,-1.58348
0.00423408,0.0215094,0.0307878;-1.52548,0.322161,-1.59025
0.000125196,0.0156756,0.0345585;-1.45765,0.434944,-1.61726
-0.00103328,0.0234848,0.0288417;-1.5573,0.509292,-1.57798
-0.00110275,0.024247,0.0286617;-1.56647,0.478606,-1.57257
-0.00123387,0.0240158,0.028683;-1.56483,0.464222,-1.57176
-0.00169135,0.0215578,0.0287947;-1.57186,0.525435,-1.5815
-0.00339902,0.0156057,0.0297991;-1.56392,0.568997,-1.59054
-0.00484121,0.00740093,0.0296659;-1.54186,0.62521,-1.59109
-0.00569405,0.00921273,0.0289001;-1.55545,0.617965,-1.58263
-0.00611115,0.011477,0.0286321;-1.56824,0.54741,-1.57173
-0.00762839,0.0104748,0.0287256;-1.57089,0.444575,-1.56373
-0.00866655,0.00462453,0.028898;-1.57388,0.342526,-1.56918
-0.00908606,-0.00916788,0.0315996;-1.61006,0.274567,-1.55549
-0.0119648,-0.0341919,0.0357227;-1.66499,0.266011,-1.55083
-0.0110912,-0.0372489,0.02991;-1.58304,0.341555,-1.56
-0.010234,-0.025974,0.0286166;-1.57091,0.427109,-1.56829
-0.0104317,-0.024088,0.0286106;-1.57095,0.484888,-1.56886
-0.011227,-0.0203617,0.0291412;-1.55302,0.366037,-1.58735
-0.00997866,-0.0190607,0.0300105;-1.54554,0.331953,-1.59754
-0.00807943,-0.0244679,0.0321047;-1.52455,0.348482,-1.61168
-0.0097343,-0.0398109,0.0348262;-1.5145,0.265268,-1.626
-0.00945298,-0.0442833,0.0346799;-1.45924,0.285861,-1.61361
-0.00875519,-0.0423235,0.032228;-1.48778,0.319607,-1.60094
-0.00846591,-0.0413029,0.0334872;-1.45999,0.332305,-1.61243
-0.00704344,-0.0449248,0.0333041;-1.45869,0.383353,-1.61708
-0.0031059,-0.0512832,0.0341629;-1.44067,0.448508,-1.62918
-0.00659319,-0.0588109,0.0362147;-1.42258,0.350722,-1.61051
-0.00881406,-0.0595906,0.0358312;-1.42849,0.324984,-1.60084
-0.0108013,-0.0595734,0.0340348;-1.46777,0.293829,-1.59208
-0.00795468,-0.0575862,0.0317047;-1.51174,0.343849,-1.60421
-0.00217622,-0.0644596,0.0341472;-1.52356,0.372833,-1.63797
0.00114298,-0.0705772,0.0363569;-1.51067,0.385833,-1.64952
-0.000531004,-0.0769284,0.0348779;-1.47226,0.204593,-1.61103
-0.00222063,-0.0860136,0.0344524;-1.48996,0.158031,-1.61265
-0.00624088,-0.0891907,0.0329018;-1.52656,0.136348,-1.60564
0.000339133,-0.0828674,0.0304786;-1.56703,0.26451,-1.6023
0.000901317,-0.0839903,0.0300071;-1.57413,0.275432,-1.59306
0.00185225,-0.0842976,0.0292958;-1.57159,0.272916,-1.58062
-4.78864e-05,-0.0994519,0.0330596;-1.52267,0.114549,-1.54463
-0.00612841,-0.108011,0.0319229;-1.52441,0.00494822,-1.55558
-0.0115386,-0.109915,0.0302108;-1.54843,-0.0784792,-1.55551
-0.0118248,-0.10325,0.0289689;-1.58704,-0.0276251,-1.5688
-0.0142861,-0.104741,0.0291743;-1.58712,0.0938726,-1.58134
-0.0146127,-0.108531,0.0313045;-1.57015,0.154011,-1.61566
-0.0138014,-0.111573,0.0329126;-1.554,0.222276,-1.62904
-0.015565,-0.110153,0.0299454;-1.55167,0.171911,-1.58801
-0.0173146,-0.108309,0.0295719;-1.55025,0.0901679,-1.57821
-0.020371,-0.104502,0.0288298;-1.5671,-0.0282228,-1.57901
-0.0197805,-0.106644,0.0290996;-1.57283,0.0029817,-1.58478
-0.0193233,-0.106608,0.0302033;-1.57128,0.0245885,-1.59984
-0.0173902,-0.111148,0.0342815;-1.6268,0.0509982,-1.61223
-0.0177839,-0.108434,0.0356891;-1.70201,0.00154442,-1.58432
-0.0162033,-0.116551,0.0341187;-1.64731,-0.070413,-1.56385
-0.0188331,-0.131673,0.0301895;-1.55363,-0.236486,-1.55264
-0.0201629,-0.130463,0.0296997;-1.54499,-0.239107,-1.56072
-0.0224191,-0.127559,0.0292818;-1.54966,-0.24838,-1.56579
-0.0216892,-0.129055,0.034224;-1.51375,-0.208247,-1.60292
-0.0203485,-0.13073,0.0382905;-1.44582,-0.209359,-1.58311
-0.0211251,-0.132541,0.0385537;-1.41882,-0.192762,-1.57012
-0.0174882,-0.135652,0.0350725;-1.44095,-0.168473,-1.55282
-0.0169376,-0.134958,0.0327655;-1.47851,-0.17542,-1.55544
-0.0173213,-0.136697,0.0346095;-1.44203,-0.186198,-1.54691
-0.0182525,-0.137815,0.0364621;-1.40772,-0.201358,-1.53658
-0.0197028,-0.137447,0.036808;-1.40084,-0.215017,-1.52978
-0.0195591,-0.136633,0.0369099;-1.3971,-0.207757,-1.52654
-0.018857,-0.135706,0.0362353;-1.41922,-0.197083,-1.54061
-0.0188256,-0.134629,0.0341258;-1.44985,-0.19549,-1.5476
-0.0185658,-0.136543,0.035412;-1.42316,-0.205749,-1.54041
-0.018918,-0.136786,0.0370226;-1.39877,-0.213167,-1.53695
-0.0189656,-0.135852,0.0395505;-1.35231,-0.218865,-1.53201
-0.019091,-0.136492,0.0401647;-1.33812,-0.216723,-1.52275
-0.0183692,-0.137318,0.0403243;-1.33253,-0.208581,-1.5145
-0.020419,-0.140241,0.0398338;-1.36666,-0.240228,-1.53957
-0.0218625,-0.140783,0.0408021;-1.33634,-0.216244,-1.52135
-0.0232691,-0.140871,0.0434598;-1.27761,-0.23435,-1.50363
-0.0222475,-0.137631,0.0463256;-1.23834,-0.266582,-1.50001
-0.0247962,-0.133217,0.0460869;-1.27298,-0.30755,-1.52589
-0.0223979,-0.133516,0.0455829;-1.25459,-0.28406,-1.51465
-0.0146098,-0.12815,0.0370404;-1.46499,-0.238407,-1.60174
-0.0174484,-0.126043,0.034339;-1.52559,-0.288249,-1.62012
-0.0184033,-0.129155,0.0357869;-1.53519,-0.295091,-1.64505
-0.0141957,-0.136126,0.0361841;-1.5336,-0.178949,-1.65813
-0.0115337,-0.135472,0.0379106;-1.51194,-0.166442,-1.65942
-0.0134474,-0.131965,0.0384636;-1.50923,-0.200914,-1.65471
-0.012779,-0.121216,0.0377722;-1.56483,-0.27729,-1.69604
-0.0116478,-0.116456,0.0390872;-1.55449,-0.284292,-1.7
-0.0122997,-0.117021,0.0389433;-1.57931,-0.301116,-1.7031
-0.0175395,-0.128874,0.039356;-1.54294,-0.172516,-1.69506
-0.0154836,-0.136228,0.040616;-1.45472,-0.0358169,-1.66044
-0.0167114,-0.131662,0.0422406;-1.37662,0.0381291,-1.61312
-0.0141436,-0.0931314,0.0414476;-1.35384,0.0501077,-1.59239
-0.0151567,-0.0899717,0.0402891;-1.35839,0.011988,-1.57717
-0.0147835,-0.092818,0.0378632;-1.40791,0.0182681,-1.587
-0.0184101,-0.118987,0.0372187;-1.47758,0.00599799,-1.6257
-0.0181349,-0.137751,0.0399726;-1.44235,0.0468423,-1.65195
-0.0180038,-0.143982,0.042961;-1.39765,0.0332852,-1.6593
-0.0258097,-0.139304,0.0460152;-1.3553,-0.0519026,-1.62357
-0.0266264,-0.127114,0.0424712;-1.36167,-0.100307,-1.59831
-0.0275312,-0.117144,0.0394062;-1.39667,-0.140735,-1.57543
-0.0265377,-0.131778,0.0446831;-1.39047,-0.0862455,-1.64956
-0.0242454,-0.135948,0.0455;-1.39732,-0.0547894,-1.67289
-0.0233289,-0.139011,0.0466744;-1.38497,-0.0669637,-1.67709
-0.0297473,-0.133458,0.0499786;-1.32042,-0.157294,-1.66225
-0.0299549,-0.117348,0.0555653;-1.38288,-0.146409,-1.63855
-0.0276579,-0.096618,0.057805;-1.53147,-0.0935888,-1.58769
-0.0295402,-0.0948974,0.056026;-1.4902,-0.103801,-1.61069
-0.0274846,-0.102846,0.0603023;-1.41203,-0.0794121,-1.65493
-0.0229847,-0.114154,0.0621324;-1.32267,-0.0517049,-1.71126
-0.025815,-0.0956951,0.0661501;-1.48926,0.00638904,-1.6111
-0.0218703,-0.0737958,0.0617353;-1.60252,0.034737,-1.54629
-0.0226918,-0.0723384,0.0603814;-1.61849,0.0754132,-1.56157
-0.0253913,-0.0797031,0.0581553;-1.6786,0.118622,-1.54049
-0.0272572,-0.0922956,0.0582514;-1.60632,0.103936,-1.58716
-0.0266834,-0.0959962,0.0613712;-1.56958,0.154147,-1.60348
-0.0325771,-0.0965713,0.0591592;-1.62933,0.188569,-1.53831
-0.0321087,-0.0926995,0.0572617;-1.64109,0.135069,-1.53322
-0.0241422,-0.0839904,0.0511192;-1.71902,0.0924505,-1.49416
-0.0229197,-0.0615486,0.042356;-1.82211,0.311456,-1.46382
-0.0258549,-0.0558189,0.0435909;-1.86893,0.411166,-1.43144
-0.0314818,-0.0625141,0.0473791;-1.95405,0.470401,-1.39128
-0.0389224,-0.0923925,0.0557255;-1.56161,0.420941,-1.5787
-0.036157,-0.0903747,0.0540186;-1.56702,0.359051,-1.57513
-0.0263129,-0.0864663,0.0486283;-1.67481,0.231754,-1.5332
-0.015321,-0.0867963,0.042885;-1.67641,0.238807,-1.57927
-0.0134708,-0.0773306,0.0392628;-1.75259,0.351535,-1.53788
-0.0155322,-0.0732839,0.0408325;-1.76366,0.470659,-1.52254
-0.0419892,-0.107435,0.0496805;-1.29561,0.523612,-1.73799
-0.0553689,-0.115904,0.0474863;-1.20157,0.483412,-1.77587
-0.0570531,-0.114571,0.0479715;-1.21957,0.445091,-1.76237
-0.0584737,-0.12403,0.0457097;-1.3038,0.448436,-1.76046
-0.0532524,-0.125343,0.0456743;-1.29672,0.519769,-1.78916
-0.0438235,-0.119826,0.0484669;-1.39327,0.65117,-1.73087
-0.0401119,-0.109937,0.0569459;-1.49602,0.683093,-1.64392
-0.0378422,-0.104238,0.0587104;-1.49558,0.68739,-1.63666
-0.0367476,-0.102619,0.058469;-1.5183,0.69132,-1.61941
-0.0399709,-0.110091,0.0590431;-1.42109,0.532404,-1.70306
-0.0411874,-0.113836,0.0569712;-1.3708,0.56223,-1.77317
-0.0435469,-0.112417,0.0545999;-1.38202,0.591939,-1.77583
-0.0483068,-0.11382,0.052665;-1.38417,0.647221,-1.76104
-0.054575,-0.113045,0.0543948;-1.37993,0.678587,-1.75393
-0.0614834,-0.108667,0.0544316;-1.40766,0.799916,-1.72797
-0.0570636,-0.10109,0.0577067;-1.56083,0.722652,-1.59134
-0.0536917,-0.109128,0.0566025;-1.4849,0.678517,-1.6676
-0.0573692,-0.110109,0.0574456;-1.40565,0.687965,-1.75007
-0.0573692,-0.110109,0.0574456;-1.40565,0.687965,-1.75007
-0.0614023,-0.110543,0.0561665;-1.4019,0.676606,-1.74145
-0.0614023,-0.110543,0.0561665;-1.4019,0.676606,-1.74145
