0,0,0.11;-1.57,-2.98023e-08,-1.57
0,0,0.11;-1.57,-2.98023e-08,-1.57
0,0,0.11;-1.57,-2.98023e-08,-1.57
-0.00125163,-0.00208645,0.0286317;-1.5706,-0.29438,-1.56827
-4.10188e-05,-0.000184728,0.0285939;-1.57036,-0.193968,-1.57037
0.000748605,0.00294787,0.0295366;-1.55585,-0.0374908,-1.5648
0.00116234,-0.00483431,0.0335155;-1.48211,0.11754,-1.57653
-0.00323178,0.000786463,0.0285798;-1.57079,-0.148979,-1.5707
-0.00304319,2.07696e-05,0.028647;-1.57119,-0.273143,-1.56753
-0.00364083,-0.00262352,0.0286184;-1.57008,-0.391589,-1.56895
-0.00291708,-0.00429354,0.0287142;-1.57019,-0.184446,-1.5779
-0.000789904,-0.00937948,0.0308642;-1.53991,-0.02077,-1.57733
0.00229275,-0.0172188,0.0364846;-1.43469,0.166083,-1.5881
0.00259276,-0.0194191,0.0328516;-1.50259,0.125855,-1.58808
-0.00227545,-0.0135134,0.0290089;-1.57047,-0.0299338,-1.59092
-0.00379961,-0.0104737,0.0289075;-1.57639,-0.147261,-1.58202
-0.00338304,-0.00851047,0.028925;-1.56975,-0.176162,-1.58757
-0.00031458,-0.0070782,0.0306309;-1.56479,-0.0588043,-1.59791
0.00271722,0.00179898,0.0374416;-1.59546,0.133851,-1.59191
0.00161406,-0.00554946,0.0385216;-1.57466,0.317083,-1.59765
-0.000193072,-0.0182919,0.0327057;-1.48574,0.212406,-1.59913
-0.00499573,-0.0140925,0.028905;-1.5705,0.0781128,-1.58628
-0.00832142,-0.010621,0.0285787;-1.57098,-0.181895,-1.57079
-0.00744023,-0.0107721,0.028717;-1.56495,-0.130381,-1.5712
-0.00349208,-0.0142698,0.0310224;-1.53401,0.0305736,-1.57751
-0.000175363,-0.0206997,0.03543;-1.45168,0.26113,-1.60158
-7.97585e-06,-0.0209378,0.0322533;-1.49448,0.256734,-1.59108
-0.00431679,-0.0133905,0.0285947;-1.57071,0.0305,-1.57147
-0.00421147,-0.013055,0.0286396;-1.5712,0.0201155,-1.56755
-0.00373692,-0.0122159,0.0285823;-1.57067,0.0734924,-1.57086
0.00108345,-0.00875793,0.0333997;-1.48762,0.330393,-1.59564
0.00279053,-0.00877804,0.0369132;-1.45153,0.512908,-1.61683
0.00468911,-0.0138069,0.0340542;-1.45894,0.512016,-1.63114
-0.00192617,-0.00500756,0.0287777;-1.57055,0.212745,-1.58017
-0.00162174,-0.00341184,0.0286108;-1.57077,0.144657,-1.57226
-0.00140171,-0.00307636,0.028593;-1.57088,0.146984,-1.56992
0.00395362,-0.00483406,0.0307477;-1.53211,0.367393,-1.58616
0.00800012,-0.0033016,0.0353154;-1.46979,0.565653,-1.61419
0.011199,-0.0029834,0.0349663;-1.44721,0.656987,-1.64258
0.00881206,0.00111007,0.0296859;-1.53576,0.488014,-1.59251
0.007002,0.00678827,0.0286986;-1.56832,0.330668,-1.57516
0.00639934,0.00888555,0.02858;-1.57098,0.222131,-1.57063
0.00865159,0.00545959,0.0294039;-1.54774,0.419992,-1.58603
0.011924,0.00554862,0.0331041;-1.48263,0.599081,-1.6199
0.0133982,0.00464556,0.0368018;-1.44541,0.773589,-1.64536
0.0114236,-0.00354667,0.0321057;-1.48948,0.643026,-1.6298
0.0101508,0.00407234,0.0290007;-1.55646,0.520545,-1.58603
0.00964808,0.00706507,0.0286418;-1.56935,0.426465,-1.57307
0.0114576,0.00409302,0.0293255;-1.54117,0.586588,-1.59529
0.0135257,0.00309317,0.0327498;-1.483,0.70995,-1.63171
0.0137388,0.000843009,0.0362075;-1.42917,0.91147,-1.67116
0.0138847,-0.00578394,0.0328124;-1.4627,0.849327,-1.6681
0.0128913,-0.00089809,0.0305719;-1.52154,0.769159,-1.61806
0.0117993,0.00393753,0.0289675;-1.55334,0.670522,-1.5895
0.0114211,0.00265348,0.029113;-1.54824,0.727844,-1.59301
0.0117296,0.000755293,0.0310541;-1.52242,0.875116,-1.61821
0.010724,-0.000165395,0.0343338;-1.52127,1.00763,-1.61993
0.0232811,0.00205169,0.03487;-1.56307,1.01087,-1.64745
0.0233042,-0.00246691,0.0361133;-1.56208,0.91247,-1.68376
0.0184721,-0.00503642,0.0382817;-1.56823,0.789039,-1.69278
0.000232617,-0.00351489,0.0361585;-1.59687,0.635887,-1.64299
-0.00184557,-0.00364442,0.0387967;-1.64058,0.736529,-1.58062
-0.00041852,9.66392e-05,0.0417223;-1.6584,0.878316,-1.56209
0.00373364,0.00295294,0.0408798;-1.66661,1.1001,-1.58264
0.0060057,0.00571209,0.0418164;-1.67823,1.07716,-1.58644
0.0044994,0.00137245,0.0374358;-1.56443,0.989915,-1.69816
-0.00065732,0.000805606,0.0377275;-1.55643,0.677253,-1.70293
0.00340747,0.00548961,0.0319689;-1.55524,0.734416,-1.63227
0.00622537,0.00991952,0.0346485;-1.55353,0.88389,-1.62324
0.00837434,0.0108046,0.0393205;-1.5111,1.14259,-1.64935
0.00875463,0.0129011,0.0414328;-1.58492,1.12277,-1.61059
-0.00033267,0.00625741,0.0314528;-1.52653,1.05201,-1.65502
-0.00176259,0.0146321,0.0288624;-1.56028,0.828142,-1.58486
-0.000856446,0.0142971,0.0292747;-1.5394,0.850956,-1.60783
7.4435e-05,0.0135029,0.03091;-1.51144,0.922539,-1.63046
0.00102388,0.0141009,0.0367638;-1.38627,1.25242,-1.74064
0.00188754,0.014607,0.0387324;-1.39817,1.29047,-1.74369
0.002255,0.00996827,0.0309773;-1.39632,1.25839,-1.7413
0.00811533,0.0212168,0.0288279;-1.56387,1.01877,-1.58502
0.00862564,0.0218099,0.0288202;-1.57082,1.02266,-1.58224
0.00901732,0.0220579,0.0289834;-1.59426,1.03991,-1.55801
0.0102707,0.0255908,0.0371273;-1.81096,1.3118,-1.38468
0.0126473,0.0234875,0.0408373;-1.87805,1.36959,-1.33984
0.0142271,0.0230031,0.0360387;-1.84114,1.41491,-1.37854
0.00542419,0.0227071,0.0317951;-1.66012,1.46447,-1.52731
0.00404945,0.0236303,0.0307721;-1.69642,1.48124,-1.47797
0.00977177,0.0235216,0.0316792;-1.86236,1.40754,-1.30079
0.0297306,0.0307199,0.0374374;-2.87401,1.45684,-0.315525
0.0310438,0.0315748,0.0373934;2.17457,1.43739,0.906339
0.0286566,0.0288481,0.0344294;1.78132,1.41866,1.29945
0.0149393,0.0266005,0.028817;1.57196,1.36784,1.5583
0.0151008,0.0282072,0.0288601;1.47454,1.45056,1.66798
0.0123065,0.0300643,0.0287918;-1.62313,1.56328,-1.50836
0.0293143,0.0309654,0.0378216;0.937097,1.39717,2.22802
0.0376964,0.0276833,0.03524;1.26901,1.30128,1.87314
0.0429817,0.0278013,0.0318415;1.4467,1.22843,1.66926
0.044067,0.0297476,0.0288808;1.55679,1.31851,1.57347
0.0477169,0.0330832,0.0285597;1.58114,1.52173,1.56098
0.0483462,0.0332432,0.0287272;-1.15446,1.55936,-1.98948
0.0510424,0.0327198,0.0295433;-1.05827,1.53904,-2.08591
0.0548512,0.0274037,0.0413385;1.47712,1.3028,1.64371
0.0545735,0.0222272,0.0411615;1.57894,1.23757,1.5077
0.0605494,0.0213745,0.0355245;1.69883,1.22922,1.37945
0.0531027,0.0312583,0.0309281;1.59104,1.14119,1.51677
0.0501195,0.0352347,0.0302927;1.61706,1.09135,1.50905
0.0459576,0.0407289,0.0334441;1.69021,1.0107,1.4387
0.0561821,0.0356067,0.0404092;1.75843,0.820618,1.35995
0.0572124,0.0314679,0.0413044;1.73611,0.761702,1.36572
0.0551578,0.0271325,0.0402626;1.71389,0.802445,1.37392
0.0488012,0.0331973,0.0361712;1.60459,0.787382,1.45197
0.0468994,0.038841,0.0321159;1.60051,0.783894,1.50784
0.0454022,0.0438264,0.0299526;1.60892,0.746675,1.53383
0.0456558,0.0477174,0.0394367;1.5533,0.500654,1.5743
0.0464299,0.0401736,0.0386464;1.58003,0.378085,1.54158
0.0463907,0.0361433,0.0334873;1.59401,0.338213,1.50686
0.0391588,0.0458496,0.0290748;1.56455,0.30149,1.55931
0.039062,0.0486329,0.0289732;1.56155,0.311639,1.56367
0.0407611,0.0483511,0.0289623;1.55306,0.37394,1.57585
0.0403876,0.0474792,0.0369069;1.4318,0.326862,1.63037
0.0390568,0.0399381,0.0377172;1.45356,0.189465,1.61409
0.0375343,0.0302169,0.0342163;1.55311,0.0848214,1.54174
0.0341237,0.0321672,0.0292396;1.57301,0.259855,1.55357
0.0346596,0.031949,0.0287931;1.5712,0.280295,1.5611
0.0355318,0.0314012,0.0286082;1.57163,0.315925,1.56838
0.0309361,0.0366882,0.0326535;1.50696,0.169673,1.57997
0.0242596,0.0399982,0.037243;1.42414,-0.00609184,1.58409
0.0172538,0.037835,0.0358659;1.43524,-0.0757974,1.56545
0.0176217,0.0370732,0.0345671;1.52638,0.0911815,1.51708
0.0221078,0.0400178,0.0319247;1.567,0.180811,1.5205
0.0267834,0.036794,0.0297712;1.57342,0.268638,1.54656
0.0239676,0.0396574,0.0309412;1.53712,0.153061,1.56585
0.0192441,0.0439942,0.0346738;1.46313,-0.0348603,1.57407
0.0144586,0.0382963,0.0372679;1.43423,-0.174247,1.56826
0.00709289,0.0340025,0.035471;1.46594,-0.0583367,1.53291
0.0132317,0.0346891,0.0350238;1.53082,0.0506373,1.50953
0.0204042,0.0338554,0.0319968;1.56922,0.168642,1.51868
0.0219259,0.0372226,0.0303022;1.54601,0.11622,1.55831
0.0167711,0.0406542,0.0331656;1.4894,-0.0396386,1.56653
0.0119644,0.0364903,0.0365915;1.44675,-0.185085,1.56857
0.00203142,0.0302986,0.0353941;1.46733,-0.123372,1.52324
0.00465819,0.029454,0.0346788;1.52008,-0.0283306,1.51582
0.0117438,0.033274,0.0315727;1.5684,0.0791464,1.52357
0.0172063,0.0306089,0.0307747;1.54242,0.136266,1.54824
0.0160936,0.0233625,0.0354757;1.4893,0.108093,1.53946
0.0135359,0.00917156,0.0432169;1.52471,0.0391461,1.5342
-0.0011386,-0.00764384,0.0416388;1.61022,-0.0135026,1.48778
-0.0019263,-0.0034568,0.0382741;1.61588,0.000716567,1.4714
0.00186743,0.0127494,0.0368324;1.58237,-0.0163161,1.46706
0.0143866,0.0308348,0.0334721;1.55345,0.0968367,1.50228
0.0182181,0.0251124,0.0375562;1.52246,0.123552,1.50486
0.0169913,0.00732934,0.0485693;1.56817,0.0840125,1.5148
-0.00486256,-0.0222207,0.047376;1.6231,-0.058373,1.49557
-0.0117951,-0.0278938,0.0406614;1.67477,-0.129546,1.48939
-0.00794494,-0.024904,0.0414354;1.69945,-0.234995,1.5103
0.00825274,0.00646161,0.036508;1.57599,-0.297646,1.47846
0.0174552,0.0154581,0.0385318;1.52345,-0.266318,1.48562
0.0244746,0.0106933,0.045958;1.54474,-0.265232,1.49963
0.0232747,-0.0230989,0.0552391;1.61085,-0.312858,1.49584
0.0202278,-0.0321113,0.0451318;1.62837,-0.258121,1.50329
0.0143184,-0.0362507,0.0333097;1.59036,-0.252965,1.51662
0.0306899,-0.0151929,0.0300514;1.56924,-0.434212,1.54299
0.032332,-0.0110166,0.0293699;1.54398,-0.477724,1.55188
0.0309927,-0.0105946,0.0315874;1.50427,-0.532123,1.54285
0.0223718,-0.0143431,0.0357811;1.41484,-0.754329,1.48085
0.0240376,-0.0102764,0.034543;1.42928,-0.672141,1.47503
0.0240547,-0.0110917,0.0341452;1.49063,-0.582011,1.4858
0.0334472,-0.022015,0.0313835;1.56857,-0.364544,1.52537
0.0333331,-0.0239404,0.0302158;1.55971,-0.358397,1.53947
0.032532,-0.0232855,0.0312237;1.53293,-0.410706,1.53602
0.0189482,-0.0360482,0.0424402;1.47396,-0.565368,1.48764
0.0069033,-0.0434876,0.0460089;1.54674,-0.596034,1.51509
0.00409163,-0.0389625,0.037597;1.58707,-0.556091,1.50512
0.026323,-0.0193883,0.0322904;1.5663,-0.568203,1.51127
0.0302734,-0.0181529,0.0302845;1.56168,-0.571654,1.53762
0.0313761,-0.0182339,0.0311241;1.52069,-0.576107,1.52627
0.0271617,-0.0124867,0.036531;1.37628,-0.80991,1.44371
0.0219619,-0.00942025,0.0383809;1.31961,-0.903082,1.3997
0.0176714,-0.0110194,0.0343621;1.39792,-0.902736,1.42327
0.021616,-0.0208739,0.0331016;1.54285,-0.69964,1.49866
0.0235834,-0.0298786,0.0309927;1.55042,-0.59953,1.5289
0.0249332,-0.0316417,0.0305504;1.53592,-0.594879,1.53322
0.0249332,-0.0316417,0.0305504;1.53592,-0.594879,1.53322
0.0261766,-0.0280093,0.0330747;1.47172,-0.70002,1.5033
0.0261766,-0.0280093,0.0330747;1.47172,-0.70002,1.5033
