0,0,0.11;-1.57,-2.98023e-08,-1.57
0,0,0.11;-1.57,-2.98023e-08,-1.57
0,0,0.11;-1.57,-2.98023e-08,-1.57
-0.000605018,-0.000388074,0.0286063;-1.57039,-0.24425,-1.56936
0.000269768,0.00172624,0.0288145;-1.56599,-0.197493,-1.56283
0.00337607,0.0135356,0.0302662;-1.56777,-0.0793242,-1.5431
0.00154744,0.0253614,0.0330715;-1.58816,0.0309583,-1.51
0.00218997,0.0162036,0.0287644;-1.56208,-0.0787748,-1.56679
0.00169748,0.0159189,0.0286562;-1.57079,-0.13085,-1.57452
0.00203924,0.0169046,0.0289774;-1.58672,-0.159572,-1.57682
0.0052334,0.0247932,0.0298766;-1.58393,-0.214807,-1.59663
0.00864976,0.0366131,0.0306811;-1.55781,-0.212961,-1.59256
0.0140432,0.0621893,0.033497;-1.56675,-0.165234,-1.55852
0.0159678,0.0912129,0.0342917;-1.64622,-0.164241,-1.55982
0.0200245,0.0887323,0.0296422;-1.60047,-0.237223,-1.5822
0.0203928,0.0881882,0.0291704;-1.5874,-0.265706,-1.58766
0.0202707,0.0857064,0.0287426;-1.57052,-0.215932,-1.57855
0.0197399,0.0863564,0.0290865;-1.56703,-0.175145,-1.57352
0.0191136,0.0917416,0.0311124;-1.58877,-0.0996849,-1.54403
0.0167644,0.10156,0.0344621;-1.62556,0.00682696,-1.52552
0.0197416,0.105577,0.0311811;-1.59184,-0.0340758,-1.54892
0.0208674,0.101287,0.0286258;-1.56905,-0.084327,-1.57165
0.0198337,0.102063,0.0286163;-1.57085,-0.25312,-1.57259
0.0197279,0.102479,0.0286232;-1.57198,-0.240754,-1.56885
0.0196026,0.10323,0.0287033;-1.57075,-0.224422,-1.56478
0.0198327,0.107141,0.0293782;-1.56796,-0.184462,-1.57141
0.0205522,0.107718,0.0291955;-1.5741,-0.209277,-1.58358
0.0199964,0.108647,0.0289754;-1.58883,-0.283102,-1.57779
0.0204473,0.108892,0.0287307;-1.57552,-0.331538,-1.57512
0.0193669,0.106809,0.0287615;-1.57091,-0.261843,-1.57956
0.0180761,0.107301,0.0293357;-1.57597,-0.193989,-1.55751
0.0182659,0.109042,0.0317607;-1.57908,-0.187759,-1.52812
0.0207917,0.105127,0.0313303;-1.57427,-0.233175,-1.53581
0.0179051,0.0970473,0.0296083;-1.53854,-0.307904,-1.55655
0.017145,0.0929934,0.0291986;-1.54549,-0.355228,-1.55556
0.0170026,0.0921945,0.028934;-1.55972,-0.380787,-1.55991
0.0166232,0.0943586,0.0288955;-1.57174,-0.288777,-1.56431
0.0156085,0.096388,0.0297331;-1.56838,-0.249174,-1.56285
0.0166218,0.0986789,0.0334335;-1.56601,-0.265782,-1.57758
0.0204702,0.0873413,0.0302609;-1.57121,-0.497036,-1.6009
0.0208626,0.0894546,0.0311684;-1.62095,-0.526846,-1.61068
0.0213185,0.0900975,0.0306073;-1.61562,-0.545137,-1.60251
0.023387,0.0985433,0.0317247;-1.65613,-0.57474,-1.6192
0.0220377,0.0999752,0.0333972;-1.67847,-0.560638,-1.62106
0.0194209,0.101148,0.035029;-1.70434,-0.533203,-1.62679
0.0240773,0.0840219,0.0289435;-1.55049,-0.655727,-1.55677
0.0228089,0.0761641,0.0289701;-1.54605,-0.704014,-1.5535
0.0224336,0.0760631,0.0290597;-1.5539,-0.697233,-1.54977
0.0219232,0.085476,0.0294147;-1.55101,-0.578198,-1.54332
0.0162786,0.0971198,0.0300489;-1.57933,-0.453057,-1.54821
0.00878302,0.103087,0.0307484;-1.57504,-0.339261,-1.5417
0.0164971,0.101784,0.0307868;-1.51361,-0.550922,-1.55088
0.0105628,0.103455,0.0290288;-1.56088,-0.675617,-1.57852
0.00917007,0.105113,0.0286448;-1.57127,-0.774854,-1.57446
0.00495663,0.108503,0.0306577;-1.57565,-0.592257,-1.54655
0.00146942,0.112068,0.0325398;-1.62174,-0.453826,-1.56325
-0.00612326,0.118227,0.0353128;-1.6967,-0.327582,-1.59916
-0.00329928,0.117403,0.0326472;-1.65023,-0.329822,-1.61168
-0.00378451,0.109821,0.0308136;-1.56571,-0.354225,-1.61022
-0.00485504,0.106423,0.0297201;-1.58115,-0.351661,-1.59284
-0.00495991,0.105066,0.0291642;-1.55361,-0.336828,-1.55281
-0.00359724,0.112051,0.0300873;-1.54735,-0.264418,-1.5522
-0.00563093,0.123714,0.0330587;-1.54175,-0.15758,-1.53372
-0.00330111,0.133341,0.0316879;-1.5365,-0.0886709,-1.58658
-0.00445503,0.133051,0.031294;-1.53435,-0.138345,-1.59014
-0.00573868,0.136335,0.0295972;-1.5669,-0.187625,-1.5947
-0.00759399,0.138427,0.0286662;-1.57011,-0.245178,-1.57466
-0.00718702,0.139319,0.0289265;-1.56587,-0.205969,-1.55723
-0.00696098,0.143557,0.031071;-1.57214,-0.163134,-1.53071
-0.00360799,0.172364,0.0355935;-1.69786,-0.0609741,-1.56777
-3.20835e-05,0.176265,0.0347317;-1.68923,-0.103416,-1.5942
0.00342144,0.179351,0.0329468;-1.60571,-0.193552,-1.62034
0.00580865,0.184039,0.0290823;-1.58782,-0.349428,-1.58476
0.00531275,0.183835,0.0286248;-1.56948,-0.304735,-1.56688
0.00426176,0.187421,0.0303778;-1.56205,-0.235707,-1.53701
0.00199879,0.198089,0.0346504;-1.55919,-0.0614263,-1.49786
0.00695042,0.197102,0.0325876;-1.53242,-0.0718227,-1.53585
0.00978805,0.19827,0.0291731;-1.55514,-0.0785179,-1.57432
0.0039441,0.203362,0.0285966;-1.57015,-0.300662,-1.5709
0.00388179,0.203762,0.0286344;-1.57082,-0.351636,-1.56764
0.00400012,0.204787,0.0294372;-1.55433,-0.352158,-1.54823
0.00313626,0.212645,0.0336474;-1.56705,-0.299272,-1.49725
0.0095315,0.212665,0.034593;-1.60297,-0.324344,-1.56597
0.0147923,0.205144,0.0321309;-1.58189,-0.345482,-1.62198
0.0114229,0.191536,0.034846;-1.59411,-0.257942,-1.64966
0.0103444,0.186036,0.0326904;-1.57506,-0.172962,-1.63354
0.00942636,0.182931,0.0309144;-1.58096,-0.0966423,-1.6037
0.00724844,0.185121,0.0368141;-1.54977,0.0568544,-1.53535
0.00781111,0.182746,0.0363576;-1.49385,0.0493908,-1.5494
0.00759352,0.178629,0.0345266;-1.44859,0.00689506,-1.57345
0.00466129,0.17967,0.0313288;-1.55279,-0.0376252,-1.60856
0.00429797,0.182055,0.0307258;-1.54901,-0.0494667,-1.59819
0.0031031,0.186671,0.0290882;-1.55758,-0.0863099,-1.58073
0.00341355,0.192754,0.0313421;-1.56284,-0.0107152,-1.53141
0.00357019,0.193803,0.0311709;-1.5735,0.00223148,-1.52567
0.00405895,0.194981,0.0319609;-1.55095,0.0220859,-1.53126
0.00589632,0.190017,0.0298488;-1.56765,-0.00191277,-1.5981
0.0039716,0.185189,0.029415;-1.5709,-0.00919176,-1.58931
0.0043772,0.187227,0.029006;-1.5649,-0.018197,-1.58537
0.00581957,0.191381,0.0288044;-1.57814,0.0341681,-1.57401
0.00416386,0.227084,0.0370863;-1.71334,0.129268,-1.54264
0.00803191,0.217713,0.0392883;-1.66095,0.0808612,-1.56344
0.00920353,0.19276,0.0368013;-1.43231,0.0597772,-1.60126
0.00410931,0.195503,0.0300672;-1.56243,-0.00355334,-1.59586
0.00467031,0.197695,0.0294662;-1.55444,-0.0222827,-1.58974
0.00627279,0.197827,0.0290933;-1.55529,0.0198656,-1.58037
0.0112122,0.224842,0.0371353;-1.46467,0.19616,-1.55125
0.0178514,0.238015,0.0361167;-1.46736,0.153469,-1.58019
0.0212491,0.236397,0.0379358;-1.42319,0.115356,-1.61537
0.0176466,0.225164,0.0419246;-1.40249,0.0570007,-1.63977
0.0163226,0.214493,0.0410026;-1.37033,0.0626993,-1.62326
0.0164771,0.215198,0.0386562;-1.41172,0.0587175,-1.61851
0.0139439,0.22245,0.0363699;-1.46544,0.0543182,-1.57545
0.0159783,0.224943,0.0393425;-1.4651,0.0743947,-1.59884
0.0193998,0.222764,0.0402614;-1.38881,0.0855566,-1.63111
0.0124082,0.228169,0.0400608;-1.42031,0.0836824,-1.63364
0.00752395,0.230247,0.0410105;-1.37408,0.0789128,-1.61521
0.00658706,0.23363,0.0377969;-1.39285,0.0817385,-1.59215
0.00836409,0.246089,0.0327024;-1.626,0.00846474,-1.54838
0.00925219,0.25375,0.0316909;-1.62376,0.055117,-1.55403
0.0103806,0.258942,0.0299903;-1.58716,0.0817391,-1.56794
0.00974522,0.253078,0.0347579;-1.49186,0.0562429,-1.60878
0.00678347,0.248983,0.0346378;-1.47837,0.0178194,-1.59748
0.00489496,0.249518,0.0347827;-1.45542,0.00907562,-1.58437
0.00559241,0.248792,0.0330124;-1.55253,-0.0492038,-1.51234
0.00565828,0.250732,0.033408;-1.57965,-0.0210863,-1.4984
0.00739753,0.251562,0.0327715;-1.55487,-0.0135891,-1.52225
0.0104365,0.244411,0.0373801;-1.42868,-0.000805974,-1.60061
0.0089507,0.248325,0.0382412;-1.40623,0.000806421,-1.59114
0.00123201,0.250119,0.03962;-1.37858,0.0189409,-1.57961
-0.009389,0.252901,0.039862;-1.42662,0.072227,-1.53729
-0.00730581,0.255745,0.0357629;-1.54143,0.0410135,-1.48962
-0.00452176,0.257366,0.0327723;-1.58747,0.0454543,-1.51078
-0.00352948,0.255587,0.0323562;-1.48646,0.0750408,-1.58069
-0.00478135,0.253453,0.0346369;-1.45187,0.0850774,-1.58487
-0.0068134,0.252775,0.035752;-1.43535,0.0694617,-1.58043
-0.0123212,0.254215,0.0371899;-1.42289,0.0640441,-1.55896
-0.0102074,0.254677,0.0396947;-1.46568,0.0459268,-1.50065
-0.00601925,0.256853,0.0379057;-1.54669,0.0160286,-1.47217
0.00567135,0.256156,0.0309027;-1.52793,0.0126839,-1.56414
0.00455322,0.252944,0.0338637;-1.47006,0.0166349,-1.58532
0.00535501,0.2492,0.0363866;-1.4381,0.0557552,-1.60129
-0.00222112,0.252935,0.0370091;-1.40196,0.0286745,-1.57249
-0.00404962,0.257608,0.0377753;-1.46104,0.00556198,-1.50939
-0.00254187,0.260464,0.0389827;-1.52554,-0.00224006,-1.45524
0.0177666,0.264004,0.0313556;-1.53533,-0.0874314,-1.54689
0.0164552,0.25426,0.0337807;-1.46925,-0.157126,-1.56362
0.0163789,0.252874,0.0351771;-1.44863,-0.135632,-1.57341
0.00151162,0.257686,0.0396593;-1.36487,-0.0410067,-1.57321
-0.0083237,0.263236,0.0406547;-1.43779,-0.0183679,-1.51278
-0.0106517,0.266635,0.0412369;-1.5084,-0.0102665,-1.45797
-0.00129994,0.255939,0.0373799;-1.47439,-0.00966245,-1.5152
0.00240996,0.240162,0.0337149;-1.46462,-0.0822736,-1.56685
0.00483074,0.236454,0.0304903;-1.53458,-0.0468864,-1.57985
0.00619374,0.237415,0.035114;-1.4757,-0.0236067,-1.60432
0.000383103,0.241036,0.0358358;-1.43266,-0.00550708,-1.57856
-0.00434219,0.249629,0.0378628;-1.48158,0.0105181,-1.54288
0.000531839,0.266629,0.0434656;-1.57854,0.0290311,-1.54685
0.00304766,0.249692,0.0467518;-1.48396,-0.0184674,-1.5964
0.00108002,0.228021,0.0437674;-1.38393,-0.107215,-1.6355
0.00438715,0.216561,0.0435818;-1.40923,-0.0836295,-1.65127
0.002159,0.219579,0.0447683;-1.37899,-0.114279,-1.63954
0.000652639,0.224094,0.0460351;-1.31113,-0.104072,-1.60963
-0.00314743,0.230763,0.0482183;-1.18659,-0.0344247,-1.57453
-0.00152603,0.230127,0.0465943;-1.25471,-0.0276174,-1.59321
-0.000115159,0.229489,0.0446836;-1.33372,-0.0342757,-1.62064
0.0078206,0.230272,0.0390584;-1.51323,0.0122641,-1.67918
0.00727631,0.230354,0.0411419;-1.47509,0.00858687,-1.68509
0.0066365,0.237658,0.0411029;-1.43604,-0.0176164,-1.65663
-0.000241735,0.276576,0.035639;-1.65551,0.186521,-1.50757
0.00268246,0.276853,0.0367766;-1.69056,0.137532,-1.51815
0.00563806,0.270317,0.0335985;-1.65633,0.139389,-1.57233
0.00370235,0.237799,0.0371038;-1.58256,0.122273,-1.67586
0.00359364,0.227722,0.0389683;-1.51446,0.156445,-1.69054
0.00155907,0.22504,0.0431524;-1.41103,0.161063,-1.68675
-0.00762711,0.223668,0.0422297;-1.288,0.186467,-1.62077
-0.00865619,0.226178,0.041188;-1.31456,0.172227,-1.61171
-0.00900981,0.228896,0.0398602;-1.35837,0.147459,-1.61531
-0.00639308,0.222939,0.0392316;-1.44584,0.144824,-1.65402
-0.00351121,0.21949,0.0373385;-1.48491,0.206772,-1.65793
-0.00338407,0.219963,0.0375227;-1.46991,0.220353,-1.65201
-0.00338407,0.219963,0.0375227;-1.46991,0.220353,-1.65201
-0.00291049,0.224739,0.0362367;-1.4699,0.190369,-1.63522
-0.00291049,0.224739,0.0362367;-1.4699,0.190369,-1.63522
