0,0,0.11;-1.57,-2.98023e-08,-1.57
0,0,0.11;-1.57,-2.98023e-08,-1.57
0,0,0.11;-1.57,-2.98023e-08,-1.57
-0.00130922,-0.00363485,0.0287447;-1.5662,-0.24266,-1.56559
-0.000826859,-0.00140232,0.0287173;-1.57048,-0.192853,-1.56457
0.000858874,0.00828069,0.0294562;-1.57177,-0.0856188,-1.55825
-0.000410754,0.0176578,0.0311735;-1.58711,0.0179664,-1.54829
0.000451813,0.00818371,0.0286893;-1.56996,-0.152923,-1.56594
-0.00016814,0.00538766,0.0287119;-1.57083,-0.268486,-1.56438
-0.000467085,0.00352503,0.0286858;-1.57077,-0.344386,-1.56559
0.000288451,0.0065015,0.0286829;-1.57074,-0.257465,-1.56609
0.0020081,0.0156882,0.0291488;-1.56966,-0.158358,-1.56122
0.000885025,0.0301578,0.0322333;-1.60891,-0.0399666,-1.54579
0.00601668,0.0300189,0.0293931;-1.57601,-0.140377,-1.5586
0.00621188,0.025911,0.0286835;-1.57068,-0.239104,-1.56572
0.00441866,0.0230843,0.0286395;-1.56891,-0.333267,-1.56878
0.00599046,0.0261387,0.028577;-1.57112,-0.204414,-1.57026
0.0071503,0.029464,0.028928;-1.56022,-0.118251,-1.56566
0.00784172,0.0432905,0.0307516;-1.55504,-0.0284518,-1.56155
0.00807557,0.0608273,0.0327687;-1.64306,-0.0690579,-1.57534
0.0141527,0.0580354,0.030802;-1.62221,-0.183348,-1.58289
0.0168183,0.0565983,0.0286664;-1.57018,-0.289314,-1.57526
0.0171117,0.0567649,0.028821;-1.57738,-0.343736,-1.57821
0.014666,0.0549278,0.029475;-1.60378,-0.252373,-1.58034
0.00988045,0.0563572,0.0329003;-1.65782,-0.1015,-1.58467
0.00690089,0.061039,0.0361246;-1.71773,-0.0176945,-1.58358
0.00897256,0.0590639,0.0336118;-1.66894,-0.0546692,-1.58694
0.0140584,0.0616847,0.0293515;-1.59958,-0.236814,-1.58331
0.0136193,0.0613546,0.0292645;-1.60092,-0.222659,-1.58163
0.0118711,0.059127,0.0292631;-1.59501,-0.153939,-1.58361
0.0118121,0.0712267,0.0342973;-1.68903,0.0053744,-1.57227
0.00955005,0.0791677,0.0371939;-1.74329,0.0833473,-1.56149
0.0116688,0.0794112,0.0353106;-1.70822,0.0433663,-1.56875
0.013433,0.0707936,0.028742;-1.57187,-0.0771522,-1.57722
0.0134123,0.0711978,0.0289735;-1.58733,-0.0939502,-1.57497
0.0123283,0.0703656,0.0288326;-1.58121,-0.0323248,-1.5729
0.0136991,0.0735525,0.0289335;-1.5667,0.0440466,-1.57099
0.016725,0.0952962,0.0306434;-1.58525,0.128343,-1.56165
0.0185913,0.108685,0.031753;-1.61391,0.110268,-1.56005
0.022543,0.102103,0.0285467;-1.57016,-0.118545,-1.57168
0.0209786,0.101248,0.0286198;-1.56877,-0.175257,-1.57044
0.0208957,0.101284,0.0285808;-1.57071,-0.181663,-1.57066
0.022274,0.103098,0.0285644;-1.57066,-0.0379037,-1.57038
0.0230816,0.111446,0.0298419;-1.57463,0.112136,-1.5645
0.021299,0.11935,0.0321365;-1.61465,0.235324,-1.55622
0.0244614,0.110829,0.02857;-1.57057,0.0346296,-1.57112
0.022548,0.109288,0.0285637;-1.57053,-0.0843652,-1.57
0.0220666,0.108633,0.0285771;-1.57092,-0.144694,-1.57081
0.022946,0.109564,0.0285789;-1.57088,-0.078618,-1.57076
0.0244962,0.116735,0.0296058;-1.58283,0.0403253,-1.56133
0.0217967,0.126959,0.0333015;-1.6392,0.171498,-1.54492
0.0239927,0.117211,0.0285097;-1.57111,0.0575248,-1.57438
0.0232302,0.116589,0.0285533;-1.57091,0.00969807,-1.57236
0.0232573,0.116386,0.028581;-1.57083,-0.00555852,-1.57085
0.0229798,0.116466,0.0286995;-1.57024,0.0767795,-1.57748
0.0279033,0.126352,0.0295127;-1.57644,0.132565,-1.58011
0.0333144,0.152905,0.0346484;-1.68026,0.221436,-1.55408
0.0396509,0.152712,0.0304177;-1.61732,0.095892,-1.56935
0.037829,0.146035,0.0289497;-1.57395,0.0744676,-1.58495
0.0369717,0.145478,0.0291686;-1.59541,0.079504,-1.57299
0.0344026,0.14279,0.0291632;-1.58107,0.190252,-1.58626
0.0379005,0.147422,0.0323054;-1.60449,0.287004,-1.59027
0.0463226,0.164067,0.0370529;-1.68724,0.425726,-1.5627
0.0508806,0.17096,0.0354474;-1.6962,0.36644,-1.54555
0.052133,0.168854,0.0319134;-1.65191,0.275529,-1.55302
0.0525369,0.167071,0.0292415;-1.59966,0.229335,-1.5684
0.05148,0.166739,0.0291602;-1.59641,0.24864,-1.56802
0.0506445,0.166999,0.0291487;-1.58661,0.309884,-1.57809
0.0594379,0.178493,0.0310614;-1.61388,0.407226,-1.565
0.0630585,0.190065,0.0357563;-1.71392,0.555126,-1.51473
0.0579343,0.180688,0.0321229;-1.64506,0.522909,-1.54052
0.0520194,0.169116,0.0286436;-1.57017,0.460789,-1.57565
0.0516033,0.169519,0.0286317;-1.57096,0.425481,-1.56799
0.0527511,0.171212,0.0285633;-1.57045,0.48363,-1.5713
0.0552479,0.172402,0.0289527;-1.55433,0.521389,-1.58301
0.0794302,0.204239,0.0313761;-1.59228,0.717722,-1.55979
0.0842115,0.206623,0.0318843;-1.64298,0.616246,-1.53121
0.0812166,0.197284,0.0285552;-1.57073,0.484791,-1.57216
0.0790624,0.195336,0.0286433;-1.57215,0.401007,-1.5679
0.0798615,0.196981,0.0285944;-1.57098,0.459605,-1.56986
0.0813093,0.195823,0.0288654;-1.55638,0.553476,-1.57976
0.100607,0.224849,0.0387694;-1.40859,0.685054,-1.6555
0.106736,0.23792,0.0323523;-1.53954,0.576531,-1.58696
0.105506,0.234854,0.0286632;-1.5666,0.46282,-1.57236
0.101757,0.232622,0.0286138;-1.57088,0.311247,-1.56912
0.102553,0.234319,0.0285804;-1.57082,0.384294,-1.57079
0.104262,0.233784,0.0289123;-1.5566,0.472087,-1.58069
0.116684,0.248089,0.0357807;-1.44685,0.737702,-1.6379
0.116247,0.247947,0.0336529;-1.49656,0.682806,-1.61108
0.111585,0.241893,0.0289475;-1.55527,0.618014,-1.57986
0.109343,0.241076,0.0286507;-1.57337,0.436375,-1.56801
0.109999,0.241899,0.028572;-1.57092,0.476806,-1.57079
0.11066,0.242286,0.0286169;-1.56884,0.490005,-1.5717
0.130868,0.265807,0.0320317;-1.59095,0.65161,-1.57137
0.138797,0.276504,0.0323348;-1.66075,0.591011,-1.52732
0.137887,0.273248,0.0304315;-1.61408,0.552238,-1.55114
0.130446,0.26313,0.0286831;-1.57688,0.503842,-1.56814
0.130319,0.264169,0.0290905;-1.59683,0.538927,-1.56004
0.130116,0.264048,0.0288194;-1.57981,0.562694,-1.56998
0.134204,0.267657,0.0294167;-1.56547,0.589007,-1.58735
0.16445,0.307018,0.0341118;-1.70459,0.656677,-1.50034
0.166876,0.304383,0.0319284;-1.64984,0.565307,-1.5314
0.164837,0.298962,0.0285625;-1.57169,0.467452,-1.57163
0.163776,0.29888,0.0285971;-1.57101,0.469445,-1.56982
0.16479,0.300839,0.0285484;-1.56829,0.553787,-1.57184
0.166395,0.300842,0.0286767;-1.56557,0.622276,-1.57406
0.179169,0.310364,0.0346136;-1.46416,0.892043,-1.65306
0.180237,0.313568,0.0308746;-1.53617,0.818117,-1.59825
0.175419,0.309453,0.0287433;-1.56011,0.726899,-1.57778
0.17112,0.30819,0.0286203;-1.57085,0.531964,-1.56887
0.172423,0.309211,0.0286039;-1.57075,0.582752,-1.56962
0.174219,0.30971,0.028631;-1.56683,0.634622,-1.57383
0.195387,0.32711,0.0317591;-1.63319,0.861321,-1.52264
0.198618,0.328702,0.0325182;-1.67508,0.818066,-1.49804
0.192583,0.319723,0.0286629;-1.56447,0.731301,-1.5768
0.188587,0.317942,0.0285995;-1.57087,0.596916,-1.56982
0.189378,0.318649,0.028604;-1.5711,0.614425,-1.56922
0.19044,0.31906,0.0286;-1.56947,0.647173,-1.57149
0.211449,0.339744,0.0314681;-1.53345,0.762431,-1.59759
0.224905,0.354289,0.0302257;-1.59028,0.70125,-1.55354
0.228371,0.351034,0.028626;-1.57018,0.583325,-1.56905
0.222619,0.349477,0.0286668;-1.56628,0.362426,-1.57234
0.222275,0.34943,0.0286;-1.57095,0.345481,-1.56962
0.222995,0.350031,0.0285766;-1.57066,0.393224,-1.57117
0.229664,0.352705,0.0295321;-1.56007,0.631712,-1.57647
0.236522,0.361315,0.0319246;-1.59213,0.719325,-1.56302
0.241289,0.363445,0.0298614;-1.59397,0.646853,-1.55525
0.239603,0.359077,0.0285814;-1.57063,0.43417,-1.57093
0.239086,0.359151,0.0288183;-1.5809,0.423623,-1.56894
0.238053,0.358946,0.0288928;-1.58289,0.496008,-1.5694
0.242374,0.362467,0.0303297;-1.62009,0.619123,-1.54513
0.248384,0.372698,0.0356239;-1.75483,0.755782,-1.44871
0.247935,0.376597,0.0365547;-1.79439,0.814262,-1.41929
0.243458,0.365024,0.0290682;-1.59424,0.718374,-1.56136
0.243593,0.364848,0.0291476;-1.5984,0.684235,-1.55947
0.242796,0.365369,0.0291729;-1.60385,0.696619,-1.55325
0.243812,0.366633,0.0291601;-1.59976,0.772641,-1.55785
0.256479,0.373931,0.0314635;-1.64503,0.845028,-1.51961
0.268912,0.384932,0.0353727;-1.78521,0.920176,-1.40673
0.266144,0.374932,0.028677;-1.57457,0.789208,-1.57007
0.265038,0.375107,0.0286386;-1.57049,0.760752,-1.57397
0.264028,0.37539,0.0286627;-1.57457,0.779522,-1.56943
0.267272,0.376262,0.0286767;-1.56275,0.959787,-1.57727
0.274872,0.376652,0.0292238;-1.55354,1.06664,-1.58385
0.289005,0.384586,0.0310723;-1.55559,1.15545,-1.57567
0.2911,0.388261,0.0287331;-1.55761,0.938671,-1.58166
0.287852,0.389892,0.0285582;-1.57203,0.773364,-1.5699
0.286145,0.391102,0.0286123;-1.56945,0.672662,-1.57107
0.288298,0.391392,0.0285783;-1.57068,0.760516,-1.57093
0.29418,0.395318,0.029343;-1.5812,0.887092,-1.55666
0.297582,0.404792,0.0327253;-1.67623,1.0428,-1.47381
0.291979,0.398137,0.0286973;-1.55771,1.00075,-1.58234
0.287469,0.397423,0.0286105;-1.56803,0.919734,-1.57306
0.286689,0.397953,0.0285887;-1.57149,0.852409,-1.56952
0.287694,0.398145,0.0285794;-1.57081,0.887395,-1.57065
0.291311,0.398391,0.0286778;-1.56196,0.944498,-1.57785
0.306019,0.403572,0.0299643;-1.59126,1.05721,-1.5481
0.313271,0.405467,0.0310481;-1.6572,1.06061,-1.49221
0.30583,0.401897,0.0286429;-1.56111,0.984735,-1.57967
0.303937,0.402769,0.0285666;-1.57152,0.912702,-1.57035
0.303645,0.403482,0.0285954;-1.57062,0.926501,-1.57008
0.304279,0.40318,0.0285447;-1.56843,0.976032,-1.5731
0.310833,0.404248,0.0290454;-1.5576,1.03495,-1.5835
0.346549,0.429194,0.0326521;-1.71558,1.04424,-1.45188
0.348552,0.426539,0.0309695;-1.6625,0.946485,-1.50244
0.346122,0.423053,0.0287746;-1.57059,0.879712,-1.58057
0.342384,0.423604,0.0290869;-1.60726,0.958964,-1.54465
0.339741,0.423746,0.0289422;-1.57548,1.04925,-1.58147
0.340963,0.423747,0.0298595;-1.58244,1.12095,-1.58285
0.364577,0.429785,0.0385282;-2.24692,1.3234,-0.943843
0.361338,0.427658,0.0356249;-2.07781,1.34219,-1.10136
0.353888,0.424787,0.0300458;-1.70436,1.30113,-1.45051
0.352177,0.424961,0.0290923;-1.64036,1.24738,-1.50783
0.350146,0.425656,0.0287362;-1.57025,1.32602,-1.57868
0.35169,0.425263,0.0288552;-1.56852,1.36331,-1.58659
0.382026,0.425364,0.0349794;3.07739,1.44597,0.0561424
0.381078,0.424707,0.03321;-3.04587,1.48179,-0.101842
0.370861,0.424136,0.0285586;-1.57631,1.51152,-1.56456
0.36877,0.424929,0.0286557;-1.58664,1.46104,-1.55281
0.370135,0.425045,0.028604;-1.57786,1.50752,-1.56228
0.371535,0.424265,0.0287483;-1.08327,1.55342,-2.05842
0.371535,0.424265,0.0287483;-1.08327,1.55342,-2.05842
0.380148,0.422555,0.0299464;0.982959,1.52667,2.15646
0.380148,0.422555,0.0299464;0.982959,1.52667,2.15646
