0,0,0.11;-1.57,-2.98023e-08,-1.57
0,0,0.11;-1.57,-2.98023e-08,-1.57
0,0,0.11;-1.57,-2.98023e-08,-1.57
-0.000726723,-0.00106228,0.0286065;-1.5706,-0.234759,-1.56925
-0.000655425,-0.000807327,0.0285851;-1.57053,-0.221117,-1.57049
0.000146793,0.00140632,0.0290589;-1.56626,-0.16259,-1.56846
0.00425449,0.014622,0.0318656;-1.59063,0.00784652,-1.57984
0.00500587,0.022496,0.0287038;-1.56833,-0.0812394,-1.5746
0.00375338,0.0230282,0.028564;-1.57177,-0.15909,-1.57069
0.00332981,0.0228826,0.0286998;-1.56422,-0.199008,-1.57068
0.00320782,0.0221393,0.0286673;-1.57062,-0.206756,-1.57497
0.00283029,0.0205221,0.0288734;-1.57137,-0.158491,-1.57487
0.0013457,0.0190694,0.030927;-1.58312,-0.0591942,-1.57896
-0.00228885,0.0168734,0.0331048;-1.6337,-0.02642,-1.57418
-0.00251348,0.0149933,0.0289113;-1.5741,-0.0781149,-1.5753
-0.00247635,0.0152391,0.0286248;-1.57068,-0.110685,-1.5729
-0.00286777,0.0154728,0.0285789;-1.57082,-0.153064,-1.57078
-0.0027835,0.0143311,0.0286893;-1.57018,-0.110923,-1.5757
-0.00284549,0.0100759,0.0294945;-1.56842,-0.070846,-1.57863
-0.00542687,-0.00828672,0.0364886;-1.51691,0.107039,-1.61837
-0.00982269,-0.0238169,0.0357519;-1.46375,0.0888799,-1.60512
-0.0133644,-0.024399,0.0291162;-1.55842,0.0498671,-1.58472
-0.0136222,-0.0232289,0.0285922;-1.57089,0.0350513,-1.5701
-0.0133978,-0.0230088,0.0287289;-1.56815,0.0526334,-1.57538
-0.0116943,-0.0226854,0.0294616;-1.5498,0.0898989,-1.586
-0.00931861,-0.0247603,0.0324689;-1.51774,0.141413,-1.60135
-0.00837767,-0.0288779,0.035373;-1.47895,0.175261,-1.61132
-0.0121973,-0.0297505,0.028612;-1.57067,0.107127,-1.57233
-0.0123649,-0.0297785,0.0285767;-1.57096,-0.00199777,-1.57098
-0.0122464,-0.0297587,0.02858;-1.57088,-0.0247697,-1.5708
-0.00883978,-0.0244202,0.0316651;-1.52794,-0.0164101,-1.59682
0.000759925,-0.0110692,0.0394899;-1.44226,0.0971843,-1.62523
0.00919843,0.00338241,0.0440543;-1.53059,0.196035,-1.60937
0.0124884,0.0109137,0.0316117;-1.63096,0.165935,-1.56289
0.0148294,0.0059524,0.0290375;-1.58773,0.0844647,-1.56442
0.0156126,0.00387107,0.0288114;-1.57495,0.0151999,-1.56383
0.0143631,0.00480618,0.0294188;-1.56995,-0.0232077,-1.58385
0.0117046,0.00404718,0.0352447;-1.52008,-0.0476112,-1.60736
0.0110493,0.00474396,0.0450507;-1.52998,0.00317696,-1.6127
0.00421328,0.00298229,0.0441601;-1.65702,-0.0234202,-1.56603
0.00293076,-0.0041944,0.035361;-1.68389,-0.079437,-1.57377
0.00195189,-0.0130968,0.0288815;-1.58233,-0.137158,-1.56893
0.000399724,-0.0129857,0.0311486;-1.56769,-0.175358,-1.59628
-0.00234872,-0.0146566,0.0352264;-1.53003,-0.167821,-1.60797
-0.00765275,-0.0211379,0.0438063;-1.52552,-0.163215,-1.61176
-0.0217597,-0.0329182,0.0422822;-1.62725,-0.201214,-1.58598
-0.0231235,-0.0372287,0.0373869;-1.67503,-0.203699,-1.57821
-0.0213841,-0.0430557,0.0301276;-1.61259,-0.195839,-1.57877
-0.0202482,-0.0447122,0.0291686;-1.57524,-0.154893,-1.58602
-0.0178062,-0.0400787,0.0318877;-1.53587,-0.103316,-1.59244
-0.0142943,-0.0284714,0.0365348;-1.48954,-0.0288131,-1.61069
-0.00666857,-0.0107004,0.0405924;-1.52442,-0.0288017,-1.63585
-0.00995099,-0.0109246,0.0380766;-1.52557,-0.0985401,-1.63783
-0.0144508,-0.013865,0.0315298;-1.59847,-0.163108,-1.6026
-0.01667,-0.019603,0.0300513;-1.5711,-0.147713,-1.59875
-0.0138497,-0.0177792,0.0324227;-1.55369,-0.0993119,-1.61906
-0.00853292,-0.0119277,0.0352664;-1.51047,-0.0465721,-1.62435
0.00205675,0.000491776,0.0406711;-1.45831,-0.00860603,-1.6613
0.000278793,0.00407871,0.040539;-1.46259,-0.0927177,-1.65915
-0.00213497,0.00855099,0.0377774;-1.51582,-0.17346,-1.66342
-0.00316048,0.016808,0.0322322;-1.5828,-0.294625,-1.62439
-0.00432921,0.0138465,0.0335651;-1.5808,-0.261235,-1.63934
-0.00956522,-0.00201016,0.0331704;-1.54763,-0.175814,-1.62176
-0.00516507,-0.00611979,0.0393973;-1.47928,-0.112985,-1.65014
-0.00553929,-0.00300188,0.0390981;-1.47044,-0.16562,-1.63915
-0.00631863,0.00414572,0.0320729;-1.55266,-0.19445,-1.61771
-0.00957252,0.00872079,0.0289079;-1.57276,-0.202577,-1.58157
-0.00972417,0.004986,0.0292601;-1.56963,-0.157604,-1.58495
-0.00808556,-0.00151565,0.0308277;-1.55336,-0.09578,-1.59592
0.000233507,-0.0215434,0.0412813;-1.38781,0.0299665,-1.62642
-0.00212367,-0.0223028,0.0433019;-1.35895,-0.00983454,-1.62502
-0.00512193,-0.0167565,0.0388119;-1.44257,-0.0730424,-1.6215
-0.0105468,-0.00206793,0.0288317;-1.57058,-0.270598,-1.58266
-0.0108629,-0.00257339,0.0287295;-1.57067,-0.233946,-1.57774
-0.0105013,-0.00254805,0.0287787;-1.56419,-0.204614,-1.57263
-0.00727371,-0.00488658,0.0336387;-1.49001,-0.0317361,-1.58468
-0.00190651,-0.0119775,0.0381702;-1.43,0.0332141,-1.60982
0.00311319,-0.0185081,0.0385293;-1.42057,0.0889142,-1.62202
-0.00259217,-0.0146437,0.037421;-1.45592,-0.0329445,-1.61928
-0.00742855,-0.00748339,0.0322164;-1.52399,-0.119994,-1.59135
-0.0109687,-0.00473547,0.0296445;-1.54787,-0.184955,-1.57194
-0.00706297,-0.00749516,0.0379256;-1.44072,-0.0848038,-1.59805
-0.00199066,-0.0132987,0.0433396;-1.37241,-0.0112099,-1.63098
0.00268137,-0.0112091,0.045249;-1.33052,0.0596037,-1.64474
0.00192039,-0.00197871,0.042902;-1.34468,0.0342977,-1.6198
-0.000345486,0.00320139,0.0397263;-1.39201,-0.0290289,-1.59219
-0.00356149,0.00963387,0.0350091;-1.46373,-0.104148,-1.5717
-0.00249217,0.0165549,0.0358127;-1.47471,-0.18898,-1.57936
-0.00258578,0.00612359,0.0397169;-1.45453,-0.210705,-1.60773
-0.00450565,-0.00661153,0.0422168;-1.42334,-0.213761,-1.61959
-0.00319325,-0.0156501,0.0402565;-1.41949,-0.177664,-1.60929
-0.00458849,-0.017655,0.0386152;-1.42112,-0.170758,-1.58922
-0.005232,-0.0181127,0.0359056;-1.44565,-0.157096,-1.57308
-0.00737881,-0.0108971,0.0314346;-1.51839,-0.183795,-1.56252
-0.00629311,-0.00928951,0.0336478;-1.48784,-0.160428,-1.56824
-0.00421141,-0.0133849,0.0382661;-1.44556,-0.144934,-1.59135
-0.0038905,-0.0414313,0.0387251;-1.45202,-0.200197,-1.60772
-0.00461861,-0.0447159,0.0296395;-1.5531,-0.178218,-1.58441
-0.00262361,-0.0451772,0.0290221;-1.55427,-0.129819,-1.57356
0.000264202,-0.0414056,0.0302995;-1.53191,-0.0691011,-1.56983
0.0031274,-0.0376873,0.0364568;-1.41886,-0.017733,-1.57452
0.00604613,-0.0371578,0.0392961;-1.39075,-0.0202929,-1.59061
0.00737008,-0.0369139,0.0391199;-1.40748,-0.032052,-1.60161
0.0101033,-0.045851,0.0326076;-1.4945,0.0195788,-1.58818
0.00927587,-0.0483129,0.0304412;-1.52787,0.00588012,-1.56758
0.00678062,-0.0501692,0.0292443;-1.54799,-0.0309805,-1.56675
0.00730198,-0.0475759,0.031287;-1.50854,-0.00730295,-1.56991
0.00874158,-0.0463612,0.0344826;-1.45092,0.00279442,-1.57399
0.00970596,-0.0455592,0.0380594;-1.38445,0.0108462,-1.57384
0.0129416,-0.0402262,0.0297558;-1.53499,0.0831632,-1.57681
0.0129033,-0.0404199,0.0290339;-1.55016,0.0819084,-1.57349
0.00988728,-0.0428329,0.0289339;-1.56458,-0.00645478,-1.55964
-0.00129396,-0.0473176,0.0335055;-1.47252,-0.190597,-1.55233
-0.003188,-0.0436303,0.0371421;-1.40024,-0.237102,-1.53957
-0.00102809,-0.0407528,0.0397184;-1.39128,-0.249676,-1.56484
0.00873493,-0.0495921,0.042642;-1.29445,-0.120168,-1.54528
0.00474438,-0.0486605,0.0385196;-1.38286,-0.152589,-1.55475
0.000862107,-0.0487438,0.0355127;-1.45472,-0.131331,-1.55118
-0.00228859,-0.0551472,0.0339989;-1.56027,-0.0240968,-1.50745
-0.00145433,-0.057578,0.0340201;-1.56994,-0.0266644,-1.5002
-0.000102819,-0.0585443,0.0343348;-1.54684,-0.0263485,-1.51031
0.00282823,-0.0663411,0.0291113;-1.58526,-0.108387,-1.57133
0.00372106,-0.0675624,0.0288345;-1.58018,-0.140033,-1.57524
0.00377317,-0.0669741,0.0290201;-1.58953,-0.134964,-1.57092
-0.000285714,-0.0633819,0.0325541;-1.59635,-0.09692,-1.53186
-0.00317963,-0.0611772,0.0344121;-1.60029,-0.109381,-1.51153
-0.00549574,-0.0589877,0.03307;-1.59808,-0.0967273,-1.52249
-0.00353373,-0.047499,0.0296296;-1.5889,-0.151685,-1.57423
-0.000813347,-0.0517598,0.0289259;-1.5879,-0.214888,-1.57486
-0.000547176,-0.0529886,0.0287576;-1.57555,-0.234755,-1.5757
-0.00380908,-0.0572201,0.0303617;-1.58602,-0.285124,-1.55584
-0.00795887,-0.0541445,0.0337651;-1.58499,-0.256298,-1.51822
-0.0114475,-0.0469635,0.0362517;-1.58764,-0.217626,-1.48687
-0.00714596,-0.0207519,0.029813;-1.58075,-0.0825184,-1.56679
-0.0082663,-0.0156868,0.0290186;-1.59188,-0.0521937,-1.57362
-0.00786362,-0.0159165,0.0288639;-1.58428,-0.061658,-1.57288
-0.00381165,-0.0300016,0.0318089;-1.59041,-0.210176,-1.53901
-0.00511949,-0.0420197,0.0346032;-1.58401,-0.314572,-1.5077
-0.00804801,-0.0472759,0.0364323;-1.58654,-0.36167,-1.48391
-0.00816552,-0.0452798,0.0369634;-1.46233,-0.363898,-1.49862
-0.0063724,-0.0420545,0.0361675;-1.41203,-0.313505,-1.52235
-0.00513416,-0.0399666,0.0360236;-1.42433,-0.286967,-1.53464
-0.0112507,-0.0374461,0.0351696;-1.47901,-0.353372,-1.51774
-0.0175478,-0.0295009,0.0344133;-1.58349,-0.352492,-1.51923
-0.0233497,-0.0229648,0.0376187;-1.64117,-0.315083,-1.51873
-0.0193331,-0.0266038,0.036405;-1.61814,-0.388063,-1.5136
-0.0139737,-0.0270085,0.0324219;-1.57314,-0.370836,-1.53021
-0.0107528,-0.0270069,0.0306888;-1.55891,-0.368665,-1.55412
-0.015519,-0.0228514,0.0293535;-1.57756,-0.283224,-1.56401
-0.0162494,-0.0226094,0.0300346;-1.56965,-0.284388,-1.54665
-0.0164219,-0.0236091,0.0322252;-1.56879,-0.294074,-1.51954
-0.0177738,-0.0286815,0.0346456;-1.58565,-0.323989,-1.48987
-0.014968,-0.0226354,0.0352849;-1.61333,-0.298777,-1.546
-0.0133257,-0.0121762,0.0328975;-1.65085,-0.300129,-1.58983
-0.00308742,-0.0141561,0.0290617;-1.58338,-0.473772,-1.57791
-0.00239465,-0.0184694,0.0291594;-1.55302,-0.543085,-1.54845
-0.00305299,-0.0200672,0.0305831;-1.54464,-0.545555,-1.52986
-0.00646904,-0.0140392,0.0334305;-1.57075,-0.444889,-1.49762
-0.00712779,-0.00410746,0.0333492;-1.61995,-0.356139,-1.54509
-0.00854916,0.00302517,0.0331776;-1.66136,-0.259575,-1.60551
-0.00709583,0.00531111,0.0300639;-1.6006,-0.284068,-1.59195
-0.00618378,0.0068244,0.0288803;-1.58436,-0.319993,-1.5767
-0.00493396,0.00536862,0.0292199;-1.58365,-0.365981,-1.56706
-0.00674043,-0.0128235,0.0311917;-1.57113,-0.52926,-1.52958
-0.00720493,-0.00907892,0.0320741;-1.58316,-0.471511,-1.5257
-0.00604954,-0.002394,0.0341975;-1.66687,-0.367595,-1.59748
-0.00275811,0.00334657,0.0327037;-1.62927,-0.199385,-1.60754
-0.00237043,0.00647376,0.031196;-1.60837,-0.231786,-1.59965
-0.00350704,0.00956518,0.0291;-1.59011,-0.259759,-1.57541
-0.00464537,0.00684703,0.0295052;-1.58158,-0.294101,-1.55731
-0.00394974,0.00316162,0.0312756;-1.58607,-0.330312,-1.53672
-0.00311869,0.00124524,0.0341369;-1.62851,-0.33481,-1.54216
0.00131354,-0.00423772,0.0333343;-1.65535,-0.277335,-1.61581
0.00282225,-3.83273e-05,0.0306983;-1.60233,-0.33649,-1.60168
0.0013048,0.00421578,0.0290442;-1.59199,-0.353773,-1.58096
-0.000586608,0.00343527,0.0294679;-1.58191,-0.379941,-1.56514
-0.00158939,0.00254143,0.0309488;-1.59147,-0.38711,-1.55038
-0.00323129,0.00454753,0.0334484;-1.60614,-0.356162,-1.52922
-0.00931162,0.0109911,0.0333055;-1.65895,-0.207018,-1.58375
-0.0045668,0.00779741,0.032256;-1.63819,-0.229286,-1.60186
-0.00240689,0.0103014,0.0302442;-1.61433,-0.290142,-1.58826
-0.00240689,0.0103014,0.0302442;-1.61433,-0.290142,-1.58826
-0.00324968,0.0112634,0.0288679;-1.58124,-0.309934,-1.57021
-0.00324968,0.0112634,0.0288679;-1.58124,-0.309934,-1.57021
