0,0,0.11;-1.57,-2.98023e-08,-1.57
0,0,0.11;-1.57,-2.98023e-08,-1.57
0,0,0.11;-1.57,-2.98023e-08,-1.57
-0.000794604,-0.00120349,0.0286052;-1.57052,-0.231925,-1.56938
0.000101217,0.000490005,0.0286156;-1.57026,-0.145156,-1.56927
0.00228402,0.00406704,0.0288584;-1.56267,0.000702679,-1.56486
0.000829994,0.0118867,0.0322742;-1.57509,0.139571,-1.51827
-0.000404537,0.00344871,0.0304217;-1.56598,0.00457467,-1.5365
-0.00067128,0.00124634,0.0294034;-1.54012,-0.0272966,-1.56432
-0.000706717,0.00106018,0.0291453;-1.55184,-0.045981,-1.56146
-0.00139806,-0.000479257,0.029117;-1.58371,-0.00631518,-1.58356
-0.00421842,-0.00512884,0.0331044;-1.64867,0.0690326,-1.58006
-0.00846181,-0.011578,0.0380149;-1.68752,0.169654,-1.58218
-0.0129987,-0.0299864,0.0388954;-1.70315,0.0790947,-1.58782
-0.0128072,-0.032972,0.0357774;-1.66073,-0.0426879,-1.60721
-0.0129671,-0.0357107,0.033464;-1.59389,-0.0955674,-1.63417
-0.00431868,-0.0260426,0.0329002;-1.57234,-0.0391871,-1.6322
0.00259324,-0.011804,0.0341377;-1.52744,0.096331,-1.6151
0.000801559,-0.00572263,0.0418844;-1.52411,0.24606,-1.59393
-0.00594342,-0.0181206,0.0462183;-1.55196,0.3682,-1.59602
-0.00515409,-0.0194832,0.0421278;-1.61521,0.217097,-1.60166
-0.00269537,-0.0204713,0.0340587;-1.61527,0.0887014,-1.61394
-0.00576397,-0.0203714,0.0301539;-1.58142,-0.0410019,-1.59549
-0.00507748,-0.015311,0.0294901;-1.56935,-0.0895848,-1.59229
-0.00564013,-0.0137882,0.0298953;-1.56474,-0.0835616,-1.58574
-0.00752555,-0.0110358,0.030648;-1.55057,0.00169551,-1.56798
-0.0112001,-0.00925398,0.0313615;-1.58437,0.0314577,-1.5282
-0.0133424,-0.0174962,0.0291692;-1.54912,-0.0661454,-1.56498
-0.0136252,-0.0173284,0.0287478;-1.5662,-0.0883265,-1.57386
-0.0135008,-0.0171185,0.0289117;-1.58241,-0.0663757,-1.57937
-0.0159035,-0.0206509,0.0322167;-1.6289,0.0476875,-1.57431
-0.0170487,-0.0213138,0.0346585;-1.66548,0.103707,-1.56305
-0.0182969,-0.0249471,0.0352264;-1.68022,0.0427236,-1.55849
-0.015207,-0.0379271,0.0288169;-1.58231,-0.164752,-1.57299
-0.016041,-0.037861,0.0287083;-1.56683,-0.236877,-1.57224
-0.0159525,-0.037313,0.0289263;-1.55613,-0.244038,-1.56954
-0.0112834,-0.0333446,0.0361192;-1.43646,-0.156035,-1.56692
-0.00898547,-0.0203777,0.0399182;-1.40162,-0.0709697,-1.55506
-0.00981728,-0.00506143,0.0392963;-1.47656,-0.0890082,-1.53009
-0.00225131,-0.00291151,0.0310938;-1.58316,-0.329746,-1.53798
-0.000862585,-0.0125327,0.0289858;-1.56564,-0.415245,-1.56906
-0.00362762,-0.0184244,0.0289257;-1.55445,-0.451491,-1.56529
-0.00437118,-0.0180571,0.02899;-1.55507,-0.471696,-1.56913
-0.0042079,-0.0188402,0.0319214;-1.50011,-0.44883,-1.55146
-0.00572162,-0.0190879,0.0359533;-1.43623,-0.38814,-1.52281
-0.00784721,-0.0263251,0.0302486;-1.57359,-0.523804,-1.54249
-0.00582592,-0.0287524,0.0286902;-1.57482,-0.567792,-1.56977
-0.00574223,-0.0295117,0.0285824;-1.5707,-0.581691,-1.57106
-0.00582797,-0.0299914,0.0287193;-1.57061,-0.547322,-1.57727
-0.00548276,-0.0304784,0.0291468;-1.55342,-0.523851,-1.57289
-0.00326434,-0.030445,0.0302885;-1.54503,-0.436371,-1.57005
-0.00560291,-0.0394763,0.0296642;-1.58235,-0.490963,-1.55629
-0.00195871,-0.043124,0.0289448;-1.57818,-0.555149,-1.56285
-0.000649253,-0.0466854,0.0287391;-1.57085,-0.621274,-1.56314
0.000108569,-0.0451679,0.0291522;-1.541,-0.552888,-1.5525
0.0013772,-0.0423622,0.0320755;-1.48206,-0.49963,-1.52697
0.00438047,-0.0354232,0.0360277;-1.42056,-0.363139,-1.51706
0.00511449,-0.0319432,0.0329202;-1.54668,-0.405252,-1.50983
0.00523492,-0.0354056,0.0300762;-1.5644,-0.475757,-1.5407
0.00593127,-0.0341018,0.0292235;-1.54869,-0.454977,-1.54977
0.00546459,-0.0353827,0.0292816;-1.53773,-0.446717,-1.55186
0.00582398,-0.0355685,0.0302135;-1.52422,-0.438116,-1.54718
0.00670819,-0.0378491,0.0353;-1.43328,-0.430878,-1.51598
0.00652765,-0.0446683,0.0346134;-1.44214,-0.495961,-1.50333
0.00734107,-0.0501111,0.030577;-1.51298,-0.556227,-1.53746
0.00694281,-0.0517957,0.029098;-1.54415,-0.569878,-1.55354
0.00675727,-0.0497882,0.0287886;-1.56521,-0.495353,-1.56304
0.00668832,-0.0486407,0.0292884;-1.53573,-0.456615,-1.55135
0.00681234,-0.0496653,0.0323928;-1.48196,-0.439798,-1.53036
0.0136317,-0.0529971,0.0349244;-1.43785,-0.292217,-1.52937
0.0133951,-0.0519063,0.0337491;-1.45913,-0.30128,-1.52888
0.0134749,-0.0469777,0.0291743;-1.55264,-0.292799,-1.55416
0.0131075,-0.0472951,0.0293713;-1.5433,-0.295714,-1.55055
0.0133316,-0.0471883,0.0292925;-1.55243,-0.281585,-1.54892
0.0129492,-0.0497966,0.0297445;-1.54121,-0.290709,-1.55022
0.0104863,-0.0611631,0.0368671;-1.39537,-0.344892,-1.50512
0.00821406,-0.0663537,0.0358188;-1.40682,-0.426096,-1.49545
0.00580351,-0.07047,0.0330138;-1.45897,-0.516507,-1.50376
0.00335902,-0.0750013,0.0294027;-1.52935,-0.572433,-1.54286
0.00386409,-0.0740268,0.0292268;-1.54473,-0.560238,-1.54757
0.00521847,-0.0710833,0.0299908;-1.5245,-0.519475,-1.54644
0.0129176,-0.0733284,0.0317099;-1.50833,-0.389217,-1.55573
0.015022,-0.0744952,0.0299981;-1.53832,-0.38233,-1.56721
0.0145126,-0.0734983,0.0286915;-1.56608,-0.417076,-1.5676
0.0140257,-0.0744016,0.0286481;-1.57037,-0.343247,-1.57412
0.0147106,-0.0759305,0.0285781;-1.57068,-0.224294,-1.57057
0.0155947,-0.0772032,0.0286598;-1.56856,-0.0813371,-1.57362
0.0153349,-0.0918498,0.0313842;-1.51366,0.112156,-1.5743
0.0128115,-0.105571,0.0319284;-1.50078,-0.000596613,-1.56339
0.00874939,-0.113685,0.0293827;-1.54886,-0.107575,-1.56037
0.00687925,-0.118063,0.0287144;-1.57113,-0.205408,-1.56418
0.00691185,-0.118381,0.0287339;-1.57094,-0.216297,-1.56339
0.00666078,-0.118995,0.0286435;-1.57038,-0.235009,-1.56776
0.00826519,-0.121542,0.0291043;-1.54953,-0.148102,-1.57141
0.00678717,-0.12245,0.0290392;-1.54944,-0.175738,-1.56542
0.00625981,-0.122706,0.029102;-1.54801,-0.188001,-1.5634
0.00521317,-0.125331,0.0287378;-1.57081,-0.275234,-1.56325
0.00524723,-0.12585,0.0286808;-1.57099,-0.29594,-1.56604
0.00567765,-0.124982,0.0287023;-1.5709,-0.23046,-1.56486
0.00590195,-0.123787,0.0285891;-1.57031,-0.136554,-1.57083
0.00700198,-0.124705,0.0326692;-1.48571,-0.0811881,-1.56262
0.00227352,-0.127972,0.0308855;-1.51628,-0.164013,-1.55688
0.000139968,-0.129116,0.0311722;-1.51203,-0.196668,-1.5554
-0.00150409,-0.129666,0.0294175;-1.54386,-0.22037,-1.56758
-0.00230682,-0.129295,0.030576;-1.51781,-0.22178,-1.55789
-0.00251096,-0.128723,0.0313489;-1.5056,-0.217978,-1.55383
-0.00274711,-0.12857,0.03523;-1.43143,-0.209159,-1.53555
-0.0029417,-0.129346,0.0332562;-1.471,-0.239702,-1.54392
-0.00276802,-0.129242,0.0302714;-1.53098,-0.25074,-1.55506
-0.0037111,-0.129076,0.0298148;-1.53537,-0.247007,-1.56136
-0.0036635,-0.128085,0.0307477;-1.51283,-0.238215,-1.55364
-0.00300887,-0.127096,0.0322614;-1.48465,-0.213451,-1.54781
-0.00129619,-0.125918,0.0382263;-1.38877,-0.13997,-1.5281
-0.000283931,-0.122701,0.0387675;-1.41826,-0.12284,-1.50705
0.000462992,-0.120161,0.0379753;-1.46511,-0.12875,-1.4937
0.00279534,-0.113457,0.0333116;-1.50541,-0.0637088,-1.53437
0.00198639,-0.114791,0.0329091;-1.4907,-0.0825771,-1.54644
0.000621571,-0.116858,0.0331568;-1.48696,-0.102717,-1.54382
0.00733524,-0.0990137,0.032719;-1.5434,0.0758571,-1.53318
0.00686126,-0.0886838,0.0322101;-1.56619,0.131228,-1.53361
0.00703178,-0.0817266,0.031076;-1.58077,0.154523,-1.53797
0.00779535,-0.0828001,0.0330199;-1.56935,0.00514009,-1.50845
0.00600806,-0.0845723,0.0324241;-1.56656,-0.0112462,-1.51696
0.00564993,-0.0876169,0.0322437;-1.57359,-0.0436825,-1.51737
0.00338398,-0.087912,0.030969;-1.57477,0.0280254,-1.54179
-0.000561156,-0.0863653,0.0295465;-1.56258,0.138385,-1.56264
-0.00138412,-0.0876758,0.0294416;-1.56551,0.118125,-1.55794
-0.00099681,-0.0832257,0.0295915;-1.57461,0.16034,-1.55071
-0.00217373,-0.0853077,0.0302455;-1.57471,0.159664,-1.5413
-0.00367275,-0.0903672,0.0318197;-1.59069,0.121906,-1.52986
-0.00338121,-0.0853286,0.037175;-1.67648,0.133755,-1.50262
-0.00086418,-0.082872,0.0384572;-1.69892,0.188321,-1.52621
-0.00106019,-0.0897018,0.0416227;-1.64593,0.184852,-1.54804
0.00759516,-0.10548,0.0322113;-1.64953,0.0715803,-1.56674
0.00591757,-0.116994,0.0293163;-1.57542,0.0456796,-1.5869
0.00216304,-0.122317,0.0297645;-1.57986,0.0297938,-1.5804
0.000654187,-0.104743,0.0362896;-1.69393,0.18351,-1.52032
0.00514162,-0.091509,0.0382927;-1.7273,0.277838,-1.51333
0.0094811,-0.0792303,0.0366215;-1.70306,0.3642,-1.52326
0.0145512,-0.062602,0.030834;-1.57261,0.359979,-1.53878
0.0137201,-0.0633712,0.0317966;-1.56593,0.345145,-1.52381
0.00910029,-0.0690043,0.0333916;-1.55063,0.306609,-1.51589
-0.00118262,-0.0927961,0.0336752;-1.59371,0.239248,-1.49485
-0.00103396,-0.0964358,0.0344354;-1.6032,0.227395,-1.49539
-0.00117328,-0.0976999,0.0329346;-1.59557,0.263596,-1.52753
-0.00157297,-0.105759,0.028876;-1.57497,0.129526,-1.56596
-0.00124429,-0.10559,0.0289125;-1.5825,0.127048,-1.56506
-0.00165839,-0.105335,0.0289494;-1.58372,0.149018,-1.56382
-0.00631331,-0.101741,0.0336398;-1.62052,0.248694,-1.511
-0.00813048,-0.0947788,0.0382834;-1.69382,0.305725,-1.4727
-0.00918378,-0.0906882,0.0392432;-1.69968,0.368844,-1.47077
-0.00490273,-0.0823679,0.0322842;-1.59227,0.325924,-1.51222
-0.00377943,-0.0863607,0.0292037;-1.5733,0.280866,-1.55254
-0.00404186,-0.0905266,0.0286271;-1.5696,0.218688,-1.5674
-0.00981603,-0.0986822,0.0291885;-1.57483,0.178412,-1.56688
-0.0129414,-0.098341,0.0320587;-1.61861,0.283047,-1.5368
-0.0157412,-0.0990746,0.0379624;-1.65863,0.402749,-1.51043
-0.00650992,-0.0901451,0.0407935;-1.42734,0.407044,-1.58435
0.0039086,-0.0762141,0.0360168;-1.50691,0.335233,-1.55352
0.011315,-0.066646,0.0303561;-1.58615,0.357113,-1.55443
0.0135463,-0.0666511,0.0291867;-1.57431,0.374606,-1.58463
0.0109163,-0.0685808,0.029308;-1.57523,0.412644,-1.58532
0.00784594,-0.069918,0.0296173;-1.5763,0.458373,-1.58696
0.00134518,-0.0700067,0.0307672;-1.57497,0.508906,-1.5921
0.00503984,-0.0667253,0.0292506;-1.58686,0.440419,-1.56994
0.00694512,-0.0657726,0.0289858;-1.57358,0.411007,-1.57783
0.00809219,-0.0651883,0.0289841;-1.55977,0.398523,-1.58424
0.00722917,-0.0655381,0.0286841;-1.57115,0.4164,-1.57579
0.00304903,-0.0655385,0.0297491;-1.60606,0.479429,-1.55252
-0.0118799,-0.0697762,0.0331981;-1.63959,0.716607,-1.55043
-0.00953818,-0.068495,0.0294413;-1.55713,0.619275,-1.58706
-0.00339284,-0.0625347,0.0288927;-1.57072,0.49334,-1.57708
-0.00106374,-0.0603363,0.0288815;-1.56226,0.357444,-1.58015
-0.00128619,-0.0607343,0.0287811;-1.5706,0.352933,-1.58048
-0.00465085,-0.0642159,0.0291679;-1.57202,0.36152,-1.57987
-0.0175471,-0.0753672,0.0387638;-1.68711,0.597992,-1.54202
-0.0180385,-0.0829051,0.0398869;-1.46449,0.560599,-1.651
-0.0159563,-0.0849138,0.0396013;-1.35768,0.515319,-1.697
-0.0117548,-0.0731375,0.0322237;-1.49678,0.482427,-1.61298
-0.00996178,-0.071105,0.0296763;-1.55982,0.495582,-1.58978
-0.0124873,-0.072364,0.0306647;-1.53352,0.536883,-1.601
-0.0124873,-0.072364,0.0306647;-1.53352,0.536883,-1.601
-0.0185433,-0.0776989,0.0349211;-1.4218,0.600425,-1.65822
-0.0185433,-0.0776989,0.0349211;-1.4218,0.600425,-1.65822
