0,0,0.11;-1.57,-2.98023e-08,-1.57
0,0,0.11;-1.57,-2.98023e-08,-1.57
0,0,0.11;-1.57,-2.98023e-08,-1.57
-0.00131829,-0.00227722,0.0287748;-1.56467,-0.296091,-1.56433
-5.19708e-05,0.000232866,0.0286595;-1.57112,-0.176911,-1.56705
0.00067566,0.00156205,0.0293942;-1.58386,-0.0324319,-1.57674
0.000973145,0.00325238,0.035544;-1.65593,0.112272,-1.58483
-1.19152e-06,-0.0048428,0.0286899;-1.57025,-0.122034,-1.56517
-0.000833215,-0.00686364,0.0287552;-1.57048,-0.222758,-1.56195
-0.00192705,-0.00946597,0.0287725;-1.56642,-0.30697,-1.56442
-0.00137018,-0.00788294,0.0285799;-1.57079,-0.246522,-1.57094
-0.000931531,-0.00608371,0.0294201;-1.5838,-0.0951972,-1.5768
-0.00151128,-0.00358173,0.0379782;-1.64459,0.0852585,-1.58283
-0.00193133,-0.00700515,0.0299859;-1.59615,0.00117201,-1.57805
-0.00322103,-0.00818021,0.028701;-1.5651,-0.0870884,-1.56973
-0.00461961,-0.0109013,0.0287625;-1.56587,-0.226381,-1.5658
-0.0030363,-0.00837497,0.0287901;-1.57081,-0.102333,-1.5607
-0.00173514,-0.00564935,0.0292831;-1.56022,-0.0340822,-1.57066
-0.00028883,0.00186379,0.0353679;-1.55009,0.0979092,-1.58007
0.0010774,0.0140332,0.0374646;-1.68742,0.14033,-1.58371
0.00237656,0.010929,0.0323937;-1.63636,0.00716588,-1.57362
0.00170461,0.00731597,0.028581;-1.57078,-0.137231,-1.57072
0.000810218,0.00584318,0.0287634;-1.56618,-0.210707,-1.56485
0.00263993,0.00910321,0.0287459;-1.56942,-0.0661895,-1.56404
0.00417203,0.0113058,0.0293204;-1.5698,0.106565,-1.57246
0.00515451,0.0113106,0.0349234;-1.53647,0.164688,-1.59047
0.00678568,0.0163026,0.0304888;-1.56697,0.0406236,-1.58618
0.00486321,0.014903,0.0287794;-1.56507,-0.287417,-1.56414
0.00407291,0.0133179,0.0288907;-1.55558,-0.345818,-1.56262
0.0047371,0.0145802,0.028904;-1.55622,-0.280483,-1.56235
0.00457577,0.0179295,0.0326316;-1.62204,0.0710438,-1.57111
0.0049527,0.0198829,0.040429;-1.63871,0.209113,-1.58456
0.00614065,0.0244944,0.0381252;-1.65506,0.149438,-1.58981
0.00642474,0.0225698,0.0285761;-1.57057,-0.1334,-1.56957
0.00506752,0.0197444,0.0287282;-1.5708,-0.254064,-1.56349
0.00498227,0.019111,0.0288035;-1.56527,-0.260314,-1.56399
0.00692603,0.0244612,0.0291166;-1.57444,-0.0661334,-1.57061
0.00646959,0.0264944,0.0372781;-1.65751,0.120128,-1.57223
0.00767988,0.0285001,0.0396996;-1.63658,0.163147,-1.58647
0.00562883,0.0284523,0.0285772;-1.57081,-0.0558323,-1.5712
0.00449473,0.0270715,0.0287616;-1.56932,-0.151671,-1.56333
0.00433418,0.0268501,0.0287328;-1.56991,-0.169536,-1.56423
0.00668255,0.0290683,0.0286391;-1.56994,0.0149367,-1.57318
0.00883276,0.0332105,0.0336968;-1.52595,0.143726,-1.5899
0.00984254,0.0425725,0.0420991;-1.68943,0.292479,-1.57501
0.0124692,0.0422952,0.0286149;-1.56316,0.0540176,-1.5722
0.0102574,0.0403147,0.0285771;-1.57092,-0.0768495,-1.57058
0.0095168,0.0388062,0.0287873;-1.5657,-0.149848,-1.56507
0.0132058,0.0433328,0.0286136;-1.57119,0.098059,-1.56871
0.0130851,0.0414745,0.0301375;-1.58354,0.258734,-1.57566
0.0137158,0.0373912,0.0392163;-1.52998,0.420473,-1.5966
0.0169502,0.0453926,0.0288933;-1.56937,0.147508,-1.5849
0.0158586,0.0490497,0.0285902;-1.57051,-0.0324224,-1.57108
0.0140285,0.0469937,0.0286207;-1.57045,-0.169684,-1.56899
0.0164546,0.0494591,0.0287562;-1.57101,-0.0447761,-1.56221
0.0168564,0.0537601,0.0304035;-1.58827,0.129397,-1.56254
0.0154606,0.0563978,0.037308;-1.68741,0.31819,-1.55531
0.0217763,0.0607937,0.0314969;-1.58331,0.18177,-1.60371
0.0208173,0.0601259,0.0288152;-1.56886,0.0500155,-1.58344
0.0194453,0.060648,0.0287027;-1.5662,-0.0418229,-1.56904
0.0190267,0.0602932,0.0289105;-1.56188,-0.0627908,-1.56323
0.0208868,0.0637347,0.0290734;-1.56798,0.0285064,-1.56516
0.0215768,0.0687163,0.0346157;-1.6508,0.19221,-1.55256
0.0248765,0.0736681,0.0346693;-1.64925,0.262946,-1.58194
0.0236165,0.0753336,0.0299438;-1.58871,0.184789,-1.58316
0.0231283,0.0773577,0.0286447;-1.57082,0.0695891,-1.57434
0.0228958,0.0777223,0.0287107;-1.57062,0.0385592,-1.56446
0.0238688,0.078712,0.0286821;-1.57065,0.0940302,-1.56594
0.0263697,0.0807857,0.0299809;-1.55833,0.225579,-1.57796
0.0311456,0.0942195,0.0414496;-1.69343,0.417199,-1.56634
0.0338666,0.101442,0.0350572;-1.68665,0.323024,-1.55452
0.03714,0.102004,0.0286441;-1.5694,0.18137,-1.57584
0.0354613,0.101143,0.0287117;-1.57033,0.0472753,-1.56476
0.036488,0.102396,0.0285949;-1.57036,0.130901,-1.57031
0.037681,0.104718,0.0286556;-1.57104,0.296864,-1.56602
0.0358506,0.0979218,0.0414875;-1.5617,0.598253,-1.59591
0.0380802,0.103911,0.0424715;-1.64406,0.47824,-1.56504
0.0429642,0.108386,0.0305356;-1.59889,0.316704,-1.57782
0.0411895,0.109105,0.0286487;-1.57069,0.0304864,-1.56741
0.0424876,0.110371,0.028615;-1.57028,0.116308,-1.5695
0.0442447,0.112407,0.0287704;-1.57226,0.218133,-1.56278
0.0426903,0.121281,0.0384177;-1.74183,0.576985,-1.51295
0.0450959,0.121634,0.0387991;-1.71692,0.495053,-1.53358
0.0480008,0.115606,0.0308861;-1.57531,0.354614,-1.60168
0.0461224,0.118879,0.0285773;-1.57059,0.114882,-1.57042
0.0459675,0.119087,0.0285827;-1.57049,0.109041,-1.57056
0.0469714,0.119852,0.028805;-1.56597,0.15557,-1.56563
0.0497606,0.132126,0.0384656;-1.70469,0.432278,-1.52542
0.0509067,0.134945,0.0382323;-1.63211,0.429605,-1.55768
0.0554508,0.137515,0.0302611;-1.57214,0.323323,-1.59925
0.0547721,0.143258,0.0287182;-1.56461,0.121892,-1.57052
0.054569,0.142864,0.028571;-1.57148,0.152262,-1.56957
0.0557054,0.143362,0.0288624;-1.5659,0.221287,-1.56313
0.0610946,0.150594,0.0353118;-1.50637,0.443184,-1.59751
0.0680796,0.159456,0.0375322;-1.58822,0.409187,-1.58924
0.0752522,0.170386,0.0356621;-1.68184,0.368077,-1.55998
0.0791213,0.171747,0.0286173;-1.57161,0.114446,-1.5735
0.0776183,0.171896,0.0287886;-1.56581,0.040454,-1.56589
0.0798308,0.174294,0.0286772;-1.57088,0.177499,-1.56614
0.0817829,0.176463,0.0286784;-1.57416,0.340827,-1.56836
0.0825062,0.175658,0.0408222;-1.61965,0.602643,-1.58041
0.0897852,0.184416,0.0385341;-1.70665,0.481887,-1.55661
0.0955344,0.186731,0.0316339;-1.5902,0.337469,-1.5992
0.0992908,0.192862,0.0286251;-1.57138,0.0744034,-1.5737
0.0997448,0.193174,0.0285755;-1.57087,0.10905,-1.57118
0.101441,0.195444,0.0287751;-1.57253,0.242228,-1.56238
0.098852,0.201751,0.0383456;-1.7317,0.591253,-1.52114
0.102504,0.205041,0.0378373;-1.69257,0.534315,-1.54958
0.10821,0.201894,0.0323893;-1.59345,0.390439,-1.60385
0.107518,0.203569,0.0287091;-1.56906,0.182907,-1.57639
0.107209,0.204145,0.0285773;-1.57081,0.154372,-1.57073
0.108271,0.205182,0.0286501;-1.56989,0.215713,-1.56844
0.111878,0.213474,0.0396131;-1.70047,0.535094,-1.52714
0.113883,0.216896,0.0391627;-1.63439,0.547816,-1.56849
0.119734,0.222276,0.0322373;-1.59082,0.449729,-1.60441
0.123922,0.229917,0.0288406;-1.56415,0.263942,-1.57851
0.123616,0.229958,0.0285781;-1.57066,0.256549,-1.57091
0.124385,0.230165,0.0286686;-1.57099,0.327416,-1.56638
0.128734,0.235781,0.0358529;-1.58874,0.578636,-1.56975
0.134172,0.243604,0.0398837;-1.73067,0.605755,-1.51973
0.141941,0.249918,0.0356511;-1.66575,0.530212,-1.56504
0.152185,0.255173,0.0289678;-1.57824,0.294908,-1.57993
0.152324,0.256046,0.02871;-1.57061,0.256939,-1.57703
0.152452,0.255938,0.0285852;-1.57017,0.287904,-1.57095
0.152084,0.254558,0.030675;-1.59711,0.603178,-1.55678
0.151213,0.249294,0.0388293;-1.56648,0.753755,-1.5877
0.15826,0.254855,0.0402327;-1.62334,0.721282,-1.57729
0.173438,0.264678,0.0300465;-1.57146,0.468178,-1.59842
0.176708,0.26894,0.0288482;-1.57454,0.330843,-1.57869
0.176959,0.269489,0.028649;-1.57073,0.286462,-1.5741
0.18123,0.273764,0.0292831;-1.57362,0.552245,-1.55772
0.180531,0.278165,0.0343167;-1.69954,0.73179,-1.49291
0.180451,0.27801,0.0377826;-1.75178,0.80126,-1.47955
0.188538,0.273888,0.0308049;-1.56271,0.595231,-1.61622
0.189359,0.277728,0.0289679;-1.57819,0.485111,-1.57789
0.189003,0.278898,0.0286854;-1.57042,0.400894,-1.57631
0.190658,0.279568,0.0286252;-1.57065,0.479092,-1.56838
0.194358,0.284955,0.0316076;-1.62426,0.615861,-1.54151
0.195724,0.288994,0.039116;-1.76899,0.80048,-1.4596
0.206687,0.294463,0.0314092;-1.57986,0.690044,-1.60471
0.211208,0.298982,0.0290838;-1.57135,0.580431,-1.5855
0.212486,0.300907,0.0287093;-1.57056,0.471145,-1.57703
0.211564,0.298513,0.0285807;-1.57009,0.615652,-1.57117
0.212558,0.299336,0.0298081;-1.55868,0.733586,-1.58219
0.216597,0.302871,0.0387306;-1.62767,0.889781,-1.54458
0.238688,0.314066,0.0327993;-1.63102,0.73363,-1.56533
0.245189,0.315344,0.029777;-1.57326,0.630078,-1.59358
0.249087,0.319069,0.0289616;-1.5734,0.534846,-1.57998
0.246798,0.318246,0.0285778;-1.57037,0.650121,-1.57096
0.243927,0.317504,0.0295755;-1.57385,0.789772,-1.55967
0.238897,0.311668,0.0347124;-1.6015,0.966271,-1.54938
0.252956,0.317873,0.0349889;-1.69336,0.906198,-1.51504
0.260236,0.316931,0.0304009;-1.56914,0.779084,-1.60626
0.266091,0.320725,0.0291236;-1.57741,0.653739,-1.58009
0.266833,0.321582,0.0286497;-1.57074,0.621824,-1.57421
0.266772,0.321006,0.0286317;-1.57125,0.763304,-1.56745
0.268218,0.324433,0.0314091;-1.61028,0.933858,-1.5244
0.272448,0.325603,0.0353531;-1.76297,1.03086,-1.43465
0.274543,0.323081,0.03195;-1.61149,0.937785,-1.57425
0.279407,0.322041,0.0302401;-1.57398,0.84423,-1.5982
0.279933,0.324849,0.0287111;-1.57289,0.72607,-1.57411
0.279683,0.324319,0.028577;-1.57086,0.769145,-1.57074
0.283431,0.325593,0.0292834;-1.5676,0.886107,-1.5659
0.291156,0.332281,0.0369327;-1.85246,1.11315,-1.34769
0.297127,0.333696,0.0341943;-1.71047,1.061,-1.48188
0.301604,0.332392,0.0305068;-1.5611,0.980055,-1.61601
0.307602,0.33729,0.0287029;-1.57163,0.771464,-1.57533
0.306125,0.336519,0.0285821;-1.57074,0.835128,-1.57102
0.306547,0.335028,0.0285974;-1.57023,0.963316,-1.57018
0.317678,0.341702,0.0394836;-1.95038,1.19876,-1.24984
0.328333,0.345414,0.0356002;-1.8245,1.17198,-1.36942
0.335023,0.342163,0.0311584;-1.59543,1.04952,-1.58363
0.34391,0.34442,0.0289852;-1.5693,0.872947,-1.5825
0.342816,0.3448,0.0286906;-1.56698,0.895783,-1.58126
0.338931,0.345043,0.02865;-1.57081,1.03759,-1.5741
0.331672,0.341915,0.0368187;-1.82586,1.35225,-1.33676
0.340684,0.343784,0.0384227;-1.97888,1.3169,-1.21159
0.349502,0.342933,0.0315588;-1.62845,1.21988,-1.54984
0.360778,0.342419,0.0291597;-1.57785,1.00136,-1.57856
0.360865,0.34284,0.0288179;-1.57345,0.995644,-1.57824
0.359001,0.343042,0.0287389;-1.57072,1.07217,-1.57837
0.359001,0.343042,0.0287389;-1.57072,1.07217,-1.57837
0.355511,0.344744,0.0293366;-1.5688,1.23808,-1.56836
0.355511,0.344744,0.0293366;-1.5688,1.23808,-1.56836
