0,0,0.11;-1.57,-2.98023e-08,-1.57
0,0,0.11;-1.57,-2.98023e-08,-1.57
0,0,0.11;-1.57,-2.98023e-08,-1.57
-0.000389009,0.00252731,0.0285853;-1.57055,-0.246595,-1.57058
-0.000427904,0.00334376,0.0285801;-1.57079,-0.190128,-1.57094
-7.52561e-05,0.00329421,0.0287895;-1.56064,-0.15638,-1.56903
9.40075e-05,0.00121662,0.0290735;-1.55591,-0.0581885,-1.56035
0.0015112,-0.00823177,0.028781;-1.57113,-0.170545,-1.56128
0.0025414,-0.0124116,0.0291625;-1.5747,-0.297778,-1.56189
-0.000135108,-0.0184153,0.0287641;-1.57773,-0.469906,-1.57127
0.000628223,-0.0138297,0.0287704;-1.57569,-0.518849,-1.578
6.94177e-05,-0.0143282,0.0288213;-1.57397,-0.468139,-1.58082
-0.000545185,-0.0158598,0.0288942;-1.56113,-0.400797,-1.57299
0.00312874,-0.0267954,0.0298161;-1.5359,-0.266675,-1.56355
0.00348514,-0.0282658,0.0288971;-1.5579,-0.250296,-1.57014
0.00449115,-0.0298296,0.028595;-1.57091,-0.192643,-1.57172
0.00467936,-0.032066,0.0287878;-1.5705,-0.252874,-1.56106
0.0048835,-0.0306197,0.028895;-1.5676,-0.225542,-1.55799
0.00480659,-0.0239709,0.0287867;-1.57006,-0.156217,-1.55993
0.00644974,-0.0137825,0.0298784;-1.55192,-0.0409601,-1.55798
0.00716873,-0.0146571,0.0287181;-1.56696,-0.0473177,-1.56791
0.00646393,-0.0181204,0.0289948;-1.58662,-0.0282489,-1.58048
0.00733018,-0.022839,0.0294727;-1.59043,-0.0489673,-1.5861
0.00994039,-0.015976,0.0314457;-1.60205,-0.0974047,-1.60345
0.0109721,-0.0154032,0.030024;-1.59487,-0.0919149,-1.58869
0.0097089,-0.00872024,0.0297936;-1.57569,-0.0565719,-1.59034
0.00714505,0.00296074,0.029751;-1.57485,-0.0374089,-1.58395
0.0160354,0.0167898,0.029364;-1.57006,-0.218609,-1.59051
0.0155072,0.0172765,0.0294992;-1.57756,-0.229953,-1.59016
0.015399,0.016221,0.0289941;-1.57654,-0.220219,-1.5861
0.0141934,0.0152209,0.0301747;-1.5483,-0.143017,-1.57507
0.0112012,0.00864529,0.0352319;-1.47109,-0.0185794,-1.57767
0.0108325,0.00126214,0.0399079;-1.3629,0.104524,-1.59499
0.015632,-0.000754339,0.0362637;-1.5027,-0.0296591,-1.63333
0.014704,-0.003603,0.0334766;-1.59151,-0.0851474,-1.61813
0.0120813,-0.015943,0.0303408;-1.54674,-0.142852,-1.58905
0.0119172,-0.0114619,0.0293641;-1.57407,-0.196752,-1.58284
0.0119655,-0.00818135,0.0300188;-1.54097,-0.183882,-1.56651
0.012107,0.00445176,0.0321396;-1.51717,-0.203555,-1.54755
0.0159738,0.00461512,0.0343356;-1.49729,-0.239789,-1.5752
0.0120806,0.00262648,0.0297743;-1.57219,-0.342408,-1.5828
0.0104091,-0.00192696,0.0293436;-1.58145,-0.412619,-1.58527
0.0081846,-0.0214685,0.0296006;-1.57317,-0.277981,-1.59166
0.0109501,-0.0292767,0.0316015;-1.53341,-0.186373,-1.58876
0.0134052,-0.0289551,0.0343828;-1.47815,-0.154235,-1.57586
0.0122893,-0.0306842,0.0351576;-1.46246,-0.127496,-1.58251
0.0108354,-0.0294763,0.035515;-1.46777,-0.151066,-1.5906
0.0082253,-0.0273864,0.0328175;-1.53958,-0.187566,-1.61706
0.00908842,-0.0362985,0.0302222;-1.56615,-0.103835,-1.59932
0.0113261,-0.0387487,0.0313938;-1.54332,-0.0637566,-1.60108
0.0147987,-0.0428268,0.0330866;-1.49886,-0.00959697,-1.5926
0.0201467,-0.0447977,0.0349918;-1.44367,0.107591,-1.58522
0.0172414,-0.0438187,0.0365646;-1.43042,0.0497085,-1.58697
0.015576,-0.0420565,0.035737;-1.46468,0.0280815,-1.60221
0.0171243,-0.0461418,0.0311576;-1.55111,0.0677732,-1.61083
0.0173724,-0.0441691,0.0295858;-1.55127,0.0500938,-1.59026
0.0165221,-0.0418907,0.0317267;-1.51713,0.0322776,-1.59149
0.0122113,-0.0330575,0.0360765;-1.45974,-0.0469136,-1.6041
0.00816902,-0.0255733,0.0347056;-1.48884,-0.138975,-1.59398
0.00664856,-0.0165034,0.0346129;-1.49425,-0.189098,-1.5991
0.00682648,-0.0140321,0.0321092;-1.58184,-0.25233,-1.61938
0.0101225,-0.00863386,0.0315052;-1.58616,-0.333154,-1.61178
0.011924,-0.00329646,0.0296981;-1.59196,-0.399812,-1.58924
0.012744,0.00776541,0.0303475;-1.56628,-0.270395,-1.56816
0.0120488,0.0137714,0.0319677;-1.56377,-0.236805,-1.54544
0.0145088,0.0254226,0.0336095;-1.52256,-0.270255,-1.53945
0.0200643,0.0295285,0.0353712;-1.49333,-0.315334,-1.59218
0.0197409,0.0266529,0.0334412;-1.53962,-0.351642,-1.60608
0.0176668,0.0204719,0.0314225;-1.55919,-0.34258,-1.60288
0.0143148,0.0330182,0.0359127;-1.55189,-0.158531,-1.53823
0.0155209,0.042842,0.036794;-1.63578,-0.142252,-1.5315
0.0171744,0.0484683,0.0378356;-1.65406,-0.179556,-1.5259
0.0188061,0.0455658,0.0416133;-1.73364,-0.219341,-1.542
0.01977,0.0416546,0.0419995;-1.727,-0.241277,-1.53263
0.0192889,0.0403563,0.0429681;-1.72572,-0.259646,-1.522
0.0121629,0.0465311,0.0471977;-1.77804,-0.192591,-1.50111
0.00979665,0.049967,0.0454197;-1.72775,-0.155647,-1.4863
0.00680812,0.05079,0.0450755;-1.69853,-0.121937,-1.47107
0.00998328,0.0498777,0.0447251;-1.80877,-0.0148844,-1.53115
0.0137539,0.0524548,0.0431124;-1.83036,-0.0634344,-1.5626
0.0167862,0.0523893,0.0422182;-1.80933,-0.112426,-1.57591
0.018684,0.0469583,0.0430082;-1.76611,-0.16488,-1.54361
0.0170286,0.0484405,0.0407496;-1.69427,-0.141396,-1.51125
0.0137131,0.0514976,0.0391808;-1.65172,-0.0921946,-1.49319
0.00544728,0.0477427,0.041304;-1.68669,-0.0517357,-1.48244
0.00464775,0.0415073,0.0417294;-1.69471,-0.0412306,-1.50351
0.00840644,0.0410247,0.0403565;-1.72936,-0.050583,-1.53309
0.00859792,0.0330145,0.040387;-1.69926,-0.129247,-1.50604
0.00872464,0.0306859,0.0386983;-1.6407,-0.130413,-1.4884
0.00702389,0.0353155,0.0393144;-1.63711,-0.0583492,-1.47195
0.00550826,0.0310882,0.0372922;-1.55954,-0.0671576,-1.4728
0.00937596,0.0320763,0.0344409;-1.57069,-0.0801647,-1.49936
0.0111388,0.0344858,0.0312664;-1.5847,-0.0605861,-1.5331
0.00987135,0.0283547,0.0298133;-1.57512,-0.0709048,-1.56878
0.00476808,0.0283153,0.0332081;-1.59437,-0.046607,-1.51414
-0.000139672,0.0309308,0.0367952;-1.61045,0.00304062,-1.47199
-0.0120108,0.0315516,0.0415189;-1.64782,0.136054,-1.43204
-0.0183698,0.0137896,0.0428808;-1.68883,0.188642,-1.44043
-0.0117084,0.0126622,0.0421111;-1.72182,0.105827,-1.47728
-0.00786174,0.00990807,0.0388244;-1.71946,0.064696,-1.52156
-0.00663681,0.00475834,0.0296476;-1.58547,0.0406097,-1.57021
-0.00340355,0.0126828,0.030921;-1.59129,0.106938,-1.546
-0.00276567,0.0189863,0.032859;-1.58484,0.134007,-1.51426
-0.0144696,0.013995,0.0387697;-1.61301,0.164139,-1.47026
-0.0205689,-9.08259e-05,0.0381994;-1.59616,0.150883,-1.47959
-0.019858,-0.00197786,0.0371464;-1.66431,0.163256,-1.50458
-0.0146103,0.00181636,0.0454808;-1.83523,0.16467,-1.48181
-0.0142943,0.00123741,0.0455222;-1.80476,0.155659,-1.46838
-0.017249,-0.00626765,0.0439369;-1.68055,0.156256,-1.48763
-0.0107454,-0.010212,0.0420213;-1.53882,0.100316,-1.56992
0.00239035,-0.00317692,0.0422852;-1.65999,0.0784649,-1.57075
0.0127801,0.00253879,0.0383187;-1.76346,0.0660332,-1.56403
0.0105565,0.00570457,0.0398558;-1.80059,0.063949,-1.55782
0.00564596,0.00744775,0.0408533;-1.77681,0.125444,-1.52234
-0.00230718,0.00717243,0.0413097;-1.76377,0.190542,-1.49894
-0.00872977,-0.000826531,0.0478803;-1.75417,0.246644,-1.48789
-0.00412512,-0.00324685,0.0479445;-1.70528,0.203273,-1.51246
0.00231969,-0.005394,0.0451983;-1.76655,0.143174,-1.51736
0.0079303,0.000425735,0.0364266;-1.70571,0.0241272,-1.5719
0.0126917,0.015295,0.0373934;-1.70224,-0.0248566,-1.56035
0.0159517,0.0242815,0.0384315;-1.7132,-0.0745631,-1.53954
0.00462263,0.0222867,0.0383472;-1.65952,0.00324289,-1.49768
-0.00666728,0.0138365,0.0408778;-1.71073,0.0521812,-1.49788
-0.0125397,0.000277626,0.0446289;-1.74884,0.113908,-1.48429
-0.00998641,-0.0238215,0.0446085;-1.81834,0.151588,-1.52212
-0.00496201,-0.0165197,0.0406435;-1.79704,0.137419,-1.54009
0.00137495,-0.00748457,0.0344412;-1.66411,0.0787078,-1.58191
0.00727787,0.00183919,0.0307617;-1.57385,-0.064098,-1.53805
0.00442034,-0.00315021,0.0341724;-1.55078,-0.120516,-1.50303
-0.00277255,-0.00810913,0.036888;-1.54465,-0.0730537,-1.477
-0.0067379,-0.0149966,0.0375593;-1.5896,0.10909,-1.46848
-0.0114478,-0.0190975,0.0352535;-1.60469,0.207103,-1.4842
-0.0140122,-0.0152876,0.0355099;-1.62763,0.253512,-1.48582
-0.0109592,-0.0143625,0.0355976;-1.58461,0.196343,-1.48776
-0.00548928,-0.00273357,0.0339424;-1.57646,0.166469,-1.48752
-0.000172353,-0.00151697,0.0335473;-1.56237,0.0913945,-1.50019
0.00224057,-0.00611126,0.0289325;-1.58196,0.104456,-1.56369
-0.0012268,-0.00845331,0.0298377;-1.60802,0.176943,-1.56457
-0.00505791,-0.00890937,0.032001;-1.6444,0.249616,-1.54991
-0.0175984,-0.0108838,0.0392531;-1.71884,0.385558,-1.45625
-0.0252822,-0.0157285,0.0391111;-1.64848,0.380873,-1.43714
-0.0333978,-0.0243614,0.0392973;-1.58947,0.363784,-1.43401
-0.0138505,-0.00969029,0.0373714;-1.57128,0.173746,-1.47069
-0.00252862,-0.00857348,0.0328622;-1.5753,0.0631384,-1.51377
0.000182701,-0.0104065,0.0292422;-1.56515,0.0713555,-1.56269
-0.000390092,-0.0110173,0.0293939;-1.55798,0.187983,-1.5787
-0.00425581,-0.0137066,0.0303041;-1.5496,0.236342,-1.5784
-0.0108399,-0.0146342,0.033284;-1.56717,0.332789,-1.5573
-0.0296121,-0.0338912,0.0397446;-1.62172,0.359561,-1.49424
-0.0307382,-0.0361768,0.0427514;-1.65849,0.322832,-1.48892
-0.0264989,-0.0347205,0.0446274;-1.72307,0.301415,-1.4732
-0.00989355,-0.0197048,0.0454168;-1.8182,0.258637,-1.44802
-0.00521185,-0.0180136,0.0425616;-1.77595,0.256424,-1.46717
-6.52308e-05,-0.018073,0.0396055;-1.72912,0.258067,-1.49931
-0.01399,-0.0445788,0.0368154;-1.44898,0.159697,-1.62979
-0.0142262,-0.0597049,0.0397023;-1.41929,0.257892,-1.67201
-0.0152628,-0.0665828,0.0421173;-1.39422,0.281483,-1.69909
-0.0143349,-0.0645477,0.0383987;-1.46246,0.277218,-1.66822
-0.0163962,-0.0613305,0.037894;-1.47983,0.255999,-1.66395
-0.0178691,-0.0607379,0.0403898;-1.41977,0.268116,-1.68136
-0.0197258,-0.0640545,0.0399668;-1.42716,0.30673,-1.67536
-0.0173498,-0.0719252,0.0399481;-1.38786,0.402877,-1.68218
-0.0149704,-0.0830719,0.0364515;-1.38301,0.504721,-1.66444
-0.0133255,-0.0838602,0.0366779;-1.48248,0.51029,-1.68069
-0.0149875,-0.0838824,0.0367859;-1.4451,0.49489,-1.67408
-0.0163098,-0.0839929,0.0367589;-1.43327,0.509435,-1.67259
-0.01495,-0.0751758,0.0385863;-1.4388,0.439957,-1.6795
-0.0137619,-0.069989,0.0415444;-1.4452,0.389459,-1.70829
-0.00804363,-0.0728744,0.0419899;-1.49476,0.386378,-1.71753
-0.00742738,-0.0756829,0.0371161;-1.59107,0.346498,-1.6679
-0.0102001,-0.0706754,0.0375734;-1.56657,0.266568,-1.67333
-0.0124096,-0.064656,0.0376183;-1.54152,0.245873,-1.6712
-0.0053735,-0.0540626,0.0395334;-1.51347,0.31671,-1.70819
-0.00864132,-0.0532589,0.0392718;-1.52423,0.241802,-1.69891
-0.00645105,-0.0488496,0.0380215;-1.58676,0.197414,-1.68558
0.00503828,-0.0365134,0.036651;-1.60499,0.0901105,-1.6579
0.00801801,-0.0352399,0.035117;-1.60146,0.0414794,-1.64448
0.0151677,-0.0292142,0.0331883;-1.62307,-0.0160652,-1.61253
0.0143155,-0.0302848,0.0367205;-1.59468,-0.0147622,-1.66506
0.00992812,-0.0332257,0.0376983;-1.58953,-0.00547614,-1.67123
0.00542996,-0.0366969,0.0386537;-1.56046,-0.020738,-1.67512
0.00542996,-0.0366969,0.0386537;-1.56046,-0.020738,-1.67512
0.00522949,-0.0351065,0.0369726;-1.56209,-0.0773898,-1.65685
0.00522949,-0.0351065,0.0369726;-1.56209,-0.0773898,-1.65685
