0,0,0.11;-1.57,-2.98023e-08,-1.57
0,0,0.11;-1.57,-2.98023e-08,-1.57
0,0,0.11;-1.57,-2.98023e-08,-1.57
-0.00086889,-0.00133666,0.0286385;-1.56781,-0.271883,-1.56861
0.000453337,0.00127699,0.0285881;-1.57029,-0.126135,-1.57079
0.00160703,0.00491311,0.0291372;-1.56174,0.0423318,-1.56693
0.00190271,-0.00613421,0.0331016;-1.58116,0.163025,-1.59416
0.00248324,-0.0100981,0.0295163;-1.57163,-0.028156,-1.59308
0.00471595,-0.000549602,0.0299818;-1.59767,-0.150832,-1.58983
0.00747405,0.00631015,0.0293189;-1.59365,-0.251075,-1.58514
0.00610582,0.00396364,0.0288201;-1.57093,-0.146803,-1.58223
0.0051719,0.00210566,0.0288932;-1.57528,0.0177461,-1.57629
0.00546026,0.00137757,0.0319917;-1.51807,0.241758,-1.57754
0.006513,-0.00222858,0.0299427;-1.54998,0.137522,-1.57711
0.00526935,0.000588687,0.0286661;-1.57064,-0.00371388,-1.57494
0.00547113,0.00224485,0.0285804;-1.57112,-0.145661,-1.57067
0.00578011,0.00374178,0.0285792;-1.57084,-0.0818348,-1.57084
0.00663313,0.00646312,0.0288077;-1.57418,0.0115082,-1.57807
0.00798278,0.0210759,0.0337926;-1.65986,0.158425,-1.5731
0.0068098,0.0183823,0.038534;-1.70042,0.228192,-1.59262
0.00763556,0.0176059,0.0350068;-1.67105,0.138336,-1.58184
0.00843471,0.015883,0.0289501;-1.57276,0.0215039,-1.58694
0.00971683,0.0169992,0.028585;-1.5707,-0.0509565,-1.57058
0.0111647,0.0190932,0.0286836;-1.57107,0.074124,-1.5656
0.012428,0.0227861,0.0289066;-1.56338,0.231517,-1.56656
0.0116083,0.0253369,0.02952;-1.57165,0.306872,-1.56685
0.0124718,0.0222731,0.0293835;-1.57154,0.232761,-1.58982
0.0161628,0.0336916,0.0293683;-1.59061,-0.0228127,-1.58246
0.0202443,0.0381825,0.0292903;-1.60248,-0.100863,-1.57895
0.0174848,0.0346038,0.0298888;-1.61085,-0.0244558,-1.5746
0.00886539,0.0281754,0.0329511;-1.63108,0.323244,-1.57172
0.00949207,0.0328707,0.036809;-1.69419,0.468582,-1.5483
0.0093739,0.0202304,0.034666;-1.64473,0.406512,-1.57253
0.00438319,0.0176405,0.0287227;-1.5711,0.080976,-1.57786
0.00549658,0.020085,0.028618;-1.57106,-0.0352881,-1.57281
0.00651128,0.0213852,0.0285789;-1.57057,-0.0479042,-1.57031
0.00780841,0.0246229,0.028835;-1.57216,0.190731,-1.56854
0.0053763,0.0278587,0.0343123;-1.66408,0.37633,-1.55023
0.00484902,0.0202248,0.0382581;-1.7025,0.43873,-1.55768
0.00114887,0.00169843,0.036598;-1.65158,0.250097,-1.61072
-0.004292,-0.00389772,0.0336621;-1.59704,0.200215,-1.62302
-0.00459104,-0.00310641,0.0300866;-1.59271,0.191179,-1.58376
-0.00228251,-0.0012046,0.028694;-1.56997,0.285871,-1.5662
0.000298223,0.00383637,0.0296728;-1.56838,0.457226,-1.5645
-0.00314654,0.00265881,0.0303073;-1.56957,0.650521,-1.56711
-0.00733636,-0.00624686,0.0297818;-1.55195,0.420573,-1.59728
-0.00879707,-0.00045048,0.0288855;-1.57103,0.289056,-1.58382
-0.007531,0.00177786,0.0290719;-1.58419,0.228733,-1.57816
-0.00785413,-0.00119421,0.0291162;-1.57358,0.355946,-1.58814
-0.00176889,0.00506106,0.0324631;-1.594,0.495233,-1.58804
0.00314056,0.0182387,0.0385899;-1.75835,0.635284,-1.49704
0.00121204,0.000785397,0.0320114;-1.59363,0.474986,-1.60077
-0.00118369,0.000231553,0.0294049;-1.57157,0.375043,-1.58987
-0.000605783,0.00266108,0.0288444;-1.57266,0.301066,-1.58088
0.000899636,0.00283625,0.0286183;-1.57068,0.400197,-1.56898
0.00406374,0.00728836,0.0292368;-1.56786,0.553529,-1.56411
0.00348974,0.0143537,0.0308174;-1.56413,0.745362,-1.54986
-0.00218875,-0.000249043,0.0299919;-1.56897,0.600671,-1.5983
-0.000348049,0.000265939,0.0318052;-1.56965,0.445232,-1.62263
0.00818579,0.00519487,0.0354974;-1.6205,0.310214,-1.62782
0.0294889,0.0235162,0.0323452;-1.65866,0.259844,-1.54937
0.0280977,0.0312043,0.0324628;-1.64962,0.389423,-1.54226
0.0248204,0.0408352,0.0324812;-1.63452,0.578814,-1.52791
0.0148426,0.0217487,0.029204;-1.56241,0.656508,-1.57375
0.0117269,0.0170182,0.0291788;-1.55457,0.526695,-1.58763
0.01129,0.0216765,0.0290288;-1.56679,0.370068,-1.58823
0.0141329,0.0298461,0.028831;-1.57195,0.217118,-1.58203
0.014176,0.0301987,0.0287766;-1.5746,0.261183,-1.57776
0.0149092,0.0346961,0.0297705;-1.58994,0.37126,-1.56286
0.00978447,0.0410291,0.0391381;-1.77983,0.616914,-1.48186
0.00749102,0.0330664,0.0374324;-1.73472,0.550014,-1.51421
0.00277678,0.021914,0.0337715;-1.633,0.476648,-1.58258
0.00105808,0.0208142,0.0308521;-1.58425,0.418366,-1.59606
0.00402853,0.0236076,0.0287617;-1.57019,0.402718,-1.58015
0.00551023,0.0246221,0.0286595;-1.56816,0.452658,-1.5692
0.00688143,0.0346055,0.0318464;-1.57724,0.808924,-1.53364
0.00249877,0.0236482,0.0292913;-1.55903,0.747414,-1.57106
-0.000702417,0.0182834,0.0287696;-1.5723,0.650108,-1.57829
0.00285009,0.0234352,0.0330127;-1.61291,0.501308,-1.59566
0.00604596,0.0252616,0.0345085;-1.56956,0.570755,-1.65403
0.00988594,0.0260655,0.0340575;-1.64434,0.691825,-1.5643
0.0210653,0.0421609,0.0332401;-1.72242,1.02588,-1.45145
0.0217887,0.0419655,0.0336567;-1.71863,0.931038,-1.46153
0.0205142,0.0373231,0.0288311;-1.56751,0.800379,-1.58322
0.0215615,0.0433647,0.0291737;-1.57111,0.540191,-1.58495
0.0208338,0.0426738,0.0289362;-1.56631,0.582436,-1.58669
0.0230213,0.0436437,0.028751;-1.56695,0.602717,-1.57818
0.0274755,0.0582299,0.0324348;-1.65654,0.94365,-1.49953
0.0258728,0.0535583,0.0351402;-1.76972,0.918747,-1.42576
0.0140473,0.0380232,0.0342673;-1.69896,0.87874,-1.49895
0.0133097,0.0353553,0.0351106;-1.62873,0.654848,-1.59999
0.0260043,0.041326,0.0347886;-1.56164,0.659639,-1.66197
0.0455359,0.0533679,0.031352;-1.58078,0.641272,-1.60474
0.0580411,0.0735568,0.0320672;-1.63269,0.883842,-1.5171
0.0519587,0.0705633,0.0294097;-1.57238,0.915541,-1.56187
0.0428449,0.0620696,0.0290863;-1.56948,0.892004,-1.56489
0.0379072,0.0598244,0.0285861;-1.5724,0.720842,-1.56956
0.0481751,0.0639414,0.0313765;-1.58714,0.590339,-1.5985
0.0562464,0.0707705,0.0310243;-1.56814,0.561172,-1.61385
0.0696906,0.0809237,0.031485;-1.56776,0.610394,-1.60901
0.085243,0.100204,0.0359684;-1.76385,0.803891,-1.4431
0.0846572,0.0951157,0.0337772;-1.70078,0.742345,-1.48693
0.0807219,0.0882505,0.0286343;-1.56862,0.685669,-1.57715
0.081984,0.0890526,0.0287527;-1.57167,0.597449,-1.57838
0.0845041,0.0901418,0.0288686;-1.57106,0.588073,-1.58397
0.0850053,0.0892542,0.0289711;-1.55908,0.642796,-1.58712
0.0954509,0.101698,0.0313232;-1.57662,0.969135,-1.54035
0.0934021,0.0953224,0.0297351;-1.5784,0.903931,-1.55522
0.091693,0.0897442,0.0286906;-1.57824,0.7687,-1.56589
0.0965081,0.0895219,0.0304415;-1.62518,0.602022,-1.54844
0.0985429,0.0908711,0.0322745;-1.64465,0.630122,-1.54718
0.09968,0.0926359,0.0326987;-1.57958,0.712463,-1.618
0.110576,0.10896,0.0333316;-1.73538,1.06228,-1.43672
0.10385,0.101266,0.0295372;-1.57364,1.03654,-1.55866
0.0968676,0.095296,0.0286509;-1.5706,0.910263,-1.5673
0.0938936,0.092851,0.0285799;-1.57112,0.703206,-1.57092
0.0962165,0.0936607,0.0287344;-1.56914,0.6996,-1.57846
0.100335,0.0970695,0.0298538;-1.55191,0.660968,-1.60604
0.118424,0.119885,0.0338107;-1.71336,0.901513,-1.47004
0.113203,0.118519,0.0359779;-1.81284,0.976745,-1.3837
0.0992081,0.107074,0.034871;-1.78058,0.972284,-1.40934
0.0813198,0.102967,0.0296179;-1.62041,1.00317,-1.53875
0.080446,0.104254,0.0291115;-1.60039,1.01854,-1.55555
0.0864658,0.10626,0.0289379;-1.56788,0.949863,-1.58919
0.103243,0.111223,0.0310825;-1.51485,1.0892,-1.63129
0.109257,0.117767,0.032177;-1.52065,1.2619,-1.60966
0.0998416,0.113941,0.029389;-1.56863,1.27414,-1.56708
0.0869439,0.108663,0.0285736;-1.57026,1.06052,-1.57169
0.0875127,0.108718,0.0290232;-1.60558,1.01967,-1.54439
0.0863013,0.108602,0.029311;-1.61362,1.07322,-1.54556
0.104875,0.10827,0.0350657;-1.51376,1.17342,-1.69414
0.133694,0.120851,0.0373091;-1.98583,1.24152,-1.21073
0.13405,0.122129,0.0357749;-2.01527,1.27595,-1.16013
0.118191,0.110411,0.0285595;-1.56916,1.08349,-1.5724
0.116984,0.110452,0.0287039;-1.58061,1.02521,-1.56166
0.117091,0.110081,0.0285773;-1.57094,1.00154,-1.57044
0.120442,0.10993,0.0293915;-1.54137,1.01255,-1.6064
0.130685,0.115126,0.0306368;-1.5345,1.11216,-1.61508
0.145907,0.128009,0.0331587;-1.77037,1.23461,-1.3941
0.142723,0.121594,0.0288723;-1.57374,1.03481,-1.58044
0.151391,0.121336,0.0295267;-1.61849,0.863042,-1.54024
0.161831,0.122051,0.0310723;-1.65037,0.750473,-1.52262
0.170661,0.124509,0.0292766;-1.57229,0.711463,-1.58847
0.180405,0.13245,0.0311989;-1.5494,0.823257,-1.60995
0.19086,0.144769,0.0318943;-1.6012,0.947673,-1.55704
0.179066,0.130315,0.0286001;-1.57144,0.83999,-1.56878
0.176793,0.129011,0.0285673;-1.5719,0.724545,-1.56867
0.176759,0.127763,0.0287787;-1.57944,0.673561,-1.56266
0.180087,0.129626,0.0288135;-1.56792,0.645157,-1.58264
0.194254,0.138319,0.031222;-1.59773,0.675724,-1.57438
0.208017,0.153738,0.0382937;-1.799,0.784869,-1.43577
0.184418,0.14366,0.0357432;-1.76401,0.891436,-1.4401
0.170517,0.139631,0.0289058;-1.57534,0.935854,-1.5798
0.166343,0.140678,0.0291332;-1.61862,1.02141,-1.53214
0.167064,0.144008,0.0285801;-1.57194,1.25642,-1.56935
0.170385,0.142961,0.0290411;-1.50974,1.32,-1.63371
0.183264,0.143028,0.0324116;-1.18674,1.42038,-1.95509
0.19516,0.145196,0.0290458;-1.54034,1.45007,-1.60026
0.191056,0.14561,0.02863;-1.55743,1.3891,-1.58387
0.188729,0.146068,0.0285765;-1.57119,1.28768,-1.57033
0.188357,0.146257,0.0286309;-1.58062,1.32017,-1.56127
0.189698,0.145336,0.0285805;-1.57099,1.41578,-1.57058
0.193298,0.143423,0.0288611;-1.31589,1.53129,-1.82147
0.218217,0.143304,0.0303568;1.83653,1.50477,1.30691
0.21141,0.141776,0.0286263;-1.52571,1.54216,-1.61499
0.207932,0.143273,0.028566;-1.57484,1.43381,-1.56663
0.206949,0.143869,0.0286871;-1.57954,1.37223,-1.55852
0.208665,0.144182,0.0286378;-1.57243,1.42355,-1.56618
0.211515,0.14278,0.0287039;-1.52295,1.52306,-1.61472
0.230586,0.140247,0.0336336;1.87861,1.34669,1.25279
0.221619,0.139227,0.0358966;2.09158,1.36138,1.03367
0.204889,0.139681,0.0290093;1.53983,1.48155,1.58375
0.20751,0.139393,0.0290182;-1.95856,1.52118,-1.18612
0.208343,0.138175,0.0285341;-1.54142,1.50238,-1.59988
0.20971,0.137759,0.0286759;-1.56035,1.52144,-1.57686
0.228285,0.137232,0.0307448;1.60634,1.3722,1.54776
0.222842,0.136326,0.0304896;1.72104,1.38082,1.42213
0.209252,0.137009,0.0286518;1.56321,1.44953,1.57452
0.207563,0.137509,0.0288502;1.8153,1.52652,1.32866
0.208864,0.137579,0.0285719;1.57346,1.48412,1.56784
0.211077,0.137252,0.0286667;1.55234,1.50391,1.58574
0.211077,0.137252,0.0286667;1.55234,1.50391,1.58574
0.227252,0.133204,0.0294474;1.58873,1.46582,1.55059
0.227252,0.133204,0.0294474;1.58873,1.46582,1.55059
