0,0,0.11;-1.57,-2.98023e-08,-1.57
0,0,0.11;-1.57,-2.98023e-08,-1.57
0,0,0.11;-1.57,-2.98023e-08,-1.57
9.41026e-05,0.00260065,0.028826;-1.57625,-0.28921,-1.57885
5.59967e-05,0.0018651,0.0287484;-1.57074,-0.234553,-1.57854
0.00048763,-0.0019727,0.0291738;-1.56587,-0.0494194,-1.57664
0.00119625,0.00154004,0.0301716;-1.56343,0.122284,-1.58451
0.000263749,0.00825957,0.0288513;-1.57038,-0.134685,-1.58364
0.000537934,0.0103205,0.0285821;-1.57084,-0.263292,-1.57066
2.75093e-05,0.00980961,0.0285813;-1.57078,-0.316951,-1.57082
0.000960789,0.0100046,0.0288053;-1.56037,-0.134368,-1.56964
-0.000720239,0.00617611,0.0324792;-1.49045,0.013773,-1.56734
-0.00283745,0.00159058,0.0370717;-1.43905,0.187934,-1.56249
-0.005712,-0.0103455,0.0346786;-1.49392,0.108417,-1.54554
-0.00685199,-0.0148949,0.0298775;-1.55131,-0.0109316,-1.55975
-0.00917272,-0.0175651,0.0286063;-1.57076,-0.172285,-1.56924
-0.00858461,-0.0172824,0.0287265;-1.57064,-0.140442,-1.57782
-0.00717829,-0.0194449,0.0290951;-1.55758,-0.0291184,-1.58165
-0.00636095,-0.0207528,0.0301043;-1.53891,0.113066,-1.57518
-0.00772775,-0.022573,0.0306612;-1.573,0.217655,-1.56494
-0.00770012,-0.0194713,0.0298652;-1.57896,0.0755734,-1.56804
-0.00725812,-0.0195117,0.0286193;-1.57099,-0.0573646,-1.57317
-0.00594963,-0.0169585,0.0285808;-1.57093,-0.236829,-1.57095
-0.00585343,-0.0178284,0.0287646;-1.57062,-0.167756,-1.57966
-0.00419967,-0.0221257,0.029058;-1.55595,-0.00960997,-1.57828
-0.00212234,-0.027291,0.0326674;-1.49399,0.139014,-1.5837
-0.00353943,-0.0314228,0.0325941;-1.49732,0.0924114,-1.57099
-0.00958165,-0.0370472,0.0305394;-1.57248,-0.133909,-1.53574
-0.00724031,-0.0381011,0.0305621;-1.57252,-0.185376,-1.5353
-0.00578083,-0.0376559,0.0293539;-1.55136,-0.170047,-1.55896
-0.00643195,-0.0311099,0.035365;-1.51916,0.16251,-1.54238
-0.00883157,-0.0403488,0.0367937;-1.50353,0.325205,-1.54813
-0.0118488,-0.0508007,0.0375917;-1.49871,0.306658,-1.54231
-0.0201372,-0.0432121,0.0360998;-1.5883,0.0600631,-1.47706
-0.0142675,-0.0322505,0.0375623;-1.59537,-0.0649598,-1.45985
-0.00964828,-0.0325695,0.0364802;-1.58352,-0.133621,-1.46741
-0.00956086,-0.0299705,0.0367127;-1.53632,0.0854348,-1.50964
-0.0178126,-0.040167,0.0411228;-1.48405,0.292506,-1.51261
-0.0218547,-0.0535388,0.0441955;-1.43405,0.381705,-1.52668
-0.0359358,-0.051124,0.0443031;-1.46716,0.145586,-1.47534
-0.0355323,-0.0408494,0.0406484;-1.55683,0.00164077,-1.44156
-0.028177,-0.0319797,0.0407774;-1.59563,-0.116591,-1.41843
-0.028236,-0.0272324,0.0401208;-1.62858,0.0336016,-1.44325
-0.0334137,-0.0414623,0.0445513;-1.50693,0.208631,-1.48993
-0.037257,-0.0642658,0.0447005;-1.44024,0.3782,-1.5131
-0.0488225,-0.0737732,0.044032;-1.45151,0.184032,-1.49412
-0.0477943,-0.0571654,0.0416032;-1.51079,0.0488983,-1.46107
-0.0426758,-0.0405607,0.0399635;-1.59256,-0.0492377,-1.42573
-0.0348501,-0.0326926,0.0398994;-1.57596,-0.00414554,-1.4447
-0.0380209,-0.0426884,0.0426478;-1.46184,0.132838,-1.51113
-0.044274,-0.0601277,0.0443279;-1.41375,0.338408,-1.53929
-0.0545289,-0.0726016,0.0428807;-1.43729,0.238531,-1.51796
-0.0607952,-0.0715501,0.0430412;-1.46766,0.171743,-1.4824
-0.0625205,-0.0640908,0.0423635;-1.49729,0.0562521,-1.45667
-0.0432406,-0.0404969,0.0405176;-1.52661,0.0495881,-1.47027
-0.0418235,-0.0366405,0.0413836;-1.51573,0.174736,-1.49804
-0.0446014,-0.0451615,0.0446876;-1.42669,0.347495,-1.54443
-0.0413011,-0.0686081,0.0414767;-1.37357,0.320743,-1.59999
-0.0453196,-0.0693408,0.0405006;-1.40146,0.257917,-1.57472
-0.0498755,-0.0709344,0.0374414;-1.47374,0.111673,-1.5288
-0.0461924,-0.0512879,0.0367128;-1.57124,-0.00347666,-1.47364
-0.0407145,-0.0397794,0.0370883;-1.60425,0.0716091,-1.46815
-0.0437124,-0.0401547,0.0390672;-1.54986,0.253313,-1.50369
-0.0432419,-0.0711874,0.0428446;-1.41639,0.401741,-1.56627
-0.0472052,-0.0733455,0.0426018;-1.40874,0.308759,-1.56788
-0.049333,-0.0710923,0.0393201;-1.4617,0.155375,-1.53492
-0.0515972,-0.0666232,0.0355209;-1.57846,-0.0825445,-1.4747
-0.0485681,-0.0629566,0.0380385;-1.58414,-0.0350159,-1.46201
-0.0475528,-0.066327,0.038849;-1.52169,0.0793582,-1.50186
-0.0443095,-0.0810445,0.0402264;-1.43308,0.388669,-1.57701
-0.041494,-0.0862673,0.0393219;-1.39424,0.294961,-1.62224
-0.0442881,-0.0881206,0.0358984;-1.43545,0.199682,-1.60971
-0.0491922,-0.0837148,0.0290473;-1.56863,0.00669371,-1.56083
-0.0487248,-0.0832268,0.0299842;-1.56481,0.0448195,-1.55561
-0.0453051,-0.0788267,0.0306831;-1.5554,0.151811,-1.56189
-0.0394765,-0.0758083,0.0327062;-1.49085,0.468691,-1.6228
-0.0401643,-0.0779713,0.0352436;-1.44806,0.407792,-1.63907
-0.0426155,-0.0779825,0.0327538;-1.49628,0.300105,-1.60734
-0.0479438,-0.0641733,0.0286398;-1.56894,0.0321139,-1.57179
-0.0476469,-0.0642496,0.0288149;-1.57022,0.0520876,-1.58174
-0.0457304,-0.066015,0.029362;-1.55563,0.112021,-1.58614
-0.0398765,-0.0838526,0.0352356;-1.44998,0.407789,-1.63096
-0.0396677,-0.088903,0.0380394;-1.40449,0.382237,-1.64234
-0.0419097,-0.087473,0.0333451;-1.4862,0.324665,-1.61718
-0.0464541,-0.0730858,0.0286446;-1.57188,0.0619206,-1.5749
-0.0460391,-0.0728117,0.0289048;-1.56522,0.0621977,-1.58104
-0.0457306,-0.0726188,0.0290125;-1.55927,0.0680091,-1.58069
-0.0435994,-0.0823147,0.0318649;-1.52087,0.316827,-1.60315
-0.0426991,-0.0862218,0.0350907;-1.45761,0.366157,-1.62989
-0.0420844,-0.0893216,0.0337014;-1.48429,0.354704,-1.62392
-0.0463006,-0.0745111,0.0289183;-1.56472,0.13042,-1.5818
-0.0467082,-0.0728812,0.028788;-1.56669,0.0915142,-1.57688
-0.0467077,-0.0714146,0.0288126;-1.56447,0.057515,-1.5759
-0.0459479,-0.0738482,0.0301384;-1.54722,0.261026,-1.58701
-0.043626,-0.0830891,0.0326638;-1.51676,0.37982,-1.62046
-0.043801,-0.0921612,0.0358094;-1.45742,0.455504,-1.65445
-0.0471602,-0.0876673,0.0301882;-1.54859,0.218555,-1.5962
-0.0492697,-0.0799321,0.0287127;-1.56872,0.0522515,-1.57513
-0.0480295,-0.08077,0.0289647;-1.56288,0.101222,-1.58217
-0.0460605,-0.0857186,0.0298857;-1.54851,0.18542,-1.59095
-0.0414908,-0.104178,0.0375446;-1.40743,0.493013,-1.65325
-0.0383706,-0.107673,0.039408;-1.39208,0.441035,-1.66724
-0.0390951,-0.104025,0.0329906;-1.51201,0.34741,-1.62453
-0.0426021,-0.0901876,0.0287862;-1.56751,0.105276,-1.5777
-0.0423253,-0.0893946,0.0288383;-1.56668,0.097426,-1.57931
-0.0405404,-0.0914694,0.0292518;-1.55709,0.166389,-1.58445
-0.0359253,-0.111026,0.038023;-1.38908,0.486081,-1.65254
-0.0364658,-0.112416,0.0388287;-1.39093,0.503651,-1.65036
-0.0376158,-0.108759,0.03489;-1.45178,0.402476,-1.63397
-0.041397,-0.0957009,0.0287013;-1.56865,0.0932421,-1.57464
-0.0410504,-0.0950526,0.0286375;-1.56837,0.0597518,-1.57193
-0.0407479,-0.0925443,0.0293278;-1.56546,0.0985142,-1.56651
-0.0428657,-0.0839131,0.0301999;-1.54582,0.42681,-1.58863
-0.0417377,-0.0943756,0.0341093;-1.46526,0.538406,-1.63519
-0.0416761,-0.10035,0.0374325;-1.38633,0.500911,-1.67293
-0.0454921,-0.082853,0.0289163;-1.56396,0.183525,-1.58129
-0.045949,-0.0801575,0.0288142;-1.56545,0.0932983,-1.57704
-0.0452666,-0.0794653,0.0288162;-1.56433,0.100635,-1.57612
-0.0471388,-0.0772652,0.0317841;-1.53819,0.426627,-1.5755
-0.0531903,-0.0875656,0.0366904;-1.46497,0.574826,-1.61139
-0.0516798,-0.10055,0.0376565;-1.39603,0.611219,-1.67644
-0.0576047,-0.0902841,0.0297778;-1.57572,0.341854,-1.57398
-0.0533946,-0.088985,0.0291881;-1.57369,0.215763,-1.57398
-0.0510471,-0.0889866,0.0288185;-1.56958,0.152408,-1.56935
-0.0536943,-0.0783004,0.0338887;-1.58598,0.392012,-1.51351
-0.0650954,-0.0832456,0.0370523;-1.5605,0.549587,-1.52547
-0.0727546,-0.101736,0.043575;-1.45975,0.648275,-1.58395
-0.0805988,-0.107663,0.0429024;-1.4893,0.433445,-1.53141
-0.070888,-0.0933644,0.0369926;-1.57956,0.264537,-1.47404
-0.0635245,-0.084476,0.037416;-1.59689,0.207132,-1.45435
-0.0609303,-0.075735,0.0388966;-1.60423,0.329059,-1.439
-0.0704366,-0.0798484,0.0445685;-1.55234,0.466366,-1.47255
-0.080125,-0.0937334,0.0510727;-1.44423,0.638014,-1.55959
-0.0726751,-0.0987304,0.0468995;-1.40796,0.529268,-1.59327
-0.0665265,-0.0940323,0.0410636;-1.47015,0.355211,-1.52208
-0.0605655,-0.0919088,0.0385163;-1.53327,0.234248,-1.47665
-0.0524843,-0.0842071,0.0406975;-1.56625,0.353538,-1.4443
-0.054701,-0.0917971,0.0461854;-1.5336,0.467454,-1.48542
-0.0538273,-0.100497,0.050824;-1.42991,0.610411,-1.5743
-0.0505487,-0.106988,0.0427364;-1.34924,0.566415,-1.68363
-0.0470935,-0.100563,0.0355595;-1.42978,0.405153,-1.63224
-0.0469582,-0.09478,0.0339546;-1.45498,0.315674,-1.60996
-0.0448539,-0.0966588,0.0374727;-1.3972,0.347327,-1.63997
-0.0464545,-0.0977812,0.0403629;-1.34683,0.461535,-1.67294
-0.0516184,-0.101685,0.0424817;-1.3048,0.610083,-1.71667
-0.0600861,-0.11191,0.0414936;-1.29803,0.630523,-1.73989
-0.0620832,-0.111377,0.0392631;-1.35479,0.507937,-1.70597
-0.0625962,-0.102965,0.0316946;-1.49862,0.395644,-1.60078
-0.0616384,-0.100479,0.0305474;-1.52238,0.332561,-1.58367
-0.0558814,-0.0966849,0.0347085;-1.48745,0.420253,-1.57346
-0.055708,-0.0936665,0.0388621;-1.46412,0.569655,-1.57692
-0.0656867,-0.110438,0.0390722;-1.36171,0.759821,-1.7142
-0.0724268,-0.111967,0.0360586;-1.41278,0.655491,-1.67674
-0.0719461,-0.105678,0.0313489;-1.51651,0.512614,-1.59872
-0.0693792,-0.101254,0.0290422;-1.5471,0.342333,-1.57838
-0.0668508,-0.101654,0.0305496;-1.52073,0.377889,-1.5891
-0.0664108,-0.101328,0.0325134;-1.49107,0.513767,-1.6077
-0.0779227,-0.110468,0.0356848;-1.39514,0.819327,-1.70665
-0.0831766,-0.119105,0.0363633;-1.40022,0.725887,-1.69144
-0.0859614,-0.115923,0.0312537;-1.51357,0.583972,-1.60759
-0.0819663,-0.109773,0.0286263;-1.57296,0.377933,-1.56929
-0.0819582,-0.110839,0.0288971;-1.5636,0.388148,-1.56827
-0.0777889,-0.108787,0.0304893;-1.55644,0.481961,-1.55972
-0.0889607,-0.111528,0.0351186;-1.54159,0.853096,-1.58671
-0.0975903,-0.121535,0.0382793;-1.50263,0.841234,-1.60488
-0.106965,-0.124138,0.0342852;-1.56689,0.695832,-1.53702
-0.108114,-0.116113,0.0365234;-1.63133,0.530933,-1.45427
-0.104703,-0.117912,0.0373161;-1.63485,0.484432,-1.44854
-0.100409,-0.122372,0.0340728;-1.59027,0.477201,-1.49681
-0.0977667,-0.129019,0.0351773;-1.47763,0.75704,-1.61282
-0.0988739,-0.135066,0.0376679;-1.41142,0.83879,-1.6722
-0.106634,-0.137468,0.0390704;-1.41301,0.75131,-1.64958
-0.118177,-0.123429,0.037209;-1.55666,0.599371,-1.48642
-0.108607,-0.115723,0.0387592;-1.56261,0.542459,-1.45703
-0.102825,-0.119647,0.0376313;-1.54828,0.517709,-1.48624
-0.105938,-0.126338,0.0439851;-1.45568,0.746249,-1.56107
-0.103933,-0.140156,0.0465352;-1.36447,0.863241,-1.66234
-0.105713,-0.146722,0.0441596;-1.29328,0.865583,-1.7306
-0.11986,-0.137663,0.0408873;-1.44902,0.671966,-1.55906
-0.111453,-0.125156,0.0397701;-1.51147,0.571212,-1.49326
-0.104796,-0.119583,0.0382748;-1.53383,0.540262,-1.48554
-0.104796,-0.119583,0.0382748;-1.53383,0.540262,-1.48554
-0.100962,-0.120965,0.0406177;-1.54563,0.576286,-1.47579
-0.100962,-0.120965,0.0406177;-1.54563,0.576286,-1.47579
