0,0,0.11;-1.57,-2.98023e-08,-1.57
0,0,0.11;-1.57,-2.98023e-08,-1.57
0,0,0.11;-1.57,-2.98023e-08,-1.57
-0.000323305,0.00110456,0.0285816;-1.57095,-0.26527,-1.57081
0.00064722,0.00139957,0.0285931;-1.56991,-0.169238,-1.5706
0.00117655,0.00580851,0.0289378;-1.56919,-0.00649409,-1.56479
-0.00175704,0.00943024,0.0296366;-1.57788,0.167532,-1.56546
-0.00236204,0.0110312,0.0289077;-1.57023,-0.120778,-1.58634
-0.000632922,0.0171127,0.0291374;-1.58703,-0.240192,-1.58561
0.000803838,0.0203451,0.0288747;-1.58088,-0.329345,-1.57866
0.0031453,0.0236519,0.0293528;-1.54212,-0.151371,-1.56024
0.00494512,0.0317422,0.0311464;-1.5731,-0.00315175,-1.52898
-0.000110431,0.0318661,0.0335902;-1.58319,0.174637,-1.51021
0.000280825,0.0242364,0.0303362;-1.5697,0.164961,-1.54246
-0.000169341,0.0202257,0.0286924;-1.57079,0.0601091,-1.5654
-0.000595533,0.0193186,0.0285796;-1.57077,-0.0956141,-1.57089
-0.000588918,0.0186651,0.0285795;-1.57086,-0.161101,-1.57093
-0.000536221,0.0184132,0.028745;-1.57489,-0.0784967,-1.57492
0.000824688,0.0234615,0.0314692;-1.60949,0.0641889,-1.56688
-0.00181006,0.0276722,0.0336648;-1.64916,0.279426,-1.54822
-0.00177146,0.0201406,0.0286898;-1.57019,0.21326,-1.56629
-0.00308915,0.017373,0.0286499;-1.57089,0.0772111,-1.56743
-0.00300405,0.0158154,0.0285925;-1.5708,-0.0899627,-1.57021
-0.0012496,0.0177479,0.0289156;-1.55126,-0.0131465,-1.5676
0.00447256,0.0271722,0.0308974;-1.56622,0.0956385,-1.53588
0.00468636,0.0329826,0.0328533;-1.56918,0.234132,-1.51217
0.00235115,0.031548,0.0306333;-1.56087,0.251109,-1.54104
-0.00232897,0.0280056,0.0286382;-1.57119,0.00762786,-1.57355
0.000523034,0.0327208,0.0292181;-1.594,-0.134954,-1.58194
-0.000679714,0.0306943,0.0290584;-1.58265,-0.0865736,-1.58281
0.0039922,0.0359552,0.0298288;-1.56938,0.173093,-1.55507
0.00345038,0.0466563,0.0330863;-1.60918,0.310325,-1.5155
0.00282751,0.0475064,0.0302455;-1.58944,0.336838,-1.5475
0.00202531,0.0432693,0.0285861;-1.57069,0.257171,-1.57048
0.00194567,0.0428025,0.0286171;-1.57101,0.233789,-1.56895
0.00194574,0.0430742,0.028631;-1.57095,0.243437,-1.56824
0.00459731,0.0429536,0.0298347;-1.55216,0.380386,-1.57941
0.0115786,0.0475209,0.034512;-1.48979,0.502967,-1.59027
0.0147682,0.0528656,0.0358022;-1.50702,0.542619,-1.57402
0.00709547,0.0578206,0.0290589;-1.54724,0.388425,-1.57789
0.00418587,0.0570511,0.0292357;-1.54663,0.288871,-1.56892
0.0032595,0.0567821,0.0289609;-1.55814,0.249341,-1.56778
0.00340488,0.0569467,0.0290049;-1.556,0.263536,-1.56838
0.00736145,0.0636371,0.0298206;-1.56776,0.328269,-1.55615
0.00974668,0.0753487,0.0334697;-1.60883,0.465529,-1.51265
0.013235,0.0808702,0.0286169;-1.57217,0.396585,-1.57195
0.0145154,0.0834594,0.0288287;-1.57494,0.262773,-1.58058
0.0177614,0.0858799,0.0290832;-1.58755,0.143106,-1.57825
0.0169995,0.0852052,0.0288002;-1.57252,0.187966,-1.58142
0.0179163,0.0863017,0.0294617;-1.55884,0.285789,-1.57148
0.0221546,0.0921977,0.0326253;-1.52866,0.401963,-1.55414
0.0263468,0.106693,0.0290924;-1.55536,0.342042,-1.56576
0.0243958,0.106214,0.0291636;-1.54689,0.286963,-1.57205
0.0240982,0.10591,0.0292895;-1.54152,0.27976,-1.57226
0.0264498,0.104624,0.030314;-1.52298,0.331141,-1.58062
0.0300027,0.104137,0.0320297;-1.5073,0.417596,-1.58223
0.0330826,0.104167,0.0341734;-1.49409,0.506515,-1.58216
0.03454,0.10591,0.0290066;-1.58677,0.442242,-1.57008
0.0347407,0.107218,0.0287164;-1.57038,0.389446,-1.57785
0.0366384,0.108984,0.028642;-1.5708,0.299763,-1.57372
0.0373903,0.109101,0.0287088;-1.57087,0.300325,-1.56456
0.0369979,0.109706,0.0291084;-1.57327,0.371036,-1.55964
0.0351205,0.111956,0.0313727;-1.587,0.493226,-1.53428
0.0362519,0.117175,0.0295514;-1.56989,0.558415,-1.55738
0.036934,0.119846,0.0285849;-1.57033,0.498056,-1.57275
0.0371726,0.12299,0.0287415;-1.56816,0.385536,-1.58175
0.0414485,0.12608,0.029459;-1.57091,0.283693,-1.59044
0.0402387,0.118618,0.0299241;-1.55386,0.384689,-1.5979
0.0407466,0.110922,0.0332734;-1.48888,0.479771,-1.61542
0.0394744,0.0994193,0.0359988;-1.47156,0.678879,-1.61912
0.0429727,0.0930012,0.0323637;-1.5086,0.698698,-1.62788
0.0518379,0.0977799,0.0337032;-1.58094,0.613854,-1.63599
0.0775311,0.116702,0.0380197;-1.73129,0.292168,-1.55845
0.0777096,0.112114,0.0392037;-1.73483,0.376804,-1.55317
0.0730496,0.104417,0.0384343;-1.66102,0.47418,-1.59333
0.0764696,0.104603,0.0438437;-1.70412,0.60982,-1.53695
0.0785836,0.106658,0.0468476;-1.73839,0.602949,-1.54184
0.0786998,0.106228,0.0411307;-1.70712,0.581863,-1.57344
0.0741834,0.116079,0.0341899;-1.61832,0.439182,-1.60779
0.0756397,0.115863,0.0289532;-1.57985,0.451992,-1.57646
0.0750917,0.114822,0.0289658;-1.56248,0.498444,-1.58023
0.0816487,0.111574,0.0359464;-1.4777,0.676742,-1.57256
0.0824077,0.108547,0.033617;-1.53093,0.699403,-1.5437
0.0861612,0.105561,0.0296581;-1.55768,0.736244,-1.56069
0.0847065,0.105722,0.0288059;-1.56571,0.684855,-1.56715
0.0841359,0.105456,0.0285774;-1.57085,0.659583,-1.57084
0.0841487,0.105416,0.0286194;-1.57103,0.656659,-1.56861
0.0858263,0.106521,0.0323546;-1.56545,0.62184,-1.5359
0.086912,0.106977,0.0309949;-1.58341,0.606266,-1.53777
0.0875251,0.103484,0.0287239;-1.57043,0.625915,-1.56441
0.0874247,0.10386,0.0285938;-1.57145,0.625088,-1.57006
0.0874675,0.103909,0.0285809;-1.57107,0.626752,-1.57044
0.0875672,0.103717,0.0287458;-1.57099,0.611622,-1.56274
0.086894,0.107671,0.0352046;-1.50704,0.560076,-1.54775
0.0841815,0.106727,0.0333381;-1.51091,0.513227,-1.56051
0.0840561,0.10525,0.0330083;-1.50025,0.507246,-1.57723
0.0864394,0.108994,0.0291819;-1.5731,0.43883,-1.58141
0.10219,0.125591,0.0314197;-1.59889,0.221435,-1.59167
0.100818,0.124223,0.0304429;-1.58823,0.23651,-1.5883
0.0967558,0.117763,0.0296481;-1.55983,0.338654,-1.58131
0.0980187,0.112372,0.0316284;-1.53041,0.475441,-1.57806
0.0965473,0.110374,0.0298288;-1.55675,0.421918,-1.58547
0.097902,0.1144,0.0295047;-1.5693,0.364364,-1.59449
0.115541,0.129953,0.0330387;-1.6417,0.135205,-1.58784
0.122793,0.137658,0.0362443;-1.70312,0.0450577,-1.58973
0.123433,0.140936,0.0382546;-1.69645,0.0427901,-1.61549
0.120098,0.138117,0.0459946;-1.69513,0.175316,-1.56152
0.115775,0.13436,0.0482074;-1.70738,0.124723,-1.55862
0.106578,0.127481,0.0335693;-1.48128,0.0904176,-1.59125
0.102144,0.134848,0.0295671;-1.55039,0.0221888,-1.56019
0.104609,0.135228,0.0305143;-1.53349,0.0588702,-1.55014
0.107147,0.136316,0.0331928;-1.51044,0.0931665,-1.53584
0.112809,0.125488,0.0369696;-1.47209,0.235453,-1.54456
0.112212,0.11203,0.0363293;-1.4629,0.215257,-1.5675
0.111861,0.106281,0.0321213;-1.51793,0.158914,-1.58218
0.115909,0.119245,0.0314921;-1.61912,0.00171086,-1.59005
0.117656,0.12123,0.0291668;-1.58943,-0.0204453,-1.58059
0.116095,0.119109,0.0287933;-1.57982,0.0874366,-1.57135
0.117273,0.120966,0.0322215;-1.56747,0.170501,-1.52405
0.112992,0.115281,0.0331109;-1.54701,0.0881664,-1.52115
0.106346,0.106348,0.0307599;-1.5488,-0.0350235,-1.54431
0.10349,0.105329,0.0290058;-1.56288,-0.0951645,-1.55748
0.103228,0.105573,0.0292095;-1.55632,-0.105693,-1.55338
0.105085,0.107839,0.0297164;-1.55315,-0.0319533,-1.55641
0.117266,0.108534,0.0361848;-1.50598,0.182176,-1.52908
0.122323,0.102513,0.0378869;-1.48557,0.240416,-1.52594
0.124649,0.0928688,0.0355975;-1.49478,0.214529,-1.55001
0.122323,0.0870708,0.0288917;-1.57409,0.0837608,-1.58198
0.125631,0.0950057,0.0290844;-1.58887,-0.0351029,-1.57784
0.126614,0.0961093,0.0287822;-1.57829,-0.0798058,-1.57364
0.129219,0.0956028,0.0288328;-1.57336,0.15181,-1.57322
0.13298,0.0944063,0.0299668;-1.57498,0.200338,-1.56418
0.138993,0.0876243,0.0304284;-1.56724,0.180157,-1.57353
0.143087,0.0863934,0.0352623;-1.62784,-0.0894386,-1.63821
0.146806,0.100858,0.039078;-1.75498,-0.192046,-1.63521
0.14693,0.104558,0.0378512;-1.73681,-0.241089,-1.63392
0.1374,0.105934,0.034543;-1.6775,-0.0819973,-1.58803
0.133711,0.0998114,0.0349113;-1.58222,0.0303903,-1.54208
0.134518,0.0839947,0.0384876;-1.46776,0.110056,-1.50548
0.137373,0.0701732,0.0298428;-1.5618,0.0700223,-1.54615
0.136642,0.0687434,0.0288201;-1.57117,0.0137454,-1.55904
0.136074,0.0673371,0.0287388;-1.57083,-0.0720605,-1.56297
0.134359,0.0657317,0.0290998;-1.59082,0.0253958,-1.57558
0.134452,0.0630139,0.0294155;-1.57753,0.175809,-1.57787
0.137728,0.0589123,0.0312072;-1.58741,0.244134,-1.57058
0.143726,0.0326208,0.0291949;-1.56719,0.186931,-1.58428
0.143937,0.035116,0.029001;-1.57968,0.0689664,-1.58144
0.147433,0.0410799,0.0290826;-1.5898,-0.0719006,-1.57762
0.148684,0.044845,0.0293134;-1.55729,-0.0637622,-1.55417
0.147056,0.0596575,0.0330657;-1.53564,0.0245425,-1.52542
0.141794,0.0733776,0.035747;-1.5331,0.0777596,-1.49982
0.141708,0.0593758,0.034127;-1.52607,0.0296848,-1.51482
0.141777,0.0566926,0.0296617;-1.56662,0.00159225,-1.54788
0.143903,0.0553931,0.0292522;-1.58682,-0.114718,-1.57207
0.1477,0.0631812,0.029188;-1.59801,-0.237377,-1.58063
0.145896,0.0607068,0.0290338;-1.58659,-0.100697,-1.57854
0.143675,0.0664684,0.0295404;-1.56569,0.0599768,-1.56933
0.147029,0.057692,0.029087;-1.56523,0.00945517,-1.56439
0.148308,0.0522589,0.0286563;-1.57072,-0.043026,-1.56709
0.148377,0.0509876,0.0285793;-1.57095,-0.0824161,-1.571
0.148112,0.0511553,0.02862;-1.57276,-0.0928787,-1.5711
0.148569,0.0528333,0.0288723;-1.56817,-0.0471636,-1.55925
0.149863,0.0620267,0.0306716;-1.55117,0.0611335,-1.54555
0.146251,0.0742919,0.0381981;-1.47539,0.062845,-1.53579
0.144634,0.0688751,0.0367866;-1.45381,-0.0405125,-1.52897
0.141375,0.0658981,0.033183;-1.48663,-0.130546,-1.53659
0.138045,0.0691692,0.0310517;-1.53622,-0.188467,-1.52241
0.137878,0.0716237,0.0334492;-1.51316,-0.148119,-1.51616
0.13817,0.0751316,0.0376655;-1.45019,-0.0916094,-1.5073
0.136333,0.0901887,0.0424594;-1.44947,0.0437129,-1.47739
0.136937,0.0898806,0.041556;-1.42894,-0.0146821,-1.48698
0.137007,0.0856578,0.0391506;-1.41957,-0.0606324,-1.5025
0.136622,0.0845052,0.0302079;-1.56334,-0.237973,-1.54879
0.141071,0.0865544,0.0288212;-1.57942,-0.150618,-1.5693
0.144108,0.091459,0.0296216;-1.56507,-0.0355949,-1.56658
0.141847,0.102702,0.0375526;-1.4858,0.128677,-1.51291
0.139273,0.104225,0.0384599;-1.46708,0.0563998,-1.50938
0.137141,0.0996689,0.0336065;-1.50933,-0.0126198,-1.52515
0.134676,0.0946964,0.0291215;-1.55927,-0.144709,-1.55444
0.133137,0.0922691,0.0295359;-1.56331,-0.18,-1.55304
0.13348,0.0965128,0.03285;-1.52199,-0.114756,-1.53594
0.13348,0.0965128,0.03285;-1.52199,-0.114756,-1.53594
0.133557,0.103236,0.0373066;-1.48335,-0.0296674,-1.52212
0.133557,0.103236,0.0373066;-1.48335,-0.0296674,-1.52212
