0,0,0.11;-1.57,-2.98023e-08,-1.57
0,0,0.11;-1.57,-2.98023e-08,-1.57
0,0,0.11;-1.57,-2.98023e-08,-1.57
-0.00053746,-0.00298749,0.0286119;-1.57069,-0.230858,-1.56919
5.103e-05,-0.00317586,0.0286048;-1.57061,-0.122302,-1.57211
0.00209037,-0.00406817,0.0296377;-1.56719,0.0138662,-1.58259
0.00612271,3.70145e-05,0.0364526;-1.62506,0.163994,-1.61215
0.00590173,-0.00893277,0.0300278;-1.56876,-0.0321116,-1.59979
0.00302378,-0.00827649,0.0288189;-1.5733,-0.110208,-1.57982
0.00315451,-0.0075254,0.0286282;-1.57099,-0.142187,-1.57317
0.00335974,-0.00633551,0.028579;-1.57078,-0.046845,-1.57072
0.00404779,-0.00381037,0.0289652;-1.57902,0.0862772,-1.57224
0.00388475,0.00407383,0.0334588;-1.65401,0.268676,-1.5586
-0.00194088,-0.0205277,0.0294079;-1.55993,0.343129,-1.58072
-0.00462621,-0.0237812,0.0290368;-1.56562,0.209863,-1.58878
-0.00494524,-0.0214379,0.0289432;-1.58019,0.11355,-1.58024
-0.00290839,-0.0161596,0.030049;-1.56664,0.0816344,-1.60153
-0.000676,-0.010358,0.0311953;-1.56223,0.186173,-1.60464
0.00341997,0.00502309,0.0346077;-1.68792,0.318634,-1.54694
-0.00364328,-0.000604714,0.0355391;-1.71183,0.456296,-1.52448
-0.0114314,-0.0209425,0.0302743;-1.60964,0.427505,-1.55686
-0.0149512,-0.0280307,0.0285734;-1.57067,0.327951,-1.57115
-0.0139791,-0.0268133,0.028681;-1.57135,0.194655,-1.57519
-0.011911,-0.0244261,0.0294969;-1.56665,0.198154,-1.59509
-0.00115085,-0.00965997,0.0331915;-1.57749,0.274231,-1.61253
0.00170838,0.002451,0.0374108;-1.75271,0.360523,-1.51858
-0.0037261,-0.00464118,0.0317091;-1.64022,0.399126,-1.55447
-0.00780302,-0.0119284,0.0287376;-1.57816,0.381896,-1.56637
-0.00725848,-0.0120489,0.0287486;-1.57808,0.353045,-1.56512
-0.00709496,-0.0114389,0.0285786;-1.57088,0.375688,-1.57084
0.00544577,0.00631231,0.0301075;-1.59985,0.46875,-1.56301
0.00951544,0.0171734,0.0387858;-1.79115,0.541258,-1.47524
0.00743209,0.0126217,0.0373228;-1.73575,0.564132,-1.51363
-0.00825517,-0.0130917,0.0288529;-1.57258,0.519894,-1.58124
-0.00789185,-0.0127912,0.0287658;-1.58105,0.493582,-1.56594
-0.00813232,-0.0113072,0.0286651;-1.57327,0.573175,-1.56717
-0.00133208,-0.00423886,0.0290819;-1.57042,0.623777,-1.57482
0.0158492,0.0148988,0.0322804;-1.64948,0.725213,-1.52322
0.0191263,0.0199114,0.0364128;-1.76943,0.724467,-1.45071
0.00501858,0.00021665,0.0289532;-1.56904,0.72094,-1.58915
0.00618189,0.000538198,0.0292114;-1.58929,0.680477,-1.57102
0.00512589,3.29662e-05,0.0290117;-1.58898,0.717227,-1.5669
0.00675189,0.00298855,0.0290497;-1.55267,0.796318,-1.59525
0.0250195,0.0171863,0.0296747;-1.57626,0.835356,-1.56782
0.0408633,0.0318327,0.0358758;-1.79398,0.899757,-1.40726
0.0385678,0.0202718,0.028681;-1.56413,0.766077,-1.57543
0.0374792,0.0196846,0.0285786;-1.57057,0.727476,-1.57093
0.0372126,0.0191353,0.0287488;-1.58024,0.70067,-1.56394
0.0381669,0.0169417,0.0297762;-1.55079,0.815233,-1.6119
0.0510978,0.0262003,0.0325313;-1.52604,0.856387,-1.64024
0.0799527,0.050462,0.0363379;-1.78902,0.895288,-1.42125
0.078506,0.0450712,0.028546;-1.56801,0.792314,-1.57401
0.0773095,0.0444258,0.0285686;-1.57061,0.738603,-1.57051
0.0771554,0.0443644,0.0286787;-1.57469,0.729884,-1.56637
0.0778766,0.0434982,0.0286252;-1.56965,0.857181,-1.57305
0.0876984,0.0465107,0.029851;-1.55592,0.949513,-1.59245
0.111076,0.0639524,0.0350045;-1.71711,1.00792,-1.47547
0.123225,0.0645666,0.032653;-1.64285,0.85331,-1.54536
0.116547,0.0613852,0.0289099;-1.57014,0.79763,-1.58677
0.116442,0.0609635,0.0286054;-1.57081,0.793781,-1.57201
0.116534,0.0605718,0.028572;-1.57079,0.976716,-1.57083
0.119825,0.0613594,0.0290587;-1.56727,1.06402,-1.57664
0.130447,0.065526,0.0300962;-1.55587,1.17092,-1.58837
0.139468,0.0692736,0.0309386;-1.67757,1.11155,-1.48391
0.136361,0.0663671,0.0288703;-1.56839,1.06482,-1.58782
0.136184,0.066393,0.0288711;-1.57164,1.03161,-1.58346
0.137225,0.0662223,0.0289601;-1.57961,0.984257,-1.57646
0.136489,0.065766,0.0288999;-1.56782,1.04291,-1.58783
0.140685,0.064119,0.0295897;-1.55646,1.157,-1.59061
0.165066,0.0727422,0.035765;-1.98738,1.25909,-1.19122
0.170634,0.0712573,0.0329294;-1.81266,1.18412,-1.35176
0.16571,0.0668703,0.0285809;-1.57253,1.10996,-1.57211
0.164423,0.0665416,0.0285814;-1.57167,1.05318,-1.57043
0.162315,0.06606,0.0289583;-1.57463,1.13148,-1.58408
0.16361,0.0628833,0.0316872;-1.51564,1.19883,-1.66428
0.209976,0.0848854,0.0378926;-2.17487,1.32326,-1.01794
0.221285,0.0857774,0.037146;-2.04656,1.22243,-1.13721
0.217201,0.0785279,0.0285984;-1.53737,1.12988,-1.60681
0.21428,0.0781419,0.0286281;-1.5711,1.04358,-1.56824
0.215035,0.0786466,0.0285763;-1.57161,1.07237,-1.5699
0.216506,0.0779842,0.0286472;-1.5704,1.13982,-1.57479
0.249526,0.0927679,0.0379727;-1.93974,1.28437,-1.25657
0.265705,0.099453,0.0394413;-2.04857,1.17983,-1.15895
0.266329,0.0931031,0.0319473;-1.67843,1.11406,-1.4969
0.258583,0.0908443,0.0286134;-1.5749,1.11634,-1.56693
0.259754,0.0914213,0.0285787;-1.57088,1.17663,-1.57062
0.260632,0.0909807,0.0286787;-1.56405,1.24512,-1.58122
0.283754,0.0954991,0.0341974;-2.31269,1.43665,-0.843436
0.292752,0.0969196,0.0360936;-2.35357,1.37781,-0.812051
0.286937,0.0929963,0.0293464;-1.6582,1.35179,-1.49425
0.283108,0.0916202,0.0289004;-1.58357,1.28249,-1.56998
0.282169,0.091832,0.0288961;-1.57437,1.30401,-1.58125
0.281598,0.0909178,0.0290285;-1.54194,1.3495,-1.61416
0.307043,0.0917641,0.0322924;-2.9623,1.51599,-0.181413
0.314552,0.0925984,0.0345275;-2.78085,1.45745,-0.367012
0.313074,0.0910221,0.0311755;-2.01584,1.45915,-1.13192
0.30896,0.0903768,0.0285511;-1.57373,1.356,-1.56893
0.308432,0.0905108,0.0287944;-1.6177,1.3903,-1.52728
0.308387,0.089834,0.0289911;-1.56951,1.40559,-1.59087
0.312093,0.0884985,0.0313862;-1.41639,1.45202,-1.75757
0.351199,0.0915923,0.0367435;2.7831,1.41314,0.346287
0.347372,0.0888723,0.0326081;3.06974,1.49571,0.0666765
0.338211,0.0869763,0.0285414;-1.53925,1.49077,-1.60347
0.337092,0.087614,0.0285889;-1.57051,1.42206,-1.5707
0.338342,0.0878539,0.0285779;-1.57248,1.48778,-1.56889
0.339388,0.0868774,0.0286133;-1.53648,1.55612,-1.60859
0.37871,0.083069,0.0377167;2.22122,1.36389,0.889516
0.387168,0.0810068,0.0380961;2.50314,1.37271,0.618295
0.381608,0.0788032,0.028763;1.43834,1.54355,1.69117
0.380193,0.0787545,0.0286088;-1.57403,1.54425,-1.56618
0.38094,0.0786218,0.0285794;1.58524,1.56417,1.55653
0.381958,0.0771678,0.0285878;1.5762,1.47206,1.56506
0.404312,0.072216,0.0339691;1.85392,1.23545,1.28964
0.408675,0.0716389,0.0371199;2.02547,1.22226,1.11979
0.40207,0.0699173,0.0288301;1.56529,1.33243,1.56547
0.402454,0.0685679,0.0287792;1.59316,1.44151,1.54209
0.400926,0.0690136,0.0286199;1.57054,1.39391,1.56921
0.40075,0.0688361,0.0285701;1.56989,1.34651,1.57208
0.414655,0.0618751,0.0330711;1.69612,1.09576,1.46515
0.41922,0.0606937,0.0368794;1.88137,1.05539,1.28379
0.414264,0.0629662,0.0323531;1.73531,1.08965,1.41546
0.406601,0.0670059,0.0286776;1.56978,1.33329,1.5777
0.405934,0.0672797,0.0286117;1.57065,1.36597,1.57249
0.40579,0.0674233,0.0287926;1.57022,1.34084,1.56112
0.417238,0.0603803,0.0331933;1.50163,1.16198,1.62798
0.430862,0.0572506,0.0379814;1.92087,1.03062,1.2549
0.429172,0.0588034,0.0369063;1.87801,1.03019,1.29514
0.413616,0.0665609,0.0287315;1.57102,1.22808,1.57797
0.411268,0.0679578,0.0287616;1.57194,1.35664,1.57849
0.410592,0.0685551,0.0287878;1.5619,1.39129,1.588
0.418385,0.061643,0.0291201;1.58329,1.19835,1.55984
0.430455,0.0571588,0.0370989;1.88059,1.04123,1.28654
0.434343,0.0572041,0.0421715;1.98491,0.974339,1.18611
0.417214,0.07174,0.0288536;1.5494,1.0412,1.59649
0.414952,0.0744611,0.0287864;1.56736,1.19766,1.58377
0.413085,0.0763614,0.0288195;1.56728,1.28705,1.58469
0.41832,0.0710583,0.0292705;1.55714,1.2011,1.59439
0.428438,0.06486,0.0319561;1.64484,1.10169,1.53117
0.438713,0.0641431,0.0379812;1.8588,0.961837,1.34123
0.426925,0.0760427,0.0309157;1.64639,0.902885,1.50575
0.418385,0.0819993,0.0286206;1.57148,0.960538,1.56648
0.414903,0.0827134,0.0286757;1.57084,1.12237,1.57539
0.417942,0.0797896,0.0294365;1.53798,1.11761,1.6107
0.428474,0.0711988,0.0309386;1.58921,1.05771,1.57907
0.442312,0.0658351,0.0374412;1.81496,0.952287,1.39333
0.430813,0.0755634,0.0293827;1.55028,0.958162,1.60031
0.423553,0.0809103,0.028949;1.56728,0.980651,1.58951
0.421736,0.0819731,0.0287488;1.57109,1.02235,1.57855
0.423466,0.0797377,0.0310413;1.46279,1.06597,1.65919
0.440876,0.0680418,0.0364614;1.30985,1.04372,1.79398
0.467965,0.0512619,0.0370051;1.82879,1.00066,1.36858
0.465805,0.0499353,0.0314361;1.63706,1.0823,1.5411
0.458414,0.0558409,0.0290375;1.55431,1.11736,1.6004
0.456507,0.0576399,0.0289286;1.56472,1.15646,1.59054
0.454722,0.0591359,0.0292591;1.51794,1.2353,1.63654
0.464104,0.0530025,0.031295;1.42952,1.20603,1.70826
0.489608,0.0372863,0.0352233;1.72099,1.17915,1.44712
0.503791,0.0274789,0.0363727;1.93773,1.18944,1.24757
0.495662,0.0333755,0.0296143;1.60188,1.22593,1.56144
0.492464,0.0365278,0.0290829;1.54805,1.21044,1.60828
0.487938,0.0393766,0.0289988;1.55324,1.29813,1.60298
0.491035,0.0381075,0.0297162;1.50759,1.28563,1.64778
0.507174,0.0310362,0.0332678;1.37703,1.2561,1.7801
0.549983,0.0124618,0.0364016;2.01007,1.28963,1.17827
0.543624,0.00878365,0.0318337;1.74662,1.40568,1.43256
0.537548,0.010247,0.0290101;1.54434,1.46238,1.61481
0.533433,0.0127559,0.0289957;1.38868,1.53853,1.76694
0.534044,0.012378,0.0291785;1.33684,1.52083,1.822
0.540592,0.0100278,0.0306238;1.30173,1.47165,1.85685
0.589093,-0.00241392,0.037788;2.69844,1.42329,0.48472
0.592086,-0.00882658,0.0347993;-2.62578,1.48388,-0.478473
0.58415,-0.0115487,0.0296781;-1.58009,1.44102,-1.53707
0.578758,-0.0100039,0.028835;-1.52,1.43355,-1.61576
0.579087,-0.0105516,0.0287731;-1.50777,1.46194,-1.63591
0.576939,-0.0128202,0.029672;0.188939,1.54236,2.95141
0.616555,-0.0138925,0.0356838;2.53076,1.4449,0.63358
0.629311,-0.0179284,0.0357082;-2.84084,1.44904,-0.279852
0.622808,-0.0224973,0.0294645;-1.6013,1.42329,-1.52144
0.613651,-0.0215912,0.0290553;-1.5304,1.26517,-1.59857
0.613781,-0.0216768,0.0288633;-1.53995,1.28688,-1.59552
0.6163,-0.0234252,0.0291023;-1.47089,1.41184,-1.66872
0.6163,-0.0234252,0.0291023;-1.47089,1.41184,-1.66872
0.61738,-0.0251859,0.0337812;-0.351289,1.52559,-2.79921
0.61738,-0.0251859,0.0337812;-0.351289,1.52559,-2.79921
