0,0,0.11;-1.57,-2.98023e-08,-1.57
0,0,0.11;-1.57,-2.98023e-08,-1.57
0,0,0.11;-1.57,-2.98023e-08,-1.57
-0.00118521,-0.00165725,0.0287243;-1.56577,-0.272336,-1.56693
-0.000351677,0.00113678,0.028717;-1.56917,-0.182549,-1.56537
0.000933457,0.00757966,0.0292994;-1.55753,-0.0438281,-1.56292
0.000648228,0.015382,0.0300339;-1.57565,0.0504568,-1.56409
0.000928643,0.00879028,0.0285801;-1.57073,-0.171839,-1.57071
0.000109752,0.00721236,0.028653;-1.57037,-0.24755,-1.56738
-0.000366819,0.00558502,0.0286347;-1.5704,-0.309912,-1.56833
0.00144419,0.00946523,0.0287913;-1.56463,-0.161461,-1.56573
0.00349228,0.0156794,0.0290024;-1.56351,-0.0122455,-1.55944
0.00164639,0.0233845,0.0309808;-1.57243,0.133492,-1.547
0.00552883,0.0213466,0.0305471;-1.60765,0.0839928,-1.57781
0.00795884,0.021673,0.0290545;-1.58201,0.00513234,-1.58227
0.00859576,0.0223471,0.0290505;-1.58593,-0.0403893,-1.57893
0.00834807,0.0209755,0.0290949;-1.59505,-0.0201093,-1.57229
0.00691099,0.0212846,0.0293221;-1.58982,0.0461692,-1.5729
0.00618369,0.0287476,0.0331245;-1.62693,0.17643,-1.54904
0.0035752,0.0360837,0.0347349;-1.68763,0.312947,-1.54979
0.00762719,0.0358907,0.0321293;-1.64643,0.24834,-1.5637
0.00997728,0.0350369,0.0294391;-1.5909,0.191832,-1.57929
0.0101317,0.0351727,0.0286175;-1.57002,0.157648,-1.57336
0.0108959,0.03603,0.0285787;-1.57068,0.234065,-1.57089
0.0151593,0.0399156,0.0290816;-1.55903,0.365334,-1.5662
0.0174822,0.0456465,0.030304;-1.56887,0.503697,-1.5537
0.0170942,0.0450499,0.028589;-1.5706,0.526616,-1.57047
0.017544,0.046279,0.0287507;-1.57097,0.413251,-1.57888
0.0174051,0.0462532,0.0287339;-1.57043,0.407954,-1.57819
0.0174732,0.0461092,0.0285784;-1.57082,0.41555,-1.57068
0.0231513,0.0511979,0.0299287;-1.56185,0.661281,-1.56139
0.0222332,0.0549135,0.0312478;-1.57107,0.816118,-1.54553
0.0201762,0.0517955,0.0289836;-1.56834,0.832544,-1.57086
0.0204712,0.0518535,0.0288236;-1.5716,0.716479,-1.58107
0.0202904,0.051282,0.0289339;-1.57671,0.700052,-1.57926
0.0200299,0.0512096,0.0288573;-1.57719,0.703566,-1.57486
0.0197216,0.0518774,0.0287597;-1.56344,0.818662,-1.57169
0.0253117,0.0572317,0.0311375;-1.59472,0.95132,-1.5378
0.0270849,0.0615781,0.0318196;-1.6454,1.05118,-1.49575
0.0274471,0.0570647,0.0292977;-1.62281,0.975034,-1.53393
0.0267006,0.0561567,0.0299245;-1.6197,0.955423,-1.54579
0.022728,0.0564592,0.0323936;-1.63575,0.994607,-1.5559
0.0224336,0.0589024,0.0306915;-1.66273,1.03753,-1.49573
0.0256029,0.0630735,0.0312718;-1.65765,1.12339,-1.49086
0.0315705,0.0672096,0.03272;-1.6852,1.25152,-1.44272
0.0311889,0.0650436,0.0285765;-1.57051,1.21963,-1.57132
0.0313206,0.0653131,0.0286549;-1.57026,1.1652,-1.5748
0.0306348,0.0653887,0.028748;-1.5707,1.1581,-1.57874
0.0283496,0.0639158,0.0290121;-1.55379,1.23834,-1.60265
0.0320421,0.0659973,0.0293107;-1.55554,1.32808,-1.58739
0.0405812,0.0714661,0.0306537;-1.63376,1.49428,-1.49541
0.0408203,0.0700372,0.0287119;-1.4436,1.52857,-1.69685
0.0392813,0.0711929,0.028618;-1.55287,1.45855,-1.58866
0.0385737,0.0719648,0.0285782;-1.5707,1.41367,-1.57099
0.0374873,0.0708716,0.0289003;-1.53528,1.47749,-1.61821
0.041786,0.0715766,0.0292796;-1.77434,1.54268,-1.36563
0.0461786,0.0757292,0.0306251;1.66872,1.49543,1.48121
0.0447574,0.0751476,0.0287542;1.52968,1.44619,1.61484
0.0445329,0.0756445,0.0285421;1.58814,1.46959,1.55346
0.0444058,0.0756411,0.0285794;1.57024,1.48064,1.5713
0.0445805,0.074707,0.0289832;1.79443,1.51677,1.34012
0.0427185,0.0763463,0.0321725;2.23366,1.4544,0.904547
0.0416623,0.077435,0.0362543;2.23194,1.36416,0.908526
0.041256,0.0764934,0.0335579;1.96228,1.33303,1.17794
0.0404471,0.0759245,0.0291331;1.68148,1.37595,1.45687
0.0406239,0.075095,0.0288488;1.59561,1.42117,1.53732
0.0409404,0.075109,0.0290001;1.64481,1.45436,1.4859
0.0399832,0.0763837,0.02904;1.64124,1.40745,1.4908
0.0390286,0.0782832,0.0306135;1.72847,1.34195,1.40832
0.0506223,0.0749632,0.0322262;1.6861,1.15816,1.46452
0.0502197,0.0737086,0.0290183;1.5755,1.19716,1.56708
0.049949,0.0737582,0.0285814;1.5703,1.20729,1.57137
0.0493162,0.0755782,0.028596;1.56806,1.30345,1.57362
0.0492931,0.0750034,0.028606;1.56629,1.27045,1.57552
0.0495246,0.0746102,0.0286594;1.56983,1.25325,1.57535
0.0496589,0.0770832,0.0316884;1.58792,1.05311,1.55379
0.0454475,0.0801087,0.0309986;1.52389,1.07919,1.61226
0.0446805,0.0802077,0.028633;1.56971,1.09942,1.57375
0.0439499,0.0820497,0.0286206;1.56566,1.18378,1.57556
0.0439731,0.0817993,0.0285825;1.57052,1.17223,1.57112
0.0441923,0.0814265,0.0287212;1.57146,1.16421,1.57724
0.0462281,0.0854022,0.032202;1.65109,1.04852,1.50248
0.0414048,0.087474,0.0350197;1.71918,1.04153,1.4258
0.0352723,0.0851024,0.0309629;1.6018,1.03586,1.51434
0.038035,0.0815755,0.0291221;1.60773,1.10081,1.52859
0.0372999,0.0824228,0.0289228;1.57728,1.07137,1.55212
0.0376928,0.0820804,0.0290286;1.59736,1.07412,1.5386
0.0419467,0.0835629,0.0362666;1.79308,0.971858,1.38193
0.0391954,0.0859185,0.0362226;1.79826,0.965978,1.36806
0.0311127,0.0885193,0.0332834;1.64355,0.963945,1.47135
0.0327372,0.0873506,0.0291343;1.60095,1.02755,1.53402
0.0319086,0.0882507,0.0286419;1.56991,0.998239,1.56834
0.0320919,0.0881419,0.0286342;1.57126,1.00311,1.57307
0.0335777,0.0914817,0.0312973;1.57466,0.928229,1.59529
0.028192,0.0966296,0.0295332;1.56658,0.945616,1.58496
0.023423,0.100023,0.0288507;1.56721,0.949285,1.57518
0.0216858,0.100613,0.028976;1.58624,0.981748,1.54773
0.0213791,0.100761,0.0287314;1.56523,0.993175,1.5713
0.0212724,0.100617,0.028584;1.57102,0.972343,1.57096
0.0217878,0.100392,0.0287428;1.56999,0.939911,1.57932
0.0240055,0.103692,0.0307899;1.57191,0.827656,1.59019
0.0172152,0.107986,0.0289582;1.56313,0.85079,1.57746
0.0132896,0.109176,0.028855;1.56619,0.830002,1.56411
0.0139414,0.107776,0.0290463;1.57766,0.86465,1.55205
0.0138185,0.108382,0.0289051;1.57407,0.844869,1.55521
0.0140173,0.108306,0.0287626;1.57079,0.838798,1.56219
0.0173925,0.110364,0.0326205;1.63884,0.739274,1.52819
0.0101269,0.115911,0.0343094;1.70703,0.800822,1.46723
-0.00438488,0.127325,0.0297035;1.56591,0.806289,1.54881
-0.00192845,0.121514,0.0329664;1.60572,0.886147,1.49024
-0.000540552,0.118769,0.0335636;1.56797,0.845043,1.50236
0.00402075,0.116138,0.0306799;1.56311,0.818974,1.53885
0.0118021,0.116778,0.0346238;1.69774,0.707635,1.48238
0.00552926,0.122096,0.0322324;1.64741,0.758168,1.52097
-0.00282773,0.130721,0.0285822;1.5698,0.845308,1.57125
-0.00243361,0.129531,0.0287289;1.57681,0.915112,1.56269
-0.00280531,0.128965,0.0288464;1.57521,0.890354,1.55755
-0.00273091,0.127777,0.0291544;1.56438,0.867941,1.55764
0.00344825,0.127806,0.03089;1.59712,0.786901,1.55724
-0.000453804,0.132368,0.030365;1.58278,0.811395,1.57198
-0.0105469,0.140486,0.0290428;1.5795,0.872254,1.56574
-0.0134638,0.141734,0.0287248;1.58057,0.914988,1.56205
-0.0137079,0.141722,0.0286836;1.57097,0.911667,1.5657
-0.0142008,0.141448,0.028895;1.5704,0.886234,1.55602
-0.00826158,0.138342,0.0303455;1.60509,0.824739,1.54327
-0.00523323,0.140333,0.0340599;1.68689,0.786035,1.4874
-0.01349,0.14637,0.0304698;1.60152,0.864226,1.55318
-0.0187792,0.153286,0.0285797;1.5706,0.981525,1.57096
-0.0175044,0.151375,0.0290942;1.60714,1.03747,1.53316
-0.0183068,0.152141,0.0291192;1.59903,1.0099,1.53598
-0.0141889,0.145975,0.0330529;1.60497,0.90833,1.50197
-0.00645676,0.140992,0.0385022;1.83304,0.853701,1.34633
-0.00715497,0.142265,0.0389488;1.85737,0.854228,1.33229
-0.0300929,0.162949,0.0288823;1.56495,1.01179,1.55952
-0.0280836,0.161351,0.029048;1.6103,1.07027,1.52897
-0.0277294,0.161248,0.0290437;1.60895,1.06669,1.53013
-0.0270403,0.159593,0.0294691;1.57114,1.00128,1.55066
-0.0219146,0.155168,0.0317594;1.67024,0.936964,1.48057
-0.018085,0.155509,0.0361593;1.77256,0.87029,1.40416
-0.0338766,0.168761,0.0285774;1.56929,1.06493,1.57049
-0.0341729,0.169145,0.028578;1.57075,1.08849,1.57083
-0.0342182,0.168807,0.0286189;1.57078,1.11541,1.57276
-0.032473,0.166834,0.028572;1.56955,1.02924,1.57069
-0.0266115,0.162056,0.029471;1.58683,0.952615,1.55831
-0.0230426,0.161214,0.0331487;1.67855,0.894578,1.4815
-0.0412574,0.171406,0.0286837;1.54951,1.03021,1.58039
-0.0410589,0.172079,0.0286028;1.57101,1.09678,1.56918
-0.0405443,0.171818,0.0286966;1.58037,1.11286,1.56353
-0.0386535,0.169567,0.0286962;1.57038,1.01298,1.57669
-0.0335699,0.164106,0.0290153;1.56144,0.943175,1.58348
-0.0249806,0.158461,0.0319093;1.6382,0.857015,1.51976
-0.0363021,0.161308,0.0345126;1.71767,0.921196,1.42926
-0.0455421,0.170722,0.0312217;1.60179,1.00847,1.50941
-0.0440431,0.169542,0.0309405;1.6602,1.058,1.47751
-0.0441529,0.169656,0.0289301;1.57645,1.01657,1.55247
-0.0397409,0.165057,0.02899;1.58268,0.974575,1.5483
-0.0235712,0.150706,0.0325571;1.68479,0.89189,1.47401
-0.0248601,0.148659,0.0363725;1.80615,0.899569,1.37231
-0.0388795,0.158374,0.0342126;1.70044,0.95759,1.43405
-0.0438388,0.164787,0.0299428;1.59685,1.03003,1.52565
-0.040286,0.163662,0.0287079;1.57911,1.01609,1.562
-0.0396678,0.162634,0.0286592;1.56882,0.991477,1.57514
-0.0342647,0.156389,0.0288909;1.55508,0.918412,1.58921
-0.0271615,0.153392,0.0303404;1.58833,0.815413,1.5673
-0.0386853,0.157883,0.028983;1.57745,0.884293,1.56005
-0.0463797,0.162167,0.0289054;1.57235,0.944215,1.55431
-0.0445289,0.160773,0.0288994;1.5947,1.00522,1.54796
-0.0441804,0.161047,0.0285906;1.57062,0.977229,1.57025
-0.0432446,0.159228,0.0287011;1.56633,0.932818,1.57788
-0.0271248,0.146493,0.0314185;1.58433,0.711883,1.5837
-0.0341209,0.149403,0.0295242;1.58432,0.770979,1.56424
-0.0436116,0.154347,0.028789;1.57034,0.83613,1.56101
-0.043337,0.153315,0.0294991;1.61173,0.914203,1.52919
-0.0428998,0.153828,0.0292103;1.60283,0.887931,1.53575
-0.0425478,0.154095,0.0289422;1.57608,0.867424,1.55314
-0.0243553,0.136725,0.0331961;1.63793,0.691903,1.54322
-0.0260608,0.136066,0.0331884;1.6842,0.728952,1.48944
-0.0326445,0.139482,0.0312264;1.65438,0.772239,1.50312
-0.0361081,0.142382,0.0328015;1.69247,0.781464,1.4618
-0.0357269,0.140377,0.0329356;1.69426,0.791697,1.47198
-0.0339845,0.138083,0.0312352;1.64594,0.786442,1.5083
-0.0339845,0.138083,0.0312352;1.64594,0.786442,1.5083
-0.0260324,0.127324,0.0298939;1.59746,0.72712,1.55235
-0.0260324,0.127324,0.0298939;1.59746,0.72712,1.55235
