0,0,0.11;-1.57,-2.98023e-08,-1.57
0,0,0.11;-1.57,-2.98023e-08,-1.57
0,0,0.11;-1.57,-2.98023e-08,-1.57
-0.00127683,-0.00246207,0.0288385;-1.56308,-0.294124,-1.56352
-0.00147797,-0.00337389,0.0288979;-1.5547,-0.276256,-1.56608
-0.00138458,-0.00611828,0.0294714;-1.57049,-0.18806,-1.57682
0.002023,-0.0181808,0.0351732;-1.46684,0.013627,-1.58124
0.000483219,-0.0162933,0.028817;-1.571,-0.059678,-1.5592
0.000291946,-0.0159316,0.0287354;-1.56929,-0.0691048,-1.56448
0.000442549,-0.0159161,0.0288546;-1.56252,-0.059261,-1.56462
0.00146406,-0.0149885,0.02875;-1.57085,0.00147921,-1.56259
0.000294054,-0.0185863,0.0297061;-1.58973,0.0641502,-1.56767
-0.00410692,-0.0301689,0.037612;-1.61215,0.174484,-1.57597
-0.014973,-0.0483237,0.0307127;-1.53723,0.00698697,-1.57513
-0.0179403,-0.0497371,0.0287782;-1.56193,-0.0643671,-1.5694
-0.0196986,-0.05143,0.0286578;-1.57094,-0.164153,-1.5669
-0.0182365,-0.0501152,0.0288348;-1.55913,-0.0918233,-1.56894
-0.0144951,-0.0487587,0.0302336;-1.54517,0.00116774,-1.57861
-0.00665292,-0.0436077,0.0362652;-1.4678,0.189763,-1.60925
-0.00873189,-0.0532044,0.0352879;-1.47487,0.194128,-1.60094
-0.0135807,-0.0558393,0.0319557;-1.50592,0.0792558,-1.57598
-0.0176392,-0.0556646,0.0286639;-1.56823,-0.0691585,-1.56862
-0.0190731,-0.0572925,0.0288155;-1.56264,-0.176604,-1.56602
-0.0176452,-0.0577294,0.0289178;-1.55448,-0.0889635,-1.56931
-0.0156401,-0.0631074,0.0307118;-1.55293,0.0580003,-1.58638
-0.0150974,-0.0672695,0.0347487;-1.48966,0.131729,-1.60228
-0.0191404,-0.0672722,0.030322;-1.53386,0.0675763,-1.57331
-0.0223829,-0.0677261,0.0288016;-1.56472,-0.0994116,-1.56412
-0.0209415,-0.066542,0.0289044;-1.558,-0.0363889,-1.56642
-0.0184081,-0.0647705,0.028963;-1.55306,0.0892628,-1.57109
-0.0152401,-0.0594092,0.0330089;-1.65539,0.375578,-1.542
-0.017023,-0.0585479,0.0407341;-1.77834,0.499101,-1.49665
-0.0215914,-0.064591,0.0391761;-1.74774,0.513749,-1.49978
-0.0351026,-0.0808644,0.0287761;-1.5714,0.280708,-1.5604
-0.0363804,-0.08175,0.0287433;-1.57042,0.197404,-1.5631
-0.0362087,-0.0816198,0.0288396;-1.56442,0.215591,-1.56593
-0.0347801,-0.0832356,0.0293736;-1.56631,0.341556,-1.57987
-0.0348373,-0.0861283,0.0361327;-1.49574,0.483295,-1.62718
-0.0401471,-0.0925693,0.0381984;-1.50878,0.506485,-1.61236
-0.045394,-0.0907138,0.028714;-1.57196,0.350885,-1.56243
-0.0461337,-0.0908238,0.0287878;-1.56612,0.302972,-1.56671
-0.0456589,-0.0909375,0.0289172;-1.55672,0.327557,-1.5723
-0.0406046,-0.0886935,0.0285898;-1.57099,0.538011,-1.57034
-0.0419911,-0.0924764,0.0313837;-1.56248,0.635273,-1.58636
-0.0460659,-0.0986775,0.0406026;-1.46201,0.761156,-1.6572
-0.0615067,-0.105006,0.0287656;-1.56086,0.554067,-1.57553
-0.0647488,-0.105885,0.028772;-1.57008,0.387913,-1.56217
-0.0661211,-0.106542,0.0288469;-1.56353,0.326977,-1.56718
-0.0626153,-0.107361,0.0288955;-1.55287,0.534237,-1.57976
-0.0628192,-0.112633,0.0318042;-1.52212,0.701396,-1.61566
-0.0632687,-0.117336,0.0384333;-1.35682,0.877836,-1.74612
-0.0697844,-0.123842,0.0291399;-1.53407,0.903331,-1.59505
-0.0695895,-0.123508,0.0287918;-1.57113,0.87163,-1.56025
-0.0694417,-0.123376,0.0287349;-1.57067,0.866765,-1.56342
-0.068223,-0.123262,0.028682;-1.56984,0.919103,-1.56728
-0.0734455,-0.128,0.0304674;-1.53975,1.00086,-1.60424
-0.08096,-0.138847,0.0380251;-1.23907,1.10642,-1.87717
-0.092387,-0.143556,0.030936;-1.46149,1.12299,-1.66724
-0.094923,-0.142812,0.0289571;-1.55425,1.04612,-1.57528
-0.0958164,-0.142993,0.0286359;-1.56923,0.967745,-1.56837
-0.0932389,-0.143278,0.0285856;-1.57006,1.04902,-1.5715
-0.0904276,-0.145398,0.0299479;-1.51951,1.14309,-1.62202
-0.0812724,-0.145197,0.0354255;-1.26444,1.29829,-1.87405
-0.0864986,-0.146703,0.034297;-1.14492,1.33048,-1.97456
-0.0914286,-0.1456,0.0309843;-1.43033,1.25383,-1.69442
-0.0939602,-0.145184,0.0288558;-1.56989,1.17666,-1.5588
-0.0963619,-0.145555,0.0287685;-1.57104,1.10657,-1.56148
-0.0962407,-0.146106,0.0286542;-1.56184,1.15794,-1.57907
-0.0981726,-0.150328,0.0312657;-1.45847,1.24373,-1.68584
-0.1032,-0.157821,0.0375486;-0.879638,1.32519,-2.24259
-0.107658,-0.154158,0.0341723;-1.2172,1.27297,-1.90805
-0.109257,-0.149057,0.0289753;-1.52648,1.16866,-1.60967
-0.110167,-0.148291,0.0288112;-1.56127,1.07442,-1.57264
-0.106067,-0.150657,0.0288924;-1.55286,1.24149,-1.57858
-0.104108,-0.15249,0.0288395;-1.51849,1.33834,-1.62286
-0.118797,-0.160605,0.0381932;0.136107,1.41863,3.00438
-0.129133,-0.161753,0.0345888;0.272668,1.45905,2.87147
-0.130877,-0.161292,0.0298425;0.250277,1.54036,2.89262
-0.133804,-0.159855,0.0287247;-1.57377,1.41226,-1.56134
-0.134063,-0.159714,0.0287561;-1.57072,1.3984,-1.56234
-0.134332,-0.159291,0.0291573;-1.45172,1.39268,-1.69129
-0.141482,-0.169883,0.0367884;0.310148,1.43488,2.82474
-0.146254,-0.171586,0.0342212;0.547267,1.44959,2.5948
-0.145068,-0.170393,0.030371;0.790992,1.51412,2.3511
-0.143972,-0.170025,0.0286768;1.56994,1.54116,1.57639
-0.142505,-0.171232,0.0287837;1.572,1.47507,1.57928
-0.14138,-0.172926,0.0290145;1.45153,1.41021,1.6863
-0.144231,-0.177931,0.0388413;1.15676,1.22392,1.95192
-0.150677,-0.174444,0.037335;1.31242,1.26385,1.81393
-0.153037,-0.168158,0.0309801;1.29662,1.36712,1.84208
-0.153992,-0.164236,0.0287707;1.5481,1.52155,1.60142
-0.152465,-0.165643,0.0287021;1.56734,1.45099,1.57992
-0.151094,-0.167759,0.0285791;1.56558,1.37082,1.57562
-0.143323,-0.175605,0.0359827;1.56892,1.0764,1.55815
-0.132559,-0.17662,0.0373216;1.74185,1.02557,1.41693
-0.123105,-0.1784,0.032523;1.70585,0.981449,1.45137
-0.117892,-0.179876,0.0288075;1.57089,0.997432,1.58159
-0.117603,-0.180241,0.0289511;1.55165,0.978098,1.59381
-0.117443,-0.180434,0.0287253;1.57156,0.969591,1.57718
-0.117044,-0.179295,0.0298307;1.62652,0.918728,1.52384
-0.143102,-0.164091,0.0431617;1.81298,0.815868,1.34969
-0.170813,-0.146098,0.0366906;1.44177,0.893537,1.68801
-0.174857,-0.141317,0.0290898;1.53938,0.967406,1.60287
-0.174339,-0.141349,0.0287139;1.57064,0.991951,1.57725
-0.173403,-0.143654,0.0287827;1.5699,0.892911,1.58047
-0.171123,-0.145871,0.0287611;1.57119,0.776329,1.57916
-0.161778,-0.141555,0.0409829;1.76353,0.500296,1.4219
-0.159912,-0.139274,0.0393539;1.74513,0.484425,1.44307
-0.163809,-0.135822,0.0286941;1.57001,0.499424,1.57747
-0.166182,-0.133904,0.0286345;1.5707,0.597085,1.57368
-0.166524,-0.133225,0.0286996;1.57078,0.634863,1.57654
-0.166869,-0.132296,0.0287152;1.57045,0.690805,1.57781
-0.172425,-0.126267,0.0384984;1.43783,0.659858,1.64139
-0.176889,-0.11573,0.0366712;1.3937,0.6872,1.69463
-0.176273,-0.110238,0.0315781;1.48177,0.791298,1.64023
-0.176615,-0.104285,0.028789;1.56882,0.948809,1.58121
-0.176793,-0.103659,0.0286928;1.57102,0.964645,1.57603
-0.176808,-0.103533,0.0287043;1.56044,0.963242,1.57939
-0.182944,-0.104045,0.0353804;1.44856,0.813939,1.63744
-0.184686,-0.102679,0.0359669;1.41108,0.773259,1.67343
-0.182543,-0.0995493,0.0336;1.4308,0.820414,1.67544
-0.179726,-0.0981943,0.0287782;1.56717,0.911442,1.58095
-0.179937,-0.0987256,0.0287159;1.57061,0.898324,1.57729
-0.179806,-0.0990704,0.0287303;1.56601,0.873735,1.5786
-0.183558,-0.102956,0.0330294;1.50232,0.747029,1.59666
-0.185384,-0.105625,0.0377128;1.46232,0.590715,1.61124
-0.184605,-0.104585,0.0364198;1.4669,0.51856,1.63154
-0.187508,-0.100658,0.0289956;1.5628,0.570805,1.58836
-0.187544,-0.100223,0.0287111;1.57106,0.587971,1.57715
-0.187247,-0.100466,0.0286432;1.57161,0.570387,1.57327
-0.18718,-0.102216,0.0303869;1.53229,0.537911,1.58683
-0.189582,-0.104943,0.0351171;1.47017,0.444929,1.60089
-0.189803,-0.10708,0.0358283;1.44372,0.364954,1.61389
-0.191508,-0.096429,0.0290386;1.55162,0.447575,1.58408
-0.191167,-0.095668,0.0286592;1.57089,0.496881,1.57455
-0.191056,-0.0960095,0.028659;1.57086,0.483439,1.57468
-0.19437,-0.103367,0.0293809;1.5476,0.257285,1.58091
-0.196288,-0.113582,0.0334956;1.49382,0.134459,1.58789
-0.193457,-0.126827,0.0410379;1.52836,0.0158576,1.5727
-0.186333,-0.137842,0.0289821;1.57437,0.0886994,1.58658
-0.18641,-0.135975,0.0289612;1.56655,0.139064,1.58536
-0.185958,-0.134884,0.0287339;1.57093,0.175354,1.57821
-0.186223,-0.136037,0.0286978;1.5706,0.114964,1.57616
-0.187834,-0.13432,0.0304303;1.54987,0.0282684,1.56782
-0.192886,-0.12685,0.0369025;1.4378,-0.0862778,1.56602
-0.185344,-0.114983,0.0315509;1.52294,0.0762725,1.59131
-0.183358,-0.113307,0.0290138;1.56465,0.141812,1.58641
-0.183605,-0.113203,0.0287973;1.5692,0.142391,1.57982
-0.18695,-0.118813,0.0287266;1.57096,-0.0802873,1.5779
-0.189056,-0.124586,0.0301291;1.54789,-0.189074,1.56692
-0.189811,-0.136589,0.0368289;1.6334,-0.319039,1.56076
-0.186124,-0.126607,0.0332243;1.64203,-0.42942,1.60641
-0.187749,-0.110221,0.0297664;1.57065,-0.388014,1.59664
-0.18853,-0.10394,0.0288816;1.57478,-0.293117,1.58283
-0.187478,-0.100042,0.0286866;1.57088,-0.130388,1.5759
-0.186339,-0.0990654,0.0290336;1.55851,-0.0846314,1.57227
-0.183611,-0.103497,0.0335957;1.50209,-0.0423714,1.55728
-0.180575,-0.120882,0.03845;1.47727,-0.0825161,1.57092
-0.178567,-0.118793,0.0322606;1.50493,-0.0178083,1.58151
-0.17795,-0.119934,0.0290302;1.56259,0.00616215,1.58435
-0.179043,-0.121344,0.0287127;1.57083,-0.0289314,1.57709
-0.178665,-0.120754,0.0288306;1.56858,0.00946709,1.58045
-0.178037,-0.120842,0.0298024;1.55519,0.0352564,1.57005
-0.176567,-0.11582,0.0391345;1.49948,-0.0747496,1.56252
-0.172127,-0.110547,0.0331146;1.4841,-0.0255474,1.56828
-0.169276,-0.110399,0.0291536;1.54916,0.061881,1.57849
-0.170944,-0.111909,0.0287137;1.57103,0.0109905,1.57737
-0.173428,-0.113836,0.0290203;1.56219,-0.0875062,1.58258
-0.176334,-0.116629,0.0293451;1.55132,-0.179464,1.57168
-0.181491,-0.127272,0.0425633;1.57221,-0.440342,1.56723
-0.178349,-0.128842,0.0426744;1.59903,-0.398628,1.59657
-0.173269,-0.120048,0.0296148;1.56732,-0.336117,1.59301
-0.172523,-0.118893,0.0288228;1.56843,-0.290941,1.57935
-0.172274,-0.118915,0.0288585;1.56762,-0.290193,1.5801
-0.172098,-0.118913,0.0288813;1.56629,-0.285171,1.57955
-0.177759,-0.125419,0.0397939;1.57534,-0.333043,1.56249
-0.173005,-0.128014,0.0423871;1.63794,-0.323597,1.61594
-0.158893,-0.111036,0.0304731;1.52254,-0.268627,1.56329
-0.153723,-0.107029,0.028724;1.57037,-0.120847,1.5771
-0.153784,-0.107337,0.0287156;1.57015,-0.130336,1.57668
-0.156668,-0.108657,0.0289853;1.55489,-0.225024,1.57139
-0.156668,-0.108657,0.0289853;1.55489,-0.225024,1.57139
-0.161012,-0.111589,0.0313858;1.52879,-0.299314,1.55089
-0.161012,-0.111589,0.0313858;1.52879,-0.299314,1.55089
