0,0,0.11;-1.57,-2.98023e-08,-1.57
0,0,0.11;-1.57,-2.98023e-08,-1.57
0,0,0.11;-1.57,-2.98023e-08,-1.57
-0.00145656,-0.00249912,0.0288003;-1.56415,-0.295521,-1.56429
7.20327e-05,0.000377851,0.0287071;-1.56964,-0.187274,-1.56584
0.00120048,0.00509266,0.0294049;-1.55633,-0.0291097,-1.56061
0.000960764,0.008431,0.0350746;-1.67203,0.0789686,-1.58431
0.00791626,0.0160029,0.029311;-1.5918,-0.185001,-1.58509
0.00885578,0.0177932,0.0290718;-1.5923,-0.252764,-1.57934
0.00916844,0.0181326,0.0286222;-1.57083,-0.317383,-1.57294
0.0101208,0.0194177,0.0288135;-1.57125,-0.0908541,-1.55941
0.011347,0.0244335,0.0295689;-1.56453,0.045845,-1.55742
0.00935821,0.0297478,0.0318454;-1.57569,0.226258,-1.5483
0.0118592,0.0152322,0.0329034;-1.48988,0.145324,-1.57901
0.00955396,0.0115395,0.0287487;-1.5627,0.0525753,-1.5711
0.00822437,0.0112318,0.0286046;-1.57151,-0.0819228,-1.5695
0.00879137,0.0122818,0.0286671;-1.57088,-0.00956377,-1.56662
0.0107527,0.0170771,0.0294944;-1.55845,0.116417,-1.55611
0.0117397,0.026277,0.0313114;-1.56561,0.272509,-1.53737
0.0144003,0.0338772,0.0330149;-1.52462,0.235348,-1.56692
0.0146222,0.0297041,0.030434;-1.53478,0.0955545,-1.57074
0.0130369,0.0267657,0.028729;-1.57075,-0.0524278,-1.56335
0.0113075,0.02332,0.0288595;-1.55976,-0.203796,-1.56584
0.0131482,0.0267912,0.0288977;-1.56541,-0.0908608,-1.56017
0.0142287,0.036151,0.0298118;-1.56582,0.0543845,-1.5498
0.0123959,0.0383319,0.0319634;-1.61364,0.169052,-1.55891
0.0155769,0.0343502,0.0316461;-1.61723,0.0686059,-1.58794
0.0173086,0.034319,0.0289812;-1.58598,-0.103892,-1.57671
0.0174375,0.0338239,0.0286553;-1.57013,-0.133241,-1.56648
0.0182819,0.0355528,0.0287504;-1.5718,-0.0580802,-1.56177
0.0208394,0.0511692,0.031102;-1.57055,0.236631,-1.53638
0.0202512,0.0511613,0.0320582;-1.57416,0.369971,-1.54181
0.0232699,0.0399071,0.0327226;-1.49882,0.277829,-1.57995
0.0189787,0.0420218,0.0287719;-1.56905,0.0302798,-1.58283
0.020358,0.0451628,0.0287056;-1.57276,-0.128605,-1.57742
0.0205799,0.0458159,0.0286421;-1.57108,-0.131782,-1.56749
0.0249863,0.056657,0.0299928;-1.56838,0.139763,-1.54889
0.0231895,0.0630997,0.0321338;-1.57574,0.316126,-1.52671
0.0232205,0.0601751,0.0315285;-1.56259,0.336363,-1.54235
0.0212398,0.0514411,0.0291208;-1.54773,0.0720825,-1.57633
0.0201049,0.0525808,0.0286186;-1.57133,-0.0637741,-1.56833
0.0192266,0.0506136,0.0286697;-1.57084,-0.149678,-1.56621
0.020318,0.0560118,0.02881;-1.57836,0.0888577,-1.5668
0.0215775,0.0603331,0.0305908;-1.59003,0.268563,-1.5572
0.0225523,0.0635244,0.0344827;-1.62057,0.389359,-1.55856
0.0239998,0.0569463,0.0293013;-1.55987,0.154928,-1.5961
0.0229542,0.0585786,0.0287502;-1.57074,0.0437529,-1.58049
0.0230276,0.0582804,0.0286372;-1.57064,-0.0934354,-1.56788
0.0259807,0.0623531,0.0288143;-1.56829,0.109153,-1.56217
0.0290103,0.0706122,0.0301904;-1.56728,0.260304,-1.54939
0.0291429,0.07681,0.0322829;-1.56591,0.43911,-1.52963
0.0267517,0.0688405,0.0288793;-1.56507,0.187304,-1.58268
0.0280981,0.0757699,0.0302185;-1.57301,0.0429394,-1.59988
0.0349505,0.0856831,0.0312792;-1.60962,-0.112289,-1.60047
0.0296053,0.0757765,0.0287014;-1.57086,0.101015,-1.57641
0.0318926,0.0822491,0.0298123;-1.56258,0.269348,-1.55727
0.0335428,0.0898886,0.0317779;-1.56216,0.431533,-1.53412
0.036225,0.0826908,0.0288809;-1.56007,0.24536,-1.56929
0.0332593,0.0812732,0.0287039;-1.56528,0.0670537,-1.57186
0.0339231,0.0839302,0.0286507;-1.57029,-0.0672384,-1.57488
0.0342824,0.0850064,0.0286063;-1.57224,-0.061939,-1.57072
0.0357405,0.091953,0.0295997;-1.58915,0.0585121,-1.56453
0.0324914,0.102435,0.035002;-1.68184,0.226405,-1.54499
0.030314,0.090252,0.0322863;-1.63475,0.294181,-1.56204
0.0280928,0.0783836,0.0289835;-1.55754,0.194737,-1.57966
0.0261425,0.0812635,0.0287784;-1.57114,0.0514669,-1.58051
0.0259251,0.0822377,0.0287007;-1.56495,-0.0215845,-1.57068
0.0282189,0.0848461,0.0288254;-1.57106,0.116358,-1.55852
0.0301407,0.0928548,0.0304315;-1.57496,0.263396,-1.54187
0.0332628,0.0882797,0.0311898;-1.5506,0.484459,-1.55791
0.0328437,0.0769242,0.0323193;-1.51585,0.350683,-1.59198
0.0317247,0.079463,0.0301967;-1.56796,0.192709,-1.60316
0.0393077,0.0969195,0.0295844;-1.58928,-0.0620661,-1.58577
0.0375676,0.0950031,0.0287989;-1.5705,0.0366366,-1.58143
0.0397279,0.0940237,0.029051;-1.55539,0.206003,-1.56559
0.0426181,0.11195,0.032968;-1.57906,0.484452,-1.52263
0.0444844,0.111889,0.031527;-1.57973,0.351417,-1.53702
0.0452547,0.104789,0.0288002;-1.56804,0.224987,-1.56366
0.0462426,0.106656,0.0291402;-1.58381,-0.0545441,-1.5854
0.0445046,0.103103,0.0291529;-1.58117,0.00244603,-1.58482
0.0420976,0.0971977,0.0302344;-1.56971,0.121997,-1.60062
0.0431979,0.111337,0.0330779;-1.58008,0.487245,-1.54589
0.043398,0.109302,0.0316151;-1.60194,0.400047,-1.54174
0.0417106,0.102083,0.0289196;-1.56314,0.269856,-1.56386
0.0385795,0.0963671,0.0286301;-1.57033,0.00389043,-1.56853
0.0393189,0.0948059,0.0287341;-1.57023,0.0883624,-1.578
0.0409993,0.0940243,0.029123;-1.55148,0.175601,-1.57489
0.0459117,0.106631,0.0315667;-1.57134,0.531468,-1.54046
0.0488054,0.103067,0.0333536;-1.66606,0.458832,-1.54029
0.050987,0.0962464,0.0315382;-1.59805,0.383395,-1.59043
0.0482088,0.0944679,0.0292202;-1.59317,0.178574,-1.57557
0.0492221,0.0951838,0.0287007;-1.57064,0.160001,-1.57679
0.0498662,0.0951591,0.0287626;-1.5619,0.180223,-1.57236
0.0528068,0.109437,0.0318094;-1.57557,0.490377,-1.52164
0.0569524,0.106162,0.0307035;-1.56606,0.433211,-1.55394
0.0583364,0.103221,0.0297728;-1.55249,0.402263,-1.56983
0.054142,0.104046,0.0288;-1.57255,0.106448,-1.57969
0.0608772,0.113896,0.0301025;-1.59561,-0.0876799,-1.5899
0.0599227,0.11069,0.030125;-1.57402,-0.01994,-1.60172
0.0592164,0.109883,0.0297086;-1.57149,0.122337,-1.58952
0.0587608,0.124286,0.0318553;-1.57892,0.434163,-1.54042
0.05994,0.114304,0.0299322;-1.56576,0.335923,-1.55783
0.0584232,0.108929,0.0287004;-1.56905,0.201001,-1.5671
0.0566537,0.104641,0.0286729;-1.57088,0.0190626,-1.56618
0.0573733,0.106033,0.0285719;-1.57086,0.116287,-1.57115
0.0601129,0.10234,0.0292102;-1.55181,0.267112,-1.5884
0.0706174,0.103108,0.034259;-1.49912,0.5997,-1.58326
0.0750904,0.100229,0.0338868;-1.56336,0.53417,-1.59233
0.0752373,0.0942565,0.0317837;-1.5625,0.37997,-1.62688
0.0869002,0.107309,0.0372662;-1.71991,0.115128,-1.58234
0.0907871,0.109417,0.0375156;-1.73991,0.0974087,-1.5701
0.0867367,0.105741,0.0391631;-1.70268,0.221514,-1.59838
0.0910514,0.120084,0.0414884;-1.68555,0.543244,-1.58019
0.0968048,0.12291,0.0466116;-1.7601,0.486188,-1.60232
0.0959824,0.113395,0.0440509;-1.71562,0.360579,-1.62368
0.0823143,0.0926338,0.0348585;-1.60582,0.212091,-1.63168
0.0858097,0.0988024,0.0339969;-1.6276,0.153534,-1.60706
0.0898501,0.109904,0.031586;-1.57645,0.128857,-1.61371
0.0936627,0.124784,0.0329474;-1.5312,0.457814,-1.56782
0.0956027,0.122216,0.0320822;-1.51667,0.512597,-1.5762
0.0942175,0.115178,0.030033;-1.53487,0.4224,-1.58297
0.0883839,0.118161,0.0286302;-1.57124,0.132296,-1.57372
0.0896671,0.120773,0.0286191;-1.57313,0.0243511,-1.5704
0.0909058,0.12203,0.0287246;-1.57448,-0.0126697,-1.57402
0.0955057,0.122968,0.034297;-1.58305,0.277403,-1.60105
0.0988264,0.133884,0.0407161;-1.71585,0.429214,-1.57514
0.101756,0.129349,0.0447071;-1.76498,0.441784,-1.58525
0.0928161,0.102134,0.029089;-1.56285,0.195786,-1.58908
0.0934327,0.106241,0.0286031;-1.57042,0.0512075,-1.57222
0.0941796,0.106548,0.0286828;-1.56973,0.0118061,-1.56429
0.100193,0.112221,0.0295771;-1.54835,0.256427,-1.57024
0.104811,0.119792,0.0333413;-1.48837,0.387718,-1.5854
0.10818,0.121289,0.0348149;-1.45903,0.440883,-1.61215
0.107225,0.117384,0.0310795;-1.5687,0.173319,-1.61684
0.111029,0.126647,0.0335562;-1.59985,0.0352667,-1.62615
0.117058,0.13657,0.0317862;-1.63902,-0.0815222,-1.5857
0.113429,0.125178,0.030508;-1.56066,0.118122,-1.60569
0.117296,0.128598,0.0338887;-1.50002,0.287485,-1.60705
0.119033,0.13755,0.0351337;-1.53879,0.435982,-1.58428
0.120652,0.119862,0.0352113;-1.4916,0.243622,-1.64192
0.121309,0.124861,0.0333248;-1.57498,0.101265,-1.63925
0.127205,0.130917,0.0344935;-1.6248,-0.0125068,-1.62544
0.131235,0.135098,0.0375322;-1.72261,0.0323432,-1.59104
0.130779,0.134874,0.0392899;-1.69188,0.201342,-1.60629
0.128496,0.144762,0.0425962;-1.76459,0.350802,-1.57123
0.13066,0.123816,0.0435229;-1.69715,0.239257,-1.64558
0.123,0.105027,0.0369527;-1.56981,0.0943529,-1.6863
0.119909,0.104969,0.0378931;-1.60997,-0.00915668,-1.67319
0.12525,0.113665,0.0363817;-1.70857,0.00341848,-1.58901
0.124103,0.115391,0.0390509;-1.75156,0.104481,-1.57574
0.121883,0.120522,0.0417206;-1.77993,0.273636,-1.55785
0.12413,0.100062,0.0445496;-1.73341,0.29285,-1.62933
0.116446,0.0762701,0.0395549;-1.59644,0.158863,-1.69798
0.106025,0.0677743,0.0398961;-1.60632,0.0454848,-1.69767
0.105857,0.0766883,0.032782;-1.57002,0.00549215,-1.63503
0.105081,0.0802824,0.0302694;-1.57498,0.136101,-1.59698
0.10668,0.0917039,0.0323427;-1.61066,0.325254,-1.54624
0.107208,0.0907106,0.0379841;-1.68911,0.456974,-1.57481
0.102582,0.0750376,0.0363549;-1.62687,0.325966,-1.6236
0.0953249,0.0670927,0.0333242;-1.5712,0.234164,-1.63948
0.10183,0.0772937,0.031762;-1.58766,0.0416855,-1.61401
0.102737,0.0735281,0.0326362;-1.56767,0.13032,-1.63533
0.109219,0.0784294,0.0360646;-1.55432,0.325068,-1.63003
0.109452,0.0806264,0.0398776;-1.7132,0.60881,-1.55966
0.104121,0.0586251,0.0354418;-1.49058,0.505479,-1.66539
0.0999666,0.0561916,0.03456;-1.52597,0.403993,-1.65289
0.113374,0.0737504,0.0310022;-1.60288,0.132674,-1.59221
0.110737,0.0709272,0.0309719;-1.57216,0.209832,-1.61139
0.108832,0.0654167,0.0314788;-1.5692,0.348083,-1.61685
0.119394,0.0838626,0.0437677;-1.79403,0.655722,-1.51922
0.121942,0.0830327,0.0463911;-1.80362,0.62401,-1.54647
0.121318,0.074555,0.0431538;-1.71936,0.479582,-1.608
0.105971,0.0630677,0.0332379;-1.58796,0.231108,-1.6253
0.109737,0.0686935,0.0290191;-1.57883,0.183435,-1.58233
0.10937,0.0674389,0.0286394;-1.57115,0.274152,-1.57458
0.112962,0.0786661,0.0340878;-1.67984,0.608301,-1.53014
0.115264,0.0709781,0.0414627;-1.73374,0.622143,-1.55876
0.109058,0.0479254,0.0375673;-1.4894,0.518897,-1.70482
0.103131,0.0493711,0.0378201;-1.59087,0.304166,-1.67762
0.105325,0.0565149,0.0355491;-1.57534,0.258958,-1.6645
0.108033,0.0648748,0.032139;-1.56445,0.311654,-1.62877
0.108033,0.0648748,0.032139;-1.56445,0.311654,-1.62877
0.111842,0.0760729,0.0317062;-1.63551,0.48019,-1.54885
0.111842,0.0760729,0.0317062;-1.63551,0.48019,-1.54885
