0,0,0.11;-1.57,-2.98023e-08,-1.57
0,0,0.11;-1.57,-2.98023e-08,-1.57
0,0,0.11;-1.57,-2.98023e-08,-1.57
-0.000889652,-0.00134408,0.0286154;-1.57041,-0.272651,-1.56885
-0.000800578,-0.00136284,0.0285905;-1.5707,-0.212205,-1.57144
4.29709e-05,0.00416106,0.0298352;-1.60151,-0.108203,-1.57934
0.000996815,0.0175829,0.0377841;-1.75619,-0.0342621,-1.58368
-0.00105569,0.0086948,0.0289794;-1.56844,-0.0680866,-1.58824
-0.00164193,0.0075877,0.0286656;-1.57128,-0.081429,-1.57438
-0.00137492,0.00684498,0.0286505;-1.57071,-0.1276,-1.56729
-0.00232952,0.00538478,0.0289434;-1.57112,-0.0155222,-1.58821
-0.000145096,0.00804311,0.0315921;-1.57753,0.118789,-1.60985
0.00528971,0.027266,0.0394333;-1.74778,0.233529,-1.56393
0.00859638,0.0345304,0.0408665;-1.81493,0.160729,-1.54414
0.00838971,0.0327661,0.0373582;-1.75137,0.123438,-1.55258
0.00594298,0.0273051,0.0288821;-1.57354,0.0949572,-1.58204
0.0083848,0.0299856,0.028712;-1.57046,0.00345472,-1.57731
0.00920275,0.0305692,0.0295592;-1.57849,0.0251239,-1.59095
0.0123316,0.0375876,0.0338113;-1.62243,0.128037,-1.60341
0.0094078,0.0406013,0.0408981;-1.76468,0.239832,-1.5664
0.00686001,0.0365615,0.040723;-1.7773,0.232439,-1.55569
0.000139565,0.021505,0.0329339;-1.64384,0.26131,-1.57446
-0.00363782,0.0150846,0.0285794;-1.57071,0.287622,-1.57089
-0.00256281,0.0170187,0.0290527;-1.56568,0.285806,-1.59163
0.00378784,0.0259039,0.031402;-1.55711,0.321354,-1.60871
0.0124051,0.0471958,0.0344248;-1.65252,0.357144,-1.57387
0.0159067,0.0561641,0.0371252;-1.75192,0.251511,-1.52832
0.0195589,0.0501905,0.0290551;-1.58521,0.0774586,-1.58045
0.0207981,0.051418,0.0290011;-1.58394,0.0206732,-1.57956
0.0205011,0.0511743,0.0288866;-1.57743,0.0511234,-1.58031
0.0240613,0.0560784,0.0327145;-1.65739,0.117101,-1.56555
0.0262142,0.0625948,0.0372785;-1.75014,0.170053,-1.54452
0.0256971,0.0626847,0.0384586;-1.77334,0.163384,-1.54234
0.0198988,0.0431909,0.0370885;-1.74374,0.12855,-1.55326
0.00774431,0.0276601,0.0305111;-1.61027,0.245363,-1.57964
0.00397014,0.0208914,0.0291731;-1.58896,0.33113,-1.57678
0.00806822,0.0257086,0.0301144;-1.56902,0.360086,-1.59827
0.0240947,0.0526218,0.0337697;-1.64472,0.412946,-1.57241
0.0327129,0.0633037,0.0385254;-1.78034,0.340564,-1.50825
0.0343641,0.0499737,0.0358678;-1.72331,0.181838,-1.54454
0.033939,0.0451223,0.0336659;-1.67664,0.109897,-1.56267
0.033516,0.043446,0.0291831;-1.59528,0.072743,-1.57387
0.0291457,0.0401468,0.0290442;-1.57744,0.225142,-1.58502
0.030667,0.0404265,0.0309946;-1.57405,0.332561,-1.60374
0.0361429,0.0566721,0.035853;-1.65101,0.405677,-1.58897
0.0353941,0.0555372,0.0373948;-1.75112,0.261509,-1.52949
0.0336048,0.041835,0.0378101;-1.76218,0.207502,-1.53386
0.0264199,0.0299087,0.0362753;-1.7292,0.156455,-1.55001
0.0144971,0.0148982,0.0305646;-1.56212,0.371856,-1.60911
0.01947,0.0206814,0.0324366;-1.53607,0.404963,-1.62077
0.0318217,0.0464774,0.0341697;-1.58006,0.507072,-1.60303
0.0428344,0.0599233,0.0353625;-1.71546,0.253401,-1.53525
0.0455117,0.052661,0.0310925;-1.62813,0.0866192,-1.56978
0.0494324,0.0541168,0.0300706;-1.61159,-0.018306,-1.5773
0.0483649,0.0548734,0.031997;-1.63475,0.0307428,-1.58199
0.0447797,0.0527572,0.0330685;-1.65695,0.111394,-1.57229
0.041777,0.0518507,0.0334343;-1.65653,0.203131,-1.57116
0.0415629,0.0499566,0.035283;-1.71117,0.173185,-1.55243
0.0366773,0.0396774,0.034017;-1.68302,0.0835612,-1.56362
0.0332911,0.0322976,0.030314;-1.59804,-0.0242459,-1.58447
0.0352676,0.0347996,0.0319487;-1.63949,-0.00169608,-1.5782
0.0317459,0.0320256,0.0341663;-1.65755,0.100102,-1.58578
0.030273,0.0314214,0.0336557;-1.59752,0.216714,-1.61916
0.0327138,0.0339947,0.0337621;-1.65169,0.195437,-1.57634
0.031296,0.0321907,0.0331577;-1.6675,0.0986624,-1.56377
0.0261103,0.0230188,0.0303387;-1.61297,-0.0100623,-1.57405
0.034562,0.031591,0.0322483;-1.65094,-0.147477,-1.58773
0.0340949,0.0320992,0.0348319;-1.67636,-0.10008,-1.60216
0.0333504,0.0323391,0.0341088;-1.61013,-0.0427485,-1.62611
0.0310286,0.0337666,0.0349422;-1.64411,0.146259,-1.59888
0.0268699,0.0252654,0.0377724;-1.71345,0.081978,-1.58803
0.0193966,0.00577971,0.0359637;-1.69975,0.0267049,-1.58041
0.0166966,-0.0155453,0.0308503;-1.59187,-0.0374697,-1.59805
0.018633,-0.00800775,0.0318424;-1.5688,-0.0845457,-1.62273
0.0226546,0.00582139,0.0325314;-1.56535,-0.0690616,-1.63357
0.0306107,0.0474807,0.0355611;-1.63756,0.0825638,-1.61726
0.0344653,0.0555219,0.0350894;-1.67681,-0.0322575,-1.59591
0.0368376,0.0557932,0.0325413;-1.65768,-0.14888,-1.58416
0.0352602,0.0423203,0.0297817;-1.60312,-0.336732,-1.58018
0.0386273,0.0443979,0.0313826;-1.63896,-0.341112,-1.59613
0.0426751,0.0512593,0.0349899;-1.70795,-0.290696,-1.61434
0.0417015,0.0524234,0.0370418;-1.69716,-0.191448,-1.63207
0.0415623,0.0529419,0.0347656;-1.69197,-0.219461,-1.60772
0.0399852,0.0462238,0.0307373;-1.62599,-0.218028,-1.58299
0.0315499,0.0104921,0.0296012;-1.57056,-0.242937,-1.56633
0.0348487,0.00420861,0.030716;-1.553,-0.181235,-1.59245
0.0414707,0.0119438,0.033788;-1.5442,-0.116066,-1.63173
0.0448232,0.0588289,0.0389468;-1.69417,-0.0193729,-1.63427
0.0482252,0.0644246,0.0347495;-1.66961,-0.122421,-1.60654
0.0511652,0.0650657,0.0307729;-1.62185,-0.204629,-1.58643
0.0498341,0.0532682,0.0293912;-1.59245,-0.363099,-1.57343
0.0506217,0.0527671,0.0298096;-1.60756,-0.326764,-1.58378
0.051111,0.0543362,0.0328476;-1.66184,-0.254596,-1.5978
0.0530921,0.0699021,0.0382003;-1.66729,-0.0338019,-1.64037
0.05379,0.0710301,0.0392827;-1.68527,-0.0580893,-1.64687
0.0546357,0.0694796,0.0361609;-1.64146,-0.0747167,-1.63488
0.050571,0.0492254,0.028844;-1.58085,-0.137622,-1.57522
0.0492382,0.039585,0.0294895;-1.58347,-0.0752272,-1.56569
0.0532554,0.0388872,0.0306268;-1.56094,-0.0102488,-1.59238
0.0621529,0.0463911,0.0341129;-1.53077,0.0758559,-1.63125
0.0703592,0.0867196,0.0384956;-1.68202,0.0903683,-1.62432
0.0755693,0.0923778,0.0333984;-1.62918,-0.0336655,-1.60545
0.0797081,0.0973476,0.0289292;-1.58463,-0.166916,-1.57623
0.0792438,0.0931453,0.0289289;-1.56766,-0.329303,-1.55651
0.0793399,0.0935351,0.0292363;-1.58605,-0.269667,-1.5685
0.0797456,0.0954699,0.0320953;-1.64943,-0.185889,-1.58742
0.0732681,0.0889326,0.0402093;-1.72274,0.0499186,-1.62537
0.0735843,0.0886864,0.03756;-1.66481,0.000226855,-1.63264
0.075131,0.0906858,0.0318064;-1.60854,-0.0750114,-1.60112
0.0751305,0.090466,0.028959;-1.55787,-0.29421,-1.56098
0.0747566,0.0918623,0.0289438;-1.56864,-0.20778,-1.55782
0.0740265,0.0934445,0.0301146;-1.61039,-0.0635336,-1.57481
0.0812999,0.10211,0.0404512;-1.74254,0.12502,-1.60541
0.0832466,0.102709,0.0396172;-1.70956,0.0761006,-1.62088
0.0840878,0.100512,0.0335272;-1.6018,0.01042,-1.62342
0.0887389,0.105965,0.0286354;-1.571,-0.265325,-1.56813
0.0889809,0.105889,0.0287563;-1.56996,-0.286155,-1.56283
0.0893654,0.110239,0.0292766;-1.57936,-0.210877,-1.56069
0.0942431,0.124411,0.0372166;-1.67569,0.072059,-1.61116
0.094418,0.121612,0.0401016;-1.69954,0.103892,-1.63161
0.0911754,0.114886,0.0402848;-1.6944,0.13225,-1.63445
0.0793482,0.0950724,0.0289449;-1.57795,0.192258,-1.57974
0.0791512,0.0950789,0.0287138;-1.57087,0.136746,-1.56407
0.0800852,0.0963688,0.029051;-1.55992,0.163656,-1.56048
0.0979304,0.128459,0.0346945;-1.5982,0.246313,-1.59198
0.105159,0.148212,0.0385987;-1.72105,0.259289,-1.57541
0.11048,0.15085,0.0390356;-1.71917,0.181103,-1.596
0.118537,0.157784,0.0297707;-1.59559,-0.0269006,-1.58573
0.119544,0.159259,0.028996;-1.58693,-0.08892,-1.57644
0.119453,0.159101,0.0288801;-1.5599,-0.0799106,-1.56626
0.124219,0.172564,0.0324499;-1.63572,0.0998011,-1.5517
0.127113,0.182771,0.0369135;-1.74645,0.240348,-1.53393
0.125441,0.17958,0.0391978;-1.76414,0.284631,-1.54405
0.115063,0.168219,0.0341994;-1.61698,0.326275,-1.61036
0.103357,0.156096,0.0289713;-1.57721,0.444327,-1.58081
0.102092,0.154911,0.0285738;-1.57088,0.477017,-1.57036
0.112119,0.163882,0.0311477;-1.51059,0.514555,-1.60253
0.139941,0.186244,0.0329726;-1.68191,0.565076,-1.52049
0.149571,0.192621,0.0378984;-1.76707,0.564904,-1.48783
0.15379,0.189853,0.0355069;-1.67681,0.457324,-1.56314
0.156896,0.191537,0.0316905;-1.64824,0.402328,-1.54628
0.15719,0.191764,0.0291732;-1.59667,0.365713,-1.56626
0.156872,0.195776,0.0293881;-1.55246,0.55008,-1.57173
0.163014,0.201719,0.0316497;-1.58366,0.662076,-1.55825
0.173953,0.213791,0.036887;-1.68336,0.760185,-1.53246
0.16906,0.205337,0.0380309;-1.72566,0.708685,-1.52505
0.159588,0.201422,0.0348244;-1.68033,0.75651,-1.53841
0.146529,0.199161,0.0296602;-1.60771,0.877322,-1.55571
0.141835,0.196537,0.0290226;-1.52478,1.09286,-1.61156
0.157284,0.201481,0.0329198;-1.38301,1.13207,-1.73652
0.191068,0.215433,0.035915;-1.73013,1.1739,-1.43558
0.205614,0.213173,0.0343948;-1.79437,1.01141,-1.3925
0.207157,0.211181,0.0300057;-1.57881,0.928648,-1.59317
0.206794,0.212366,0.0294446;-1.60797,0.91451,-1.55144
0.20523,0.212067,0.0286593;-1.57348,1.09461,-1.56308
0.210591,0.213691,0.0292665;-1.57434,1.24392,-1.55554
0.21875,0.217903,0.0317683;-1.72409,1.40184,-1.39926
0.23053,0.213417,0.0344808;-1.94456,1.32793,-1.23262
0.230913,0.210786,0.0293966;-1.55509,1.23,-1.61066
0.234977,0.211334,0.0294525;-1.59125,1.13935,-1.57054
0.235124,0.211574,0.0286509;-1.57003,1.1906,-1.5682
0.238431,0.211315,0.02875;-1.56603,1.33229,-1.56805
0.246629,0.212034,0.0302978;-1.6664,1.48023,-1.45856
0.26355,0.212105,0.0371114;-2.98791,1.42347,-0.17998
0.265885,0.208513,0.033443;-2.28559,1.41964,-0.86889
0.259848,0.207055,0.0289652;-1.57713,1.32488,-1.58173
0.266146,0.204784,0.0289747;-1.61135,1.16922,-1.53674
0.263921,0.20527,0.0285796;-1.57097,1.28541,-1.5706
0.266271,0.203288,0.0293783;-1.45565,1.4159,-1.6837
0.281694,0.205128,0.0359854;0.751924,1.47573,2.41552
0.265938,0.200944,0.034251;1.23149,1.53206,1.9125
0.248258,0.197623,0.0292145;-0.637519,1.54605,-2.50394
0.247132,0.198255,0.02876;-1.61678,1.3862,-1.52549
0.247807,0.198403,0.0285852;-1.57274,1.42368,-1.56802
0.249225,0.19752,0.0289338;-1.36091,1.48728,-1.78
0.294573,0.201543,0.0379857;0.164057,1.44187,2.98746
0.315335,0.204127,0.038545;-2.67675,1.34847,-0.48676
0.306776,0.199487,0.0322286;-1.801,1.3774,-1.32197
0.284998,0.198968,0.0291471;-1.51603,1.21822,-1.62691
0.285686,0.198797,0.0289737;-1.53829,1.22474,-1.60904
0.289964,0.198155,0.0289992;-1.54321,1.29363,-1.59774
0.289964,0.198155,0.0289992;-1.54321,1.29363,-1.59774
0.303158,0.200067,0.0306045;-1.44771,1.42445,-1.6837
0.303158,0.200067,0.0306045;-1.44771,1.42445,-1.6837
