0,0,0.11;-1.57,-2.98023e-08,-1.57
0,0,0.11;-1.57,-2.98023e-08,-1.57
0,0,0.11;-1.57,-2.98023e-08,-1.57
-0.000914283,-0.00128141,0.02859;-1.57005,-0.27027,-1.56992
-0.000741801,-0.00171959,0.0285833;-1.57085,-0.12347,-1.57083
-0.000514388,-0.00548471,0.0298052;-1.57939,0.0478668,-1.58773
0.00215522,-0.00125473,0.0379097;-1.68039,0.165523,-1.60624
0.00688224,0.00762479,0.0289556;-1.57285,-0.0564119,-1.58694
0.0100181,0.0119272,0.0287081;-1.57676,-0.233997,-1.57266
0.0101398,0.0125848,0.0285797;-1.57079,-0.325989,-1.57077
0.0113181,0.0135551,0.02858;-1.57077,-0.181086,-1.57088
0.0108542,0.0113634,0.0292104;-1.58504,-0.00625012,-1.57862
0.0106779,0.0133287,0.0354801;-1.6497,0.185645,-1.58781
0.0130574,0.0156367,0.0354819;-1.64476,0.14069,-1.60765
0.0133976,0.0188809,0.0316878;-1.60346,0.0243485,-1.59837
0.0155341,0.0235201,0.0290263;-1.5857,-0.108555,-1.57906
0.0164069,0.0241024,0.0285797;-1.57057,-0.124888,-1.57043
0.0171871,0.0265868,0.0288798;-1.56609,0.00110671,-1.56881
0.0161566,0.0328835,0.0323077;-1.62329,0.191509,-1.56034
0.0124084,0.0265374,0.0368748;-1.68921,0.313697,-1.57102
0.0120452,0.0218648,0.0330147;-1.61634,0.2036,-1.59622
0.0155801,0.0259502,0.0302183;-1.57111,0.0835591,-1.60296
0.0209655,0.0365425,0.0288474;-1.57829,-0.0732463,-1.57883
0.0196218,0.0346212,0.0286718;-1.57024,0.0337176,-1.57725
0.0202358,0.0368649,0.0293671;-1.56443,0.177116,-1.56833
0.0202094,0.0434266,0.0329634;-1.65854,0.311536,-1.55133
0.020057,0.0412053,0.0310739;-1.61944,0.281567,-1.56961
0.0264337,0.0482522,0.0296147;-1.5984,0.0417064,-1.5786
0.0325783,0.0551605,0.0296429;-1.60269,-0.0616772,-1.57845
0.0295329,0.0528054,0.0292468;-1.59464,0.00947165,-1.579
0.0286018,0.0517564,0.0302967;-1.60402,0.337135,-1.56545
0.0287298,0.0604103,0.0360297;-1.72436,0.46089,-1.51558
0.0277159,0.0583232,0.0356414;-1.70948,0.453406,-1.52544
0.0256186,0.0482104,0.0290933;-1.582,0.206672,-1.58196
0.0349269,0.0581862,0.0292576;-1.59761,0.0214217,-1.5765
0.0365552,0.0593736,0.0306013;-1.62017,0.0257454,-1.57603
0.0268753,0.0499442,0.0305716;-1.57337,0.328743,-1.60164
0.0296308,0.0579993,0.0355842;-1.70388,0.497032,-1.52608
0.0286155,0.0591355,0.0370944;-1.74647,0.539616,-1.49767
0.0239313,0.0471731,0.0288434;-1.56923,0.353245,-1.58404
0.0297096,0.0517578,0.0291918;-1.59228,0.155367,-1.5759
0.0330922,0.0548278,0.0292853;-1.59881,0.0436938,-1.57615
0.0244031,0.0449411,0.033171;-1.6188,0.27717,-1.59379
0.0286183,0.0517994,0.0348086;-1.65931,0.459933,-1.56708
0.0298193,0.0597883,0.0403111;-1.78878,0.566732,-1.49059
0.0261131,0.0480665,0.0287529;-1.56155,0.451765,-1.57464
0.0262533,0.0493807,0.0286168;-1.57235,0.306424,-1.57211
0.0312742,0.0530233,0.0290447;-1.59038,0.103725,-1.5719
0.0256069,0.0461924,0.0314949;-1.60895,0.208925,-1.58934
0.0270556,0.0481132,0.0342222;-1.63649,0.404102,-1.58303
0.0306414,0.0570374,0.0403156;-1.76869,0.503968,-1.51778
0.027594,0.0515823,0.0288885;-1.55899,0.476853,-1.58322
0.0275812,0.0519436,0.028577;-1.57106,0.42148,-1.57024
0.0276286,0.0504,0.028624;-1.57091,0.342124,-1.56862
0.0265992,0.0495799,0.0289821;-1.57459,0.367778,-1.58547
0.0281647,0.0511766,0.031451;-1.58286,0.470593,-1.59927
0.0356703,0.0624339,0.0407339;-1.78225,0.612544,-1.49696
0.0383625,0.062654,0.0315846;-1.62766,0.535094,-1.55782
0.0376143,0.0624696,0.0287647;-1.57107,0.463711,-1.58037
0.0378906,0.0622922,0.0286264;-1.57086,0.386942,-1.56832
0.0372887,0.0611943,0.0286358;-1.57077,0.456565,-1.5734
0.038057,0.0603003,0.0296074;-1.57213,0.535107,-1.58594
0.0438925,0.0654435,0.0360817;-1.57335,0.679855,-1.5977
0.0534542,0.0714128,0.038962;-1.76677,0.690063,-1.48808
0.0540165,0.0705214,0.0351913;-1.6914,0.646774,-1.52797
0.0540898,0.0696482,0.0289585;-1.57637,0.57763,-1.58101
0.0564165,0.0707787,0.028578;-1.57106,0.489933,-1.57054
0.0555981,0.0702883,0.0287968;-1.5695,0.572188,-1.58295
0.0572079,0.0685442,0.0309462;-1.55021,0.736884,-1.60287
0.0707564,0.0778915,0.0416966;-1.87479,0.885501,-1.38666
0.0764652,0.0788947,0.0395746;-1.81364,0.800773,-1.43419
0.0775276,0.0760353,0.0324601;-1.62868,0.719186,-1.56434
0.081253,0.077144,0.0288578;-1.58577,0.56047,-1.56369
0.0797985,0.0768514,0.0285606;-1.56983,0.629851,-1.57123
0.081679,0.0756286,0.0288442;-1.5533,0.766078,-1.58347
0.0947035,0.0903273,0.0391783;-1.63561,0.999843,-1.5461
0.102624,0.0963394,0.0407408;-1.85206,0.896766,-1.39925
0.108221,0.0940241,0.0353367;-1.69919,0.783072,-1.51618
0.113285,0.0936668,0.029214;-1.60264,0.599674,-1.5575
0.112696,0.0936938,0.029039;-1.59301,0.63024,-1.56199
0.110887,0.0915771,0.0287348;-1.57044,0.763244,-1.57915
0.120606,0.10358,0.0343178;-1.53258,1.03823,-1.60139
0.125375,0.10749,0.0362769;-1.7749,0.958947,-1.432
0.128953,0.105485,0.0300958;-1.59455,0.863198,-1.57429
0.141672,0.108108,0.0296836;-1.60605,0.616065,-1.56044
0.142091,0.109204,0.0296864;-1.61205,0.624763,-1.55159
0.135032,0.106906,0.0295321;-1.5845,0.709577,-1.57905
0.130213,0.101939,0.0351604;-1.48648,1.07502,-1.6407
0.135465,0.10585,0.0365892;-1.62589,1.04469,-1.53972
0.137603,0.108115,0.0287942;-1.56645,0.97356,-1.58402
0.14603,0.111005,0.0291509;-1.59627,0.737178,-1.56241
0.145205,0.11027,0.0296299;-1.60121,0.749167,-1.56402
0.14264,0.109526,0.0323165;-1.63603,0.786238,-1.55249
0.136894,0.107153,0.037417;-1.53397,1.12165,-1.62708
0.140863,0.110034,0.0351298;-1.61506,1.13118,-1.54647
0.140357,0.110446,0.0291047;-1.55752,1.16294,-1.58449
0.143548,0.113294,0.028839;-1.58073,0.967899,-1.56928
0.150774,0.112921,0.0295662;-1.61356,0.81131,-1.54791
0.145394,0.112809,0.0302612;-1.6065,0.902122,-1.56387
0.136977,0.111916,0.031217;-1.56422,1.05142,-1.61815
0.146661,0.114411,0.0374256;-1.92836,1.37325,-1.2477
0.140439,0.111778,0.0294902;-1.66784,1.31237,-1.47854
0.134479,0.110091,0.0285501;-1.57509,1.208,-1.56653
0.133913,0.109449,0.0285804;-1.57066,1.056,-1.57088
0.133003,0.110027,0.0289013;-1.57856,1.1165,-1.57555
0.131069,0.109846,0.030131;-1.57674,1.1895,-1.59544
0.141863,0.112684,0.0402246;-3.04101,1.41915,-0.156091
0.137997,0.113088,0.0377345;3.07981,1.44232,0.0235586
0.11945,0.109511,0.0286935;-1.32239,1.52897,-1.81873
0.116321,0.109297,0.0286248;-1.57542,1.32687,-1.56457
0.116259,0.109299,0.0285791;-1.57116,1.35773,-1.57055
0.115826,0.108979,0.0289157;-1.56497,1.42403,-1.59226
0.128811,0.1065,0.0426995;2.35572,1.28193,0.748687
0.126529,0.110198,0.0417244;2.20029,1.26471,0.904224
0.105888,0.111913,0.0290064;1.49875,1.31908,1.6311
0.103557,0.110138,0.0286392;1.71274,1.55225,1.42941
0.103256,0.109991,0.0285965;-1.6098,1.56697,-1.53097
0.103633,0.109968,0.0286024;0,1.56828,3.13986
0.124498,0.101705,0.037865;2.16806,1.27861,0.971876
0.128178,0.103057,0.0428301;2.20038,1.1938,0.924529
0.118644,0.107687,0.0357816;1.80005,1.20835,1.30918
0.113215,0.106615,0.0289563;1.64254,1.3955,1.49451
0.114685,0.103088,0.0286421;0,1.56769,-3.14132
0.114447,0.103261,0.0285683;-1.59068,1.5277,-1.55064
0.130183,0.0977623,0.0312594;-0.416725,1.55791,-2.73936
0.14782,0.0957329,0.040258;2.51554,1.31688,0.616575
0.147719,0.0978897,0.0393823;2.26597,1.32273,0.84647
0.133716,0.100074,0.02891;1.5808,1.39827,1.54613
0.13942,0.0966131,0.0290962;2.25193,1.53869,0.885007
0.140939,0.0944598,0.0286782;-1.63429,1.49235,-1.50745
0.146638,0.0929328,0.0291512;-1.43703,1.47485,-1.70387
0.162242,0.0920917,0.032226;2.51631,1.50087,0.626019
0.168051,0.094587,0.0379483;2.47686,1.37048,0.651233
0.156673,0.0932203,0.0294807;1.51313,1.48654,1.60336
0.163938,0.0914155,0.0292736;-2.61053,1.54902,-0.542692
0.171541,0.0881418,0.0291337;-1.72455,1.42832,-1.42385
0.173138,0.0869255,0.0289121;-1.42163,1.47758,-1.72161
0.185123,0.0848111,0.0300047;0.161926,1.55442,2.98127
0.201272,0.0857623,0.0345436;2.21758,1.39017,0.919454
0.191136,0.0870768,0.0290097;1.51186,1.45871,1.61381
0.191875,0.0858638,0.0290012;1.63899,1.50672,1.48641
0.206071,0.0778976,0.0303276;-1.88269,1.4459,-1.27286
0.214594,0.0745191,0.0289649;-1.55421,1.40833,-1.60351
0.223156,0.0711737,0.031426;-1.09114,1.48249,-2.05499
0.244142,0.0709937,0.0330173;1.52764,1.54065,1.61768
0.25264,0.0702366,0.0287855;-1.49002,1.53566,-1.65924
0.252934,0.0701564,0.0288244;-1.57926,1.49019,-1.57325
0.258429,0.0669647,0.0292551;-1.68088,1.34189,-1.47146
0.264506,0.0661104,0.0302185;-1.64079,1.29799,-1.52349
0.267215,0.0672745,0.0317308;-1.44313,1.38443,-1.72328
0.285238,0.0691467,0.0360144;-1.00905,1.46708,-2.13924
0.303543,0.0701164,0.0286444;-1.54646,1.42728,-1.59628
0.302547,0.0703784,0.0285586;-1.56455,1.39089,-1.57687
0.302108,0.0699529,0.0285861;-1.57281,1.35089,-1.56924
0.305498,0.0681043,0.0293154;-1.63831,1.22905,-1.51905
0.303266,0.0686662,0.0306776;-1.57185,1.30047,-1.60514
0.31555,0.0685986,0.0341594;-1.54752,1.43773,-1.61883
0.338757,0.0715188,0.032614;-2.54404,1.47007,-0.60624
0.335255,0.0704054,0.028545;-1.56144,1.45873,-1.58001
0.334602,0.0705538,0.0285766;-1.56913,1.44025,-1.5724
0.333952,0.0697214,0.028978;-1.645,1.34975,-1.50147
0.330466,0.0701655,0.029187;-1.61377,1.4278,-1.54846
0.333126,0.0667964,0.0321894;-1.52712,1.53205,-1.66146
0.364721,0.0677303,0.0378064;2.30802,1.35002,0.81494
0.362404,0.0652762,0.0300166;1.84277,1.44317,1.29542
0.360409,0.065927,0.0285633;1.55759,1.53845,1.58335
0.358604,0.0661733,0.0285842;-1.57417,1.5276,-1.56728
0.358132,0.0666014,0.028719;-1.60421,1.54802,-1.54342
0.35449,0.065853,0.0300098;1.57447,1.4674,1.54099
0.378993,0.0574423,0.0411744;1.98562,1.22461,1.12924
0.388222,0.0551711,0.0381316;2.08679,1.249,1.0487
0.38405,0.0544962,0.0288023;1.54426,1.35455,1.58581
0.383631,0.0549823,0.0285867;1.57111,1.47019,1.57079
0.383808,0.0551304,0.0285787;1.57127,1.46809,1.57033
0.382703,0.0549847,0.0288868;1.57426,1.39243,1.55286
0.386449,0.0451256,0.038941;1.59787,1.1291,1.51308
0.403179,0.0378933,0.0385369;1.92506,1.12618,1.20468
0.402683,0.0370428,0.032185;1.7057,1.20632,1.42001
0.404415,0.0347882,0.0285774;1.57201,1.39439,1.56972
0.404136,0.0349016,0.0285779;1.57089,1.37265,1.57076
0.403857,0.0342891,0.0285961;1.56712,1.32796,1.57412
0.403857,0.0342891,0.0285961;1.56712,1.32796,1.57412
0.405399,0.031814,0.0300152;1.51481,1.24327,1.61881
0.405399,0.031814,0.0300152;1.51481,1.24327,1.61881
