0,0,0.11;-1.57,-2.98023e-08,-1.57
0,0,0.11;-1.57,-2.98023e-08,-1.57
0,0,0.11;-1.57,-2.98023e-08,-1.57
-0.000402157,-0.00123859,0.0286579;-1.57249,-0.220881,-1.57417
-0.000362936,-0.00219308,0.0286985;-1.57054,-0.151733,-1.57665
0.00124,0.00371642,0.0299477;-1.5495,-0.0390636,-1.56858
0.0013723,0.0233211,0.035831;-1.67806,0.0370672,-1.55274
0.00504676,0.0174108,0.0287255;-1.57103,-0.188099,-1.57842
0.00611204,0.0192431,0.028983;-1.58447,-0.268008,-1.58061
0.00622992,0.0188249,0.0286413;-1.57091,-0.275487,-1.57357
0.00497728,0.0160239,0.0286545;-1.57071,-0.0462435,-1.57431
0.00523216,0.0165281,0.028881;-1.56697,0.0740861,-1.57032
0.00654515,0.030548,0.032376;-1.60998,0.220774,-1.55099
0.00754078,0.0288936,0.0343453;-1.64327,0.123357,-1.54288
0.00791098,0.0234862,0.0300436;-1.61181,0.0390846,-1.57089
0.00796203,0.0222667,0.0289702;-1.58015,-0.0194021,-1.58034
0.00601774,0.018225,0.0286622;-1.5703,0.113732,-1.57512
0.0062597,0.0165414,0.0287074;-1.5711,0.221501,-1.57666
0.00805342,0.021985,0.0295303;-1.56741,0.358303,-1.57109
0.00954302,0.0322538,0.0354339;-1.63978,0.423099,-1.53318
0.00954984,0.024974,0.0365705;-1.61289,0.33447,-1.54879
0.00462485,0.0098057,0.0302746;-1.52783,0.245144,-1.58485
0.00199805,0.006999,0.0289762;-1.58146,0.201443,-1.57719
0.00156118,0.00559998,0.0285895;-1.57094,0.278418,-1.5712
0.00292692,0.00517467,0.0286973;-1.56895,0.37473,-1.57412
0.0075448,0.0140052,0.0293502;-1.56265,0.464388,-1.56955
0.00816544,0.0153186,0.0291529;-1.57171,0.402218,-1.55976
0.00466016,0.00901418,0.0289267;-1.57179,0.210714,-1.5785
0.00465687,0.00925494,0.02892;-1.57866,0.174238,-1.5779
0.00406545,0.00835731,0.0287853;-1.57064,0.20785,-1.58042
0.00637965,0.0101112,0.0293741;-1.56865,0.415788,-1.57224
0.00734388,0.0191265,0.0305592;-1.5829,0.552867,-1.55475
0.00759379,0.0186344,0.0328742;-1.62773,0.500279,-1.51958
0.00908188,0.00454024,0.0295946;-1.58667,0.266188,-1.5581
0.00548601,-0.00226153,0.0291786;-1.58355,0.189016,-1.571
0.00375816,-0.00415683,0.0289319;-1.58406,0.190818,-1.57227
-0.000340324,-0.00718817,0.0288602;-1.57694,0.421219,-1.57645
0.00368131,-0.00114111,0.0296558;-1.55712,0.562654,-1.57009
0.00702062,0.00687497,0.0306921;-1.58421,0.609512,-1.54749
0.00842795,-0.00312662,0.0287648;-1.57357,0.370224,-1.56301
0.00695179,-0.00668921,0.0288016;-1.57841,0.275251,-1.57248
0.00370591,-0.00950218,0.0293533;-1.58957,0.285371,-1.56971
-0.00158847,-0.0133754,0.0289052;-1.57211,0.479658,-1.58429
0.000691829,-0.00967024,0.0293136;-1.57464,0.611034,-1.5739
0.00557295,0.000724743,0.03069;-1.58977,0.755551,-1.54703
0.00100188,-0.00889906,0.0288875;-1.57475,0.595477,-1.55612
-0.00397762,-0.0146308,0.0286572;-1.56854,0.505995,-1.57396
-0.0110015,-0.0202679,0.0291296;-1.56525,0.498381,-1.58251
-0.0128096,-0.0280815,0.0317501;-1.51669,0.638902,-1.62688
-0.0121519,-0.0317984,0.0338441;-1.46127,0.774392,-1.66003
-0.00865559,-0.026724,0.0322247;-1.47942,0.923381,-1.63744
-0.000475524,-0.0150077,0.0289612;-1.58799,0.84208,-1.55719
-0.00169902,-0.0170633,0.0288239;-1.57241,0.7977,-1.58113
-0.00243367,-0.0185625,0.0291218;-1.58068,0.769346,-1.58156
-0.00113299,-0.0229293,0.0330365;-1.52641,0.85306,-1.66394
7.35095e-05,-0.0210011,0.0347834;-1.50794,0.945271,-1.69107
0.00228653,-0.0152132,0.0337101;-1.51147,1.09556,-1.67349
0.00637172,-0.0019468,0.0294401;-1.61131,0.974067,-1.54083
0.00868459,-0.00347934,0.0286774;-1.57591,0.857591,-1.56813
0.00900395,-0.00310967,0.0287717;-1.5697,0.786203,-1.58045
0.00773567,-0.00411935,0.029768;-1.56804,0.803002,-1.59763
0.00930907,-0.0052762,0.0320689;-1.5379,0.879819,-1.63746
0.0185076,-0.00125482,0.0363086;-1.53479,1.03056,-1.63743
0.0318823,0.0123258,0.0337582;-1.75169,1.04325,-1.42778
0.0330854,0.00931226,0.030266;-1.64123,0.961723,-1.51835
0.0332163,0.00482684,0.0286652;-1.57694,0.88853,-1.56618
0.0315254,0.00438086,0.0291673;-1.59639,0.870503,-1.56303
0.0253348,0.00288858,0.0301443;-1.57305,0.975544,-1.5963
0.0259755,0.00164144,0.0325986;-1.52356,1.10172,-1.65656
0.0419985,0.0152923,0.0350142;-1.88746,1.2904,-1.29819
0.0464347,0.0148255,0.0328539;-1.77689,1.19221,-1.39088
0.0439559,0.0103348,0.029517;-1.63726,1.09462,-1.51314
0.0412575,0.00820944,0.0286921;-1.57074,1.0311,-1.57624
0.0375061,0.00887832,0.0288456;-1.57219,1.16884,-1.58123
0.0357028,0.00805423,0.0297727;-1.57418,1.22103,-1.59154
0.0403983,0.00987532,0.0374578;-1.18831,1.53286,-1.98497
0.0343396,0.00877916,0.0405319;-1.87597,1.46888,-1.3037
0.0319987,0.00973264,0.0308042;-1.73471,1.34481,-1.42269
0.0279694,0.00962457,0.0286459;-1.57056,1.25021,-1.57425
0.0258002,0.00864638,0.0288619;-1.56045,1.3575,-1.59265
0.0243064,0.0071592,0.0293475;-1.55959,1.42169,-1.6003
0.0292006,0.0033105,0.035186;0.809978,1.42173,2.32305
0.031972,0.00323075,0.0401671;0.441579,1.45894,2.70014
0.0285655,0.000621835,0.0402683;-0.330511,1.41836,-2.79819
0.0222363,-0.00128795,0.0400183;-0.522902,1.32907,-2.61123
0.0198255,-0.00259428,0.0407469;-0.431243,1.32022,-2.70962
0.0184214,-0.00307347,0.0411738;-0.394385,1.30462,-2.74302
0.0191696,-0.00653613,0.0421406;0.290924,1.31501,2.8668
0.0264101,-0.00243172,0.04208;0.163294,1.34135,3.01769
0.0247678,0.00127638,0.0406773;-0.123588,1.38135,-2.96477
0.0185983,0.00848806,0.0365936;-0.745647,1.34987,-2.37115
0.0159642,0.00639303,0.0393817;-0.585202,1.30567,-2.53915
0.0156317,0.00435634,0.0387905;-0.599119,1.31474,-2.53016
0.0137126,-0.00780895,0.0427457;0.100342,1.3171,3.03314
0.0149003,-0.0091219,0.0415222;0.288485,1.31277,2.85508
0.0213554,-0.00720218,0.0397882;0.527092,1.35159,2.63504
0.0202944,-0.00207347,0.0327584;-0.541869,1.49878,-2.56686
0.0126039,0.00334195,0.031763;-1.09391,1.40955,-2.0335
0.0154488,0.00210223,0.0320282;-0.923171,1.4593,-2.19589
0.0190869,-0.000286423,0.0346044;-0.309103,1.49723,-2.77923
0.0218694,-0.000546868,0.0398822;0.425077,1.44213,2.80159
0.0225072,0.000689731,0.0409433;0.29988,1.42809,2.92941
0.0195417,0.00126577,0.0402593;0.0789023,1.42632,3.14007
0.0116333,0.00372944,0.0333251;-0.951729,1.44946,-2.15033
0.0100392,0.0055825,0.0332341;-0.83777,1.41692,-2.28941
0.0107963,0.00619405,0.0339222;-0.765634,1.43378,-2.3494
0.0204816,0.00243629,0.0394232;0.393748,1.43942,2.82316
0.0201352,0.00356553,0.0404138;0.177949,1.42088,3.0355
0.0199323,0.0041583,0.0402395;0.0652872,1.39928,3.13418
0.0191002,4.05383e-05,0.033742;0.153399,1.51039,3.03558
0.0178663,0.00200122,0.0306691;-0.524825,1.50212,-2.60742
0.0167402,0.00192725,0.0336451;-0.197301,1.45893,-2.93768
0.0173105,-0.00339562,0.0412346;0.675254,1.29466,2.48455
0.0227698,-0.00442983,0.0407971;0.906885,1.32089,2.2937
0.025258,-0.00479862,0.0416224;0.822507,1.30659,2.37217
0.0195517,-0.00165942,0.0358836;1.05902,1.4843,2.1662
0.0165219,0.000176924,0.0336118;0.773685,1.50443,2.42135
0.0142642,0.001711,0.033241;0.341075,1.48421,2.82254
0.0197478,-0.00557671,0.0375301;0.926244,1.34256,2.24188
0.0276919,-0.0082769,0.038525;1.16102,1.27509,2.0365
0.0337914,-0.00891973,0.0389969;1.21821,1.26758,1.99635
0.0392369,-0.0109189,0.0394191;1.31143,1.25231,1.92083
0.0390139,-0.0136837,0.0387597;1.23438,1.22717,1.96306
0.0372415,-0.0146149,0.0353203;1.25162,1.2418,1.90997
0.0403011,-0.0185361,0.0308613;1.45472,1.22272,1.69225
0.0490869,-0.0211272,0.0315477;1.54131,1.1258,1.63015
0.056566,-0.0219199,0.0335184;1.50608,1.1081,1.67996
0.0491885,-0.0111723,0.033806;1.35866,1.27484,1.81208
0.042778,-0.00462372,0.0335012;1.20593,1.34765,1.95039
0.0368848,0.00125706,0.0322823;1.06756,1.43603,2.08822
0.0361609,0.00357433,0.0353411;0.850728,1.40909,2.31515
0.0384655,0.0016241,0.0381142;0.963439,1.34557,2.21767
0.0463614,-0.000280202,0.038357;1.26461,1.27972,1.93978
0.0509709,0.00278041,0.0376928;1.09603,1.31439,2.08903
0.0500503,0.000990948,0.0391128;1.03795,1.27375,2.13836
0.05238,-0.00269819,0.0399403;1.03787,1.20584,2.11632
0.0495459,-0.0036728,0.0394429;0.930402,1.1917,2.17689
0.0528589,-0.00836713,0.040149;1.0099,1.1375,2.0962
0.0627228,-0.0139063,0.0443344;1.03307,1.03654,2.07812
0.0676659,-0.0194743,0.0468844;0.820028,0.996692,2.23791
0.0658769,-0.0189622,0.048455;0.800273,0.981076,2.25686
0.0652426,-0.0192257,0.0483361;0.799466,0.995384,2.25105
0.0636741,-0.0190372,0.0462182;0.882092,1.04108,2.15517
0.0676995,-0.0211266,0.0454928;0.944204,1.02138,2.10679
0.0734205,-0.0193654,0.0457583;0.961709,0.978255,2.11378
0.0810104,-0.0162199,0.048352;0.77229,0.986126,2.27313
0.083461,-0.0154896,0.0504998;0.761098,1.01523,2.26545
0.0838874,-0.0141881,0.0505656;0.804559,1.0439,2.21776
0.0786582,-0.0149121,0.0530429;0.710481,1.05734,2.27739
0.0789786,-0.0161208,0.0506088;0.773825,1.07856,2.21425
0.0879434,-0.0225865,0.04106;1.10969,1.08974,1.96891
0.12061,-0.0314498,0.0372706;1.5155,1.10383,1.66174
0.131042,-0.0311208,0.0335133;1.60313,1.14115,1.61076
0.129554,-0.0253004,0.0361918;1.46968,1.20349,1.75506
0.119721,-0.020782,0.0377485;1.56321,1.30087,1.7068
0.122752,-0.0233529,0.0388018;1.4207,1.2115,1.80845
0.122369,-0.0216008,0.04115;1.20271,1.07859,1.9457
0.118184,-0.0214865,0.0479415;1.34745,0.950752,1.80287
0.11582,-0.0230738,0.0482011;1.318,1.02696,1.83841
0.108982,-0.0192926,0.0463114;1.15017,1.07698,1.98638
0.103536,-0.0173241,0.0397926;1.06341,1.1091,2.04657
0.108891,-0.0203166,0.0367467;1.22055,1.09459,1.90048
0.109508,-0.0226201,0.0391595;1.1779,1.02961,1.93171
0.119691,-0.0373841,0.0319663;1.51992,0.903599,1.63888
0.118586,-0.0399645,0.0293557;1.57437,0.951704,1.58156
0.11303,-0.0381226,0.0304342;1.5759,1.04629,1.60086
0.104351,-0.0298673,0.0295087;1.57142,1.14353,1.58818
0.104654,-0.0302976,0.0292252;1.57766,1.12895,1.57964
0.108091,-0.0328689,0.028844;1.57676,1.05665,1.57417
0.119023,-0.0317564,0.0296557;1.56565,0.800038,1.58002
0.117917,-0.03121,0.0295051;1.56799,0.817116,1.58698
0.113549,-0.0306124,0.0301204;1.5818,0.897705,1.59114
0.103182,-0.0224878,0.0306754;1.55554,1.07304,1.61585
0.100513,-0.0203718,0.0299963;1.56985,1.1095,1.5979
0.100748,-0.0204017,0.0289251;1.57251,1.08711,1.57919
0.109275,-0.024861,0.0295865;1.56158,0.839736,1.58112
0.108733,-0.0241314,0.0290823;1.56449,0.82858,1.58052
0.107547,-0.0242332,0.0289594;1.57882,0.885561,1.57827
0.0988257,-0.0151025,0.0317921;1.55825,0.998462,1.63
0.0933807,-0.00882456,0.0321617;1.57271,1.05869,1.62458
0.091346,-0.00743846,0.0297396;1.58074,1.06583,1.58518
0.091346,-0.00743846,0.0297396;1.58074,1.06583,1.58518
0.0945405,-0.0117067,0.0289186;1.56199,0.960864,1.58048
0.0945405,-0.0117067,0.0289186;1.56199,0.960864,1.58048
