0,0,0.11;-1.57,-2.98023e-08,-1.57
0,0,0.11;-1.57,-2.98023e-08,-1.57
0,0,0.11;-1.57,-2.98023e-08,-1.57
-0.00126951,-0.00206982,0.0286747;-1.56755,-0.286543,-1.56781
5.55017e-05,0.000924339,0.0286321;-1.57038,-0.156925,-1.56844
0.000526159,0.00617702,0.0291797;-1.56468,-0.0139592,-1.56335
-0.00136609,0.00300312,0.0299732;-1.57448,0.138775,-1.56007
-0.00291608,-0.0108093,0.0286405;-1.57069,-0.0750691,-1.56778
-0.00327694,-0.0133516,0.0286804;-1.57081,-0.201565,-1.56594
-0.00342905,-0.0153273,0.0286562;-1.57077,-0.286749,-1.56703
-0.00461275,-0.0158716,0.0286307;-1.57158,-0.0773375,-1.57277
-0.00526336,-0.0174657,0.0300137;-1.58472,0.0794326,-1.58536
-0.00392866,-0.00975497,0.0357019;-1.67602,0.260525,-1.57317
-0.000902753,-0.0065936,0.0339395;-1.65706,0.184128,-1.57514
-0.00083537,-0.0107306,0.028853;-1.56816,0.0951715,-1.58442
0.000539695,-0.0089488,0.0289858;-1.58578,-0.027312,-1.57584
0.000773534,-0.0090376,0.0286133;-1.57081,-0.0049402,-1.57233
0.00256541,-0.00827741,0.0292063;-1.54763,0.0963809,-1.57123
0.0068161,0.00176368,0.0352133;-1.45808,0.220934,-1.584
0.00892213,0.0170663,0.0304508;-1.58351,0.249201,-1.55778
0.0110518,0.01402,0.0287172;-1.56844,0.110103,-1.56698
0.00962374,0.0107083,0.0286686;-1.57045,-0.0427566,-1.56686
0.0077404,0.00778001,0.0285983;-1.57076,-0.18805,-1.56982
0.00915516,0.00955407,0.0285883;-1.56981,-0.0527056,-1.57092
0.0113872,0.0127183,0.0293705;-1.55937,0.117909,-1.56759
0.0120724,0.0162039,0.0301782;-1.55658,0.204476,-1.56667
0.0125665,0.0152865,0.0286335;-1.57089,0.11743,-1.56808
0.0147346,0.0202729,0.0287953;-1.57781,-0.241086,-1.57595
0.0166215,0.0239077,0.0290287;-1.59166,-0.367598,-1.58064
0.0156915,0.0221484,0.0291439;-1.59277,-0.29061,-1.5833
0.00997662,0.019035,0.0352607;-1.68176,0.0404762,-1.58404
0.00840013,0.0239497,0.0390128;-1.72798,0.19937,-1.5782
0.00716528,0.0167137,0.0374236;-1.70518,0.22308,-1.57608
0.00528226,0.00457692,0.0285802;-1.57078,-0.0343374,-1.57086
0.00718644,0.00192091,0.0286247;-1.57082,-0.204979,-1.56856
0.00753271,0.0021229,0.028643;-1.56861,-0.230071,-1.56894
0.0101943,0.00847497,0.0290204;-1.56439,0.0118572,-1.56601
0.00800337,0.0153621,0.0319518;-1.5971,0.197967,-1.55093
0.00504711,0.0163624,0.0326534;-1.63788,0.288102,-1.55563
0.00543007,0.00468221,0.0285946;-1.57017,0.054885,-1.57045
0.00500081,0.00263065,0.0286459;-1.57118,-0.0530896,-1.56796
0.00548878,0.00119288,0.0286406;-1.57115,-0.130775,-1.56819
0.00676255,0.00321585,0.028669;-1.56618,0.0193206,-1.57179
0.0101731,0.0117518,0.0313311;-1.54265,0.162808,-1.58518
0.0107666,0.0291023,0.0371076;-1.70015,0.311673,-1.57114
0.0184304,0.0345214,0.0296365;-1.58902,0.0722386,-1.58749
0.0215462,0.0368133,0.0290601;-1.58554,-0.0525399,-1.58259
0.0232301,0.0386231,0.0291694;-1.59547,-0.113613,-1.57889
0.0197666,0.0346247,0.0289918;-1.57831,0.0793635,-1.58596
0.0187981,0.033815,0.0298323;-1.57051,0.256803,-1.58348
0.0212734,0.0404222,0.0344093;-1.56713,0.429679,-1.58242
0.020023,0.0337125,0.0286126;-1.57079,0.260905,-1.56871
0.0202859,0.0314346,0.0285626;-1.56924,0.112885,-1.57116
0.0201451,0.0292452,0.0286118;-1.57121,-0.00222662,-1.56892
0.0212006,0.0303957,0.0285785;-1.57068,0.0613871,-1.571
0.0224947,0.0357691,0.029733;-1.57701,0.205197,-1.55972
0.0185882,0.0424924,0.0334867;-1.63882,0.3947,-1.53819
0.00979607,0.0269924,0.0285552;-1.57573,0.466674,-1.56923
0.00822842,0.0246191,0.0285757;-1.571,0.37664,-1.57059
0.00846086,0.0229257,0.02861;-1.57086,0.272602,-1.56925
0.0120074,0.0266011,0.0287781;-1.56996,0.100058,-1.58063
0.013321,0.0285445,0.0298382;-1.59452,0.16514,-1.57882
0.0164456,0.0405019,0.0364631;-1.72241,0.349199,-1.53102
0.00531618,0.0313987,0.0350556;-1.67049,0.548187,-1.55345
0.000948216,0.0213276,0.029576;-1.57184,0.481876,-1.59295
0.00181322,0.0230729,0.0289449;-1.57525,0.383003,-1.58239
0.0069702,0.026803,0.0286138;-1.57269,0.150211,-1.57093
0.00784624,0.0268096,0.0285865;-1.57087,0.197156,-1.57155
0.0126717,0.031874,0.0299664;-1.54682,0.295301,-1.5771
0.0238163,0.0633637,0.0351614;-1.70346,0.47562,-1.5255
0.0253472,0.0596876,0.030712;-1.61625,0.393707,-1.56056
0.0238089,0.0537483,0.0285736;-1.57076,0.251768,-1.57093
0.0230593,0.051526,0.0285804;-1.57088,0.0818641,-1.57075
0.0237951,0.0519019,0.0285659;-1.56868,0.176965,-1.57263
0.0264128,0.053696,0.0285757;-1.57055,0.300931,-1.57126
0.0299337,0.0676703,0.0338297;-1.67332,0.627562,-1.5316
0.0325428,0.0706727,0.0357395;-1.71011,0.536398,-1.5204
0.0333244,0.0634365,0.0287616;-1.57033,0.443347,-1.58003
0.0406168,0.0693005,0.0292144;-1.59566,0.125787,-1.57389
0.0414062,0.0700186,0.0291807;-1.58976,0.129087,-1.57848
0.0416739,0.0707562,0.0295371;-1.59121,0.147204,-1.58076
0.037298,0.0817193,0.0397286;-1.79028,0.472365,-1.4959
0.0318964,0.0760928,0.0385019;-1.76524,0.511371,-1.50027
0.020938,0.0573352,0.0289542;-1.55362,0.561094,-1.58477
0.0207468,0.0552275,0.0286125;-1.5708,0.373806,-1.56924
0.021171,0.0554263,0.0285759;-1.57107,0.370603,-1.57063
0.0217193,0.0560648,0.0285804;-1.57082,0.375657,-1.57095
0.0293394,0.0716874,0.0341179;-1.65737,0.641567,-1.51035
0.0287636,0.0753145,0.0357296;-1.74215,0.686072,-1.47323
0.0223947,0.0695077,0.0286252;-1.57468,0.724857,-1.56751
0.0215222,0.068102,0.0285788;-1.57066,0.618069,-1.5708
0.0218286,0.0682672,0.0285783;-1.57091,0.617994,-1.57066
0.0220646,0.0684649,0.0285795;-1.57087,0.611879,-1.57074
0.0420443,0.085038,0.0348879;-1.50534,0.750318,-1.63241
0.0560975,0.0986475,0.0363832;-1.76969,0.71974,-1.45147
0.050198,0.0941606,0.0334172;-1.67234,0.782343,-1.52267
0.0494772,0.0904974,0.0291595;-1.58931,0.596286,-1.57283
0.0553889,0.0937663,0.0291768;-1.59806,0.458946,-1.56333
0.0521012,0.0926005,0.0288989;-1.57161,0.565636,-1.5846
0.0499068,0.0918113,0.0291623;-1.58025,0.718043,-1.57888
0.0591657,0.100776,0.0341526;-1.71123,1.02049,-1.4716
0.0540459,0.0958359,0.0296995;-1.60368,0.993179,-1.54421
0.0518269,0.0935398,0.02858;-1.57091,0.911822,-1.5707
0.0534306,0.0905176,0.0286126;-1.57096,0.644376,-1.56911
0.0539885,0.0911058,0.028574;-1.57087,0.673705,-1.57088
0.0557744,0.0912259,0.0285807;-1.57069,0.733119,-1.57083
0.0643287,0.102607,0.0323927;-1.68759,1.08463,-1.47319
0.0571956,0.101132,0.0342594;-1.78017,1.13944,-1.39875
0.0403301,0.090017,0.0285201;-1.57335,1.15742,-1.56889
0.040728,0.0895503,0.0286866;-1.58065,1.01316,-1.56253
0.0433115,0.0896318,0.0287294;-1.57215,0.935809,-1.57627
0.0532514,0.0932674,0.0291979;-1.56895,0.843201,-1.58968
0.0788136,0.105776,0.0394206;-1.94854,1.03184,-1.2682
0.0735749,0.105956,0.0378707;-1.87091,1.09586,-1.33929
0.057422,0.099135,0.0305335;-1.61144,1.14858,-1.55971
0.0549877,0.0979272,0.0288518;-1.5863,1.07446,-1.56277
0.0564346,0.097637,0.0287184;-1.58412,1.04446,-1.55941
0.056747,0.0976249,0.0286199;-1.56719,1.01859,-1.57395
0.0855029,0.109183,0.0342318;-1.378,1.09038,-1.73924
0.106848,0.120997,0.0321125;-1.70759,1.12871,-1.44992
0.103637,0.121952,0.0286543;-1.56221,1.18207,-1.57846
0.100765,0.121515,0.0285714;-1.56952,1.02847,-1.57128
0.100006,0.121741,0.0285808;-1.57117,0.976895,-1.5703
0.100469,0.122005,0.0285796;-1.5709,1.00675,-1.57062
0.103661,0.118484,0.0310376;-1.47036,1.23235,-1.66975
0.105764,0.115913,0.0354652;-1.02142,1.37099,-2.10304
0.100135,0.111542,0.0317289;-1.29377,1.45816,-1.85751
0.0974294,0.110284,0.0288052;-1.57032,1.37786,-1.5823
0.101337,0.109566,0.0290803;-1.61717,1.24399,-1.53606
0.10621,0.108403,0.0290895;-1.61592,1.17041,-1.53613
0.12021,0.109021,0.0297699;-1.59352,1.13894,-1.56411
0.13343,0.113439,0.0340087;-1.85716,1.29475,-1.30746
0.136098,0.116509,0.0352234;-2.17471,1.39758,-0.998329
0.111825,0.110352,0.0285633;-1.57553,1.49446,-1.56591
0.111353,0.110144,0.0286792;-1.60542,1.45461,-1.53574
0.110864,0.10942,0.0286739;-1.59235,1.40557,-1.54844
0.112666,0.109022,0.0290582;-1.44623,1.42433,-1.69895
0.127441,0.10778,0.0311622;-1.2684,1.44816,-1.87865
0.157563,0.105393,0.0330286;-1.47483,1.53589,-1.66322
0.154835,0.108297,0.0285276;1.57698,1.53006,1.56619
0.153818,0.108523,0.0285773;1.56466,1.55087,1.57687
0.152569,0.108,0.0286209;-1.6058,1.5279,-1.53534
0.153383,0.107398,0.0287782;-1.3286,1.5318,-1.81393
0.160806,0.106258,0.0307103;-0.163859,1.54471,-2.99224
0.186798,0.106722,0.0378896;0.475983,1.46447,2.64888
0.21297,0.106741,0.0288192;-1.44651,1.54809,-1.70713
0.214131,0.106521,0.028715;-1.57085,1.46696,-1.57731
0.218263,0.104263,0.0288699;-1.60404,1.31831,-1.54417
0.223058,0.102358,0.0286552;-1.56998,1.16039,-1.5753
0.225677,0.102174,0.0297952;-1.51824,1.22153,-1.62991
0.22876,0.0994792,0.0353367;-1.04438,1.36118,-2.09247
0.217606,0.0913502,0.0289278;-0.350164,1.55826,-2.79091
0.216699,0.091212,0.0285777;-1.56755,1.56676,-1.57413
0.216544,0.0909502,0.0286009;-1.59489,1.54147,-1.54764
0.218188,0.0901749,0.0285918;-1.56171,1.49362,-1.57999
0.220099,0.0894504,0.0291685;-1.06531,1.51989,-2.07928
0.225615,0.0858402,0.0333325;0.462468,1.47624,2.67851
0.236145,0.0827569,0.0316296;1.27724,1.36075,1.86512
0.23304,0.0833205,0.0287889;1.52298,1.37483,1.61713
0.232648,0.0831592,0.0285856;1.57095,1.3826,1.57036
0.232891,0.0824952,0.0286099;1.58212,1.43036,1.55986
0.233412,0.0827418,0.0288043;1.52018,1.44336,1.61676
0.236798,0.0822608,0.0298187;1.37905,1.4353,1.75122
0.270235,0.074912,0.0384281;1.06582,1.30362,2.05282
0.274644,0.0735671,0.0288357;1.52966,1.32621,1.60873
0.276204,0.0742381,0.0286097;1.57333,1.41415,1.56637
0.279807,0.0699764,0.0289753;-2.0595,1.53064,-1.08272
0.279586,0.0683896,0.0285581;-1.56213,1.4611,-1.57937
0.280069,0.0682981,0.0291355;-1.37568,1.45617,-1.76935
0.310544,0.0633313,0.0412931;-0.450013,1.32685,-2.69264
0.324733,0.0596437,0.0331339;-0.863437,1.4708,-2.27245
0.323514,0.0594841,0.0286331;-1.5444,1.47209,-1.59692
0.322509,0.0595936,0.0285713;-1.56918,1.35204,-1.57237
0.322854,0.0596594,0.0285791;-1.57021,1.3579,-1.5712
0.322687,0.0586582,0.0288818;-1.50986,1.41054,-1.63565
0.323245,0.051125,0.0361375;0.868833,1.40739,2.24621
0.313745,0.0504409,0.034236;1.49675,1.32981,1.62786
0.302821,0.0512534,0.0287665;1.57249,1.26807,1.55976
0.303315,0.0494147,0.0291428;1.66202,1.3188,1.47774
0.3063,0.0456097,0.0290511;1.73284,1.43863,1.4084
0.308549,0.0443681,0.0287642;1.32592,1.56233,1.80858
0.308549,0.0443681,0.0287642;1.32592,1.56233,1.80858
0.312941,0.0420613,0.0303983;0.588847,1.53536,2.53728
0.312941,0.0420613,0.0303983;0.588847,1.53536,2.53728
