0,0,0.11;-1.57,-2.98023e-08,-1.57
0,0,0.11;-1.57,-2.98023e-08,-1.57
0,0,0.11;-1.57,-2.98023e-08,-1.57
-0.000683281,-0.00212372,0.0286107;-1.57064,-0.221223,-1.5692
0.000409938,0.000249505,0.0287343;-1.57055,-0.137247,-1.56386
0.00180175,0.0103396,0.0300566;-1.56933,-0.020596,-1.54724
-0.00356455,0.0135599,0.0339255;-1.58069,0.179601,-1.50502
-0.00302273,-0.00684547,0.0288406;-1.57095,0.0875099,-1.55827
-0.00347374,-0.00936875,0.0286426;-1.57117,-0.0157661,-1.56802
-0.00296583,-0.010817,0.0286264;-1.57091,-0.0825826,-1.56852
-0.00277489,-0.0105404,0.0286561;-1.57077,-0.0967958,-1.56705
-0.00082831,-0.00631198,0.0288361;-1.56724,-0.0241305,-1.5644
0.00229592,0.00587924,0.0321896;-1.57879,0.127691,-1.52484
-0.00260003,0.0108176,0.0335389;-1.58689,0.243528,-1.4972
-0.0052275,0.00237952,0.030598;-1.57073,0.252838,-1.53788
-0.00687223,-0.00457774,0.0288458;-1.56899,0.185467,-1.55991
-0.00718122,-0.00534606,0.02858;-1.57075,0.0651752,-1.57084
-0.00770404,-0.00381116,0.0286016;-1.5707,0.0027901,-1.57165
-0.00758743,-0.00133169,0.0290024;-1.56367,-0.0298286,-1.57086
-0.0030745,0.0146967,0.0331783;-1.59569,0.00861715,-1.51665
-0.000624143,0.0168452,0.0322323;-1.58595,-0.0106619,-1.52268
-0.00260609,0.0157562,0.0303661;-1.56725,-0.0021452,-1.54147
-0.003565,0.0115763,0.0291126;-1.58857,0.0687865,-1.57752
-0.0045474,0.00939741,0.0296773;-1.57144,0.110692,-1.59524
-0.00513841,0.00535481,0.0311531;-1.55795,0.151411,-1.60906
-0.0029722,0.0137088,0.0326838;-1.54797,0.167769,-1.61241
0.00246084,0.0330169,0.0345796;-1.6783,0.150648,-1.53999
0.00777215,0.0347904,0.0293923;-1.59479,0.0522947,-1.5729
0.00778655,0.034345,0.0291393;-1.58266,0.0493116,-1.58044
0.00757517,0.0339001,0.0304613;-1.59199,0.0703565,-1.59175
0.00298808,0.0251241,0.0331386;-1.58749,0.196814,-1.61491
0.000516465,0.025823,0.0343968;-1.59304,0.218729,-1.6024
-0.00474851,0.0313398,0.0365454;-1.70871,0.151713,-1.53954
-0.00108865,0.0272321,0.0318085;-1.64277,0.0516141,-1.56767
-0.00112902,0.0259193,0.0290037;-1.58362,0.0532604,-1.57772
-0.00117377,0.0260228,0.0289868;-1.58411,0.0634374,-1.57646
-0.00164927,0.0258263,0.0304164;-1.60962,0.109945,-1.57096
-0.0036215,0.0281741,0.0335139;-1.66339,0.167455,-1.56011
-0.00869628,0.0280617,0.0383461;-1.73886,0.203231,-1.53256
-0.00826611,0.0114982,0.0330877;-1.65487,0.056296,-1.5573
-0.00792662,0.00698161,0.0290096;-1.58836,0.0252204,-1.57357
-0.00859658,0.0062639,0.0289201;-1.58173,0.0621419,-1.57551
-0.00826591,0.00791137,0.0287915;-1.56531,0.103681,-1.57609
-0.00736312,0.00992379,0.0298862;-1.58394,0.13355,-1.55987
-0.00814239,0.00972668,0.03298;-1.62657,0.139765,-1.54721
-0.0133127,-0.00981989,0.0314059;-1.59303,-0.0132929,-1.53631
-0.0159339,-0.0191692,0.029015;-1.57011,-0.0800951,-1.55916
-0.0162092,-0.0194545,0.0285946;-1.57088,-0.069854,-1.56972
-0.0154001,-0.015887,0.0288431;-1.56007,0.0701449,-1.56876
-0.0146848,-0.0142773,0.0293836;-1.54383,0.0791308,-1.56387
-0.0122861,-0.00648449,0.0313528;-1.56498,0.138201,-1.53423
-0.0120708,-0.0137624,0.0338998;-1.59784,-0.0332119,-1.50666
-0.00888471,-0.0252253,0.0309102;-1.57633,-0.163995,-1.53701
-0.0102645,-0.0351627,0.0290331;-1.57116,-0.271512,-1.56102
-0.0113037,-0.0363716,0.0287663;-1.5707,-0.182723,-1.57976
-0.0110367,-0.0360411,0.0297648;-1.54476,-0.166709,-1.57647
-0.0134203,-0.0289105,0.034734;-1.47672,-0.0412058,-1.56587
-0.0209061,-0.040092,0.0378679;-1.53583,0.0117064,-1.50885
-0.0159625,-0.0535249,0.0353819;-1.51372,-0.0749169,-1.53441
-0.0145481,-0.0662973,0.030503;-1.53885,-0.154181,-1.56107
-0.0141239,-0.0652997,0.0299644;-1.56126,-0.147216,-1.59706
-0.0130003,-0.0639329,0.032049;-1.52175,-0.0784618,-1.58787
-0.0115769,-0.0561196,0.0374714;-1.42001,0.0332295,-1.5785
-0.0226817,-0.049838,0.0420868;-1.4686,0.163872,-1.51052
-0.0276373,-0.0562292,0.0427126;-1.47034,0.110546,-1.49184
-0.0327622,-0.0643206,0.0417503;-1.47269,0.0320535,-1.48299
-0.0189136,-0.0824242,0.0375244;-1.4457,0.0164105,-1.54199
-0.0124053,-0.0827952,0.0351113;-1.45891,0.0418726,-1.57869
-0.00788931,-0.0809137,0.0349679;-1.46858,0.10713,-1.60355
-0.0101186,-0.0665627,0.0425937;-1.39654,0.236598,-1.56557
-0.0172695,-0.0572407,0.0466166;-1.404,0.16395,-1.52357
-0.0238421,-0.0503599,0.0493946;-1.41703,0.0479708,-1.50341
-0.0164738,-0.0683139,0.0412797;-1.32555,-0.109624,-1.55433
-0.00970541,-0.0736021,0.043345;-1.31467,-0.0392489,-1.58848
-0.00154177,-0.0761622,0.038691;-1.39646,0.0781541,-1.60314
0.00352495,-0.0685486,0.0385457;-1.40738,0.222131,-1.59766
-0.00295918,-0.0694403,0.0425696;-1.4167,0.241861,-1.55218
-0.00966778,-0.0725213,0.0438156;-1.44719,0.265591,-1.50596
-0.0169873,-0.088073,0.0414991;-1.37049,0.0392779,-1.55898
-0.0198965,-0.0843337,0.0448631;-1.28405,-0.0428879,-1.59318
-0.0162167,-0.0760249,0.0450993;-1.278,-0.0090597,-1.59856
-0.00894192,-0.0710412,0.0428584;-1.34702,0.152007,-1.58425
-0.0115928,-0.0689012,0.0455495;-1.47129,0.222336,-1.5525
-0.0147833,-0.0771585,0.0436705;-1.4867,0.252446,-1.50784
-0.0271618,-0.0906508,0.0411163;-1.47973,0.180284,-1.4922
-0.0194547,-0.085236,0.0449936;-1.47875,0.169477,-1.49784
-0.0110353,-0.0793356,0.0457545;-1.48647,0.211311,-1.48967
0.00542727,-0.0753234,0.0402635;-1.44239,0.30445,-1.51234
0.0071958,-0.0787815,0.0372835;-1.46653,0.30053,-1.54866
0.00340592,-0.0833347,0.0405908;-1.52168,0.243625,-1.5282
0.00163393,-0.0828683,0.0405454;-1.5839,0.187015,-1.51013
0.00244,-0.0800966,0.0405898;-1.48836,0.197868,-1.5417
0.00244052,-0.0763057,0.0384689;-1.4273,0.176014,-1.57646
0.00665147,-0.0552496,0.0382316;-1.44237,0.251792,-1.65883
0.00797968,-0.0471818,0.0349012;-1.53233,0.199182,-1.65681
0.00802303,-0.0475558,0.0356469;-1.59203,0.131474,-1.6334
0.00343552,-0.068222,0.0390373;-1.66074,0.0159101,-1.59838
0.00833372,-0.0736123,0.0371668;-1.60499,0.0658526,-1.63277
0.0112278,-0.0757866,0.0335148;-1.55451,0.159935,-1.63636
0.00883284,-0.0673634,0.0352182;-1.51696,0.206564,-1.64213
0.0037954,-0.0564467,0.03419;-1.52977,0.0926773,-1.63869
-0.000675709,-0.0619769,0.0300583;-1.56209,-0.0877901,-1.57904
-0.00420898,-0.0677997,0.0315807;-1.58989,-0.240299,-1.54492
-0.00309476,-0.0646845,0.0313253;-1.58284,-0.328457,-1.53994
-0.00359352,-0.061848,0.0290521;-1.56811,-0.239621,-1.56628
-0.00617387,-0.0627968,0.0289672;-1.5762,-0.0973402,-1.58408
-0.00408852,-0.0809606,0.0322441;-1.4885,0.147304,-1.58085
-0.00387348,-0.087511,0.0295339;-1.54372,0.126451,-1.57174
-0.00363599,-0.0949837,0.0296613;-1.57745,0.0658378,-1.55073
-0.00482319,-0.103085,0.0301281;-1.57336,-0.0879983,-1.54504
-0.00428871,-0.0986149,0.0290724;-1.58228,-0.0722198,-1.56682
-0.00456982,-0.0950875,0.0287242;-1.57541,-0.0345309,-1.5731
-0.00583767,-0.0937509,0.0326349;-1.52698,0.0447741,-1.60219
-0.00630388,-0.101844,0.0329859;-1.53718,0.0998398,-1.59959
-0.00268806,-0.117609,0.0316114;-1.56341,0.124611,-1.57939
0.00646152,-0.152012,0.0364016;-1.65845,0.00257403,-1.55607
0.00931031,-0.155482,0.0365383;-1.65705,-0.0932452,-1.60083
0.0120471,-0.151138,0.0352132;-1.57913,-0.119767,-1.63732
0.0115081,-0.11309,0.0372194;-1.58442,-0.0990627,-1.68049
0.010861,-0.102584,0.0378341;-1.61453,-0.120384,-1.67152
0.0102714,-0.103835,0.0389565;-1.67384,-0.101042,-1.65117
0.0112602,-0.122988,0.0468969;-1.77183,-0.128396,-1.60553
0.0185839,-0.132386,0.0487869;-1.76776,-0.153423,-1.63821
0.0275248,-0.144831,0.0458261;-1.7068,-0.11991,-1.68012
0.0319851,-0.141076,0.0406439;-1.58225,-0.0941077,-1.71333
0.0283967,-0.129358,0.0402847;-1.5916,-0.0936839,-1.71515
0.0235683,-0.118139,0.0401747;-1.62916,-0.086933,-1.6924
0.0225203,-0.105796,0.0406389;-1.81536,-0.204841,-1.62567
0.0182939,-0.107256,0.0433045;-1.8484,-0.1811,-1.61059
0.0219624,-0.110231,0.0430755;-1.85594,-0.16897,-1.63468
0.0252289,-0.126622,0.0415473;-1.64689,-0.0301806,-1.70113
0.0269486,-0.135027,0.040943;-1.58654,0.0178579,-1.71914
0.027203,-0.136506,0.0396535;-1.59133,0.0204468,-1.7059
0.0205319,-0.125266,0.0354094;-1.66629,-0.0734199,-1.60919
0.0157013,-0.119036,0.0370429;-1.70692,-0.157758,-1.57057
0.0119611,-0.11584,0.039786;-1.70764,-0.213369,-1.53957
0.00984994,-0.107927,0.0331389;-1.65869,-0.105335,-1.59041
0.00929007,-0.115355,0.0319206;-1.58671,-0.0472297,-1.6152
0.0127132,-0.124935,0.0330244;-1.56148,-0.0132734,-1.63197
0.0158268,-0.136543,0.0287584;-1.58011,0.120155,-1.56859
0.0156326,-0.13894,0.030365;-1.57542,0.063867,-1.5388
0.0125274,-0.142541,0.0343747;-1.56648,-0.0356591,-1.48978
0.0102044,-0.124732,0.0326977;-1.52207,-0.0242076,-1.53102
0.0124439,-0.108955,0.0296517;-1.54026,-0.0320111,-1.56733
0.0144346,-0.105658,0.029951;-1.56373,-0.0483573,-1.5987
0.0141739,-0.119465,0.0288471;-1.56613,0.0362923,-1.5789
0.0148256,-0.122375,0.0292998;-1.57697,0.101246,-1.56297
0.0138261,-0.126338,0.0316598;-1.5703,0.146564,-1.53063
0.0171299,-0.129933,0.0355123;-1.48325,0.233806,-1.54978
0.019347,-0.12372,0.0374084;-1.41317,0.278139,-1.59187
0.0179293,-0.10958,0.0382601;-1.38718,0.332617,-1.61995
0.014532,-0.119438,0.0358269;-1.45822,0.248056,-1.57254
0.0191887,-0.144507,0.0340818;-1.51954,0.230949,-1.53272
0.020739,-0.158271,0.03383;-1.55025,0.198692,-1.51143
0.0211747,-0.153409,0.0317982;-1.55978,0.258498,-1.52942
0.0258784,-0.147519,0.0325712;-1.51632,0.340242,-1.55798
0.0293241,-0.142378,0.0325468;-1.49871,0.392304,-1.5777
0.028871,-0.134981,0.0290326;-1.54999,0.365689,-1.57528
0.0251466,-0.136337,0.029128;-1.57006,0.254329,-1.55355
0.0216978,-0.141756,0.0315197;-1.56804,0.16458,-1.52381
0.0143799,-0.147276,0.0365336;-1.56106,0.0661244,-1.46484
0.0149267,-0.142405,0.038168;-1.57289,0.151414,-1.45355
0.0158085,-0.13749,0.0375925;-1.60183,0.241826,-1.46599
0.0219791,-0.127683,0.0340479;-1.5597,0.261725,-1.51823
0.026518,-0.130209,0.0347339;-1.61145,0.193043,-1.49254
0.028077,-0.136524,0.0366708;-1.61648,0.146218,-1.47561
0.020006,-0.148542,0.0398647;-1.64126,0.0913907,-1.45684
0.0211768,-0.144878,0.0419256;-1.67448,0.10207,-1.44869
0.0238104,-0.138745,0.0386679;-1.66413,0.137443,-1.47676
0.0178266,-0.12928,0.0323151;-1.63869,0.325828,-1.56216
0.0176693,-0.132698,0.0324549;-1.65055,0.314949,-1.55183
0.0202625,-0.137519,0.0343924;-1.65672,0.252696,-1.51672
0.0250306,-0.151337,0.0389093;-1.67565,0.127285,-1.48579
0.0222859,-0.151362,0.0392835;-1.68477,0.152057,-1.48214
0.0220348,-0.148059,0.0372942;-1.69502,0.198942,-1.50193
0.0281072,-0.136662,0.032051;-1.61013,0.191139,-1.55279
0.0263162,-0.130347,0.0303992;-1.60959,0.235425,-1.56839
0.0244775,-0.132459,0.0303511;-1.60768,0.246524,-1.55316
0.0227708,-0.146986,0.0370984;-1.61822,0.143735,-1.47509
0.0216375,-0.149851,0.0381375;-1.62057,0.105325,-1.4632
0.0201776,-0.148024,0.0373262;-1.63144,0.133473,-1.47064
0.0201776,-0.148024,0.0373262;-1.63144,0.133473,-1.47064
0.0249181,-0.142702,0.0343602;-1.60792,0.159616,-1.51239
0.0249181,-0.142702,0.0343602;-1.60792,0.159616,-1.51239
