0,0,0.11;-1.57,-2.98023e-08,-1.57
0,0,0.11;-1.57,-2.98023e-08,-1.57
0,0,0.11;-1.57,-2.98023e-08,-1.57
-0.000774483,-0.000921205,0.028581;-1.57092,-0.265143,-1.57059
-0.000392503,-0.000309896,0.0285797;-1.57058,-0.184878,-1.57074
-0.00139151,0.00391409,0.0290195;-1.57707,-0.0481509,-1.56681
-0.00562596,0.0146729,0.0332026;-1.65862,0.0898431,-1.57144
-0.0006509,0.0114998,0.0285789;-1.57059,-0.112827,-1.5709
-0.00131094,0.0117613,0.0285812;-1.57062,-0.183777,-1.57079
-0.0018139,0.0120883,0.0285795;-1.57079,-0.214797,-1.57076
-0.00171867,0.0121299,0.0285819;-1.57121,-0.121916,-1.57071
-0.00300376,0.015848,0.0290903;-1.58112,0.00697356,-1.56899
-0.00494572,0.0256306,0.0348296;-1.66761,0.169365,-1.54953
-0.00221819,0.0294134,0.0311864;-1.62417,0.167491,-1.56368
0.00104604,0.0277533,0.0285799;-1.5706,0.0588539,-1.57104
0.000846635,0.0281725,0.0286088;-1.56961,-0.0168352,-1.57128
0.000858656,0.027598,0.0285809;-1.57067,-0.00592357,-1.57073
0.00196271,0.0294233,0.0287541;-1.56762,0.0908691,-1.56528
0.00270479,0.0348445,0.0317692;-1.60289,0.229136,-1.54673
0.00488595,0.045315,0.0350471;-1.68577,0.357154,-1.52908
0.00889655,0.0450214,0.0322287;-1.6418,0.270402,-1.54979
0.0116907,0.0417989,0.0285762;-1.57073,0.157771,-1.5707
0.0115727,0.0418089,0.0285804;-1.57062,0.127643,-1.57096
0.0126486,0.0427213,0.0286417;-1.5708,0.192358,-1.56754
0.0136256,0.0455916,0.0293796;-1.57565,0.295325,-1.56247
0.0141252,0.0513822,0.0333545;-1.64535,0.390238,-1.52943
0.0174587,0.0532923,0.0315989;-1.635,0.378597,-1.54393
0.0194662,0.0519249,0.0286112;-1.57099,0.256882,-1.57238
0.0195026,0.0508642,0.028658;-1.56665,0.314608,-1.57206
0.0199473,0.0508058,0.0285851;-1.57041,0.341234,-1.57099
0.0221439,0.0548604,0.030248;-1.58861,0.532414,-1.55532
0.0237862,0.0636299,0.0357209;-1.70642,0.661325,-1.47854
0.0260471,0.0657536,0.0348589;-1.70801,0.646362,-1.48609
0.0287882,0.0643728,0.0285896;-1.56964,0.536864,-1.57276
0.0286347,0.0642418,0.0286014;-1.57063,0.545539,-1.57206
0.0289031,0.0626871,0.0286139;-1.56881,0.639101,-1.57196
0.0296447,0.0636114,0.0289318;-1.57385,0.749507,-1.56741
0.029586,0.0653445,0.0320675;-1.6424,0.87762,-1.5145
0.0346737,0.0691688,0.0362432;-1.77662,0.912483,-1.40716
0.038952,0.073045,0.0287116;-1.58001,0.836368,-1.56442
0.0387356,0.0727069,0.0286454;-1.56749,0.830089,-1.57428
0.0388137,0.071774,0.0286666;-1.56429,0.879819,-1.57576
0.0406116,0.0710508,0.0285833;-1.5708,1.00059,-1.57056
0.0438471,0.0723529,0.0296008;-1.58494,1.11499,-1.55805
0.0471571,0.0751295,0.0346776;-1.86083,1.22333,-1.304
0.0543612,0.0756601,0.0303011;-1.67425,1.14478,-1.48054
0.0539316,0.0751126,0.028705;-1.5703,1.10043,-1.57723
0.0531982,0.0754438,0.0286622;-1.5671,1.0868,-1.57641
0.0553641,0.074434,0.0286808;-1.57108,1.24302,-1.56571
0.0586971,0.0745418,0.0290493;-1.55652,1.3583,-1.58222
0.0613203,0.0772846,0.031294;-1.95105,1.48936,-1.19097
0.0718407,0.0732396,0.0317535;-1.77207,1.38257,-1.39963
0.0716938,0.0730783,0.0289391;-1.58568,1.36217,-1.57012
0.0719131,0.0734367,0.0287445;-1.57105,1.3385,-1.57848
0.0697163,0.072735,0.0287324;-1.57152,1.3898,-1.5627
0.0694636,0.0736988,0.0290667;-1.55739,1.44004,-1.57636
0.0675784,0.075856,0.0308858;-2.17022,1.53769,-0.965459
0.0729561,0.0721685,0.0296963;-1.57897,1.47418,-1.58297
0.0769015,0.0723727,0.0288702;-1.56978,1.42702,-1.58573
0.0777111,0.0723452,0.0287244;-1.57028,1.40541,-1.57812
0.0760171,0.0721757,0.0286558;-1.56879,1.40851,-1.56909
0.0753241,0.0721334,0.0287439;-1.55013,1.44339,-1.58614
0.0736854,0.0722352,0.0298467;-1.58356,1.53113,-1.55332
0.081862,0.0678519,0.0308454;-1.75386,1.56037,-1.40543
0.091615,0.0678083,0.0300301;-1.98114,1.53127,-1.17709
0.0940704,0.0681978,0.0288653;-1.57398,1.49305,-1.58137
0.0942744,0.0682983,0.0287333;-1.56942,1.46962,-1.57938
0.093391,0.0681773,0.0285759;-1.56799,1.5008,-1.57326
0.0922586,0.0685835,0.0289533;-1.49158,1.53226,-1.64428
0.091764,0.0695859,0.0333897;2.63913,1.49858,0.50604
0.098649,0.0676603,0.0346973;-2.89923,1.48934,-0.258196
0.104079,0.0648199,0.030626;-2.07479,1.51109,-1.08621
0.10491,0.0645626,0.0287229;-1.571,1.5098,-1.57745
0.104245,0.0644672,0.0285762;-1.56841,1.52658,-1.57307
0.104368,0.0641697,0.0286801;-1.56442,1.55893,-1.57191
0.101712,0.0697583,0.0321364;1.92952,1.46149,1.22112
0.105376,0.0666337,0.0338928;2.64386,1.48991,0.495514
0.110607,0.0604486,0.0312016;-2.84325,1.51604,-0.308384
0.113801,0.0593358,0.0287806;-1.59702,1.51437,-1.55261
0.11287,0.0592736,0.0286472;-1.56347,1.55782,-1.58137
0.113698,0.0585832,0.0287027;1.56504,1.53748,1.58201
0.111788,0.0622004,0.0323909;1.89054,1.4267,1.26144
0.113348,0.0599604,0.0344332;2.48948,1.45091,0.658208
0.110504,0.0557494,0.0313024;3.07242,1.511,0.0644762
0.112356,0.0539051,0.0288234;-1.72665,1.53748,-1.42143
0.110628,0.0541404,0.0286241;1.57309,1.52892,1.56637
0.111052,0.0540521,0.0286827;1.5663,1.4755,1.57981
0.108176,0.0580362,0.0325257;1.79598,1.38526,1.36346
0.103145,0.0544446,0.0326863;2.30769,1.47017,0.836242
0.096013,0.0516146,0.0296134;-2.85041,1.54075,-0.295026
0.0964873,0.0500664,0.029142;-2.0036,1.51665,-1.14325
0.0935802,0.0527613,0.0286663;1.57706,1.50426,1.56057
0.0934161,0.0533905,0.0285756;1.57083,1.45939,1.57105
0.0915262,0.0571459,0.0302963;1.56935,1.35104,1.58856
0.0844085,0.0561539,0.0290253;1.55582,1.44435,1.58943
0.0809645,0.0562877,0.0297925;1.75533,1.4651,1.39012
0.0781552,0.0536254,0.0292626;2.23071,1.52373,0.906822
0.077689,0.0544477,0.0287865;1.65959,1.51467,1.47731
0.0775574,0.0549003,0.0285803;1.56913,1.45823,1.57262
0.0785461,0.0548559,0.0287455;1.56625,1.40182,1.58288
0.0771017,0.0593148,0.0336388;1.87784,1.30749,1.28017
0.0698559,0.0568445,0.0322039;1.99341,1.39709,1.15524
0.0645193,0.0548442,0.0308163;2.10076,1.4582,1.04292
0.0649371,0.0537449,0.0291552;1.96061,1.50421,1.17885
0.0628546,0.0559703,0.0286854;1.57618,1.43802,1.56127
0.0640957,0.0570607,0.0286931;1.57536,1.35399,1.57201
0.0648426,0.061699,0.0339848;1.79469,1.22396,1.36886
0.0599554,0.0595209,0.0343523;1.92922,1.29554,1.2291
0.0513724,0.0588244,0.030654;1.86071,1.39243,1.28287
0.0514045,0.0594193,0.0304191;1.85559,1.39367,1.28639
0.0488267,0.0632952,0.0290946;1.64964,1.32312,1.48871
0.0496697,0.0649847,0.0289611;1.62256,1.22935,1.52288
0.0548199,0.0688854,0.0334693;1.69746,1.06869,1.47721
0.0500529,0.0672555,0.0333279;1.74483,1.14246,1.42255
0.0408866,0.0676523,0.0292363;1.64448,1.24189,1.4988
0.0381354,0.0698817,0.0311704;1.74823,1.20934,1.39974
0.0335054,0.0795502,0.0297454;1.61751,1.09129,1.51442
0.0326408,0.0824974,0.0289785;1.59173,1.00044,1.54536
0.0411616,0.0825358,0.0309327;1.59093,0.764662,1.57254
0.0413063,0.0831055,0.0339103;1.67886,0.764235,1.50847
0.0350123,0.0840965,0.032413;1.67571,0.854103,1.49616
0.0278354,0.0861068,0.0302103;1.63837,0.915262,1.50713
0.0272224,0.0957107,0.031031;1.61498,0.803444,1.51513
0.0260098,0.103936,0.0288856;1.57327,0.688817,1.55679
0.0288177,0.102339,0.0293494;1.55963,0.460674,1.58433
0.0341597,0.100653,0.032879;1.63559,0.353199,1.5521
0.0311542,0.10183,0.0355452;1.69781,0.44444,1.52037
0.0230875,0.107831,0.0303295;1.61172,0.604522,1.53213
0.0230213,0.111285,0.031026;1.61219,0.555206,1.52545
0.0233946,0.116308,0.0302786;1.59504,0.477639,1.53913
0.0229449,0.119563,0.0286774;1.56724,0.253005,1.57032
0.0251249,0.115199,0.0298596;1.56865,0.128823,1.5828
0.0258421,0.114798,0.0327256;1.63223,0.1202,1.56639
0.0198157,0.122496,0.0289866;1.57336,0.346935,1.55275
0.0186825,0.119034,0.0299482;1.59405,0.40009,1.54271
0.019003,0.118313,0.0309179;1.59859,0.385276,1.53439
0.0191365,0.124501,0.0286886;1.57268,0.192241,1.56301
0.0189002,0.118518,0.0293124;1.56416,0.0407732,1.57612
0.0221606,0.111527,0.0312335;1.58406,-0.0962142,1.5897
0.0179191,0.119299,0.0289111;1.57513,0.129175,1.55864
0.017156,0.118741,0.0290562;1.57406,0.228246,1.55274
0.0157647,0.112673,0.0312371;1.60598,0.302371,1.53434
0.0180905,0.12117,0.0298806;1.56456,0.12176,1.5454
0.0168072,0.117574,0.0293303;1.57416,-0.0422127,1.57248
0.019022,0.106961,0.0312343;1.58088,-0.213405,1.59289
0.0157708,0.109999,0.0288311;1.57301,-0.0239426,1.56009
0.0146261,0.108865,0.0290338;1.57348,0.0885621,1.55258
0.0119415,0.10445,0.030813;1.60212,0.151248,1.53988
0.0161462,0.114008,0.0297786;1.56722,0.0223385,1.54439
0.013078,0.112834,0.0293872;1.5671,-0.129556,1.56886
0.0115622,0.100211,0.0308467;1.58128,-0.300682,1.58904
0.00813433,0.0971937,0.0293551;1.59286,-0.235862,1.57142
0.00594049,0.096436,0.0289534;1.57255,-0.124655,1.55526
0.00449701,0.0955319,0.029583;1.58718,-0.0887124,1.55477
0.0082248,0.100869,0.0302674;1.57281,-0.136163,1.53999
0.0110087,0.103781,0.0288488;1.57329,-0.219684,1.56118
0.00799831,0.0978475,0.0295562;1.5693,-0.35527,1.57314
0.00367258,0.0846492,0.0315512;1.62403,-0.497818,1.60761
0.00135616,0.0878627,0.0289124;1.5881,-0.40377,1.57736
-0.000519051,0.088112,0.029206;1.59753,-0.33407,1.57394
0.00533646,0.0951095,0.0304684;1.59338,-0.398399,1.55472
0.00733513,0.0950183,0.0292827;1.58605,-0.428455,1.56515
0.00803785,0.0919358,0.0290921;1.57855,-0.501672,1.57088
0.00195204,0.0750459,0.0325581;1.63487,-0.733334,1.63552
-0.000274947,0.0777323,0.0301515;1.60563,-0.685151,1.60018
-0.00123501,0.0814902,0.029114;1.60098,-0.597634,1.58837
0.00286913,0.0846424,0.0299386;1.61575,-0.635384,1.58688
0.00675869,0.084852,0.0300942;1.62054,-0.669473,1.59621
0.00658541,0.0835356,0.029271;1.59734,-0.681413,1.58385
0.00138082,0.0729492,0.0323576;1.61014,-0.904428,1.63186
-0.00271596,0.0717083,0.0317561;1.63935,-0.900188,1.64184
-0.00405717,0.0744469,0.0290393;1.60488,-0.852818,1.59592
-0.00186313,0.0777365,0.0299105;1.63231,-0.833138,1.61269
0.00360306,0.0769594,0.0307208;1.6581,-0.906117,1.63644
0.00236707,0.0757883,0.0312754;1.66596,-0.890593,1.64442
-0.00371496,0.0675017,0.031648;1.6033,-1.09679,1.62139
-0.00707598,0.0683501,0.0299137;1.58867,-1.0727,1.59738
-0.00736945,0.0708011,0.0288964;1.59448,-1.01039,1.59328
-0.00563768,0.0729358,0.029268;1.62382,-0.950441,1.61084
0.00153798,0.0717534,0.030799;1.68657,-1.05501,1.66883
0.000846108,0.070719,0.0323852;1.74717,-1.05803,1.72521
0.000846108,0.070719,0.0323852;1.74717,-1.05803,1.72521
0.000199509,0.0684464,0.0336492;1.7533,-1.08457,1.73508
0.000199509,0.0684464,0.0336492;1.7533,-1.08457,1.73508
