0,0,0.11;-1.57,-2.98023e-08,-1.57
0,0,0.11;-1.57,-2.98023e-08,-1.57
0,0,0.11;-1.57,-2.98023e-08,-1.57
-0.00105705,-0.00192202,0.0286203;-1.57015,-0.284566,-1.56888
-0.000685908,-0.000815092,0.0285829;-1.57049,-0.276352,-1.57051
0.00171073,0.00937082,0.0292909;-1.57515,-0.171405,-1.5625
0.000390188,0.0199696,0.0340078;-1.67775,-0.0747363,-1.57598
0.00133852,0.0155871,0.0299491;-1.60583,-0.117168,-1.58326
-0.000556943,0.0138776,0.0299117;-1.59299,-0.127046,-1.58838
-0.00221364,0.0117305,0.0289932;-1.5818,-0.106834,-1.5808
-0.00550811,0.00575174,0.0288611;-1.5708,0.137044,-1.58435
-0.00461159,0.00387981,0.029399;-1.56552,0.344862,-1.57477
-0.00333928,0.0117721,0.0323486;-1.60502,0.489008,-1.54239
0.0012475,0.0140507,0.0317193;-1.59275,0.399232,-1.59449
-0.000245491,0.0108679,0.0294467;-1.56497,0.305591,-1.59515
-0.000777001,0.0129182,0.028817;-1.57092,0.241651,-1.58221
0.0023878,0.0165384,0.0288041;-1.57514,0.0851827,-1.57671
0.00461125,0.0197284,0.0305093;-1.60979,0.137903,-1.57294
0.00799655,0.0323714,0.0350918;-1.6838,0.259464,-1.5493
0.00787277,0.035387,0.0342766;-1.6779,0.347427,-1.54618
0.00798895,0.034876,0.0336354;-1.67125,0.309466,-1.54963
0.00668614,0.031862,0.0302447;-1.6093,0.286369,-1.5686
0.00535981,0.0297204,0.028597;-1.57078,0.287951,-1.56998
0.00598166,0.0299916,0.0285955;-1.56996,0.332836,-1.57129
0.00913761,0.0320034,0.0302728;-1.53822,0.43962,-1.58178
0.0153523,0.0390985,0.0331779;-1.5027,0.517672,-1.61339
0.018682,0.038626,0.032205;-1.60629,0.482903,-1.58911
0.0151541,0.0332107,0.0297115;-1.59003,0.420894,-1.5783
0.0169023,0.0347749,0.0287423;-1.57429,0.336659,-1.57426
0.0180516,0.0357597,0.0285765;-1.57081,0.308893,-1.57024
0.0320868,0.0514215,0.0301047;-1.56325,0.38305,-1.56899
0.0434073,0.0672936,0.0337018;-1.66307,0.394773,-1.52971
0.0502092,0.0664063,0.0343115;-1.69389,0.301914,-1.5365
0.0521181,0.0651398,0.0289588;-1.5766,0.197201,-1.58195
0.0498707,0.0641947,0.0290689;-1.58686,0.217157,-1.57521
0.0479004,0.0626677,0.0291275;-1.59052,0.279201,-1.57281
0.0387075,0.0587592,0.0334321;-1.66907,0.494937,-1.53612
0.0414421,0.0663567,0.0371644;-1.78137,0.646384,-1.45112
0.0410718,0.06583,0.0384441;-1.80388,0.675046,-1.44149
0.0291068,0.0549544,0.0288298;-1.56213,0.607763,-1.58635
0.0289446,0.0552704,0.0285933;-1.57053,0.571405,-1.5717
0.0286668,0.0550019,0.0286073;-1.57062,0.566061,-1.56955
0.0302916,0.0531451,0.0293704;-1.54344,0.703389,-1.59707
0.0408204,0.0597463,0.0346792;-1.47524,0.764306,-1.66084
0.0587584,0.0767655,0.0399803;-1.7091,0.831601,-1.50769
0.0708409,0.0807342,0.0352167;-1.71983,0.653251,-1.49714
0.0719269,0.0809354,0.031883;-1.66069,0.617202,-1.52441
0.0713149,0.0798084,0.029168;-1.59994,0.595861,-1.55898
0.0692169,0.0794582,0.0285793;-1.57062,0.74535,-1.57095
0.0756625,0.0830527,0.0298846;-1.5444,0.864648,-1.58354
0.0851513,0.094544,0.0325846;-1.5548,0.963286,-1.56494
0.0857393,0.0893994,0.0339022;-1.69468,0.833478,-1.50758
0.0771356,0.0843952,0.0314207;-1.5783,0.82052,-1.61029
0.0663206,0.0787099,0.0325627;-1.59432,0.857977,-1.60445
0.0755721,0.0814834,0.0309456;-1.56928,0.843865,-1.61241
0.0962168,0.0944749,0.0346046;-1.7474,0.90373,-1.44441
0.112046,0.105068,0.037239;-1.86799,0.957289,-1.33455
0.118652,0.0981871,0.0315747;-1.64579,0.82375,-1.53354
0.115724,0.0958186,0.0291122;-1.56901,0.738733,-1.58924
0.114211,0.0955634,0.028875;-1.57664,0.703868,-1.57652
0.114346,0.0956195,0.0285715;-1.57091,0.750484,-1.57039
0.118682,0.0995732,0.0299363;-1.62926,0.858617,-1.52602
0.127327,0.110235,0.0362824;-1.86095,0.992681,-1.32923
0.130876,0.107358,0.0384672;-1.9121,0.959144,-1.30026
0.130976,0.105966,0.0376748;-1.83939,0.921238,-1.37856
0.130378,0.104814,0.0353539;-1.73496,0.867338,-1.47878
0.118099,0.10245,0.0316891;-1.58219,0.908784,-1.60765
0.109351,0.101231,0.0287972;-1.57052,1.02843,-1.58135
0.112861,0.101834,0.0302326;-1.52313,1.16063,-1.60992
0.122193,0.106003,0.034851;-1.78002,1.34932,-1.39097
0.113408,0.0993065,0.0357189;-1.79108,1.27595,-1.40152
0.103933,0.0930644,0.0322244;-1.64543,1.23186,-1.54297
0.093041,0.091631,0.0325887;-1.80447,1.18485,-1.3716
0.094707,0.0932421,0.0328997;-1.84006,1.20771,-1.32073
0.0958282,0.0962184,0.0320099;-1.83446,1.30742,-1.32341
0.128124,0.110807,0.0350286;-2.84881,1.45521,-0.31076
0.131752,0.107896,0.0338836;-2.33185,1.4261,-0.824215
0.122088,0.101489,0.0305657;-1.77646,1.37483,-1.37738
0.118336,0.101434,0.0291529;-1.65232,1.28493,-1.4975
0.115825,0.102835,0.0290653;-1.66068,1.36241,-1.4878
0.113245,0.103475,0.0288652;-1.58966,1.46795,-1.56365
0.147805,0.100897,0.040705;3.01493,1.34581,0.107233
0.153699,0.0961767,0.0390784;-2.86481,1.36892,-0.304796
0.154955,0.0910448,0.0371575;-2.4353,1.36569,-0.744246
0.160505,0.0868622,0.0298847;-1.6574,1.25863,-1.50178
0.159434,0.0878364,0.0287995;-1.57149,1.28976,-1.58024
0.160875,0.0876298,0.0287829;-1.55703,1.37123,-1.57704
0.17806,0.0931705,0.0336132;2.43534,1.482,0.723893
0.183917,0.0890272,0.0341387;3.13169,1.45536,0.00335263
0.184117,0.0827604,0.0336305;-2.44512,1.43947,-0.711148
0.18536,0.0786204,0.0323294;-1.82786,1.36665,-1.35185
0.187716,0.0779642,0.0328533;-1.96344,1.36672,-1.20271
0.188021,0.0787071,0.0329119;-2.0945,1.38218,-1.0573
0.20036,0.0873968,0.0361099;2.6296,1.4055,0.519368
0.197684,0.0852572,0.0350574;2.79538,1.43133,0.345995
0.191523,0.0839557,0.0313919;2.75934,1.50793,0.378693
0.173857,0.0874427,0.0296434;1.60185,1.46248,1.51919
0.16467,0.0918669,0.0290873;1.66313,1.39611,1.47149
0.162992,0.0930888,0.028891;1.58124,1.33479,1.54844
0.164803,0.0914292,0.0297251;1.59638,1.25651,1.52833
0.201674,0.079764,0.0396181;1.91551,1.0962,1.20955
0.20324,0.0749348,0.0392645;1.9384,1.17167,1.17777
0.19224,0.0716482,0.0347987;1.74486,1.29843,1.34302
0.190667,0.0729793,0.0291477;1.7023,1.43113,1.4317
0.190434,0.0732183,0.0287038;1.56491,1.4212,1.57006
0.191399,0.0722802,0.0287751;1.52302,1.36473,1.61801
0.226854,0.0577119,0.0333795;1.79604,1.21179,1.35484
0.236408,0.0495111,0.0354792;2.09186,1.2988,1.05633
0.234662,0.0445317,0.0351996;2.24297,1.37765,0.888751
0.229159,0.0458472,0.0362739;2.05087,1.46061,1.01572
0.234074,0.0431419,0.0347678;2.15963,1.49781,0.92073
0.241203,0.0398133,0.0316255;2.38756,1.47603,0.754202
0.262211,0.0430484,0.034118;1.86721,1.21806,1.29171
0.262099,0.0402605,0.0334249;1.88823,1.25118,1.25959
0.255182,0.0317452,0.0298275;1.73037,1.42304,1.40121
0.245132,0.0351296,0.0311337;1.76669,1.45155,1.34797
0.24293,0.0383348,0.0312347;1.6292,1.40546,1.47554
0.242406,0.0384195,0.0305755;1.54912,1.36998,1.55563
0.275282,0.0210704,0.0388856;2.14155,1.17887,1.02895
0.277984,0.0186637,0.0386655;2.16847,1.20701,0.996077
0.278366,0.0143632,0.0364576;2.17911,1.29119,0.973185
0.269926,0.0146988,0.0322636;1.72972,1.4147,1.37116
0.273079,0.0128433,0.0305178;1.80168,1.45882,1.32154
0.274027,0.0121427,0.028878;1.58076,1.46665,1.54787
0.280913,0.0114696,0.0309297;1.48645,1.16922,1.66044
0.289515,0.0103235,0.0334079;1.64921,1.04719,1.4968
0.285143,0.00919245,0.0351332;1.73909,1.04594,1.38963
0.25207,0.0165531,0.0349884;1.65251,1.13555,1.41911
0.241986,0.0283612,0.0374005;1.64262,1.12991,1.40445
0.237414,0.0370069,0.0351753;1.60412,1.07164,1.46015
0.239211,0.0361958,0.0307734;1.50863,0.89854,1.61465
0.252921,0.0244449,0.0352486;1.4175,0.806542,1.69837
0.268911,0.0124633,0.0328216;1.55924,0.818657,1.58717
0.264361,0.00456765,0.0293629;1.57104,0.98644,1.54928
0.264654,0.00374005,0.0294637;1.60334,1.05169,1.52968
0.266481,0.00217511,0.0290148;1.59452,1.09994,1.53961
0.269445,-0.00169939,0.0288181;1.59612,1.145,1.54554
0.279847,-0.010335,0.0305116;1.61891,1.06271,1.54432
0.291389,-0.0123706,0.0346393;1.72657,0.935552,1.46622
0.27777,-0.0125271,0.0293887;1.59147,1.07594,1.54026
0.272851,-0.00969368,0.029532;1.58134,1.10123,1.54201
0.271707,-0.00512686,0.0306464;1.61695,1.08227,1.50664
0.268166,0.00157986,0.028785;1.56646,0.93789,1.56671
0.274085,-0.0033087,0.0296426;1.56927,0.796025,1.58568
0.284938,-0.00838269,0.0321891;1.59618,0.670663,1.58268
0.284995,-0.0207269,0.0304879;1.59504,0.857205,1.52718
0.283924,-0.0242876,0.0319909;1.57744,0.939081,1.51275
0.283043,-0.0261455,0.0339367;1.61798,0.97998,1.46905
0.287385,-0.029227,0.0289105;1.57211,0.970037,1.55502
0.294673,-0.0367108,0.0296681;1.58369,0.889605,1.57
0.305711,-0.0437431,0.0325202;1.59413,0.749806,1.5912
0.299369,-0.0397877,0.0289635;1.59468,0.762421,1.55275
0.293962,-0.0327345,0.0288655;1.57481,0.756406,1.55512
0.292347,-0.0280105,0.0299637;1.61471,0.712073,1.52726
0.290953,-0.00826686,0.0302755;1.57084,0.527456,1.53815
0.289363,-0.00643576,0.0307657;1.56221,0.418163,1.54307
0.292725,-0.0148781,0.0328865;1.51594,0.317039,1.5885
0.296451,-0.0259903,0.0319247;1.54625,0.332815,1.56901
0.294089,-0.0246861,0.0289416;1.56981,0.397271,1.55425
0.294521,-0.0255874,0.0292511;1.57265,0.446078,1.55267
0.296353,-0.0340909,0.0290865;1.5782,0.551567,1.55459
0.297368,-0.0373005,0.0288874;1.56541,0.564218,1.56346
0.301849,-0.054362,0.0292558;1.56548,0.507754,1.57934
0.308613,-0.0780663,0.0330149;1.64892,0.489528,1.54806
0.303054,-0.0782474,0.0320572;1.66218,0.563766,1.5203
0.30038,-0.07687,0.0321774;1.66435,0.586047,1.51131
0.300463,-0.067761,0.0318637;1.60462,0.53763,1.51863
0.300724,-0.0679092,0.0296051;1.57531,0.516421,1.54607
0.30031,-0.0737976,0.0291407;1.57694,0.45293,1.55725
0.313379,-0.0935822,0.0342542;1.65544,0.18303,1.57567
0.308119,-0.0898078,0.032683;1.6466,0.253939,1.5599
0.302398,-0.079961,0.0290839;1.57807,0.33373,1.55719
0.303717,-0.0657295,0.0333139;1.56363,0.301788,1.50974
0.303042,-0.0665197,0.0316911;1.5694,0.312755,1.52207
0.302082,-0.0715014,0.0319703;1.56459,0.274799,1.51943
0.311887,-0.102146,0.0382124;1.7659,0.0418242,1.5575
0.311725,-0.0958289,0.0314127;1.62147,0.0356097,1.59086
0.307426,-0.086455,0.0289576;1.58897,0.189536,1.5676
0.305509,-0.0855272,0.0292938;1.60076,0.314429,1.55491
0.305855,-0.0842653,0.0291952;1.59394,0.285947,1.55654
0.306989,-0.0863741,0.0287743;1.57094,0.224013,1.56114
0.306989,-0.0863741,0.0287743;1.57094,0.224013,1.56114
0.30973,-0.0976918,0.029941;1.57433,0.081836,1.58577
0.30973,-0.0976918,0.029941;1.57433,0.081836,1.58577
