0,0,0.11;-1.57,-2.98023e-08,-1.57
0,0,0.11;-1.57,-2.98023e-08,-1.57
0,0,0.11;-1.57,-2.98023e-08,-1.57
-0.000539406,-0.000406172,0.0286025;-1.57061,-0.241768,-1.56962
-0.000591262,-0.00098376,0.0286681;-1.57011,-0.241299,-1.56656
-0.00144422,-0.0028006,0.0289392;-1.55964,-0.269316,-1.56111
0.000218295,-0.000421823,0.0348233;-1.44926,-0.191901,-1.53782
-0.000447568,0.00492327,0.0343748;-1.45704,-0.213701,-1.53903
0.00195462,0.0119685,0.0288197;-1.56501,-0.209134,-1.56354
0.00337554,0.0143487,0.0287235;-1.56563,-0.164249,-1.56622
0.0037525,0.0140794,0.0285801;-1.57081,-0.118058,-1.5708
0.00306734,0.0144025,0.0287433;-1.5765,-0.0841284,-1.56915
0.00155829,0.0119098,0.0296205;-1.5838,-0.0209766,-1.56318
-0.00010243,0.00912744,0.0366115;-1.59572,-0.0249935,-1.56081
0.00199963,0.0103471,0.0364676;-1.65409,-0.148199,-1.57442
0.00439651,0.0122648,0.0316699;-1.63537,-0.212534,-1.59277
0.00308731,0.0076825,0.0286246;-1.57305,-0.178851,-1.57144
0.00286727,0.00597665,0.0285806;-1.57082,-0.129782,-1.57069
0.00258695,0.00602266,0.0286583;-1.57361,-0.11378,-1.56959
0.00223759,0.00478327,0.0297341;-1.55925,-0.141839,-1.54966
0.00227601,0.00556739,0.0303602;-1.54888,-0.144307,-1.55336
0.00175448,0.00713298,0.0299158;-1.55553,-0.164422,-1.56117
0.00359807,0.00735128,0.0289559;-1.57566,-0.186175,-1.58465
0.00430433,0.00608858,0.0292855;-1.58109,-0.168087,-1.58956
0.00417182,0.00417009,0.0295584;-1.59491,-0.136279,-1.58413
0.00776503,0.0116216,0.0300879;-1.60998,-0.215481,-1.58431
0.00955163,0.016697,0.0323737;-1.65535,-0.260475,-1.59379
0.0116217,0.0202518,0.0353023;-1.71169,-0.304113,-1.61832
0.014101,0.0179542,0.0368651;-1.73984,-0.359549,-1.62347
0.0139883,0.0143208,0.0379059;-1.75312,-0.384121,-1.6272
0.0108768,0.00140108,0.0358809;-1.70233,-0.446234,-1.61011
0.0117702,-0.000200005,0.0322403;-1.65808,-0.468178,-1.60667
0.0127923,0.000111983,0.0290853;-1.59785,-0.503305,-1.58492
0.01072,0.00573595,0.0290545;-1.58693,-0.518406,-1.57024
0.00950878,0.00698774,0.0290823;-1.59801,-0.471092,-1.58375
0.00911731,0.00628125,0.0291835;-1.59611,-0.439883,-1.58802
0.00714765,0.00127584,0.0291374;-1.59648,-0.298052,-1.58109
0.00755353,-0.00261036,0.0300075;-1.57569,-0.266107,-1.59634
0.00773678,-0.00587997,0.0297151;-1.57893,-0.239114,-1.5875
0.00719724,-0.0133075,0.0297971;-1.56119,-0.343149,-1.57534
0.00705007,-0.0136045,0.0301388;-1.57501,-0.372334,-1.602
0.00779379,-0.0154774,0.0307769;-1.58288,-0.368938,-1.61071
0.00703705,-0.0222863,0.0292592;-1.59992,-0.320292,-1.58556
0.00668612,-0.028484,0.0292753;-1.57556,-0.259857,-1.59121
0.00633748,-0.0295367,0.0288451;-1.57273,-0.246701,-1.58188
0.00426873,-0.0289578,0.029127;-1.54961,-0.318584,-1.57008
0.00408195,-0.0280626,0.0298319;-1.54341,-0.33117,-1.56674
0.00309059,-0.0252238,0.0288681;-1.56678,-0.393278,-1.57942
0.00413102,-0.0318039,0.0295489;-1.57048,-0.321479,-1.59041
0.00673352,-0.0343499,0.0287968;-1.56719,-0.24392,-1.57681
0.00826458,-0.0352617,0.0291016;-1.54887,-0.195526,-1.56255
0.00463473,-0.0351544,0.0304676;-1.53628,-0.282923,-1.54243
0.00399058,-0.0252458,0.0338239;-1.47603,-0.268609,-1.52793
0.00169566,-0.0055644,0.0334579;-1.52732,-0.321855,-1.52434
0.00540158,0.00120773,0.0341651;-1.58521,-0.221774,-1.64525
0.00607452,-0.00744168,0.0342895;-1.58145,-0.202333,-1.64813
0.0060497,-0.0136357,0.0346606;-1.5802,-0.14948,-1.65328
0.00678274,-0.0138422,0.0311506;-1.63054,-0.22933,-1.58746
0.00759327,-0.017515,0.0333008;-1.65437,-0.310292,-1.57723
0.00555256,-0.0190233,0.0365924;-1.65216,-0.342415,-1.53899
0.00163919,-0.0202614,0.04064;-1.71327,-0.347527,-1.53945
0.00244365,-0.025584,0.0418453;-1.76084,-0.315969,-1.57498
0.00613625,-0.0336755,0.0355006;-1.67033,-0.251846,-1.61934
0.00636185,-0.0409308,0.0320157;-1.55967,-0.180071,-1.61769
0.00542615,-0.0374331,0.0299376;-1.56065,-0.167743,-1.58539
0.00418822,-0.0323864,0.0290324;-1.58349,-0.14378,-1.56356
0.00136601,-0.0215845,0.0332267;-1.6076,-0.0751988,-1.52896
0.00245624,-0.024321,0.0367215;-1.67769,-0.0857341,-1.54147
0.00250349,-0.027218,0.0363328;-1.708,-0.0978099,-1.56628
0.00616241,-0.0285448,0.0374547;-1.68656,-0.0700243,-1.58534
0.00694524,-0.0314667,0.0350141;-1.64535,-0.132525,-1.60623
0.0069249,-0.0320187,0.0324024;-1.5938,-0.166384,-1.61303
-5.79444e-05,-0.0338707,0.0383662;-1.68282,-0.160843,-1.53031
0.00169853,-0.0306675,0.0399702;-1.70686,-0.122386,-1.53172
0.0052785,-0.0262285,0.0397857;-1.73823,-0.113254,-1.55293
0.00811428,-0.0289883,0.0329293;-1.64201,-0.269159,-1.56958
0.00674708,-0.0257153,0.0294017;-1.56437,-0.338409,-1.57501
0.00270685,-0.0219869,0.0324071;-1.52697,-0.394588,-1.58956
-0.00464301,-0.0109787,0.0341452;-1.47285,-0.434752,-1.54769
-0.00146115,-0.00766406,0.0322204;-1.49567,-0.337122,-1.54882
0.00202757,-0.00769714,0.0293348;-1.54983,-0.270946,-1.56496
0.00472781,-0.0068813,0.0298807;-1.59166,-0.173166,-1.56664
0.00278726,-0.00764009,0.0308814;-1.5676,-0.20738,-1.53489
-0.00135285,-0.00948771,0.0311096;-1.55142,-0.262914,-1.5294
-0.0101004,-0.02019,0.0303098;-1.52469,-0.444147,-1.54724
-0.0103205,-0.0234441,0.028679;-1.56922,-0.436185,-1.56673
-0.0106499,-0.0244198,0.0289185;-1.57826,-0.418719,-1.56797
-0.0100757,-0.0314524,0.0315193;-1.6441,-0.359355,-1.59641
-0.011121,-0.0309359,0.0320409;-1.63881,-0.331238,-1.58611
-0.0121981,-0.0300081,0.0319815;-1.64504,-0.313704,-1.59339
-0.0105534,-0.0196923,0.0296214;-1.58035,-0.148828,-1.56694
-0.0131445,-0.0133549,0.033966;-1.48428,-0.103689,-1.55504
-0.0140554,-0.00909545,0.0363066;-1.44238,-0.0910963,-1.55038
-0.00830917,-0.0139377,0.032836;-1.49053,0.0333086,-1.57947
-0.0117277,-0.0126613,0.0310514;-1.52565,-0.0430776,-1.57131
-0.0149606,-0.0149105,0.0303786;-1.54247,-0.116339,-1.55939
-0.0166208,-0.00457594,0.0378376;-1.41951,-0.100687,-1.5263
-0.0156706,0.00435588,0.0391762;-1.41801,-0.0988211,-1.54112
-0.0149034,0.00660212,0.0368244;-1.45765,-0.0228773,-1.54264
-0.0113789,0.0119551,0.0325288;-1.5217,0.0685568,-1.58486
-0.00879192,0.0120758,0.0315608;-1.55563,0.125778,-1.61139
-0.0106863,0.016334,0.0303812;-1.57689,0.0297935,-1.59965
-0.00982417,0.01768,0.0299258;-1.57852,-0.00131971,-1.59382
-0.00693664,0.0215925,0.029565;-1.58283,-0.127933,-1.58413
-0.00927611,0.0214185,0.029809;-1.56006,-0.0682755,-1.57046
-0.00748917,0.0190343,0.0317661;-1.55679,-0.0337014,-1.58346
-0.00445161,0.0153216,0.0289456;-1.57803,0.119105,-1.58002
-0.00577525,0.0174554,0.0290915;-1.56126,0.0990246,-1.58942
-0.00909943,0.021568,0.0292238;-1.55316,0.0291289,-1.58703
-0.0187222,0.0315703,0.0296031;-1.53593,-0.136318,-1.56866
-0.0213451,0.035802,0.0310105;-1.51365,-0.204748,-1.56373
-0.0222336,0.0336176,0.0329195;-1.49377,-0.191709,-1.55538
-0.0151307,0.0223603,0.0305237;-1.53011,-0.0623732,-1.57931
-0.012366,0.0201501,0.0301495;-1.53806,-0.0241148,-1.58415
-0.0149151,0.023134,0.0303691;-1.53725,-0.0673738,-1.58522
-0.0166827,0.0315549,0.0326589;-1.52833,-0.15052,-1.60708
-0.012205,0.0310369,0.0367374;-1.48206,-0.136229,-1.62002
-0.0108412,0.0278806,0.04029;-1.44095,-0.110019,-1.63088
-0.00723036,0.020459,0.0394539;-1.49825,-0.0601174,-1.66574
-0.00868702,0.0172224,0.0388818;-1.49455,-0.0769692,-1.66294
-0.0098603,0.0183178,0.0382471;-1.49742,-0.0982702,-1.65492
-0.0174489,0.0279387,0.03761;-1.51217,-0.232554,-1.6497
-0.0196827,0.0321495,0.0357133;-1.52205,-0.284617,-1.63092
-0.0199991,0.0324,0.035963;-1.51211,-0.278383,-1.62362
-0.0204302,0.0306454,0.0331562;-1.50814,-0.210489,-1.58719
-0.0155841,0.023851,0.0332862;-1.50501,-0.124642,-1.59137
-0.013257,0.0237825,0.0326526;-1.52296,-0.11486,-1.60259
-0.0166225,0.032792,0.0314024;-1.55572,-0.216418,-1.61151
-0.0145596,0.0320079,0.0324255;-1.55653,-0.223745,-1.61418
-0.00979687,0.0281431,0.0358247;-1.54356,-0.204262,-1.63477
-0.00102998,0.0192547,0.0410618;-1.44401,-0.202699,-1.63936
0.00233792,0.0125051,0.0415693;-1.4566,-0.151509,-1.65564
0.00519425,0.0113868,0.0409366;-1.47872,-0.105998,-1.67176
0.00410896,0.0212333,0.0388584;-1.54667,-0.179701,-1.69513
0.000406863,0.0261258,0.0383799;-1.53255,-0.206276,-1.68165
-0.00459318,0.0300045,0.0357805;-1.56444,-0.236575,-1.64301
-0.00300827,0.00447675,0.0398262;-1.48592,-0.258998,-1.62738
0.000722865,-0.00511416,0.0413554;-1.45243,-0.178451,-1.63919
0.00262536,-0.00872802,0.0383474;-1.48825,-0.139052,-1.63808
-0.00158802,-0.0072145,0.0417607;-1.42581,-0.238928,-1.61009
-0.0042788,-0.00012249,0.0427056;-1.43759,-0.255366,-1.62008
-0.00571933,0.0116295,0.0415361;-1.48259,-0.302922,-1.63211
-0.0150222,0.0146312,0.0328546;-1.58971,-0.21873,-1.61932
-0.0174819,0.00336782,0.0350035;-1.58801,-0.165615,-1.60971
-0.015484,-0.0156834,0.0384114;-1.51821,-0.0726324,-1.59447
-0.00811249,-0.021107,0.0448477;-1.50326,-0.17351,-1.62655
-0.00437697,-0.0194084,0.0502343;-1.44875,-0.250245,-1.59318
0.00162104,-0.0186871,0.0506055;-1.37253,-0.317528,-1.58052
-0.00998582,-0.0252824,0.0520909;-1.4462,-0.271899,-1.58218
-0.0111114,-0.0325723,0.0539473;-1.5012,-0.218689,-1.59556
-0.00770538,-0.0365784,0.055886;-1.53037,-0.171642,-1.59037
-0.00912383,-0.0266596,0.0525895;-1.51811,-0.163775,-1.59438
-0.00641982,-0.0202356,0.0516526;-1.53522,-0.169833,-1.60381
-0.00729372,-0.0121873,0.0516514;-1.53096,-0.20196,-1.58898
-0.000237271,-0.0019432,0.0550427;-1.43583,-0.272954,-1.55357
0.0014587,-0.00641036,0.050179;-1.46378,-0.189408,-1.56446
0.00132814,-0.0191699,0.0479157;-1.35133,-0.148724,-1.54123
-0.00285357,-0.0335497,0.0406743;-1.36116,-0.0986554,-1.52631
-0.00394217,-0.0328751,0.0395363;-1.3648,-0.118811,-1.54273
-0.00666048,-0.0349417,0.0427088;-1.30421,-0.146964,-1.53559
-0.00676243,-0.0377847,0.0516789;-1.2267,-0.10013,-1.56147
-0.00723011,-0.0468091,0.0458141;-1.30212,-0.0472645,-1.58984
-0.00540748,-0.0572699,0.0469396;-1.32545,-0.0374227,-1.58135
0.00744637,-0.0770381,0.0436842;-1.34547,-0.0327139,-1.59216
0.00505855,-0.0731491,0.0436402;-1.36935,-0.0781069,-1.60125
-0.000980202,-0.065508,0.0429056;-1.47135,-0.144324,-1.62854
0.00358526,-0.0388401,0.0462145;-1.62641,-0.176548,-1.64681
0.00738673,-0.0209905,0.0448037;-1.73772,-0.0741554,-1.66908
0.00281601,-0.0144877,0.0418567;-1.7283,-0.00136656,-1.64412
-0.00237125,-0.0228694,0.0387115;-1.67698,0.14252,-1.62085
-0.00164058,-0.0217745,0.0384574;-1.68482,0.0888549,-1.61815
-8.27094e-05,-0.0164215,0.0368502;-1.66325,0.0337354,-1.62019
0.00473041,-0.00987764,0.0366344;-1.64423,-0.0851117,-1.63686
0.00611461,-0.0100203,0.038205;-1.67757,-0.114825,-1.64584
0.00644252,-0.010327,0.0399417;-1.71485,-0.109101,-1.64358
0.00515177,-0.0205924,0.0472523;-1.72301,-0.00049001,-1.6206
0.00808147,-0.0178709,0.0468431;-1.69795,-0.0351599,-1.61835
0.00612331,-0.00267161,0.0406444;-1.75137,-0.0359145,-1.62972
0.00993906,0.00731266,0.040749;-1.74871,-0.108578,-1.64281
0.00838629,0.00463468,0.0410649;-1.70923,-0.098374,-1.66399
0.00756797,-0.000379002,0.0421461;-1.72498,-0.0509857,-1.66408
0.00756797,-0.000379002,0.0421461;-1.72498,-0.0509857,-1.66408
0.00631676,-0.00618568,0.0439136;-1.75028,-0.00497322,-1.65901
0.00631676,-0.00618568,0.0439136;-1.75028,-0.00497322,-1.65901
