0,0,0.11;-1.57,-2.98023e-08,-1.57
0,0,0.11;-1.57,-2.98023e-08,-1.57
0,0,0.11;-1.57,-2.98023e-08,-1.57
-0.000643132,-0.000311582,0.0286175;-1.57032,-0.244161,-1.56912
-0.000493189,6.3584e-05,0.0285847;-1.57054,-0.216537,-1.57046
-0.000276263,-7.56621e-05,0.0288037;-1.56505,-0.173504,-1.57034
0.000870599,-0.00578096,0.0326448;-1.54043,-0.0499885,-1.60822
0.00196896,-0.00676851,0.0294413;-1.57026,-0.0982132,-1.59287
0.00247968,-0.00364184,0.0289589;-1.57602,-0.151031,-1.58423
0.00276573,-0.00140677,0.0287134;-1.57201,-0.24553,-1.57757
0.00316478,0.00054009,0.0285931;-1.57007,-0.286803,-1.57052
0.00340307,0.00276599,0.0288181;-1.56427,-0.242385,-1.56377
0.000238464,0.00924007,0.0298244;-1.57236,-0.150334,-1.56114
0.000319517,0.00816552,0.0307107;-1.59795,-0.150751,-1.57304
0.00509471,0.00538425,0.0301426;-1.58198,-0.227522,-1.59668
0.00681829,0.0057695,0.0311135;-1.57886,-0.274815,-1.61098
0.00946732,0.0200697,0.0329319;-1.57609,-0.364154,-1.63334
0.00725263,0.0281029,0.0319922;-1.56574,-0.384004,-1.62033
0.00600821,0.030055,0.0293701;-1.56764,-0.370888,-1.58936
0.00142053,0.0250562,0.0297465;-1.56514,-0.307104,-1.56079
0.00105487,0.020975,0.0288903;-1.56645,-0.359166,-1.56616
0.000519035,0.0181367,0.0285797;-1.5707,-0.431366,-1.57066
0.000368399,0.0207972,0.0292275;-1.59425,-0.566054,-1.59541
0.00127629,0.0202339,0.0309319;-1.59575,-0.546726,-1.6145
0.00205959,0.0177215,0.0331889;-1.58497,-0.514993,-1.63579
-0.00140185,0.0253091,0.0346981;-1.65367,-0.389715,-1.60223
-0.010822,0.034146,0.0377447;-1.70377,-0.251591,-1.56121
-0.0188208,0.0305584,0.0285761;-1.57059,-0.0885331,-1.56974
-0.0187723,0.030867,0.0285973;-1.57079,-0.0753498,-1.56946
-0.0186778,0.0312223,0.0286002;-1.57066,-0.0592655,-1.56938
-0.0178062,0.0311263,0.0299295;-1.56719,-0.0188653,-1.59882
-0.0159242,0.0275848,0.0338047;-1.61075,0.00539967,-1.61684
-0.0173054,0.0176765,0.0380355;-1.68769,-0.0173481,-1.6106
-0.0177429,-0.02058,0.0301093;-1.55288,-0.124588,-1.59166
-0.0194951,-0.0267625,0.0289047;-1.56775,-0.149619,-1.57875
-0.0207747,-0.0261891,0.0286752;-1.57076,-0.204998,-1.57537
-0.0210826,-0.0259768,0.0287609;-1.56361,-0.312989,-1.56583
-0.0188303,-0.0214972,0.0300027;-1.54436,-0.259789,-1.55651
-0.0160936,-0.0126765,0.0313895;-1.52043,-0.139971,-1.56032
-0.017147,-0.0151752,0.0370179;-1.68768,-0.12973,-1.55492
-0.0155074,-0.0272795,0.0358043;-1.62002,-0.132893,-1.55964
-0.0145068,-0.0387208,0.030522;-1.53998,-0.136826,-1.57188
-0.0147608,-0.0345242,0.0303739;-1.53453,-0.143877,-1.57916
-0.015676,-0.0321207,0.0312815;-1.51646,-0.152756,-1.56427
-0.0164536,-0.027807,0.0341257;-1.49838,-0.0794594,-1.54473
-0.0204694,-0.0460283,0.0336985;-1.56076,-0.146096,-1.50518
-0.0213754,-0.0536035,0.0308684;-1.55152,-0.181672,-1.53401
-0.023026,-0.0585725,0.0290902;-1.55292,-0.241577,-1.55574
-0.0246167,-0.0589661,0.0291606;-1.54802,-0.295878,-1.57006
-0.0259518,-0.0606781,0.0296373;-1.53983,-0.319424,-1.56117
-0.0258744,-0.0608888,0.0317667;-1.50406,-0.309944,-1.54402
-0.0306662,-0.0645974,0.0360782;-1.52595,-0.293752,-1.48353
-0.027244,-0.068397,0.0341092;-1.5443,-0.271684,-1.50033
-0.025646,-0.0702608,0.0315134;-1.5633,-0.26533,-1.52319
-0.024979,-0.0662255,0.0288461;-1.56752,-0.211396,-1.55759
-0.0250722,-0.0653191,0.0297623;-1.54697,-0.194698,-1.55437
-0.0256712,-0.0629515,0.0314701;-1.53629,-0.177541,-1.54037
-0.0321922,-0.0576469,0.033788;-1.53256,-0.173721,-1.52537
-0.0331897,-0.0540576,0.0337615;-1.59,-0.108901,-1.51261
-0.0347918,-0.0499012,0.0334281;-1.59527,-0.0380136,-1.50813
-0.0402844,-0.0389986,0.0289196;-1.58049,0.143789,-1.56274
-0.0409303,-0.0385532,0.0291217;-1.59101,0.160782,-1.56158
-0.0411067,-0.03948,0.0287956;-1.57753,0.166888,-1.56588
-0.0367251,-0.0433584,0.0308553;-1.60477,0.0707684,-1.58203
-0.0347839,-0.0477422,0.0328333;-1.63858,0.0400431,-1.55702
-0.0316611,-0.0529091,0.0322106;-1.61497,-0.0153949,-1.54345
-0.0253456,-0.0625044,0.0288213;-1.58252,-0.115741,-1.5724
-0.0249319,-0.0634156,0.0289975;-1.58203,-0.115558,-1.56335
-0.0246482,-0.0655472,0.0289483;-1.57156,-0.155565,-1.56286
-0.0335223,-0.0630893,0.0302782;-1.55985,-0.262102,-1.55583
-0.0376828,-0.0598188,0.0301902;-1.55738,-0.334881,-1.54728
-0.0396271,-0.061138,0.0317796;-1.60184,-0.405247,-1.55616
-0.0354445,-0.0616631,0.0302739;-1.60199,-0.466815,-1.57471
-0.0377534,-0.0606325,0.0288743;-1.58279,-0.400237,-1.57253
-0.0387015,-0.0596701,0.0286876;-1.57228,-0.345918,-1.57493
-0.03982,-0.0569206,0.0317791;-1.56543,-0.253481,-1.60263
-0.0492217,-0.0602196,0.0310092;-1.60816,-0.260577,-1.5906
-0.0539526,-0.061254,0.0318015;-1.61969,-0.247988,-1.57352
-0.0561075,-0.0609199,0.0328947;-1.63177,-0.172976,-1.54929
-0.052406,-0.0615633,0.0301412;-1.6109,-0.174594,-1.57137
-0.0493402,-0.0601009,0.0293836;-1.60051,-0.170556,-1.57818
-0.0445361,-0.0611843,0.0293489;-1.58021,-0.219977,-1.5763
-0.0411105,-0.0652986,0.0298436;-1.56663,-0.301435,-1.56045
-0.042128,-0.0696512,0.0311998;-1.54919,-0.359897,-1.54738
-0.0373136,-0.0862133,0.0302853;-1.55016,-0.598769,-1.54306
-0.0362884,-0.0871906,0.0288487;-1.57439,-0.617908,-1.56267
-0.0362983,-0.0870989,0.0287308;-1.57108,-0.610845,-1.56368
-0.0391029,-0.0850293,0.0293048;-1.58499,-0.570318,-1.57925
-0.0432123,-0.0814539,0.0300768;-1.58305,-0.558455,-1.57745
-0.0475131,-0.0770535,0.0312708;-1.60331,-0.542487,-1.59395
-0.0592807,-0.0660797,0.0298618;-1.5844,-0.584556,-1.56733
-0.0670084,-0.0570415,0.0294726;-1.58734,-0.584105,-1.56932
-0.0689714,-0.0544643,0.0291228;-1.57,-0.572032,-1.57061
-0.0701049,-0.0592142,0.0289438;-1.57899,-0.403679,-1.58421
-0.0665157,-0.0639496,0.0296901;-1.5917,-0.356782,-1.59033
-0.0608504,-0.0692204,0.0317848;-1.62289,-0.333379,-1.60877
-0.0570758,-0.075838,0.0344338;-1.69323,-0.349655,-1.61415
-0.0464435,-0.0810158,0.0321014;-1.60629,-0.427004,-1.54977
-0.043868,-0.0827155,0.0289463;-1.57702,-0.434301,-1.56124
-0.0436284,-0.0828975,0.0287088;-1.5731,-0.414357,-1.56763
-0.039524,-0.0891961,0.0323731;-1.51014,-0.422245,-1.53903
-0.0401486,-0.0927503,0.0336045;-1.50305,-0.449166,-1.51232
-0.0441418,-0.100456,0.0337787;-1.53527,-0.4929,-1.49696
-0.0463061,-0.103843,0.0349722;-1.60798,-0.509969,-1.5155
-0.0470372,-0.101453,0.0330055;-1.57489,-0.484479,-1.50837
-0.0476498,-0.0953646,0.0305882;-1.56619,-0.426534,-1.53786
-0.0522172,-0.090746,0.0319871;-1.5363,-0.418611,-1.5264
-0.0527791,-0.0889658,0.0343313;-1.51615,-0.390126,-1.50598
-0.0570641,-0.0889894,0.0365074;-1.52847,-0.346503,-1.49727
-0.0637456,-0.0829979,0.0339272;-1.5889,-0.363272,-1.52009
-0.0648736,-0.0820645,0.032094;-1.58436,-0.367699,-1.52349
-0.0649131,-0.0792432,0.0315879;-1.58301,-0.322325,-1.53087
-0.0604464,-0.0751925,0.0300222;-1.56456,-0.220074,-1.55376
-0.0599903,-0.0810584,0.0323657;-1.51862,-0.275015,-1.527
-0.0598575,-0.0856876,0.0358697;-1.48936,-0.296217,-1.49955
-0.0655552,-0.102809,0.0353645;-1.50871,-0.346447,-1.49181
-0.064901,-0.112239,0.0343216;-1.54803,-0.428524,-1.48779
-0.0609217,-0.122324,0.0342798;-1.51184,-0.469589,-1.49362
-0.0566785,-0.119897,0.0379436;-1.39838,-0.399024,-1.50945
-0.0581816,-0.114677,0.0390984;-1.38369,-0.318997,-1.50448
-0.0615725,-0.108028,0.0395527;-1.39341,-0.304418,-1.49291
-0.0655835,-0.121107,0.0387044;-1.39584,-0.366617,-1.49017
-0.0650404,-0.127828,0.0375746;-1.43971,-0.417882,-1.48172
-0.0633159,-0.129885,0.0370825;-1.47939,-0.424492,-1.4612
-0.0570167,-0.125921,0.0367308;-1.41458,-0.369548,-1.50863
-0.0553598,-0.121604,0.0365545;-1.41001,-0.342376,-1.5265
-0.0543696,-0.115466,0.0387652;-1.38892,-0.308714,-1.53975
-0.0568092,-0.115714,0.0403053;-1.37925,-0.267487,-1.52906
-0.0549399,-0.112997,0.0393071;-1.42564,-0.312352,-1.5535
-0.0529688,-0.111525,0.0406911;-1.49239,-0.358917,-1.56881
-0.0581413,-0.105574,0.0360241;-1.42718,-0.298095,-1.53607
-0.0566126,-0.0994024,0.0355252;-1.43721,-0.244327,-1.53968
-0.0569473,-0.0905921,0.0361696;-1.42881,-0.237933,-1.54577
-0.057935,-0.0996366,0.0360498;-1.43883,-0.243832,-1.55375
-0.0566503,-0.104564,0.0340624;-1.49636,-0.228134,-1.55243
-0.0554403,-0.106705,0.0359627;-1.52253,-0.260084,-1.58118
-0.055206,-0.102017,0.0403693;-1.48448,-0.255668,-1.59506
-0.0541583,-0.0962037,0.041883;-1.47133,-0.200558,-1.59669
-0.0490171,-0.0849429,0.0432336;-1.47711,-0.190015,-1.61485
-0.0578607,-0.0698211,0.04524;-1.51978,-0.151442,-1.64157
-0.0530793,-0.0758258,0.0462027;-1.55339,-0.167073,-1.62693
-0.0500255,-0.0798666,0.046577;-1.55649,-0.214926,-1.62933
-0.0554917,-0.0861567,0.044998;-1.4783,-0.223648,-1.60179
-0.0601535,-0.0835552,0.0485306;-1.42374,-0.207955,-1.58625
-0.0618535,-0.0804928,0.0436159;-1.45307,-0.0910181,-1.58078
-0.0627116,-0.0670101,0.0347691;-1.5133,-0.015472,-1.59472
-0.061198,-0.0681211,0.0306067;-1.54661,-0.0424745,-1.57947
-0.0568025,-0.0716907,0.0312892;-1.57643,-0.088918,-1.59933
-0.0574128,-0.0716298,0.0287978;-1.58134,-0.0911149,-1.57183
-0.0579588,-0.0704854,0.0296161;-1.56824,-0.0723201,-1.55563
-0.0582181,-0.0684333,0.0312682;-1.55487,-0.0428061,-1.52632
-0.0607043,-0.0701124,0.0314351;-1.52234,-0.0908216,-1.55739
-0.0630404,-0.0727646,0.0315089;-1.53031,-0.118197,-1.54658
-0.0651327,-0.0751317,0.0314538;-1.55958,-0.13046,-1.52037
-0.0661361,-0.0747269,0.030566;-1.55219,-0.115424,-1.53659
-0.065543,-0.0724613,0.0311112;-1.54707,-0.0940125,-1.53113
-0.0662884,-0.0720586,0.0335239;-1.54103,-0.0984725,-1.50285
-0.0696845,-0.0711053,0.0360742;-1.47849,-0.0967679,-1.51027
-0.0718142,-0.0737901,0.0357008;-1.44523,-0.156018,-1.52399
-0.0716995,-0.0771167,0.033881;-1.47711,-0.184447,-1.53982
-0.0663288,-0.0876758,0.0406658;-1.58062,-0.221361,-1.54911
-0.0616328,-0.0869249,0.0469624;-1.55279,-0.172055,-1.5567
-0.0613839,-0.0877041,0.0520104;-1.55703,-0.13162,-1.55309
-0.0673473,-0.0755308,0.0577607;-1.56302,-0.085242,-1.53169
-0.0671063,-0.0776189,0.0606616;-1.56598,-0.0882424,-1.54517
-0.0725196,-0.0788134,0.059423;-1.54927,-0.155585,-1.53785
-0.0769492,-0.0665236,0.0557661;-1.59816,-0.187384,-1.55146
-0.0719314,-0.056179,0.0533359;-1.61818,-0.0753674,-1.55135
-0.07122,-0.0522024,0.0542591;-1.61206,-0.000228137,-1.55245
-0.0809481,-0.0578229,0.0566626;-1.51287,0.103358,-1.55032
-0.082671,-0.0609651,0.0594069;-1.53211,0.0821499,-1.53998
-0.0864643,-0.0654629,0.0569288;-1.52067,0.0230905,-1.52829
-0.0988145,-0.0686753,0.0447348;-1.54596,-0.125037,-1.48195
-0.0973573,-0.0605935,0.0480813;-1.59287,-0.092903,-1.49788
-0.0920521,-0.0510866,0.0460938;-1.61374,-0.00340373,-1.50418
-0.0813046,-0.0393365,0.053669;-1.54579,0.0363607,-1.56252
-0.0745927,-0.0402235,0.0583534;-1.57159,0.0585211,-1.57
-0.0712928,-0.0468981,0.0613416;-1.58854,0.0793141,-1.56824
-0.0837198,-0.0707737,0.0599998;-1.56429,-0.0471566,-1.53994
-0.087821,-0.0808574,0.0547264;-1.58859,-0.110271,-1.50772
-0.0875348,-0.0897088,0.0430097;-1.52042,-0.110078,-1.46803
-0.0875348,-0.0897088,0.0430097;-1.52042,-0.110078,-1.46803
-0.0861641,-0.0969726,0.0392634;-1.46839,-0.11716,-1.47208
-0.0861641,-0.0969726,0.0392634;-1.46839,-0.11716,-1.47208
