0,0,0.11;-1.57,-2.98023e-08,-1.57
0,0,0.11;-1.57,-2.98023e-08,-1.57
0,0,0.11;-1.57,-2.98023e-08,-1.57
-0.000868946,-0.00300292,0.0286101;-1.57039,-0.230637,-1.56899
-0.000147785,-0.00181407,0.0286514;-1.57062,-0.167249,-1.56741
-6.08198e-05,-0.000617592,0.0287487;-1.5712,-0.121141,-1.56246
-0.00128136,0.00296729,0.0288123;-1.57962,-0.0533148,-1.56904
0.00139216,0.00775874,0.0292647;-1.57461,-0.217801,-1.59339
0.0041197,0.0123743,0.0320857;-1.59362,-0.308665,-1.62175
0.00685926,0.016021,0.0341938;-1.61241,-0.377453,-1.64802
0.00624514,0.00123712,0.0346753;-1.56829,-0.216559,-1.65902
0.007197,0.0044051,0.0350829;-1.60765,-0.11472,-1.64232
0.00674948,0.00490488,0.0337772;-1.59343,-0.00797477,-1.62768
0.00617873,0.0179088,0.0324094;-1.58011,0.0192947,-1.61803
0.00583396,0.0232692,0.031369;-1.57538,-0.0943685,-1.61146
0.00651343,0.0291444,0.0296507;-1.57126,-0.200597,-1.59362
0.00522234,0.0294972,0.02884;-1.5754,-0.216276,-1.57959
0.00557804,0.0291316,0.0286174;-1.56927,-0.134013,-1.57005
0.00776946,0.0342446,0.0290392;-1.57641,-0.0264397,-1.56304
0.00815086,0.0642629,0.0366351;-1.72448,0.192344,-1.53299
0.0115375,0.066442,0.0376351;-1.75162,0.135489,-1.54826
0.013985,0.0589816,0.0344381;-1.68972,0.0626708,-1.5686
0.012879,0.0545334,0.0291334;-1.59101,0.0475168,-1.57648
0.011663,0.0529043,0.0287016;-1.57055,0.128203,-1.57664
0.0113572,0.0522398,0.0285948;-1.57094,0.174853,-1.56947
0.0115573,0.0551486,0.0288717;-1.57758,0.27839,-1.56626
0.0144882,0.0626346,0.0295671;-1.58649,0.405291,-1.56296
0.026122,0.067472,0.0297839;-1.56791,0.235672,-1.59487
0.0274011,0.0627558,0.0319598;-1.56376,0.14995,-1.61868
0.0191743,0.0487599,0.0354007;-1.56137,0.104343,-1.64349
0.022487,0.0399168,0.0378513;-1.51978,0.250039,-1.68936
0.0316086,0.050971,0.0373096;-1.56492,0.40354,-1.66184
0.0358774,0.0746758,0.0384979;-1.64706,0.499838,-1.60927
0.0445008,0.101237,0.0310191;-1.59023,0.409651,-1.59297
0.0486885,0.103785,0.0287854;-1.57063,0.308787,-1.58067
0.0490159,0.104153,0.0285783;-1.57077,0.275965,-1.57074
0.0497764,0.104578,0.028734;-1.57103,0.324585,-1.56314
0.0525261,0.109914,0.0294075;-1.57204,0.408059,-1.55388
0.0550396,0.120667,0.0325245;-1.57991,0.532977,-1.51096
0.0652547,0.146135,0.032391;-1.65562,0.654168,-1.51073
0.0702884,0.144481,0.0304437;-1.62114,0.574388,-1.54999
0.0775319,0.144812,0.0311084;-1.59414,0.464719,-1.59472
0.0663631,0.126716,0.0370426;-1.61156,0.488077,-1.64373
0.0634517,0.122866,0.0373255;-1.60529,0.572522,-1.64279
0.0667296,0.127123,0.0368234;-1.62438,0.656873,-1.612
0.0800169,0.158501,0.0336816;-1.59378,0.747238,-1.60699
0.0880037,0.166363,0.0323104;-1.58574,0.680976,-1.60722
0.094191,0.167382,0.0299685;-1.5719,0.56397,-1.59591
0.0833042,0.161529,0.0297401;-1.5586,0.51624,-1.58459
0.0791225,0.158418,0.0294615;-1.54295,0.596258,-1.59133
0.0763998,0.154828,0.0291384;-1.55752,0.671625,-1.57538
0.0858489,0.16719,0.0302875;-1.61972,0.780883,-1.53293
0.0919766,0.169578,0.030414;-1.636,0.761655,-1.52897
0.0936715,0.168657,0.0291646;-1.59599,0.762205,-1.56096
0.0934625,0.167664,0.0313258;-1.58279,0.727359,-1.60233
0.0915514,0.167142,0.0305473;-1.60095,0.732113,-1.57458
0.0853629,0.165445,0.0303393;-1.62151,0.78353,-1.54583
0.0902045,0.167918,0.0307156;-1.61447,1.00522,-1.52206
0.0983421,0.171195,0.0315071;-1.60869,1.07676,-1.51941
0.113012,0.183035,0.0305977;-1.64941,1.11818,-1.49775
0.120772,0.180541,0.0295891;-1.59746,0.907173,-1.56021
0.109387,0.175732,0.0298724;-1.5753,0.837332,-1.59205
0.0927425,0.166461,0.0320838;-1.56166,0.829893,-1.63177
0.0924516,0.166529,0.0343851;-1.55304,0.931858,-1.65045
0.106306,0.177158,0.0357009;-1.63217,0.908907,-1.58214
0.125263,0.191749,0.0353717;-1.71614,0.925885,-1.4916
0.132174,0.195028,0.0315281;-1.62086,0.887756,-1.56345
0.125789,0.193138,0.0288282;-1.56972,0.889993,-1.58432
0.121634,0.191781,0.0286771;-1.56438,0.899289,-1.57637
0.120375,0.191327,0.0298373;-1.58174,0.928066,-1.53789
0.123914,0.192352,0.0304517;-1.57454,0.965483,-1.53812
0.133998,0.198926,0.0313468;-1.59787,1.07179,-1.51146
0.164784,0.210734,0.0292027;-1.5818,1.12877,-1.57428
0.168696,0.209802,0.0309848;-1.58545,1.08633,-1.5957
0.169095,0.207442,0.0340418;-1.59155,1.05073,-1.62655
0.166329,0.204435,0.040615;-1.92041,1.04205,-1.31382
0.167581,0.20909,0.0415381;-2.03869,1.0735,-1.1799
0.166713,0.210881,0.0397786;-2.02024,1.19295,-1.17365
0.201537,0.229997,0.0319835;-1.83475,1.3097,-1.31176
0.201319,0.230109,0.0315837;-1.74263,1.27667,-1.39964
0.193571,0.224614,0.0293094;-1.58133,1.18988,-1.55764
0.168104,0.215816,0.0288577;-1.55284,1.13798,-1.59271
0.167484,0.214797,0.0290212;-1.55678,1.17168,-1.58764
0.16853,0.215379,0.0295055;-1.56888,1.18129,-1.5721
0.181507,0.218089,0.029461;-1.5997,1.16716,-1.55066
0.19268,0.219173,0.0307661;-1.66558,1.17859,-1.49744
0.19215,0.219092,0.0318649;-1.63418,1.19846,-1.54944
0.185763,0.215878,0.033796;-1.7228,1.20672,-1.47119
0.182202,0.217637,0.0371509;-1.96917,1.17244,-1.20928
0.1688,0.217707,0.0358197;-1.89583,1.21117,-1.26089
0.185157,0.218844,0.0339552;-1.80293,1.30324,-1.32354
0.209732,0.222204,0.035726;-2.21632,1.36135,-0.935489
0.226813,0.223861,0.0299035;-1.78517,1.42355,-1.36531
0.225518,0.222369,0.0291032;-1.59627,1.3792,-1.55938
0.225592,0.223307,0.0290567;-1.65786,1.37958,-1.49274
0.222519,0.224393,0.0291779;-1.73325,1.41008,-1.41476
0.224268,0.22503,0.0316556;-2.08226,1.44087,-1.06894
0.253348,0.22318,0.0356042;-2.65519,1.41359,-0.497947
0.253673,0.223379,0.0360039;-2.72844,1.41717,-0.428805
0.246079,0.223625,0.0343818;-2.56673,1.45733,-0.596142
0.201515,0.22571,0.0289394;-1.44038,1.50016,-1.70869
0.195559,0.227708,0.0287229;-1.53627,1.44586,-1.60729
0.19577,0.229462,0.0289751;-1.59499,1.42732,-1.5457
0.207448,0.228632,0.0299406;-1.59162,1.40639,-1.55201
0.217226,0.223921,0.0297031;-1.59893,1.41078,-1.55118
0.228125,0.220793,0.0297157;-1.58168,1.44303,-1.57946
0.227767,0.217887,0.0350479;-1.68392,1.40588,-1.53723
0.214736,0.218374,0.0352492;-1.73275,1.37102,-1.48202
0.191567,0.220903,0.0342902;-1.41475,1.34976,-1.79526
0.207973,0.22827,0.0403;-1.56723,1.41734,-1.58676
0.236295,0.228849,0.0410973;-2.82678,1.30802,-0.326634
0.24341,0.231662,0.0326231;-2.95162,1.48407,-0.19404
0.241947,0.231191,0.028602;-1.54289,1.52678,-1.59863
0.240883,0.231506,0.028601;-1.57005,1.46549,-1.57044
0.239712,0.233126,0.0287307;-1.56513,1.37057,-1.57405
0.241089,0.234198,0.0297831;-1.55593,1.36647,-1.57558
0.245468,0.234508,0.0297368;-1.58488,1.35394,-1.56029
0.255695,0.234062,0.031069;-1.55266,1.34271,-1.61243
0.273414,0.233962,0.03523;-1.96664,1.42215,-1.23361
0.264809,0.2305,0.0377141;-2.08403,1.37872,-1.12556
0.25329,0.2284,0.039932;-2.15568,1.2735,-1.05097
0.226626,0.231113,0.0349814;-1.69941,1.19986,-1.48883
0.226586,0.233936,0.0335246;-1.5409,1.23613,-1.64853
0.23814,0.233739,0.0329405;-1.68079,1.25357,-1.49363
0.253501,0.233032,0.0294198;-1.63058,1.28765,-1.52387
0.252343,0.232738,0.0289177;-1.59232,1.28046,-1.55998
0.251235,0.232751,0.0287038;-1.5703,1.28216,-1.57731
0.248941,0.232407,0.0287716;-1.57112,1.27953,-1.56118
0.249834,0.232948,0.0295325;-1.59025,1.29077,-1.5367
0.258217,0.234181,0.0327717;-1.68398,1.33122,-1.41916
0.285375,0.232208,0.0363587;-2.74462,1.41364,-0.397921
0.285603,0.231015,0.0330575;2.70723,1.50834,0.407837
0.277976,0.231075,0.0315542;1.51508,1.52397,1.57703
0.26769,0.234604,0.0309868;-1.54959,1.49945,-1.62627
0.264979,0.236846,0.030779;-1.55832,1.44164,-1.60541
0.266247,0.238661,0.0309617;-1.55594,1.41211,-1.60271
0.271676,0.233169,0.0331797;-1.47601,1.40391,-1.71701
0.281037,0.229811,0.0313356;-1.50456,1.4384,-1.67471
0.293033,0.232694,0.0297625;-1.60796,1.46512,-1.55516
0.276558,0.234703,0.0365608;-2.14522,1.32049,-1.01161
0.249545,0.235225,0.0335018;-1.77252,1.25688,-1.38357
0.234396,0.239146,0.0310257;-1.58471,1.16213,-1.5827
0.251313,0.241232,0.0380693;-2.01661,1.15675,-1.15257
0.259318,0.24346,0.0326516;-1.8003,1.22717,-1.3506
0.260489,0.246629,0.0289179;-1.62893,1.30891,-1.51606
0.259777,0.24634,0.0286973;-1.57096,1.29108,-1.56487
0.258361,0.245238,0.0288372;-1.58406,1.24763,-1.54979
0.256664,0.243636,0.0290781;-1.60041,1.19353,-1.52974
0.259201,0.244054,0.0308979;-1.5947,1.2177,-1.52119
0.271597,0.241685,0.0323576;-1.5018,1.26926,-1.6256
0.291645,0.240597,0.0345207;-1.79438,1.35943,-1.36844
0.30457,0.234764,0.0364278;-1.64905,1.44724,-1.594
0.293741,0.228915,0.0381566;-1.77992,1.38606,-1.46656
0.281195,0.22802,0.0394847;-1.84846,1.3223,-1.39117
0.275936,0.240402,0.038751;-2.00662,1.22994,-1.18201
0.275918,0.243079,0.037858;-2.04406,1.21971,-1.12549
0.27739,0.241155,0.029115;-1.60568,1.24054,-1.54676
0.281343,0.242136,0.0286511;-1.57074,1.2982,-1.57411
0.279785,0.241541,0.0287178;-1.57296,1.29214,-1.56183
0.270988,0.238057,0.0293831;-1.59218,1.2031,-1.53364
0.248577,0.237085,0.0310414;-1.55939,0.982017,-1.54236
0.249682,0.237554,0.0306369;-1.58755,0.990644,-1.52714
0.254354,0.235941,0.0294241;-1.59418,1.01452,-1.54295
0.260626,0.233461,0.0309106;-1.64658,1.04191,-1.52386
0.256929,0.233313,0.0317542;-1.58691,1.06659,-1.60369
0.252155,0.231756,0.033371;-1.6071,1.08688,-1.59726
0.245018,0.226934,0.0341445;-1.64895,0.978135,-1.551
0.231021,0.222435,0.0330541;-1.54661,0.959447,-1.64017
0.227382,0.220303,0.0356019;-1.48551,0.986142,-1.69893
0.24171,0.216608,0.0389799;-1.24335,1.03367,-1.87507
0.260733,0.219164,0.03396;-1.44765,1.1107,-1.72263
0.271271,0.221514,0.0358913;-1.63381,1.13868,-1.57624
0.251827,0.209321,0.0339588;-1.51924,1.11951,-1.68321
0.2489,0.208503,0.0330994;-1.51719,1.15713,-1.67629
0.247772,0.207924,0.0334969;-1.51895,1.19135,-1.67801
0.24966,0.208018,0.0367472;-1.44646,1.2046,-1.77401
0.256192,0.21213,0.0345177;-1.54106,1.21824,-1.67957
0.262237,0.219976,0.0346811;-1.53958,1.25333,-1.68287
0.26141,0.218359,0.0327245;-1.53465,1.21627,-1.66514
0.261753,0.218914,0.0321538;-1.54193,1.1769,-1.65445
0.257533,0.214824,0.0323739;-1.56528,1.13532,-1.63467
0.257533,0.214824,0.0323739;-1.56528,1.13532,-1.63467
0.252446,0.20828,0.0341146;-1.5776,1.11543,-1.64041
0.252446,0.20828,0.0341146;-1.5776,1.11543,-1.64041
