0,0,0.11;-1.57,-2.98023e-08,-1.57
0,0,0.11;-1.57,-2.98023e-08,-1.57
0,0,0.11;-1.57,-2.98023e-08,-1.57
-0.00069007,0.000263068,0.0285904;-1.57075,-0.262855,-1.57139
-0.000178507,0.00145467,0.0285798;-1.57066,-0.345214,-1.57072
-0.00033801,0.0013476,0.0285803;-1.57081,-0.375636,-1.57077
-7.51084e-06,0.0028224,0.0287198;-1.56693,-0.375329,-1.56632
0.000493529,0.00400987,0.0291251;-1.58808,-0.374961,-1.58721
0.000593909,0.00393837,0.0292323;-1.59067,-0.377006,-1.59077
0.000260271,0.00279749,0.0302974;-1.60385,-0.379681,-1.59942
-9.61006e-05,0.00242049,0.0307573;-1.62012,-0.407247,-1.60101
-0.000249946,0.00308492,0.0291957;-1.58869,-0.424897,-1.58629
-0.000699391,0.00312375,0.0289422;-1.578,-0.415968,-1.58431
-0.000672095,0.00270691,0.0286075;-1.57077,-0.369215,-1.57208
-0.000398258,0.00282134,0.0285798;-1.57085,-0.308819,-1.57068
-0.000227086,0.00230528,0.0285804;-1.57072,-0.26147,-1.57091
-6.85378e-05,0.00157865,0.02858;-1.57077,-0.22335,-1.57081
0.000791556,0.00203732,0.0285957;-1.5706,-0.139226,-1.57021
0.000626526,0.0018193,0.0287698;-1.56535,-0.128953,-1.56576
-0.000251094,-0.00017178,0.0292882;-1.54363,-0.128301,-1.55967
0.00114823,-0.000719975,0.0287611;-1.56488,-0.0609942,-1.57308
0.00295678,-0.00133613,0.0288294;-1.57258,-0.0187604,-1.58128
0.00295836,-0.000287129,0.0300685;-1.57159,-0.0296206,-1.59858
0.00270881,0.000918041,0.0302993;-1.57164,-0.0428764,-1.60199
0.00259264,0.00189847,0.0301588;-1.57016,-0.0479769,-1.59933
0.000510385,0.00579235,0.0287986;-1.56963,-0.0974869,-1.58003
-0.000720202,0.00698595,0.0288282;-1.5654,-0.145591,-1.57654
-0.00134021,0.00845437,0.0285808;-1.57078,-0.204914,-1.57084
-0.0016183,0.00867466,0.0285898;-1.57076,-0.224959,-1.57129
-0.00205915,0.00915513,0.0285875;-1.57078,-0.259559,-1.57113
-0.0026964,0.00991297,0.0288818;-1.55562,-0.305671,-1.56592
-0.00299783,0.00955507,0.0290247;-1.54819,-0.322559,-1.56324
-0.00301701,0.00981949,0.0290122;-1.54955,-0.324279,-1.56273
-0.00228142,0.0114718,0.0291403;-1.58841,-0.363234,-1.58753
-0.000900037,0.0137406,0.0294989;-1.59838,-0.381886,-1.58871
6.93713e-05,0.0156295,0.0301496;-1.61179,-0.391043,-1.59433
-8.22975e-05,0.0157693,0.029147;-1.58846,-0.363297,-1.58791
-0.000688497,0.0155082,0.0287331;-1.57026,-0.367133,-1.57754
-0.00110231,0.0153982,0.0288353;-1.5589,-0.373277,-1.56746
-0.00112957,0.0152061,0.0285802;-1.57084,-0.374591,-1.57089
-0.0010845,0.015102,0.0285807;-1.5708,-0.358701,-1.57075
-0.00122536,0.0154171,0.0285824;-1.57102,-0.341027,-1.5706
-0.00121265,0.0153551,0.0285861;-1.57047,-0.344035,-1.57016
-0.000858195,0.0163253,0.0287761;-1.56511,-0.29609,-1.56478
-0.000396221,0.0183004,0.0289656;-1.55814,-0.225454,-1.56087
0.000676109,0.0197359,0.0287375;-1.57076,-0.116347,-1.57809
0.000980607,0.0200283,0.0291316;-1.57949,-0.123595,-1.58716
0.00101596,0.0196575,0.0299556;-1.582,-0.128974,-1.5955
0.000651163,0.0205459,0.0296706;-1.58242,-0.146595,-1.59134
6.9294e-05,0.0212711,0.0288416;-1.57486,-0.144055,-1.57976
-0.000163453,0.0219527,0.0286868;-1.57023,-0.166638,-1.57542
0.00116258,0.0227419,0.0289438;-1.55831,-0.118088,-1.56391
0.00204866,0.0240129,0.0285941;-1.5701,-0.0755277,-1.57076
0.00210154,0.023963,0.0285801;-1.57084,-0.0621381,-1.57079
0.00208052,0.0238387,0.0285795;-1.57077,-0.06654,-1.57081
0.00135019,0.0233351,0.0285796;-1.57111,-0.101442,-1.57052
0.000899908,0.0227635,0.0286979;-1.57035,-0.132874,-1.56467
-0.000320596,0.0210073,0.02905;-1.55421,-0.185583,-1.56129
8.12636e-05,0.0208939,0.0286357;-1.57167,-0.186105,-1.57321
0.000565342,0.0214433,0.0290575;-1.58282,-0.183161,-1.58397
0.000941445,0.0227879,0.0293705;-1.58489,-0.186931,-1.58762
0.000424306,0.0210319,0.0290387;-1.58077,-0.162408,-1.58444
0.000424528,0.0204187,0.0287655;-1.57224,-0.149979,-1.57829
-0.000460747,0.0195699,0.0287629;-1.56998,-0.192122,-1.56262
-0.000404879,0.0191391,0.0287079;-1.57144,-0.202056,-1.56413
7.41838e-05,0.018158,0.0286962;-1.57622,-0.248849,-1.57184
0.000353726,0.0181227,0.0287056;-1.57605,-0.2611,-1.57075
0.000638794,0.0188552,0.0287034;-1.57664,-0.262319,-1.57169
0.000753515,0.0190701,0.0286132;-1.57082,-0.263219,-1.56922
0.000753003,0.019312,0.0287273;-1.57012,-0.280243,-1.56408
0.00166306,0.0192532,0.0286223;-1.57272,-0.338041,-1.572
0.00266561,0.0216105,0.0291407;-1.59425,-0.387947,-1.58525
0.00416386,0.0249607,0.0302534;-1.618,-0.426933,-1.59896
0.00338521,0.0237396,0.0297807;-1.60744,-0.418666,-1.59293
0.0030528,0.0231009,0.0292007;-1.59547,-0.417192,-1.58833
0.00157929,0.0203034,0.0285846;-1.5705,-0.309643,-1.57052
0.00248675,0.0215626,0.0285887;-1.57031,-0.231479,-1.57045
0.00342554,0.0229865,0.0287838;-1.56469,-0.167122,-1.566
0.00420285,0.0242954,0.028581;-1.57084,-0.0782307,-1.57064
0.00413256,0.024277,0.0285796;-1.5707,-0.0541176,-1.57075
0.00415881,0.0239871,0.0285807;-1.57072,-0.0665902,-1.57075
0.00376055,0.0223961,0.0287512;-1.57061,-0.138116,-1.56253
0.00372032,0.0215749,0.029107;-1.55556,-0.147687,-1.55816
0.00378674,0.0215998,0.0288985;-1.55927,-0.146901,-1.56509
0.00383042,0.021975,0.0289339;-1.57483,-0.156494,-1.58419
0.00374189,0.0226875,0.0289422;-1.57523,-0.175369,-1.58433
0.00367809,0.022967,0.0289939;-1.57724,-0.173948,-1.58521
0.00313904,0.023417,0.0286255;-1.57216,-0.193339,-1.57225
0.00151511,0.0218861,0.0286101;-1.57154,-0.284052,-1.56868
0.00121318,0.0209197,0.0291991;-1.55467,-0.30609,-1.55144
0.000397963,0.0188931,0.0286318;-1.57095,-0.398898,-1.56838
0.000909299,0.0185573,0.0285959;-1.57084,-0.448562,-1.57002
0.000982111,0.0182225,0.0285798;-1.57081,-0.461642,-1.57076
0.00117131,0.0184518,0.0285919;-1.57023,-0.461998,-1.57054
0.00110682,0.0174849,0.0288761;-1.55722,-0.490778,-1.5618
0.00112657,0.0180433,0.0288923;-1.55881,-0.486247,-1.5607
0.0015846,0.0187676,0.0291254;-1.59497,-0.498025,-1.58759
0.00174183,0.0187137,0.0293122;-1.60568,-0.48281,-1.59221
0.00112056,0.0169939,0.0292601;-1.60016,-0.442895,-1.59004
0.000282754,0.0149449,0.029028;-1.58474,-0.402573,-1.58491
-0.000211114,0.0139365,0.0289675;-1.55237,-0.396618,-1.56095
-0.000162103,0.0138064,0.0292755;-1.5389,-0.39057,-1.55261
0.000104241,0.0142203,0.0291414;-1.54545,-0.385057,-1.55623
0.000596376,0.0159699,0.0286093;-1.5708,-0.347746,-1.56942
0.000539733,0.0159476,0.0285795;-1.57074,-0.341879,-1.57081
0.000570774,0.0161051,0.0285906;-1.57047,-0.333182,-1.57
0.00123781,0.0185553,0.029023;-1.55621,-0.261428,-1.5597
0.00118136,0.0183148,0.0292514;-1.54398,-0.258442,-1.55699
0.000879482,0.0180195,0.0290791;-1.54974,-0.26311,-1.56093
0.00200784,0.0168612,0.0289892;-1.57721,-0.282061,-1.58581
0.00190861,0.0166588,0.0290958;-1.58165,-0.283676,-1.588
0.00186268,0.0162662,0.0291333;-1.58244,-0.272397,-1.58907
0.00162916,0.0159724,0.0286125;-1.56914,-0.275791,-1.57022
0.00166468,0.0158389,0.0291773;-1.54681,-0.277745,-1.55566
0.00144465,0.0162248,0.0291774;-1.54635,-0.274388,-1.55636
0.00219199,0.0180879,0.0286937;-1.56574,-0.241327,-1.56869
0.00168126,0.0179393,0.0285821;-1.57058,-0.270816,-1.57075
0.00141345,0.0175114,0.0285819;-1.57055,-0.287007,-1.57056
0.00105193,0.0167237,0.0287746;-1.56703,-0.311482,-1.56363
0.000847946,0.0163038,0.0290723;-1.55421,-0.318336,-1.55685
0.00060882,0.0160096,0.029109;-1.5495,-0.323077,-1.55763
0.00220127,0.0164672,0.0289052;-1.5788,-0.265573,-1.58062
0.00244403,0.0164231,0.0291606;-1.58766,-0.258756,-1.58668
0.00235887,0.0166725,0.0291723;-1.58719,-0.256524,-1.58753
0.00195104,0.0161172,0.0287149;-1.57075,-0.247138,-1.57722
0.00103865,0.0156948,0.0286816;-1.56729,-0.295086,-1.56778
-0.000241901,0.0124779,0.02913;-1.54432,-0.389477,-1.5551
-0.00159665,0.0107507,0.0290698;-1.54731,-0.437567,-1.5548
-0.00144847,0.0115186,0.0288158;-1.56224,-0.421027,-1.56243
-0.00139545,0.0123652,0.0286027;-1.57078,-0.400135,-1.56959
-0.00105497,0.0134587,0.0288616;-1.55648,-0.340639,-1.56572
-0.000837335,0.0138952,0.0289663;-1.55168,-0.32287,-1.56165
0.000241026,0.0157884,0.0291798;-1.54483,-0.251033,-1.5567
0.00112109,0.0180545,0.0287556;-1.57065,-0.182954,-1.56957
0.0016286,0.0170544,0.0288759;-1.57658,-0.193277,-1.58036
0.00171605,0.0169593,0.0291022;-1.58215,-0.212692,-1.58709
0.00131673,0.0164786,0.0289848;-1.57901,-0.191414,-1.58355
0.00121301,0.0165875,0.0286278;-1.57074,-0.176807,-1.57313
0.0014701,0.0163527,0.0287402;-1.56263,-0.167147,-1.56812
0.00182386,0.0162741,0.0294126;-1.53949,-0.158064,-1.5616
0.00313055,0.0157026,0.0290022;-1.55024,-0.142853,-1.56635
0.00378207,0.0162218,0.028576;-1.57116,-0.113168,-1.57095
0.00375686,0.0154415,0.0286499;-1.57053,-0.0939818,-1.57422
0.00366432,0.0151128,0.0286229;-1.57067,-0.0953259,-1.57287
0.00369385,0.0150946,0.0286534;-1.56737,-0.092618,-1.57018
0.00426311,0.0145395,0.0290352;-1.55497,-0.0617292,-1.57564
0.00559404,0.0139508,0.0292038;-1.56076,-0.0370924,-1.58234
0.00733721,0.0125653,0.0289;-1.57353,-0.00267643,-1.57886
0.00772536,0.0115542,0.0290151;-1.58426,0.0264521,-1.57794
0.00694711,0.0109226,0.0289577;-1.58545,0.0488842,-1.57372
0.00653806,0.00998263,0.0285867;-1.57089,0.0316061,-1.5705
0.00503157,0.00774288,0.0289513;-1.56626,-0.0584515,-1.55714
0.00475838,0.00767602,0.0291176;-1.55957,-0.0619395,-1.55517
0.00500368,0.00789808,0.0289218;-1.56604,-0.0596921,-1.55874
0.00469434,0.00728026,0.028624;-1.57217,-0.0750805,-1.5698
0.00470939,0.0073682,0.0286008;-1.57095,-0.0719436,-1.56972
0.00477298,0.00744042,0.0286978;-1.57085,-0.0729057,-1.56515
0.00411628,0.00711906,0.0288818;-1.56481,-0.110731,-1.56135
0.0029939,0.00663994,0.0287286;-1.56672,-0.167278,-1.56679
0.00284742,0.0071517,0.0287713;-1.57582,-0.208422,-1.57609
0.00448696,0.00896996,0.0291394;-1.59108,-0.242228,-1.58306
0.00449906,0.00932571,0.0290987;-1.59004,-0.241853,-1.58186
0.00412494,0.00944084,0.0289577;-1.58364,-0.232891,-1.57944
0.00381683,0.00904498,0.0291615;-1.55057,-0.214503,-1.55803
0.00365043,0.00903629,0.0292907;-1.5457,-0.203947,-1.55571
0.00345577,0.00910562,0.0294347;-1.54076,-0.198884,-1.55256
0.00298565,0.00820524,0.0288175;-1.5663,-0.222434,-1.56282
0.00289444,0.0082493,0.0286502;-1.5709,-0.218591,-1.56739
0.00270522,0.00892992,0.0286469;-1.57107,-0.185795,-1.56742
0.00461519,0.0128449,0.0289598;-1.56388,-0.0417067,-1.55923
0.00525543,0.014037,0.0290066;-1.56032,-0.0134043,-1.5606
0.00524133,0.0131906,0.0292457;-1.56015,-0.0322139,-1.56439
0.00543524,0.00407492,0.0288058;-1.57223,-0.123134,-1.5802
0.00553507,0.00368736,0.028865;-1.57451,-0.127094,-1.581
0.00541484,0.00318025,0.0287459;-1.5724,-0.134682,-1.57724
0.00571727,0.00431231,0.0288157;-1.56662,-0.102813,-1.56328
0.00610554,0.00630971,0.0291056;-1.55973,-0.0712501,-1.55554
0.00762962,0.0121117,0.0293249;-1.55038,-0.0100728,-1.55453
0.00845858,0.0154039,0.0290641;-1.56063,-0.000564069,-1.55766
0.00732438,0.0135114,0.0287794;-1.56979,-0.0709008,-1.56194
0.00636,0.011344,0.0286602;-1.57073,-0.147948,-1.56678
0.00636,0.011344,0.0286602;-1.57073,-0.147948,-1.56678
0.00527663,0.00923664,0.0287065;-1.57002,-0.230851,-1.5651
0.00527663,0.00923664,0.0287065;-1.57002,-0.230851,-1.5651
