0,0,0.11;-1.57,-2.98023e-08,-1.57
0,0,0.11;-1.57,-2.98023e-08,-1.57
0,0,0.11;-1.57,-2.98023e-08,-1.57
-0.000394654,0.00126295,0.0286091;-1.57027,-0.218411,-1.56966
0.000320963,0.00131342,0.0285794;-1.57083,-0.124185,-1.57073
0.00226323,0.000256241,0.0290346;-1.57159,0.0402343,-1.57188
0.00253227,0.00314617,0.0311362;-1.61067,0.141047,-1.56728
0.00241879,0.00462148,0.0285801;-1.57067,-0.0884668,-1.57076
0.0021342,0.00422432,0.0285803;-1.57077,-0.180851,-1.57085
0.00204351,0.00424247,0.0285795;-1.57078,-0.198424,-1.57082
0.00120447,0.000887239,0.0289858;-1.56892,-0.0230156,-1.58831
0.00349686,0.00104391,0.0317269;-1.56285,0.114413,-1.60637
0.00636707,0.0107784,0.0380116;-1.67548,0.294557,-1.57726
0.00858305,0.0137213,0.0328281;-1.63579,0.238229,-1.57535
0.00819481,0.0116036,0.0287636;-1.57081,0.119569,-1.57983
0.00890207,0.0130812,0.0285852;-1.57127,0.0140569,-1.5707
0.00927997,0.013496,0.0285799;-1.57083,0.064182,-1.57082
0.010144,0.0165091,0.0295058;-1.57805,0.17002,-1.5586
0.00766914,0.0236081,0.0340727;-1.64267,0.311785,-1.52807
0.00323471,0.0224929,0.0369492;-1.71921,0.425028,-1.50879
-0.00278404,0.00891377,0.0323924;-1.55197,0.340082,-1.54882
-0.00561715,-0.00314559,0.0298728;-1.54528,0.190303,-1.57755
-0.00731007,-0.00432249,0.0288531;-1.55916,0.128319,-1.57371
-0.00495631,0.00018662,0.0302903;-1.59617,0.217339,-1.54689
-0.00360428,0.0103539,0.0371126;-1.70038,0.344527,-1.48865
-0.00402137,0.0172616,0.0406952;-1.80691,0.450105,-1.45957
-0.00422263,0.0126226,0.0412577;-1.83578,0.441374,-1.46981
-0.00680158,-0.00417218,0.0297985;-1.56454,0.283596,-1.56594
-0.00923273,-0.00779781,0.0289924;-1.55904,0.221707,-1.56498
-0.00731175,-0.00626602,0.0289136;-1.56716,0.30394,-1.55943
-0.00538993,0.00234796,0.0333272;-1.63269,0.560633,-1.5114
-0.00574201,0.00910236,0.0370043;-1.74975,0.673881,-1.46074
-0.00643856,0.00620463,0.0356928;-1.73743,0.648176,-1.47976
-0.0106038,-0.00408438,0.0285798;-1.57064,0.403899,-1.5708
-0.0101836,-0.00482372,0.028579;-1.57083,0.316969,-1.5708
-0.00977882,-0.00445175,0.0286126;-1.56961,0.346497,-1.57049
-0.00459611,-0.00188319,0.0290721;-1.58219,0.566237,-1.56803
-0.00117561,0.00704915,0.0353511;-1.72279,0.739821,-1.47153
0.00129102,0.0108127,0.0380979;-1.77454,0.779147,-1.44288
-0.000169317,5.55422e-06,0.0289687;-1.57152,0.596803,-1.58817
0.00436819,0.00157353,0.0291301;-1.59406,0.463293,-1.56642
0.00516845,0.00177918,0.0289852;-1.58746,0.433987,-1.56822
0.00179851,0.000431275,0.0292636;-1.5807,0.593618,-1.582
0.00870214,0.00761017,0.0330711;-1.67818,0.74782,-1.49975
0.01263,0.0178888,0.0382119;-1.83727,0.902008,-1.37019
0.00551346,0.00847096,0.0286549;-1.56997,0.778682,-1.57568
0.00606705,0.0102733,0.0285803;-1.57097,0.61986,-1.5709
0.00609419,0.00941458,0.0285786;-1.57094,0.554152,-1.57079
0.00824242,0.00958983,0.0285806;-1.57099,0.702044,-1.57107
0.0135624,0.0139563,0.0306853;-1.60436,0.808166,-1.5376
0.020512,0.0252344,0.0377982;-1.83089,0.933368,-1.35774
0.00754988,0.0177659,0.0299645;-1.59855,0.877616,-1.53696
0.000346417,0.0156275,0.0289971;-1.55412,0.732301,-1.57214
-0.00175053,0.0143351,0.0290521;-1.57397,0.627324,-1.563
0.00255876,0.0152136,0.0300248;-1.5281,0.776526,-1.59586
0.0100455,0.019592,0.0362957;-1.57844,0.880966,-1.54832
0.0230187,0.0280369,0.0410947;-1.79959,0.964949,-1.35949
0.016851,0.0280816,0.0333799;-1.6666,0.94396,-1.46772
0.00282134,0.02257,0.0291526;-1.53986,0.85914,-1.58379
-0.0003156,0.0215952,0.0289087;-1.56358,0.762071,-1.56084
5.33404e-05,0.0215401,0.029127;-1.54764,0.77136,-1.57428
0.00561734,0.0229662,0.0306035;-1.55902,0.85447,-1.56056
0.0189377,0.032065,0.0332319;-1.6461,0.918389,-1.47971
0.0221706,0.0342314,0.0325985;-1.67438,0.968212,-1.48055
0.0170765,0.0285171,0.0287632;-1.56023,0.902661,-1.58251
0.017064,0.0298708,0.0285789;-1.57075,0.800172,-1.57076
0.0171971,0.0299916,0.0285813;-1.57131,0.758732,-1.57069
0.015895,0.03026,0.0288952;-1.58362,0.840694,-1.56776
0.0245952,0.0323626,0.0311903;-1.64838,0.962835,-1.51494
0.0404195,0.0398693,0.0398471;-1.96745,1.16151,-1.23788
0.0423884,0.0386059,0.0362941;-1.84151,1.0955,-1.34691
0.0402112,0.0335525,0.0291731;-1.56017,1.02018,-1.60313
0.0440746,0.0335432,0.0286521;-1.5762,0.881779,-1.56669
0.044125,0.0340251,0.0285781;-1.57067,0.931069,-1.57068
0.0467003,0.0336739,0.0288096;-1.56737,1.01868,-1.57778
0.0717067,0.0476147,0.0371062;-1.97783,1.20262,-1.18653
0.0778623,0.0480779,0.0366036;-1.91396,1.14413,-1.25238
0.0687853,0.0395699,0.0284371;-1.56233,1.07311,-1.58111
0.0691325,0.0397464,0.0285764;-1.5707,0.939665,-1.57077
0.0700415,0.040512,0.0285409;-1.56753,0.991162,-1.57334
0.0710361,0.0406262,0.0285694;-1.57134,1.06211,-1.57027
0.0962273,0.0524507,0.0383846;-1.88623,1.26049,-1.27069
0.102737,0.0554842,0.0374395;-1.92465,1.19051,-1.22587
0.0913308,0.0515141,0.0307688;-1.64799,1.12308,-1.49252
0.0767611,0.0475222,0.0288411;-1.58505,0.967153,-1.55434
0.0786219,0.0476438,0.0292185;-1.5223,1.01157,-1.60636
0.0821337,0.0459683,0.0312329;-1.45494,1.08266,-1.66647
0.0947075,0.0530586,0.0432488;-1.20678,1.25655,-1.89221
0.0933602,0.0543496,0.0444888;-1.35188,1.23273,-1.75157
0.0825595,0.0511992,0.0345999;-1.28628,1.1405,-1.83363
0.0752574,0.0517699,0.0290342;-1.54878,1.0327,-1.57909
0.077067,0.0515419,0.02932;-1.50875,1.05422,-1.61909
0.080004,0.0499516,0.0299386;-1.51372,1.10974,-1.60177
0.0915729,0.0508931,0.0368603;-1.43174,1.31637,-1.67828
0.100104,0.0482873,0.0375521;-1.73097,1.312,-1.41625
0.103236,0.0463286,0.0338713;-1.93006,1.28128,-1.22538
0.0940022,0.0419677,0.0322796;-1.66078,1.22059,-1.52964
0.0908389,0.0421489,0.033584;-1.84799,1.24325,-1.32683
0.0892877,0.0422844,0.0339408;-1.90934,1.27158,-1.2607
0.0899886,0.042519,0.034598;-1.98846,1.29728,-1.18103
0.116744,0.0414257,0.0391238;-2.67663,1.35311,-0.487052
0.119631,0.0407947,0.0366166;-2.2848,1.32382,-0.875531
0.115614,0.0442295,0.0326948;-1.8857,1.31924,-1.2763
0.115313,0.0444941,0.0285819;-1.57119,1.27851,-1.57029
0.115878,0.0446675,0.028569;-1.57008,1.32194,-1.5718
0.11554,0.0443601,0.0290975;-1.5816,1.36597,-1.57502
0.143297,0.043432,0.0396379;2.96569,1.40514,0.147451
0.15042,0.0412408,0.0380574;-2.94021,1.39259,-0.21963
0.151541,0.0368445,0.0304033;-1.85025,1.41592,-1.30179
0.150073,0.035992,0.0297313;-1.73738,1.39341,-1.41469
0.149964,0.0348147,0.0298581;-1.79707,1.41749,-1.35173
0.144647,0.0357355,0.0328093;-2.21296,1.5081,-0.964076
0.166771,0.0254079,0.0451849;2.06477,1.3627,1.06527
0.175782,0.0236875,0.0444297;2.27102,1.37514,0.860733
0.176956,0.0230867,0.0390195;2.84792,1.41811,0.293799
0.171602,0.0365904,0.0298627;-1.71303,1.41157,-1.43357
0.175191,0.0377377,0.0290717;-1.48404,1.40397,-1.64668
0.178163,0.0360011,0.0310701;-1.09527,1.46966,-2.03156
0.189356,0.0334316,0.0414497;0.669096,1.38966,2.49575
0.194889,0.0319572,0.0470325;0.693105,1.36042,2.4415
0.194138,0.0321201,0.0447793;0.216584,1.35703,2.90354
0.196477,0.0369812,0.0341256;-0.629514,1.42751,-2.50022
0.196976,0.0379975,0.0308574;-1.1363,1.42984,-1.99369
0.200399,0.0349747,0.0311543;-0.977965,1.46949,-2.14571
0.208101,0.0312473,0.0385993;0.670892,1.40478,2.49477
0.207957,0.0332657,0.0455145;0.886401,1.31225,2.26824
0.204829,0.0310494,0.0473739;0.726105,1.28452,2.38544
0.203955,0.0343924,0.0347647;0.517185,1.42915,2.61872
0.206046,0.0355955,0.0291417;0.668203,1.54819,2.48277
0.206514,0.0347822,0.0288896;1.38883,1.53426,1.76089
0.212848,0.0236023,0.0318513;1.40365,1.30371,1.74239
0.218735,0.0231288,0.0357383;1.39647,1.21448,1.76829
0.222103,0.0221799,0.0397684;1.31879,1.17763,1.81451
0.221343,0.0243281,0.0294851;1.43585,1.379,1.69728
0.223325,0.0256712,0.0286051;1.58697,1.47245,1.55803
0.222237,0.026701,0.0286484;1.55634,1.54515,1.58831
0.224652,0.0225663,0.0295698;1.45689,1.39728,1.68174
0.229953,0.0205164,0.0329792;1.42096,1.27394,1.73682
0.234563,0.0247562,0.0387527;1.36658,1.16075,1.80141
0.226115,0.0329044,0.0289908;1.51728,1.35153,1.62982
0.224689,0.0349939,0.0287599;1.51109,1.42291,1.62982
0.224265,0.0356992,0.0287638;1.52445,1.4605,1.62057
0.228247,0.0317464,0.0300848;1.45628,1.34611,1.69895
0.233141,0.0278817,0.0339946;1.40383,1.24472,1.77214
0.24181,0.0305675,0.037967;1.36948,1.14019,1.8358
0.239258,0.0396875,0.034478;1.18097,1.29452,1.9664
0.238066,0.0444167,0.0313975;1.19786,1.38092,1.94608
0.239689,0.0453417,0.0293523;1.34238,1.43819,1.80521
0.246432,0.0353922,0.0323626;1.43202,1.28007,1.74677
0.252935,0.030451,0.0338138;1.54074,1.17218,1.67445
0.260054,0.0326273,0.0362562;1.51506,1.05366,1.72568
0.25321,0.0450569,0.0379476;1.2713,1.08473,1.87919
0.251965,0.0527271,0.0339777;1.23679,1.21551,1.89496
0.25253,0.0552713,0.0329394;1.24268,1.273,1.89492
0.255466,0.0475619,0.0319714;1.44977,1.19543,1.71757
0.255488,0.0426518,0.0353824;1.58879,1.11158,1.61331
0.257839,0.0383981,0.0399043;1.54905,1.03065,1.65322
0.25498,0.037611,0.0455785;1.47938,0.9713,1.67906
0.25195,0.0406985,0.0339802;1.42717,1.08134,1.72646
0.250656,0.0484265,0.0292948;1.48318,1.23136,1.65924
0.251684,0.0462959,0.0297226;1.46088,1.22768,1.68048
0.254688,0.0404127,0.0304418;1.52481,1.14553,1.63789
0.257606,0.0332868,0.0318163;1.57211,1.00071,1.61311
0.263865,0.0271145,0.034839;1.52794,0.830477,1.64619
0.261283,0.0305361,0.0318082;1.52302,0.936461,1.6416
0.259333,0.0372853,0.0290992;1.53805,1.10038,1.61023
0.258528,0.040647,0.0286758;1.57146,1.22738,1.57472
0.25866,0.0389303,0.0287324;1.57949,1.13686,1.5592
0.260309,0.0321832,0.0316647;1.66147,1.02266,1.50193
0.26221,0.0187571,0.0447242;1.68168,0.744264,1.48231
0.257691,0.02058,0.0457339;1.70164,0.795625,1.46638
0.252875,0.0263947,0.0399462;1.73829,0.934964,1.43306
0.255218,0.0361159,0.0293961;1.56423,1.18843,1.57742
0.259618,0.0315606,0.0294316;1.51231,1.13359,1.63143
0.263704,0.0253208,0.0322285;1.5308,1.00963,1.65081
0.258099,0.0225332,0.0398738;1.42592,0.695904,1.74938
0.25485,0.0254621,0.0411054;1.36723,0.709801,1.78168
0.254441,0.0344057,0.0379748;1.34683,0.819767,1.77231
0.257088,0.0406956,0.0352833;1.34791,0.91943,1.75583
0.257788,0.0366206,0.0361738;1.32705,0.867956,1.76605
0.257281,0.0323014,0.0366539;1.36936,0.811015,1.74664
0.257281,0.0323014,0.0366539;1.36936,0.811015,1.74664
0.255997,0.0250341,0.0369326;1.48092,0.712432,1.71366
0.255997,0.0250341,0.0369326;1.48092,0.712432,1.71366
