0,0,0.11;-1.57,-2.98023e-08,-1.57
0,0,0.11;-1.57,-2.98023e-08,-1.57
0,0,0.11;-1.57,-2.98023e-08,-1.57
-0.00094437,-0.00214953,0.0286971;-1.56785,-0.290654,-1.56687
-0.000761453,-0.00122761,0.0285796;-1.57076,-0.250404,-1.57089
-0.000329414,0.00317984,0.0292679;-1.58812,-0.156989,-1.57738
-0.00208189,0.0146208,0.038243;-1.75443,0.00405745,-1.58374
-0.00188304,0.00611064,0.0287763;-1.57066,-0.10361,-1.58015
-0.00203441,0.00530176,0.0286579;-1.57075,-0.129484,-1.56708
-0.00211737,0.00419008,0.0287;-1.57087,-0.168377,-1.56504
-0.00194222,0.00385309,0.0288474;-1.5693,-0.120858,-1.58235
0.000523314,0.00725338,0.0317196;-1.5472,-0.0451452,-1.59761
0.00234936,0.0245532,0.0401673;-1.60323,0.066706,-1.60428
0.00436348,0.0395167,0.0349586;-1.67181,-0.0214162,-1.59486
0.00532375,0.0409903,0.0293343;-1.59762,-0.107294,-1.57644
0.00574547,0.0413739,0.0285786;-1.57089,-0.166145,-1.57068
0.00578627,0.0420139,0.0285836;-1.57069,-0.121716,-1.5704
0.00635404,0.043618,0.0288883;-1.57951,-0.025065,-1.57703
0.00646771,0.0521595,0.0356482;-1.70551,0.143269,-1.56142
0.00519678,0.0516894,0.0406322;-1.7565,0.196024,-1.57849
0.00615728,0.05387,0.0385391;-1.73885,0.117305,-1.57649
0.00761525,0.0525275,0.0289809;-1.56551,0.0256752,-1.58841
0.00788433,0.0535396,0.0285837;-1.57061,-0.0526727,-1.57062
0.00754507,0.0531558,0.0285974;-1.57135,-0.00255084,-1.57106
0.00629007,0.0527753,0.0308774;-1.61331,0.13236,-1.57362
0.00581396,0.0514434,0.0369109;-1.69511,0.295807,-1.5667
0.00404734,0.0415297,0.0359213;-1.69277,0.277512,-1.5633
0.000283366,0.0356245,0.0291155;-1.59479,0.253224,-1.56766
-0.000831471,0.0347236,0.0285881;-1.57049,0.29244,-1.57026
-2.64738e-05,0.0355506,0.028584;-1.57061,0.376179,-1.57088
0.00944123,0.0417085,0.0325362;-1.56644,0.60612,-1.58913
0.0192694,0.0527187,0.040642;-1.81958,0.614958,-1.45689
0.0274452,0.0569097,0.0386537;-1.77919,0.506362,-1.48839
0.0377493,0.0595932,0.028901;-1.57609,0.256831,-1.57951
0.0390849,0.0607681,0.0285537;-1.57161,0.153018,-1.57054
0.0392213,0.0608499,0.028646;-1.57071,0.160055,-1.56767
0.0367045,0.0648793,0.0304608;-1.61402,0.466837,-1.55603
0.0340818,0.0697391,0.0389391;-1.80353,0.622912,-1.45396
0.0298317,0.0664131,0.0421173;-1.8312,0.682195,-1.45525
0.0123203,0.0448931,0.0319287;-1.61466,0.685566,-1.57268
0.0107475,0.0434923,0.0290264;-1.58909,0.641198,-1.56671
0.0117644,0.0434784,0.0286231;-1.57341,0.579938,-1.56935
0.0126775,0.0439447,0.0288647;-1.55801,0.570275,-1.58121
0.0235596,0.0530578,0.033759;-1.51032,0.650339,-1.62544
0.041174,0.0747213,0.0394013;-1.74801,0.721564,-1.48714
0.0520295,0.0806826,0.0333828;-1.69242,0.572087,-1.50844
0.0505849,0.079295,0.0290773;-1.59383,0.556582,-1.56308
0.0491709,0.0787338,0.0289304;-1.58603,0.569901,-1.56667
0.0445469,0.0772765,0.0286339;-1.56621,0.819723,-1.57414
0.048034,0.0766555,0.0299125;-1.59232,1.00613,-1.55383
0.0497063,0.0782325,0.0377081;-1.92946,1.12354,-1.26983
0.0459838,0.070582,0.0370955;-1.73075,0.993202,-1.49374
0.039636,0.0673068,0.0288234;-1.57617,0.931046,-1.57752
0.0421954,0.0678886,0.0290576;-1.60095,0.862807,-1.55163
0.0458608,0.0678672,0.0287132;-1.56297,0.817855,-1.57534
0.0496869,0.0701603,0.0297993;-1.5484,0.911966,-1.58655
0.0585772,0.078834,0.0367076;-1.64733,1.01779,-1.51878
0.0552923,0.0741392,0.0355432;-1.77561,0.976071,-1.42445
0.0474284,0.0719778,0.0316116;-1.66128,0.963913,-1.5141
0.0409313,0.0712234,0.0299365;-1.63652,1.0235,-1.52501
0.0325034,0.0703519,0.0287245;-1.57061,1.1437,-1.57783
0.0341882,0.0696731,0.0288301;-1.55902,1.22325,-1.58374
0.0484761,0.0719961,0.0326029;-1.9029,1.35071,-1.2483
0.0634535,0.0697995,0.0353345;-1.94739,1.22606,-1.22911
0.0698158,0.0668379,0.0334742;-1.80693,1.12536,-1.36783
0.0722316,0.0637841,0.0305321;-1.62578,1.04764,-1.54515
0.076852,0.0635519,0.0290728;-1.61016,0.990894,-1.54034
0.072769,0.0651839,0.0288378;-1.59387,1.1443,-1.55288
0.0730519,0.0658927,0.0300106;-1.46889,1.29971,-1.65928
0.073561,0.0656636,0.0390883;-2.38354,1.45367,-0.802644
0.0725876,0.0631075,0.0396338;-2.34975,1.36206,-0.855582
0.065821,0.0585255,0.0343381;-1.81968,1.32975,-1.37203
0.0640023,0.0594962,0.0289845;-1.60972,1.21044,-1.54014
0.0638852,0.0594561,0.0287121;-1.57055,1.22449,-1.57739
0.0658045,0.0590546,0.0287786;-1.54331,1.23575,-1.59564
0.0948076,0.0664145,0.0381208;-2.79088,1.39122,-0.374521
0.0961217,0.0656749,0.0372471;-2.59039,1.37374,-0.572294
0.0926318,0.0622131,0.0347364;-2.18063,1.34594,-0.977253
0.085684,0.0633572,0.0292269;-1.71371,1.36934,-1.43394
0.0774966,0.0693491,0.0289146;-1.76759,1.55575,-1.38688
0.0752293,0.0706524,0.0288131;1.56648,1.47296,1.56393
0.0785951,0.069096,0.039066;1.62282,1.1323,1.50541
0.0819558,0.0679591,0.040784;1.95903,1.10717,1.17134
0.0719782,0.0691296,0.0338278;1.72828,1.20042,1.38824
0.0780094,0.0615363,0.0316084;2.01843,1.43441,1.11338
0.0894995,0.0532047,0.0307182;-2.72293,1.51354,-0.42263
0.0947521,0.0493818,0.0291492;-1.82455,1.49,-1.32505
0.116889,0.0503291,0.0347023;2.01391,1.43781,1.1328
0.121355,0.0490174,0.034642;2.56488,1.42522,0.577615
0.113801,0.0459231,0.0322794;-3.0211,1.49756,-0.129331
0.106355,0.0460152,0.0305872;3.13198,1.5399,-0.00986998
0.107724,0.0463035,0.0303651;2.25326,1.56459,0.85686
0.108706,0.0461684,0.02895;1.6811,1.54775,1.44561
0.123945,0.0448566,0.0344054;1.87908,1.28735,1.28681
0.125898,0.0435387,0.0361102;2.08726,1.26759,1.06776
0.120655,0.0446948,0.0347972;1.94061,1.28055,1.19613
0.112274,0.0414069,0.0301065;1.91379,1.46346,1.21927
0.115381,0.0390729,0.0319565;2.35717,1.46459,0.782605
0.111526,0.044641,0.0296797;1.76484,1.40092,1.37616
0.108357,0.0489429,0.0296179;1.56509,1.25415,1.56121
0.115896,0.0437201,0.0379365;1.56195,1.01406,1.56168
0.109862,0.0443862,0.0367545;1.74121,1.0656,1.38766
0.0960888,0.0502959,0.0297281;1.55579,1.14524,1.5569
0.100419,0.0447357,0.0305389;1.66209,1.26261,1.46255
0.102659,0.0444711,0.0307027;1.57631,1.26226,1.5292
0.106067,0.0417604,0.030029;1.56355,1.2447,1.54989
0.132803,0.0321674,0.0355105;1.78901,0.927922,1.384
0.129523,0.0369681,0.0361514;1.7705,0.910662,1.38887
0.114751,0.0506854,0.0323397;1.67462,0.905468,1.47
0.103213,0.0618799,0.0316349;1.68157,0.889814,1.46609
0.101479,0.0686599,0.0317842;1.64254,0.795529,1.49459
0.0982935,0.0733351,0.0298131;1.56005,0.72117,1.55049
0.10282,0.0608254,0.0356387;1.46046,0.432656,1.64479
0.102503,0.0584378,0.0367875;1.54505,0.469504,1.56494
0.0940627,0.0660195,0.0306798;1.53872,0.530307,1.56298
0.099167,0.0551396,0.0320868;1.62361,0.767648,1.50099
0.102369,0.0404098,0.0326232;1.71399,0.910149,1.45242
0.105155,0.0367286,0.0349778;1.78605,0.922154,1.39346
0.118419,0.025301,0.0368784;1.78139,0.738658,1.41795
0.121127,0.021877,0.0369685;1.76485,0.731302,1.42167
0.119483,0.022045,0.0365225;1.75601,0.779271,1.4162
0.107629,0.0380456,0.0300578;1.58345,0.753351,1.53864
0.107923,0.0357267,0.02987;1.58203,0.786879,1.54073
0.109632,0.0320243,0.0311401;1.57188,0.822905,1.52763
0.115337,0.0207054,0.0364699;1.44553,0.621553,1.6202
0.128085,0.0077984,0.0412112;1.54207,0.547352,1.56464
0.129307,0.00122589,0.041782;1.71365,0.581924,1.42912
0.115268,0.0179253,0.0337331;1.57042,0.762807,1.49525
0.114678,0.0159412,0.035416;1.63878,0.800048,1.45395
0.116204,0.00791347,0.0363774;1.78799,0.81689,1.39525
0.121041,0.00444143,0.0388864;1.76332,0.686023,1.40932
0.126119,-0.000431156,0.0409999;1.8075,0.5549,1.41039
0.127577,-0.000806233,0.0428424;1.82115,0.492234,1.40326
0.117174,0.01726,0.0333149;1.59898,0.651272,1.49909
0.116558,0.021293,0.0328668;1.59024,0.76332,1.5024
0.118789,0.0118434,0.0336132;1.62285,0.850174,1.47417
0.125764,-0.00625479,0.036147;1.68267,0.781244,1.44225
0.136348,-0.0210658,0.0395565;1.84021,0.638908,1.39757
0.137268,-0.014541,0.0412319;1.76087,0.476836,1.43748
0.111204,0.0335697,0.0311407;1.57598,0.471342,1.53037
0.107577,0.0439734,0.0304283;1.57722,0.478758,1.53651
0.107017,0.0430965,0.0328387;1.65291,0.491912,1.50948
0.102548,0.0418158,0.0356334;1.61177,0.426844,1.48189
0.104923,0.025989,0.0410794;1.68952,0.245892,1.47814
0.113057,0.00994783,0.0449108;1.79317,0.139479,1.465
0.10876,0.00717135,0.0346164;1.65254,0.32074,1.5118
0.108263,0.00780538,0.0307921;1.57388,0.426705,1.53293
0.107056,-0.00111043,0.0303879;1.60917,0.531585,1.53554
0.104035,-0.011677,0.0341633;1.71261,0.594279,1.48831
0.10829,-0.0141068,0.0378902;1.78564,0.49821,1.46432
0.11515,-0.0174727,0.0403992;1.82462,0.354091,1.47487
0.114021,0.000972671,0.0372597;1.69139,0.264327,1.49924
0.110029,0.0245647,0.0303775;1.56389,0.217178,1.53761
0.10913,0.0291156,0.0306658;1.57782,0.202434,1.53735
0.108354,0.0164093,0.032555;1.5718,0.349479,1.51062
0.108268,-0.00238508,0.0357797;1.57243,0.346514,1.49317
0.115695,-0.03164,0.0436333;1.68576,0.252214,1.49354
0.12393,-0.0547015,0.0396536;1.7307,0.274613,1.48013
0.12078,-0.0446416,0.0338467;1.64142,0.370154,1.51181
0.120889,-0.035052,0.0304378;1.58129,0.328539,1.5383
0.120722,-0.0311091,0.0302081;1.61096,0.30584,1.5497
0.120687,-0.0288979,0.0346148;1.67401,0.233431,1.52194
0.119541,-0.0325248,0.0388146;1.76011,0.139928,1.52616
0.124495,-0.0270067,0.0441299;1.81057,-0.000759661,1.51576
0.127075,-0.0179292,0.0413927;1.75501,0.00738753,1.51764
0.130704,0.00382085,0.0297689;1.55858,0.0763013,1.54444
0.130733,-0.00281467,0.0304957;1.58755,0.192708,1.54147
0.125781,-0.0160071,0.0318672;1.61425,0.286796,1.52449
0.118702,-0.031351,0.0365298;1.67866,0.291627,1.49934
0.125032,-0.0566806,0.0412547;1.73729,0.0691181,1.50143
0.125426,-0.0484038,0.0412217;1.72637,0.0852548,1.50365
0.120851,-0.0210601,0.0321612;1.6018,0.156545,1.53354
0.121864,-0.000657756,0.0294921;1.58772,0.103916,1.5553
0.119581,-0.00213337,0.0316059;1.57557,0.0953566,1.52364
0.114649,-0.00910487,0.0337741;1.55424,0.0652974,1.49882
0.106383,-0.0522168,0.0453544;1.86553,-0.078828,1.55149
0.10474,-0.0513135,0.0426164;1.79514,-0.0237617,1.53335
0.100404,-0.0544918,0.0353791;1.68807,0.0983732,1.54029
0.0986666,-0.0559695,0.0294103;1.59218,0.215,1.55653
0.0976425,-0.0571099,0.0292637;1.5966,0.232156,1.55646
0.096752,-0.0574084,0.0324691;1.64722,0.199878,1.54529
0.096752,-0.0574084,0.0324691;1.64722,0.199878,1.54529
0.0973265,-0.0574431,0.0381386;1.75098,0.0972234,1.54019
0.0973265,-0.0574431,0.0381386;1.75098,0.0972234,1.54019
