0,0,0.11;-1.57,-2.98023e-08,-1.57
0,0,0.11;-1.57,-2.98023e-08,-1.57
0,0,0.11;-1.57,-2.98023e-08,-1.57
-0.000698614,-0.000452411,0.0286123;-1.5708,-0.261181,-1.56905
-0.00073998,-0.000675947,0.0285864;-1.57168,-0.232108,-1.57126
-0.00135087,0.000654369,0.0298289;-1.5981,-0.124622,-1.57964
-0.00186841,0.00698162,0.0385471;-1.71641,0.0829666,-1.5942
-0.00651932,-0.00747445,0.0288778;-1.58306,-0.0579568,-1.5736
-0.00577415,-0.0072119,0.0289396;-1.5758,-0.114829,-1.55868
-0.00613888,-0.00904399,0.0289741;-1.56335,-0.171006,-1.55803
-0.00604092,-0.00936287,0.0289548;-1.56855,-0.119122,-1.58625
-0.0038126,-0.00710672,0.0314469;-1.56703,-0.02609,-1.59957
-0.000510557,0.00782061,0.0382091;-1.66944,0.135697,-1.59178
0.00116383,0.0129031,0.0368793;-1.71637,0.0820099,-1.57597
-0.0011942,0.00809167,0.0340621;-1.68011,0.0100798,-1.57648
-0.00127045,0.00745585,0.0292084;-1.59562,-0.0265913,-1.5773
-0.00263568,0.00398331,0.0289833;-1.55752,0.116795,-1.57826
-7.17482e-06,0.00444474,0.0325381;-1.49447,0.173393,-1.58305
0.00538978,0.00847492,0.0399272;-1.39798,0.285809,-1.60192
0.0102805,0.0140474,0.0425004;-1.54669,0.265102,-1.60068
0.0110138,0.016049,0.0346453;-1.65934,0.147063,-1.58815
0.0137539,0.019281,0.0317422;-1.64062,0.0573101,-1.57624
0.0174845,0.0239947,0.0291717;-1.59385,-0.0150379,-1.57766
0.0152463,0.021701,0.0291863;-1.57088,0.0727149,-1.59019
0.016922,0.0210474,0.031637;-1.55175,0.241183,-1.60476
0.0176476,0.0212697,0.033936;-1.5968,0.350553,-1.60042
0.0148291,0.0120321,0.0325267;-1.62061,0.299436,-1.58229
0.0127847,0.00354212,0.030011;-1.61552,0.178377,-1.56311
0.012611,0.00242141,0.0306058;-1.62736,0.167399,-1.55894
0.0127247,0.00378699,0.0320168;-1.64899,0.178121,-1.55662
0.0208589,0.0184987,0.0345671;-1.64399,0.386277,-1.56747
0.0245524,0.0282714,0.0357837;-1.66401,0.499467,-1.55944
0.0244226,0.0285966,0.0345357;-1.66728,0.455019,-1.55485
0.0159237,0.0163557,0.029246;-1.59384,0.392432,-1.5734
0.0143644,0.0147377,0.0306113;-1.62775,0.414708,-1.55241
0.0113824,0.0138105,0.0324772;-1.6733,0.462594,-1.53112
0.0242413,0.0346086,0.0362799;-1.57673,0.477746,-1.57912
0.0300893,0.0506894,0.0447097;-1.5451,0.552414,-1.58654
0.0339714,0.0554111,0.0448215;-1.51059,0.516613,-1.60258
0.0386065,0.0581915,0.0290732;-1.57984,0.288216,-1.58301
0.0398183,0.0593694,0.029232;-1.60063,0.253837,-1.56632
0.037606,0.0581785,0.0300162;-1.61616,0.286113,-1.55986
0.0305136,0.0554579,0.0383894;-1.72974,0.493879,-1.5348
0.0361587,0.0578216,0.0404639;-1.72284,0.657763,-1.54252
0.0396071,0.0614338,0.0410239;-1.69769,0.787966,-1.53542
0.0299149,0.0551524,0.029653;-1.52662,0.525692,-1.58946
0.026531,0.0551099,0.0287477;-1.56545,0.410923,-1.56976
0.0271292,0.0549627,0.0288563;-1.57469,0.383192,-1.55966
0.0228193,0.0565687,0.034478;-1.71587,0.582351,-1.49513
0.0225405,0.0581579,0.0386632;-1.78568,0.696683,-1.46141
0.0309311,0.0652087,0.04061;-1.80778,0.843455,-1.44703
0.0253193,0.0625942,0.0328259;-1.65887,0.722549,-1.53113
0.0210084,0.0599995,0.0288326;-1.57324,0.677945,-1.58014
0.0215553,0.060209,0.0287627;-1.58184,0.658801,-1.56415
0.017458,0.06025,0.0297306;-1.5684,0.83317,-1.59642
0.0293902,0.0638101,0.0371544;-1.6337,0.967929,-1.54291
0.0445843,0.0764439,0.0444185;-1.88462,1.07721,-1.3229
0.0600968,0.0812504,0.0349618;-1.79911,0.95513,-1.38569
0.0572686,0.0794744,0.0293147;-1.61266,0.926948,-1.54776
0.057512,0.0788942,0.0287693;-1.585,0.881228,-1.55993
0.0486401,0.0785701,0.0291517;-1.57805,1.06265,-1.58421
0.0463203,0.0748354,0.0333031;-1.56289,1.20955,-1.62502
0.0556949,0.0739057,0.0398142;-1.89334,1.35142,-1.31951
0.0645671,0.0767655,0.0383491;-1.95635,1.28392,-1.2506
0.0690334,0.0804249,0.035049;-1.8253,1.16454,-1.35951
0.0725739,0.0820387,0.0289136;-1.58482,1.08853,-1.56765
0.0728912,0.0824766,0.028769;-1.55046,1.10317,-1.58869
0.0710831,0.0802684,0.0297666;-1.56375,1.21938,-1.60182
0.0791959,0.0783729,0.0331362;-1.70741,1.36497,-1.47427
0.0863993,0.0802748,0.0432931;-3.10674,1.42443,-0.107118
0.0796782,0.0771459,0.0423981;-2.87173,1.40834,-0.336393
0.068663,0.0753239,0.0375387;-2.28709,1.38754,-0.905637
0.0684875,0.0769154,0.029245;-1.70459,1.36911,-1.4434
0.0664758,0.0783318,0.0289179;-1.58229,1.43088,-1.57369
0.0685115,0.0762429,0.0302411;-0.82727,1.53047,-2.31986
0.093207,0.074766,0.0431965;2.15786,1.33075,0.978127
0.104046,0.0712441,0.0399044;2.5633,1.32246,0.569931
0.103803,0.0666572,0.0366998;2.84949,1.40155,0.288159
0.0919624,0.074725,0.0299839;1.96813,1.47857,1.16505
0.0872051,0.0797257,0.0301899;1.58205,1.38356,1.529
0.086543,0.0788753,0.0306815;1.52638,1.29711,1.57959
0.112902,0.0679321,0.0388403;1.43523,1.07816,1.66545
0.126558,0.064501,0.0397191;1.75615,1.18281,1.35694
0.133597,0.0584269,0.0340537;1.96471,1.30964,1.17503
0.123608,0.0523806,0.0302448;2.18854,1.4917,0.953247
0.11859,0.0583588,0.0332674;2.08588,1.38955,1.05352
0.11356,0.0639953,0.0324126;1.64019,1.29723,1.47786
0.122329,0.0614147,0.0377833;1.73674,0.963698,1.38523
0.119799,0.0632889,0.040051;1.73256,0.93961,1.38282
0.102873,0.0724102,0.0314361;1.58379,1.04189,1.52192
0.0994975,0.0721105,0.0301724;1.64988,1.16941,1.48248
0.0986678,0.0716779,0.0326671;1.61457,1.12798,1.47794
0.0970651,0.0719447,0.0340206;1.55809,1.06664,1.50309
0.124086,0.0535185,0.041822;1.91072,0.822671,1.28842
0.128832,0.0538652,0.0402125;1.91013,0.845785,1.30087
0.124276,0.0586243,0.0360947;1.77105,0.878067,1.42191
0.107111,0.0698612,0.0293806;1.58226,0.983636,1.54399
0.110362,0.0609795,0.0325558;1.68522,1.0733,1.43843
0.110101,0.0608921,0.033516;1.60425,1.03174,1.47772
0.11094,0.0560188,0.0348686;1.52063,0.86521,1.53454
0.134128,0.0342617,0.0408337;1.79983,0.692297,1.3736
0.135865,0.0289678,0.0349894;1.75254,0.828036,1.42832
0.127395,0.0362071,0.0289921;1.53255,0.970127,1.60188
0.125228,0.0421217,0.0287397;1.56868,1.09837,1.57692
0.123783,0.039563,0.0291701;1.56478,0.98767,1.56201
0.117359,0.0385407,0.0345813;1.46349,0.857781,1.60859
0.11754,0.0341019,0.0455871;1.28311,0.571653,1.75982
0.119771,0.032404,0.0495755;1.26323,0.688718,1.76475
0.11987,0.0354062,0.0429793;1.19467,0.779161,1.82183
0.129816,0.0371137,0.0336431;1.47427,0.918748,1.68641
0.130831,0.0344642,0.0353388;1.41035,0.848116,1.72831
0.131145,0.0308912,0.0377897;1.34756,0.755761,1.75317
0.13218,0.0161279,0.046611;1.27902,0.533943,1.801
0.130762,0.0182862,0.0495995;1.19561,0.556748,1.85367
0.133817,0.019412,0.0447021;1.23446,0.629552,1.8162
0.139009,0.0154036,0.0287318;1.56984,0.796419,1.57873
0.138305,0.0163416,0.0286842;1.56955,0.825486,1.57582
0.137801,0.0155413,0.0291731;1.56328,0.767028,1.58084
0.136367,0.0106847,0.0328945;1.56532,0.524411,1.54623
0.143099,0.00262646,0.0378493;1.7277,0.517536,1.4578
0.144136,-0.000906603,0.0342559;1.68909,0.616214,1.48783
0.142806,0.00671555,0.0288644;1.57098,0.750414,1.58431
0.142838,0.00698298,0.0290387;1.56333,0.748659,1.59241
0.14314,0.00481931,0.0299795;1.51738,0.669647,1.60813
0.141186,-0.00788024,0.0374964;1.40882,0.401897,1.65363
0.137994,-0.00795718,0.0427118;1.37971,0.243444,1.68125
0.133694,0.00222176,0.0428766;1.36814,0.27398,1.69029
0.139238,0.0164688,0.0331643;1.50277,0.526601,1.64197
0.140664,0.0238337,0.0312731;1.54332,0.637813,1.62933
0.139321,0.0247795,0.030927;1.514,0.648846,1.6185
0.138557,0.0196604,0.0378993;1.37864,0.516855,1.68925
0.137049,0.0103964,0.0421145;1.37635,0.391168,1.70806
0.13607,0.0104803,0.0432372;1.36039,0.370297,1.71407
0.135822,0.0239061,0.0321964;1.47213,0.580642,1.62819
0.138231,0.0263774,0.0292108;1.54385,0.659308,1.59668
0.138796,0.0260326,0.0292967;1.54777,0.668618,1.60183
0.1375,0.0141838,0.0365373;1.38864,0.49318,1.66182
0.136047,0.0100862,0.0408612;1.32104,0.397578,1.68253
0.135866,0.00532027,0.0440335;1.33964,0.273181,1.67869
0.138055,0.0132656,0.0397036;1.31917,0.431005,1.67964
0.14222,0.00660341,0.0297594;1.53015,0.488987,1.59369
0.142301,0.0059282,0.0289814;1.55968,0.527521,1.58612
0.141066,0.000947482,0.0287743;1.56068,0.346704,1.57426
0.140979,-0.00411362,0.0293732;1.57172,0.219201,1.56406
0.143583,-0.011231,0.0336621;1.6074,0.0547412,1.54678
0.142518,-0.0167251,0.028791;1.57365,0.289621,1.56266
0.143481,-0.0171883,0.0286687;1.57063,0.395155,1.56673
0.143428,-0.0179299,0.0286252;1.57077,0.44142,1.56861
0.143383,-0.0136273,0.0302621;1.56798,0.323595,1.53851
0.142773,-0.0200234,0.0303471;1.57017,0.155766,1.55173
0.145953,-0.0309448,0.0355564;1.63967,-0.040146,1.56232
0.142119,0.00850436,0.0365258;1.41131,0.0250198,1.58235
0.143478,0.0107622,0.0288282;1.55994,0.0977238,1.5731
0.143859,0.0135884,0.0288164;1.57101,0.205744,1.58223
0.143802,0.0147454,0.0288322;1.56653,0.206736,1.56383
0.140418,0.0154294,0.0298162;1.54803,0.101424,1.55734
0.134417,0.0144703,0.0345174;1.48054,-0.0694394,1.5521
0.134285,0.0163554,0.0369283;1.42264,-0.137343,1.54686
0.138039,0.00801433,0.0287494;1.57011,-0.00895339,1.56328
0.140261,0.0057616,0.02867;1.5688,0.130069,1.56875
0.140047,0.00621211,0.0289555;1.5806,0.166614,1.56091
0.139522,0.00681784,0.0300469;1.56923,0.14266,1.54069
0.134712,-0.00304187,0.0342077;1.56513,0.0250195,1.51111
0.131405,-0.0383831,0.0361231;1.68026,-0.073303,1.54629
0.127253,-0.0408637,0.0296965;1.59098,0.0596843,1.56506
0.127736,-0.0416973,0.0287298;1.56927,0.192715,1.56519
0.129383,-0.0432294,0.0285825;1.57102,0.312564,1.57082
0.12935,-0.0415611,0.0288352;1.56981,0.223154,1.55803
0.12821,-0.0376944,0.0305205;1.569,0.0848069,1.53715
0.124965,-0.0435454,0.0455179;1.61029,-0.220434,1.54186
0.125912,-0.0466677,0.0450461;1.56913,-0.113623,1.55726
0.127132,-0.0460019,0.0300813;1.52476,0.0017131,1.5697
0.128532,-0.0455544,0.0285882;1.57019,0.213753,1.57091
0.128757,-0.0454363,0.0286674;1.57089,0.188806,1.56633
0.128147,-0.0448805,0.0289184;1.569,0.102664,1.55613
0.126978,-0.0590403,0.0384573;1.71903,-0.180243,1.55949
0.129155,-0.0549171,0.0398345;1.72343,-0.176669,1.55302
0.133979,-0.0426853,0.0334252;1.64197,-0.0938311,1.55427
0.134964,-0.0391322,0.0286967;1.57055,-0.0130011,1.57702
0.134862,-0.0398017,0.02889;1.55584,-0.047846,1.57022
0.132645,-0.0414245,0.0310314;1.51364,-0.100787,1.5641
0.132645,-0.0414245,0.0310314;1.51364,-0.100787,1.5641
0.127576,-0.047546,0.036244;1.44172,-0.228353,1.53494
0.127576,-0.047546,0.036244;1.44172,-0.228353,1.53494
