0,0,0.11;-1.57,-2.98023e-08,-1.57
0,0,0.11;-1.57,-2.98023e-08,-1.57
0,0,0.11;-1.57,-2.98023e-08,-1.57
-0.00117199,-0.00192538,0.0286587;-1.56824,-0.284798,-1.56813
0.000885099,0.00129221,0.0287104;-1.57078,-0.13883,-1.56495
0.0021136,0.00674449,0.0292406;-1.56201,-0.00194892,-1.55818
0.00171135,0.00318955,0.0305215;-1.59096,0.113765,-1.56221
0.00609641,0.00301946,0.0289456;-1.57453,-0.131271,-1.58501
0.00776516,0.0061173,0.0288374;-1.58345,-0.247208,-1.5744
0.00788118,0.00643732,0.0285796;-1.57095,-0.358298,-1.57093
0.010116,0.00939273,0.0289112;-1.55446,-0.220343,-1.56702
0.0115582,0.0148033,0.0294133;-1.55979,-0.0740064,-1.55964
0.00792716,0.0210681,0.0318197;-1.57521,0.0988314,-1.53467
0.00843604,0.00758043,0.0291511;-1.56317,0.0353035,-1.55991
0.00776049,0.00553912,0.0286058;-1.5707,-0.104025,-1.57209
0.00804578,0.00854595,0.0289613;-1.58238,-0.246711,-1.58073
0.00876437,0.0120116,0.0286561;-1.57103,-0.31464,-1.57461
0.0105387,0.0155081,0.029137;-1.55534,-0.202647,-1.56174
0.0113745,0.0284437,0.031437;-1.5592,-0.023294,-1.54349
0.00772907,0.0216594,0.0311673;-1.57158,0.113531,-1.5398
0.00915853,0.0125944,0.0290649;-1.569,0.0231302,-1.56236
0.00836915,0.00844278,0.0285794;-1.57073,-0.116026,-1.5708
0.00783562,0.0120279,0.028953;-1.57625,-0.31354,-1.58496
0.00887887,0.015323,0.0296317;-1.56701,-0.327315,-1.59524
0.0114264,0.0380211,0.0309692;-1.59446,-0.280333,-1.60048
0.0084281,0.057424,0.0345026;-1.67596,-0.158766,-1.59552
0.011054,0.0525118,0.0296862;-1.59924,-0.201189,-1.58191
0.0107842,0.0453465,0.029002;-1.58283,-0.207999,-1.58186
0.0107361,0.0443104,0.0287921;-1.57329,-0.204612,-1.57886
0.0110814,0.0434331,0.0288199;-1.57033,-0.14934,-1.5826
0.0151436,0.0601875,0.0336067;-1.52135,0.0236085,-1.58283
0.0125049,0.0829017,0.0360399;-1.7045,0.144793,-1.56704
0.0130994,0.0815958,0.0341388;-1.67878,0.129754,-1.56765
0.0132507,0.074645,0.0285897;-1.57056,0.0708725,-1.57137
0.0129112,0.0739511,0.0285798;-1.57076,0.0707597,-1.57088
0.0129781,0.0742584,0.0286455;-1.57096,0.0964988,-1.56753
0.0182483,0.0826758,0.0292802;-1.56095,0.30999,-1.56274
0.0238742,0.0974401,0.0318049;-1.56008,0.466623,-1.54031
0.0251974,0.0996457,0.0311334;-1.55663,0.497262,-1.54816
0.0255934,0.0909082,0.0287858;-1.57923,0.296558,-1.57009
0.0249725,0.0903529,0.02885;-1.58146,0.29272,-1.57046
0.0230378,0.0886126,0.0285753;-1.57092,0.358627,-1.5707
0.0271266,0.092873,0.0288796;-1.5649,0.595958,-1.5643
0.0339508,0.101185,0.0308138;-1.5677,0.751443,-1.54464
0.0360209,0.108149,0.032142;-1.57925,0.886683,-1.52469
0.0279723,0.0968306,0.0288236;-1.56541,0.67134,-1.56666
0.0242703,0.0960572,0.0285787;-1.57087,0.524487,-1.57083
0.0239223,0.0955432,0.028611;-1.57132,0.495581,-1.57167
0.0199067,0.0927243,0.028738;-1.57081,0.704641,-1.57824
0.0242842,0.0956006,0.0297321;-1.55248,0.836,-1.57448
0.03189,0.104596,0.0317295;-1.56717,1.00473,-1.53616
0.0277337,0.0995597,0.0287987;-1.56811,0.807552,-1.56411
0.0245842,0.0991253,0.02858;-1.57075,0.693905,-1.57066
0.0228964,0.0982276,0.0286481;-1.57027,0.604978,-1.56797
0.0254128,0.099478,0.02861;-1.57045,0.731568,-1.56976
0.0273957,0.101165,0.0293231;-1.57575,0.887308,-1.56689
0.0304015,0.104672,0.0344143;-1.69486,1.04477,-1.47531
0.0322216,0.10179,0.0287488;-1.56079,0.980385,-1.58179
0.0325314,0.103092,0.0289289;-1.55382,0.871329,-1.59016
0.0332726,0.105611,0.0287467;-1.56808,0.769025,-1.57886
0.0345192,0.108031,0.0287739;-1.56917,0.651573,-1.57985
0.0376268,0.110439,0.0294905;-1.55414,0.734462,-1.58186
0.0428615,0.118373,0.032229;-1.61932,0.921785,-1.51675
0.0366039,0.115482,0.0334772;-1.68993,1.02986,-1.49679
0.0316991,0.109505,0.0301118;-1.56927,0.965337,-1.60325
0.0342686,0.110049,0.0296561;-1.57413,0.895168,-1.59096
0.0402852,0.113723,0.0287556;-1.57037,0.724646,-1.57917
0.0410388,0.113827,0.0286222;-1.56955,0.746644,-1.57335
0.0484792,0.118811,0.0296872;-1.56869,0.863644,-1.55954
0.0496619,0.129631,0.0319625;-1.61067,1.12765,-1.50559
0.0450596,0.124563,0.0293549;-1.56441,1.06468,-1.56275
0.0415431,0.12204,0.0285534;-1.56945,0.930129,-1.57231
0.0494945,0.122929,0.029163;-1.60158,0.660548,-1.55598
0.0489415,0.123194,0.028751;-1.58171,0.704963,-1.56372
0.0516467,0.123841,0.0289229;-1.55732,0.840399,-1.57316
0.0649294,0.132462,0.0328634;-1.53633,1.14126,-1.55665
0.0598871,0.126472,0.0313917;-1.54713,1.0525,-1.55919
0.0526413,0.121117,0.0288079;-1.56641,0.916855,-1.56606
0.046512,0.119178,0.0286742;-1.57087,0.662074,-1.5662
0.0468911,0.120055,0.028576;-1.5715,0.69435,-1.57012
0.047398,0.120574,0.0287338;-1.58045,0.716415,-1.56465
0.0569018,0.132994,0.0326704;-1.61857,1.03003,-1.50154
0.0523845,0.128958,0.0304422;-1.55009,0.975423,-1.5626
0.0471216,0.125722,0.0288077;-1.56646,0.877882,-1.56605
0.0423582,0.124777,0.0286737;-1.57097,0.687415,-1.56606
0.043334,0.125306,0.0286663;-1.57081,0.729072,-1.56658
0.0454007,0.125804,0.0288093;-1.56545,0.807268,-1.56718
0.0590027,0.137553,0.0328147;-1.6245,1.07668,-1.49332
0.0605316,0.136791,0.0329814;-1.71995,1.07555,-1.43461
0.0557996,0.135022,0.0290341;-1.60979,1.1131,-1.54057
0.0573105,0.134422,0.0285796;-1.57073,0.99424,-1.57087
0.0573478,0.134405,0.0285896;-1.57067,0.986318,-1.57133
0.0571236,0.13436,0.0285799;-1.57051,0.987411,-1.57122
0.0517977,0.136552,0.0336097;-1.40978,1.30513,-1.71194
0.038814,0.131435,0.0340942;-1.18009,1.33195,-1.95103
0.0389971,0.131296,0.0306386;-1.39667,1.36816,-1.74175
0.0501549,0.132153,0.0305101;-1.59847,1.17545,-1.57501
0.0557313,0.131186,0.0300322;-1.6177,1.09164,-1.54963
0.0538576,0.13124,0.0289857;-1.57605,1.13285,-1.58298
0.053409,0.131392,0.0293342;-1.53524,1.27008,-1.61054
0.045926,0.131387,0.0351839;0.879934,1.46278,2.28156
0.0437892,0.12905,0.0320217;0.398077,1.51259,2.74704
0.0435547,0.129424,0.0290533;-1.30915,1.4948,-1.83458
0.0486321,0.135232,0.0286384;-1.57059,1.21784,-1.57372
0.0497093,0.135382,0.0285836;-1.57091,1.18582,-1.57092
0.0506855,0.13396,0.0288435;-1.52013,1.30911,-1.61953
0.0596104,0.136373,0.0317393;1.5355,1.47331,1.64098
0.0564596,0.135401,0.0303115;1.56401,1.4457,1.5984
0.0523181,0.134416,0.0287096;1.59095,1.54427,1.55744
0.0468075,0.135805,0.0286367;-1.57041,1.38693,-1.56851
0.0464918,0.135747,0.0286766;-1.57148,1.36829,-1.5654
0.0481527,0.135524,0.028737;-1.57147,1.42429,-1.56271
0.0698919,0.137741,0.0337722;2.25802,1.46846,0.896987
0.0716602,0.138268,0.0328514;2.17703,1.43567,0.966821
0.068072,0.136239,0.028693;1.57087,1.50131,1.57624
0.0647461,0.136666,0.0285953;-1.56875,1.52543,-1.57205
0.0641595,0.136531,0.028632;-1.57083,1.49899,-1.56828
0.0638668,0.136468,0.028758;-1.57235,1.46901,-1.56071
0.0832389,0.135653,0.0322375;1.43171,1.46965,1.74613
0.0839506,0.1364,0.0306755;1.56022,1.41091,1.60754
0.0831531,0.133594,0.0288133;1.67909,1.46389,1.46249
0.0872036,0.126468,0.0288651;-1.63058,1.36675,-1.51389
0.087083,0.126519,0.0286696;-1.59155,1.36643,-1.55051
0.0870499,0.126844,0.0286108;-1.57067,1.38462,-1.56949
0.100383,0.126171,0.0307909;-1.07438,1.51488,-2.0493
0.119803,0.130608,0.0330887;1.00425,1.52089,2.17125
0.128566,0.130249,0.0298558;1.67481,1.54274,1.47983
0.127037,0.128703,0.0288117;-1.57251,1.46539,-1.58019
0.12754,0.127985,0.0291356;-1.67828,1.43744,-1.47696
0.125223,0.128165,0.0296778;-1.77603,1.45373,-1.38168
0.115791,0.127533,0.0304537;1.25339,1.45668,1.88458
0.119104,0.124399,0.037065;1.04952,1.30288,2.10147
0.127112,0.124897,0.0374892;1.10092,1.28611,2.05568
0.133827,0.124296,0.0287336;1.57498,1.37011,1.55845
0.135572,0.125471,0.0287148;1.56965,1.46498,1.56547
0.136109,0.125693,0.0288468;1.60102,1.49778,1.53007
0.131998,0.123391,0.030093;1.49511,1.40336,1.62112
0.129367,0.117317,0.0338701;1.31008,1.22252,1.82044
0.135808,0.115376,0.0360121;1.35895,1.11525,1.80017
0.137563,0.107691,0.0304799;1.56064,1.15138,1.54452
0.139374,0.105177,0.0314159;1.5768,1.22587,1.52067
0.141083,0.103587,0.0314309;1.5888,1.32055,1.51092
0.149964,0.101705,0.0363114;1.91644,1.34764,1.17687
0.158807,0.100863,0.0398138;2.10487,1.26447,1.00859
0.167444,0.102599,0.0420032;2.00821,1.15291,1.10091
0.165705,0.100498,0.0420757;1.96001,1.18126,1.11999
0.157684,0.101469,0.0355864;1.63982,1.23053,1.4227
0.145155,0.106994,0.0368105;1.52056,1.2538,1.52773
0.144279,0.112487,0.0373376;1.26275,1.32107,1.79416
0.15319,0.112679,0.0359035;1.26526,1.27444,1.82766
0.174338,0.109813,0.0391476;1.61525,1.16393,1.50801
0.178693,0.111148,0.0353331;1.74582,1.09805,1.37156
0.176101,0.109539,0.0313679;1.56441,1.15549,1.5296
0.176526,0.108621,0.0336091;1.6088,1.21153,1.47076
0.180358,0.108125,0.0296692;1.55556,1.30602,1.55978
0.183905,0.1072,0.0288395;1.58655,1.27036,1.54825
0.193175,0.104682,0.0307711;1.56699,1.14751,1.60219
0.200911,0.109528,0.0317765;1.66863,0.90886,1.48292
0.192682,0.1105,0.0288783;1.57265,0.901957,1.55617
0.190954,0.110589,0.02934;1.55468,0.919479,1.56688
0.189636,0.112345,0.0325856;1.54891,0.996712,1.53454
0.196327,0.112324,0.0332368;1.46501,1.07571,1.61839
0.206036,0.108297,0.038112;1.30698,1.0438,1.76149
0.238586,0.0910806,0.0380099;1.80784,0.960957,1.32619
0.24511,0.0848442,0.0384849;1.83513,1.02752,1.29502
0.242224,0.0820612,0.0354169;1.75012,1.06661,1.36403
0.219527,0.0910555,0.0399805;1.62263,1.04709,1.38915
0.214041,0.0883803,0.0405809;1.51122,1.09953,1.47109
0.224177,0.08014,0.0465225;1.47486,1.03983,1.53286
0.242804,0.0658892,0.0424878;1.95268,0.951262,1.20652
0.243018,0.0672309,0.0432771;1.91725,0.943645,1.21438
0.243536,0.0656423,0.0398999;1.85031,0.982092,1.27884
0.229976,0.0865711,0.0349976;1.60138,0.850574,1.46614
0.220993,0.0975123,0.0336309;1.56266,0.767674,1.50102
0.218431,0.0992223,0.0323111;1.55394,0.744138,1.5248
0.256642,0.0691605,0.0382724;1.81602,0.714548,1.39007
0.257466,0.0613323,0.0376866;1.79171,0.798736,1.38199
0.253894,0.0559868,0.0348515;1.72518,0.871709,1.42175
0.249591,0.0593966,0.0351387;1.66103,0.870142,1.4422
0.245388,0.0730775,0.0322274;1.58326,0.752202,1.5108
0.242361,0.0799598,0.0290331;1.58336,0.68217,1.5508
0.242361,0.0799598,0.0290331;1.58336,0.68217,1.5508
0.245183,0.0817036,0.0295239;1.58188,0.581327,1.5711
0.245183,0.0817036,0.0295239;1.58188,0.581327,1.5711
