0,0,0.11;-1.57,-2.98023e-08,-1.57
0,0,0.11;-1.57,-2.98023e-08,-1.57
0,0,0.11;-1.57,-2.98023e-08,-1.57
-0.000938673,-0.00148567,0.0286269;-1.57061,-0.272038,-1.56831
-0.000759633,-0.0014112,0.0286051;-1.57041,-0.250611,-1.56963
-0.000444923,-0.000649914,0.0289548;-1.56193,-0.208062,-1.56592
-0.00196786,-0.0120889,0.0313389;-1.53352,-0.102324,-1.57602
-0.00440364,-0.014066,0.0288583;-1.5707,-0.202403,-1.58419
-0.00328578,-0.011309,0.0290674;-1.59153,-0.281993,-1.58253
-0.00183071,-0.00809447,0.0292174;-1.59822,-0.362621,-1.58708
-0.00143884,-0.0092406,0.0294874;-1.57537,-0.311943,-1.59617
-0.000462411,-0.0101681,0.0310383;-1.55786,-0.220605,-1.6009
0.00212875,0.00296118,0.034036;-1.53073,-0.125576,-1.58556
0.00474502,0.0164396,0.0287623;-1.56554,-0.173383,-1.56497
0.00458241,0.0162766,0.0285832;-1.57057,-0.202978,-1.57046
0.00431901,0.0159222,0.0286342;-1.56902,-0.228401,-1.56885
0.00479613,0.0162329,0.0285912;-1.57047,-0.163744,-1.57014
0.00442208,0.0179229,0.0287043;-1.5689,-0.0751365,-1.56542
0.00329973,0.0193162,0.030762;-1.58925,0.0383163,-1.56278
0.00453492,0.0274163,0.0347918;-1.67537,0.00365055,-1.58805
0.00787988,0.0362486,0.0328011;-1.64267,-0.100587,-1.59354
0.0110359,0.0411918,0.0294412;-1.57115,-0.191277,-1.59409
0.0120311,0.0457727,0.0291443;-1.58369,-0.256355,-1.58855
0.0105026,0.043032,0.029135;-1.58421,-0.208191,-1.58706
0.0081491,0.0383653,0.0302835;-1.60708,-0.112254,-1.58139
0.0064278,0.0329803,0.0322636;-1.63189,-0.0568552,-1.57411
0.00462919,0.0241634,0.0285697;-1.56919,-0.11586,-1.5703
0.00381756,0.0209736,0.0286641;-1.57075,-0.261097,-1.56669
0.00381798,0.0205168,0.0286607;-1.5708,-0.278705,-1.56696
0.00373941,0.0203593,0.0285784;-1.5709,-0.286848,-1.57077
0.00501367,0.0218172,0.0298582;-1.55537,-0.273175,-1.57554
0.00942027,0.0275707,0.0360031;-1.48612,-0.228403,-1.5991
0.0113434,0.0345574,0.0337585;-1.53521,-0.262243,-1.61268
0.0124528,0.0381625,0.0291267;-1.58435,-0.323029,-1.5884
0.0122683,0.0390641,0.0291625;-1.59413,-0.332527,-1.58469
0.0117183,0.0377401,0.0291367;-1.59416,-0.292515,-1.58232
0.0143175,0.0326705,0.0296655;-1.53817,-0.0624473,-1.56983
0.0171849,0.0399234,0.0353288;-1.45032,-0.03284,-1.56238
0.0174158,0.061865,0.0348344;-1.46419,-0.0693972,-1.56007
0.0171026,0.0764122,0.0285801;-1.57076,-0.158594,-1.5708
0.0170668,0.0761526,0.0286762;-1.56877,-0.174882,-1.56775
0.0169037,0.0756126,0.0286242;-1.57056,-0.193123,-1.56861
0.0172161,0.0761226,0.0285794;-1.571,-0.142052,-1.57075
0.0182033,0.0739823,0.0301387;-1.58509,-0.0447247,-1.5884
0.0205685,0.0740476,0.037393;-1.61229,0.0499063,-1.60127
0.0212623,0.0771469,0.0292779;-1.56669,-0.113305,-1.59174
0.0201997,0.0796979,0.0288445;-1.57321,-0.200721,-1.58149
0.0208162,0.0818217,0.028601;-1.57102,-0.266664,-1.57197
0.0209345,0.0823969,0.0285832;-1.5705,-0.238433,-1.57041
0.0213669,0.0837789,0.0291542;-1.56432,-0.219578,-1.56853
0.0227503,0.0909772,0.0312743;-1.54888,-0.14831,-1.56277
0.0225802,0.0871288,0.0285802;-1.57099,-0.301816,-1.57075
0.0222839,0.0857909,0.0285781;-1.57112,-0.367773,-1.5708
0.0222526,0.0848238,0.0286353;-1.57079,-0.407117,-1.56814
0.0228401,0.0848278,0.0286912;-1.56986,-0.308169,-1.57526
0.0291115,0.0832,0.0315122;-1.53543,-0.156371,-1.599
0.0348102,0.0795798,0.0359204;-1.46117,-0.0619548,-1.59611
0.0328834,0.0974194,0.0319696;-1.56592,-0.163351,-1.62457
0.0331455,0.106275,0.0304939;-1.57874,-0.234076,-1.6035
0.0338557,0.112004,0.0292029;-1.59192,-0.301899,-1.58689
0.0327747,0.109167,0.0288795;-1.57061,-0.243213,-1.58505
0.0337206,0.107658,0.0287624;-1.57402,-0.132601,-1.57671
0.0358925,0.10571,0.0319914;-1.51595,-0.00553411,-1.56278
0.0377371,0.106298,0.0295897;-1.55907,0.0438501,-1.57238
0.0369456,0.108619,0.0285968;-1.57176,0.00391943,-1.57262
0.0366,0.108907,0.0285792;-1.57072,-0.0315942,-1.57078
0.0363921,0.108605,0.0285803;-1.57082,-0.118946,-1.57093
0.0360176,0.108261,0.0289305;-1.57315,-0.101787,-1.58523
0.0366352,0.108749,0.0309792;-1.62042,-0.0820057,-1.58206
0.0412916,0.122127,0.0380878;-1.75713,0.0669675,-1.56551
0.0419401,0.121615,0.0339286;-1.67863,0.0301679,-1.57197
0.0421227,0.119589,0.0285891;-1.57197,-0.0543874,-1.5737
0.0417531,0.119292,0.0285794;-1.57055,-0.0999308,-1.57074
0.041767,0.119191,0.0285802;-1.57063,-0.0815525,-1.57064
0.042144,0.119234,0.0285957;-1.57059,-0.0340661,-1.57199
0.0436026,0.114536,0.0350491;-1.47067,0.0530531,-1.59176
0.0407285,0.116265,0.0336308;-1.4812,-0.0589139,-1.57565
0.0393041,0.120186,0.0285761;-1.57074,-0.152595,-1.57043
0.0389686,0.120043,0.0286129;-1.57093,-0.243073,-1.56913
0.0390098,0.120249,0.0285766;-1.57086,-0.181126,-1.571
0.0401675,0.119446,0.0286293;-1.57062,-0.112438,-1.57324
0.0489179,0.104125,0.0370502;-1.41424,0.179879,-1.60458
0.049136,0.101487,0.0382842;-1.38263,0.201082,-1.60178
0.0476084,0.106953,0.028502;-1.57601,0.174994,-1.56992
0.0481666,0.107377,0.0285757;-1.57111,0.0486726,-1.57088
0.0482899,0.107336,0.0285782;-1.57095,0.0671446,-1.57073
0.0485115,0.107722,0.0285784;-1.57091,0.0684453,-1.57072
0.0503852,0.117644,0.0325877;-1.62279,0.236181,-1.55329
0.0517427,0.124404,0.0348358;-1.69733,0.229773,-1.5478
0.0506511,0.12052,0.0286259;-1.56905,0.235768,-1.57501
0.0513294,0.122542,0.0286629;-1.57095,0.127899,-1.57495
0.0513587,0.12267,0.0291105;-1.58085,0.109555,-1.58519
0.0502336,0.120309,0.0291864;-1.58057,0.123979,-1.58903
0.0490244,0.111257,0.0345025;-1.58644,0.278194,-1.59824
0.0508174,0.115849,0.0339742;-1.61126,0.252588,-1.58275
0.0512692,0.119737,0.0291115;-1.57758,0.228526,-1.57826
0.0523506,0.123527,0.0285898;-1.57104,0.0296978,-1.57016
0.0518834,0.122935,0.0285821;-1.57076,-0.0100597,-1.57075
0.0517865,0.122837,0.0285793;-1.57081,0.0123973,-1.57075
0.052395,0.12183,0.028673;-1.56931,0.0910667,-1.5742
0.0534551,0.102589,0.0345344;-1.44994,0.341856,-1.61884
0.0510675,0.100998,0.032742;-1.47958,0.318326,-1.60143
0.0491605,0.105613,0.0286213;-1.57117,0.21744,-1.5731
0.051029,0.106073,0.0285367;-1.56886,0.0861377,-1.57085
0.051353,0.106747,0.0285614;-1.57114,0.12182,-1.57158
0.052211,0.106549,0.0285811;-1.57093,0.163882,-1.57114
0.0580822,0.099132,0.0351334;-1.46124,0.399845,-1.6238
0.0583661,0.0974338,0.0362784;-1.40709,0.453706,-1.63719
0.0586833,0.103271,0.028715;-1.57881,0.415898,-1.56864
0.0586204,0.103689,0.0285791;-1.57076,0.396481,-1.57083
0.0585026,0.10346,0.0285782;-1.57054,0.409567,-1.57105
0.0584146,0.103257,0.0285992;-1.57086,0.424493,-1.5717
0.0661025,0.11201,0.0328395;-1.57471,0.494053,-1.58854
0.0745865,0.130685,0.0346388;-1.67541,0.441166,-1.54827
0.0801881,0.13615,0.031011;-1.59661,0.342474,-1.58832
0.0831049,0.138184,0.0291458;-1.58627,0.270131,-1.57899
0.0822765,0.13773,0.029192;-1.59091,0.290949,-1.57509
0.079257,0.134415,0.0293291;-1.57779,0.348125,-1.58802
0.0758573,0.11865,0.0327395;-1.50597,0.581405,-1.61697
0.0756743,0.112328,0.0349117;-1.42301,0.643063,-1.6562
0.073784,0.114937,0.0306736;-1.51596,0.609572,-1.60608
0.0751447,0.120097,0.0287413;-1.57813,0.374396,-1.56691
0.0756801,0.11812,0.0285745;-1.57116,0.27687,-1.57075
0.0754856,0.117874,0.028553;-1.57265,0.271316,-1.56991
0.0740638,0.112619,0.0314329;-1.55334,0.407141,-1.61308
0.0739868,0.105961,0.036672;-1.47935,0.508944,-1.6752
0.0731874,0.100178,0.0364718;-1.4855,0.553622,-1.67807
0.0702455,0.103553,0.0289442;-1.57388,0.488152,-1.58358
0.0731126,0.106074,0.0291195;-1.5947,0.415485,-1.5656
0.074682,0.106995,0.0289696;-1.5893,0.368356,-1.56583
0.0755646,0.101918,0.0290294;-1.55209,0.567215,-1.58279
0.0825345,0.10353,0.0331197;-1.47116,0.628116,-1.63198
0.0934274,0.111139,0.0371591;-1.37459,0.656328,-1.69189
0.0989828,0.121121,0.0286002;-1.57061,0.572944,-1.57184
0.0987402,0.121405,0.0285773;-1.57074,0.537427,-1.57093
0.0978642,0.121157,0.0285999;-1.56956,0.502753,-1.57147
0.0966149,0.119159,0.0289956;-1.57767,0.632508,-1.57999
0.0951459,0.111799,0.0317136;-1.5723,0.726285,-1.60424
0.0975678,0.104102,0.0380822;-1.58671,0.80408,-1.6031
0.0965298,0.103772,0.0309314;-1.5659,0.642507,-1.6133
0.100376,0.110664,0.0289831;-1.57716,0.541339,-1.58099
0.103519,0.112582,0.0288901;-1.58253,0.444884,-1.57008
0.103628,0.11195,0.0285706;-1.57073,0.488403,-1.57044
0.10197,0.108897,0.0292454;-1.56327,0.593339,-1.5792
0.0990078,0.100935,0.0336528;-1.45622,0.743274,-1.65345
0.097049,0.100354,0.0286077;-1.57061,0.739966,-1.57206
0.0967732,0.10141,0.0285788;-1.57068,0.681501,-1.57086
0.0962953,0.0999476,0.0286149;-1.57084,0.625813,-1.56917
0.0948478,0.0986723,0.0288531;-1.56644,0.650861,-1.58309
0.0956856,0.0974439,0.0315349;-1.54716,0.69039,-1.62372
0.103362,0.0988291,0.0371218;-1.46608,0.699992,-1.70371
0.111493,0.103544,0.0317894;-1.54905,0.66047,-1.62709
0.111927,0.106593,0.0288846;-1.57015,0.61347,-1.58531
0.112735,0.10698,0.0288778;-1.58784,0.564139,-1.56183
0.112953,0.106456,0.0286542;-1.57081,0.559974,-1.56725
0.114519,0.106276,0.0287765;-1.55937,0.616776,-1.57741
0.118286,0.105101,0.0301762;-1.54264,0.705817,-1.59326
0.121373,0.0966574,0.0354859;-1.36154,0.887064,-1.73035
0.123102,0.100743,0.028984;-1.55037,0.863466,-1.59224
0.123641,0.102556,0.0286198;-1.57078,0.803883,-1.57276
0.122074,0.102295,0.0285881;-1.57065,0.678713,-1.57044
0.121815,0.101852,0.0285805;-1.57111,0.716069,-1.57069
0.120697,0.0991049,0.0292064;-1.57881,0.791641,-1.57384
0.115023,0.0816812,0.0329544;-1.4578,0.972721,-1.68066
0.11234,0.0832981,0.0306482;-1.50653,0.9139,-1.62683
0.11276,0.0867704,0.0287543;-1.56326,0.834159,-1.57959
0.112819,0.0867768,0.028625;-1.57081,0.746109,-1.56864
0.113022,0.0868342,0.0286214;-1.57053,0.7721,-1.56901
0.113776,0.0861754,0.0287724;-1.55741,0.808843,-1.58034
0.118559,0.0866135,0.0352038;-1.41382,0.828383,-1.70168
0.11624,0.0870637,0.0369072;-1.33499,0.794793,-1.74288
0.12041,0.0935965,0.0287012;-1.56294,0.743652,-1.57602
0.119468,0.0931281,0.028637;-1.57088,0.642428,-1.56797
0.119676,0.0932781,0.0286517;-1.57072,0.676963,-1.5675
0.119747,0.0919459,0.0290455;-1.5448,0.726866,-1.59104
0.121533,0.0814933,0.0343968;-1.40297,0.929513,-1.71343
0.121309,0.0785643,0.0364797;-1.29707,0.960768,-1.79661
0.123545,0.0819025,0.0289383;-1.5486,0.953938,-1.59302
0.124509,0.0828741,0.0285952;-1.57065,0.800871,-1.57001
0.123566,0.0825514,0.0286173;-1.57094,0.769744,-1.56888
0.124189,0.0825364,0.0286314;-1.57079,0.798883,-1.56844
0.124189,0.0825364,0.0286314;-1.57079,0.798883,-1.56844
0.126477,0.0826161,0.0291414;-1.56441,0.875198,-1.57628
0.126477,0.0826161,0.0291414;-1.56441,0.875198,-1.57628
