0,0,0.11;-1.57,-2.98023e-08,-1.57
0,0,0.11;-1.57,-2.98023e-08,-1.57
0,0,0.11;-1.57,-2.98023e-08,-1.57
-0.000754668,-0.00283821,0.028618;-1.57049,-0.227943,-1.56881
0.000157749,-0.00161856,0.028596;-1.57069,-0.155603,-1.57017
0.00184745,0.00344309,0.0297562;-1.57025,-0.0527892,-1.55581
0.00420224,0.0261115,0.0383593;-1.76253,0.0720548,-1.56436
0.010026,0.0251994,0.0324023;-1.58027,-0.056394,-1.62025
0.0103755,0.0196353,0.0309231;-1.57515,-0.135439,-1.60818
0.010916,0.0219293,0.0288054;-1.57086,-0.198048,-1.58124
0.0111447,0.0214263,0.0285885;-1.57074,-0.125876,-1.57145
0.0126497,0.0233099,0.0290047;-1.56866,-0.0171659,-1.56289
0.0138576,0.0309141,0.0326849;-1.58108,0.0873569,-1.54166
0.02165,0.0442447,0.038933;-1.77354,0.135956,-1.55261
0.0233843,0.0468705,0.0361062;-1.67558,0.0705621,-1.59773
0.0247987,0.0457798,0.0296762;-1.58079,0.0139332,-1.58871
0.0259276,0.0480802,0.0286401;-1.57032,-0.157913,-1.5681
0.0254465,0.0488862,0.0287742;-1.57042,-0.097818,-1.5609
0.0228329,0.0522135,0.0301603;-1.58203,0.0221442,-1.54865
0.0252396,0.0602274,0.0382542;-1.76489,0.128363,-1.5506
0.0272467,0.0629036,0.0379822;-1.76203,0.0912001,-1.55535
0.0277955,0.0586891,0.0348429;-1.65114,0.0754237,-1.59762
0.0285351,0.0587339,0.0287931;-1.57195,-0.0977798,-1.57974
0.0287166,0.0586787,0.0285969;-1.57003,-0.0837337,-1.5693
0.0291561,0.0595124,0.0288881;-1.56814,-0.0374826,-1.55845
0.0286869,0.0602335,0.0291946;-1.57669,-0.0117945,-1.55656
0.0304974,0.0588023,0.0292233;-1.59188,-0.0274805,-1.57966
0.0333826,0.0514592,0.0370815;-1.60534,-0.0715775,-1.66437
0.0314749,0.0409236,0.0378771;-1.56117,-0.13116,-1.66814
0.0290449,0.0366221,0.0377027;-1.50574,-0.182981,-1.64705
0.0272703,0.0492396,0.030722;-1.59259,-0.0525338,-1.57314
0.0262375,0.0534777,0.0323149;-1.61376,0.00792687,-1.54447
0.0281664,0.0539167,0.0322387;-1.63292,-0.0246206,-1.56569
0.031033,0.0410766,0.0403411;-1.47153,-0.0828699,-1.65577
0.0298782,0.04085,0.0417843;-1.47078,-0.165598,-1.66517
0.0257034,0.0419588,0.0427864;-1.43911,-0.246878,-1.64414
0.0196576,0.0547847,0.0334236;-1.50309,-0.338926,-1.57879
0.0204623,0.0654301,0.0307008;-1.58837,-0.231923,-1.55141
0.0208507,0.075601,0.030109;-1.58008,-0.126903,-1.55929
0.0228827,0.0693792,0.0302289;-1.56919,-0.160237,-1.6018
0.023264,0.0684919,0.0343433;-1.59428,-0.240602,-1.64383
0.021709,0.0648035,0.0341939;-1.58617,-0.318146,-1.6424
0.0225597,0.0640048,0.0362433;-1.46382,-0.314814,-1.57974
0.023718,0.0682759,0.0376876;-1.4083,-0.220851,-1.54283
0.0212168,0.0872851,0.0326744;-1.60848,-0.0789228,-1.52603
0.0185032,0.0894032,0.0285658;-1.57025,-0.0176709,-1.57188
0.0183345,0.0900889,0.0290474;-1.57361,-0.0694374,-1.5863
0.019527,0.089749,0.0313266;-1.5764,-0.126944,-1.61134
0.0178573,0.0876402,0.03165;-1.53278,-0.194941,-1.58445
0.0184584,0.0889935,0.0349415;-1.46442,-0.156419,-1.56793
0.0182705,0.0984967,0.0361858;-1.5322,-0.106147,-1.53684
0.0179513,0.112378,0.0289099;-1.57327,0.0085776,-1.58314
0.0178046,0.111682,0.0287097;-1.57039,0.0349276,-1.58041
0.0178618,0.111573,0.0287307;-1.57091,0.0235482,-1.58154
0.0179964,0.112666,0.0289699;-1.57767,-0.0955065,-1.58332
0.0156677,0.109361,0.0313946;-1.55763,-0.118051,-1.54816
0.01223,0.106568,0.0357183;-1.48061,-0.134602,-1.52189
0.0186079,0.10853,0.0292436;-1.55858,-0.0426481,-1.57203
0.0185636,0.108281,0.0287805;-1.57123,-0.0197826,-1.58461
0.0181889,0.105014,0.0287323;-1.57222,0.00262234,-1.57993
0.0178928,0.109387,0.029091;-1.56521,-0.0686761,-1.58908
0.0152774,0.111894,0.0292758;-1.55198,-0.121148,-1.56697
0.0146006,0.113219,0.0339664;-1.47127,-0.104896,-1.55907
0.019849,0.113469,0.0357938;-1.44229,-0.0930255,-1.57291
0.0194774,0.112976,0.0332531;-1.49382,-0.0967161,-1.58097
0.0188062,0.113606,0.0291324;-1.57368,-0.0937991,-1.5859
0.0184686,0.11265,0.0287474;-1.56963,-0.0868188,-1.5796
0.0184378,0.11341,0.028905;-1.56791,-0.100997,-1.58828
0.0195883,0.119156,0.0293191;-1.55595,-0.0994689,-1.56849
0.0227968,0.131551,0.0351396;-1.60312,-0.0665391,-1.51169
0.0290362,0.127698,0.0318658;-1.59886,-0.053375,-1.55924
0.0296769,0.11756,0.0328989;-1.54671,-0.0154115,-1.62224
0.0232592,0.103113,0.038249;-1.56846,0.0388573,-1.68264
0.0254418,0.109659,0.031924;-1.56668,0.0170996,-1.62376
0.0304571,0.122363,0.030036;-1.57038,0.0435752,-1.59565
0.0355032,0.15188,0.0347996;-1.62164,0.198973,-1.50144
0.0375214,0.147142,0.0345105;-1.61519,0.153547,-1.50984
0.0375664,0.134774,0.0317944;-1.52986,0.102616,-1.57033
0.0355664,0.110498,0.0353121;-1.53583,0.292125,-1.65984
0.0349944,0.105816,0.0356742;-1.54123,0.332006,-1.66707
0.0356877,0.107916,0.0324257;-1.55027,0.314018,-1.62609
0.0440781,0.111278,0.0441348;-1.40065,0.470271,-1.67256
0.054943,0.12548,0.0466974;-1.45369,0.493596,-1.63582
0.0660907,0.139529,0.0395459;-1.46022,0.491118,-1.63652
0.0701774,0.145585,0.0362113;-1.51985,0.605657,-1.6643
0.071086,0.143806,0.0343923;-1.56293,0.572061,-1.65519
0.0710676,0.143793,0.0328315;-1.57706,0.552368,-1.62602
0.0699005,0.16194,0.0395543;-1.7553,0.658127,-1.47674
0.0760243,0.167586,0.0351071;-1.71347,0.775475,-1.49594
0.0750258,0.167336,0.0294592;-1.561,0.878749,-1.59839
0.0684616,0.157562,0.0380546;-1.3734,0.945233,-1.78361
0.0697287,0.158034,0.0394228;-1.37377,0.935224,-1.80879
0.0718938,0.160906,0.0349351;-1.53401,0.917024,-1.67725
0.0758408,0.168928,0.0304329;-1.60175,0.922834,-1.54275
0.0811141,0.171192,0.0293586;-1.59436,0.95998,-1.55841
0.0840751,0.174766,0.0295654;-1.62169,0.979149,-1.53242
0.0818515,0.174579,0.0290571;-1.53813,0.948741,-1.59286
0.0836912,0.17428,0.0292539;-1.52711,0.98506,-1.59852
0.0847463,0.173284,0.029149;-1.52483,0.997339,-1.61158
0.0860793,0.172803,0.0287723;-1.55942,1.02788,-1.58417
0.089777,0.170499,0.0332645;-1.6958,0.966359,-1.46192
0.0909409,0.164734,0.0338903;-1.67816,0.951359,-1.50099
0.0859686,0.160773,0.0307325;-1.55414,0.966396,-1.62561
0.0848927,0.161334,0.0292807;-1.52459,0.985611,-1.61544
0.0846322,0.161756,0.0297596;-1.49921,1.00056,-1.63617
0.0881774,0.16105,0.0305784;-1.46913,1.06893,-1.65745
0.101232,0.166252,0.03101;-1.61247,1.13923,-1.50329
0.102744,0.165519,0.0300897;-1.63209,1.10453,-1.50542
0.101369,0.163363,0.0288071;-1.5927,1.06016,-1.55213
0.099739,0.162389,0.0286042;-1.57032,1.09972,-1.57223
0.0997678,0.161447,0.0289948;-1.52847,1.14626,-1.61148
0.101671,0.160368,0.0306666;-1.44064,1.18775,-1.6913
0.116783,0.165611,0.0383829;-1.0355,1.33864,-2.06927
0.130735,0.174368,0.0329977;-1.42334,1.33171,-1.7237
0.138941,0.177235,0.0289973;-1.58102,1.27792,-1.5743
0.134577,0.176194,0.0287771;-1.5761,1.27122,-1.57344
0.133864,0.175974,0.0285867;-1.57083,1.31935,-1.5711
0.133886,0.175853,0.0289786;-1.55173,1.32729,-1.57463
0.154352,0.181453,0.0347166;-1.48701,1.50659,-1.56934
0.170135,0.184118,0.0329178;1.92228,1.56716,1.27832
0.18439,0.186052,0.0290449;1.94872,1.51917,1.18854
0.183298,0.182558,0.0321986;0.400356,1.55508,2.6931
0.178596,0.180827,0.0325175;1.01576,1.53282,2.07552
0.177047,0.180729,0.0302009;1.05848,1.54603,2.05363
0.176089,0.183804,0.032154;0.4135,1.54155,2.76412
0.185936,0.187189,0.0351675;1.35532,1.49996,1.86679
0.206177,0.188149,0.0321918;1.62015,1.44574,1.57871
0.219474,0.18503,0.0289804;1.60234,1.47775,1.52359
0.220201,0.183773,0.0290453;1.75884,1.52197,1.36995
0.219137,0.18392,0.0288213;1.65099,1.5078,1.48446
0.218139,0.184606,0.0290999;1.57508,1.47393,1.58272
0.220187,0.183408,0.0328168;1.50848,1.44636,1.68487
0.225142,0.18204,0.0356493;1.20911,1.39912,1.98449
0.2342,0.178062,0.0321559;1.19486,1.37924,1.93018
0.239056,0.177452,0.0294369;1.58106,1.42175,1.54038
0.23901,0.177274,0.0297223;1.55602,1.4329,1.56318
0.236995,0.177602,0.0287757;1.61783,1.42719,1.52761
0.236787,0.178131,0.0298205;1.589,1.41925,1.57618
0.238562,0.177614,0.0342714;1.57546,1.40467,1.64033
0.243122,0.176464,0.0312757;1.50394,1.40521,1.68039
0.240748,0.177189,0.0285809;1.55917,1.45156,1.58097
0.240607,0.176057,0.0303504;1.70037,1.46108,1.41346
0.234336,0.176965,0.0314829;1.49861,1.41562,1.59285
0.236734,0.177531,0.0314823;1.4766,1.33304,1.6373
0.242994,0.180511,0.0310189;1.5011,1.3195,1.65372
0.253708,0.180464,0.0299005;1.50347,1.33346,1.65273
0.250965,0.182669,0.0292908;1.43476,1.39406,1.71529
0.249829,0.183781,0.0286755;1.57179,1.4582,1.57441
0.24869,0.182768,0.0307486;1.95633,1.44949,1.17402
0.251956,0.185046,0.0324449;1.95508,1.38142,1.1968
0.263868,0.18709,0.0330025;1.73363,1.24322,1.44553
0.275968,0.185207,0.0289094;1.57832,1.14952,1.57663
0.274914,0.185747,0.0290753;1.51165,1.16005,1.6246
0.274364,0.186606,0.0302107;1.45667,1.17932,1.67499
0.272961,0.184459,0.031951;1.54652,1.22181,1.54403
0.26851,0.187755,0.0326288;1.55349,1.21992,1.52385
0.268167,0.19196,0.0328807;1.55829,1.15929,1.54974
0.292845,0.181547,0.0301898;1.60557,0.918567,1.55786
0.298086,0.179056,0.0287857;1.57049,0.858763,1.58126
0.297689,0.179552,0.028759;1.56935,0.878697,1.57972
0.296147,0.18347,0.0287212;1.57147,1.00559,1.57746
0.293926,0.183452,0.029032;1.6147,1.06863,1.53282
0.289899,0.18687,0.03182;1.68741,1.04476,1.45669
0.294757,0.183015,0.0332795;1.57047,0.885232,1.54497
0.30511,0.171311,0.0301346;1.55105,0.846134,1.57171
0.311011,0.166341,0.0290907;1.55921,0.806234,1.56265
0.311802,0.167355,0.0288804;1.55121,0.870798,1.58787
0.309786,0.169492,0.0288893;1.57256,0.949312,1.58444
0.301685,0.175923,0.0305233;1.5849,1.04165,1.58884
0.294921,0.1832,0.0380048;1.84495,0.969981,1.36234
0.298224,0.182137,0.0372641;1.82468,0.906079,1.37571
0.297944,0.183814,0.0285584;1.56903,0.867376,1.57216
0.298492,0.183413,0.0285976;1.57035,0.887034,1.57033
0.298375,0.184328,0.0289528;1.5403,0.935706,1.59563
0.294266,0.188426,0.0290471;1.55012,1.0169,1.58686
0.278288,0.203717,0.0396208;1.62697,1.0293,1.5227
0.276956,0.202599,0.0372577;1.90317,0.997315,1.27639
0.27492,0.204626,0.0338915;1.69478,0.983818,1.44047
0.275812,0.204883,0.0286118;1.56788,1.03786,1.57359
0.275911,0.20497,0.0285862;1.57029,1.06024,1.5716
0.274471,0.206536,0.0289805;1.56494,1.10555,1.59066
0.274471,0.206536,0.0289805;1.56494,1.10555,1.59066
0.273486,0.208369,0.0309802;1.55475,1.12707,1.62723
0.273486,0.208369,0.0309802;1.55475,1.12707,1.62723
