0,0,0.11;-1.57,-2.98023e-08,-1.57
0,0,0.11;-1.57,-2.98023e-08,-1.57
0,0,0.11;-1.57,-2.98023e-08,-1.57
-4.42848e-05,0.0022195,0.0286771;-1.57143,-0.27798,-1.57556
0.000843313,0.00500587,0.0288956;-1.57411,-0.386347,-1.58396
0.00141846,0.00563708,0.0294357;-1.59506,-0.409205,-1.59138
0.000594578,0.000406273,0.0335809;-1.55486,-0.460861,-1.62775
-0.00419476,-0.00278628,0.0363455;-1.51736,-0.535643,-1.6177
-0.00360829,0.00263578,0.0299276;-1.60998,-0.581879,-1.5991
-0.00257732,0.00359716,0.0293572;-1.60071,-0.592173,-1.59292
-0.00234068,0.00396282,0.0290409;-1.59063,-0.595394,-1.58771
-0.00211397,0.00382962,0.0290635;-1.58476,-0.58359,-1.59021
-0.00228057,0.00397272,0.0309224;-1.59923,-0.56938,-1.60677
-0.0008483,0.00473038,0.0328699;-1.61697,-0.580494,-1.63539
-0.000417077,0.00287654,0.033462;-1.57582,-0.589614,-1.64237
-2.81984e-05,0.0026498,0.0328988;-1.57758,-0.59414,-1.63464
-0.00280305,0.00492514,0.0299355;-1.60722,-0.606342,-1.59632
-0.00302694,0.00364284,0.0304096;-1.60112,-0.587073,-1.60225
-0.00304424,0.00324765,0.0310479;-1.58427,-0.566155,-1.58888
0.000348528,0.00128214,0.0309458;-1.5687,-0.504332,-1.60128
0.00190472,0.0062701,0.0313664;-1.58241,-0.521065,-1.60863
0.00245724,0.00879914,0.0312119;-1.60171,-0.533404,-1.6136
0.00295849,0.00932882,0.0313159;-1.59282,-0.527728,-1.61499
0.00254792,0.00827992,0.0324171;-1.58877,-0.501109,-1.62423
0.00223031,0.00771498,0.0326926;-1.62643,-0.480731,-1.62223
-0.000446834,0.0105829,0.0348613;-1.68672,-0.416621,-1.61194
-0.00237918,0.0129038,0.0340847;-1.67348,-0.381437,-1.61037
-0.00490868,0.0129262,0.0287043;-1.57072,-0.343139,-1.57659
-0.00534918,0.0119683,0.0288915;-1.57421,-0.307741,-1.58363
-0.00538809,0.0107124,0.0291415;-1.58198,-0.285859,-1.59042
-0.00622306,0.0041403,0.033428;-1.59497,-0.204932,-1.62931
-0.00821386,-0.000999868,0.0348471;-1.59683,-0.158766,-1.63068
-0.00735876,-0.00661639,0.0354613;-1.56082,-0.13177,-1.63701
-0.00928587,-0.00973409,0.0297775;-1.5619,-0.1455,-1.593
-0.0101304,-0.00958471,0.0289858;-1.5716,-0.14809,-1.56896
-0.010506,-0.00905766,0.0290827;-1.58268,-0.14953,-1.5635
-0.00890614,-0.00893146,0.0296012;-1.57169,-0.156731,-1.58989
-0.00696266,-0.0076376,0.0321124;-1.58368,-0.177861,-1.62139
-0.00448867,-0.00608571,0.0353931;-1.57989,-0.190581,-1.64232
-0.0035085,-0.00666383,0.0352652;-1.52028,-0.250956,-1.63127
-0.00355018,-0.0052286,0.0315488;-1.56884,-0.280898,-1.61775
-0.00264934,-0.00321126,0.02923;-1.58146,-0.299915,-1.58844
-0.00216027,-0.00189928,0.0288646;-1.5623,-0.338387,-1.57346
-0.00208255,-0.00172635,0.0294038;-1.55993,-0.358843,-1.56718
-0.00180037,-0.0023861,0.0320022;-1.53174,-0.372472,-1.56849
0.00315151,-0.0111076,0.0347297;-1.54374,-0.448957,-1.63376
0.0030689,-0.0131566,0.0335196;-1.56947,-0.458279,-1.64242
0.00229835,-0.0133735,0.0335127;-1.60872,-0.455725,-1.63575
0.00231696,-0.0112,0.0290835;-1.59034,-0.485878,-1.58804
0.00218094,-0.0114984,0.0290195;-1.57643,-0.484731,-1.5893
0.00111269,-0.0111212,0.030996;-1.54259,-0.48422,-1.57832
0.0010453,-0.013242,0.0350177;-1.48696,-0.503279,-1.57838
0.000492314,-0.0149198,0.0360142;-1.50277,-0.488506,-1.6062
0.000404082,-0.0140496,0.0326848;-1.53073,-0.482823,-1.59486
9.47847e-05,-0.0128929,0.0295043;-1.55203,-0.470865,-1.55149
-0.000223886,-0.012097,0.0304615;-1.53503,-0.453945,-1.55903
-0.000203681,-0.0106826,0.0314866;-1.5231,-0.433294,-1.56851
0.000105937,-0.00907003,0.0350611;-1.49818,-0.41641,-1.59345
-0.00046584,-0.0110688,0.0354334;-1.49403,-0.42436,-1.59267
-0.000479893,-0.0113844,0.0330423;-1.51552,-0.431194,-1.58739
-0.00140991,-0.0118622,0.0304764;-1.53701,-0.409883,-1.56519
-0.00102897,-0.0104036,0.0316691;-1.52305,-0.381511,-1.56638
0.000225209,-0.00955634,0.0359065;-1.44391,-0.347441,-1.55284
0.00320027,-0.0100963,0.0406713;-1.36562,-0.300638,-1.54713
0.00356165,-0.0122013,0.0426455;-1.3227,-0.306933,-1.52661
0.00281054,-0.0125982,0.0413266;-1.35104,-0.308414,-1.53405
-0.00215908,-0.0169766,0.041703;-1.31752,-0.316055,-1.49782
-0.00467976,-0.0168848,0.0411983;-1.36487,-0.325361,-1.47781
-0.0093217,-0.0132933,0.0413851;-1.39514,-0.29988,-1.45309
-0.00570815,-0.0172145,0.047106;-1.40517,-0.341476,-1.48858
0.00345319,-0.0218985,0.0498264;-1.38317,-0.336648,-1.51746
0.0103966,-0.0217032,0.0498449;-1.4322,-0.337903,-1.55208
0.00657555,-0.0363731,0.0511211;-1.4659,-0.411899,-1.56466
0.00117965,-0.0316982,0.0510906;-1.49187,-0.403113,-1.53178
-0.00448253,-0.0253179,0.0510196;-1.56186,-0.384593,-1.50541
-0.00425086,-0.0098373,0.0543327;-1.64565,-0.312454,-1.53453
-0.00151406,-0.010458,0.0561968;-1.66616,-0.32718,-1.54409
0.00291255,-0.0197793,0.0587589;-1.61442,-0.344852,-1.53986
-0.00424404,-0.027904,0.055367;-1.6627,-0.414437,-1.52936
-0.00812959,-0.0200956,0.0555372;-1.72922,-0.414744,-1.52253
-0.0117817,-0.0112676,0.051442;-1.79902,-0.419736,-1.50517
-0.0128995,0.0016779,0.0497932;-1.63509,-0.272441,-1.49112
-0.00757725,0.000202831,0.0479013;-1.60788,-0.258563,-1.52558
-0.00190451,-0.00483322,0.0433405;-1.52883,-0.24965,-1.55917
0.00122784,-0.020307,0.0403432;-1.62773,-0.263049,-1.57076
0.00104124,-0.0244374,0.0400358;-1.69996,-0.247065,-1.56035
0.00138929,-0.024267,0.042428;-1.75349,-0.239914,-1.5549
-0.00734866,-0.0121124,0.0456345;-1.74201,-0.227658,-1.52539
-0.0105579,-0.00837496,0.0488074;-1.67143,-0.199464,-1.51749
-0.00962929,-0.00696752,0.0492791;-1.61261,-0.184881,-1.51146
0.00604583,-0.0258418,0.03553;-1.43747,-0.175934,-1.52492
0.00540508,-0.028409,0.0348106;-1.46154,-0.158645,-1.53466
0.00470392,-0.0287122,0.0338808;-1.50031,-0.154284,-1.52716
0.0033852,-0.0227058,0.0350321;-1.51847,-0.112647,-1.50213
0.00219471,-0.0211061,0.0367524;-1.46745,-0.114396,-1.51208
0.00135665,-0.0202841,0.0374628;-1.46274,-0.124953,-1.50356
3.7169e-05,-0.0235607,0.0374601;-1.40031,-0.149757,-1.5444
-0.00080335,-0.0226856,0.0347009;-1.44676,-0.161193,-1.54673
0.000249218,-0.0203562,0.0345875;-1.48306,-0.145594,-1.52539
0.00206459,-0.0164739,0.0350326;-1.53823,-0.122008,-1.49668
0.0032258,-0.011834,0.0368404;-1.51053,-0.0957602,-1.49253
0.00561209,-0.0132653,0.0361127;-1.52084,-0.128627,-1.50361
0.00755959,-0.0167326,0.0366182;-1.47455,-0.156,-1.51177
0.00981981,-0.0220863,0.0368118;-1.41334,-0.196501,-1.54318
0.00766461,-0.0203901,0.0362104;-1.4237,-0.190037,-1.52963
0.0064003,-0.0133468,0.0356507;-1.50318,-0.173844,-1.50709
0.00186236,-0.00186102,0.0356277;-1.55586,-0.144851,-1.4843
0.0037949,-0.00248639,0.0364845;-1.58934,-0.180416,-1.50024
0.00596269,-0.00435937,0.0358883;-1.62893,-0.202389,-1.51723
0.00844631,-0.00626079,0.0391249;-1.69588,-0.201167,-1.55159
0.00795273,-0.00312691,0.039879;-1.72927,-0.215822,-1.55884
0.00762286,-0.00305029,0.0386597;-1.70217,-0.229943,-1.54902
0.00764141,-0.00319656,0.0347861;-1.58583,-0.24199,-1.49621
0.00789148,-0.000353032,0.0356946;-1.56178,-0.240364,-1.48799
0.0082231,-0.00512725,0.0319592;-1.55515,-0.292333,-1.52315
0.0100262,-0.0062403,0.0337491;-1.63097,-0.330788,-1.55622
0.00864842,-0.00165582,0.0350231;-1.68787,-0.297027,-1.58129
0.006512,0.0030817,0.0363632;-1.72475,-0.26346,-1.60183
0.00533862,0.00621995,0.0343487;-1.66573,-0.253739,-1.5742
0.00377356,0.00709914,0.0315735;-1.5879,-0.261912,-1.53774
0.00322756,0.00824796,0.0321327;-1.57294,-0.26173,-1.51761
0.00828143,0.00583355,0.0300532;-1.55663,-0.305627,-1.56986
0.00921148,0.00680868,0.0290382;-1.58958,-0.326703,-1.58126
0.00892109,0.00718295,0.0295202;-1.60537,-0.324088,-1.58082
0.00861187,0.00662519,0.0345108;-1.68636,-0.330933,-1.59779
0.0100906,0.00571362,0.0329545;-1.67127,-0.341537,-1.60481
0.0110719,0.00583533,0.0325589;-1.66344,-0.354332,-1.60381
0.0123318,0.00497537,0.029079;-1.58886,-0.382919,-1.58299
0.0124373,0.0054282,0.0291722;-1.5853,-0.386985,-1.57998
0.012745,0.00560607,0.0285832;-1.57061,-0.392137,-1.57091
0.0126395,0.00557977,0.0287107;-1.57375,-0.383094,-1.57538
0.0124525,0.00540481,0.0290621;-1.5894,-0.372222,-1.58344
0.012269,0.00476923,0.0292465;-1.6003,-0.365789,-1.58498
0.0111291,0.00245612,0.0326253;-1.66626,-0.367211,-1.60433
0.00992818,0.00300008,0.0338212;-1.6834,-0.365933,-1.60721
0.00933246,0.0013328,0.0315673;-1.63874,-0.375045,-1.59348
0.00837167,-0.000807514,0.0287231;-1.56936,-0.369964,-1.56428
0.00836053,-0.00110191,0.0287039;-1.56538,-0.366184,-1.5679
0.00825156,-0.00116932,0.0286456;-1.57263,-0.361088,-1.57329
0.00831771,-0.00437019,0.0288812;-1.57886,-0.363872,-1.56852
0.00779552,-0.00761856,0.030324;-1.60556,-0.346377,-1.59266
0.0072966,-0.0130052,0.0326432;-1.59084,-0.309137,-1.6305
0.00440944,-0.0117097,0.0297277;-1.58464,-0.280031,-1.56364
0.00316162,-0.0129033,0.0316716;-1.54294,-0.256846,-1.53522
0.0017106,-0.0140374,0.0315744;-1.54092,-0.243725,-1.52605
0.00132261,-0.00424039,0.0305317;-1.57692,-0.129272,-1.54259
0.00142536,-0.00318554,0.0298477;-1.58286,-0.114174,-1.5535
0.00220488,-0.00446727,0.030972;-1.59397,-0.0877034,-1.57723
0.00501569,-0.00840987,0.0317674;-1.56105,-0.0365762,-1.61194
0.00598236,-0.00756787,0.0312631;-1.62621,-0.0138494,-1.58654
0.00454021,-0.00475447,0.0346906;-1.69408,0.00672685,-1.57406
-0.000639179,0.00459503,0.0387766;-1.69974,0.0784728,-1.50933
0.000907522,0.00501655,0.0384402;-1.66474,0.0632051,-1.49306
0.0026022,0.00398539,0.0316917;-1.58947,0.0537505,-1.52706
0.00462742,0.00604508,0.0304335;-1.54103,0.0590068,-1.58476
0.00626521,0.00864443,0.0301202;-1.58438,0.0432105,-1.56221
0.00881574,0.0117054,0.0328866;-1.63672,0.0230605,-1.56065
0.0109044,0.0162685,0.0371538;-1.7336,0.00153413,-1.56266
0.0108597,0.0181375,0.0384955;-1.72639,-0.00815511,-1.54177
0.0131629,0.0181442,0.0363089;-1.66909,-0.0355863,-1.52784
0.0153063,0.0166229,0.0296746;-1.56379,-0.0450575,-1.55315
0.0159659,0.0177878,0.0287363;-1.57102,-0.0348501,-1.56326
0.0161755,0.0182444,0.029039;-1.58901,-0.0350018,-1.56772
0.0170966,0.0173492,0.0307086;-1.62339,-0.0438539,-1.57477
0.0166499,0.0179223,0.0333104;-1.67466,-0.0396619,-1.57643
0.0176426,0.0181001,0.0352066;-1.70928,-0.0449581,-1.57578
0.0203927,0.019168,0.0312258;-1.61237,-0.0834713,-1.59299
0.0204431,0.0191242,0.0289905;-1.58617,-0.0873356,-1.57881
0.0204687,0.0187296,0.0291089;-1.58702,-0.0929002,-1.56285
0.0188162,0.0173159,0.0319913;-1.58214,-0.0919233,-1.51921
0.0177926,0.0172115,0.0339458;-1.60189,-0.0889405,-1.50991
0.0177094,0.0164662,0.0348673;-1.63411,-0.0961672,-1.52655
0.0211436,0.0109454,0.0318668;-1.63645,-0.133539,-1.58978
0.0211496,0.00919032,0.0330258;-1.61897,-0.135894,-1.61478
0.0196461,0.00714436,0.0309919;-1.59907,-0.140797,-1.60112
0.0164326,0.00492506,0.0289482;-1.58579,-0.116131,-1.56981
0.0147887,0.00462907,0.0289783;-1.57154,-0.0789587,-1.55686
0.0130891,0.00432095,0.0311072;-1.57088,-0.0653105,-1.52829
0.0113575,-0.00335205,0.0324546;-1.58433,-0.0844256,-1.51415
0.0120891,-0.0106391,0.0311166;-1.59418,-0.113536,-1.56623
0.011643,-0.020012,0.0320631;-1.55525,-0.136737,-1.61053
0.011643,-0.020012,0.0320631;-1.55525,-0.136737,-1.61053
0.0113608,-0.0245406,0.0311716;-1.58028,-0.144547,-1.6061
0.0113608,-0.0245406,0.0311716;-1.58028,-0.144547,-1.6061
