0,0,0.11;-1.57,-2.98023e-08,-1.57
0,0,0.11;-1.57,-2.98023e-08,-1.57
0,0,0.11;-1.57,-2.98023e-08,-1.57
-0.000587328,-0.00269115,0.0286303;-1.57092,-0.229754,-1.56823
-8.52642e-05,-0.00284467,0.0285812;-1.57084,-0.131523,-1.57092
0.00124848,0.000573049,0.0307611;-1.54334,-0.00843618,-1.57674
0.00346149,0.0133289,0.044588;-1.7012,0.156718,-1.60193
0.00317664,-0.0105769,0.036428;-1.61528,-0.0773092,-1.65327
-0.00131566,-0.0134922,0.0330051;-1.5838,-0.177769,-1.63127
-0.000662262,-0.00846306,0.0290943;-1.59137,-0.249502,-1.58094
0.000127669,-0.00885552,0.0287334;-1.56461,-0.181796,-1.57087
0.00188798,-0.00866785,0.0291741;-1.56005,-0.0346064,-1.56879
0.000366476,-0.00249066,0.031897;-1.57915,0.134914,-1.56091
0.00319474,-0.02842,0.0455941;-1.46752,0.128092,-1.61034
0.00526538,-0.0440282,0.0422388;-1.40377,0.0175531,-1.65723
0.00490839,-0.0455326,0.0374933;-1.5421,-0.0868256,-1.67706
0.00690726,-0.0355817,0.0340072;-1.59342,-0.112317,-1.63662
0.00502813,-0.0345113,0.0316938;-1.57941,-0.058478,-1.61492
0.00219285,-0.027805,0.0295639;-1.5881,0.0599466,-1.57903
0.000992202,-0.0238923,0.0372856;-1.62278,0.133162,-1.56879
0.00231654,-0.0351556,0.0436203;-1.6071,0.0317524,-1.58947
0.000420361,-0.0578999,0.0406809;-1.52684,-0.0607333,-1.6296
0.00797074,-0.0718599,0.0373503;-1.60416,-0.103968,-1.67433
0.00649417,-0.0691946,0.0375154;-1.5772,-0.0575437,-1.68319
0.00866413,-0.0524804,0.0346732;-1.61251,0.0275763,-1.62572
0.00800462,-0.0420864,0.0360044;-1.68481,0.0643201,-1.59121
0.0105584,-0.0401022,0.033325;-1.65005,-0.0095593,-1.58409
0.00642536,-0.0714208,0.0339629;-1.52206,-0.173309,-1.61138
0.00487533,-0.0769357,0.0349422;-1.54416,-0.179899,-1.63503
0.00998577,-0.0783981,0.0350499;-1.58502,-0.0857624,-1.65191
0.0142518,-0.0639287,0.0359969;-1.61981,0.0655507,-1.63301
0.0132212,-0.0498813,0.0385481;-1.73267,0.125841,-1.58162
0.0137726,-0.0523327,0.036804;-1.71523,0.106962,-1.57123
0.0152898,-0.0775708,0.0368978;-1.4429,-0.122817,-1.59828
0.00871642,-0.0845426,0.039005;-1.42001,-0.191817,-1.58749
0.00575073,-0.0795106,0.0373655;-1.426,-0.23207,-1.56417
0.0124278,-0.086644,0.0365124;-1.43362,-0.0777133,-1.57222
0.0172426,-0.0923936,0.0390257;-1.39045,0.0360254,-1.59321
0.0145912,-0.0881545,0.0385821;-1.40846,0.0214379,-1.60109
0.0143724,-0.0711524,0.0344142;-1.49874,-0.317014,-1.58018
0.0132716,-0.0759642,0.0353089;-1.48986,-0.397121,-1.59108
0.0104672,-0.0743742,0.036054;-1.48891,-0.424171,-1.59483
0.0113722,-0.0643926,0.0357857;-1.51571,-0.297964,-1.59443
0.0134786,-0.0662686,0.0388999;-1.5106,-0.146622,-1.60156
0.0139322,-0.0655902,0.043039;-1.60553,-0.0285368,-1.60224
0.0226942,-0.0574554,0.0407799;-1.74971,-0.185648,-1.57808
0.0265528,-0.0569963,0.0409817;-1.70603,-0.226846,-1.59795
0.0238814,-0.0606019,0.0445456;-1.5991,-0.301001,-1.63614
-0.00177261,-0.0595495,0.0460654;-1.3236,-0.175352,-1.58547
-0.00758569,-0.0565583,0.0427279;-1.30996,-0.0887764,-1.53811
-0.00622327,-0.0446737,0.0357148;-1.49708,-0.0224626,-1.50228
0.00471529,-0.0611001,0.0310346;-1.52743,0.0384198,-1.58086
0.00501933,-0.0660152,0.0343825;-1.49266,-0.0613272,-1.59868
0.00529829,-0.0690676,0.0356558;-1.50399,-0.178529,-1.61814
0.0058811,-0.0521223,0.031718;-1.52345,-0.220748,-1.57918
0.00473548,-0.0434984,0.0296025;-1.54544,-0.129326,-1.56274
0.00401334,-0.0369432,0.0300799;-1.54914,-0.0387325,-1.54923
0.00530529,-0.041014,0.0290072;-1.56275,0.0397202,-1.5781
0.00553443,-0.0467322,0.03131;-1.53875,0.0389286,-1.60352
0.00351879,-0.0487045,0.0345492;-1.53082,0.00708085,-1.64342
0.00527442,-0.0385978,0.0330309;-1.54335,-0.050339,-1.62324
0.00486755,-0.0266993,0.0303882;-1.56219,-0.0521882,-1.59447
0.00244285,-0.0205485,0.0298922;-1.55267,0.0169151,-1.57396
-0.00088814,-0.0200223,0.0289806;-1.5652,0.102172,-1.55766
-0.00173298,-0.0224598,0.0286579;-1.56704,0.03079,-1.57072
-0.00395075,-0.0255097,0.0293075;-1.56427,-0.0477417,-1.57962
-0.00192191,-0.0305235,0.0351298;-1.5416,-0.0191456,-1.6566
-0.00241858,-0.0318829,0.0371508;-1.49912,0.00552246,-1.64726
-0.00380141,-0.0270189,0.0331754;-1.4915,-0.00782843,-1.58452
-0.00342285,-0.0191445,0.0320963;-1.53261,0.0863556,-1.53448
-0.00456817,-0.0219883,0.0334;-1.54011,0.0353914,-1.51392
-0.0090559,-0.0291808,0.0315454;-1.53145,-0.0625607,-1.5398
-0.0126643,-0.035734,0.0296102;-1.53773,-0.147903,-1.57019
-0.00933148,-0.0384899,0.0312024;-1.51381,-0.0701144,-1.57391
-0.00570814,-0.0440055,0.0353826;-1.44166,0.0133498,-1.57696
-0.00604284,-0.0331915,0.0366703;-1.49366,0.11232,-1.5067
-0.00952065,-0.0328631,0.0358439;-1.5445,0.0411938,-1.47706
-0.0146367,-0.0367911,0.0344322;-1.53922,-0.0241678,-1.49613
-0.0205318,-0.0511264,0.0291776;-1.54998,-0.153273,-1.55415
-0.0170368,-0.0450303,0.0306549;-1.52154,-0.0598359,-1.55613
-0.0128832,-0.0385483,0.0334949;-1.4806,0.030241,-1.55096
-0.00543979,-0.0208238,0.0347214;-1.5357,0.185247,-1.50578
-0.00791897,-0.0235921,0.0371022;-1.48932,0.105906,-1.51145
-0.0115455,-0.0300662,0.036757;-1.42471,0.0157789,-1.54699
-0.0277529,-0.0308767,0.0304205;-1.53138,-0.266975,-1.54089
-0.0259407,-0.0278346,0.0315703;-1.53352,-0.230745,-1.533
-0.0195045,-0.0162206,0.0327334;-1.52031,-0.102844,-1.53359
-0.0101371,0.00196002,0.03309;-1.53345,0.169976,-1.52957
-0.00695362,-0.00469889,0.0339672;-1.52253,0.166786,-1.52761
-0.00544581,-0.0166067,0.0374089;-1.46936,0.122358,-1.52667
-0.0174554,-0.0351052,0.0364829;-1.40983,-0.0990467,-1.54993
-0.018655,-0.0317799,0.0369819;-1.40017,-0.0892629,-1.54466
-0.0175376,-0.0255646,0.0393642;-1.38942,-0.0466806,-1.52488
-0.00335628,-0.00478198,0.0368096;-1.52469,0.199092,-1.4928
-0.00230881,-0.00670367,0.0350861;-1.55886,0.197929,-1.48452
-0.000965106,-0.0131775,0.0352614;-1.54326,0.214762,-1.49465
-0.0104702,-0.0299231,0.0370391;-1.4822,0.0011386,-1.50379
-0.0195404,-0.0281378,0.039437;-1.48992,-0.0112583,-1.46941
-0.0225165,-0.0167202,0.0417771;-1.52153,0.0661541,-1.44005
-0.0237281,-0.0069293,0.042152;-1.52816,0.123524,-1.43988
-0.017758,0.00279989,0.0437746;-1.49963,0.148591,-1.44923
-0.0126932,-0.00685585,0.0383888;-1.54742,0.172163,-1.44584
-0.00836187,-0.0204682,0.03628;-1.55152,0.140879,-1.46951
-0.0184854,-0.0326594,0.0362553;-1.54654,-0.0149766,-1.46993
-0.0149108,-0.0292728,0.0388677;-1.51449,0.0332401,-1.46274
-0.00830157,-0.0218022,0.0376611;-1.50187,0.0742552,-1.49285
0.00209505,-0.00710633,0.0400965;-1.46933,0.283267,-1.50936
0.00474052,-0.0158385,0.0402319;-1.4556,0.261675,-1.52262
0.00743382,-0.0343046,0.0400794;-1.38021,0.183358,-1.57214
0.00186755,-0.0490689,0.0371287;-1.39613,0.0735998,-1.58055
0.0014671,-0.0470998,0.0359648;-1.41618,0.0828342,-1.57935
-0.00136744,-0.0438138,0.0395569;-1.34735,0.0291678,-1.57337
0.00294166,-0.0226119,0.0450981;-1.3629,0.203084,-1.52549
0.00967097,-0.0203604,0.0443029;-1.35754,0.179721,-1.52547
0.0175802,-0.0318445,0.0417764;-1.34869,0.164628,-1.56039
0.0140574,-0.0439454,0.0350194;-1.44164,0.0605347,-1.58105
0.0120223,-0.0394896,0.0292503;-1.54557,0.0261979,-1.57408
0.0121501,-0.0386685,0.0290303;-1.55044,0.034513,-1.57266
0.01791,-0.0279097,0.0296644;-1.53855,0.20077,-1.58043
0.0175333,-0.0266523,0.0314206;-1.51164,0.202988,-1.58164
0.0152437,-0.0325157,0.0340094;-1.46241,0.166078,-1.58418
0.0191236,-0.0396996,0.0331648;-1.47272,0.184761,-1.59121
0.0171017,-0.0383141,0.0292127;-1.54733,0.156649,-1.58142
0.0170127,-0.037494,0.0289177;-1.561,0.158121,-1.57871
0.0178685,-0.0362272,0.0314428;-1.50209,0.179852,-1.58853
0.019751,-0.0342798,0.0363459;-1.40627,0.24273,-1.60864
0.0203641,-0.0333275,0.0347187;-1.44234,0.230348,-1.59705
0.0197746,-0.031813,0.0393272;-1.37193,0.11895,-1.60928
0.014361,-0.025637,0.0386754;-1.4005,0.0373086,-1.60484
0.0127301,-0.0205912,0.0324201;-1.50757,0.0195356,-1.59611
0.0112122,-0.0137982,0.0293662;-1.55148,-0.00739566,-1.57635
0.0108321,-0.0115164,0.0298735;-1.56391,0.0417716,-1.58114
0.0120549,-0.0129144,0.0316463;-1.56359,0.11687,-1.60067
0.0200037,-0.0194572,0.0356325;-1.60116,0.013672,-1.63967
0.0161273,-0.0229554,0.0321051;-1.5898,-0.0875596,-1.61472
0.0145365,-0.021878,0.0291984;-1.59332,-0.130002,-1.58144
0.0157971,-0.0208344,0.0287282;-1.56354,0.0169051,-1.57075
0.0182393,-0.0150407,0.0292942;-1.57506,0.142002,-1.55724
0.0150007,-0.00431257,0.0331599;-1.63573,0.239922,-1.52511
0.0210471,-0.0201009,0.0392856;-1.68801,0.236977,-1.61156
0.0234572,-0.0386113,0.0375044;-1.60808,0.118364,-1.66115
0.017555,-0.0488934,0.0371666;-1.62649,-0.00739197,-1.65161
0.0142317,-0.0511767,0.0289912;-1.57877,0.0785287,-1.5818
0.0148989,-0.047876,0.0287704;-1.57761,0.17722,-1.5668
0.0151243,-0.0362604,0.0308725;-1.56728,0.315834,-1.5351
0.0146627,-0.0539384,0.0323534;-1.59372,0.249791,-1.53691
0.0182776,-0.0701761,0.0314001;-1.57178,0.168056,-1.60681
0.0213,-0.0782471,0.0345765;-1.58181,0.0427859,-1.64888
0.0262813,-0.0752589,0.0359794;-1.59454,0.0667767,-1.65638
0.023107,-0.0714526,0.0335068;-1.57775,0.154765,-1.62973
0.0207591,-0.0580004,0.0297265;-1.60171,0.236448,-1.56742
0.0143582,-0.0614602,0.0336137;-1.60416,0.212579,-1.5062
0.0135364,-0.0785488,0.033135;-1.51955,0.136469,-1.53937
0.013207,-0.086885,0.0301254;-1.54041,0.0319813,-1.57912
0.0154179,-0.086362,0.0322427;-1.57916,-0.012681,-1.62406
0.0188775,-0.0816815,0.0335996;-1.58221,0.0143663,-1.63509
0.0219336,-0.0722718,0.0345963;-1.58154,0.0903596,-1.63928
0.0150284,-0.0658799,0.037302;-1.74799,0.190283,-1.54362
0.016407,-0.0710916,0.0368233;-1.72685,0.121191,-1.5444
0.0176614,-0.0867581,0.0300226;-1.54068,0.00172335,-1.56776
0.0156986,-0.0932222,0.0290311;-1.57632,-0.12225,-1.58721
0.0163668,-0.093321,0.0295931;-1.57338,-0.0865461,-1.59253
0.0188253,-0.0912452,0.0304899;-1.56773,-0.0294579,-1.59794
0.021425,-0.0780838,0.0375554;-1.7119,0.101598,-1.58818
0.0222918,-0.0756181,0.0428298;-1.82522,0.0822179,-1.57927
0.0239666,-0.0709656,0.0433427;-1.8706,0.0149009,-1.57589
0.0256369,-0.0928941,0.0293759;-1.5544,-0.177409,-1.57912
0.0261947,-0.0928435,0.0287381;-1.57132,-0.147635,-1.57889
0.0268386,-0.0934518,0.0286039;-1.57013,-0.0777364,-1.5715
0.0310054,-0.0874904,0.0295758;-1.5716,0.0831508,-1.57194
0.034085,-0.0912451,0.0334057;-1.64591,0.0777721,-1.57376
0.0413606,-0.102616,0.0399687;-1.73414,0.0294101,-1.59831
0.0364539,-0.12596,0.0335545;-1.57224,-0.251778,-1.63235
0.0363407,-0.125001,0.0341475;-1.54109,-0.211497,-1.62779
0.035743,-0.115014,0.0311193;-1.57112,-0.189992,-1.6119
0.0350151,-0.112605,0.0287761;-1.57068,-0.0279031,-1.56148
0.0354613,-0.114756,0.0294983;-1.57837,-0.0315348,-1.55795
0.0405883,-0.128329,0.0306284;-1.57557,-0.0844956,-1.55098
0.0418523,-0.144294,0.0317311;-1.56697,-0.348098,-1.62019
0.0430113,-0.138299,0.0337201;-1.57177,-0.369796,-1.64232
0.0423688,-0.126264,0.0353256;-1.56639,-0.318359,-1.65046
0.0423688,-0.126264,0.0353256;-1.56639,-0.318359,-1.65046
0.0370282,-0.112632,0.0318361;-1.57779,-0.239242,-1.61983
0.0370282,-0.112632,0.0318361;-1.57779,-0.239242,-1.61983
