0,0,0.11;-1.57,-2.98023e-08,-1.57
0,0,0.11;-1.57,-2.98023e-08,-1.57
0,0,0.11;-1.57,-2.98023e-08,-1.57
-0.000592019,-0.000413826,0.0286055;-1.5709,-0.261328,-1.56951
0.000409594,0.00088586,0.0286624;-1.57044,-0.150671,-1.56729
0.00141196,0.00634398,0.0300927;-1.56141,-0.0291393,-1.55286
-0.0012443,-0.000669966,0.0348592;-1.49214,0.145518,-1.56491
-0.000381796,-0.00210838,0.0289755;-1.57448,-0.0961313,-1.58646
0.00211267,0.00290084,0.0289016;-1.5845,-0.274589,-1.57694
0.00455253,0.00448081,0.0286611;-1.57501,-0.399333,-1.57244
0.00529586,0.0060878,0.0286548;-1.56822,-0.302229,-1.56893
0.00728117,0.0121383,0.0301967;-1.54653,-0.172225,-1.5571
0.00414062,0.013979,0.0354996;-1.52812,0.0196238,-1.53201
0.00388852,0.00322059,0.0310379;-1.53591,-0.0118178,-1.55726
0.00270772,-9.66035e-05,0.028677;-1.57051,-0.09701,-1.56609
0.00259598,-0.0011755,0.0286154;-1.57089,-0.18431,-1.56932
0.00246499,-0.000304617,0.0288339;-1.57155,-0.17691,-1.58274
0.00272398,0.00142675,0.0294177;-1.5728,-0.102567,-1.58436
0.00282644,0.0159716,0.0367409;-1.64008,0.0493865,-1.56821
-0.00320728,0.00435427,0.0373614;-1.54489,0.159365,-1.54211
-0.00374938,-0.00871876,0.0316761;-1.51953,0.0433408,-1.56327
-0.00529285,-0.0109591,0.0285954;-1.57089,-0.0764762,-1.57005
-0.00550483,-0.0109953,0.0285925;-1.57071,-0.116009,-1.57017
-0.00452085,-0.0107393,0.0286116;-1.56902,-0.0298039,-1.57083
-0.00209786,-0.00622972,0.0305542;-1.5352,0.079447,-1.56671
-0.000476241,-0.00151373,0.0350217;-1.47402,0.161176,-1.56165
0.000631793,-0.00530756,0.029551;-1.55448,0.0764709,-1.57143
0.00359669,0.00100675,0.0286721;-1.57339,-0.244641,-1.5734
0.00407176,0.00158299,0.0285839;-1.57059,-0.255387,-1.57054
0.00442721,0.00189851,0.0285793;-1.57084,-0.175378,-1.57072
0.00321153,0.0101437,0.0313497;-1.5809,0.178937,-1.54324
-6.4567e-05,0.0035796,0.0368194;-1.50475,0.270076,-1.54701
-0.00115289,-0.00984169,0.0379391;-1.4354,0.202124,-1.56121
-0.00386535,-0.0136356,0.0285795;-1.57079,-0.0761799,-1.57093
-0.00410234,-0.0141935,0.0286061;-1.57076,-0.13559,-1.56951
-0.00370207,-0.0137422,0.0286231;-1.56918,-0.114915,-1.56994
-0.00296228,-0.00933736,0.0298775;-1.571,0.17631,-1.55197
-0.00781148,-0.00715119,0.033295;-1.60382,0.365133,-1.52672
-0.0131131,-0.0166495,0.0364067;-1.60839,0.444972,-1.52812
-0.0183868,-0.0342711,0.0286555;-1.5704,0.242074,-1.56698
-0.0192212,-0.0356282,0.0286441;-1.56885,0.138098,-1.56933
-0.0196077,-0.0360341,0.0285834;-1.57091,0.0882147,-1.57043
-0.0164915,-0.0339968,0.0287389;-1.56979,0.290372,-1.56461
-0.0139416,-0.0272458,0.0316226;-1.60102,0.468398,-1.54127
-0.0166264,-0.0251162,0.0391463;-1.73164,0.628389,-1.49025
-0.0162653,-0.0318761,0.0293992;-1.58277,0.523195,-1.58063
-0.0157917,-0.0303466,0.0286129;-1.57256,0.396985,-1.57284
-0.0131767,-0.0300354,0.0285863;-1.57093,0.258412,-1.57035
-0.0109615,-0.0283918,0.0287431;-1.56401,0.350864,-1.57045
-0.00578845,-0.0205708,0.0300755;-1.56474,0.436966,-1.55394
-0.00448514,-0.0102606,0.0346506;-1.62231,0.603473,-1.5076
-0.00894667,-0.0231895,0.028872;-1.57153,0.512093,-1.55613
-0.0110083,-0.0243981,0.0285779;-1.57076,0.43733,-1.57088
-0.00977648,-0.024339,0.0287049;-1.57707,0.352487,-1.57082
-0.00899058,-0.0239093,0.0290982;-1.57492,0.374273,-1.58777
-0.00344207,-0.0150322,0.0311014;-1.53582,0.499196,-1.59157
0.00241749,-0.00103147,0.0371131;-1.58348,0.639434,-1.55107
-0.00698662,-0.0209603,0.0310214;-1.53634,0.521409,-1.56772
-0.0105109,-0.0236606,0.0287939;-1.57153,0.408206,-1.56003
-0.0115702,-0.0253812,0.0286253;-1.57099,0.29841,-1.5685
-0.0103983,-0.0245041,0.0285789;-1.57092,0.365243,-1.57073
-0.00895545,-0.024546,0.0289108;-1.56133,0.526325,-1.57102
-0.00878927,-0.0196634,0.033812;-1.67462,0.715867,-1.507
-0.0185356,-0.0306447,0.0384812;-1.74482,0.780124,-1.46626
-0.0278995,-0.0447368,0.0309808;-1.50413,0.675478,-1.61326
-0.0276891,-0.0432779,0.0284692;-1.57348,0.505732,-1.57243
-0.0264736,-0.0427215,0.0285775;-1.57066,0.377556,-1.57083
-0.0258781,-0.0440078,0.0285713;-1.57051,0.507434,-1.57139
-0.0221189,-0.039446,0.0298519;-1.5682,0.649659,-1.55625
-0.0321924,-0.0384779,0.0371967;-1.68289,0.912966,-1.46607
-0.0397856,-0.0502111,0.0342049;-1.44853,0.851051,-1.63459
-0.0441847,-0.0536978,0.0285622;-1.56998,0.755462,-1.57247
-0.0359387,-0.0499444,0.0291904;-1.59848,0.453246,-1.56362
-0.0365489,-0.0502245,0.0287834;-1.56978,0.487421,-1.58154
-0.0364718,-0.0497025,0.0287065;-1.57053,0.555738,-1.57724
-0.0286527,-0.032557,0.0364723;-1.73155,0.895244,-1.42917
-0.0308895,-0.0351768,0.0353388;-1.7809,0.894998,-1.41752
-0.0382843,-0.046286,0.0287426;-1.57138,0.835251,-1.56238
-0.0415189,-0.0496318,0.0286196;-1.57212,0.659068,-1.56881
-0.0409858,-0.0493562,0.0285801;-1.5713,0.675653,-1.57017
-0.0383931,-0.0485957,0.0285791;-1.56924,0.733578,-1.57146
-0.0201374,-0.0286117,0.039857;-1.93301,0.949186,-1.28569
-0.0212107,-0.0250064,0.0386473;-1.91487,0.979993,-1.29428
-0.0344602,-0.0326976,0.0315158;-1.67853,1.00447,-1.48213
-0.041527,-0.0365284,0.0285787;-1.57228,0.837733,-1.56881
-0.0411832,-0.0363606,0.0285789;-1.5705,0.857263,-1.57121
-0.0410515,-0.0380713,0.0286733;-1.56918,0.954583,-1.57581
-0.0282633,-0.0337578,0.0398546;-1.23287,1.16727,-1.84744
-0.0267912,-0.0318534,0.0391788;-1.26789,1.11347,-1.79745
-0.0313617,-0.0349832,0.033378;-1.48267,1.06242,-1.60656
-0.0370979,-0.0350775,0.028737;-1.57121,0.890894,-1.56272
-0.0368475,-0.0348956,0.0285726;-1.57074,0.906404,-1.5711
-0.0359602,-0.0346555,0.0285702;-1.56978,0.909723,-1.57133
-0.0233971,-0.0274888,0.0323772;-1.63975,1.21149,-1.47896
-0.0256709,-0.0249749,0.0339019;-1.74315,1.21223,-1.38111
-0.0387073,-0.0295908,0.0330004;-1.51695,1.24163,-1.58093
-0.0536327,-0.0337957,0.0287111;-1.56998,1.03532,-1.56445
-0.0544057,-0.0350498,0.0285767;-1.57113,0.925956,-1.5705
-0.0529942,-0.0352312,0.0285865;-1.56993,0.99123,-1.57077
-0.0480475,-0.0334602,0.0292709;-1.57511,1.13009,-1.55495
-0.0387144,-0.019922,0.0397985;-2.59836,1.3244,-0.571292
-0.0529024,-0.0176687,0.0382061;-2.79776,1.38109,-0.35554
-0.0787906,-0.0225978,0.0295402;-1.43415,1.5033,-1.68416
-0.0875655,-0.0252311,0.0286535;-1.57143,1.26367,-1.56665
-0.0872896,-0.0256385,0.0286774;-1.57151,1.24662,-1.56523
-0.08266,-0.0264733,0.0292597;-1.47903,1.30808,-1.65505
-0.0638145,-0.0197733,0.0358717;2.51935,1.49774,0.663585
-0.0751492,-0.0144065,0.0387063;1.8605,1.49523,1.32013
-0.100565,-0.0148996,0.0329299;0.97746,1.46062,2.19114
-0.104794,-0.0171318,0.0291968;-1.83606,1.48222,-1.31317
-0.101035,-0.0185749,0.0290782;-1.68364,1.40855,-1.46545
-0.0978851,-0.0190762,0.0286949;-1.56651,1.35548,-1.58073
-0.066154,-0.0162566,0.0365506;-1.15176,1.51477,-1.9528
-0.058699,-0.013332,0.0352928;-2.42306,1.47703,-0.679786
-0.0741481,-0.0111716,0.0318695;-1.41232,1.49637,-1.68713
-0.0833563,-0.0106717,0.0287054;-1.57116,1.37191,-1.56441
-0.08378,-0.0107306,0.0285801;-1.57159,1.35085,-1.56998
-0.0829416,-0.0106228,0.028837;-1.56985,1.34889,-1.5841
-0.0576706,-0.0106462,0.0377395;3.11234,1.47495,0.0097237
-0.0466902,-0.00778722,0.0402531;-3.13331,1.35946,-0.0289194
-0.0529649,-0.00710682,0.0374972;-2.90586,1.4159,-0.230033
-0.0756389,-0.00689377,0.028761;-1.59014,1.39719,-1.54628
-0.0774563,-0.00925674,0.02858;-1.57202,1.27177,-1.56982
-0.0769501,-0.00931808,0.0285786;-1.57107,1.28089,-1.57036
-0.0641676,-0.0110279,0.0306579;-1.55245,1.509,-1.56942
-0.0567973,-0.00675035,0.0355073;2.38791,1.4343,0.768052
-0.0619705,-0.00361141,0.0384606;2.55295,1.34765,0.588266
-0.0968647,-0.0045037,0.0286965;-1.62505,1.53647,-1.52408
-0.0912821,-0.00656025,0.0291531;-1.6629,1.3693,-1.48968
-0.088085,-0.00765937,0.028944;-1.61735,1.28618,-1.53073
-0.0813551,-0.00896071,0.0295751;-1.49356,1.2686,-1.63673
-0.0669244,-0.00569633,0.0327078;-1.70084,1.43596,-1.40149
-0.0663803,-0.000668636,0.0358973;-2.66411,1.50404,-0.441665
-0.103361,0.000972412,0.0297366;1.43585,1.54258,1.73022
-0.106288,0.00101371,0.0287547;-1.58341,1.52779,-1.55023
-0.108176,-0.000861888,0.0285925;-1.57314,1.39635,-1.56905
-0.0943984,-0.00397206,0.029193;-1.57964,1.25202,-1.57712
-0.0732797,-0.00354001,0.0338003;-1.9599,1.33674,-1.18724
-0.0639296,0.00452153,0.0387185;-2.80258,1.38161,-0.347173
-0.0883063,0.0144178,0.0296442;-0.303028,1.55629,-2.8111
-0.0956246,0.0141065,0.0288457;-1.57049,1.52186,-1.55795
-0.0980455,0.013644,0.0286813;-1.57519,1.4147,-1.56175
-0.0968355,0.0132029,0.0287687;-1.52468,1.38158,-1.61642
-0.0858944,0.0144997,0.0335808;-1.08341,1.38045,-2.0463
-0.0585011,0.0179106,0.0383113;-1.24749,1.45672,-1.86965
-0.0603016,0.0227472,0.0307173;-1.45459,1.39913,-1.65493
-0.0659875,0.0235084,0.0288387;-1.5641,1.34791,-1.56225
-0.0667832,0.0232083,0.0287015;-1.57149,1.28854,-1.56444
-0.0664529,0.022302,0.0285962;-1.56708,1.30732,-1.57475
-0.0626885,0.0192239,0.0313628;-1.19608,1.42933,-1.93585
-0.0540738,0.0197962,0.037962;-0.107739,1.45406,-3.00186
-0.0606586,0.023472,0.0376394;-0.747215,1.39326,-2.34888
-0.0666838,0.0281731,0.032216;-1.32884,1.3059,-1.77988
-0.0734676,0.0322156,0.0296331;-1.50811,1.18004,-1.61197
-0.0741997,0.0314254,0.0292208;-1.49588,1.18271,-1.63711
-0.0689424,0.030018,0.031805;-1.36352,1.24136,-1.75999
-0.0603966,0.0319946,0.0383609;-0.991464,1.33707,-2.1154
-0.072425,0.0390118,0.0406677;-0.449626,1.39349,-2.64069
-0.0833486,0.0420504,0.0367357;-0.793003,1.34363,-2.3198
-0.0881594,0.0444754,0.0338413;-1.1658,1.28316,-1.95098
-0.0975911,0.0476574,0.0292458;-1.50657,1.12364,-1.6239
-0.0970954,0.047035,0.0292717;-1.49995,1.11366,-1.63171
-0.089196,0.0440809,0.0316705;-1.42545,1.17358,-1.6971
-0.0765297,0.049227,0.0425758;-1.5496,1.41741,-1.54055
-0.0915479,0.060373,0.0360634;-0.946165,1.39427,-2.14998
-0.105605,0.0663231,0.0347895;-0.998686,1.32835,-2.12195
-0.110691,0.0705553,0.0288819;-1.55417,1.16415,-1.57811
-0.11096,0.0705081,0.028905;-1.53249,1.14348,-1.60559
-0.10688,0.0690941,0.0300414;-1.48024,1.15374,-1.65264
-0.0736532,0.0645976,0.0388839;-1.46753,1.30041,-1.60624
-0.0698459,0.0666132,0.0360544;-1.41989,1.31339,-1.65642
-0.0843591,0.0752481,0.0353996;-1.04324,1.28203,-2.0782
-0.0825096,0.0737177,0.0291561;-1.51145,1.31291,-1.61544
-0.0799958,0.0724609,0.0288817;-1.52508,1.36381,-1.61036
-0.0782034,0.0711395,0.0291265;-1.42662,1.39633,-1.71462
-0.0319204,0.0725041,0.0374856;-1.12353,1.49281,-1.97629
-0.0170778,0.0699067,0.0338327;-1.77546,1.4058,-1.30753
-0.0264004,0.0718857,0.0320767;-1.557,1.35981,-1.53189
-0.0304951,0.0687724,0.0289748;-1.54465,1.35627,-1.58301
-0.0306423,0.0687464,0.0287112;-1.57138,1.33851,-1.56384
-0.0285424,0.0676136,0.0287965;-1.49995,1.4234,-1.64068
-0.0285424,0.0676136,0.0287965;-1.49995,1.4234,-1.64068
-0.0212813,0.0655762,0.030665;-0.0482985,1.53859,-3.08249
-0.0212813,0.0655762,0.030665;-0.0482985,1.53859,-3.08249
