0,0,0.11;-1.57,-2.98023e-08,-1.57
0,0,0.11;-1.57,-2.98023e-08,-1.57
0,0,0.11;-1.57,-2.98023e-08,-1.57
-0.000664938,-0.0023387,0.0286011;-1.57063,-0.227477,-1.56967
0.000305957,-0.000193772,0.0286818;-1.57041,-0.12877,-1.56616
0.00135185,0.00634588,0.0296151;-1.56735,-0.00165793,-1.55712
-0.0011916,0.00778193,0.0359387;-1.50249,0.193654,-1.55462
-0.00563606,-0.0110776,0.0343917;-1.45367,0.0335443,-1.57486
-0.00794283,-0.00732867,0.0285919;-1.57034,-0.122748,-1.56998
-0.00821688,-0.0086558,0.0286531;-1.57084,-0.219071,-1.56732
-0.00880003,-0.0117252,0.0288549;-1.57055,-0.0785027,-1.58405
-0.00574605,-0.0103675,0.0301214;-1.57138,-0.00642355,-1.59684
0.00173598,0.00454439,0.0322955;-1.62962,0.114474,-1.58388
-0.000935695,0.01464,0.0374104;-1.74165,0.120868,-1.54907
0.00154986,0.0085716,0.0375076;-1.72282,0.0429717,-1.58434
0.00249306,-0.00592069,0.0324928;-1.57102,-0.0280619,-1.62354
0.00283951,-0.0148816,0.0333662;-1.56614,-0.057207,-1.64119
0.00230555,-0.0155018,0.0329214;-1.59772,-0.0232078,-1.62195
0.00303413,-0.0195933,0.0327249;-1.56482,0.0581579,-1.62717
0.00520179,-0.00102904,0.0332292;-1.66394,0.103768,-1.56933
0.00367921,0.000965293,0.0333695;-1.66664,0.0920685,-1.56059
-0.000293178,-0.0065144,0.0316325;-1.54732,0.0137918,-1.53414
-0.00607615,-0.0268325,0.0288454;-1.5586,-0.196989,-1.569
-0.00316301,-0.0299399,0.0295765;-1.56194,-0.103686,-1.59371
0.00256224,-0.0373043,0.0331276;-1.54108,0.00964683,-1.62908
0.00324056,-0.0386502,0.0326878;-1.5383,0.0336539,-1.6142
0.000615922,-0.031843,0.0293165;-1.55954,-0.0349713,-1.57443
-0.00490599,-0.0389152,0.0300409;-1.54043,-0.244487,-1.5458
-0.00876601,-0.0489966,0.0332841;-1.48102,-0.339015,-1.52387
-0.00559537,-0.0494986,0.032835;-1.47745,-0.305677,-1.53771
0.00128355,-0.0297367,0.0325674;-1.62906,-0.0775103,-1.56269
-0.00249846,-0.0234852,0.0364074;-1.71119,-0.0108397,-1.56958
-0.00386222,-0.022831,0.0376328;-1.75028,-0.0275881,-1.57764
-0.0133218,-0.0341432,0.031571;-1.58163,-0.182926,-1.5454
-0.0184104,-0.0466026,0.0341374;-1.49948,-0.332228,-1.51905
-0.0178136,-0.0537994,0.0369003;-1.4347,-0.314134,-1.51611
-0.00271479,-0.0438722,0.0488994;-1.57492,-0.173198,-1.58887
0.00581512,-0.0255867,0.0430412;-1.75702,-0.0866309,-1.62202
0.00591809,-0.0160175,0.0425116;-1.85649,-0.0881752,-1.60515
0.00124743,-0.021389,0.0384231;-1.73492,-0.179991,-1.58486
-0.00412663,-0.033218,0.0338776;-1.62743,-0.239066,-1.56237
-0.00979807,-0.0515879,0.0345397;-1.46754,-0.306094,-1.52561
-0.0067783,-0.0599002,0.0410664;-1.44365,-0.223273,-1.52425
0.00164644,-0.0611019,0.0453851;-1.47827,-0.154472,-1.55111
0.00980898,-0.0618406,0.0482728;-1.56144,-0.0748111,-1.6023
0.0119723,-0.0524514,0.0437404;-1.49129,-0.151223,-1.57158
0.0140686,-0.0527807,0.0429294;-1.38058,-0.259136,-1.53543
0.0123656,-0.0610409,0.0440081;-1.34343,-0.38489,-1.53217
0.00795374,-0.0587732,0.0451614;-1.29838,-0.386278,-1.49514
0.0109122,-0.0539153,0.0488226;-1.40298,-0.325004,-1.53236
0.00623188,-0.0437782,0.052706;-1.45542,-0.253819,-1.52016
-0.00418474,-0.0293555,0.0348514;-1.67602,-0.149113,-1.57752
-0.00775853,-0.0453102,0.0305564;-1.56035,-0.185563,-1.5493
-0.0126102,-0.0624098,0.0343842;-1.47157,-0.292732,-1.52914
-0.00712201,-0.0769782,0.0350623;-1.46735,-0.295642,-1.5358
-0.00530456,-0.0738274,0.0402087;-1.54572,-0.19441,-1.53482
-0.00501928,-0.062062,0.0422495;-1.6498,-0.0758037,-1.53194
-0.00783326,-0.0445324,0.0385142;-1.68247,-0.138265,-1.53215
-0.00164379,-0.0498602,0.0323812;-1.58079,-0.248829,-1.52789
0.000140692,-0.060757,0.0292447;-1.54622,-0.390388,-1.5519
0.000577538,-0.0612736,0.0286928;-1.57071,-0.339671,-1.57614
0.000251681,-0.0576047,0.0294798;-1.55924,-0.235787,-1.57185
-0.00333687,-0.047753,0.0332175;-1.63366,-0.130329,-1.56447
-0.0135267,-0.0403495,0.0397982;-1.77654,0.00406076,-1.5549
-0.0114061,-0.0503462,0.0406384;-1.61758,-0.054086,-1.53408
-0.0072135,-0.0778491,0.0392941;-1.40187,-0.20335,-1.50759
-0.00519018,-0.0895443,0.0360486;-1.41565,-0.312434,-1.52654
0.000837108,-0.0924088,0.0350615;-1.45741,-0.216653,-1.56872
0.0099983,-0.0978873,0.0356537;-1.4832,-0.0614501,-1.61875
0.0205586,-0.117239,0.0393567;-1.38845,0.027143,-1.56046
0.0181865,-0.125702,0.0405476;-1.37507,-0.028294,-1.5357
0.0114641,-0.127988,0.0390257;-1.39813,-0.129026,-1.51571
-0.000861022,-0.132521,0.0366015;-1.44579,-0.340936,-1.48736
0.000690052,-0.131115,0.0388102;-1.39883,-0.293053,-1.48678
0.00284908,-0.12216,0.0390586;-1.50044,-0.156829,-1.48756
0.016108,-0.116196,0.0402491;-1.44217,0.00699314,-1.50512
0.0114625,-0.116302,0.0403886;-1.53557,-0.082348,-1.50548
0.00556082,-0.119774,0.0379468;-1.54305,-0.150917,-1.49764
0.000562297,-0.134466,0.0339814;-1.53751,-0.324902,-1.49243
0.00289469,-0.139014,0.0316857;-1.53469,-0.319061,-1.53309
0.00769398,-0.135589,0.0304484;-1.52692,-0.227599,-1.55947
0.0179614,-0.132037,0.0309685;-1.54309,0.0534798,-1.57077
0.0141957,-0.135427,0.0309263;-1.55497,-0.0242437,-1.55527
0.0100055,-0.1392,0.0304499;-1.55691,-0.128874,-1.54888
0.00232806,-0.136396,0.0303087;-1.55949,-0.220323,-1.54209
0.00398678,-0.139528,0.033797;-1.54677,-0.211874,-1.50645
0.00813055,-0.136871,0.0337807;-1.55054,-0.140795,-1.50837
0.0192147,-0.153308,0.0317995;-1.55571,0.0864825,-1.55369
0.0186316,-0.167159,0.0322059;-1.5083,0.0741601,-1.5783
0.01567,-0.170072,0.0334075;-1.48414,0.0243942,-1.58378
0.00575926,-0.156743,0.0310772;-1.51943,-0.204227,-1.57463
0.00787033,-0.160703,0.0309086;-1.54064,-0.149013,-1.59082
0.0122051,-0.165398,0.030195;-1.54971,-0.0688206,-1.59431
0.0160126,-0.166526,0.0341811;-1.52351,0.000383466,-1.63503
0.0173542,-0.168829,0.0359322;-1.51663,0.041373,-1.65344
0.0200424,-0.17131,0.0369133;-1.49339,0.0777408,-1.65484
0.0189948,-0.168326,0.0368962;-1.4702,-0.0110516,-1.63348
0.017826,-0.164509,0.0370002;-1.48643,-0.0471908,-1.63448
0.0192661,-0.168229,0.0381893;-1.49459,0.00254336,-1.66489
0.0229416,-0.173815,0.037895;-1.50791,0.0846925,-1.66868
0.0274948,-0.177392,0.0395938;-1.43549,0.194472,-1.66171
0.0265697,-0.175466,0.0388139;-1.47184,0.161376,-1.67338
0.0243775,-0.16908,0.0351972;-1.52521,0.0951094,-1.64987
0.0251831,-0.157757,0.0355358;-1.53814,0.0223594,-1.65522
0.0267942,-0.160036,0.0362047;-1.52191,0.073995,-1.6591
0.0301051,-0.164415,0.0368561;-1.49295,0.143583,-1.65997
0.0317046,-0.173195,0.0378355;-1.50405,0.260547,-1.67407
0.0257304,-0.180568,0.0367229;-1.52137,0.170761,-1.66864
0.0206155,-0.182411,0.0358233;-1.5337,0.0669241,-1.66033
0.0197868,-0.186021,0.0330195;-1.56703,0.00691676,-1.63313
0.02126,-0.187918,0.0351758;-1.55041,0.0368115,-1.65666
0.023495,-0.190219,0.0367796;-1.54133,0.106253,-1.66971
0.0288603,-0.185744,0.0469033;-1.47217,0.256475,-1.67117
0.0222491,-0.183198,0.0533826;-1.50107,0.249716,-1.63013
0.0124218,-0.188018,0.0512336;-1.49526,0.163299,-1.61697
0.00206345,-0.191807,0.0370744;-1.48803,0.053432,-1.63389
0.00376184,-0.195376,0.0395172;-1.55054,0.0367612,-1.62425
0.00435124,-0.198063,0.0386105;-1.56605,0.0514782,-1.63194
0.0223284,-0.198825,0.0483616;-1.59485,0.270592,-1.63333
0.029473,-0.188836,0.0504785;-1.61463,0.344016,-1.62637
0.0334415,-0.183844,0.047539;-1.64195,0.284133,-1.63757
0.0304357,-0.199458,0.0381669;-1.48262,0.22573,-1.67431
0.0303469,-0.201933,0.0390718;-1.46439,0.237684,-1.67308
0.0298505,-0.20312,0.0373808;-1.4913,0.261945,-1.66509
0.0253135,-0.208617,0.0396708;-1.52424,0.321459,-1.64667
0.0211715,-0.213806,0.0457713;-1.53318,0.324324,-1.61633
0.0194058,-0.21739,0.0478434;-1.54448,0.336404,-1.5995
0.0196101,-0.189627,0.0426328;-1.51693,0.23605,-1.60186
0.0202366,-0.182449,0.0412337;-1.50559,0.297378,-1.61342
0.0194688,-0.185338,0.0414732;-1.48441,0.328779,-1.63741
0.0137109,-0.197461,0.0466686;-1.55119,0.363173,-1.61337
0.00768463,-0.200207,0.0505474;-1.5724,0.293526,-1.61135
0.00770955,-0.207297,0.0509732;-1.57073,0.267867,-1.62244
-0.00297302,-0.211041,0.0468939;-1.54087,0.195082,-1.61226
-0.00790253,-0.21035,0.0361921;-1.5187,0.186732,-1.65892
-0.00937234,-0.208162,0.039813;-1.47478,0.192901,-1.67625
-0.00882248,-0.210037,0.0406943;-1.46507,0.247539,-1.69152
-0.00364487,-0.21442,0.0448942;-1.49952,0.244905,-1.67087
0.00377655,-0.223226,0.0513778;-1.551,0.246625,-1.64999
0.00372507,-0.222322,0.0451146;-1.55853,0.15958,-1.62067
0.000487078,-0.215261,0.0342078;-1.5307,0.0622171,-1.62202
-0.00243745,-0.216043,0.0321712;-1.55425,0.0488722,-1.60555
-0.00492465,-0.224455,0.03567;-1.50085,0.258774,-1.64638
-0.0013378,-0.228763,0.0380735;-1.50382,0.310235,-1.65999
0.00286055,-0.232499,0.0447013;-1.52951,0.330772,-1.64755
-0.00703285,-0.225002,0.0439079;-1.512,0.266202,-1.58036
-0.0102373,-0.218949,0.0371231;-1.47326,0.212852,-1.60626
-0.0113848,-0.216457,0.0333264;-1.491,0.168268,-1.60068
-0.012472,-0.231563,0.033719;-1.54116,0.220878,-1.63564
-0.00986206,-0.236034,0.0354196;-1.57763,0.199872,-1.6598
-0.00740998,-0.237899,0.0378512;-1.60788,0.180478,-1.6675
-0.00226877,-0.23512,0.0390378;-1.63821,0.100263,-1.66486
0.00391268,-0.235554,0.0390919;-1.63843,0.0619953,-1.66255
0.00838912,-0.242781,0.038815;-1.59448,0.0829025,-1.68414
0.00746925,-0.25812,0.0381926;-1.54148,0.178333,-1.69673
0.00699024,-0.25584,0.0378338;-1.52708,0.190691,-1.68532
0.00947023,-0.246112,0.03651;-1.52197,0.233745,-1.67411
0.0200232,-0.206254,0.0322178;-1.59703,0.364802,-1.59693
0.0215642,-0.190675,0.0290457;-1.592,0.378606,-1.56574
0.021703,-0.189907,0.0285807;-1.57043,0.339946,-1.57036
0.0197505,-0.193445,0.0293774;-1.5633,0.315227,-1.58926
0.0212823,-0.207014,0.0323449;-1.53387,0.462343,-1.63242
0.0245037,-0.220446,0.0345458;-1.46103,0.608757,-1.66605
0.0236763,-0.228611,0.0398182;-1.29588,0.681976,-1.73952
0.0228225,-0.231105,0.0401684;-1.29376,0.636705,-1.73896
0.0200814,-0.229815,0.0404523;-1.29147,0.591693,-1.73668
0.0173192,-0.221287,0.0325004;-1.48507,0.51303,-1.62592
0.0179739,-0.221852,0.0294506;-1.54421,0.541977,-1.59698
0.0182419,-0.223538,0.0291852;-1.55519,0.593496,-1.59554
0.0154406,-0.236057,0.0315833;-1.55064,0.747568,-1.61088
0.0114584,-0.23963,0.0311239;-1.53604,0.74453,-1.61637
0.00721848,-0.237473,0.0302227;-1.53547,0.683258,-1.61205
0.00711636,-0.230794,0.028639;-1.57091,0.504044,-1.56792
0.00646158,-0.231188,0.0285799;-1.57072,0.47187,-1.57095
0.00553817,-0.231989,0.0286452;-1.57089,0.511271,-1.57377
0.0107305,-0.239752,0.0298756;-1.55971,0.798106,-1.58019
0.00763396,-0.241458,0.0298947;-1.55863,0.778084,-1.5723
0.000596937,-0.242875,0.0293238;-1.54983,0.654635,-1.58216
-0.000434908,-0.239099,0.0290426;-1.5511,0.545377,-1.58668
-0.000423417,-0.239304,0.029222;-1.53999,0.556399,-1.59182
-0.00223324,-0.238488,0.0293127;-1.53513,0.543784,-1.59356
-0.00223324,-0.238488,0.0293127;-1.53513,0.543784,-1.59356
-0.00243586,-0.23884,0.029048;-1.55338,0.544141,-1.58762
-0.00243586,-0.23884,0.029048;-1.55338,0.544141,-1.58762
