0,0,0.11;-1.57,-2.98023e-08,-1.57
0,0,0.11;-1.57,-2.98023e-08,-1.57
0,0,0.11;-1.57,-2.98023e-08,-1.57
-0.000592019,-0.000413826,0.0286055;-1.5709,-0.261328,-1.56951
0.000516189,0.00167317,0.0286183;-1.57066,-0.148166,-1.56899
0.00110432,0.0060431,0.0297709;-1.57087,-0.0240731,-1.55555
-0.000914077,0.0100482,0.038211;-1.71353,0.150804,-1.55165
0.00564982,-0.000959739,0.0302723;-1.60317,-0.0367592,-1.58315
0.00500611,-0.00437205,0.0290831;-1.57201,-0.096399,-1.58618
0.00432016,-0.00405736,0.0290186;-1.57063,-0.125265,-1.58197
0.0038151,-0.00425485,0.0286105;-1.57085,-0.0964544,-1.57224
0.00581721,-0.00515519,0.0290878;-1.54765,0.00889647,-1.57237
0.00996308,-0.00115965,0.0325151;-1.51052,0.162307,-1.5683
0.00999806,0.00433522,0.034287;-1.56432,0.101862,-1.53974
0.0111798,0.00128866,0.0303719;-1.60047,-0.00129566,-1.55286
0.011636,-0.000778711,0.0286024;-1.57012,-0.127624,-1.57196
0.0118574,-0.0037012,0.0287868;-1.57035,-0.0458003,-1.58057
0.0136612,-0.00799867,0.0305405;-1.56025,0.0299499,-1.59995
0.0176411,-0.010566,0.0334396;-1.53937,0.13377,-1.6271
0.0194979,-0.00234599,0.0355074;-1.48258,0.192112,-1.61963
0.0205866,0.009248,0.0351023;-1.64039,0.0619855,-1.58933
0.0243046,0.0158455,0.0310021;-1.62814,-0.0573139,-1.57534
0.0271364,0.0155099,0.02858;-1.57077,-0.185197,-1.57079
0.0279108,0.0163903,0.0286336;-1.56829,-0.0749447,-1.56972
0.0302967,0.0161875,0.0287069;-1.56487,0.0737046,-1.57207
0.0306592,0.0109524,0.0293929;-1.55632,0.223619,-1.57886
0.0325144,0.00792211,0.0292599;-1.56,0.290424,-1.58761
0.0391794,0.0172169,0.0309016;-1.57566,0.108114,-1.60384
0.0442945,0.0235791,0.0323283;-1.57033,0.0115704,-1.62508
0.0434163,0.021819,0.0319525;-1.56614,0.0118183,-1.62636
0.0453803,0.0275553,0.0298685;-1.55693,0.117343,-1.58564
0.0436892,0.0218995,0.0305906;-1.54355,0.243476,-1.59161
0.0446777,0.0243516,0.0287589;-1.56817,0.249647,-1.57415
0.0476219,0.0276387,0.0290896;-1.59261,0.102774,-1.57177
0.0494581,0.0314482,0.0300571;-1.59925,-0.00856756,-1.57712
0.0516256,0.0332911,0.0305397;-1.60055,-0.0304135,-1.58256
0.0626909,0.0211674,0.0329403;-1.53457,0.233625,-1.62851
0.0666935,0.0239766,0.0357013;-1.49119,0.318916,-1.64619
0.0669841,0.031482,0.0373359;-1.48159,0.297994,-1.65545
0.069253,0.0556392,0.0303052;-1.57716,0.136821,-1.60028
0.0715702,0.0576675,0.0295829;-1.5926,0.0741274,-1.57841
0.0706986,0.0578408,0.0299736;-1.60541,0.0711045,-1.5692
0.0677806,0.0561395,0.028687;-1.57451,0.246737,-1.57182
0.0685533,0.0493259,0.0295871;-1.54552,0.411156,-1.59072
0.0714813,0.0432554,0.0317774;-1.49353,0.519156,-1.61211
0.0725536,0.0516239,0.0299597;-1.54232,0.438422,-1.601
0.0717963,0.0607746,0.0289559;-1.5722,0.310385,-1.58443
0.072677,0.0666588,0.0293903;-1.58636,0.174154,-1.57903
0.0714004,0.0732644,0.0346882;-1.64731,0.230458,-1.51704
0.0739604,0.0727715,0.0354825;-1.63976,0.425576,-1.52674
0.0743548,0.0681783,0.0309498;-1.51238,0.596534,-1.60323
0.0764953,0.0698697,0.0285771;-1.571,0.630553,-1.57068
0.0759864,0.069709,0.0285484;-1.57357,0.572393,-1.56822
0.0762349,0.0677951,0.0286301;-1.57355,0.474963,-1.56964
0.074233,0.0678247,0.0301741;-1.60235,0.54784,-1.5437
0.0741025,0.0690208,0.0342164;-1.52735,0.64844,-1.59296
0.075857,0.0674872,0.0363773;-1.3759,0.762364,-1.69879
0.0833436,0.0712545,0.0289988;-1.54147,0.804798,-1.59161
0.0833411,0.0716157,0.0287397;-1.57046,0.781343,-1.56338
0.082792,0.0711857,0.028714;-1.57107,0.744163,-1.56409
0.0800528,0.0697814,0.0293722;-1.57892,0.703779,-1.547
0.0727933,0.064258,0.031732;-1.56143,0.797796,-1.54841
0.0655477,0.0567085,0.0371644;-1.41615,0.910054,-1.65178
0.0652025,0.054869,0.0370341;-1.37481,0.998926,-1.68213
0.0647515,0.0581725,0.0347574;-1.43495,0.954734,-1.63062
0.0658436,0.0612041,0.033748;-1.50128,0.913467,-1.56639
0.0652895,0.0625988,0.0349316;-1.48147,0.883096,-1.56827
0.0581855,0.0602455,0.03577;-1.46258,0.907278,-1.58926
0.0450293,0.0536141,0.0381825;-1.35411,1.03004,-1.70602
0.0422749,0.035856,0.0406908;-1.08558,1.20931,-1.985
0.0445502,0.0357191,0.0378999;-1.19224,1.20277,-1.894
0.04513,0.039455,0.0323648;-1.41462,1.14729,-1.69528
0.0426141,0.0432464,0.0298021;-1.49542,0.975372,-1.62537
0.0445305,0.0419553,0.0308635;-1.46322,1.01237,-1.65662
0.0430975,0.0421979,0.0348503;-1.3725,1.00082,-1.75481
0.0363352,0.0338228,0.0426917;-1.12032,1.22088,-1.99824
0.0360738,0.0319852,0.0426168;-1.26097,1.24408,-1.87072
0.0375346,0.0338293,0.0301725;-1.49222,1.19989,-1.64956
0.0412116,0.0342074,0.0287243;-1.58122,1.01665,-1.56041
0.0411295,0.0349129,0.0288328;-1.59551,1.05599,-1.54959
0.0386725,0.0351062,0.0286906;-1.57065,1.11917,-1.57614
0.0293848,0.0271618,0.0317952;-1.39527,1.31742,-1.76105
0.0211809,0.024353,0.033095;-1.43258,1.29288,-1.71957
0.0197049,0.024943,0.0334391;-1.65053,1.27102,-1.48432
0.0285171,0.033896,0.0291878;-1.58815,0.944025,-1.56838
0.0324898,0.0349351,0.0291253;-1.58445,0.917692,-1.57773
0.0326909,0.0348362,0.0291139;-1.56318,0.916059,-1.58996
0.023153,0.0217364,0.031328;-1.49175,1.07442,-1.66662
0.020087,0.0163785,0.0306207;-1.5126,1.10553,-1.6365
0.024424,0.0142956,0.0300171;-1.61591,1.08686,-1.54132
0.0358624,0.0282867,0.0288301;-1.5875,0.782276,-1.55852
0.0356349,0.0283674,0.0288299;-1.58683,0.728932,-1.56037
0.0355854,0.0291592,0.028722;-1.57061,0.677694,-1.57778
0.0348244,0.027211,0.0294632;-1.53391,0.703573,-1.60162
0.0358693,0.0250676,0.0312718;-1.54103,0.709529,-1.62364
0.0418626,0.0256633,0.032948;-1.53019,0.710954,-1.65171
0.0539095,0.032554,0.033813;-1.67421,0.616976,-1.52767
0.0598688,0.037605,0.0291016;-1.59183,0.475456,-1.56174
0.0589233,0.0361364,0.0287189;-1.57858,0.47508,-1.56755
0.057597,0.0335793,0.028636;-1.57126,0.562447,-1.57395
0.0573937,0.0273584,0.0299106;-1.54051,0.67331,-1.59913
0.0590429,0.0221902,0.0301397;-1.54094,0.712484,-1.60825
0.0638251,0.0246152,0.0293417;-1.577,0.662289,-1.58293
0.0872169,0.0398664,0.0355298;-1.72025,0.450657,-1.5101
0.0879089,0.0419602,0.0386916;-1.76958,0.458056,-1.4666
0.0808411,0.0368052,0.0357222;-1.6981,0.546221,-1.52676
0.0575248,0.0128408,0.0306896;-1.50594,0.739719,-1.61919
0.0566626,0.00549846,0.0295028;-1.54406,0.802457,-1.60023
0.0592476,0.00534473,0.0291769;-1.56926,0.810896,-1.58647
0.0843881,0.0147864,0.0337963;-1.69715,0.540862,-1.50929
0.0858748,0.0192399,0.0371799;-1.75465,0.545264,-1.45969
0.0849206,0.0225812,0.0381635;-1.7559,0.573595,-1.43658
0.0702241,0.0134186,0.0320139;-1.48976,0.75637,-1.64264
0.0675568,0.00999632,0.0306101;-1.54172,0.747561,-1.6101
0.0708763,0.0115416,0.0290049;-1.56226,0.703434,-1.58603
0.0783351,0.01502,0.0291858;-1.59927,0.536871,-1.56034
0.0791532,0.016251,0.0313468;-1.64531,0.537645,-1.53522
0.0793454,0.019452,0.0362757;-1.7583,0.554697,-1.47211
0.0733834,0.0180837,0.036117;-1.73973,0.66743,-1.4758
0.060856,0.00151064,0.0295661;-1.54405,0.676337,-1.58755
0.0563876,-0.00293891,0.0289565;-1.54846,0.606027,-1.5833
0.0575439,-0.00232174,0.0288495;-1.5813,0.43002,-1.56972
0.0589254,-0.00153153,0.0296104;-1.60444,0.413645,-1.56131
0.0586279,-0.000305271,0.0338519;-1.69747,0.485675,-1.51363
0.0551829,0.00434899,0.0437413;-1.89697,0.647894,-1.36834
0.045888,-0.00283938,0.0462854;-1.74903,0.764406,-1.44607
0.0264048,-0.0255863,0.0311971;-1.52264,0.733852,-1.58193
0.0219654,-0.0300265,0.0285804;-1.56954,0.632149,-1.57037
0.0230207,-0.0298005,0.0286883;-1.57749,0.563823,-1.56763
0.0238374,-0.0286629,0.0289067;-1.5895,0.595351,-1.56047
0.0243556,-0.0241447,0.0359762;-1.72709,0.674283,-1.45984
0.0266359,-0.0199194,0.0424958;-1.77305,0.774915,-1.40289
0.0234684,-0.02139,0.0430185;-1.67328,0.858593,-1.46554
0.00556938,-0.0426505,0.0289477;-1.57531,0.826682,-1.58206
0.00484577,-0.0427071,0.0288937;-1.5749,0.828203,-1.58
0.00342679,-0.043551,0.0289031;-1.58101,0.866442,-1.57168
0.00324002,-0.0420333,0.031284;-1.6623,0.964435,-1.48932
0.00487232,-0.0397324,0.0376392;-1.88296,1.03347,-1.30136
0.0036723,-0.0388784,0.0432229;-1.82905,1.16119,-1.32711
-0.0109101,-0.0455772,0.0334139;-1.67421,1.12127,-1.46019
-0.0128899,-0.0490216,0.0295054;-1.63344,1.06321,-1.51847
-0.0119341,-0.0499836,0.0292057;-1.61756,1.02193,-1.53693
-0.0178287,-0.044826,0.0352548;-1.86323,1.12079,-1.30934
-0.0217376,-0.0425427,0.0416548;-2.16682,1.20321,-1.03278
-0.0294095,-0.0403714,0.0429535;-2.35282,1.32597,-0.837991
-0.0596928,-0.0466017,0.0366823;-1.69828,1.38459,-1.39656
-0.0662401,-0.0499871,0.030902;-1.62738,1.33823,-1.48767
-0.0653112,-0.0516794,0.029025;-1.60714,1.21401,-1.54547
-0.0531654,-0.0532927,0.029147;-1.57498,1.13916,-1.58243
-0.0539192,-0.0535973,0.0297089;-1.55543,1.16594,-1.59754
-0.0524073,-0.0536449,0.0316666;-1.61988,1.21726,-1.52726
-0.0724811,-0.0577276,0.04065;-2.02317,1.20484,-1.14208
-0.0848373,-0.0635031,0.0425548;-2.06312,1.21813,-1.10918
-0.0867155,-0.0660923,0.0391701;-2.01437,1.16716,-1.17786
-0.0898558,-0.0703288,0.0286078;-1.55876,1.23877,-1.58228
-0.0895873,-0.0708595,0.0286247;-1.56961,1.27787,-1.57369
-0.090959,-0.0715248,0.0293822;-1.52673,1.29192,-1.62181
-0.108998,-0.0764851,0.0332862;-1.75236,1.23698,-1.39206
-0.117498,-0.0785305,0.0339074;-1.78862,1.17791,-1.36233
-0.113614,-0.0745288,0.0354132;-1.78681,1.11862,-1.34833
-0.102425,-0.0707185,0.0287999;-1.5798,0.964403,-1.55799
-0.102417,-0.0688852,0.0285989;-1.57465,1.08731,-1.56789
-0.105335,-0.0716434,0.0295605;-1.54129,1.16957,-1.61419
-0.118932,-0.0789258,0.0317664;-1.54785,1.21814,-1.6158
-0.130836,-0.0814933,0.0331772;-1.646,1.09877,-1.51316
-0.130087,-0.0815162,0.0326241;-1.71614,0.991417,-1.44222
-0.118124,-0.0718135,0.0299089;-1.58426,0.823895,-1.54512
-0.117021,-0.07272,0.0288314;-1.5757,0.847741,-1.5588
-0.113005,-0.0726141,0.0290007;-1.54833,0.95551,-1.5816
-0.116972,-0.0767212,0.0305725;-1.55933,1.06693,-1.59949
-0.137656,-0.091413,0.0291059;-1.56725,1.03047,-1.57921
-0.154526,-0.101726,0.0309553;-1.6086,0.971493,-1.56142
-0.151384,-0.100005,0.0376118;-1.82424,0.877922,-1.39135
-0.149396,-0.0972595,0.0356199;-1.76316,0.892587,-1.41481
-0.141475,-0.0915431,0.029608;-1.5752,0.942764,-1.54863
-0.138645,-0.0923858,0.0295162;-1.51949,1.03478,-1.61685
-0.143119,-0.095146,0.0291437;-1.55364,0.978476,-1.58698
-0.149206,-0.0991559,0.0288453;-1.59076,0.869175,-1.55573
-0.149028,-0.10284,0.0322979;-1.67379,0.703032,-1.4998
-0.149958,-0.0996894,0.0337509;-1.70292,0.71868,-1.47424
-0.147287,-0.0946223,0.0368077;-1.73258,0.775833,-1.42346
-0.147287,-0.0946223,0.0368077;-1.73258,0.775833,-1.42346
-0.139913,-0.0918816,0.0383263;-1.64077,0.92351,-1.49826
-0.139913,-0.0918816,0.0383263;-1.64077,0.92351,-1.49826
