0,0,0.11;-1.57,-2.98023e-08,-1.57
0,0,0.11;-1.57,-2.98023e-08,-1.57
0,0,0.11;-1.57,-2.98023e-08,-1.57
-0.00115635,-0.00283981,0.0287269;-1.56723,-0.245254,-1.56622
-0.000588091,-0.00120068,0.0285793;-1.57084,-0.170397,-1.57092
0.000704845,0.00533353,0.0292699;-1.58332,-0.0605584,-1.58064
0.00347895,0.0227083,0.0368285;-1.73166,-0.0199766,-1.58346
0.0064869,0.0234309,0.0287848;-1.56734,-0.13675,-1.58341
0.00696537,0.024137,0.0285977;-1.56989,-0.214561,-1.57238
0.0077597,0.0238167,0.0286044;-1.56966,-0.332087,-1.56838
0.0080585,0.023589,0.0285878;-1.57089,-0.271314,-1.57131
0.0105251,0.0250925,0.0300755;-1.56074,-0.149536,-1.58307
0.011416,0.0412233,0.037253;-1.59249,-0.0390454,-1.59477
0.0145338,0.0550687,0.0370501;-1.71269,-0.119056,-1.61371
0.0159679,0.0596551,0.0336125;-1.67714,-0.21638,-1.59965
0.0165313,0.0602497,0.0290406;-1.58707,-0.271641,-1.58168
0.0164146,0.0594523,0.028579;-1.57076,-0.2279,-1.57074
0.0162647,0.061853,0.0288569;-1.58096,-0.156101,-1.57477
0.0155462,0.0744294,0.0342297;-1.66964,-0.0350374,-1.5675
0.0172847,0.0820106,0.0368067;-1.73842,-0.0456798,-1.58203
0.0208497,0.0853647,0.0349125;-1.7023,-0.12613,-1.59096
0.0241474,0.0857454,0.0297643;-1.60683,-0.209262,-1.58192
0.0227176,0.0829742,0.0286;-1.57016,-0.178669,-1.57297
0.0217857,0.082969,0.0285954;-1.57043,-0.102223,-1.56979
0.0214174,0.0861394,0.0295319;-1.56763,0.0275912,-1.55846
0.0195043,0.0871857,0.0327121;-1.63526,0.124028,-1.56364
0.0213219,0.0816187,0.0302126;-1.60343,0.063449,-1.57671
0.027317,0.0854933,0.029699;-1.60216,-0.159595,-1.5831
0.0275884,0.0874291,0.0292624;-1.59602,-0.182196,-1.5795
0.0259568,0.0855808,0.0289492;-1.58393,-0.103608,-1.57732
0.0271451,0.0934405,0.0301635;-1.57614,0.112293,-1.56059
0.028524,0.106749,0.0363118;-1.72526,0.17044,-1.55173
0.0323301,0.109164,0.0353066;-1.70964,0.0985998,-1.56014
0.0397886,0.108345,0.0292427;-1.58693,-0.0795745,-1.58537
0.0406774,0.10957,0.0299627;-1.60726,-0.112024,-1.58434
0.0401557,0.109662,0.0293635;-1.59956,-0.0988284,-1.57655
0.0376762,0.111204,0.0292012;-1.58705,0.134932,-1.57561
0.0377469,0.122202,0.0348172;-1.68092,0.282144,-1.54112
0.0378785,0.124728,0.0370226;-1.73863,0.28913,-1.533
0.0390469,0.110442,0.0290141;-1.56951,0.123361,-1.59082
0.0440011,0.115911,0.0299628;-1.60244,0.0178684,-1.58237
0.0520007,0.12599,0.0331687;-1.66733,-0.112324,-1.59005
0.0454995,0.126937,0.0325777;-1.6245,0.0169936,-1.59186
0.0446259,0.13784,0.0322084;-1.55179,0.162998,-1.58688
0.0430958,0.154486,0.0371708;-1.60757,0.22415,-1.57526
0.0520354,0.168001,0.0300798;-1.60039,-0.0337798,-1.58331
0.0539093,0.1691,0.0291251;-1.5826,-0.140662,-1.58677
0.0575373,0.175008,0.0300525;-1.60304,-0.235578,-1.59073
0.0550349,0.172775,0.0349645;-1.69296,-0.141741,-1.59921
0.0535731,0.17481,0.0340103;-1.60946,0.0201288,-1.59809
0.0511277,0.191176,0.0367508;-1.66659,0.148312,-1.58747
0.0557481,0.197792,0.0286808;-1.56432,-0.0942264,-1.56803
0.0548918,0.195872,0.028582;-1.57036,-0.199955,-1.57111
0.0577788,0.200903,0.0292944;-1.59789,-0.303387,-1.58327
0.0597199,0.201498,0.0330369;-1.63357,-0.277574,-1.6169
0.0571036,0.209427,0.0375569;-1.62652,-0.147704,-1.61506
0.0500557,0.225731,0.0401931;-1.60865,-0.0328259,-1.59714
0.0503715,0.221721,0.0288874;-1.55435,-0.181185,-1.56435
0.049665,0.222337,0.0286922;-1.57075,-0.29501,-1.57635
0.0508155,0.225402,0.0291381;-1.5957,-0.37919,-1.58416
0.0514474,0.222574,0.0299334;-1.58254,-0.315898,-1.59929
0.0517764,0.227059,0.0341149;-1.59566,-0.216149,-1.61937
0.0477466,0.244709,0.041117;-1.64599,-0.0993159,-1.62391
0.044275,0.250961,0.0360487;-1.68165,-0.139589,-1.61481
0.0451565,0.245176,0.0287796;-1.55985,-0.230719,-1.57249
0.0448868,0.244887,0.0285784;-1.57118,-0.340448,-1.5711
0.0452057,0.245271,0.0289575;-1.58525,-0.368609,-1.58075
0.0454878,0.239596,0.0296179;-1.57533,-0.277784,-1.59467
0.048521,0.240517,0.0344883;-1.54197,-0.143469,-1.60961
0.0419955,0.265167,0.0415237;-1.7391,0.0262398,-1.62748
0.0444884,0.255172,0.0362392;-1.68912,-0.0532294,-1.60492
0.0465808,0.241866,0.0285826;-1.57066,-0.160371,-1.57053
0.048384,0.245911,0.0290643;-1.59275,-0.329687,-1.58073
0.0485338,0.246112,0.0290752;-1.58866,-0.316958,-1.58325
0.0491941,0.246039,0.0305873;-1.56921,-0.212492,-1.60415
0.0425784,0.289384,0.044919;-1.79713,-0.0516043,-1.65452
0.0424428,0.301352,0.0444084;-1.83544,-0.150858,-1.65649
0.0464773,0.302177,0.0336367;-1.67446,-0.263173,-1.60599
0.0470818,0.299796,0.0286122;-1.57088,-0.471697,-1.56918
0.0467863,0.299533,0.028619;-1.57253,-0.422257,-1.57184
0.0469983,0.298715,0.0294068;-1.57318,-0.317928,-1.59105
0.0424958,0.332011,0.0446705;-1.81501,-0.10423,-1.65606
0.0419408,0.335303,0.0445463;-1.83679,-0.139515,-1.65489
0.0433148,0.327445,0.03579;-1.68615,-0.180295,-1.61757
0.0456593,0.326912,0.0289478;-1.58943,-0.476389,-1.58075
0.0466271,0.327865,0.0285763;-1.57079,-0.528504,-1.5706
0.0472585,0.328054,0.0286659;-1.56756,-0.475379,-1.57097
0.0326622,0.365107,0.0399848;-1.69794,-0.27442,-1.64853
0.028707,0.384282,0.0399601;-1.79161,-0.397908,-1.681
0.0320438,0.388969,0.0363388;-1.75532,-0.494257,-1.67114
0.0336541,0.390845,0.029133;-1.59538,-0.636214,-1.59239
0.0337416,0.389725,0.0286703;-1.56667,-0.607231,-1.57588
0.0336,0.388862,0.0285786;-1.57082,-0.540232,-1.57077
0.0260663,0.405919,0.0373614;-1.75451,-0.307565,-1.63253
0.02658,0.41147,0.0374229;-1.76193,-0.353681,-1.64237
0.0282767,0.411766,0.0364342;-1.74,-0.374591,-1.64025
0.0303128,0.410693,0.0291464;-1.59185,-0.461619,-1.58984
0.0310069,0.41702,0.0290439;-1.5945,-0.570703,-1.58667
0.0309981,0.41574,0.0285754;-1.57063,-0.501997,-1.57063
0.0319851,0.415617,0.0286816;-1.56829,-0.39101,-1.57313
0.0238614,0.440532,0.0391219;-1.66722,-0.260353,-1.62413
0.0237665,0.45227,0.0354549;-1.70689,-0.373628,-1.63456
0.0273963,0.454939,0.0330409;-1.67566,-0.459038,-1.62461
0.0292099,0.459762,0.02984;-1.61596,-0.560124,-1.5982
0.0280439,0.457648,0.0290715;-1.59215,-0.505504,-1.58798
0.0267318,0.455386,0.0290281;-1.59046,-0.409961,-1.58354
0.0182386,0.475455,0.0371707;-1.7491,-0.182543,-1.60766
0.0211693,0.479071,0.0364292;-1.73709,-0.255819,-1.61735
0.026915,0.476792,0.0327793;-1.66874,-0.357419,-1.60835
0.0302128,0.474653,0.0312337;-1.63256,-0.40844,-1.60578
0.0282544,0.476521,0.0338532;-1.69062,-0.38391,-1.61955
0.0248419,0.47094,0.0329509;-1.66361,-0.28409,-1.60258
0.0190471,0.477951,0.0352494;-1.6814,0.00871973,-1.58896
0.0205736,0.483256,0.0360525;-1.69979,-0.0519048,-1.59566
0.0249058,0.479211,0.032444;-1.6386,-0.139715,-1.59682
0.0330288,0.485441,0.0311403;-1.63357,-0.322372,-1.60006
0.0333008,0.490019,0.0350604;-1.7105,-0.329972,-1.62188
0.0298416,0.488461,0.0353242;-1.71605,-0.256635,-1.61064
0.02224,0.497739,0.0368625;-1.73139,-0.00417496,-1.58009
0.0223216,0.500698,0.0363948;-1.72644,-0.0212115,-1.57863
0.0254096,0.498331,0.0328158;-1.66173,-0.104026,-1.58253
0.0285117,0.496865,0.0294128;-1.59303,-0.272935,-1.58687
0.0308202,0.500484,0.0300036;-1.61009,-0.323108,-1.59038
0.0320407,0.502207,0.0335291;-1.67899,-0.297292,-1.60776
0.0255095,0.509493,0.0392883;-1.75629,-0.0559667,-1.60458
0.0213052,0.512814,0.0410273;-1.77241,0.0623829,-1.59514
0.0211359,0.511559,0.0367926;-1.71718,0.0476357,-1.58039
0.0226192,0.495097,0.0289127;-1.57711,-0.131115,-1.58492
0.0281868,0.507035,0.0304302;-1.62173,-0.309895,-1.59247
0.0321435,0.515656,0.0340839;-1.69505,-0.391911,-1.6233
0.0293351,0.519789,0.0390187;-1.71221,-0.2272,-1.64534
0.0217803,0.54075,0.0401147;-1.73662,-0.0947948,-1.63334
0.0183826,0.547678,0.0411851;-1.7571,-0.0887135,-1.63422
0.0221749,0.549128,0.0286972;-1.56976,-0.316492,-1.57712
0.0230902,0.55192,0.0289555;-1.58602,-0.417505,-1.58119
0.0240459,0.554219,0.0292368;-1.60189,-0.486201,-1.59118
0.0249732,0.549148,0.0363566;-1.68935,-0.347203,-1.64522
0.0216247,0.55976,0.040781;-1.71021,-0.209762,-1.6496
0.0129287,0.575389,0.043052;-1.76779,-0.106805,-1.65605
0.015101,0.575983,0.0286258;-1.56404,-0.286415,-1.57385
0.0150064,0.576352,0.0286446;-1.57091,-0.366043,-1.574
0.0171238,0.580861,0.0291848;-1.59678,-0.46656,-1.58706
0.0185019,0.581571,0.0331964;-1.63379,-0.429391,-1.62739
0.0173524,0.592107,0.038108;-1.63259,-0.328263,-1.64251
0.00273125,0.614707,0.0458134;-1.69332,-0.231691,-1.66481
-0.00290232,0.62445,0.0358282;-1.69187,-0.400673,-1.64538
-0.00170334,0.621833,0.0287832;-1.57314,-0.487154,-1.57934
-0.000768617,0.626044,0.0288703;-1.58811,-0.629673,-1.58122
0.000123739,0.621534,0.0293195;-1.57594,-0.496349,-1.59384
0.00250626,0.624551,0.0335415;-1.5581,-0.36361,-1.6064
-0.00350411,0.642805,0.0432977;-1.67471,-0.262019,-1.6565
-0.00990082,0.660201,0.0398412;-1.76896,-0.396983,-1.68224
-0.00725758,0.66054,0.0289108;-1.57485,-0.500953,-1.58483
-0.0068998,0.663288,0.0289096;-1.58895,-0.61294,-1.58241
-0.00711909,0.66132,0.0290371;-1.59145,-0.531157,-1.58553
-0.00608144,0.659922,0.0304335;-1.57034,-0.415893,-1.60067
-0.00933439,0.674742,0.0378562;-1.60032,-0.295496,-1.61952
-0.0160117,0.693143,0.0447804;-1.80707,-0.287441,-1.70908
-0.0143195,0.690788,0.0405537;-1.7588,-0.33407,-1.67997
-0.0118352,0.689759,0.0306113;-1.62101,-0.412455,-1.60058
-0.0108157,0.69501,0.0286411;-1.57411,-0.516732,-1.57259
-0.0111585,0.693553,0.0288725;-1.57035,-0.434786,-1.58489
-0.0103813,0.701347,0.0320616;-1.55842,-0.30883,-1.599
-0.0194408,0.738294,0.0431176;-1.81203,-0.270619,-1.68328
-0.0168057,0.740703,0.0403788;-1.78584,-0.34955,-1.67623
-0.0151314,0.740375,0.0350282;-1.70191,-0.421892,-1.64002
-0.0129577,0.743114,0.0290528;-1.59648,-0.575587,-1.58785
-0.0130924,0.742052,0.0285783;-1.57087,-0.52759,-1.57056
-0.012804,0.741474,0.0289667;-1.57563,-0.415564,-1.58625
-0.0196121,0.767199,0.0424865;-1.8,-0.196893,-1.65842
-0.0168398,0.771037,0.0402435;-1.78061,-0.258414,-1.65986
-0.0121387,0.77138,0.0371477;-1.71026,-0.333922,-1.65047
-0.00962678,0.782916,0.0305735;-1.62702,-0.550258,-1.60733
-0.00963853,0.783991,0.0291556;-1.6005,-0.552151,-1.58924
-0.00968436,0.781243,0.028797;-1.57055,-0.455492,-1.5813
-0.0173202,0.809795,0.0374942;-1.72035,-0.263612,-1.63835
-0.0177025,0.825378,0.0377652;-1.76795,-0.370029,-1.6495
-0.0126813,0.82756,0.0344939;-1.71001,-0.462066,-1.63651
-0.0107673,0.831571,0.031138;-1.63232,-0.580632,-1.61749
-0.0120445,0.832504,0.0306511;-1.6333,-0.574664,-1.60714
-0.0143167,0.827631,0.0300155;-1.61475,-0.491671,-1.59357
-0.0143167,0.827631,0.0300155;-1.61475,-0.491671,-1.59357
-0.0184334,0.832561,0.0314453;-1.63139,-0.36635,-1.58823
-0.0184334,0.832561,0.0314453;-1.63139,-0.36635,-1.58823
