0,0,0.11;-1.57,-2.98023e-08,-1.57
0,0,0.11;-1.57,-2.98023e-08,-1.57
0,0,0.11;-1.57,-2.98023e-08,-1.57
-0.000481922,0.00032243,0.0285913;-1.57239,-0.269282,-1.57104
0.000426612,0.00165342,0.0286014;-1.56954,-0.204065,-1.56935
0.00161819,0.00946359,0.0291319;-1.56746,-0.0780112,-1.55876
-0.000281253,0.0231099,0.0303355;-1.57974,0.0981477,-1.54663
0.00115444,0.0141905,0.0285791;-1.57086,-0.090717,-1.57082
0.00142643,0.0136413,0.0285836;-1.57065,-0.179768,-1.57064
0.00075122,0.0139284,0.0285799;-1.57079,-0.241482,-1.57083
0.00237996,0.0135271,0.0285932;-1.57009,-0.124507,-1.57124
0.00441351,0.0187989,0.0288618;-1.5734,0.0491319,-1.55983
0.00141233,0.0282318,0.0313749;-1.58724,0.194719,-1.53265
0.000906745,0.0276843,0.0291665;-1.56793,0.265738,-1.5712
0.000533469,0.0248573,0.0287127;-1.5662,0.182625,-1.57339
-0.000767861,0.0262823,0.0285891;-1.57106,0.0910167,-1.57145
-0.00160264,0.025429,0.0289063;-1.55564,0.0241872,-1.57153
-0.000267457,0.0281731,0.0288434;-1.56844,0.0811443,-1.5605
0.00185371,0.0387203,0.0302524;-1.57628,0.203783,-1.54135
-0.00126189,0.0484659,0.0310794;-1.60052,0.410807,-1.54956
-0.00185075,0.042533,0.0294851;-1.58172,0.370842,-1.56885
-0.00348756,0.0385734,0.0288164;-1.57077,0.345281,-1.5826
-0.00615723,0.035233,0.0288038;-1.5743,0.409628,-1.57676
-0.00534479,0.0350635,0.0288157;-1.56904,0.464064,-1.58179
0.00048223,0.0424391,0.0291761;-1.57695,0.508823,-1.5663
0.00932132,0.0542247,0.0299432;-1.60675,0.589039,-1.54557
0.0134913,0.0554841,0.031155;-1.59604,0.581122,-1.58518
0.0100431,0.0456355,0.0358601;-1.55283,0.586245,-1.667
0.00973632,0.0431266,0.0337028;-1.59501,0.550969,-1.61994
0.00711963,0.0401321,0.0318946;-1.57471,0.591828,-1.61995
0.00893965,0.0443112,0.0303688;-1.59577,0.710593,-1.55743
0.0224312,0.0651415,0.0346622;-1.73303,0.737669,-1.46931
0.0291359,0.0696402,0.0377818;-1.74004,0.710155,-1.50352
0.0284535,0.0600046,0.036531;-1.54176,0.709642,-1.69216
0.0250382,0.0593276,0.0370777;-1.55895,0.639747,-1.67746
0.0212693,0.0583782,0.0344175;-1.57318,0.611025,-1.64243
0.0227191,0.0618157,0.0319311;-1.65973,0.630285,-1.52084
0.0239601,0.0684122,0.0316418;-1.65025,0.719678,-1.51169
0.0289816,0.0741003,0.0352443;-1.74906,0.7489,-1.45854
0.0325205,0.0707669,0.0335363;-1.55502,0.674736,-1.65247
0.0370766,0.0736291,0.0337188;-1.58105,0.564051,-1.63029
0.0431398,0.0767603,0.0313996;-1.58149,0.447472,-1.60761
0.0471667,0.0804887,0.0290335;-1.59053,0.442496,-1.55858
0.047501,0.0849391,0.0294846;-1.58177,0.554169,-1.55169
0.0485285,0.0923288,0.0319156;-1.60862,0.645678,-1.51292
0.0472034,0.0901095,0.0287018;-1.57026,0.670988,-1.57714
0.0473419,0.089321,0.0288872;-1.56913,0.675871,-1.5854
0.0470946,0.0883161,0.028924;-1.56775,0.676187,-1.58699
0.0472009,0.0906915,0.0286243;-1.56888,0.634463,-1.57116
0.0471184,0.0914704,0.02897;-1.57914,0.642733,-1.55288
0.0479126,0.0928781,0.031581;-1.5742,0.664433,-1.52449
0.0477806,0.0941382,0.0286291;-1.57065,0.69595,-1.56839
0.0473707,0.0932867,0.028873;-1.56387,0.722762,-1.58412
0.0469767,0.0917797,0.028982;-1.56107,0.751587,-1.58947
0.0457075,0.0928485,0.0287057;-1.56536,0.729661,-1.57623
0.0442564,0.0926921,0.029052;-1.57181,0.700175,-1.56011
0.0448168,0.094251,0.0311475;-1.57797,0.714972,-1.52728
0.045674,0.0960013,0.0288042;-1.57286,0.748097,-1.56003
0.0448519,0.0946996,0.0286448;-1.5678,0.793128,-1.57421
0.0432329,0.0916945,0.0289323;-1.56454,0.874025,-1.58837
0.040301,0.0856284,0.0297851;-1.54908,0.965692,-1.61268
0.0426663,0.0908551,0.0291548;-1.56848,0.927047,-1.57757
0.0419754,0.0947588,0.0300131;-1.58572,0.917007,-1.54667
0.0420324,0.0890214,0.0290591;-1.58357,0.81495,-1.5543
0.0418444,0.0872152,0.0288104;-1.58422,0.787271,-1.56393
0.0411607,0.0869228,0.0293362;-1.57295,0.79124,-1.58879
0.0351767,0.0797305,0.0330273;-1.55427,0.906532,-1.6472
0.0282265,0.0756427,0.0321887;-1.54972,0.956895,-1.63932
0.0221684,0.0742397,0.0301489;-1.57158,0.99541,-1.58885
0.0278681,0.08414,0.0369458;-1.81437,0.817882,-1.38851
0.027301,0.0784485,0.0342935;-1.73416,0.757103,-1.45937
0.0327409,0.0777935,0.0316592;-1.65382,0.685024,-1.52652
0.0326654,0.0753946,0.034025;-1.60139,0.673459,-1.61721
0.0327135,0.0757593,0.0344342;-1.59209,0.720319,-1.63031
0.0341386,0.0791176,0.0371647;-1.65715,0.806679,-1.57763
0.0391161,0.0899904,0.0402624;-1.88106,0.733702,-1.37271
0.0449679,0.0902136,0.039334;-1.84587,0.640286,-1.41304
0.0459482,0.0869689,0.0349033;-1.72158,0.578055,-1.49631
0.0530637,0.0884966,0.0343671;-1.59954,0.456936,-1.62522
0.0538773,0.0895195,0.0344969;-1.58408,0.498952,-1.64094
0.0544708,0.0930775,0.0356067;-1.65548,0.57843,-1.57588
0.0499331,0.0988232,0.0369475;-1.78632,0.640144,-1.445
0.0499398,0.0939261,0.0365449;-1.76568,0.587946,-1.46655
0.048952,0.0881173,0.0318698;-1.65151,0.526788,-1.53699
0.055292,0.0906767,0.0300916;-1.58984,0.409904,-1.58525
0.0565989,0.0916829,0.0299878;-1.57533,0.405919,-1.59603
0.0571289,0.0929094,0.0302135;-1.60917,0.430731,-1.56442
0.0515885,0.0987426,0.0346534;-1.70905,0.596623,-1.49689
0.0523397,0.095237,0.0336922;-1.68676,0.543564,-1.51622
0.0518557,0.0849119,0.0287804;-1.57018,0.420784,-1.58101
0.0511885,0.0843599,0.0287601;-1.57157,0.374973,-1.57863
0.0512912,0.0845897,0.0288423;-1.57053,0.386201,-1.58327
0.0514011,0.0844836,0.0288194;-1.57063,0.400154,-1.58224
0.0509146,0.0971163,0.0326748;-1.65,0.622876,-1.52959
0.0488474,0.0980003,0.0342153;-1.68078,0.662778,-1.52745
0.0460306,0.09242,0.0303494;-1.61367,0.626966,-1.55305
0.0363638,0.0818877,0.0287509;-1.57201,0.472883,-1.57967
0.0376929,0.0823092,0.0288582;-1.57863,0.452836,-1.5736
0.0375429,0.0818594,0.0289054;-1.56879,0.484251,-1.58575
0.0393818,0.0841427,0.0290916;-1.56421,0.543026,-1.58354
0.0418689,0.0885361,0.0338415;-1.55868,0.718709,-1.60603
0.0328017,0.0706702,0.0323753;-1.52608,0.678672,-1.63591
0.0255038,0.0615038,0.0310095;-1.54377,0.630952,-1.62075
0.0215939,0.0618715,0.0290449;-1.58185,0.604525,-1.57756
0.0238856,0.0644565,0.0300998;-1.57259,0.597171,-1.59826
0.0275838,0.0676058,0.03072;-1.56103,0.624839,-1.61097
0.0449808,0.0916498,0.0362961;-1.7114,0.796397,-1.51139
0.0490603,0.0909582,0.0382438;-1.70485,0.737798,-1.54353
0.0459121,0.0795909,0.0357809;-1.62198,0.618676,-1.60674
0.0416614,0.068579,0.0331129;-1.61634,0.412093,-1.59631
0.0452292,0.0711067,0.0322384;-1.64893,0.403778,-1.55173
0.0442379,0.0722984,0.0326983;-1.66666,0.440218,-1.53499
0.0364284,0.0776597,0.0387105;-1.82181,0.653594,-1.42891
0.0360142,0.0755678,0.0400337;-1.80241,0.676862,-1.4677
0.0355366,0.0697821,0.0399754;-1.72491,0.654222,-1.55121
0.018722,0.0558841,0.0357816;-1.60655,0.438905,-1.63411
0.0265187,0.0605929,0.0338145;-1.62598,0.363723,-1.59764
0.0326085,0.0645971,0.0334599;-1.67827,0.317589,-1.53974
0.034289,0.0822518,0.0357363;-1.7392,0.495783,-1.49318
0.0321865,0.0856168,0.0372968;-1.78405,0.578035,-1.45892
0.0248625,0.0805586,0.0377843;-1.73352,0.655459,-1.51975
-0.00358023,0.0609543,0.035318;-1.57155,0.601679,-1.64915
-0.00748913,0.0612125,0.033144;-1.59401,0.550221,-1.61281
-0.00215341,0.0657127,0.0305139;-1.57419,0.489516,-1.60288
0.0269787,0.0883107,0.0300745;-1.60527,0.448994,-1.54829
0.0310536,0.100897,0.0332193;-1.65203,0.555009,-1.506
0.033433,0.107763,0.0320085;-1.66105,0.647548,-1.51538
0.0158566,0.0948381,0.0314733;-1.55956,0.725793,-1.62225
0.00186144,0.0866417,0.0301623;-1.56883,0.771296,-1.59902
0.00169249,0.0872451,0.0289282;-1.58346,0.750507,-1.5723
0.00562636,0.0887752,0.0289898;-1.55758,0.746796,-1.56955
0.0154649,0.0966699,0.0306987;-1.5794,0.879586,-1.52908
0.0231767,0.103508,0.0308674;-1.58931,0.985952,-1.52008
0.0185656,0.101207,0.0292161;-1.53742,1.05834,-1.61393
0.0164583,0.100576,0.0289939;-1.5546,1.05475,-1.59657
0.0145885,0.0997368,0.0287621;-1.56695,1.09218,-1.58114
0.0145043,0.0991859,0.0288036;-1.57572,1.16346,-1.55685
0.0217278,0.101868,0.0301065;-1.57767,1.24123,-1.53922
0.0337114,0.108736,0.0330646;-1.63728,1.37311,-1.44539
0.0398982,0.107807,0.0290569;-1.46764,1.39359,-1.67724
0.0374823,0.106587,0.0293899;-1.43859,1.40071,-1.71761
0.0343673,0.10547,0.0294825;-1.44797,1.40094,-1.7073
0.0337925,0.105346,0.0286329;-1.55111,1.41479,-1.58973
0.0369118,0.106374,0.0290978;-1.57849,1.46482,-1.5458
0.048641,0.109686,0.0319609;-1.98429,1.56253,-1.1089
0.05785,0.107675,0.0286389;-1.5734,1.52518,-1.57239
0.0591719,0.107742,0.0291748;-1.51776,1.46848,-1.64431
0.0618842,0.106538,0.0309134;-1.55868,1.41029,-1.62247
0.0600523,0.107485,0.0289575;-1.5989,1.41258,-1.5565
0.0598375,0.110291,0.0300547;-1.90231,1.47169,-1.23493
0.0657348,0.11546,0.034829;-3.0893,1.47926,-0.0257029
0.07052,0.119189,0.0304248;1.98727,1.45221,1.15527
0.0712227,0.117139,0.0296895;1.63653,1.51053,1.48019
0.0747878,0.115252,0.0329429;2.88127,1.55367,0.203051
0.0781527,0.109265,0.0338163;-1.92819,1.46887,-1.27143
0.0836631,0.107921,0.0343662;-2.34925,1.40073,-0.803924
0.0838853,0.109713,0.0349817;-2.48019,1.42075,-0.654116
0.0882239,0.114482,0.0350849;2.76618,1.42698,0.374971
0.0853377,0.115724,0.0344881;2.51514,1.43759,0.613555
0.0786932,0.117982,0.0339917;1.65223,1.45479,1.41485
0.0717108,0.116919,0.0352724;1.71192,1.4777,1.34374
0.0768288,0.115355,0.0341776;2.55041,1.50651,0.547574
0.0836501,0.111416,0.034545;-2.84368,1.44186,-0.301924
0.0830386,0.112994,0.0346841;-2.98987,1.48762,-0.11381
0.083542,0.112837,0.0312686;2.91795,1.51461,0.231634
0.0819333,0.115444,0.0290613;1.87353,1.50354,1.26463
0.0734179,0.120527,0.0313495;1.66616,1.41263,1.43904
0.0694928,0.122103,0.0304103;1.56994,1.38483,1.53858
0.0694435,0.123405,0.0298078;1.66625,1.38094,1.4667
0.0722229,0.126956,0.0338834;1.75866,1.34808,1.44201
0.0698685,0.125348,0.0317498;1.6255,1.36525,1.56208
0.0702323,0.125726,0.0290085;1.55123,1.35149,1.60432
0.0703454,0.12543,0.0288634;1.52364,1.28944,1.61538
0.0690158,0.125287,0.0290161;1.50881,1.26646,1.62774
0.0673995,0.124979,0.0292742;1.50427,1.25513,1.63176
0.0678339,0.131331,0.0340138;1.57188,1.20434,1.63213
0.0596506,0.132376,0.0319022;1.61284,1.22412,1.58135
0.0548266,0.13255,0.0299407;1.56467,1.26501,1.60257
0.0532771,0.133278,0.0287818;1.55954,1.29531,1.58838
0.052727,0.133425,0.0290723;1.48901,1.29828,1.65167
0.0530284,0.132545,0.0308708;1.3846,1.28102,1.75263
0.0530284,0.132545,0.0308708;1.3846,1.28102,1.75263
0.0541175,0.132262,0.0348563;1.29231,1.2238,1.85636
0.0541175,0.132262,0.0348563;1.29231,1.2238,1.85636
