0,0,0.11;-1.57,-2.98023e-08,-1.57
0,0,0.11;-1.57,-2.98023e-08,-1.57
0,0,0.11;-1.57,-2.98023e-08,-1.57
-0.000741429,-0.000530754,0.028588;-1.57083,-0.277308,-1.57031
1.69865e-05,0.00100541,0.0285865;-1.57033,-0.138925,-1.57087
0.00112178,0.0040909,0.029214;-1.56042,0.0147712,-1.5673
0.00049351,0.00318337,0.0297345;-1.55825,0.205919,-1.56508
-0.00134247,-0.0066783,0.0285805;-1.57088,-0.0260927,-1.5708
-0.00124593,-0.00916594,0.0286454;-1.57078,-0.169327,-1.5676
-0.00186591,-0.0110048,0.028585;-1.57081,-0.265771,-1.57054
-0.000738842,-0.00916824,0.0285799;-1.57067,-0.169586,-1.57093
0.000230939,-0.00404626,0.0289931;-1.56743,0.00663414,-1.56592
-0.00181969,0.00204938,0.0320296;-1.60224,0.198711,-1.55085
-0.00626425,-0.00216326,0.0289053;-1.57048,0.332998,-1.56855
-0.00785272,-0.00556543,0.0286132;-1.57063,0.227106,-1.56903
-0.00981796,-0.0075232,0.0286068;-1.57087,0.0965991,-1.5695
-0.0115031,-0.00929496,0.0285785;-1.57106,-0.0845274,-1.57087
-0.00959209,-0.00661953,0.0287102;-1.5657,0.014411,-1.56908
-0.00876843,-0.000127748,0.0309124;-1.58827,0.162306,-1.55386
-0.010206,0.0129038,0.0333582;-1.66825,0.331663,-1.54647
-0.00972148,0.00630883,0.0286078;-1.56864,0.257066,-1.57076
-0.0107923,0.00461734,0.0285855;-1.57031,0.197549,-1.57042
-0.0115916,0.00354188,0.0285804;-1.57077,0.0187566,-1.57072
-0.0113059,0.00370058,0.0285817;-1.57048,0.0516382,-1.57109
-0.010422,0.00444553,0.0291919;-1.56015,0.113805,-1.57093
-0.00731799,0.00986093,0.0297253;-1.55973,0.216414,-1.57033
-0.00600349,0.0137281,0.028582;-1.57078,0.225627,-1.57059
-0.00620607,0.013246,0.0285829;-1.571,0.228367,-1.57033
-0.00636814,0.0131316,0.0285796;-1.57077,0.212194,-1.57079
-0.0064183,0.0131227,0.0285795;-1.57085,0.209775,-1.57071
-0.00590646,0.0144316,0.0303314;-1.54378,0.269833,-1.57741
-0.00302661,0.0167552,0.0338445;-1.48045,0.389291,-1.60142
0.00111092,0.0246487,0.0287756;-1.57237,0.383506,-1.56847
0.00140451,0.0257888,0.0285797;-1.57086,0.328471,-1.57076
0.000472205,0.0253627,0.0285772;-1.57079,0.269632,-1.57057
0.00047703,0.0254086,0.028583;-1.57106,0.27548,-1.57044
0.00123346,0.0238324,0.0288628;-1.5612,0.360224,-1.57503
0.0023731,0.0217334,0.0320808;-1.50894,0.447513,-1.59575
0.00304194,0.022367,0.0326168;-1.49778,0.483013,-1.60154
0.00521939,0.0247538,0.028579;-1.57065,0.413298,-1.57091
0.00537263,0.0243036,0.0287119;-1.57502,0.377982,-1.5668
0.00545205,0.0242975,0.0286145;-1.57102,0.376262,-1.56923
0.00600278,0.023139,0.0286269;-1.56858,0.454931,-1.57271
0.00722032,0.0175192,0.029824;-1.53847,0.597644,-1.5897
0.00730597,0.01187,0.0329113;-1.47306,0.707828,-1.63183
0.00745971,0.0143498,0.0286655;-1.57077,0.635721,-1.57491
0.0116458,0.0163075,0.0288079;-1.58333,0.480332,-1.56543
0.0147932,0.0171023,0.0288039;-1.58228,0.373632,-1.56684
0.0124678,0.0147666,0.0288328;-1.57027,0.493759,-1.58308
0.0100201,0.00851861,0.0302037;-1.56192,0.619932,-1.59725
0.0100341,0.0029945,0.0338079;-1.48697,0.743432,-1.64924
0.00756345,0.00241612,0.0288522;-1.57016,0.689342,-1.58396
0.0117187,0.00542745,0.0290489;-1.58955,0.523809,-1.56823
0.0166299,0.00756888,0.0290797;-1.5929,0.386776,-1.56631
0.0162337,0.00679553,0.0290245;-1.57599,0.396549,-1.58506
0.014611,0.00433494,0.0312545;-1.565,0.481643,-1.61092
0.0158485,0.00382228,0.0347099;-1.52805,0.559707,-1.64161
0.00471273,-0.00835696,0.0301479;-1.56485,0.608901,-1.60343
0.0042606,-0.0114322,0.0289399;-1.57475,0.632081,-1.58408
0.0107904,-0.00696362,0.0293701;-1.59715,0.538462,-1.56604
0.0205008,0.000456454,0.0291915;-1.58667,0.425342,-1.57887
0.0197317,0.000621039,0.0326543;-1.63514,0.451827,-1.56437
0.0251931,0.005945,0.0368471;-1.74773,0.446256,-1.50254
0.0163965,-0.00538119,0.0381101;-1.7714,0.440147,-1.48883
0.00915776,-0.0144453,0.0330203;-1.64731,0.450601,-1.55773
0.00746415,-0.0175359,0.0290668;-1.58378,0.444657,-1.57871
0.0183867,-0.00877504,0.0292873;-1.59377,0.322589,-1.57587
0.0196297,-0.00746519,0.0308304;-1.60579,0.310247,-1.5791
0.0221191,-0.00355727,0.0345752;-1.64624,0.306209,-1.57367
0.0259352,0.0046105,0.0385434;-1.76272,0.261776,-1.52246
0.0245033,-0.000241347,0.0377263;-1.74599,0.214858,-1.5305
0.0212637,-0.00893054,0.0315601;-1.63728,0.151411,-1.56655
0.0208016,-0.0105231,0.0299421;-1.6079,0.163256,-1.57076
0.0200828,-0.0111995,0.0294884;-1.59669,0.185472,-1.57383
0.0181549,-0.0123849,0.0323932;-1.62047,0.256858,-1.58301
0.0225188,0.0045634,0.0382501;-1.68506,0.19435,-1.57873
0.0245408,0.0093997,0.0361617;-1.71117,0.0684055,-1.56365
0.024438,0.00350416,0.0331978;-1.66782,-0.00421418,-1.57208
0.0225449,-0.00254361,0.0293236;-1.59813,0.000955492,-1.57461
0.0216241,-0.00233781,0.0292037;-1.59873,0.0313924,-1.57299
0.018003,-0.00690173,0.03103;-1.60842,0.158347,-1.58141
0.018962,-0.00764466,0.0383756;-1.67013,0.296159,-1.57927
0.0172288,-0.00610384,0.037604;-1.69386,0.169707,-1.5703
0.0150139,-0.00766566,0.0301698;-1.59855,0.0643872,-1.58103
0.0180951,-0.00400273,0.0291514;-1.59582,-0.132728,-1.57725
0.0176706,-0.00407587,0.0290445;-1.59264,-0.110324,-1.57447
0.0152755,-0.00658638,0.0290546;-1.57608,-0.00226212,-1.58537
0.0156546,0.00180018,0.0379646;-1.68257,0.279929,-1.56936
0.0155463,0.00181876,0.036079;-1.67702,0.163501,-1.5678
0.0133924,-0.00681103,0.0288234;-1.57117,0.0638535,-1.58204
0.0144914,-0.00489651,0.0288855;-1.58546,-0.101089,-1.57277
0.0146268,-0.00491868,0.0285799;-1.57097,-0.0901578,-1.57043
0.0145089,-0.00593449,0.0286855;-1.57065,-0.0120566,-1.57585
0.0224858,0.0164934,0.0329516;-1.58814,0.201793,-1.58576
0.0258598,0.0311847,0.0350717;-1.68224,0.129733,-1.55685
0.0252277,0.0207637,0.0287325;-1.56739,0.0750375,-1.57416
0.0228409,0.0161402,0.0285741;-1.5711,-0.0876487,-1.57066
0.0249339,0.0154235,0.0286925;-1.57136,-0.172065,-1.56518
0.024861,0.01636,0.0286277;-1.56852,-0.134156,-1.56987
0.026257,0.0188137,0.0287718;-1.56066,-0.090319,-1.56865
0.0279997,0.0411485,0.0351843;-1.67731,0.120883,-1.55785
0.0298563,0.0350282,0.0319767;-1.62683,0.0507626,-1.56934
0.0296383,0.0286598,0.0286243;-1.56759,-0.0591294,-1.57068
0.0292674,0.0274003,0.028579;-1.57091,-0.183706,-1.57073
0.0291177,0.028509,0.0286222;-1.57099,-0.141985,-1.56863
0.0293719,0.0293453,0.0288285;-1.55914,-0.129084,-1.56968
0.0321977,0.0812606,0.0320047;-1.61679,-0.0773212,-1.56868
0.0340943,0.0916772,0.0346781;-1.67756,-0.13316,-1.5816
0.0382048,0.0825521,0.0284128;-1.57283,-0.244212,-1.57149
0.0377853,0.0805878,0.028579;-1.5708,-0.353389,-1.57095
0.0375602,0.0810623,0.0285824;-1.57076,-0.317628,-1.57066
0.0388019,0.0821729,0.0287594;-1.56208,-0.249093,-1.56851
0.037295,0.106089,0.0361846;-1.4347,-0.232915,-1.53453
0.034895,0.135141,0.0351795;-1.46842,-0.276491,-1.5335
0.0338051,0.140068,0.0287222;-1.57198,-0.349163,-1.56529
0.0336973,0.137563,0.0285874;-1.57084,-0.43365,-1.57049
0.0335513,0.13767,0.0286487;-1.57269,-0.41319,-1.57001
0.0347409,0.138877,0.0287141;-1.56431,-0.341458,-1.56799
0.0370437,0.153125,0.0331087;-1.49064,-0.190414,-1.54731
0.0340178,0.169637,0.0350108;-1.47756,-0.185014,-1.53023
0.032635,0.177897,0.0290893;-1.56739,-0.263964,-1.56118
0.0333208,0.175481,0.0287636;-1.57771,-0.358298,-1.57093
0.0330961,0.175834,0.0287084;-1.57609,-0.342202,-1.57146
0.0328928,0.176195,0.0285792;-1.57061,-0.288755,-1.5707
0.0362767,0.181068,0.0306696;-1.52826,-0.188794,-1.5587
0.0369904,0.188417,0.0352196;-1.47058,-0.130866,-1.53083
0.0350733,0.195718,0.0332654;-1.49891,-0.142616,-1.54094
0.0360552,0.19986,0.0285769;-1.57078,-0.120001,-1.57093
0.0363416,0.199566,0.0285987;-1.57167,-0.131184,-1.57088
0.0359336,0.200763,0.0287715;-1.57931,-0.0759294,-1.57079
0.0361159,0.201724,0.029355;-1.54781,-0.0103228,-1.56913
0.0375042,0.207477,0.0326716;-1.49655,0.0415915,-1.56259
0.0394527,0.213121,0.0353129;-1.4805,0.0929279,-1.54379
0.0348617,0.210019,0.0285873;-1.5716,-0.0573409,-1.57048
0.0354881,0.209796,0.028822;-1.58249,-0.123301,-1.57238
0.0364405,0.21016,0.0289083;-1.58677,-0.156601,-1.57353
0.0373432,0.209652,0.0288294;-1.55901,-0.0354203,-1.57022
0.0406333,0.209933,0.0305511;-1.52783,0.0448257,-1.57278
0.0446179,0.212448,0.0352812;-1.44219,0.123227,-1.57222
0.0337535,0.217887,0.0290568;-1.55586,-0.0819546,-1.5739
0.0331209,0.221707,0.0286653;-1.57428,-0.226875,-1.57264
0.0341507,0.224024,0.0290696;-1.59342,-0.303352,-1.57988
0.0356592,0.221488,0.0289144;-1.56607,-0.181758,-1.58138
0.0401163,0.218426,0.0307027;-1.54504,-0.0516587,-1.58696
0.0441948,0.21716,0.0346544;-1.45714,0.0435287,-1.57541
0.0358663,0.224623,0.0292302;-1.55988,-0.141652,-1.58048
0.0356161,0.229575,0.0289675;-1.58733,-0.283805,-1.5784
0.0369416,0.231913,0.0290443;-1.59319,-0.374283,-1.58074
0.0361237,0.227727,0.0289228;-1.57188,-0.233881,-1.5868
0.0400649,0.222116,0.0317503;-1.54666,-0.100706,-1.60434
0.045694,0.217845,0.0353445;-1.47297,0.0325049,-1.59908
0.0410013,0.225016,0.0301944;-1.55812,-0.0857944,-1.59251
0.0390974,0.231847,0.028914;-1.57412,-0.215871,-1.58492
0.0406268,0.23592,0.029058;-1.59497,-0.33307,-1.582
0.0402804,0.234527,0.0290269;-1.58779,-0.289162,-1.5828
0.0412028,0.230398,0.0300905;-1.56584,-0.199501,-1.59597
0.046105,0.224769,0.0334452;-1.52484,-0.0526677,-1.61049
0.0490112,0.219184,0.0342002;-1.48212,0.00988976,-1.59132
0.043112,0.228497,0.029449;-1.56516,-0.132084,-1.58849
0.0437241,0.233617,0.0290585;-1.59119,-0.261995,-1.58155
0.044619,0.235415,0.0289805;-1.59028,-0.315164,-1.58001
0.043729,0.230711,0.0289833;-1.57446,-0.188574,-1.58776
0.0468882,0.225887,0.031378;-1.55003,-0.0764669,-1.60214
0.0540837,0.219481,0.0357131;-1.43983,0.0856323,-1.58697
0.0494111,0.225884,0.0309998;-1.54519,-0.0195125,-1.59545
0.0468178,0.231092,0.0288735;-1.57189,-0.128369,-1.58493
0.0494014,0.236144,0.0290341;-1.59258,-0.263328,-1.58072
0.0487565,0.234238,0.0289073;-1.58197,-0.194559,-1.5802
0.050908,0.229894,0.0292366;-1.56748,-0.0628765,-1.58536
0.0606992,0.221544,0.0350351;-1.4556,0.171679,-1.58242
0.0593718,0.21788,0.0324614;-1.49985,0.125357,-1.58348
0.0558438,0.220685,0.0289903;-1.56132,0.0349997,-1.58118
0.0583824,0.230886,0.0290326;-1.59143,-0.277134,-1.57858
0.0581937,0.230308,0.0287351;-1.57843,-0.244556,-1.57297
0.0583482,0.227411,0.0287551;-1.57068,-0.122913,-1.57937
0.0646434,0.217054,0.0345863;-1.45725,0.0930865,-1.57172
0.0657341,0.211522,0.0324791;-1.49241,0.0735008,-1.57201
0.0624391,0.212847,0.0290024;-1.55579,-0.0154746,-1.57564
0.0642183,0.220569,0.0289547;-1.58867,-0.2848,-1.57697
0.0644813,0.22066,0.0285795;-1.57107,-0.292179,-1.571
0.064642,0.220918,0.0286097;-1.56909,-0.263477,-1.57058
0.064642,0.220918,0.0286097;-1.56909,-0.263477,-1.57058
0.066339,0.22216,0.0293413;-1.56083,-0.173465,-1.56994
0.066339,0.22216,0.0293413;-1.56083,-0.173465,-1.56994
