0,0,0.11;-1.57,-2.98023e-08,-1.57
0,0,0.11;-1.57,-2.98023e-08,-1.57
0,0,0.11;-1.57,-2.98023e-08,-1.57
-0.000552955,-0.000484352,0.0286231;-1.57032,-0.236632,-1.56873
-0.000987879,0.000652732,0.0285795;-1.57083,-0.125643,-1.57103
-0.000529559,0.00150639,0.0291435;-1.54708,-0.00877469,-1.56711
-0.0015751,-0.00916072,0.0355507;-1.4348,0.192327,-1.59735
-0.00101027,-0.00279264,0.0289982;-1.56855,0.0950032,-1.58934
-0.000984536,0.00556119,0.0290402;-1.5807,-0.0545593,-1.5832
0.00128414,0.00952601,0.0291539;-1.59295,-0.17166,-1.58069
0.000804331,0.00771446,0.028713;-1.57092,-0.0961209,-1.57719
0.00170235,0.00801722,0.0289893;-1.56155,-0.00351394,-1.57249
0.00439725,0.0152126,0.0305179;-1.54009,0.117103,-1.56599
0.00849312,0.0207256,0.0290141;-1.55384,0.286488,-1.57077
0.00826447,0.0206157,0.028748;-1.56605,0.258086,-1.57555
0.0074631,0.0230498,0.0287639;-1.56864,0.158136,-1.57775
0.0109856,0.029927,0.0288118;-1.57064,-0.0732526,-1.58198
0.0114256,0.0334062,0.029251;-1.55644,-0.0460698,-1.56629
0.0139754,0.0494734,0.0308831;-1.56928,0.072029,-1.53805
0.0125277,0.0608389,0.0337097;-1.58071,0.198864,-1.50994
0.0131361,0.0566111,0.0320386;-1.58607,0.145594,-1.52569
0.0114443,0.0461715,0.0289876;-1.57341,0.0564481,-1.55877
0.0120144,0.0422581,0.0289812;-1.58902,-0.0496291,-1.57089
0.0119677,0.0427468,0.0300264;-1.6109,-0.0288618,-1.57115
0.0135683,0.0488197,0.0343759;-1.66495,0.0388016,-1.55748
0.0162228,0.0641959,0.0349858;-1.65054,0.100806,-1.54737
0.0182234,0.0685162,0.0325288;-1.63681,0.0973983,-1.55275
0.0177823,0.064241,0.0287358;-1.56828,0.0112088,-1.56582
0.016476,0.0623103,0.0286359;-1.57082,-0.0534018,-1.56812
0.0164328,0.0621889,0.0286397;-1.57079,-0.0661901,-1.56793
0.0174307,0.0640899,0.0304506;-1.52559,0.00505742,-1.5658
0.0182836,0.0652111,0.0363974;-1.41548,0.0382848,-1.5694
0.0197222,0.0663463,0.0390933;-1.36738,0.054238,-1.5821
0.0204762,0.0728847,0.0286779;-1.57047,0.0533462,-1.57689
0.0194761,0.0730983,0.0286145;-1.56918,-0.0382477,-1.57048
0.0195122,0.0731797,0.0285776;-1.57065,-0.0571613,-1.57036
0.0196766,0.0733103,0.0290046;-1.55648,0.00757064,-1.56474
0.0205363,0.0748435,0.030731;-1.52832,0.073073,-1.56288
0.0230095,0.0744662,0.0351777;-1.44658,0.142038,-1.5775
0.0264438,0.0793099,0.0288885;-1.5713,0.203571,-1.58468
0.0263851,0.0792405,0.0287907;-1.56106,0.194084,-1.57319
0.0261216,0.0796602,0.028581;-1.5709,0.152645,-1.57087
0.0261172,0.0793861,0.0287907;-1.56046,0.17988,-1.57243
0.0273394,0.0802899,0.0298287;-1.54452,0.234861,-1.56814
0.0284199,0.0795978,0.0334382;-1.51107,0.316682,-1.55756
0.0322537,0.068472,0.0288369;-1.56519,0.402002,-1.56582
0.0320165,0.0681352,0.0285786;-1.57079,0.400639,-1.57085
0.0315497,0.0662454,0.0286548;-1.57134,0.322701,-1.56757
0.0310525,0.06518,0.0290809;-1.55889,0.239838,-1.56047
0.0325994,0.0680088,0.0321098;-1.51637,0.273204,-1.57077
0.0347813,0.0735629,0.0368111;-1.46365,0.322919,-1.58234
0.0370942,0.0761891,0.0344902;-1.66879,0.297947,-1.53876
0.0382812,0.0701115,0.0345193;-1.68097,0.247824,-1.5609
0.0373436,0.066729,0.0349528;-1.67515,0.222924,-1.57283
0.0416661,0.0758628,0.0317798;-1.58558,0.118601,-1.6093
0.0438055,0.0802317,0.0330315;-1.53796,0.11924,-1.62549
0.0465956,0.0840231,0.0395676;-1.42385,0.171693,-1.65259
0.0479238,0.0759263,0.0431374;-1.36742,0.168015,-1.67581
0.0443067,0.0785636,0.0418468;-1.44701,0.13435,-1.6872
0.0427336,0.0856305,0.0344182;-1.56156,0.0882169,-1.6537
0.0434707,0.0880026,0.0344423;-1.55375,0.0630234,-1.64778
0.0418688,0.0916838,0.0348957;-1.57575,0.0413205,-1.6543
0.0392362,0.0903521,0.0376264;-1.53181,0.031139,-1.65826
0.0414675,0.0717547,0.0446882;-1.45483,0.0435802,-1.69985
0.0430534,0.0686304,0.0445301;-1.4823,0.000235081,-1.72166
0.0463993,0.0682527,0.0403395;-1.58612,0.0415184,-1.71995
0.0463648,0.0664145,0.0401761;-1.57882,0.0610531,-1.70942
0.039114,0.0650086,0.0393852;-1.5823,0.0575833,-1.70087
0.0274675,0.0625817,0.0383658;-1.525,0.0229595,-1.67408
0.0169391,0.0671544,0.038697;-1.44164,-0.0301561,-1.62114
0.0165921,0.0603759,0.0379503;-1.45182,-0.0163234,-1.61872
0.0187434,0.0582201,0.0332048;-1.52012,0.0195411,-1.61094
0.0214122,0.0552815,0.0286114;-1.57127,0.0825934,-1.57346
0.0213806,0.0556462,0.0290745;-1.55881,0.0742618,-1.58752
0.020966,0.0576004,0.0321006;-1.5189,0.0571556,-1.59807
0.0244231,0.0568915,0.0388203;-1.41044,0.108391,-1.62254
0.0235547,0.0460998,0.0367227;-1.4562,0.117262,-1.62474
0.0206888,0.0375036,0.0349427;-1.51593,0.0742649,-1.63574
0.0209193,0.0380384,0.036247;-1.6053,0.00822199,-1.64883
0.0205244,0.0448672,0.0345935;-1.5621,-0.0251319,-1.65986
0.0215626,0.0514903,0.0359284;-1.5245,-0.0234654,-1.65287
0.0226938,0.0611815,0.0418934;-1.3826,-0.00723043,-1.63148
0.0207082,0.0621231,0.0417404;-1.3855,-0.0309168,-1.63081
0.0188723,0.0640525,0.0405607;-1.41781,-0.0769021,-1.63034
0.0223756,0.0622203,0.0375797;-1.54621,-0.0355533,-1.68243
0.0252612,0.0601903,0.0373178;-1.53638,0.00302205,-1.67651
0.0299481,0.0559133,0.0374756;-1.50148,0.0820394,-1.66698
0.0309543,0.0496634,0.0436832;-1.31756,0.0975902,-1.64016
0.0269007,0.0559603,0.0457985;-1.31863,-0.0122971,-1.65025
0.0237788,0.0654943,0.0442224;-1.39875,-0.114888,-1.6595
0.0113491,0.076894,0.037652;-1.55502,-0.289003,-1.68751
0.0108979,0.0838932,0.0359236;-1.53697,-0.310908,-1.65241
0.0121319,0.0928312,0.0342164;-1.54275,-0.280005,-1.63454
0.0182824,0.108152,0.0364225;-1.50379,-0.0903482,-1.61719
0.0220369,0.0974965,0.0374884;-1.44706,-0.0994636,-1.60109
0.022859,0.0894773,0.0388045;-1.41405,-0.0866074,-1.59457
0.0176136,0.0943791,0.0339612;-1.56303,-0.14396,-1.64474
0.0145864,0.0856007,0.0306017;-1.56604,-0.0754998,-1.60515
0.0174546,0.0789845,0.0303437;-1.55229,0.0232774,-1.59854
0.0224199,0.0750045,0.0316537;-1.52266,0.116093,-1.60793
0.0272216,0.0959479,0.0405526;-1.40544,0.16192,-1.60122
0.028573,0.0949011,0.042272;-1.40369,0.112614,-1.6046
0.0259436,0.0822745,0.0373575;-1.43284,0.0526271,-1.60613
0.0282393,0.0738847,0.0287714;-1.56287,0.13997,-1.57323
0.0338726,0.0689716,0.0290532;-1.55156,0.311179,-1.58117
0.0355218,0.0696814,0.0294379;-1.54462,0.352477,-1.58099
0.0357391,0.0809356,0.0364302;-1.46413,0.398931,-1.58839
0.0368982,0.0823898,0.0394355;-1.42855,0.355188,-1.58936
0.0375799,0.0766691,0.0369582;-1.43397,0.353499,-1.60519
0.0305544,0.0711267,0.0306604;-1.53025,0.234876,-1.57598
0.0263875,0.0737816,0.029003;-1.5656,0.167426,-1.56707
0.0247295,0.0793332,0.0296367;-1.5553,0.134557,-1.56576
0.0324405,0.0934861,0.0345301;-1.47883,0.322682,-1.58074
0.0397485,0.0908027,0.0369182;-1.44383,0.359389,-1.59239
0.0466818,0.0789217,0.0373585;-1.41535,0.356135,-1.60873
0.0428874,0.0655964,0.0334643;-1.48007,0.263122,-1.59755
0.0398009,0.0661522,0.0294614;-1.56817,0.233938,-1.57199
0.0403903,0.0674754,0.0294001;-1.57362,0.268753,-1.56598
0.0390068,0.0883143,0.0351463;-1.49363,0.326749,-1.56958
0.0402956,0.0950057,0.0371796;-1.4683,0.337488,-1.58027
0.0464731,0.0889619,0.0381256;-1.43056,0.344576,-1.60033
0.0533458,0.0739571,0.0341767;-1.49659,0.342539,-1.64418
0.054805,0.068057,0.0332492;-1.54418,0.353556,-1.6356
0.054838,0.0594185,0.0336668;-1.61828,0.362367,-1.59745
0.0493655,0.0731292,0.0371273;-1.6276,0.472321,-1.60272
0.0429092,0.092452,0.0423495;-1.6033,0.454113,-1.61173
0.045397,0.100284,0.0441204;-1.5655,0.365883,-1.60822
0.0488906,0.0759427,0.0444731;-1.56902,0.338409,-1.63721
0.0458431,0.0598288,0.0379997;-1.63031,0.284417,-1.62714
0.0411583,0.052528,0.0384392;-1.65195,0.251585,-1.60259
0.0321922,0.069248,0.0439314;-1.72966,0.318934,-1.54471
0.0256148,0.0887211,0.042585;-1.67375,0.345398,-1.52947
0.0225394,0.114688,0.0453105;-1.6776,0.299416,-1.56086
0.0272703,0.145799,0.0429179;-1.73741,0.117736,-1.5834
0.0254162,0.147173,0.0403163;-1.78736,0.0541052,-1.57688
0.0210967,0.138093,0.0404635;-1.77465,0.000224799,-1.5679
0.0162837,0.126097,0.0359561;-1.62234,0.146374,-1.48321
0.0203181,0.1208,0.0367843;-1.58809,0.343935,-1.48268
0.0276551,0.11543,0.0386133;-1.53263,0.458098,-1.49781
0.031994,0.115426,0.0455107;-1.40329,0.296376,-1.55242
0.0253786,0.113331,0.0426664;-1.3806,0.18554,-1.56825
0.0158032,0.116149,0.0371395;-1.48069,0.0456479,-1.53846
0.0169412,0.132284,0.0341565;-1.57778,0.128209,-1.51575
0.0227354,0.135649,0.0371961;-1.52516,0.234916,-1.51669
0.0269787,0.136116,0.0419999;-1.46912,0.319521,-1.51575
0.0401583,0.120511,0.0480904;-1.31369,0.20046,-1.55252
0.0410453,0.117743,0.0447862;-1.28698,0.0843315,-1.5849
0.035499,0.12047,0.0378676;-1.41242,0.00128296,-1.56972
0.0315959,0.130115,0.0307881;-1.57784,-0.0871484,-1.54553
0.0330589,0.138334,0.0340498;-1.59242,-0.0352571,-1.51434
0.0315377,0.145728,0.036134;-1.60865,0.0767245,-1.50258
0.0416126,0.125194,0.0430954;-1.41437,0.174327,-1.53345
0.0457881,0.101877,0.0422746;-1.36306,0.198411,-1.57505
0.044253,0.0854379,0.0370737;-1.41605,0.191356,-1.59194
0.0355183,0.0966178,0.029884;-1.56494,0.0951773,-1.55425
0.0367718,0.107565,0.0347533;-1.51399,0.0769027,-1.53367
0.0381152,0.128967,0.039115;-1.51187,0.0843301,-1.51051
0.0450954,0.146344,0.0371006;-1.6215,-0.0539747,-1.48916
0.0446637,0.140634,0.0382959;-1.58046,-0.0915087,-1.48629
0.0419384,0.134187,0.0427094;-1.45869,-0.118192,-1.48099
0.0327201,0.123809,0.0345808;-1.58027,-0.162832,-1.50575
0.0306695,0.129978,0.0341252;-1.59267,-0.0523213,-1.50827
0.0276859,0.138394,0.0363589;-1.60203,0.0476996,-1.48755
0.0266377,0.148771,0.0383579;-1.62671,0.0358109,-1.47
0.029695,0.145206,0.0389148;-1.63688,-0.020699,-1.47391
0.0314995,0.133627,0.0438002;-1.55889,-0.0596436,-1.49054
0.0295696,0.0979984,0.0451472;-1.43796,-0.142198,-1.51397
0.0323702,0.0931389,0.0441344;-1.48561,-0.094326,-1.50912
0.0358884,0.106114,0.0487517;-1.48114,-0.102246,-1.49396
0.0373118,0.151277,0.0496823;-1.64587,-0.0324994,-1.55317
0.0401599,0.153162,0.0496465;-1.72483,-0.0905739,-1.57552
0.040253,0.144477,0.0532637;-1.64675,-0.132374,-1.55441
0.0519879,0.121485,0.0554333;-1.51913,-0.221648,-1.54563
0.0574133,0.133333,0.0473424;-1.7237,-0.137341,-1.57036
0.0587792,0.144125,0.0410224;-1.81855,-0.049802,-1.59352
0.0564758,0.135705,0.0412752;-1.75027,0.0498872,-1.59014
0.0580282,0.125061,0.0483203;-1.64025,-0.0341777,-1.59419
0.056767,0.109343,0.0482925;-1.46383,-0.11361,-1.58338
0.0547625,0.0784521,0.0406848;-1.35585,-0.103747,-1.57252
0.0547683,0.0790579,0.0376901;-1.40771,-0.0996325,-1.56924
0.0544714,0.0862132,0.0334681;-1.49594,-0.111086,-1.56775
0.0544714,0.0862132,0.0334681;-1.49594,-0.111086,-1.56775
0.055562,0.0887965,0.0375448;-1.43172,-0.0863359,-1.56507
0.055562,0.0887965,0.0375448;-1.43172,-0.0863359,-1.56507
