0,0,0.11;-1.57,-2.98023e-08,-1.57
0,0,0.11;-1.57,-2.98023e-08,-1.57
0,0,0.11;-1.57,-2.98023e-08,-1.57
-0.00127061,-0.00228991,0.0287526;-1.56573,-0.293446,-1.56562
-0.000303182,0.000519272,0.0285799;-1.57072,-0.188484,-1.57097
0.000198051,0.00440832,0.0291946;-1.58037,-0.0640551,-1.57616
-0.000914974,0.0111657,0.0353496;-1.69105,0.0582755,-1.57768
-0.000367068,0.00167194,0.0286598;-1.56958,-0.192059,-1.56782
-0.00187132,-0.00145724,0.0288264;-1.56276,-0.301163,-1.56425
-0.00290564,-0.00344139,0.0287035;-1.57023,-0.384129,-1.56459
-0.00071667,0.0010631,0.0286173;-1.56891,-0.212513,-1.57009
-6.11494e-05,0.00394151,0.0289914;-1.57192,-0.0494968,-1.57388
-0.000952849,0.00899085,0.0361743;-1.61185,0.112396,-1.58399
-0.00131042,-0.00244035,0.0305674;-1.59163,0.0418856,-1.58713
-0.00295876,-0.00685537,0.0287316;-1.56425,-0.0692397,-1.57107
-0.00342813,-0.00868499,0.0286883;-1.57069,-0.214026,-1.5655
-0.00312149,-0.00646872,0.0287473;-1.57012,-0.179779,-1.56343
-0.00162068,-0.00185037,0.0290818;-1.55176,-0.10557,-1.56282
-0.00127705,0.0164797,0.0332692;-1.63656,0.0248284,-1.56719
-0.00311799,0.0208402,0.0363271;-1.7135,0.0995669,-1.57153
0.000107744,0.0176692,0.0328511;-1.65413,-0.00172284,-1.57655
0.00130077,0.01204,0.0285797;-1.57089,-0.12441,-1.57068
0.00036,0.0110943,0.0286628;-1.56863,-0.182276,-1.56827
0.00139105,0.0133259,0.0287396;-1.57061,-0.105462,-1.56318
0.00244762,0.0192158,0.0293514;-1.57207,0.0233147,-1.56702
0.00287369,0.0276403,0.0341481;-1.66959,0.105413,-1.57156
0.00443748,0.025447,0.0321702;-1.64446,0.0697419,-1.57316
0.00532812,0.0208277,0.0286736;-1.57077,-0.0368472,-1.5663
0.00539896,0.0202214,0.0287113;-1.57089,-0.0521462,-1.56449
0.00575299,0.0217192,0.028732;-1.57093,0.0202525,-1.56341
0.011946,0.0373414,0.0333959;-1.4923,0.227129,-1.58733
0.0161592,0.0591034,0.038101;-1.66161,0.275657,-1.58116
0.0191191,0.0659961,0.0375536;-1.7173,0.207029,-1.57081
0.0252052,0.0670662,0.0285657;-1.57084,-0.0282564,-1.57007
0.0245638,0.0655615,0.0286036;-1.57036,-0.0879034,-1.5698
0.0248611,0.0657426,0.0287161;-1.56749,-0.0675685,-1.56738
0.0279423,0.0699118,0.0291401;-1.5767,0.205746,-1.57449
0.0295798,0.0769801,0.0350201;-1.65504,0.362342,-1.56817
0.0347239,0.087111,0.0388428;-1.72391,0.302113,-1.56694
0.0407778,0.0907686,0.0287748;-1.5686,0.116045,-1.58263
0.0416961,0.091215,0.028602;-1.57178,-0.00165179,-1.56907
0.0411566,0.0889464,0.0286911;-1.57078,-0.11185,-1.5653
0.0427409,0.0925194,0.0285997;-1.57155,0.146056,-1.57328
0.0455353,0.0909515,0.0318378;-1.53532,0.309467,-1.59116
0.0494463,0.0977744,0.0399758;-1.58082,0.420058,-1.59902
0.0497423,0.0952699,0.0338612;-1.64412,0.230663,-1.58245
0.0491258,0.0931587,0.0288791;-1.5757,0.131081,-1.57941
0.0512765,0.0942946,0.0287539;-1.57898,0.0167382,-1.5708
0.0528692,0.0941518,0.0286391;-1.56837,0.0900028,-1.57136
0.0550295,0.098254,0.0302779;-1.55904,0.231354,-1.58274
0.056653,0.110103,0.0364947;-1.67418,0.407452,-1.56131
0.0619295,0.109125,0.0332057;-1.65455,0.215033,-1.56858
0.0638464,0.110082,0.0291549;-1.59106,0.136057,-1.57577
0.062695,0.109519,0.0290678;-1.59018,0.141219,-1.57258
0.0619105,0.108387,0.0285917;-1.57043,0.296911,-1.57066
0.0643651,0.112008,0.0295432;-1.58139,0.446551,-1.57005
0.0658557,0.120416,0.0352777;-1.68598,0.618455,-1.53068
0.0605446,0.112308,0.035496;-1.70121,0.588829,-1.52611
0.0521314,0.10504,0.0322787;-1.6412,0.634897,-1.55379
0.0431195,0.10073,0.0291876;-1.60357,0.72428,-1.55416
0.0408185,0.100115,0.0286841;-1.57089,0.854175,-1.56575
0.045814,0.101979,0.0295147;-1.53649,0.931191,-1.59663
0.0604485,0.111529,0.0347809;-1.41637,1.02951,-1.70061
0.0710186,0.114957,0.0366179;-1.71589,0.98329,-1.50505
0.0669668,0.110869,0.0365615;-1.73645,0.918457,-1.48394
0.0615483,0.108377,0.0343677;-1.70919,0.911076,-1.494
0.0460543,0.105824,0.0286091;-1.57448,1.0484,-1.57488
0.0443183,0.104493,0.0290089;-1.56427,1.14067,-1.59358
0.0507741,0.104799,0.0316507;-1.49463,1.24843,-1.66443
0.0784155,0.110616,0.0430856;-2.28263,1.26829,-0.950772
0.0780073,0.107716,0.0409833;-2.10719,1.23961,-1.11815
0.0824611,0.102893,0.0364965;-1.89324,1.14561,-1.30333
0.0751926,0.1061,0.0305756;-1.71317,1.2046,-1.44293
0.0639196,0.110018,0.0288198;-1.56471,1.39106,-1.58893
0.0611023,0.107496,0.0289147;-1.04869,1.55307,-2.10024
0.0882985,0.107178,0.0410159;1.25184,1.42743,1.86467
0.100168,0.107964,0.0438998;3.00332,1.42078,0.0646796
0.104767,0.103266,0.0377945;-2.39466,1.40346,-0.801367
0.113809,0.0972103,0.0317201;-1.81326,1.27117,-1.34527
0.111485,0.0987459,0.0292673;-1.69842,1.33483,-1.45056
0.107839,0.100334,0.028856;-1.5638,1.47843,-1.5914
0.135284,0.104396,0.0408838;2.0719,1.4031,1.01689
0.150007,0.105675,0.0427884;2.98906,1.37767,0.0884857
0.149423,0.0996681,0.0380396;-2.52897,1.41663,-0.666481
0.151654,0.0975597,0.0309438;-1.75202,1.33482,-1.41297
0.150253,0.0982989,0.0291362;-1.63339,1.37225,-1.52361
0.149914,0.098493,0.028934;-1.59512,1.40857,-1.55957
0.162924,0.0978705,0.0377068;2.07649,1.35136,1.0253
0.160941,0.0964548,0.0417893;2.41184,1.32843,0.682928
0.14608,0.0925409,0.0397158;2.46334,1.40545,0.61868
0.129238,0.0955558,0.031868;2.07766,1.48664,1.03336
0.129712,0.0965513,0.0300522;1.60869,1.46231,1.50401
0.131166,0.0962761,0.0289274;1.58758,1.46602,1.53951
0.152619,0.087992,0.033507;1.54732,1.22558,1.58762
0.153681,0.0849288,0.0359358;1.77192,1.2351,1.33341
0.147169,0.0852783,0.0351145;1.72419,1.23626,1.36928
0.133684,0.08651,0.0345004;1.83228,1.33189,1.26468
0.11911,0.0985476,0.0291458;1.61592,1.15591,1.52042
0.118953,0.0994184,0.0289275;1.57167,1.12539,1.55403
0.120785,0.0968032,0.0295495;1.56108,1.07242,1.56322
0.15946,0.0670994,0.0407877;1.83285,0.915803,1.30145
0.157668,0.0654615,0.0391103;1.84225,0.971695,1.29407
0.150114,0.067156,0.0360612;1.78078,1.02693,1.35259
0.145462,0.0829415,0.0363036;1.80927,0.857275,1.37887
0.138751,0.0951015,0.0288552;1.57122,0.724399,1.55792
0.136368,0.0959232,0.0291753;1.55845,0.627175,1.55939
0.151348,0.0711166,0.0390409;1.43346,0.456411,1.62758
0.161873,0.0578905,0.040918;1.75088,0.57329,1.39723
0.15903,0.0546005,0.0362414;1.69283,0.673735,1.44495
0.156339,0.0554571,0.0379462;1.81233,0.676372,1.40705
0.156835,0.0622967,0.0391557;1.80785,0.566879,1.42377
0.153233,0.0758653,0.0294582;1.56397,0.459013,1.54835
0.157864,0.0591255,0.0371451;1.42883,0.250392,1.62459
0.164686,0.0480625,0.0404412;1.56966,0.368347,1.51348
0.164213,0.042327,0.0362319;1.63738,0.461836,1.47232
0.162436,0.0354448,0.0341362;1.62643,0.622768,1.47819
0.16239,0.0408065,0.0334132;1.59547,0.558952,1.49732
0.159442,0.0486505,0.0289559;1.5699,0.430309,1.55383
0.159349,0.0379289,0.0331637;1.49192,0.121556,1.5892
0.155642,0.0321009,0.0358977;1.51308,0.092874,1.53993
0.152761,0.0331496,0.0357768;1.5863,0.188046,1.49976
0.147479,0.0365385,0.032919;1.59102,0.301483,1.51067
0.148426,0.0419136,0.0312653;1.59609,0.263471,1.5329
0.148689,0.0433992,0.0289539;1.57407,0.222958,1.55553
0.140434,0.0394384,0.0310101;1.52823,-0.0703799,1.57482
0.140477,0.0271705,0.0352314;1.47028,-0.155074,1.57746
0.138544,0.0257398,0.036238;1.42983,-0.0994653,1.55824
0.142167,0.0201498,0.032336;1.56845,0.136213,1.51307
0.142668,0.0167913,0.0332428;1.59799,0.213143,1.51213
0.14473,0.0154861,0.0329206;1.58774,0.226081,1.51226
0.14626,0.00649722,0.0302651;1.56563,0.0936823,1.5503
0.148363,-0.0190227,0.0327557;1.63051,-0.0343491,1.55706
0.147879,-0.0268501,0.0397;1.69853,-0.097867,1.52185
0.139886,-0.00664764,0.0334662;1.59124,0.0609069,1.50961
0.13748,-0.00103091,0.0325822;1.58925,0.10427,1.5187
0.139031,0.00473646,0.0327768;1.60413,0.0419505,1.52554
0.137753,0.0119494,0.0305129;1.55245,-0.161317,1.53862
0.133746,0.00301608,0.0326552;1.5108,-0.294511,1.54324
0.133278,-0.0179751,0.0361717;1.48185,-0.354982,1.5352
0.130926,-0.026419,0.030319;1.58263,-0.0846723,1.54765
0.130663,-0.0231932,0.0294432;1.59215,-0.0574384,1.55888
0.135312,-0.0194546,0.0312655;1.63228,-0.120003,1.57086
0.141428,-0.0153435,0.0289437;1.564,-0.275317,1.55621
0.137282,-0.0271805,0.0297142;1.54804,-0.32775,1.56113
0.133112,-0.0469926,0.0336021;1.49555,-0.425924,1.54841
0.13194,-0.0604816,0.0290764;1.55877,-0.2332,1.55601
0.133128,-0.0621948,0.0287732;1.57105,-0.143012,1.56126
0.132634,-0.0629723,0.0290326;1.59262,-0.112879,1.57243
0.133051,-0.0651598,0.0286451;1.57089,-0.339933,1.57397
0.129491,-0.0686561,0.0290329;1.56196,-0.485849,1.57146
0.125686,-0.0763232,0.0303268;1.5591,-0.626034,1.57444
0.123783,-0.074146,0.0310214;1.52383,-0.578708,1.52766
0.125601,-0.0788702,0.0290283;1.56381,-0.459485,1.5524
0.124995,-0.0796662,0.028786;1.58046,-0.405134,1.57341
0.128881,-0.0808705,0.0285976;1.57038,-0.591826,1.57183
0.124459,-0.0818324,0.0287923;1.56433,-0.753735,1.57228
0.117745,-0.0855509,0.0296338;1.55561,-0.889575,1.56964
0.111123,-0.088915,0.0320682;1.46195,-0.909546,1.48442
0.113386,-0.0937081,0.0291986;1.53824,-0.81769,1.53992
0.113449,-0.0971704,0.0287369;1.57058,-0.710263,1.5633
0.110347,-0.0986518,0.0287587;1.57726,-0.603679,1.57125
0.109493,-0.0988144,0.0286206;1.57089,-0.683824,1.57297
0.103765,-0.100878,0.0289454;1.56033,-0.824253,1.57056
0.0885925,-0.113973,0.0306566;1.53966,-0.967569,1.53244
0.0883792,-0.115053,0.0294926;1.54665,-0.87671,1.54405
0.0882571,-0.117506,0.0286293;1.57058,-0.760015,1.56833
0.0887402,-0.117384,0.0287071;1.57679,-0.743684,1.57306
0.0890586,-0.117544,0.0285797;1.57072,-0.796327,1.5708
0.0855536,-0.117365,0.0287873;1.56316,-0.918878,1.57003
0.0711434,-0.120922,0.0324239;1.43505,-1.16602,1.4605
0.0760002,-0.118218,0.0306199;1.50858,-1.07975,1.52328
0.0815289,-0.116123,0.0286147;1.56762,-0.976464,1.56799
0.0826007,-0.116188,0.028688;1.57712,-0.903867,1.57463
0.0827018,-0.116731,0.0286218;1.57052,-0.965712,1.56818
0.0821452,-0.116976,0.0289137;1.54505,-0.974592,1.54798
0.0633176,-0.129963,0.0329422;1.43676,-1.16707,1.46878
0.057911,-0.136436,0.0323068;1.42757,-1.06499,1.44592
0.0546449,-0.142653,0.0287249;1.56312,-0.909229,1.56263
0.0528037,-0.145027,0.0285892;1.57141,-0.71228,1.57106
0.0526722,-0.144621,0.0285839;1.57095,-0.750532,1.5707
0.050528,-0.145162,0.0286666;1.57105,-0.840566,1.57559
0.050528,-0.145162,0.0286666;1.57105,-0.840566,1.57559
0.0439348,-0.149159,0.0293412;1.56922,-0.95576,1.58026
0.0439348,-0.149159,0.0293412;1.56922,-0.95576,1.58026
