0,0,0.11;-1.57,-2.98023e-08,-1.57
0,0,0.11;-1.57,-2.98023e-08,-1.57
0,0,0.11;-1.57,-2.98023e-08,-1.57
-0.000719633,-5.76016e-05,0.0286035;-1.57216,-0.265218,-1.56981
-0.000489909,-0.000889381,0.0286855;-1.57096,-0.160987,-1.57575
0.00100582,-0.000168406,0.0303166;-1.57758,-0.00359473,-1.59056
0.00324419,0.00867131,0.0380717;-1.70686,0.114208,-1.59657
0.00254498,0.00473431,0.028849;-1.5706,-0.00845192,-1.58361
0.00358232,0.00699584,0.0286128;-1.57217,-0.11612,-1.57246
0.00485832,0.00727457,0.0285851;-1.57107,-0.210415,-1.57065
0.00407609,0.00558607,0.0289733;-1.57152,-0.0864492,-1.58881
0.00704295,0.0106337,0.0323352;-1.59009,0.0317581,-1.60468
0.0101198,0.027111,0.0393;-1.73189,0.149635,-1.58777
0.0164953,0.0405403,0.0349305;-1.69387,0.00821525,-1.58047
0.0215598,0.043887,0.02912;-1.594,-0.121361,-1.57817
0.0220331,0.0443997,0.0286753;-1.57223,-0.219083,-1.57651
0.0214806,0.0438974,0.0285805;-1.57086,-0.14844,-1.57091
0.0204149,0.0473812,0.0298675;-1.59801,-0.0367261,-1.56916
0.0190174,0.0575221,0.0362384;-1.70956,0.0999604,-1.54885
0.0159854,0.0553345,0.0396038;-1.76457,0.245875,-1.53949
0.00927257,0.0443016,0.0349377;-1.69341,0.226442,-1.54794
0.0028467,0.0350142,0.0285484;-1.57126,0.175256,-1.57431
0.00263776,0.034748,0.0285802;-1.57077,0.145132,-1.57079
0.00410904,0.0351463,0.0286037;-1.56976,0.21527,-1.571
0.0081797,0.0311941,0.0302707;-1.54769,0.372626,-1.59286
0.0124728,0.0356057,0.0338198;-1.5017,0.413424,-1.62042
0.0171101,0.0458051,0.0310031;-1.55979,0.314308,-1.60815
0.0217745,0.0540273,0.0286297;-1.57069,0.0586684,-1.57414
0.02215,0.0544715,0.0285847;-1.57117,0.0379439,-1.57141
0.0217944,0.0540626,0.0287761;-1.57018,0.0667591,-1.58202
0.0276918,0.0633251,0.0376459;-1.71486,0.323793,-1.5391
0.0349298,0.0769144,0.0413262;-1.79782,0.458305,-1.50167
0.0382407,0.0789156,0.0404311;-1.77953,0.442598,-1.51578
0.026226,0.0696947,0.0290223;-1.57944,0.445266,-1.58031
0.0296372,0.0726308,0.0291115;-1.59383,0.343988,-1.56729
0.0307397,0.073543,0.0286657;-1.57514,0.319806,-1.56945
0.0351021,0.0784463,0.0310031;-1.58251,0.474708,-1.59126
0.0431768,0.0926009,0.0393718;-1.73578,0.627367,-1.51107
0.0446978,0.0975576,0.0399491;-1.76456,0.659224,-1.48676
0.0409753,0.0923795,0.0285299;-1.57091,0.445562,-1.57021
0.0396437,0.0917509,0.0286183;-1.5708,0.378181,-1.56891
0.0394755,0.0915374,0.0286217;-1.57081,0.37769,-1.56885
0.0420158,0.091949,0.0287559;-1.56263,0.555194,-1.57654
0.0489126,0.0984608,0.031493;-1.53366,0.634231,-1.6104
0.0612511,0.117403,0.0368343;-1.65415,0.63812,-1.5598
0.0673958,0.1236,0.0289329;-1.56394,0.438168,-1.58422
0.0662786,0.123698,0.0285766;-1.57065,0.382619,-1.57078
0.0661989,0.122118,0.028621;-1.57147,0.296394,-1.56871
0.0660186,0.121955,0.0288902;-1.57136,0.443501,-1.58659
0.0686732,0.119443,0.0324211;-1.54638,0.570848,-1.62345
0.0816829,0.130867,0.038584;-1.67528,0.690399,-1.55134
0.100291,0.147378,0.0358643;-1.72746,0.494244,-1.5068
0.0977233,0.146663,0.03149;-1.61586,0.475731,-1.57283
0.098133,0.147726,0.029247;-1.59551,0.454602,-1.56574
0.0927558,0.145667,0.0294244;-1.5764,0.642263,-1.58802
0.102275,0.153077,0.0336362;-1.60029,0.749578,-1.59327
0.118984,0.166338,0.0416529;-1.86399,0.778312,-1.4114
0.11129,0.164497,0.0341167;-1.65971,0.76626,-1.54485
0.108507,0.163049,0.0288833;-1.57089,0.728714,-1.5856
0.109261,0.164412,0.0286825;-1.57082,0.649898,-1.57595
0.109702,0.164335,0.028572;-1.57089,0.706761,-1.57089
0.112266,0.164323,0.0290125;-1.55574,0.806376,-1.58153
0.117028,0.168439,0.0304202;-1.53492,0.939428,-1.59999
0.119103,0.170115,0.029163;-1.5641,0.861369,-1.57683
0.11722,0.16819,0.0285905;-1.57105,0.754953,-1.56952
0.114535,0.166973,0.0285782;-1.57082,0.643294,-1.57086
0.113778,0.166572,0.0285825;-1.57073,0.606283,-1.57055
0.115049,0.166299,0.0286905;-1.56411,0.666487,-1.57501
0.119817,0.165659,0.0296525;-1.54887,0.790213,-1.58732
0.137209,0.178659,0.0368531;-1.69886,0.906872,-1.49457
0.139514,0.181251,0.0374814;-1.74663,0.790524,-1.46647
0.132908,0.174573,0.030215;-1.56021,0.689462,-1.6143
0.149133,0.179566,0.0350336;-1.72335,0.542806,-1.49774
0.155614,0.178404,0.0371332;-1.75641,0.560737,-1.48726
0.158569,0.175944,0.0393508;-1.70327,0.691549,-1.54882
0.178698,0.195727,0.0467777;-1.8135,0.910674,-1.48118
0.186349,0.209518,0.0500296;-1.94462,0.873795,-1.41069
0.180427,0.201609,0.0430135;-1.72281,0.858159,-1.56128
0.169603,0.187472,0.0296508;-1.57158,0.781588,-1.59254
0.170802,0.189285,0.0303281;-1.5506,0.78186,-1.61143
0.172736,0.186866,0.0306849;-1.48918,0.854922,-1.63907
0.183799,0.211911,0.0315724;-1.56302,1.06037,-1.58775
0.184458,0.212726,0.0329478;-1.63485,1.01933,-1.53491
0.181826,0.201692,0.0292987;-1.55389,0.917871,-1.5952
0.179369,0.200594,0.0285834;-1.57107,0.755919,-1.57027
0.17937,0.200539,0.0285922;-1.57002,0.771995,-1.57135
0.17951,0.200531,0.0287867;-1.55691,0.776367,-1.58035
0.19465,0.210237,0.0327808;-1.50843,0.965737,-1.60319
0.199004,0.212558,0.0328883;-1.63662,0.909071,-1.52938
0.193397,0.206858,0.0293069;-1.56697,0.810124,-1.58972
0.197601,0.207694,0.0300989;-1.61899,0.6313,-1.55132
0.204173,0.20891,0.0326484;-1.66369,0.599802,-1.53227
0.204225,0.208132,0.0351892;-1.65331,0.634719,-1.56983
0.224354,0.219478,0.0437479;-1.80118,0.86599,-1.46805
0.231577,0.226508,0.0439469;-1.88729,0.867578,-1.40081
0.229551,0.225343,0.0416069;-1.80583,0.884713,-1.46414
0.219388,0.224541,0.0341251;-1.63489,0.724196,-1.57902
0.22726,0.22827,0.0306113;-1.63261,0.624512,-1.53984
0.223499,0.227692,0.0300372;-1.59746,0.683543,-1.57289
0.222642,0.229553,0.0331308;-1.59849,0.803446,-1.59542
0.234526,0.248098,0.0389759;-1.73894,1.00273,-1.49235
0.233597,0.247871,0.03794;-1.7181,0.952501,-1.50273
0.231202,0.244385,0.0288837;-1.56992,0.876753,-1.58574
0.232815,0.245009,0.0285874;-1.57121,0.680098,-1.57006
0.233188,0.245303,0.0285852;-1.5703,0.718219,-1.57102
0.233844,0.245169,0.0286917;-1.56354,0.751639,-1.5756
0.244,0.260803,0.0309903;-1.61307,0.945917,-1.53509
0.245234,0.260698,0.0310239;-1.62409,0.87893,-1.52981
0.243861,0.255503,0.0286073;-1.57078,0.774015,-1.56949
0.241608,0.25354,0.0285824;-1.57096,0.642974,-1.57052
0.241694,0.253908,0.0285796;-1.57085,0.662786,-1.57075
0.24203,0.253786,0.0286819;-1.56471,0.673834,-1.57442
0.256403,0.260623,0.033949;-1.44383,0.858283,-1.65569
0.25593,0.260939,0.0334307;-1.45299,0.780653,-1.6604
0.255343,0.261528,0.0300553;-1.55518,0.701627,-1.60304
0.265073,0.264514,0.0301978;-1.61564,0.55046,-1.55815
0.2733,0.267507,0.0335421;-1.69097,0.482625,-1.51994
0.273105,0.266544,0.0359925;-1.70171,0.531406,-1.53528
0.285834,0.284796,0.0433856;-1.80847,0.79678,-1.4805
0.288885,0.2938,0.0443215;-1.83889,0.82211,-1.46353
0.287447,0.292134,0.0402933;-1.73229,0.819342,-1.53678
0.288009,0.29187,0.0330217;-1.60887,0.615607,-1.59687
0.294957,0.296149,0.0296859;-1.61006,0.53019,-1.55533
0.293654,0.295948,0.0291244;-1.58689,0.554868,-1.57458
0.288205,0.298908,0.0301547;-1.56768,0.740071,-1.58674
0.291367,0.3026,0.0312338;-1.59886,0.782246,-1.55786
0.296744,0.304877,0.0298444;-1.58755,0.771542,-1.56102
0.296737,0.300861,0.0285677;-1.57092,0.605385,-1.57094
0.296127,0.300402,0.0286028;-1.57084,0.573659,-1.56964
0.29631,0.30059,0.0286249;-1.57091,0.600192,-1.56851
0.298909,0.302254,0.0290069;-1.5556,0.656937,-1.57906
0.306183,0.312394,0.0299419;-1.56663,0.782855,-1.56628
0.306758,0.314472,0.0303847;-1.58485,0.802798,-1.5533
0.301688,0.303629,0.0285724;-1.57144,0.594041,-1.57083
0.303687,0.305028,0.0289297;-1.58563,0.48608,-1.56782
0.308168,0.307186,0.0292529;-1.60009,0.371698,-1.56578
0.307343,0.303969,0.0321132;-1.56677,0.486985,-1.62646
0.320435,0.307958,0.0370297;-1.55233,0.630531,-1.65729
0.331197,0.319058,0.0448116;-1.69816,0.704893,-1.56977
0.325188,0.309638,0.0403657;-1.72426,0.584349,-1.55188
0.31722,0.307964,0.0388585;-1.70862,0.499366,-1.5643
0.319456,0.315146,0.036116;-1.69956,0.381294,-1.55219
0.32164,0.314843,0.0368875;-1.66979,0.44132,-1.57856
0.327389,0.316948,0.0400979;-1.64968,0.571278,-1.60263
0.339879,0.333835,0.044239;-1.77557,0.707268,-1.50883
0.335059,0.347477,0.0347095;-1.63716,0.705566,-1.57448
0.332725,0.347775,0.0289752;-1.57736,0.670351,-1.58038
0.336149,0.348733,0.0287789;-1.58123,0.559767,-1.56622
0.338043,0.349219,0.0286552;-1.56766,0.593405,-1.57351
0.33949,0.351319,0.0290364;-1.55971,0.672138,-1.5787
0.34267,0.359799,0.0303182;-1.59088,0.752017,-1.55926
0.346968,0.362686,0.0286283;-1.57032,0.700345,-1.57378
0.346242,0.361978,0.0285838;-1.56994,0.630959,-1.57121
0.345151,0.361208,0.0285788;-1.57082,0.562271,-1.57092
0.345327,0.361368,0.0285776;-1.57098,0.568181,-1.57056
0.345821,0.361385,0.0287751;-1.5598,0.581204,-1.57638
0.350374,0.365326,0.0302016;-1.5395,0.639953,-1.58497
0.349766,0.363776,0.0325982;-1.52917,0.583424,-1.63277
0.348529,0.361027,0.0306681;-1.56529,0.534186,-1.60883
0.351649,0.361408,0.0299707;-1.58789,0.472951,-1.58587
0.368594,0.372619,0.0361547;-1.73203,0.298669,-1.527
0.366787,0.369136,0.0354273;-1.67447,0.360755,-1.56725
0.374405,0.371184,0.0395432;-1.63648,0.496958,-1.61603
0.390148,0.395979,0.0446069;-1.82296,0.652365,-1.49383
0.386413,0.396341,0.0417425;-1.74339,0.631265,-1.5415
0.379619,0.389946,0.0351461;-1.62558,0.570872,-1.60411
0.389751,0.400174,0.0312132;-1.61019,0.405493,-1.57826
0.391081,0.401842,0.0292262;-1.5918,0.406492,-1.57423
0.385264,0.401994,0.0298493;-1.5738,0.492759,-1.59252
0.383557,0.407861,0.0329096;-1.60263,0.649454,-1.56995
0.390033,0.41129,0.0295875;-1.5833,0.593586,-1.56573
0.392418,0.410494,0.0285694;-1.57051,0.512183,-1.57064
0.390877,0.409257,0.0285785;-1.57076,0.422034,-1.57092
0.391313,0.409667,0.0285791;-1.57073,0.474095,-1.57085
0.391653,0.409492,0.0285874;-1.5705,0.505944,-1.57181
0.394975,0.418526,0.0302859;-1.5816,0.644896,-1.56067
0.397268,0.417867,0.0293921;-1.57816,0.603467,-1.56414
0.395312,0.412883,0.0286283;-1.56821,0.505026,-1.57153
0.39417,0.411588,0.0285719;-1.5717,0.39051,-1.57105
0.393722,0.411762,0.0287008;-1.57707,0.421866,-1.56962
0.392973,0.410825,0.0290302;-1.56732,0.472031,-1.58925
0.392973,0.410825,0.0290302;-1.56732,0.472031,-1.58925
0.397209,0.41167,0.0324631;-1.54258,0.556,-1.62864
0.397209,0.41167,0.0324631;-1.54258,0.556,-1.62864
