0,0,0.11;-1.57,-2.98023e-08,-1.57
0,0,0.11;-1.57,-2.98023e-08,-1.57
0,0,0.11;-1.57,-2.98023e-08,-1.57
-0.000705129,-0.000313331,0.028597;-1.57081,-0.246759,-1.56963
0.000487059,0.00169355,0.0286397;-1.56955,-0.162946,-1.5688
0.00337495,0.005303,0.0287268;-1.56596,-0.000555843,-1.56858
0.00183005,0.00933877,0.0295767;-1.56945,0.192169,-1.56021
0.0036388,0.00134554,0.0289663;-1.58121,0.0498485,-1.56205
0.00439086,-0.00297877,0.0288661;-1.57517,-0.0176628,-1.57137
0.00373032,-0.00625365,0.0287781;-1.57072,-0.0411436,-1.58035
0.0044658,-0.00623944,0.0290084;-1.56652,-0.00483357,-1.58638
0.0058084,-0.00365654,0.0290569;-1.5646,0.0523192,-1.57733
0.00737703,0.00417389,0.03006;-1.55487,0.162873,-1.57596
0.00841619,0.013463,0.0317319;-1.54414,0.211629,-1.5474
0.00457398,0.0066217,0.0318577;-1.5588,0.0967771,-1.52652
-0.00132238,-0.00299261,0.032767;-1.53159,-0.0177264,-1.5271
-0.0019572,-0.006397,0.0306591;-1.51719,-0.0942784,-1.56122
-0.000351803,-0.0045413,0.0292678;-1.55029,-0.08186,-1.56222
0.00280621,0.00111399,0.0293606;-1.56146,-0.00467648,-1.55785
-0.000423919,0.00675849,0.0315056;-1.58703,0.137572,-1.54458
-0.003148,0.00248841,0.0288078;-1.57889,0.176619,-1.5724
-0.00571277,-0.00117657,0.0287375;-1.57116,0.222742,-1.57828
-0.00625495,-0.00212068,0.0292341;-1.59288,0.208445,-1.57646
-0.00652194,-0.00185546,0.0300657;-1.56643,0.191686,-1.60085
-0.00495421,0.000544265,0.0310255;-1.59238,0.177638,-1.58717
-0.000755391,0.00541944,0.0329002;-1.65214,0.206055,-1.56147
0.0019027,0.00714639,0.0305538;-1.61485,0.177996,-1.5717
0.00960064,0.0127287,0.0291241;-1.59252,-0.0435234,-1.57645
0.0114618,0.014766,0.0291025;-1.59394,-0.132751,-1.57648
0.0116008,0.0146518,0.028699;-1.57657,-0.143756,-1.57167
0.00981574,0.0224453,0.0342967;-1.52144,-0.0900068,-1.52363
0.00807096,0.033257,0.0363924;-1.55542,-0.0017654,-1.51256
0.00760681,0.0394557,0.0338984;-1.56439,-0.0312574,-1.51868
0.00270776,0.0323502,0.0327099;-1.48511,0.0551589,-1.57256
0.00504483,0.0311026,0.0299474;-1.54644,0.12021,-1.56348
0.008021,0.0311658,0.0297498;-1.55546,0.164696,-1.57467
0.00691198,0.0295577,0.0356177;-1.4337,0.162155,-1.58137
0.00587423,0.0311659,0.0390766;-1.38533,0.180393,-1.59396
0.00469939,0.0256702,0.0410704;-1.44751,0.240093,-1.59116
-0.0033,0.0172993,0.0335753;-1.47818,0.0389492,-1.58373
-0.00183644,0.0169542,0.0305256;-1.53859,0.0595612,-1.58624
-0.0024074,0.018723,0.0293898;-1.55257,0.0605408,-1.57502
-0.00715609,0.0201466,0.0339989;-1.4656,-0.00290221,-1.57896
-0.00557801,0.021983,0.0371366;-1.4178,0.060467,-1.57693
-0.00550271,0.026554,0.0400519;-1.38423,0.0718002,-1.58142
-0.00750308,0.0223025,0.0364447;-1.45553,-0.0424676,-1.60206
-0.00968678,0.023686,0.034649;-1.49158,-0.0602873,-1.59794
-0.010576,0.0233963,0.0313486;-1.52281,-0.0584821,-1.58151
-0.00815993,0.0200646,0.0333995;-1.49313,-0.0268455,-1.59714
-0.00583393,0.017393,0.0372242;-1.44039,0.0794607,-1.60772
-0.0037007,0.0155508,0.038963;-1.39663,0.202621,-1.61255
-0.00627098,0.0209453,0.037288;-1.42359,0.0696852,-1.60264
-0.00945877,0.0262748,0.0372449;-1.43392,-0.0294645,-1.59887
-0.0106996,0.0297063,0.0371446;-1.44335,-0.0629693,-1.59229
-0.00823544,0.02808,0.0398347;-1.44719,-0.0759578,-1.63508
-0.00561357,0.0247362,0.040821;-1.42739,0.00989742,-1.65079
-0.00551964,0.0234748,0.0429098;-1.4134,0.143399,-1.65228
-0.0171802,0.0229128,0.0395238;-1.38455,0.164981,-1.61821
-0.0226937,0.0229448,0.0385678;-1.38381,0.0455075,-1.59447
-0.0249631,0.028857,0.0358156;-1.4233,-0.0168069,-1.5686
-0.0270772,0.0284556,0.0348627;-1.44158,-0.0890663,-1.55168
-0.0269866,0.0267143,0.0346084;-1.44587,-0.0963677,-1.54987
-0.0247861,0.0292043,0.0353406;-1.46698,-0.0560065,-1.53756
-0.0263127,0.026462,0.0321765;-1.57755,0.0849326,-1.53101
-0.026488,0.0216466,0.0289884;-1.56783,0.043924,-1.562
-0.0269843,0.0189905,0.0288453;-1.56894,0.00606105,-1.55933
-0.0276788,0.0171926,0.0287737;-1.56912,-0.059792,-1.56256
-0.0275607,0.0178073,0.0287468;-1.571,-0.0170713,-1.56268
-0.0269339,0.0197068,0.0292422;-1.5652,0.054737,-1.56109
-0.0269989,0.025264,0.0333309;-1.57477,0.331316,-1.52376
-0.0253737,0.012344,0.0329858;-1.53226,0.312885,-1.54884
-0.0258145,0.00385779,0.0313209;-1.53,0.269784,-1.56498
-0.0293697,0.00691855,0.0289201;-1.56437,0.0786093,-1.58128
-0.0294857,0.0123453,0.0288876;-1.57234,-0.0485242,-1.58366
-0.0275669,0.0176478,0.0289886;-1.58035,-0.0876559,-1.58154
-0.0322017,0.026343,0.0305907;-1.59072,0.15426,-1.57226
-0.0344907,0.0289271,0.0309958;-1.59869,0.238936,-1.55281
-0.0342008,0.0274038,0.0298872;-1.59149,0.273818,-1.55072
-0.033324,0.0188518,0.0286892;-1.57273,0.104778,-1.56726
-0.0331241,0.0160573,0.0286072;-1.57089,0.0118586,-1.56951
-0.032992,0.0160382,0.0287326;-1.57757,-0.0255678,-1.57064
-0.0328262,0.0386196,0.0306881;-1.59452,0.132101,-1.57072
-0.032616,0.0452595,0.0338611;-1.65598,0.190561,-1.54695
-0.0315801,0.0383792,0.0294097;-1.59373,0.179758,-1.57251
-0.0298382,0.0302719,0.0292034;-1.59382,0.146982,-1.57187
-0.0310712,0.0299058,0.0302486;-1.60939,0.118725,-1.5606
-0.0314184,0.02687,0.0306467;-1.60382,0.0808245,-1.55706
-0.0385186,0.0340634,0.0325276;-1.51891,-0.00793582,-1.56401
-0.0388064,0.0471379,0.0297066;-1.56279,-0.0418865,-1.55746
-0.0406638,0.0464475,0.0294362;-1.5584,-0.123905,-1.55779
-0.0442864,0.0434052,0.0290121;-1.55074,-0.226925,-1.56478
-0.0434184,0.0438852,0.0290766;-1.5565,-0.199427,-1.5778
-0.0412889,0.043314,0.029208;-1.5534,-0.146385,-1.57239
-0.0464441,0.0421423,0.0339419;-1.50505,-0.193259,-1.55444
-0.0532563,0.0385105,0.0376347;-1.52469,-0.218186,-1.53001
-0.0599642,0.0426977,0.0420269;-1.58441,-0.222994,-1.52197
-0.0530427,0.0526008,0.0406195;-1.73472,-0.210817,-1.55417
-0.0525966,0.0421967,0.0330268;-1.54754,-0.203992,-1.51514
-0.0562033,0.0438339,0.0338301;-1.56312,-0.170693,-1.49606
-0.0635246,0.0541839,0.0383454;-1.67301,-0.10673,-1.51593
-0.0711673,0.0581647,0.0449582;-1.75107,-0.14954,-1.53501
-0.0698118,0.0553639,0.04869;-1.74797,-0.207912,-1.52329
-0.0671074,0.0555746,0.0434898;-1.7187,-0.26199,-1.50654
-0.0580048,0.0514137,0.0330253;-1.54827,-0.203799,-1.51188
-0.0529893,0.0584831,0.0318481;-1.57519,-0.0606098,-1.51938
-0.0511928,0.0601564,0.0319247;-1.58185,0.098547,-1.52236
-0.0595848,0.0504171,0.0382715;-1.58495,0.0653769,-1.47678
-0.0615022,0.044914,0.0448116;-1.64277,-0.0196468,-1.46825
-0.0615176,0.0408016,0.0464194;-1.66099,-0.0537115,-1.47049
-0.0603687,0.0405561,0.0414715;-1.60233,-0.0863762,-1.45147
-0.0537606,0.0488235,0.0391241;-1.59888,-0.0380611,-1.44842
-0.0508776,0.0601566,0.0375456;-1.61632,0.0685374,-1.4662
-0.0540613,0.0608068,0.0350426;-1.59721,0.271872,-1.4921
-0.054472,0.0475892,0.0354234;-1.59052,0.200012,-1.48942
-0.0523967,0.0398388,0.0352561;-1.60113,0.0597476,-1.48307
-0.0481538,0.0255015,0.0341513;-1.57293,-0.138676,-1.49439
-0.0496545,0.0248626,0.0349781;-1.5557,-0.141877,-1.48728
-0.0499943,0.0331387,0.0361808;-1.57613,-0.0709759,-1.46844
-0.0524419,0.0507387,0.0361049;-1.62589,0.189859,-1.48614
-0.0572074,0.0546332,0.0365543;-1.70076,0.273547,-1.53134
-0.0568616,0.0529545,0.038233;-1.73582,0.241258,-1.5242
-0.0502254,0.0380925,0.0378953;-1.72941,0.081506,-1.53461
-0.0509404,0.0267497,0.0364637;-1.66714,-0.000638992,-1.52744
-0.0528611,0.0238629,0.0337247;-1.59108,-0.000466436,-1.50873
-0.0560885,0.0458197,0.0389772;-1.56453,0.102296,-1.47301
-0.0557667,0.0575986,0.0447188;-1.55133,0.159586,-1.47718
-0.0561627,0.0578425,0.0458671;-1.52818,0.19836,-1.47178
-0.0509935,0.0406866,0.0398011;-1.457,0.133362,-1.49382
-0.0507218,0.0437346,0.0385904;-1.46033,0.137763,-1.50929
-0.0510054,0.043985,0.0385073;-1.45988,0.132646,-1.51076
-0.0457287,0.0522473,0.0400733;-1.38048,0.260378,-1.5897
-0.0442852,0.052461,0.0397581;-1.39014,0.298899,-1.58928
-0.0448009,0.0465736,0.0407426;-1.38649,0.281013,-1.57212
-0.0472973,0.0373046,0.0377755;-1.41766,0.202068,-1.56823
-0.0453584,0.038586,0.0348416;-1.46877,0.208851,-1.56287
-0.043935,0.0427374,0.0332032;-1.52064,0.245538,-1.54436
-0.0367523,0.0498776,0.0352997;-1.46869,0.35208,-1.57415
-0.0390696,0.0473128,0.036825;-1.43106,0.320372,-1.58502
-0.039131,0.0480813,0.03854;-1.39542,0.327283,-1.59567
-0.0419235,0.0460564,0.0348479;-1.47935,0.262537,-1.5625
-0.0451231,0.0438909,0.0319655;-1.51975,0.191142,-1.56998
-0.0453818,0.0437605,0.0301748;-1.55405,0.178514,-1.56855
-0.0454829,0.0475285,0.0304936;-1.55621,0.141577,-1.58879
-0.0429406,0.0514171,0.0327644;-1.56519,0.151945,-1.59957
-0.0419332,0.0542414,0.0337693;-1.51512,0.160963,-1.60561
-0.0440277,0.0576489,0.0313493;-1.52685,0.10216,-1.57925
-0.0434061,0.0588161,0.028763;-1.57398,0.112172,-1.57594
-0.0431145,0.0610508,0.030505;-1.5932,0.135394,-1.55152
-0.0446082,0.0600543,0.0321081;-1.57862,0.0323797,-1.53059
-0.046563,0.0561658,0.0305523;-1.53823,-0.00657554,-1.56719
-0.0439323,0.0614235,0.0304623;-1.54846,0.0630205,-1.56955
-0.045522,0.0561165,0.0294281;-1.58491,0.0329256,-1.57215
-0.0453803,0.0522155,0.0290434;-1.58671,0.0158582,-1.57749
-0.0450499,0.0518696,0.028954;-1.58018,-0.0167801,-1.57944
-0.0451196,0.0507498,0.0289641;-1.57495,0.0251154,-1.58468
-0.0453352,0.0505768,0.0290452;-1.58503,0.0448614,-1.57834
-0.0464319,0.0526111,0.0301154;-1.57459,0.0348192,-1.56674
-0.0555223,0.060233,0.0343286;-1.62266,-0.0957163,-1.59154
-0.0565067,0.063085,0.0358302;-1.69852,-0.16462,-1.60888
-0.054438,0.0650571,0.0360378;-1.72566,-0.19939,-1.60467
-0.0537351,0.0619071,0.0336107;-1.61909,-0.180999,-1.62212
-0.0513343,0.0662098,0.0332511;-1.58942,-0.127278,-1.62309
-0.0493238,0.0715178,0.0360019;-1.61151,-0.0530736,-1.60654
-0.0537321,0.0885218,0.0485016;-1.60042,-0.0424117,-1.54137
-0.0592777,0.0825655,0.0496748;-1.60957,-0.175012,-1.54408
-0.065928,0.0749489,0.0463354;-1.61827,-0.29719,-1.56421
-0.0689825,0.0728819,0.0435677;-1.48824,-0.240436,-1.62862
-0.0710559,0.0748058,0.0435567;-1.43228,-0.199063,-1.63666
-0.0755195,0.0752041,0.0385599;-1.48086,-0.227575,-1.60886
-0.0752834,0.0908195,0.0487512;-1.52971,-0.151625,-1.59462
-0.0774883,0.0918751,0.0465487;-1.59706,-0.230098,-1.55702
-0.0804936,0.0889786,0.0462527;-1.62801,-0.297969,-1.55384
-0.0848922,0.0820303,0.0414393;-1.57606,-0.334098,-1.55188
-0.0742856,0.0866187,0.0371347;-1.5968,-0.248777,-1.54856
-0.062789,0.100284,0.0389814;-1.6692,-0.156953,-1.50879
-0.0575372,0.111278,0.043399;-1.74713,-0.0187665,-1.48884
-0.0551706,0.108486,0.0452028;-1.75365,-0.0758943,-1.48294
-0.0546864,0.107721,0.0463692;-1.73513,-0.130766,-1.46757
-0.0552132,0.109075,0.0473923;-1.7103,-0.164374,-1.43114
-0.054904,0.111607,0.0472971;-1.6992,-0.139208,-1.4201
-0.0554514,0.112451,0.0471735;-1.69685,-0.135326,-1.42028
-0.0554514,0.112451,0.0471735;-1.69685,-0.135326,-1.42028
-0.0577011,0.115132,0.0455471;-1.70716,-0.111602,-1.4463
-0.0577011,0.115132,0.0455471;-1.70716,-0.111602,-1.4463
