0,0,0.11;-1.57,-2.98023e-08,-1.57
0,0,0.11;-1.57,-2.98023e-08,-1.57
0,0,0.11;-1.57,-2.98023e-08,-1.57
-0.000109889,0.00171904,0.0285806;-1.57077,-0.285816,-1.57087
-0.00139661,-4.3669e-05,0.0286278;-1.57134,-0.183729,-1.57289
-0.00216223,-0.00258841,0.0287527;-1.57124,-0.0924142,-1.57836
0.00118559,-0.0106919,0.031197;-1.55417,0.031159,-1.60486
-0.00286187,0.00191129,0.0317117;-1.50345,-0.0721257,-1.56855
-0.00426081,0.0078893,0.0291547;-1.55703,-0.129312,-1.55935
-0.00551202,0.00560806,0.0299857;-1.54796,-0.201,-1.54908
-0.00351726,0.0146828,0.0305724;-1.55137,-0.101378,-1.53696
-0.00271267,0.0190438,0.0301775;-1.56138,-0.0601232,-1.53707
0.000273894,0.0263389,0.0311706;-1.56772,0.0398892,-1.5266
-0.00247889,0.0184012,0.0330826;-1.53371,-0.0880569,-1.51772
-0.00747004,0.0101785,0.0325125;-1.52875,-0.209052,-1.51972
-0.0116304,0.00455841,0.0332507;-1.47263,-0.287913,-1.528
-0.0119705,0.0049961,0.0355258;-1.44515,-0.230492,-1.51507
-0.00879812,0.0122592,0.0355284;-1.47576,-0.139932,-1.50726
-0.00564593,0.019017,0.0357643;-1.53505,-0.089831,-1.48101
0.00586609,0.030051,0.0303272;-1.53326,0.0551756,-1.55956
0.00719128,0.032193,0.0288217;-1.56268,0.0261645,-1.56749
0.00692264,0.0335261,0.0285911;-1.57033,-0.0226276,-1.57131
0.00611886,0.0323317,0.028875;-1.56542,-0.120417,-1.56138
0.00527013,0.0319219,0.0289764;-1.56971,-0.111126,-1.55625
0.00367968,0.0295609,0.0295453;-1.56578,-0.118186,-1.55427
0.000139347,0.0244547,0.0305261;-1.53163,-0.123094,-1.55865
-0.0051125,0.0178282,0.0321553;-1.49239,-0.200831,-1.55354
-0.00833722,0.022407,0.0357172;-1.43533,-0.400727,-1.5308
-0.00728821,0.0263343,0.0342012;-1.45964,-0.449739,-1.52534
-0.00616371,0.0286646,0.0315826;-1.51305,-0.417665,-1.54131
-0.00175209,0.0266596,0.0380939;-1.43776,-0.240357,-1.53909
-0.00481324,0.0211241,0.0377704;-1.44467,-0.136196,-1.52782
-0.00753031,0.018119,0.0365917;-1.42197,-0.158875,-1.53178
-0.0083803,0.021496,0.0343682;-1.44751,-0.229943,-1.5447
-0.0112172,0.0291373,0.0294121;-1.54174,-0.289574,-1.55447
-0.0118185,0.0334686,0.0310335;-1.52082,-0.269305,-1.53999
-0.0129092,0.0282483,0.0288504;-1.56435,-0.328184,-1.5618
-0.0129284,0.0280367,0.0286369;-1.57109,-0.338325,-1.56812
-0.0127349,0.0282873,0.028802;-1.56534,-0.332059,-1.56353
-0.0146802,0.0296967,0.0295107;-1.54202,-0.396707,-1.56112
-0.0193981,0.0366777,0.0300786;-1.5305,-0.466328,-1.55437
-0.0258645,0.0462999,0.0294151;-1.54378,-0.542797,-1.55873
-0.0261755,0.0522053,0.0321836;-1.49278,-0.427264,-1.53309
-0.0235654,0.0617687,0.0377457;-1.44197,-0.252961,-1.49613
-0.0225444,0.0644575,0.0394013;-1.45,-0.141648,-1.48665
-0.0139889,0.0594746,0.049325;-1.26346,-0.299749,-1.4521
-0.0100837,0.0587615,0.0538862;-1.23338,-0.372167,-1.44757
-0.00469934,0.0627653,0.0539966;-1.22562,-0.436793,-1.47103
-0.013366,0.0657729,0.048617;-1.37324,-0.417117,-1.50793
-0.0160492,0.0580543,0.0438391;-1.28104,-0.346787,-1.48573
-0.01871,0.055075,0.0374068;-1.43925,-0.238401,-1.58477
-0.0245895,0.0660761,0.0341473;-1.48614,-0.352708,-1.56952
-0.0225268,0.0775354,0.0340394;-1.52797,-0.459315,-1.60435
-0.0139347,0.0849992,0.0366028;-1.53337,-0.530266,-1.63775
-0.00373403,0.0664962,0.0446311;-1.34923,-0.396198,-1.56184
-0.00041734,0.0546662,0.0448056;-1.30647,-0.304591,-1.5445
0.00115621,0.0512261,0.0408308;-1.3943,-0.24219,-1.59009
-0.0145092,0.0632699,0.0356642;-1.53758,-0.421945,-1.6435
-0.0192033,0.0669089,0.0341588;-1.54518,-0.506882,-1.62839
-0.0209472,0.069074,0.0329322;-1.55565,-0.5574,-1.62284
-0.016689,0.0687496,0.0365667;-1.54048,-0.52901,-1.64473
-0.0219185,0.070083,0.037531;-1.60137,-0.472477,-1.65949
-0.0266952,0.0690864,0.033174;-1.57626,-0.330477,-1.61815
-0.0283187,0.0669958,0.0287202;-1.57479,-0.322099,-1.57506
-0.0293289,0.0674181,0.0290506;-1.55559,-0.386192,-1.57332
-0.030727,0.0683201,0.0291888;-1.54956,-0.446506,-1.57141
-0.0290743,0.0744067,0.0310136;-1.53937,-0.437131,-1.57353
-0.0302731,0.0748217,0.0343752;-1.51088,-0.366478,-1.56177
-0.0304738,0.0628598,0.0378806;-1.42454,-0.256952,-1.55699
-0.027165,0.0289774,0.0398931;-1.33671,-0.236884,-1.514
-0.0299512,0.0282256,0.0403532;-1.32823,-0.293009,-1.49999
-0.033708,0.0302554,0.0418645;-1.29394,-0.351705,-1.47774
-0.0326621,0.0385725,0.0458283;-1.24877,-0.402867,-1.48292
-0.0258554,0.0358088,0.0466071;-1.26455,-0.347444,-1.51734
-0.0208928,0.0327924,0.0460794;-1.28937,-0.29063,-1.54464
-0.0142491,0.0256728,0.0405962;-1.32586,-0.120165,-1.54985
-0.0211149,0.0276113,0.037769;-1.39586,-0.231738,-1.54419
-0.0318975,0.0334069,0.0321887;-1.49665,-0.403198,-1.54604
-0.0384436,0.0389782,0.0287996;-1.5711,-0.599495,-1.58037
-0.0347046,0.0383298,0.0296366;-1.57367,-0.498187,-1.59242
-0.0287098,0.0376466,0.0321924;-1.55883,-0.364218,-1.61905
-0.0270186,0.0376434,0.0288216;-1.574,-0.111336,-1.57938
-0.0286143,0.0382384,0.0291818;-1.54806,-0.175205,-1.57319
-0.0312516,0.0407541,0.0288835;-1.56352,-0.264035,-1.57637
-0.0354013,0.0441947,0.0289207;-1.56026,-0.452503,-1.57335
-0.0334412,0.0420271,0.0295576;-1.55479,-0.383961,-1.57279
-0.0249647,0.0330526,0.0350022;-1.48798,-0.275789,-1.5848
-0.0259553,0.0229891,0.0333845;-1.47358,-0.154559,-1.55671
-0.0252605,0.0248334,0.0342491;-1.46094,-0.169171,-1.54752
-0.0249401,0.0249761,0.0379768;-1.39332,-0.199006,-1.53195
-0.0297243,0.0277139,0.0389533;-1.36325,-0.310944,-1.50553
-0.0311006,0.0290341,0.0371588;-1.41942,-0.328318,-1.50782
-0.0325497,0.028038,0.0355594;-1.52884,-0.342205,-1.51286
-0.020884,0.00845565,0.0382418;-1.5644,-0.201739,-1.51962
-0.0179511,-0.00301854,0.0399235;-1.5547,-0.156908,-1.49436
-0.0184492,-0.00633581,0.0413004;-1.50109,-0.162191,-1.47184
-0.0248635,0.00388636,0.0420952;-1.50155,-0.238974,-1.46561
-0.0194066,0.0175789,0.0397487;-1.51605,-0.20819,-1.49431
-0.0171596,0.0218304,0.0379427;-1.53162,-0.175379,-1.52206
-0.0162325,0.0232018,0.037314;-1.50192,-0.0961524,-1.52636
-0.00773665,0.0183149,0.0410944;-1.42688,0.0688206,-1.51641
-0.00921692,0.0222163,0.0406254;-1.43841,0.0498606,-1.52179
-0.00836042,0.0247102,0.0367027;-1.47612,-0.00970212,-1.54719
-0.0109039,0.0299987,0.0363308;-1.64498,-0.133471,-1.55941
-0.00972429,0.0340672,0.0367053;-1.63117,-0.0914852,-1.58015
-0.0114083,0.0358964,0.0342247;-1.65399,-0.0467955,-1.59518
-0.0159433,0.0337235,0.0346296;-1.66834,0.0489036,-1.57377
-0.0159537,0.0315001,0.0342947;-1.59486,0.0157277,-1.55774
-0.0129369,0.0263491,0.0377624;-1.51478,-0.0539933,-1.52791
-0.010895,0.0135904,0.0394757;-1.41085,-0.178854,-1.51439
-0.00829684,0.00771536,0.039346;-1.42283,-0.179699,-1.52345
-0.00557307,0.00743887,0.0388593;-1.40844,-0.134243,-1.53882
-0.0022599,0.00965685,0.03619;-1.43546,-0.00537648,-1.5627
-0.00360641,0.0110681,0.0338703;-1.4754,-0.0268368,-1.56704
-0.00637842,0.0136794,0.0329107;-1.50821,-0.123376,-1.58452
-0.0109949,0.01013,0.0292914;-1.57843,-0.276258,-1.58615
-0.0120924,0.00889709,0.0288547;-1.57776,-0.300003,-1.57926
-0.0109907,0.0085732,0.0290909;-1.57283,-0.284928,-1.57612
-0.0103402,0.00666253,0.0289732;-1.57268,-0.143916,-1.57772
-0.00745989,0.00356094,0.0295953;-1.57614,-0.0871395,-1.59063
-0.00350433,0.00845772,0.0326135;-1.59586,-0.20193,-1.62187
0.00145664,0.0180884,0.0381571;-1.76869,-0.455672,-1.64786
0.00413243,0.019258,0.0385255;-1.74555,-0.556899,-1.63055
0.00428279,0.0196842,0.0386848;-1.67517,-0.584546,-1.55084
-0.00178737,0.0325481,0.0336337;-1.58238,-0.535059,-1.51368
-0.00741655,0.038448,0.033486;-1.62775,-0.437189,-1.55348
-0.0142629,0.0442509,0.0370432;-1.70641,-0.337992,-1.58216
-0.015255,0.0459289,0.042699;-1.79613,-0.297296,-1.59462
-0.0159677,0.0475631,0.0441437;-1.82134,-0.305569,-1.59833
-0.0181248,0.0493549,0.0433193;-1.79084,-0.271686,-1.56688
-0.0273658,0.0514973,0.0387115;-1.68608,-0.132897,-1.51657
-0.0349048,0.059396,0.0379182;-1.7127,-0.0048862,-1.53382
-0.0359689,0.0616463,0.0344896;-1.67066,0.0598032,-1.54744
-0.0187964,0.0488875,0.0310326;-1.62819,-0.180216,-1.58465
-0.0135604,0.0515825,0.0317624;-1.64647,-0.263765,-1.59712
-0.0124068,0.0489661,0.0324103;-1.63873,-0.258933,-1.60722
-0.0285582,0.0319171,0.0291174;-1.56623,-0.16627,-1.57931
-0.0331321,0.0237847,0.0295922;-1.54841,-0.0520816,-1.57783
-0.0337797,0.0158988,0.0300766;-1.53798,0.118219,-1.57787
-0.0343698,0.026588,0.035608;-1.501,0.0154252,-1.53908
-0.0283437,0.0416908,0.0332641;-1.56452,-0.118428,-1.52277
-0.0256579,0.0459324,0.03179;-1.57929,-0.14604,-1.5328
-0.0372877,0.0544477,0.0354611;-1.59702,0.0140897,-1.49276
-0.0391071,0.0494622,0.0357271;-1.5838,0.100262,-1.4918
-0.0366416,0.0356174,0.0334986;-1.57419,0.193183,-1.51144
-0.0404622,0.0330524,0.0348828;-1.50211,0.0770435,-1.54349
-0.0358769,0.0471733,0.0390405;-1.44203,-0.00416819,-1.54727
-0.0297225,0.0630995,0.0376251;-1.50367,-0.107891,-1.51523
-0.0266402,0.0707854,0.0336712;-1.59298,-0.0886755,-1.51818
-0.0346187,0.0491082,0.0335477;-1.51126,0.0406302,-1.57425
-0.0318547,0.0258663,0.0357438;-1.44418,0.183078,-1.60936
-0.0296738,0.0236313,0.0350318;-1.47306,0.147778,-1.61794
-0.0294732,0.0301568,0.0361914;-1.47631,0.0652925,-1.63036
-0.0232096,0.0399831,0.0376371;-1.4969,-0.0131669,-1.65723
-0.019032,0.0673292,0.037922;-1.59784,0.0187593,-1.64484
-0.0248905,0.0695299,0.042851;-1.68849,0.0952449,-1.61915
-0.0274859,0.0604183,0.0452384;-1.64182,0.213678,-1.64225
-0.0417434,0.0226636,0.041529;-1.37025,0.26411,-1.6047
-0.0396634,0.0221683,0.0432108;-1.30315,0.166788,-1.63057
-0.0396686,0.0280515,0.043751;-1.33612,0.0570596,-1.62437
-0.0264223,0.0465267,0.0529848;-1.3936,0.036462,-1.61306
-0.025915,0.059329,0.059009;-1.45918,0.149341,-1.61515
-0.0303627,0.0715807,0.053381;-1.58481,0.290367,-1.63639
-0.0375456,0.0690799,0.0411697;-1.59245,0.491304,-1.6717
-0.0278149,0.0619356,0.0414405;-1.52052,0.402439,-1.68803
-0.0257196,0.0590368,0.04482;-1.47864,0.282273,-1.67866
-0.0333124,0.0651229,0.0473086;-1.58076,0.0489108,-1.62881
-0.0389392,0.0738094,0.0497356;-1.61728,0.0912392,-1.6074
-0.0496058,0.0812206,0.0485594;-1.68105,0.253487,-1.60805
-0.0524706,0.0761927,0.0446719;-1.64605,0.528244,-1.60865
-0.0534983,0.0679945,0.044134;-1.55142,0.41755,-1.57028
-0.0527459,0.0529171,0.0487257;-1.37555,0.283932,-1.54962
-0.0597077,0.0364945,0.0504952;-1.27664,0.107792,-1.5641
-0.0630299,0.0432858,0.0498267;-1.3293,0.161763,-1.53665
-0.0637699,0.0612432,0.043415;-1.49405,0.256306,-1.47512
-0.0712059,0.0794535,0.0375214;-1.69503,0.518552,-1.46201
-0.0668794,0.0780428,0.0368707;-1.67676,0.493565,-1.47731
-0.0646357,0.0722876,0.0371292;-1.60855,0.409871,-1.47123
-0.0504551,0.0791125,0.0439592;-1.54486,0.154047,-1.51183
-0.0422445,0.080028,0.0391222;-1.72262,0.126292,-1.54228
-0.0377826,0.076806,0.0464632;-1.72878,0.267198,-1.58812
-0.0377826,0.076806,0.0464632;-1.72878,0.267198,-1.58812
-0.0375474,0.0725553,0.0477162;-1.68833,0.369771,-1.61909
-0.0375474,0.0725553,0.0477162;-1.68833,0.369771,-1.61909
