0,0,0.11;-1.57,-2.98023e-08,-1.57
0,0,0.11;-1.57,-2.98023e-08,-1.57
0,0,0.11;-1.57,-2.98023e-08,-1.57
-0.000369667,0.00208374,0.0286312;-1.57064,-0.284288,-1.57322
-0.000208154,0.00382413,0.0288068;-1.5731,-0.320809,-1.5808
0.000486583,0.00596447,0.029094;-1.5814,-0.348081,-1.58942
-0.00294411,-0.00382918,0.0317928;-1.59983,-0.204087,-1.60876
-0.00338762,-0.00806622,0.028707;-1.57045,-0.193538,-1.57686
-0.00287998,-0.00744319,0.0286372;-1.57369,-0.233477,-1.57164
-0.00327318,-0.00773853,0.0286304;-1.57326,-0.226193,-1.57139
-0.00353944,-0.00742056,0.0285963;-1.57051,-0.200463,-1.57159
-0.00340882,-0.00719895,0.0285823;-1.57072,-0.197107,-1.571
-0.00213869,-0.00528736,0.0290273;-1.57582,-0.16467,-1.57871
-0.000343443,-0.000263394,0.0291607;-1.59033,-0.17415,-1.58292
0.000302061,0.000537947,0.0286656;-1.57482,-0.197535,-1.57186
0.000533177,0.000761332,0.0285859;-1.57004,-0.199535,-1.57081
0.0014326,0.000434848,0.0286471;-1.5677,-0.136704,-1.57023
0.00206433,8.10444e-05,0.0291027;-1.55016,-0.0937391,-1.57322
0.00188887,0.000729019,0.0294083;-1.5429,-0.091724,-1.57488
0.00260443,0.0102338,0.0296585;-1.57645,-0.0154842,-1.57814
0.00293022,0.0121742,0.0291257;-1.58879,0.0117839,-1.57891
0.00116223,0.00966369,0.0291996;-1.59066,0.0852885,-1.5794
-0.000741613,0.00519254,0.0286397;-1.57086,0.211138,-1.57367
-0.000695572,0.00492688,0.0285799;-1.57088,0.265476,-1.57064
-0.000460857,0.00433214,0.0286429;-1.56902,0.319543,-1.57306
-0.000514275,0.00325973,0.029133;-1.56219,0.37793,-1.56852
-0.00175967,0.00302689,0.0299489;-1.56283,0.387013,-1.54924
2.58915e-05,-0.00222246,0.0300157;-1.58093,0.233106,-1.54836
0.000744972,-0.00577337,0.0287089;-1.57095,0.138149,-1.56464
0.000710657,-0.00666294,0.0287138;-1.57025,0.0924561,-1.56489
0.00466884,-0.00237129,0.0292256;-1.5558,0.203703,-1.56989
0.00564052,0.000571638,0.0297265;-1.55919,0.266455,-1.5657
0.00232677,-0.000508187,0.0308711;-1.56995,0.276877,-1.53924
-0.00760063,-0.0222075,0.0292738;-1.58741,0.32891,-1.55712
-0.00891601,-0.0274229,0.0294163;-1.5894,0.341726,-1.55949
-0.0128174,-0.0321469,0.0299903;-1.56748,0.330527,-1.55918
-0.0126799,-0.0311214,0.033999;-1.49784,0.343761,-1.55568
-0.0072009,-0.0210873,0.034643;-1.52998,0.36455,-1.52663
-0.00427856,-0.0127823,0.0359444;-1.60434,0.349646,-1.46709
-0.0132545,-0.0275279,0.0363027;-1.56146,0.229158,-1.47955
-0.0192342,-0.0354962,0.0346413;-1.55081,0.148304,-1.49555
-0.0228947,-0.0386965,0.0336727;-1.5442,0.0844983,-1.50967
-0.0168784,-0.0286596,0.0358384;-1.49702,0.230706,-1.5242
-0.0135841,-0.0225196,0.0386518;-1.44878,0.303178,-1.54105
-0.00905555,-0.014732,0.0403568;-1.43839,0.402615,-1.54213
-0.0136432,-0.017026,0.0392128;-1.50019,0.247418,-1.48204
-0.0144553,-0.0246171,0.0357373;-1.55697,0.181488,-1.47907
-0.0185786,-0.0362024,0.0339281;-1.54974,0.103154,-1.5048
-0.0158435,-0.0324803,0.0290027;-1.55635,0.17375,-1.56464
-0.0122073,-0.0305043,0.0288662;-1.56032,0.307481,-1.56856
-0.0078496,-0.0253804,0.0289942;-1.5539,0.425977,-1.57227
-0.0116454,-0.0387134,0.0325216;-1.57899,0.328651,-1.51088
-0.0158847,-0.047877,0.032358;-1.55878,0.194007,-1.51887
-0.0236304,-0.0541043,0.0320807;-1.55016,0.0479521,-1.53384
-0.0227039,-0.0487529,0.0322559;-1.51055,0.0873497,-1.57363
-0.0178751,-0.0461826,0.0346325;-1.45775,0.191348,-1.58505
-0.0145461,-0.044764,0.0379804;-1.39588,0.24832,-1.6078
-0.0184093,-0.0430153,0.0383914;-1.4753,0.293739,-1.51433
-0.0187929,-0.0458272,0.0381433;-1.49877,0.255576,-1.50378
-0.0201407,-0.0482042,0.0368878;-1.51951,0.209846,-1.50112
-0.0088679,-0.0582382,0.0339745;-1.47422,0.251464,-1.6022
-0.0050541,-0.0560084,0.0344066;-1.47203,0.275622,-1.60835
-0.00195282,-0.053377,0.0374396;-1.42418,0.296655,-1.63576
-0.00429507,-0.0537561,0.035048;-1.45869,0.38208,-1.613
-0.00357461,-0.048201,0.0339182;-1.50991,0.284436,-1.58204
-0.00372058,-0.044826,0.0359381;-1.58947,0.198488,-1.54685
-0.00944258,-0.0601319,0.0362101;-1.46562,0.129514,-1.61659
-0.00703042,-0.0586527,0.0387728;-1.4554,0.129153,-1.6425
-0.00456096,-0.0554173,0.0381697;-1.46448,0.147343,-1.64066
0.000792107,-0.049264,0.0391196;-1.43382,0.233574,-1.65103
0.00181986,-0.0460532,0.0376293;-1.61021,0.262249,-1.57971
0.00280349,-0.0450309,0.0381029;-1.76416,0.240875,-1.52835
-0.0113022,-0.0649982,0.0312085;-1.56043,0.0983061,-1.61364
-0.00936166,-0.0629109,0.0332667;-1.55878,0.0868275,-1.63428
-0.00715444,-0.0604152,0.0347372;-1.5626,0.100149,-1.64947
-0.00181064,-0.0590384,0.0343598;-1.55541,0.178857,-1.64874
-0.0022695,-0.0592255,0.0351018;-1.59412,0.22109,-1.61774
-0.00259427,-0.0573745,0.0367671;-1.67043,0.2228,-1.57251
-0.0083602,-0.0595727,0.038047;-1.70962,0.235988,-1.55998
-0.0125665,-0.0638351,0.0294046;-1.56733,0.210204,-1.595
-0.0121885,-0.0636882,0.0292426;-1.5788,0.236471,-1.58428
-0.00626354,-0.0513584,0.0344655;-1.53835,0.168146,-1.63817
-0.00543166,-0.0476038,0.0353241;-1.55546,0.0758403,-1.62885
-0.00904862,-0.0495573,0.0370315;-1.57707,0.0488061,-1.59893
-0.0192786,-0.0715717,0.0308578;-1.56794,0.152067,-1.61114
-0.021474,-0.0761853,0.0299943;-1.57583,0.213567,-1.59489
-0.0227864,-0.0792794,0.0292534;-1.57635,0.264658,-1.58554
-0.023777,-0.0758465,0.0307539;-1.56483,0.219033,-1.6072
-0.0251514,-0.0683051,0.0306574;-1.56915,0.105985,-1.60639
-0.0229009,-0.0607851,0.0312092;-1.58298,0.00756214,-1.60857
-0.0175181,-0.0498544,0.0340571;-1.67556,-0.0972619,-1.58885
-0.0186248,-0.0515992,0.033636;-1.57413,-0.0518833,-1.62416
-0.0181288,-0.0475826,0.0307972;-1.55561,-0.038376,-1.59873
-0.0200634,-0.0585769,0.0301787;-1.56852,0.14067,-1.59985
-0.0199321,-0.0631247,0.0311421;-1.57313,0.170258,-1.61262
-0.0197754,-0.0668287,0.0316582;-1.56169,0.195066,-1.62096
-0.0182397,-0.0649868,0.0348823;-1.66407,0.110823,-1.58948
-0.014497,-0.0611362,0.0431533;-1.86216,0.101231,-1.54792
-0.0179757,-0.069564,0.0384036;-1.68313,0.170433,-1.61259
-0.0197912,-0.0728678,0.0331712;-1.56658,0.219305,-1.63343
-0.0195443,-0.0699325,0.0327112;-1.5014,0.271621,-1.61245
-0.0190834,-0.0706147,0.0318389;-1.50311,0.310081,-1.5941
-0.0167301,-0.0644602,0.0293055;-1.59946,0.415978,-1.55932
-0.0177683,-0.0662183,0.0307908;-1.59283,0.383849,-1.53906
-0.0146607,-0.0580054,0.0297512;-1.59589,0.413219,-1.55374
-0.0127225,-0.0577063,0.029015;-1.59189,0.389978,-1.56477
-0.0115821,-0.0541051,0.0312065;-1.56496,0.337624,-1.61745
-0.0133015,-0.0542556,0.0310401;-1.57748,0.371725,-1.60403
-0.016234,-0.0535914,0.0339098;-1.65059,0.439974,-1.56846
-0.0120995,-0.0432855,0.0385673;-1.75025,0.318399,-1.54075
-0.0122797,-0.0423847,0.0369059;-1.715,0.321101,-1.55496
-0.0140739,-0.0437816,0.0338551;-1.6404,0.356426,-1.58319
-0.0128561,-0.0351661,0.0302012;-1.55294,0.279823,-1.60293
-0.0136099,-0.0324213,0.02953;-1.56171,0.235527,-1.59314
-0.013187,-0.0307041,0.0293289;-1.58946,0.210981,-1.57699
-0.0102532,-0.0335049,0.0316493;-1.64313,0.123289,-1.56199
-0.00755077,-0.0353244,0.0311841;-1.63104,0.0872019,-1.56619
-0.00596237,-0.0362997,0.0301523;-1.60976,0.0726639,-1.57248
-0.0137944,-0.0468359,0.0321906;-1.57866,0.223736,-1.61128
-0.0175893,-0.0561987,0.0351152;-1.47398,0.308213,-1.62545
-0.0190304,-0.063604,0.0345619;-1.44837,0.347538,-1.60981
-0.0307935,-0.0756277,0.0316696;-1.5439,0.177552,-1.54824
-0.0317116,-0.0723629,0.0349448;-1.5326,0.21007,-1.5282
-0.0257223,-0.0672088,0.0348108;-1.54382,0.256733,-1.52614
-0.0108726,-0.0594917,0.0306238;-1.52698,0.463426,-1.593
-0.0095361,-0.0554949,0.0318447;-1.49654,0.460478,-1.61399
-0.00965945,-0.0543242,0.0312916;-1.51346,0.432727,-1.60525
-0.00966611,-0.0546193,0.0300426;-1.60067,0.370179,-1.56845
-0.0125247,-0.0528295,0.0307291;-1.62346,0.367234,-1.55445
-0.0110434,-0.0512826,0.0328869;-1.64442,0.39696,-1.5526
-0.0072718,-0.0485217,0.0292668;-1.56985,0.407426,-1.59098
-0.00736997,-0.0471568,0.0311838;-1.56553,0.391817,-1.61325
-0.0078024,-0.0446999,0.0328376;-1.55902,0.342082,-1.63227
-0.00903805,-0.0461218,0.0298238;-1.5802,0.325059,-1.58933
-0.0119494,-0.0477794,0.0297733;-1.58707,0.389103,-1.58013
-0.0162764,-0.0495904,0.0319503;-1.60378,0.506691,-1.58428
-0.00974766,-0.0312298,0.0342961;-1.56242,0.737037,-1.65603
-0.00610969,-0.0278512,0.0364707;-1.56426,0.729614,-1.67494
-0.00285301,-0.0257799,0.0395511;-1.52988,0.709253,-1.71726
-0.00467079,-0.032009,0.0362814;-1.59248,0.673833,-1.65534
-0.00670192,-0.032691,0.0368569;-1.63299,0.682163,-1.61251
-0.00996926,-0.0344847,0.0344329;-1.63894,0.711571,-1.57458
-0.00847906,-0.0299583,0.029749;-1.56799,0.827235,-1.59624
-0.00901511,-0.0289966,0.0326019;-1.53394,0.873023,-1.6515
-0.00834041,-0.0276888,0.0355073;-1.51896,0.872657,-1.69135
-0.00575295,-0.0313352,0.0363307;-1.59307,0.789197,-1.6511
-0.00529868,-0.031975,0.0349025;-1.59634,0.711137,-1.62981
-0.00816969,-0.0356477,0.0327601;-1.62755,0.595148,-1.56877
-0.00867886,-0.03614,0.0303889;-1.61098,0.565171,-1.55836
-0.00556434,-0.0327876,0.0298935;-1.57459,0.551764,-1.59463
-0.00579173,-0.0290715,0.0326849;-1.55246,0.581605,-1.63571
-0.00353038,-0.02355,0.0339493;-1.56475,0.505292,-1.64381
-0.000663477,-0.0252605,0.0345239;-1.58735,0.435954,-1.63868
0.00250392,-0.0259579,0.0367527;-1.61582,0.347207,-1.63988
0.0144442,-0.0209837,0.0360233;-1.71736,0.230077,-1.54773
0.0157904,-0.0217308,0.0337006;-1.67637,0.234057,-1.55196
0.0147705,-0.0225681,0.030036;-1.58696,0.269711,-1.58235
0.0155388,-0.0175151,0.0317954;-1.57858,0.282623,-1.61176
0.0174428,-0.0183521,0.0331827;-1.59768,0.24706,-1.62222
0.020219,-0.0188095,0.034315;-1.6277,0.222638,-1.60314
0.0164823,-0.0246368,0.036665;-1.72069,0.141653,-1.55917
0.0169649,-0.0243737,0.0370737;-1.73752,0.169531,-1.54671
0.0180445,-0.0223768,0.0360883;-1.72354,0.215738,-1.54071
0.0168004,-0.0185854,0.0340379;-1.60138,0.419243,-1.61603
0.0155316,-0.0221811,0.0319702;-1.60065,0.398573,-1.58875
0.0133687,-0.0274452,0.0299186;-1.60661,0.303152,-1.55914
-0.00235215,-0.0436023,0.0338434;-1.64609,0.14258,-1.56631
-0.0055567,-0.0490438,0.0368769;-1.70591,0.168785,-1.55285
-0.00223993,-0.0489429,0.0356124;-1.69548,0.246951,-1.53683
0.00759395,-0.0308161,0.0328014;-1.6299,0.420988,-1.57237
0.00332002,-0.0311197,0.0346597;-1.66172,0.494735,-1.55882
0.000275356,-0.036918,0.0355163;-1.68037,0.502063,-1.54794
-0.00916082,-0.0566109,0.0320679;-1.56388,0.395425,-1.62342
-0.0106619,-0.057705,0.0354585;-1.52606,0.415932,-1.64372
-0.0107204,-0.0574387,0.0386764;-1.54586,0.422071,-1.61903
-0.0110879,-0.0516888,0.0336177;-1.48157,0.404487,-1.6276
-0.0110997,-0.0504197,0.0316905;-1.55961,0.393511,-1.61357
-0.0114667,-0.05233,0.0309435;-1.58376,0.408011,-1.60103
-0.0173664,-0.0656639,0.0299872;-1.57984,0.314654,-1.59045
-0.0184113,-0.0675089,0.030243;-1.57433,0.32593,-1.5992
-0.0180547,-0.0677347,0.0305551;-1.57438,0.339018,-1.60286
-0.0180547,-0.0677347,0.0305551;-1.57438,0.339018,-1.60286
-0.0182603,-0.0673669,0.0308991;-1.57262,0.346692,-1.60911
-0.0182603,-0.0673669,0.0308991;-1.57262,0.346692,-1.60911
