0,0,0.11;-1.57,-2.98023e-08,-1.57
0,0,0.11;-1.57,-2.98023e-08,-1.57
0,0,0.11;-1.57,-2.98023e-08,-1.57
-0.00110767,-0.00194606,0.0286664;-1.56895,-0.292411,-1.56738
-0.000526503,-0.000692469,0.0286784;-1.57038,-0.243711,-1.56632
7.27808e-05,0.00161699,0.0291538;-1.5643,-0.143528,-1.56333
-0.000648386,0.00344272,0.0307578;-1.55217,0.0176034,-1.56064
-0.00108152,0.00564604,0.0286434;-1.56994,-0.182464,-1.56825
-0.00225452,0.00393765,0.0288007;-1.55994,-0.251515,-1.5679
-0.0024485,0.00432837,0.0286182;-1.57036,-0.254736,-1.56909
-0.00118555,0.00701666,0.0286545;-1.56829,-0.097425,-1.56917
1.18635e-05,0.00661682,0.0292213;-1.55913,-0.00706538,-1.56715
0.00142284,0.00159218,0.0340405;-1.47792,0.112929,-1.57271
0.0030915,0.00454975,0.0303186;-1.53755,0.149668,-1.57153
0.00276368,0.00500396,0.0286952;-1.57058,0.0573914,-1.56519
0.00126073,0.00314665,0.0286937;-1.56835,-0.0491595,-1.56768
-0.000936651,-0.000322706,0.0286335;-1.57002,-0.213333,-1.56867
-0.00116035,-0.000831128,0.0288145;-1.56876,-0.198799,-1.56303
-0.00515643,-0.00839611,0.0316924;-1.58357,-0.110091,-1.54677
-0.0152205,-0.0360003,0.0324423;-1.51016,-0.00821343,-1.5672
-0.0175017,-0.0337674,0.0288706;-1.56049,-0.0814584,-1.56727
-0.0180288,-0.0341294,0.0286237;-1.57022,-0.15011,-1.56864
-0.0181932,-0.0343752,0.028608;-1.56916,-0.174399,-1.57004
-0.0167251,-0.0333817,0.0286972;-1.57172,-0.0848997,-1.56495
-0.017693,-0.0338634,0.0295975;-1.57176,0.0242558,-1.56073
-0.0227474,-0.0452846,0.0303027;-1.57515,0.133795,-1.56012
-0.0278567,-0.0587708,0.0288225;-1.56125,0.164531,-1.5701
-0.0281238,-0.0608013,0.0286774;-1.57101,0.100656,-1.56597
-0.027837,-0.0603539,0.0286996;-1.5709,0.11834,-1.56497
-0.026322,-0.0584727,0.0286141;-1.57009,0.213211,-1.56962
-0.0156685,-0.0440742,0.0332486;-1.48363,0.40255,-1.5981
-0.012217,-0.0349766,0.0334788;-1.52584,0.428797,-1.57522
-0.0124555,-0.0370596,0.0292084;-1.56409,0.356987,-1.56718
-0.016444,-0.0417176,0.0286146;-1.57041,0.111273,-1.56921
-0.0181252,-0.0430651,0.0286402;-1.57098,0.0113218,-1.56625
-0.0186246,-0.0434888,0.0286797;-1.5683,-0.0131948,-1.56731
-0.0138407,-0.040372,0.0290048;-1.56322,0.182596,-1.56898
-0.010638,-0.036161,0.0328234;-1.5529,0.384064,-1.56068
-0.0121086,-0.036112,0.032871;-1.53124,0.525181,-1.57504
-0.0136583,-0.0386014,0.0286447;-1.56984,0.491188,-1.56847
-0.0141471,-0.0392999,0.0286599;-1.57133,0.442816,-1.56675
-0.0140285,-0.0397936,0.0286748;-1.57114,0.415376,-1.56617
-0.0135652,-0.0396793,0.028884;-1.55486,0.457454,-1.57725
-0.010869,-0.0401605,0.0317263;-1.50794,0.533019,-1.59845
-0.00670504,-0.0386943,0.0360947;-1.40922,0.640199,-1.65787
-0.00222281,-0.0349458,0.0287419;-1.56397,0.64046,-1.57164
-0.00368367,-0.0353776,0.0285819;-1.57086,0.563825,-1.57074
-0.00494887,-0.0360503,0.028612;-1.57085,0.499864,-1.56926
-0.00556053,-0.0364425,0.0287203;-1.57097,0.468943,-1.56401
-0.00574019,-0.0367055,0.0291455;-1.56132,0.503479,-1.5691
-0.0127,-0.0393766,0.0340041;-1.59257,0.623075,-1.54645
-0.0251991,-0.046988,0.0286625;-1.566,0.605869,-1.57347
-0.0248133,-0.0464132,0.0285784;-1.57105,0.547577,-1.571
-0.0242588,-0.046557,0.0285801;-1.57083,0.489496,-1.57075
-0.0242304,-0.0468402,0.0285826;-1.57119,0.570579,-1.57064
-0.0283895,-0.0502086,0.0299013;-1.60093,0.665198,-1.55914
-0.0359026,-0.0585243,0.0357953;-1.57157,0.742801,-1.57788
-0.0458158,-0.069894,0.0288043;-1.56466,0.786414,-1.58148
-0.0461012,-0.0680948,0.0287721;-1.57068,0.709995,-1.58011
-0.0428027,-0.0665769,0.0289912;-1.58978,0.59233,-1.56445
-0.0368186,-0.0633431,0.028862;-1.57069,0.39932,-1.58449
-0.0313046,-0.0596503,0.0301232;-1.56258,0.452052,-1.59407
-0.0150637,-0.0437301,0.035505;-1.66983,0.579445,-1.52358
-0.0157293,-0.0412158,0.0338315;-1.69011,0.611222,-1.51248
-0.0236645,-0.0481535,0.0290599;-1.56602,0.538697,-1.59183
-0.0213975,-0.0455977,0.0290003;-1.57908,0.403655,-1.58008
-0.0150703,-0.0414347,0.0291043;-1.59281,0.171671,-1.57085
-0.0177769,-0.0434543,0.02929;-1.58967,0.258061,-1.57622
-0.015533,-0.0450011,0.0326789;-1.55715,0.417811,-1.61682
-0.00128203,-0.0311447,0.0401198;-1.83399,0.740557,-1.41883
-0.00594349,-0.0347678,0.0370907;-1.74672,0.783368,-1.47906
-0.013564,-0.0426749,0.0290934;-1.56351,0.790218,-1.59559
0.0025054,-0.0342594,0.0293834;-1.60339,0.544643,-1.55946
0.00671563,-0.0323904,0.0291965;-1.60172,0.48892,-1.56064
0.00310982,-0.0342186,0.0297671;-1.57621,0.530373,-1.5915
0.014608,-0.0180211,0.0433299;-1.61741,0.714601,-1.57353
0.0239014,-0.00664752,0.0399563;-1.78795,0.641657,-1.46754
0.0256141,-0.00692126,0.0332436;-1.65622,0.61957,-1.54513
0.0345661,-0.00254081,0.0291705;-1.59158,0.408268,-1.57197
0.0365601,-0.00144972,0.0292397;-1.59807,0.357991,-1.56786
0.037375,-0.00103522,0.0296587;-1.60172,0.334495,-1.5664
0.0366279,0.000608005,0.0375504;-1.70989,0.350943,-1.50839
0.0316149,-0.00269212,0.0379457;-1.71661,0.356671,-1.5099
0.0202246,-0.0119633,0.031377;-1.61281,0.431539,-1.5752
0.0184671,-0.0152785,0.0290986;-1.5884,0.466503,-1.57206
0.0209149,-0.0134523,0.0290782;-1.58488,0.406542,-1.57616
0.021185,-0.0126559,0.0292365;-1.5747,0.404452,-1.58708
0.0204855,-0.0140444,0.0397076;-1.57507,0.514889,-1.58873
0.0165829,-0.0177262,0.0395649;-1.55826,0.547043,-1.59868
0.0125732,-0.0191604,0.0291475;-1.57032,0.553203,-1.58783
0.0142426,-0.0171913,0.0289919;-1.58509,0.439809,-1.57203
0.0186608,-0.0137747,0.0290154;-1.58558,0.286803,-1.57352
0.0205053,-0.0119355,0.0288759;-1.57076,0.205274,-1.5853
0.037879,0.0156494,0.0350523;-1.62689,0.303953,-1.5517
0.0443846,0.0275888,0.0338339;-1.65983,0.28564,-1.54008
0.043288,0.0257636,0.0305327;-1.61134,0.276693,-1.56604
0.0424267,0.0232253,0.0286087;-1.5733,0.198177,-1.56957
0.0428381,0.0235998,0.0287154;-1.57635,0.118313,-1.57113
0.0422124,0.0233262,0.0285489;-1.56841,0.218621,-1.57255
0.0442247,0.0205285,0.0289401;-1.55961,0.366785,-1.58155
0.0560812,0.0330234,0.0358058;-1.55456,0.652449,-1.58303
0.058739,0.0385933,0.0314039;-1.6404,0.661364,-1.53472
0.0560139,0.0350347,0.0285485;-1.57082,0.620916,-1.57082
0.0557236,0.0328521,0.0286016;-1.57086,0.531505,-1.56973
0.0550678,0.0317412,0.0285739;-1.57077,0.458573,-1.57119
0.0545022,0.0315333,0.0288583;-1.55639,0.420376,-1.57622
0.0703961,0.0511898,0.034242;-1.48757,0.430119,-1.60188
0.0822086,0.0697421,0.0297543;-1.58269,0.444234,-1.55066
0.0829674,0.0730169,0.0286423;-1.57074,0.48608,-1.56773
0.0809993,0.0713827,0.0285942;-1.57009,0.382598,-1.57103
0.0801235,0.0712465,0.0285802;-1.57041,0.328795,-1.57066
0.0787365,0.070851,0.0287717;-1.56052,0.289699,-1.57427
0.0767822,0.0723242,0.0342338;-1.48581,0.269766,-1.59511
0.0772821,0.0769037,0.0314091;-1.52461,0.305595,-1.58189
0.0794531,0.0795701,0.0286691;-1.57083,0.367377,-1.56653
0.0806436,0.0807061,0.0286336;-1.57085,0.459555,-1.56818
0.0810326,0.0811453,0.0286141;-1.57098,0.501344,-1.56876
0.0813165,0.0811815,0.0286288;-1.56793,0.524565,-1.5723
0.08224,0.0857564,0.0351057;-1.44643,0.481178,-1.62166
0.0834059,0.0930097,0.0348974;-1.45142,0.404483,-1.61304
0.0863833,0.101987,0.0286681;-1.57109,0.348704,-1.56612
0.083786,0.099732,0.0286807;-1.57078,0.219651,-1.56593
0.0836972,0.0988733,0.028641;-1.57099,0.179748,-1.56778
0.0837027,0.0987301,0.0285663;-1.57087,0.173603,-1.57017
0.089371,0.105911,0.0312032;-1.52567,0.307604,-1.57794
0.091908,0.114838,0.0339674;-1.52942,0.321955,-1.56573
0.0964385,0.123281,0.0295569;-1.57747,0.233282,-1.55634
0.0936651,0.120571,0.0285894;-1.56991,0.125125,-1.57023
0.0929633,0.119668,0.0286514;-1.57093,0.0831586,-1.56733
0.0929861,0.119499,0.0286619;-1.5708,0.0807975,-1.5668
0.0983732,0.121568,0.0299481;-1.54036,0.26209,-1.57827
0.106168,0.128691,0.0349527;-1.45349,0.418168,-1.61358
0.113682,0.141248,0.0351586;-1.45964,0.51765,-1.61394
0.121335,0.152767,0.0286508;-1.57164,0.350127,-1.56618
0.119013,0.150557,0.0287496;-1.56463,0.248174,-1.56988
0.118014,0.149486,0.0286358;-1.57084,0.183482,-1.56809
0.117143,0.14804,0.0288031;-1.55979,0.110326,-1.57162
0.118741,0.149283,0.030766;-1.53283,0.130099,-1.57362
0.122867,0.155366,0.0353352;-1.46737,0.203863,-1.59434
0.140747,0.187,0.0286738;-1.57096,0.278043,-1.56618
0.140226,0.186967,0.0286917;-1.56519,0.250493,-1.57224
0.138993,0.186705,0.0286948;-1.56522,0.194639,-1.57182
0.138163,0.185963,0.0286778;-1.56592,0.189986,-1.57165
0.138214,0.184766,0.0297954;-1.54949,0.230351,-1.57239
0.135662,0.183804,0.0345405;-1.47858,0.2784,-1.59773
0.139765,0.18788,0.0285916;-1.57077,0.382731,-1.57027
0.139901,0.188097,0.0285824;-1.57066,0.381014,-1.57038
0.13998,0.188041,0.0285866;-1.57061,0.387076,-1.57037
0.140203,0.188021,0.0285832;-1.57065,0.396058,-1.57074
0.140854,0.187333,0.0295452;-1.5532,0.427343,-1.57656
0.142238,0.189197,0.0341341;-1.49333,0.416565,-1.60832
0.145271,0.203571,0.028647;-1.57078,0.288774,-1.57398
0.145439,0.205006,0.0285741;-1.57071,0.220362,-1.57051
0.145588,0.205639,0.0286063;-1.57084,0.18357,-1.57197
0.14654,0.20759,0.0285805;-1.57057,0.100823,-1.57098
0.145413,0.206856,0.02887;-1.57625,0.18129,-1.5784
0.14763,0.209827,0.0310022;-1.58289,0.298833,-1.57392
0.149175,0.217567,0.0318842;-1.64366,0.286808,-1.55353
0.147049,0.214011,0.0289514;-1.57687,0.275237,-1.58078
0.146932,0.213599,0.0287265;-1.57068,0.256923,-1.57801
0.150988,0.216905,0.0290487;-1.59074,0.121028,-1.57138
0.150932,0.216104,0.0290442;-1.58011,0.146287,-1.58232
0.153312,0.212931,0.0311594;-1.55222,0.290014,-1.60149
0.165396,0.234525,0.0397869;-1.56654,0.511555,-1.59181
0.17142,0.2485,0.0321878;-1.62911,0.496757,-1.56697
0.174398,0.250248,0.0289646;-1.57271,0.420104,-1.58669
0.178623,0.25258,0.0291114;-1.59018,0.284773,-1.57239
0.182355,0.254827,0.0292282;-1.59924,0.162995,-1.56978
0.181671,0.25429,0.0298955;-1.58942,0.168498,-1.58313
0.187723,0.261704,0.042094;-1.57889,0.339278,-1.59431
0.202758,0.281408,0.0341644;-1.68748,0.38227,-1.54036
0.205212,0.284777,0.0312456;-1.63568,0.373151,-1.55212
0.20649,0.28435,0.0290112;-1.5819,0.307022,-1.57746
0.209155,0.285924,0.0292156;-1.59915,0.250794,-1.56745
0.207669,0.284272,0.0308398;-1.62458,0.257431,-1.56278
0.191567,0.264707,0.0388662;-1.51433,0.449357,-1.64236
0.188703,0.260488,0.0380962;-1.56558,0.519977,-1.6127
0.189103,0.260956,0.0298703;-1.56956,0.600271,-1.59989
0.192774,0.263425,0.0291373;-1.58878,0.553787,-1.57282
0.197137,0.266417,0.0291874;-1.58985,0.482338,-1.57416
0.201638,0.269288,0.0298667;-1.59767,0.42671,-1.57858
0.201638,0.269288,0.0298667;-1.59767,0.42671,-1.57858
0.20149,0.269358,0.0341999;-1.66462,0.449436,-1.5522
0.20149,0.269358,0.0341999;-1.66462,0.449436,-1.5522
