0,0,0.11;-1.57,-2.98023e-08,-1.57
0,0,0.11;-1.57,-2.98023e-08,-1.57
0,0,0.11;-1.57,-2.98023e-08,-1.57
-0.000294071,0.00175807,0.0285807;-1.57069,-0.28231,-1.57077
0.000131494,0.00366055,0.0286894;-1.5721,-0.322051,-1.57633
0.00193821,0.0099238,0.0293007;-1.59129,-0.306059,-1.57979
-0.00392171,0.0179672,0.0356106;-1.66921,-0.172222,-1.55826
-0.0035692,0.00257171,0.0289387;-1.57213,-0.288921,-1.55423
-0.00493892,0.000525968,0.0291015;-1.56371,-0.311445,-1.55037
-0.00577957,-0.00159857,0.0291284;-1.56206,-0.338199,-1.54979
-0.00317936,0.00318389,0.0286508;-1.57085,-0.157313,-1.56733
-0.00225788,0.00681324,0.0289505;-1.58171,-0.0420633,-1.57804
-0.00281297,0.0186863,0.0329399;-1.64598,0.0833694,-1.571
-0.000900975,0.0195679,0.0360403;-1.723,0.0357153,-1.56874
-0.00202057,0.00921918,0.0319118;-1.64061,-0.0294255,-1.57383
-0.00355094,0.00352376,0.0287021;-1.57294,-0.0760302,-1.57527
-0.00289935,0.00426455,0.028769;-1.56867,0.0193362,-1.56376
-0.000748021,0.00707793,0.0292758;-1.55087,0.11434,-1.56519
0.00235253,0.0153662,0.0322765;-1.53076,0.245864,-1.55413
0.00889945,0.0382934,0.0364407;-1.64938,0.151131,-1.50557
0.0175876,0.0383389,0.0331613;-1.61815,-0.00238198,-1.52968
0.0211776,0.0327466,0.0287111;-1.57096,-0.131106,-1.56472
0.0203481,0.0313869,0.0286374;-1.568,-0.187594,-1.57026
0.0204071,0.0315645,0.0286175;-1.57094,-0.117544,-1.57328
0.0197983,0.034545,0.0286837;-1.57218,-0.0256556,-1.56726
0.0161005,0.0393033,0.0304832;-1.60653,0.0831599,-1.55752
0.012558,0.0324664,0.0319607;-1.62211,0.0848063,-1.54152
-0.00145424,-0.0042893,0.0291578;-1.58565,0.0400996,-1.56584
-0.00612372,-0.0108984,0.0287457;-1.57127,0.0213704,-1.56275
-0.00452949,-0.00959852,0.0292682;-1.55369,0.0992833,-1.55625
0.00562843,0.0080366,0.0306987;-1.55639,0.273063,-1.55332
0.0086115,0.0221983,0.0330044;-1.64721,0.329551,-1.54709
0.0111775,0.0225175,0.0352295;-1.70613,0.246077,-1.54162
0.0121565,0.00871448,0.030561;-1.60977,0.0417349,-1.57967
0.0101156,0.0076308,0.0290996;-1.58863,0.00365342,-1.57787
0.0110747,0.0094061,0.0290972;-1.5927,-0.0153101,-1.57449
0.0160877,0.0126506,0.0303679;-1.53177,0.0543417,-1.56239
0.0199286,0.0221067,0.0339058;-1.50349,0.154543,-1.54119
0.0195538,0.0271855,0.0352569;-1.52256,0.117086,-1.51836
0.0166927,0.0181657,0.0311936;-1.56417,-0.108916,-1.53418
0.0124998,0.0122114,0.0297579;-1.54579,-0.17057,-1.55303
0.0126099,0.0109431,0.0293945;-1.53682,-0.152958,-1.55925
0.0165459,0.0159451,0.0290706;-1.54841,-0.00429492,-1.56909
0.0193035,0.0194444,0.0295016;-1.55481,0.125308,-1.56627
0.0206436,0.026996,0.0317727;-1.54149,0.277978,-1.55245
0.0102105,-0.0121153,0.0335224;-1.52015,0.210931,-1.54093
0.00494884,-0.0182849,0.0307027;-1.54873,0.116159,-1.5544
-0.000199433,-0.0223607,0.0294966;-1.55583,0.0595011,-1.56259
0.00829015,-0.0120487,0.0315941;-1.52075,0.227884,-1.55484
0.0139276,-0.00439676,0.0364355;-1.47534,0.298133,-1.54035
0.018291,0.00413643,0.0385336;-1.44445,0.375781,-1.55378
0.0158353,-0.000949946,0.0324669;-1.53607,0.167049,-1.53213
0.0116645,-0.0100295,0.0290945;-1.56365,0.0826554,-1.55595
0.00864592,-0.014047,0.0289236;-1.56645,-0.0165314,-1.55862
0.00989611,-0.0126354,0.0288299;-1.56157,0.0313691,-1.56827
0.0123753,-0.00857019,0.029671;-1.54522,0.0854962,-1.56682
0.0164797,-0.00125275,0.0328275;-1.49316,0.185915,-1.57272
0.012271,-0.00368316,0.0322579;-1.53298,0.0863957,-1.53778
0.00646075,-0.0126792,0.0297739;-1.53579,-0.0178523,-1.55923
0.00396246,-0.0155656,0.0292711;-1.55064,-0.0874819,-1.55552
0.0101769,-0.00472664,0.031288;-1.52068,0.0583788,-1.55178
0.0170495,0.00303922,0.0342962;-1.4999,0.193396,-1.53894
0.0227101,0.0127797,0.036454;-1.49648,0.303628,-1.52038
0.020461,0.010647,0.0378591;-1.47828,0.258426,-1.51985
0.0183609,0.00438302,0.0354467;-1.50483,0.217445,-1.52216
0.0164598,0.00243707,0.0323019;-1.55326,0.196444,-1.51725
0.0178948,0.00423036,0.0322845;-1.55619,0.230218,-1.51358
0.0217516,0.00826607,0.0334822;-1.52518,0.291583,-1.53082
0.0250028,0.0142803,0.0357965;-1.5031,0.347745,-1.52688
0.0291234,0.0232144,0.0376013;-1.48248,0.408187,-1.53013
0.0301474,0.0187459,0.0341255;-1.51416,0.386373,-1.54063
0.0275084,0.0147688,0.0291805;-1.56177,0.327521,-1.55342
0.0243133,0.0118831,0.0287083;-1.56982,0.184122,-1.56499
0.0246851,0.0129096,0.0286542;-1.56998,0.207777,-1.56755
0.0252032,0.0136671,0.0290148;-1.55206,0.218046,-1.5718
0.0241709,0.0286319,0.0354647;-1.46195,0.248323,-1.5694
0.0206241,0.0282923,0.0342472;-1.47343,0.161131,-1.5653
0.015477,0.0208624,0.033844;-1.47264,0.0689165,-1.56296
0.00837351,0.0162398,0.0296385;-1.53471,-0.0517144,-1.56086
0.0135606,0.0215037,0.0310502;-1.50398,0.0242615,-1.56332
0.0162241,0.0250221,0.0338165;-1.46045,0.0705376,-1.57129
0.020627,0.0392526,0.041146;-1.37893,0.248438,-1.57255
0.0186936,0.034786,0.0407115;-1.37466,0.192147,-1.56839
0.0155344,0.0294343,0.0381025;-1.41175,0.121856,-1.55845
0.00992729,0.0240889,0.033392;-1.46781,0.0185154,-1.56514
0.0124215,0.0296276,0.0341384;-1.45291,0.0678592,-1.57302
0.0137456,0.0320547,0.0365139;-1.40753,0.100917,-1.57615
0.0182373,0.0504611,0.0414677;-1.38777,0.228352,-1.55771
0.0210284,0.0492124,0.0420989;-1.36566,0.133673,-1.55074
0.0187385,0.0443819,0.03875;-1.3701,0.0504454,-1.56821
0.00658845,0.0499203,0.04172;-1.36727,-0.156036,-1.57839
0.00451264,0.056869,0.0379804;-1.41404,-0.179246,-1.56444
0.00335402,0.0605847,0.0340318;-1.45434,-0.183193,-1.54781
0.00449618,0.0730003,0.0400585;-1.42495,-0.0104008,-1.5142
0.00708059,0.0717322,0.0381834;-1.4154,-0.0209585,-1.53041
0.00789608,0.0710498,0.0383623;-1.40318,-0.0262184,-1.54742
0.000690626,0.058943,0.0369435;-1.40661,-0.163376,-1.5407
0.00251858,0.0593319,0.0347809;-1.44575,-0.113188,-1.55145
0.00535791,0.0643001,0.0336294;-1.46456,-0.0876674,-1.55552
0.00827468,0.0690999,0.03511;-1.452,-0.066339,-1.54472
0.00882192,0.084212,0.0405379;-1.43029,0.00599462,-1.50399
0.00822931,0.0770818,0.0408376;-1.41825,-0.0928905,-1.51606
0.00466273,0.0685406,0.0381866;-1.39972,-0.218851,-1.52336
-0.00380293,0.062913,0.0365387;-1.428,-0.373346,-1.53181
-0.00118466,0.0650212,0.0334633;-1.46601,-0.384852,-1.52882
0.00200904,0.0712857,0.0332923;-1.46839,-0.318555,-1.53558
0.00606818,0.0889187,0.0386866;-1.4692,-0.149174,-1.5093
0.00714907,0.0877939,0.0423392;-1.52641,-0.214611,-1.53711
0.00568768,0.076362,0.0400691;-1.55065,-0.321541,-1.53568
-0.00428284,0.0510632,0.0381748;-1.58192,-0.366086,-1.51563
0.000392799,0.0543379,0.0430555;-1.57087,-0.356166,-1.54431
0.0092353,0.0663662,0.0445076;-1.54075,-0.307052,-1.55869
0.0224104,0.091943,0.047618;-1.52473,-0.104122,-1.59274
0.0241723,0.0915565,0.0498205;-1.60728,-0.13483,-1.6347
0.0243108,0.0731145,0.0419697;-1.54764,-0.24669,-1.59525
0.00829301,0.0488544,0.0317653;-1.52707,-0.423099,-1.53149
0.00330649,0.0554409,0.0370734;-1.45575,-0.356701,-1.48655
0.000687926,0.0676119,0.042837;-1.43692,-0.313589,-1.49871
0.000596252,0.0921388,0.0500159;-1.48602,-0.174208,-1.50331
-0.00163766,0.0974561,0.0506427;-1.55146,-0.206026,-1.51242
-0.00378639,0.0896295,0.0507294;-1.53182,-0.254422,-1.5166
-0.00912432,0.066088,0.0461355;-1.55713,-0.342495,-1.48471
-0.00956278,0.0666566,0.0461919;-1.52033,-0.341587,-1.4962
-0.00696377,0.0678994,0.0495432;-1.39395,-0.272611,-1.52507
-0.00226613,0.0663491,0.0551767;-1.27203,-0.108425,-1.53289
-0.00139446,0.0827084,0.0564017;-1.37053,-0.0348192,-1.5472
-0.00195146,0.0870196,0.0571075;-1.49461,-0.0882476,-1.5523
0.0106428,0.0509128,0.0541984;-1.15298,-0.151783,-1.58672
0.0115459,0.0504594,0.0557415;-1.19319,-0.137812,-1.64352
0.0136064,0.0534234,0.0507477;-1.23971,-0.120956,-1.60599
0.0200832,0.047233,0.0482309;-1.17245,0.0226311,-1.58281
0.0239751,0.0557233,0.0507533;-1.16911,0.156383,-1.57674
0.024316,0.0631303,0.0473421;-1.24872,0.177806,-1.57323
0.0175832,0.0515534,0.0403952;-1.37001,0.00384117,-1.53451
0.0119122,0.0464916,0.0382489;-1.38256,-0.0760748,-1.54028
0.00995562,0.0439138,0.0400131;-1.34248,-0.0848146,-1.54538
0.0102553,0.0475076,0.0422856;-1.2911,-0.0835537,-1.53988
0.0115165,0.0578286,0.04369;-1.31815,-0.00117523,-1.52962
0.010685,0.0677064,0.0447544;-1.33079,0.0762923,-1.52905
0.00547284,0.0637091,0.0383615;-1.36809,-0.203137,-1.52346
0.00307086,0.0611899,0.037477;-1.39053,-0.29113,-1.51458
0.00170514,0.0606486,0.0360449;-1.41637,-0.318615,-1.51978
0.0109382,0.0571324,0.0358927;-1.42183,-0.167924,-1.53935
0.0145884,0.0649482,0.0377035;-1.41149,-0.0392294,-1.54175
0.0145865,0.0727378,0.0400733;-1.3883,0.0409644,-1.53999
0.0109741,0.0613488,0.0363925;-1.42904,-0.131106,-1.53392
0.00703156,0.0535482,0.0344269;-1.44419,-0.240072,-1.53252
0.004122,0.0522143,0.034679;-1.44536,-0.290608,-1.53566
0.00350141,0.0589083,0.0350177;-1.43025,-0.314559,-1.52836
0.00379377,0.075588,0.0385463;-1.38529,-0.256209,-1.52284
0.00216292,0.0941808,0.0397799;-1.4,-0.181306,-1.52577
0.00929685,0.11199,0.0302109;-1.55282,-0.353046,-1.54105
0.008854,0.101338,0.030879;-1.52056,-0.480235,-1.54035
0.00549273,0.0906043,0.0315019;-1.51353,-0.539169,-1.5372
-0.00141972,0.0825546,0.0385157;-1.37983,-0.40041,-1.50637
-0.0024961,0.0868298,0.0437988;-1.38635,-0.289956,-1.51068
-0.00397769,0.0985344,0.0482461;-1.4837,-0.159009,-1.52332
-0.00339124,0.110069,0.0493561;-1.60884,-0.218641,-1.52466
-0.00427332,0.0977006,0.0502125;-1.64349,-0.253148,-1.52307
-0.00194758,0.0828105,0.0524673;-1.65305,-0.287829,-1.52189
-0.00161237,0.0881493,0.0531946;-1.69441,-0.314214,-1.51625
-0.000827082,0.100528,0.0481097;-1.71207,-0.25758,-1.51362
-0.00035748,0.113674,0.0432511;-1.70428,-0.168613,-1.52207
0.00399706,0.128066,0.0422266;-1.81318,-0.0733765,-1.56567
0.0102377,0.119948,0.0418215;-1.77996,-0.18034,-1.57047
0.0162065,0.109752,0.0393191;-1.73592,-0.28452,-1.5778
0.00975255,0.10294,0.0407771;-1.69924,-0.427105,-1.53811
0.00480679,0.115402,0.0413601;-1.67982,-0.367656,-1.50398
-0.00188345,0.125035,0.0410304;-1.66548,-0.285594,-1.48296
-0.00477405,0.124717,0.0487372;-1.58146,-0.0669494,-1.49689
0.00404903,0.115782,0.0462528;-1.61389,-0.0862651,-1.51399
0.0129015,0.105385,0.0360844;-1.67414,-0.140376,-1.53902
0.0168799,0.0826992,0.0339736;-1.68711,-0.244342,-1.60009
0.0134599,0.0880002,0.0379681;-1.71927,-0.176301,-1.57388
0.00788682,0.0992561,0.0377825;-1.70144,-0.0663417,-1.54056
-0.00339728,0.119485,0.0400304;-1.66348,0.132794,-1.49507
-0.00276664,0.113078,0.0440826;-1.68944,0.0759909,-1.49498
-0.00249261,0.0948234,0.0425708;-1.71164,0.0431609,-1.49816
-0.00195273,0.0520874,0.0389779;-1.64227,-0.0378186,-1.5383
-0.00104799,0.0421642,0.0378898;-1.51702,0.022874,-1.57104
-0.00166179,0.041442,0.0385872;-1.44094,0.168654,-1.56048
-0.00166179,0.041442,0.0385872;-1.44094,0.168654,-1.56048
-0.00102288,0.0502149,0.0428474;-1.37409,0.259488,-1.5662
-0.00102288,0.0502149,0.0428474;-1.37409,0.259488,-1.5662
