0,0,0.11;-1.57,-2.98023e-08,-1.57
0,0,0.11;-1.57,-2.98023e-08,-1.57
0,0,0.11;-1.57,-2.98023e-08,-1.57
-0.000721178,-0.001115,0.0286133;-1.56839,-0.27464,-1.56934
-0.000877737,-0.00197536,0.0286375;-1.57177,-0.193482,-1.57391
-0.00119264,-0.00216338,0.0302768;-1.59171,-0.0424171,-1.58742
-0.00203793,-0.000932034,0.0367218;-1.66209,0.125139,-1.60553
-0.00564508,-0.0114427,0.0288501;-1.57055,-0.0658289,-1.58355
-0.00600947,-0.0100195,0.0285818;-1.57095,-0.186098,-1.57082
-0.00455561,-0.0116183,0.028632;-1.57083,-0.302719,-1.56833
-0.00414507,-0.0122357,0.0289479;-1.56869,-0.173267,-1.58652
-0.00102144,-0.00588797,0.0310798;-1.56417,-0.0641255,-1.60275
-3.43523e-05,0.0136554,0.0394423;-1.72694,0.0893349,-1.60066
0.000167689,0.00827664,0.0363185;-1.67162,0.0480442,-1.60507
0.000128683,-0.00104924,0.0293161;-1.56664,-0.0728412,-1.59283
-0.000397646,0.000110737,0.0286755;-1.57072,-0.148901,-1.57546
-7.68782e-05,0.00131087,0.028687;-1.57071,-0.14446,-1.57579
0.000952928,0.0049633,0.0295987;-1.57658,-0.0388899,-1.58734
0.00258115,0.0202724,0.0350012;-1.66732,0.106431,-1.58547
0.00149554,0.0216923,0.0394478;-1.72462,0.171358,-1.59271
0.00226758,0.0204633,0.0365364;-1.69614,0.0989282,-1.58615
0.00191881,0.0135399,0.0290625;-1.56694,0.0407498,-1.59076
0.00165768,0.0112599,0.0285791;-1.5707,0.0962554,-1.57083
0.00201523,0.0106751,0.0288288;-1.5699,0.1591,-1.58243
0.00703941,0.0185351,0.0318087;-1.53851,0.245432,-1.60094
0.0155564,0.0413222,0.0351354;-1.66839,0.268625,-1.58268
0.0242011,0.0511663,0.0339843;-1.67506,0.120642,-1.57658
0.0275539,0.0527555,0.0286333;-1.57047,-0.0346488,-1.57355
0.0275059,0.0524319,0.0285787;-1.57081,-0.0172396,-1.57078
0.0279599,0.0503056,0.0287077;-1.57086,0.104634,-1.57779
0.0358295,0.0624632,0.033804;-1.57627,0.335687,-1.59583
0.0396276,0.0800607,0.0390428;-1.72555,0.414766,-1.55671
0.0454586,0.0839149,0.0377715;-1.71693,0.312383,-1.56356
0.0521624,0.0859895,0.0290074;-1.57903,0.132973,-1.58172
0.0511177,0.0845643,0.0286256;-1.5698,0.161855,-1.57279
0.0511899,0.0853058,0.0286031;-1.57104,0.271606,-1.56959
0.0539598,0.0807799,0.0310196;-1.54764,0.567784,-1.60523
0.0631897,0.0925809,0.0382925;-1.50781,0.670652,-1.63876
0.0754154,0.106228,0.0410583;-1.78416,0.605125,-1.50245
0.0889469,0.111089,0.0290827;-1.58134,0.332054,-1.58134
0.0923012,0.112527,0.0287068;-1.57282,0.198555,-1.57431
0.0925133,0.112871,0.0285808;-1.57061,0.170134,-1.57106
0.0852807,0.108955,0.029701;-1.59473,0.437459,-1.57281
0.0829785,0.107993,0.0356989;-1.65255,0.639879,-1.56125
0.0876385,0.113242,0.0404982;-1.73827,0.787078,-1.52115
0.0905261,0.114397,0.0303845;-1.57716,0.518298,-1.59741
0.0916754,0.116169,0.0287378;-1.57034,0.416059,-1.57919
0.091809,0.116625,0.0285773;-1.57104,0.36024,-1.57063
0.0906199,0.114304,0.028914;-1.5707,0.573534,-1.58726
0.0956177,0.117741,0.0320111;-1.5551,0.7048,-1.6126
0.103681,0.128724,0.0407034;-1.80808,0.859449,-1.45077
0.098067,0.114685,0.035019;-1.64387,0.714472,-1.57699
0.0936644,0.113192,0.0302898;-1.57282,0.584905,-1.60034
0.0980237,0.116297,0.0288583;-1.57487,0.458155,-1.57854
0.0991299,0.116684,0.0286725;-1.5705,0.491325,-1.57541
0.101932,0.120769,0.0301469;-1.60547,0.632814,-1.55979
0.105276,0.130161,0.0368122;-1.75624,0.787188,-1.46557
0.10142,0.121348,0.0382937;-1.77635,0.745356,-1.46812
0.0927721,0.118305,0.0354529;-1.70721,0.767894,-1.51557
0.0732569,0.11123,0.0301666;-1.58716,0.86081,-1.58315
0.071657,0.110306,0.0285765;-1.57086,0.895182,-1.57056
0.0769821,0.111658,0.0292202;-1.55527,0.979132,-1.58768
0.0959692,0.122758,0.0331791;-1.69473,1.11706,-1.48004
0.109987,0.123699,0.0384447;-1.83745,1.00795,-1.38713
0.114882,0.123236,0.0361986;-1.77852,0.912028,-1.42992
0.116678,0.122149,0.0294814;-1.58426,0.84124,-1.57983
0.116231,0.121402,0.028694;-1.57035,0.837717,-1.57664
0.115993,0.120347,0.0289095;-1.56842,0.916287,-1.58776
0.123277,0.122652,0.0307494;-1.58587,1.0329,-1.58023
0.137953,0.132324,0.04059;-1.99476,1.15221,-1.23316
0.140192,0.130898,0.0379624;-1.90887,1.09269,-1.29871
0.140362,0.128296,0.0309089;-1.65944,1.03624,-1.50709
0.134664,0.127936,0.0285965;-1.57072,1.1281,-1.57167
0.132381,0.127675,0.0288866;-1.57064,1.26771,-1.58601
0.131514,0.124363,0.030204;-1.49282,1.38522,-1.67251
0.174212,0.128809,0.0418088;3.12527,1.40465,-0.0574134
0.186184,0.128353,0.0390493;-2.4861,1.3764,-0.705353
0.190486,0.122276,0.0337136;-1.91751,1.29972,-1.25464
0.195429,0.119195,0.0288803;-1.59237,1.13934,-1.55656
0.192091,0.120281,0.0287623;-1.56837,1.26529,-1.58231
0.188374,0.121944,0.0287603;-1.57012,1.43334,-1.58041
0.19101,0.122387,0.038256;1.81555,1.34565,1.29109
0.194574,0.117843,0.0400879;2.29648,1.40341,0.787532
0.196601,0.113213,0.0373369;-2.95073,1.47733,-0.251615
0.20107,0.110912,0.0295124;-1.68029,1.38514,-1.47563
0.198964,0.112302,0.0286995;-1.56966,1.47466,-1.57759
0.199588,0.112249,0.0285899;1.54034,1.55966,1.60157
0.213828,0.112604,0.0368992;1.88773,1.20427,1.23571
0.210717,0.108719,0.0392881;1.99824,1.25832,1.10283
0.203157,0.103409,0.0377854;2.05745,1.38128,1.02437
0.204964,0.106071,0.0317955;-1.78095,1.46764,-1.40002
0.20852,0.103891,0.0289007;-1.58061,1.42708,-1.57481
0.209227,0.103301,0.0285794;-1.5707,1.43313,-1.57084
0.223754,0.104078,0.034018;2.0909,1.38123,1.04299
0.223488,0.102879,0.0366903;2.20527,1.35675,0.917006
0.218013,0.102196,0.039378;2.24753,1.34183,0.852447
0.193363,0.112622,0.0307977;1.60942,1.41419,1.49722
0.19137,0.114612,0.0287168;1.62492,1.44517,1.51707
0.191568,0.114294,0.0287735;1.57053,1.43655,1.56195
0.193399,0.111306,0.0301497;1.5493,1.35709,1.5663
0.229672,0.0948636,0.0419322;2.10793,1.16872,1.02128
0.226153,0.0909443,0.0409709;2.12678,1.23188,0.988349
0.223424,0.0898906,0.0383643;2.19041,1.34743,0.913586
0.222063,0.0922186,0.0312825;1.80034,1.47914,1.30864
0.220848,0.0927406,0.028875;1.58038,1.42667,1.54897
0.220201,0.0930278,0.0289741;1.57356,1.35559,1.54987
0.245445,0.0831063,0.0385849;1.84103,1.0431,1.29075
0.246186,0.0791849,0.040109;1.93839,1.07325,1.19919
0.240128,0.0781524,0.0396379;1.98952,1.11928,1.15038
0.23304,0.0926343,0.0381426;1.63384,1.20628,1.39633
0.22594,0.104879,0.0354072;1.56952,1.08718,1.47674
0.220028,0.107831,0.0288137;1.5524,0.948133,1.58543
0.243113,0.0831494,0.038759;1.58427,0.74795,1.52864
0.252949,0.0679695,0.0398408;1.8194,0.847041,1.33634
0.248485,0.0607658,0.0374633;1.81649,0.972699,1.32362
0.253346,0.0509492,0.0321902;1.7446,1.17928,1.3918
0.249921,0.0565463,0.0291436;1.60662,1.12079,1.52705
0.24677,0.0594249,0.0288616;1.56865,0.974298,1.55992
0.24578,0.0560653,0.0357622;1.60203,0.619248,1.52325
0.251483,0.0482843,0.0390803;1.68298,0.623891,1.4449
0.252669,0.0395595,0.0395525;1.73868,0.734428,1.38753
0.251419,0.0362914,0.0353146;1.6138,0.946804,1.45687
0.251959,0.0383726,0.0317146;1.61205,0.951546,1.5009
0.250145,0.0420015,0.0288342;1.56973,0.869195,1.55902
0.250761,0.0367753,0.0327097;1.52788,0.58256,1.57466
0.258977,0.0256975,0.038791;1.71938,0.444001,1.45036
0.256344,0.0223669,0.0402252;1.71648,0.490109,1.43091
0.249523,0.0195046,0.036607;1.60384,0.788674,1.45084
0.25243,0.0172673,0.0344874;1.60515,0.904586,1.47197
0.25469,0.0118098,0.02914;1.6022,0.959247,1.53608
0.255495,0.0141002,0.0289996;1.58462,0.758749,1.5514
0.259983,0.0100031,0.0340997;1.66074,0.562596,1.49852
0.26122,0.00826641,0.0386301;1.70772,0.495015,1.45064
0.243446,0.02109,0.0385023;1.67963,0.616196,1.42932
0.239498,0.0389413,0.0358766;1.58439,0.672631,1.46879
0.244445,0.0424586,0.0336045;1.58351,0.750935,1.49539
0.24381,0.0404272,0.0287137;1.5677,0.659114,1.56762
0.247772,0.0302985,0.0313349;1.54494,0.551392,1.56988
0.259855,0.0122118,0.0385755;1.73858,0.432001,1.46299
0.247928,0.0133921,0.0393394;1.72182,0.577333,1.42381
0.245491,0.0198644,0.0372301;1.60806,0.711756,1.4452
0.248438,0.0202915,0.0349803;1.60499,0.815083,1.46976
0.248309,0.0164467,0.0287709;1.56779,0.762628,1.5647
0.250964,0.0113271,0.029867;1.59542,0.62862,1.54544
0.259228,0.00328847,0.0364821;1.70555,0.466199,1.48235
0.252008,0.00692069,0.0390936;1.75712,0.494996,1.44131
0.252502,0.0173873,0.0400408;1.73559,0.432167,1.44146
0.254943,0.0408175,0.0348036;1.58393,0.373447,1.48588
0.253195,0.050256,0.0289293;1.56727,0.224564,1.55832
0.252101,0.0440935,0.0307555;1.53365,0.141949,1.57494
0.255392,0.0199214,0.0360955;1.51317,0.0530481,1.56284
0.248989,-0.0111536,0.0366233;1.69471,0.275066,1.4982
0.243765,-0.0129016,0.0365021;1.6984,0.360256,1.48731
0.243747,-0.0147627,0.0363105;1.65692,0.424957,1.47404
0.243448,-0.00266551,0.0292535;1.57249,0.320195,1.54994
0.241793,0.00290554,0.0289471;1.55994,0.135978,1.56569
0.239479,-0.000408893,0.0312556;1.53543,-0.0183574,1.57046
0.23864,-0.0269264,0.0370263;1.66862,0.0224394,1.51659
0.231915,-0.0318683,0.0374912;1.68368,0.153881,1.49838
0.22805,-0.0325574,0.0372005;1.6477,0.232696,1.47616
0.237234,-0.0136068,0.0326783;1.57763,0.14532,1.512
0.237671,-0.00883932,0.0290004;1.56809,0.0602302,1.55348
0.235569,-0.0089484,0.0291123;1.55889,-0.0941164,1.57251
0.229494,-0.0297436,0.0367193;1.65166,-0.233562,1.53956
0.223106,-0.0352559,0.0367582;1.65196,-0.0884485,1.51602
0.216212,-0.0348919,0.0360677;1.62058,0.0406021,1.4911
0.213858,-0.0459721,0.0336134;1.60947,0.253584,1.50893
0.214299,-0.0466214,0.0291636;1.5852,0.220925,1.55384
0.216609,-0.0429254,0.0286457;1.5709,0.0681006,1.56799
0.215823,-0.0494525,0.0370376;1.65328,-0.271378,1.54758
0.211384,-0.0445717,0.038782;1.68581,-0.214809,1.53216
0.206406,-0.0359361,0.0378984;1.65283,-0.112249,1.50435
0.216534,-0.0229523,0.0351019;1.58757,0.0796614,1.48827
0.217103,-0.0237941,0.0302202;1.57437,0.0620779,1.54068
0.216752,-0.0225466,0.0287951;1.57073,-0.00459956,1.56001
0.213375,-0.0493476,0.0363834;1.69878,-0.254969,1.57768
0.210038,-0.0518564,0.0387087;1.71959,-0.225845,1.55797
0.204882,-0.0439666,0.0376573;1.68403,-0.142415,1.52828
0.200868,-0.0429321,0.0374849;1.60354,0.0648102,1.46683
0.199939,-0.0469396,0.0342496;1.57607,0.0967766,1.49133
0.198822,-0.049925,0.0289997;1.57339,0.0792597,1.55359
0.198822,-0.049925,0.0289997;1.57339,0.0792597,1.55359
0.198444,-0.0573684,0.0290873;1.56827,-0.0489434,1.57272
0.198444,-0.0573684,0.0290873;1.56827,-0.0489434,1.57272
