0,0,0.11;-1.57,-2.98023e-08,-1.57
0,0,0.11;-1.57,-2.98023e-08,-1.57
0,0,0.11;-1.57,-2.98023e-08,-1.57
-0.000952,-0.00163172,0.0286384;-1.56929,-0.275819,-1.56859
0.000634315,0.00135029,0.0286961;-1.57087,-0.161259,-1.56531
0.00195837,0.00609133,0.0292545;-1.57213,-0.00606952,-1.56519
3.04455e-05,0.0104888,0.030765;-1.59425,0.0909641,-1.55954
-0.000428077,0.00316212,0.0286854;-1.56722,-0.187509,-1.56775
-0.00192988,-7.78828e-05,0.0287053;-1.56719,-0.31961,-1.56589
-0.00259639,-0.00145966,0.0286827;-1.56552,-0.376318,-1.56865
2.56736e-05,0.00290704,0.0285849;-1.57053,-0.17624,-1.57071
0.000800136,0.00701286,0.0291205;-1.57142,-0.0207196,-1.56785
-0.00176273,0.01148,0.0324569;-1.61838,0.152489,-1.55656
0.000194156,0.0066422,0.0292707;-1.57221,0.0839196,-1.56363
-0.000305606,0.00247014,0.0287063;-1.57,-0.0717717,-1.56517
-0.00251673,-0.00148598,0.0287017;-1.56677,-0.249538,-1.56736
-0.00176576,-0.000319693,0.0285871;-1.57036,-0.187302,-1.57033
-0.001202,0.00280053,0.0288129;-1.57044,-0.0553534,-1.56768
-0.0038204,0.00797392,0.0317845;-1.60587,0.114141,-1.55733
-0.00567013,0.0076059,0.0331458;-1.64683,0.182175,-1.55623
-0.00147926,0.000464146,0.0288416;-1.57252,0.047632,-1.56743
-0.00293086,-0.00354717,0.0286898;-1.57032,-0.10993,-1.56536
-0.00412259,-0.00558163,0.0285926;-1.5699,-0.209218,-1.56992
-0.00297602,-0.0045539,0.0285891;-1.57052,-0.0918831,-1.57069
-0.0034776,-0.00126786,0.0293143;-1.57355,0.0720664,-1.56498
-0.00710661,-0.000344605,0.0316782;-1.60654,0.185509,-1.55308
-0.00617081,-0.00730525,0.0286656;-1.56864,0.116177,-1.5671
-0.0109493,-0.0151802,0.028666;-1.5708,-0.211395,-1.56662
-0.0110182,-0.0154895,0.0286312;-1.57076,-0.243765,-1.56829
-0.0099721,-0.0138308,0.0285801;-1.57076,-0.162797,-1.57068
-0.0100338,-0.00643396,0.0309156;-1.59494,0.165008,-1.55842
-0.0140925,-0.00546977,0.034655;-1.68135,0.305792,-1.54813
-0.0135702,-0.0115334,0.0338568;-1.67406,0.274066,-1.5487
-0.0146054,-0.0275433,0.0286926;-1.57116,-0.031387,-1.56479
-0.0152894,-0.0302792,0.0286895;-1.57086,-0.155304,-1.5655
-0.0152818,-0.0298985,0.0286718;-1.57223,-0.152087,-1.56681
-0.0135938,-0.0229258,0.029049;-1.57322,0.0885266,-1.56694
-0.0161878,-0.0145558,0.0329073;-1.63628,0.255854,-1.55233
-0.0181813,-0.013011,0.0356382;-1.70782,0.314659,-1.54003
-0.0163044,-0.0329659,0.0286916;-1.56909,0.056171,-1.56519
-0.0168391,-0.0358559,0.0286644;-1.57182,-0.0758314,-1.5665
-0.0166005,-0.036366,0.028665;-1.57176,-0.101481,-1.56659
-0.015403,-0.0326918,0.0286862;-1.56703,0.0826126,-1.56859
-0.0130687,-0.0259508,0.0298798;-1.57375,0.236398,-1.56221
-0.015002,-0.0164476,0.0340658;-1.6811,0.359048,-1.54039
-0.0128437,-0.0294615,0.028635;-1.57203,0.144958,-1.56674
-0.0126935,-0.0327493,0.0285489;-1.56934,-0.00428144,-1.56886
-0.0114094,-0.0347915,0.0286765;-1.57072,-0.0988225,-1.56599
-0.0107529,-0.0316486,0.0286347;-1.57092,0.0119234,-1.56812
-0.00792325,-0.0255323,0.0295344;-1.5709,0.161358,-1.56425
-0.00936847,-0.0154629,0.0337539;-1.66021,0.323736,-1.54206
-0.00753635,-0.0269112,0.028678;-1.571,0.146636,-1.56598
-0.00830044,-0.0310026,0.0285363;-1.56712,-0.0302753,-1.56911
-0.0086852,-0.0324808,0.028583;-1.5707,-0.11067,-1.57036
-0.00798665,-0.0295602,0.0285809;-1.57078,-0.0203833,-1.57066
-0.00560373,-0.023377,0.0294048;-1.57259,0.113358,-1.56617
-0.0066412,-0.0110971,0.0335059;-1.64847,0.265092,-1.55077
-0.00527037,-0.0211085,0.0286864;-1.5709,0.176238,-1.56582
-0.00655231,-0.025984,0.0287344;-1.57136,0.0366865,-1.56285
-0.00684882,-0.029231,0.028646;-1.5711,-0.0989305,-1.56764
-0.00659764,-0.0285172,0.0285811;-1.57082,-0.0980747,-1.57056
-0.00559239,-0.0254898,0.0287917;-1.56969,-0.0222367,-1.57129
-0.00687996,-0.012931,0.0318555;-1.61043,0.127822,-1.56102
-0.0106376,-0.0194485,0.0331953;-1.64311,0.213497,-1.54741
-0.0104356,-0.0340538,0.0287808;-1.56538,0.107465,-1.56637
-0.0124733,-0.0382005,0.0287191;-1.57091,-0.0341286,-1.56398
-0.0122122,-0.0386045,0.028599;-1.57031,-0.0981389,-1.56934
-0.0113718,-0.0377665,0.0285814;-1.57072,-0.0209582,-1.57102
-0.0106243,-0.0332843,0.029133;-1.57162,0.118118,-1.5701
-0.0171963,-0.0239537,0.035726;-1.70751,0.352273,-1.53739
-0.0155447,-0.0336222,0.033436;-1.66143,0.275026,-1.54758
-0.0161617,-0.0503806,0.0290981;-1.5868,0.137047,-1.57821
-0.0137905,-0.0495712,0.0291283;-1.58978,-0.0313639,-1.57895
-0.0144831,-0.0504775,0.0289708;-1.57392,-0.000967264,-1.58607
-0.0127137,-0.0462347,0.0293854;-1.5788,0.109619,-1.58233
-0.0131201,-0.0286377,0.0320742;-1.60974,0.408543,-1.5449
-0.0133049,-0.0360611,0.0316323;-1.60992,0.343369,-1.54666
-0.0140376,-0.0491171,0.0292773;-1.58498,0.197618,-1.57693
-0.0128267,-0.049143,0.0291024;-1.57879,0.0177496,-1.58185
-0.0131714,-0.0492256,0.0290135;-1.57817,0.0396938,-1.58365
-0.0130936,-0.0481952,0.0292764;-1.573,0.154925,-1.58441
-0.012841,-0.0292317,0.0324156;-1.60991,0.470782,-1.53606
-0.0128694,-0.03466,0.0320008;-1.61538,0.413998,-1.54083
-0.0137202,-0.047572,0.0294076;-1.58658,0.286837,-1.57567
-0.0164187,-0.0534817,0.0292216;-1.58435,0.146389,-1.57952
-0.0173561,-0.0542599,0.0289208;-1.57235,0.184456,-1.585
-0.0155922,-0.053262,0.0293354;-1.57259,0.24903,-1.58652
-0.0120602,-0.0306268,0.0323795;-1.6118,0.549942,-1.5377
-0.0142765,-0.035996,0.031944;-1.62123,0.524243,-1.53815
-0.0189704,-0.0502079,0.0304214;-1.61123,0.432581,-1.55295
-0.0256445,-0.0625825,0.0287469;-1.57022,0.240447,-1.57871
-0.0254084,-0.061932,0.0288583;-1.57298,0.241078,-1.58133
-0.0244773,-0.0611174,0.0289419;-1.57201,0.258117,-1.58636
-0.0207497,-0.0459325,0.0312069;-1.60859,0.508953,-1.55235
-0.0232754,-0.0466519,0.0339327;-1.67524,0.529004,-1.51718
-0.0262414,-0.0525289,0.0329218;-1.64762,0.523173,-1.52162
-0.0321307,-0.0694595,0.0286865;-1.57158,0.324038,-1.56481
-0.0314484,-0.0717644,0.0286825;-1.57211,0.208481,-1.56666
-0.0313677,-0.0706393,0.0285722;-1.57002,0.261677,-1.57156
-0.0293094,-0.0679707,0.0286749;-1.56737,0.357924,-1.57384
-0.0221325,-0.044803,0.0356191;-1.72331,0.57773,-1.49877
-0.0217793,-0.0527947,0.0333265;-1.66409,0.511378,-1.51868
-0.0244314,-0.0643152,0.0285523;-1.57266,0.386649,-1.56768
-0.0240149,-0.068101,0.02879;-1.57912,0.208461,-1.56669
-0.0238872,-0.0671988,0.0286455;-1.57161,0.226633,-1.56664
-0.0226579,-0.0649871,0.0285889;-1.5694,0.316816,-1.57132
-0.0119972,-0.0366035,0.0351605;-1.70835,0.54296,-1.51354
-0.0118268,-0.0371538,0.0348094;-1.71157,0.513622,-1.5069
-0.0132581,-0.050849,0.0286781;-1.57074,0.395057,-1.56588
-0.0137988,-0.0568588,0.0286486;-1.57362,0.137534,-1.56972
-0.0137541,-0.056361,0.0285868;-1.57112,0.17134,-1.56988
-0.0133726,-0.0556423,0.0285795;-1.5703,0.205469,-1.57158
-0.00461409,-0.0222189,0.0335852;-1.66527,0.392521,-1.54974
-0.00471521,-0.0196651,0.0367283;-1.73,0.388034,-1.51909
-0.00586675,-0.0359519,0.0297983;-1.59747,0.299652,-1.55402
-0.00780891,-0.0440679,0.0285822;-1.57088,0.0844023,-1.57063
-0.00755033,-0.0434239,0.0286914;-1.57604,0.0866262,-1.57019
-0.00754513,-0.0436706,0.0285878;-1.56894,0.127017,-1.57661
-0.000449929,-0.0166515,0.032137;-1.57121,0.289449,-1.58287
0.00190113,-0.00425106,0.0381211;-1.75228,0.275771,-1.53643
0.00240582,-0.0133677,0.0337323;-1.66395,0.230645,-1.54754
0.00163855,-0.0281255,0.0286104;-1.57118,0.0216419,-1.5691
0.00197058,-0.0283566,0.0285802;-1.57083,-0.00327758,-1.57079
0.00169689,-0.0283101,0.0285939;-1.5712,0.0296775,-1.57175
0.00531058,-0.0171383,0.0300805;-1.57077,0.148965,-1.58629
0.00602905,0.00141906,0.0370699;-1.72738,0.230838,-1.5517
0.00400351,-0.00196993,0.0359993;-1.70623,0.240868,-1.54474
0.00588335,-0.021069,0.0285827;-1.57077,0.0502367,-1.57085
0.00561405,-0.0220257,0.0285849;-1.57092,-0.00287474,-1.57139
0.00538578,-0.022456,0.0286094;-1.57077,0.0317517,-1.57215
0.00583227,-0.0233102,0.0294028;-1.57428,0.242893,-1.58433
0.0111848,-0.00506866,0.0329159;-1.65222,0.348915,-1.55813
0.0115452,0.0033947,0.0379266;-1.75513,0.367924,-1.51887
0.012533,-0.0151103,0.0286597;-1.5729,0.225565,-1.57364
0.0125626,-0.0153798,0.0285888;-1.57053,0.160833,-1.5716
0.011633,-0.0158027,0.0287436;-1.57796,0.189248,-1.57065
0.00652265,-0.0198342,0.0289887;-1.57827,0.472488,-1.58171
0.0123242,-0.0119995,0.0308958;-1.58968,0.577369,-1.5802
0.0217648,0.00497788,0.0380572;-1.77426,0.632455,-1.47202
0.0217859,-0.0090182,0.0303836;-1.62092,0.492966,-1.55053
0.019954,-0.0127397,0.0287438;-1.57064,0.443442,-1.57863
0.0189941,-0.0132266,0.0287112;-1.57239,0.447142,-1.57579
0.0115345,-0.0154845,0.0291443;-1.57243,0.710891,-1.58962
0.014706,-0.0142058,0.0311538;-1.56698,0.859168,-1.60443
0.0275393,-0.00202322,0.0376289;-1.80553,0.947486,-1.41322
0.0249321,-0.0110879,0.0319093;-1.67276,0.82592,-1.5004
0.0217847,-0.0160686,0.0290248;-1.59758,0.747432,-1.55463
0.0191736,-0.0173699,0.0287243;-1.57329,0.721068,-1.57404
0.0144579,-0.0177121,0.0291228;-1.57928,0.906595,-1.58333
0.0151875,-0.0178989,0.0311409;-1.54045,1.03475,-1.63164
0.0286648,-0.00979303,0.0346595;-1.75357,1.15711,-1.44139
0.0352232,-0.00910509,0.0358517;-1.86141,1.0579,-1.32622
0.0278632,-0.0174967,0.0289965;-1.59033,0.94589,-1.5636
0.0240531,-0.0194989,0.0287774;-1.56906,0.871892,-1.58046
0.0216731,-0.0198569,0.0290807;-1.58328,0.943772,-1.57717
0.0175082,-0.0221689,0.0305217;-1.56159,1.04669,-1.61444
0.0218532,-0.0218216,0.0333207;-1.43925,1.20275,-1.72832
0.0379163,-0.0132549,0.0408645;-2.16365,1.214,-1.04599
0.0261401,-0.0212949,0.0335157;-1.80122,1.13892,-1.37199
0.0173513,-0.0256549,0.0288266;-1.57997,1.03903,-1.57332
0.0164176,-0.0257092,0.0288657;-1.58712,1.02197,-1.56587
0.0147528,-0.0269544,0.0291022;-1.57211,1.07956,-1.5907
0.0140373,-0.0315406,0.0320788;-1.46143,1.21776,-1.70304
0.0347975,-0.0222023,0.0389321;-2.06509,1.33138,-1.1371
0.0331511,-0.0241322,0.0372093;-1.99068,1.24697,-1.20093
0.0186106,-0.0303655,0.0289306;-1.56935,1.15443,-1.58841
0.0186816,-0.0289252,0.0288091;-1.57546,1.07759,-1.57635
0.0185358,-0.0291444,0.0289164;-1.56908,1.09907,-1.58798
0.0180304,-0.032403,0.0301897;-1.53761,1.19133,-1.62848
0.0372879,-0.0289263,0.0389963;-0.876846,1.38034,-2.24615
0.0404986,-0.0253367,0.0397198;-2.21705,1.29871,-0.989958
0.0324326,-0.0290854,0.0311981;-1.66689,1.22695,-1.49978
0.0282138,-0.0295142,0.0287868;-1.57062,1.09144,-1.58089
0.0287466,-0.0294247,0.0289441;-1.58266,1.09605,-1.57378
0.0272738,-0.0311248,0.0297641;-1.56114,1.1387,-1.60754
0.0486926,-0.0284954,0.0370061;-1.26153,1.39443,-1.89836
0.0572101,-0.0215364,0.0416867;-2.4083,1.30037,-0.797734
0.0526285,-0.0242182,0.0375393;-2.05986,1.21003,-1.12177
0.04239,-0.0289617,0.0287777;-1.57344,1.01373,-1.57722
0.0411089,-0.0292038,0.0288776;-1.58063,1.06215,-1.57325
0.040715,-0.0297202,0.029481;-1.57253,1.08906,-1.59293
0.040715,-0.0297202,0.029481;-1.57253,1.08906,-1.59293
0.043649,-0.0303231,0.0316984;-1.51276,1.18671,-1.66384
0.043649,-0.0303231,0.0316984;-1.51276,1.18671,-1.66384
