0,0,0.11;-1.57,-2.98023e-08,-1.57
0,0,0.11;-1.57,-2.98023e-08,-1.57
0,0,0.11;-1.57,-2.98023e-08,-1.57
-0.000543007,0.000127554,0.0285995;-1.57076,-0.270221,-1.5694
0.000126812,0.00146871,0.0288269;-1.56227,-0.21212,-1.56499
0.000987429,0.00414188,0.0292151;-1.55218,-0.151609,-1.55533
0.00349517,0.0145233,0.0295516;-1.55635,-0.0389765,-1.55014
0.00286629,0.014302,0.0285964;-1.57083,-0.123618,-1.57176
0.00133938,0.0143426,0.02858;-1.57079,-0.231612,-1.57079
0.00107144,0.0149009,0.0286248;-1.57065,-0.286791,-1.57297
0.000704118,0.014378,0.0286197;-1.57077,-0.23078,-1.5727
0.000281021,0.0137183,0.0289433;-1.5582,-0.141775,-1.56869
-0.00197189,0.0185874,0.0297542;-1.54653,-0.0631077,-1.56158
-0.00215172,0.0264547,0.0291234;-1.5728,0.0244541,-1.57685
-0.00193075,0.0257213,0.0287353;-1.57072,0.0071711,-1.57848
-0.0017996,0.0267934,0.0288699;-1.57341,-0.0435436,-1.58187
-0.00198088,0.026002,0.028744;-1.57144,-0.0618786,-1.57787
-0.0015656,0.0259415,0.0287339;-1.56619,-0.0279423,-1.5674
-0.00109503,0.0301996,0.0300729;-1.55784,0.011583,-1.55175
0.00222405,0.0419184,0.031458;-1.54087,0.214027,-1.55057
0.00479488,0.0440603,0.0287481;-1.56249,0.253343,-1.57274
0.00451176,0.0444704,0.028813;-1.56647,0.235121,-1.57872
0.00259975,0.0467524,0.0286881;-1.57055,0.125143,-1.57579
0.00296081,0.0462045,0.0287181;-1.56977,0.162033,-1.57721
0.00309065,0.0458743,0.0291052;-1.54579,0.174898,-1.57557
0.00316594,0.045256,0.033937;-1.46193,0.197026,-1.59096
0.0052077,0.0437937,0.0326129;-1.49243,0.230515,-1.59783
0.00639293,0.0478921,0.0311654;-1.56027,0.17262,-1.61131
0.00707248,0.0517859,0.0292503;-1.57199,0.134228,-1.58729
0.00722493,0.0520234,0.028839;-1.57061,0.129187,-1.58313
0.00612495,0.0515036,0.0293989;-1.54726,0.133366,-1.56407
0.00675374,0.0538373,0.0329665;-1.49917,0.183659,-1.56284
0.0104908,0.0586177,0.0320421;-1.50601,0.260707,-1.57187
0.0152601,0.0686159,0.0288619;-1.572,0.292857,-1.58389
0.0148627,0.0689561,0.0288893;-1.56321,0.258268,-1.58018
0.0151118,0.0680473,0.0287265;-1.57026,0.290177,-1.57789
0.0139182,0.0652029,0.029133;-1.5465,0.333845,-1.57524
0.0129409,0.0644597,0.033315;-1.46945,0.341171,-1.6004
0.014135,0.0637015,0.0358865;-1.41709,0.362317,-1.62081
0.0206579,0.0672026,0.0290718;-1.5547,0.432132,-1.58636
0.019915,0.0691066,0.0292383;-1.55377,0.385765,-1.59294
0.0193779,0.069544,0.0291152;-1.55949,0.369268,-1.58998
0.0235844,0.0658051,0.0297387;-1.53287,0.473101,-1.58972
0.0236303,0.0660475,0.0322815;-1.48089,0.486845,-1.60922
0.0232282,0.0668868,0.0351231;-1.43511,0.50477,-1.62024
0.0283935,0.0660632,0.0312694;-1.50107,0.532414,-1.60999
0.0290935,0.0664407,0.0292591;-1.54408,0.531533,-1.59613
0.0286272,0.0667568,0.0291884;-1.54638,0.523594,-1.59324
0.0272177,0.0667259,0.031021;-1.50632,0.505691,-1.60503
0.0253007,0.0667366,0.0340405;-1.44168,0.497231,-1.63147
0.024026,0.0675334,0.0362575;-1.396,0.501567,-1.64923
0.0286477,0.0639522,0.0324232;-1.47243,0.547012,-1.62435
0.0308793,0.0653278,0.0292559;-1.5402,0.564276,-1.59458
0.0312221,0.0657342,0.0288188;-1.56086,0.562604,-1.5794
0.0312634,0.0662422,0.0289138;-1.55271,0.530509,-1.58022
0.0296895,0.0659294,0.030556;-1.51199,0.520288,-1.5913
0.0272239,0.0656375,0.0328815;-1.47009,0.507166,-1.60433
0.0283195,0.0635615,0.0336581;-1.4451,0.537403,-1.62733
0.0311876,0.0656174,0.0314256;-1.49099,0.547867,-1.6099
0.0318126,0.0669018,0.0291245;-1.54188,0.545973,-1.58728
0.0309702,0.0687434,0.0296678;-1.53138,0.507969,-1.58982
0.0285072,0.0686106,0.0297667;-1.5309,0.500405,-1.58404
0.0248064,0.0682476,0.0313626;-1.50476,0.47033,-1.58769
0.0161729,0.0645558,0.03153;-1.50168,0.389164,-1.58186
0.0159563,0.0621738,0.0302305;-1.52402,0.38771,-1.58063
0.0178428,0.0626169,0.0289592;-1.55139,0.406972,-1.57879
0.0180022,0.0628525,0.0289165;-1.56023,0.416459,-1.58138
0.0175073,0.0636549,0.0294145;-1.53561,0.397596,-1.58242
0.0149426,0.0644462,0.0318786;-1.49063,0.370334,-1.59534
0.00794738,0.0659693,0.035194;-1.42869,0.311461,-1.60496
0.0076128,0.0609056,0.0347736;-1.43611,0.306854,-1.60836
0.00949914,0.0623555,0.0307839;-1.51294,0.322304,-1.59179
0.0116431,0.0645486,0.0293152;-1.55839,0.334705,-1.58974
0.0117998,0.0653555,0.0300248;-1.53699,0.324667,-1.59456
0.0115301,0.0657978,0.0324925;-1.49338,0.317867,-1.60469
0.00825313,0.0681826,0.0363816;-1.41775,0.332099,-1.61811
0.00668965,0.0599517,0.0360056;-1.41203,0.362751,-1.62937
0.0097627,0.0567412,0.0342128;-1.44227,0.420463,-1.62366
0.0135341,0.0631629,0.0303328;-1.55876,0.411271,-1.60493
0.0146078,0.0674639,0.0307234;-1.55072,0.367292,-1.60595
0.0154883,0.0707282,0.0330707;-1.50168,0.351123,-1.61686
0.0105837,0.070906,0.0357132;-1.45342,0.25443,-1.60718
0.00331604,0.0590925,0.0387458;-1.43803,0.25704,-1.64594
-0.000250728,0.0522152,0.0387499;-1.44329,0.308491,-1.66356
0.00863655,0.0540656,0.0350421;-1.59088,0.364308,-1.64322
0.0113751,0.059238,0.0326469;-1.56577,0.394211,-1.63316
0.0145313,0.0661245,0.0319359;-1.56787,0.436584,-1.61503
0.0126664,0.0699957,0.0373264;-1.53466,0.385428,-1.59236
0.00656589,0.0510177,0.0447046;-1.40461,0.293796,-1.69038
-0.000535917,0.0335605,0.0466844;-1.34216,0.234097,-1.72079
0.00247403,0.0235597,0.0492672;-1.35503,0.353876,-1.78738
0.00778199,0.0307498,0.0470996;-1.37012,0.354643,-1.761
0.0144393,0.0425445,0.0469297;-1.38818,0.416728,-1.75442
0.0132766,0.0514547,0.047576;-1.43696,0.399062,-1.68055
0.00610742,0.0363846,0.050175;-1.32018,0.324367,-1.71724
-0.0020447,0.0223091,0.0488121;-1.23814,0.271706,-1.72004
-8.0354e-05,0.0126791,0.0529752;-1.19202,0.350304,-1.80169
0.0044873,0.0153671,0.0469646;-1.37547,0.454011,-1.78563
0.00537453,0.0224649,0.0452381;-1.36938,0.456355,-1.76006
0.00680222,0.0350264,0.045894;-1.3684,0.469011,-1.73956
0.0027019,0.0425468,0.0411864;-1.48349,0.374553,-1.59555
-0.00457678,0.0184434,0.0452042;-1.31065,0.312123,-1.69946
-0.00991052,0.00440901,0.0474803;-1.25831,0.354354,-1.74678
-0.00319676,0.0100689,0.0405961;-1.47623,0.430244,-1.72274
-0.000986534,0.0148788,0.0380078;-1.48337,0.411521,-1.6863
-7.35242e-06,0.0199847,0.0409923;-1.39938,0.460802,-1.70187
-0.00354391,0.0208102,0.0462613;-1.3531,0.416314,-1.69383
-0.0133135,0.0022558,0.0490067;-1.26243,0.309785,-1.7333
-0.0177383,-0.00938436,0.0481285;-1.25268,0.325198,-1.74245
-0.0153955,0.00200067,0.0385116;-1.5042,0.316274,-1.68915
-0.00980725,0.0103304,0.0361999;-1.53211,0.330225,-1.66271
-0.00781806,0.0183308,0.0368509;-1.47203,0.355155,-1.65305
-0.0169367,0.00691278,0.0445809;-1.35064,0.33992,-1.69618
-0.0257983,-0.00758185,0.0442104;-1.3689,0.228371,-1.68776
-0.0292721,-0.0154708,0.0437379;-1.39737,0.173432,-1.69206
-0.0319599,-0.0232262,0.0403789;-1.52583,0.155599,-1.71443
-0.0314292,-0.028075,0.0386147;-1.53691,0.24683,-1.70062
-0.0289824,-0.0257065,0.040313;-1.4703,0.274952,-1.69601
-0.0261002,-0.00804,0.0423001;-1.33013,0.293277,-1.67032
-0.0256451,-0.00937997,0.0422656;-1.33254,0.277838,-1.6634
-0.0258006,-0.012001,0.0423144;-1.33829,0.240515,-1.66308
-0.0259694,-0.0125317,0.0374508;-1.50614,0.212636,-1.66923
-0.0256986,-0.0144545,0.0367202;-1.54806,0.235712,-1.67931
-0.0213907,-0.0107832,0.0381335;-1.516,0.268498,-1.68609
-0.0124791,0.00399262,0.0443335;-1.30943,0.398553,-1.71475
-0.00997861,0.0109557,0.0453866;-1.2547,0.479028,-1.72835
-0.00869224,0.0112754,0.0459319;-1.18638,0.497142,-1.75314
-0.00471124,0.010185,0.0460763;-1.24353,0.51452,-1.78388
-0.000291832,0.0187315,0.0413533;-1.43066,0.517127,-1.73327
0.00120275,0.021512,0.0392064;-1.49962,0.504375,-1.71205
-0.0027989,0.0204398,0.0450498;-1.20283,0.563157,-1.7935
-0.00363636,0.0231196,0.0507755;-1.04382,0.601265,-1.86273
-0.000936756,0.0314062,0.0532108;-1.04497,0.667716,-1.85007
0.00360603,0.0321084,0.0529836;-1.06016,0.59202,-1.82906
0.0003853,0.0259336,0.0553194;-0.957325,0.583378,-1.89078
0.0018366,0.0256716,0.0529846;-1.01485,0.616502,-1.87296
0.00813889,0.0318352,0.0547579;-1.16429,0.66481,-1.8084
0.0107088,0.0483992,0.0556563;-1.38531,0.69587,-1.67449
0.0188473,0.0780579,0.04227;-1.89814,0.674825,-1.38813
0.0241258,0.0777746,0.0438796;-1.93378,0.588493,-1.37223
0.0252776,0.0764053,0.0444575;-1.9547,0.60386,-1.36045
0.0258911,0.0737304,0.044159;-1.9465,0.614967,-1.36654
0.02266,0.0618941,0.0488545;-1.95763,0.688495,-1.39958
0.021847,0.06703,0.0477592;-1.9446,0.737085,-1.39284
0.0217444,0.0759019,0.0481985;-1.98854,0.739682,-1.34897
0.020751,0.0772867,0.0495888;-2.06259,0.721695,-1.28652
0.0209189,0.0768939,0.0498818;-2.05648,0.715134,-1.29825
0.0197554,0.0753868,0.04934;-2.0178,0.71861,-1.33556
0.0206236,0.0718866,0.046538;-1.88522,0.714384,-1.44692
0.0234095,0.0735167,0.0466446;-1.91673,0.701197,-1.41548
0.0212762,0.0753907,0.0455049;-1.87598,0.734027,-1.44335
0.0249064,0.0828152,0.0452953;-1.98935,0.66802,-1.32179
0.024843,0.0788829,0.0453699;-1.99196,0.66673,-1.31988
0.0201656,0.0758686,0.0458789;-1.94604,0.705315,-1.37308
0.020467,0.0717281,0.0435802;-1.82842,0.68381,-1.47475
0.023431,0.0792961,0.0434749;-1.88256,0.627712,-1.42151
0.0291068,0.0859209,0.0428525;-1.90381,0.614673,-1.38244
0.0359041,0.0905351,0.0443078;-1.94564,0.610502,-1.34544
0.0355443,0.088198,0.0453977;-1.95774,0.599851,-1.32612
0.0353608,0.0872625,0.0434059;-1.95123,0.623586,-1.34641
0.0280071,0.0788495,0.0446347;-1.8179,0.685581,-1.49877
0.0266974,0.0737491,0.0439005;-1.7501,0.716094,-1.55809
0.0309948,0.0752294,0.0430696;-1.76117,0.704846,-1.54639
0.0382267,0.0779896,0.0446974;-1.89699,0.681851,-1.41205
0.0423224,0.0830014,0.0471118;-2.02872,0.63881,-1.31198
0.0411971,0.0827393,0.0474696;-2.05615,0.652931,-1.28377
0.0373541,0.0778999,0.0471091;-1.976,0.695793,-1.36005
0.0369813,0.075154,0.0469319;-1.95971,0.699039,-1.37241
0.0372646,0.075198,0.0444552;-1.87352,0.682702,-1.43846
0.0392564,0.0800629,0.041434;-1.7581,0.615816,-1.51958
0.0383617,0.0831537,0.0429449;-1.86459,0.598854,-1.43953
0.0414341,0.0877551,0.0455028;-1.98643,0.57629,-1.3361
0.032631,0.0815571,0.035887;-1.69601,0.666888,-1.52924
0.0266572,0.0758861,0.0336411;-1.53892,0.728958,-1.63933
0.027585,0.0724834,0.0343688;-1.50873,0.794259,-1.67625
0.0468356,0.100775,0.0390066;-1.75387,0.698417,-1.50115
0.0579472,0.105791,0.0395246;-1.83123,0.592198,-1.43297
0.0604107,0.106158,0.0415702;-1.88742,0.564045,-1.40179
0.0561611,0.102856,0.0401935;-1.84794,0.580847,-1.4273
0.0492379,0.0979014,0.0382201;-1.748,0.635965,-1.4815
0.0438964,0.0904953,0.035245;-1.59727,0.682946,-1.59662
0.0438964,0.0904953,0.035245;-1.59727,0.682946,-1.59662
0.0454112,0.0878136,0.0350914;-1.63863,0.69913,-1.58178
0.0454112,0.0878136,0.0350914;-1.63863,0.69913,-1.58178
