0,0,0.11;-1.57,-2.98023e-08,-1.57
0,0,0.11;-1.57,-2.98023e-08,-1.57
0,0,0.11;-1.57,-2.98023e-08,-1.57
-0.00136042,0.00176904,0.0286462;-1.56924,-0.268182,-1.57206
-0.00140559,0.00160671,0.0287825;-1.56095,-0.26951,-1.56764
-0.00201619,0.00131253,0.0291968;-1.5471,-0.272245,-1.55616
-8.48394e-05,0.00527598,0.0320176;-1.50157,-0.146038,-1.5586
0.00484412,0.00718584,0.0325929;-1.56664,-0.140009,-1.63356
0.00512608,0.0182693,0.0334092;-1.58081,-0.258231,-1.63101
0.00799705,0.0243664,0.0313506;-1.589,-0.378038,-1.61364
0.00860739,0.0273892,0.0285997;-1.57029,-0.448893,-1.57187
0.00745207,0.0250799,0.0292977;-1.54284,-0.458316,-1.55598
0.00600319,0.0225022,0.0319877;-1.48914,-0.452733,-1.52886
0.00474738,0.0183034,0.0305355;-1.52109,-0.460467,-1.54288
0.00409777,0.0173569,0.0287581;-1.56779,-0.477689,-1.56355
0.00388719,0.0173124,0.0285797;-1.57086,-0.496691,-1.57096
0.00434976,0.0172844,0.0293276;-1.5754,-0.507249,-1.5948
0.00581389,0.0172793,0.031247;-1.5562,-0.500921,-1.60766
0.00633046,0.0191568,0.0346459;-1.50254,-0.512862,-1.58656
0.00844218,0.0291171,0.0374294;-1.46551,-0.523309,-1.5726
0.0103282,0.0305666,0.0358669;-1.48838,-0.505585,-1.58374
0.0117047,0.036453,0.0291812;-1.57007,-0.501839,-1.59098
0.01083,0.0354486,0.0289111;-1.57286,-0.452113,-1.58561
0.0110706,0.0326944,0.0290477;-1.57272,-0.449698,-1.59067
0.0108798,0.0223865,0.0304687;-1.55821,-0.451951,-1.59319
0.0102665,0.00906865,0.0354876;-1.50426,-0.461055,-1.59782
0.00943298,0.00774423,0.035545;-1.55465,-0.563662,-1.65876
0.0160266,0.0215077,0.0397828;-1.67809,-0.62205,-1.72814
0.0147336,0.0321893,0.0411423;-1.6849,-0.576077,-1.73031
0.0121632,0.0319067,0.0382435;-1.63714,-0.505444,-1.69442
0.00492889,0.0254864,0.0339514;-1.47798,-0.247106,-1.56495
0.00391685,0.0201025,0.034937;-1.44522,-0.212193,-1.53996
0.00435493,0.0199368,0.0342177;-1.45961,-0.21856,-1.54988
0.00218778,0.0321917,0.0304186;-1.57232,-0.332831,-1.60546
0.00353896,0.0366722,0.0336836;-1.58463,-0.363455,-1.6394
0.00594842,0.0386387,0.0347237;-1.61209,-0.373653,-1.65128
0.00444443,0.0319744,0.0392012;-1.69792,-0.267078,-1.66364
-0.000629808,0.0222608,0.0420408;-1.65007,-0.207305,-1.64366
-0.00351208,0.00143474,0.0406063;-1.52427,-0.14471,-1.59664
-0.00440754,-0.00791805,0.0295419;-1.56537,-0.141744,-1.59527
-0.00720083,-0.000360695,0.0298114;-1.55969,-0.228212,-1.5908
-0.00932483,0.00803307,0.0293364;-1.56678,-0.307252,-1.58865
-0.00852726,0.0118217,0.0292131;-1.57462,-0.344924,-1.58733
-0.00950302,0.0136958,0.0328187;-1.64714,-0.287103,-1.60361
-0.0124852,0.017614,0.0370895;-1.70609,-0.195211,-1.62302
-0.00818926,0.0263388,0.039021;-1.65544,-0.273364,-1.68353
-0.00607097,0.0241348,0.0397742;-1.63394,-0.321775,-1.6969
-0.00450205,0.015581,0.0384228;-1.62076,-0.361304,-1.69487
-0.00756811,0.00920632,0.0327173;-1.56421,-0.487931,-1.63063
-0.010041,0.00940749,0.032262;-1.52741,-0.50662,-1.58098
-0.0114102,0.0091737,0.0328436;-1.47831,-0.501433,-1.53093
-0.00896499,0.0226148,0.030748;-1.59236,-0.548746,-1.60905
-0.00747587,0.023368,0.0337561;-1.60049,-0.522323,-1.64786
-0.00741207,0.026064,0.0362461;-1.62182,-0.502475,-1.67204
-0.0040337,0.0192391,0.0392337;-1.68348,-0.394293,-1.68974
-0.0058812,0.0244328,0.0420383;-1.81317,-0.406366,-1.7034
-0.0066708,0.0295765,0.0414724;-1.84252,-0.453028,-1.68872
0.00247513,0.00807517,0.0403837;-1.5096,-0.599402,-1.62546
0.0016817,0.00287514,0.0413166;-1.47268,-0.637233,-1.63317
-0.00209741,0.00899533,0.0339507;-1.58189,-0.702032,-1.65193
-0.00382648,0.0062435,0.0326329;-1.59107,-0.672949,-1.63683
-0.00380654,0.000242369,0.0322563;-1.59724,-0.608705,-1.6265
-0.00221945,-0.00880559,0.0327759;-1.54134,-0.518486,-1.60668
0.0047254,-0.0072497,0.0418472;-1.4197,-0.431801,-1.58773
0.00288624,0.00461854,0.0407818;-1.52644,-0.484448,-1.63616
0.000904325,0.0222727,0.0350185;-1.69586,-0.566533,-1.6638
0.00138355,0.0330722,0.0309179;-1.60442,-0.687882,-1.61785
0.000860066,0.0300734,0.0289241;-1.5724,-0.649691,-1.58661
-0.000613093,0.0266944,0.0287366;-1.56768,-0.556304,-1.56314
-0.0029469,0.000431283,0.031704;-1.53847,-0.457614,-1.53672
0.00177751,-0.0107787,0.0299541;-1.55436,-0.529517,-1.58236
0.00370044,-0.00915006,0.0313855;-1.57353,-0.598896,-1.61894
0.00507136,-0.00255513,0.035573;-1.66609,-0.69263,-1.68284
0.00360093,0.000303344,0.0364564;-1.6648,-0.70497,-1.69554
0.00290008,0.0111012,0.032004;-1.64073,-0.740804,-1.63601
-0.00682947,0.0338852,0.0341402;-1.54761,-0.462498,-1.55766
-0.00873508,0.0408855,0.032719;-1.4985,-0.368238,-1.56321
-0.00913048,0.0434645,0.0295601;-1.55966,-0.35359,-1.58769
-0.00962163,0.0447669,0.0305026;-1.56619,-0.391806,-1.60325
-0.00808274,0.0427722,0.0300857;-1.56969,-0.387802,-1.60071
-0.007727,0.0431411,0.0301851;-1.57061,-0.435153,-1.60042
-0.00720445,0.0438265,0.0337226;-1.64481,-0.611953,-1.61619
-0.00669454,0.0484515,0.0379522;-1.73352,-0.653078,-1.66302
-0.00335306,0.0442308,0.0323012;-1.64054,-0.629494,-1.62987
-0.00291667,0.0340124,0.0312802;-1.5823,-0.500288,-1.6122
-0.00134891,0.0288886,0.0300888;-1.56657,-0.443615,-1.59961
0.000927678,0.0263922,0.0294518;-1.56184,-0.401008,-1.58694
-0.00160776,0.0273735,0.0331999;-1.48142,-0.392016,-1.53849
-0.00105201,0.0299546,0.0329649;-1.48801,-0.422683,-1.54238
0.000407666,0.0358199,0.0301975;-1.55365,-0.45319,-1.57461
0.00492027,0.0427452,0.0346149;-1.61829,-0.463722,-1.65506
0.00407743,0.0428934,0.035786;-1.64087,-0.449773,-1.66149
0.00472908,0.0384532,0.0326302;-1.58784,-0.416605,-1.63068
0.00219953,0.0190427,0.0304886;-1.53571,-0.343395,-1.56451
0.00240067,0.0125684,0.032831;-1.48407,-0.324798,-1.54393
0.00258208,0.0114477,0.0337351;-1.45802,-0.315258,-1.52968
-0.00241653,0.0202605,0.0301648;-1.56768,-0.401924,-1.60144
-0.00191309,0.0256004,0.0308997;-1.57081,-0.438038,-1.6101
-0.000186541,0.0229201,0.0315486;-1.57251,-0.399198,-1.62037
0.00021322,0.0218962,0.0327301;-1.5757,-0.370206,-1.62931
-0.0028801,0.0150332,0.0373452;-1.57927,-0.348219,-1.58728
0.00187048,0.0030176,0.0349641;-1.50808,-0.291643,-1.57347
0.0042612,-0.00213265,0.0320732;-1.51238,-0.264666,-1.57072
0.00305934,-0.000147775,0.0290173;-1.56281,-0.288079,-1.58176
0.00261723,0.000691489,0.0288654;-1.57054,-0.298577,-1.5843
0.00248018,0.00137236,0.0289663;-1.55491,-0.297571,-1.56946
0.00120538,0.00479878,0.0323147;-1.53466,-0.231167,-1.54229
0.00260991,0.00580988,0.0344303;-1.49093,-0.211849,-1.54029
0.00889291,0.0055311,0.0328407;-1.50518,-0.276041,-1.57631
0.00946973,0.00404323,0.0327782;-1.56643,-0.273146,-1.63219
0.00882002,0.00444829,0.0319568;-1.56787,-0.272656,-1.62346
0.00446909,0.0101241,0.030903;-1.56715,-0.344592,-1.60889
-0.00480396,0.0138703,0.0326263;-1.4981,-0.343212,-1.53746
-0.00701204,0.0174061,0.0335335;-1.48621,-0.30124,-1.524
-0.00628352,0.0198584,0.032368;-1.48459,-0.291592,-1.54883
-3.5521e-05,0.0324918,0.0293617;-1.58293,-0.474179,-1.59336
0.00232121,0.0353243,0.0293673;-1.59297,-0.514451,-1.59269
0.00277327,0.0324825,0.0306877;-1.62792,-0.493166,-1.60895
0.00383172,0.0274607,0.0357805;-1.72469,-0.51652,-1.63798
0.00292901,0.027507,0.0373729;-1.71781,-0.538027,-1.61301
0.00378483,0.0249119,0.0344966;-1.65731,-0.59191,-1.58532
0.00572212,0.0212456,0.0289874;-1.58467,-0.659147,-1.58782
0.00554355,0.0201714,0.0287713;-1.56977,-0.62761,-1.57916
0.00566208,0.0186113,0.0289139;-1.57234,-0.595627,-1.58643
0.00808321,0.00486364,0.0313213;-1.55416,-0.442779,-1.60142
0.0135745,-0.00218463,0.0358835;-1.478,-0.3321,-1.58366
0.0179317,-0.00666651,0.0376582;-1.44687,-0.296292,-1.57503
0.0175855,-0.0117901,0.0320837;-1.56848,-0.347614,-1.62557
0.0174651,-0.0137778,0.0315163;-1.56934,-0.337086,-1.61638
0.016662,-0.0150848,0.0296026;-1.56917,-0.326003,-1.59222
0.0194607,-0.0178047,0.0293277;-1.53602,-0.240281,-1.56473
0.0215935,-0.0172579,0.031987;-1.49276,-0.197333,-1.55646
0.0241744,-0.0133031,0.0350178;-1.44112,-0.118074,-1.55078
0.0284128,-0.00429515,0.0330326;-1.47536,-0.0618932,-1.5712
0.0287144,0.00208263,0.0322295;-1.55341,-0.0661222,-1.625
0.028168,0.0074784,0.0352679;-1.54457,-0.0928762,-1.65173
0.0253899,0.0127785,0.0335608;-1.5645,-0.13754,-1.64077
0.0223798,0.00737641,0.0322455;-1.52228,-0.0906673,-1.58981
0.0221924,-0.00213581,0.0344754;-1.4781,-0.0588284,-1.55103
0.0250003,-0.00965925,0.0313692;-1.50411,-0.0879758,-1.56207
0.0237338,-0.00534309,0.0296036;-1.54883,-0.105875,-1.58394
0.0192691,0.00320123,0.0311172;-1.56263,-0.192576,-1.61016
0.0142314,0.0175005,0.0328048;-1.57213,-0.357403,-1.63377
0.0138371,0.0200956,0.033605;-1.59814,-0.372942,-1.63487
0.0132169,0.0182739,0.0353148;-1.62583,-0.391942,-1.62409
0.0223952,0.0173874,0.0395724;-1.60907,-0.330888,-1.6511
0.0214366,0.0231437,0.0368658;-1.625,-0.310984,-1.66748
0.0200959,0.0248503,0.0357778;-1.59742,-0.317914,-1.66497
0.0182993,0.0262032,0.0325839;-1.57185,-0.341991,-1.63055
0.0188458,0.0258671,0.0302589;-1.57611,-0.360001,-1.60043
0.0200103,0.023636,0.0298949;-1.60017,-0.385252,-1.58806
0.0186638,0.0295856,0.0323349;-1.59184,-0.336922,-1.608
0.0229181,0.0352845,0.0346582;-1.58365,-0.355024,-1.65383
0.0272621,0.0375814,0.0366304;-1.57758,-0.39218,-1.68483
0.0286162,0.0359234,0.039159;-1.60192,-0.3811,-1.70684
0.0269358,0.0332388,0.0401711;-1.64832,-0.364461,-1.70717
0.0227708,0.0275865,0.0401944;-1.68391,-0.292383,-1.68758
0.017467,0.0108978,0.0379351;-1.76202,-0.297732,-1.62443
0.0184196,0.00765232,0.0288938;-1.56097,-0.335866,-1.57304
0.0182206,0.0102727,0.0288266;-1.57065,-0.418736,-1.58255
0.0186511,0.019317,0.0304955;-1.57433,-0.535096,-1.60618
0.0188994,0.0171507,0.0325107;-1.57481,-0.50184,-1.63177
0.0189968,0.0100606,0.0342768;-1.58828,-0.431193,-1.64711
0.0285772,-0.00946096,0.0455498;-1.52209,-0.222874,-1.62683
0.0309314,-0.0111575,0.0487449;-1.49023,-0.152786,-1.63637
0.0274185,-0.00195271,0.0460483;-1.51013,-0.103779,-1.67711
0.0139964,0.0299777,0.0357296;-1.55061,-0.193039,-1.65723
0.0119552,0.0403483,0.0312783;-1.57294,-0.269336,-1.61516
0.0119857,0.0424441,0.0289133;-1.57939,-0.288133,-1.5809
0.0128426,0.0297654,0.0315436;-1.58679,-0.350642,-1.53526
0.0120608,0.00658468,0.0321522;-1.58931,-0.360306,-1.56647
0.0148935,-0.0254073,0.0334867;-1.55166,-0.338639,-1.62448
0.0241424,-0.0349424,0.0388493;-1.60676,-0.393926,-1.70257
0.0293035,-0.028276,0.0394543;-1.58834,-0.401793,-1.7063
0.0268203,-0.0167613,0.0397039;-1.63581,-0.376047,-1.70341
0.00526449,0.0114599,0.036236;-1.66591,-0.21137,-1.63171
-0.00478757,0.0140118,0.0336502;-1.61877,-0.059951,-1.6041
-0.0114779,0.00922768,0.0290432;-1.5624,0.0456139,-1.57795
-0.0115288,0.0093026,0.0290494;-1.56353,0.0331064,-1.58624
-0.0114738,0.0100611,0.0307539;-1.56602,0.0074612,-1.60713
-0.0095883,0.00663084,0.0327929;-1.57876,-0.0226202,-1.62935
-0.0095883,0.00663084,0.0327929;-1.57876,-0.0226202,-1.62935
-0.00616996,-0.00487519,0.0355885;-1.62512,-0.0533059,-1.63795
-0.00616996,-0.00487519,0.0355885;-1.62512,-0.0533059,-1.63795
