0,0,0.11;-1.57,-2.98023e-08,-1.57
0,0,0.11;-1.57,-2.98023e-08,-1.57
0,0,0.11;-1.57,-2.98023e-08,-1.57
-0.00107454,-0.00208819,0.0286624;-1.56857,-0.296356,-1.56654
0.000232288,0.000337766,0.0286424;-1.57004,-0.168877,-1.56856
0.00207408,0.00262526,0.0292409;-1.55793,0.00470121,-1.56457
0.00468626,-0.00582315,0.0344021;-1.52481,0.131258,-1.59707
0.00726853,0.00679676,0.0291039;-1.57461,-0.134216,-1.58715
0.00954641,0.0118046,0.0290287;-1.59153,-0.290843,-1.57881
0.0102713,0.0122346,0.0285794;-1.57083,-0.411757,-1.57087
0.0118262,0.0133537,0.0285794;-1.57078,-0.214656,-1.5708
0.013411,0.0104874,0.0297816;-1.55385,-0.0424771,-1.5692
0.0158169,0.00361105,0.0340677;-1.48312,0.164043,-1.57383
0.0146133,-5.08979e-05,0.0307329;-1.5311,0.0898194,-1.57153
0.0120674,0.00305578,0.0286856;-1.57055,-0.0579923,-1.57583
0.0127313,0.00677598,0.0287749;-1.57761,-0.217529,-1.57577
0.0130443,0.00594329,0.029121;-1.57672,-0.168237,-1.59183
0.0125997,0.00200346,0.0304275;-1.56508,-0.0302607,-1.5947
0.0145094,0.00127401,0.0342287;-1.49453,0.162432,-1.5884
0.0154724,-0.0119732,0.0331548;-1.49669,0.251176,-1.57761
0.0128644,-0.0133263,0.0307802;-1.5259,0.14683,-1.5758
0.00925629,-0.00994849,0.0285799;-1.57087,-0.0123503,-1.57075
0.00759108,-0.00939509,0.0285797;-1.57079,-0.153464,-1.57073
0.0091059,-0.0119841,0.028836;-1.57053,-0.00839157,-1.58317
0.0116991,-0.0148846,0.0313621;-1.55949,0.174086,-1.60219
0.0116549,-0.018303,0.0345223;-1.55981,0.283239,-1.58589
0.00841091,-0.0239226,0.0288348;-1.55895,0.193194,-1.57387
0.00421018,-0.0240215,0.0286527;-1.57094,-0.0642786,-1.5672
0.00456366,-0.0237015,0.0286525;-1.57039,-0.0599456,-1.56761
0.00613363,-0.0232775,0.0285774;-1.57092,0.0356199,-1.57081
0.00949762,-0.0235869,0.0312088;-1.53593,0.384653,-1.58264
0.00937312,-0.0255373,0.0364438;-1.55302,0.527731,-1.58597
0.0065413,-0.0351791,0.0364852;-1.57446,0.463656,-1.58776
0.00301251,-0.0329351,0.0289709;-1.5763,0.150114,-1.58297
0.00621649,-0.0305273,0.0286921;-1.57611,0.000183821,-1.57053
0.00662459,-0.0303221,0.0285902;-1.57072,-0.0101519,-1.57024
0.00965605,-0.0321667,0.0296277;-1.55724,0.26153,-1.57461
0.0089597,-0.0339609,0.0328419;-1.51651,0.467916,-1.59005
0.00667233,-0.0443393,0.0339484;-1.51557,0.541883,-1.58559
-0.00125242,-0.0501804,0.028535;-1.57324,0.26888,-1.57045
-0.000293514,-0.0475865,0.0286391;-1.57385,0.11014,-1.57021
0.00168084,-0.0460516,0.0289538;-1.58735,0.0284627,-1.57221
-0.00444835,-0.0530003,0.0292258;-1.57533,0.290321,-1.58586
-0.00360777,-0.0593844,0.0326996;-1.50335,0.472419,-1.60576
-0.000985679,-0.0617779,0.0357158;-1.45906,0.62931,-1.61728
-0.00559411,-0.0605446,0.0288785;-1.5562,0.424338,-1.57761
-0.00807092,-0.0591269,0.0285761;-1.571,0.26208,-1.57078
-0.00854994,-0.0600934,0.0286474;-1.57097,0.18472,-1.56745
-0.00653935,-0.0609467,0.0288019;-1.57146,0.457834,-1.58208
-0.00666565,-0.0656825,0.0320321;-1.54172,0.633062,-1.61393
-0.0035463,-0.0666642,0.0394707;-1.5544,0.817037,-1.60804
-0.0121448,-0.0731715,0.0289654;-1.54724,0.658458,-1.58482
-0.0133056,-0.0723674,0.028578;-1.57089,0.568952,-1.57071
-0.013168,-0.0725953,0.0286836;-1.57115,0.530832,-1.5654
-0.0089869,-0.0712861,0.0287885;-1.55863,0.725013,-1.57971
-0.00332531,-0.0682248,0.030052;-1.54269,0.882421,-1.58978
-0.00303263,-0.067424,0.034637;-1.55342,1.06922,-1.58571
-0.0253316,-0.0836619,0.02986;-1.5337,1.02351,-1.61229
-0.0267367,-0.0808792,0.0288784;-1.57052,0.877665,-1.58522
-0.0216116,-0.0795533,0.0291252;-1.59908,0.71421,-1.55743
-0.0202951,-0.0791975,0.0285832;-1.57039,0.723119,-1.57083
-0.0176939,-0.0798504,0.0294465;-1.55303,0.845184,-1.58539
-0.0116161,-0.0763117,0.0318493;-1.60116,1.04053,-1.5481
-0.0335542,-0.0923717,0.030604;-1.48282,1.17937,-1.64512
-0.0458758,-0.0977731,0.0292888;-1.53002,1.05229,-1.60536
-0.0489918,-0.095526,0.028567;-1.57166,0.877336,-1.57017
-0.0435746,-0.0938552,0.0291328;-1.59741,0.687299,-1.5601
-0.0482925,-0.0954581,0.0290321;-1.57693,0.82858,-1.58422
-0.0505026,-0.0991931,0.0314965;-1.53146,0.992365,-1.62628
-0.0522854,-0.103532,0.0346249;-1.37297,1.26,-1.73941
-0.0590347,-0.107332,0.0324045;-1.39953,1.1461,-1.7209
-0.0640678,-0.105698,0.0287292;-1.55791,1.03787,-1.58127
-0.0688848,-0.105755,0.0286356;-1.5711,0.79819,-1.56783
-0.0697671,-0.106118,0.0286661;-1.57071,0.864557,-1.57485
-0.0712891,-0.108497,0.0297459;-1.57292,0.978108,-1.59147
-0.0610894,-0.111422,0.0433492;-1.76288,1.32792,-1.4286
-0.0589091,-0.109431,0.0438959;-1.91813,1.26658,-1.27765
-0.0691278,-0.115334,0.0287753;-1.53024,1.16693,-1.61435
-0.0695358,-0.113403,0.0286741;-1.57108,0.975737,-1.566
-0.0684582,-0.113546,0.028577;-1.57003,1.04817,-1.57209
-0.0660389,-0.113979,0.0289457;-1.53698,1.10016,-1.60325
-0.0571294,-0.113746,0.0364928;-1.56351,1.45196,-1.58433
-0.0619811,-0.11493,0.0403575;-2.00363,1.39097,-1.16749
-0.0803525,-0.120808,0.0292011;-1.53643,1.33534,-1.62596
-0.0723764,-0.118823,0.0291926;-1.62513,1.11387,-1.52788
-0.0716494,-0.11912,0.028784;-1.56922,1.12071,-1.58248
-0.0710962,-0.119962,0.0287957;-1.55839,1.16067,-1.58771
-0.0539531,-0.116263,0.0357541;-2.57246,1.457,-0.597098
-0.0566331,-0.116256,0.0425429;-2.76048,1.35104,-0.441789
-0.0874274,-0.123449,0.0314021;-2.08563,1.48087,-1.06486
-0.100126,-0.124098,0.0286642;-1.5855,1.24862,-1.55651
-0.100528,-0.123799,0.028883;-1.57544,1.28558,-1.57928
-0.0995424,-0.124544,0.0296439;-1.57952,1.29401,-1.58763
-0.090168,-0.124357,0.0360445;2.31065,1.46159,0.803424
-0.0889453,-0.122624,0.036938;2.54164,1.39739,0.587472
-0.110989,-0.124364,0.0303675;1.62157,1.39746,1.52935
-0.131583,-0.121821,0.0285617;-1.58508,1.53121,-1.55694
-0.132656,-0.122514,0.0286204;-1.5703,1.44849,-1.56929
-0.132955,-0.122904,0.028575;-1.57464,1.50784,-1.56687
-0.135432,-0.125261,0.0294501;1.56574,1.49199,1.56001
-0.129009,-0.131275,0.0414525;1.74328,1.1556,1.36812
-0.137939,-0.130285,0.0398107;1.77942,1.16008,1.34592
-0.156188,-0.128236,0.02896;1.51005,1.25167,1.62948
-0.159463,-0.127043,0.0286465;1.57777,1.49796,1.56689
-0.159531,-0.126948,0.028579;1.56919,1.50016,1.57224
-0.158947,-0.12758,0.0289174;1.40507,1.48311,1.73389
-0.154178,-0.133029,0.0354011;1.42917,1.14192,1.7119
-0.161714,-0.133662,0.0361791;1.61988,1.11991,1.51522
-0.181837,-0.131537,0.0290799;1.54453,1.17611,1.58133
-0.175459,-0.13496,0.0292136;1.7284,1.4097,1.40951
-0.175254,-0.135708,0.0286009;1.55573,1.41095,1.58223
-0.175857,-0.136551,0.0290523;1.47294,1.36668,1.66384
-0.158864,-0.143737,0.0350156;1.62384,1.08812,1.5169
-0.165755,-0.138962,0.039955;1.83132,1.05428,1.31485
-0.197371,-0.130582,0.0292729;1.51795,1.06434,1.61897
-0.203488,-0.128175,0.0286539;1.58033,1.17851,1.56191
-0.202857,-0.129106,0.0288809;1.59903,1.18559,1.54067
-0.202937,-0.129185,0.0291454;1.57427,1.17036,1.54706
-0.191144,-0.139441,0.0358108;1.58476,0.85368,1.53933
-0.18965,-0.139123,0.0376245;1.66209,0.802646,1.49051
-0.207725,-0.130613,0.0302929;1.56245,0.821473,1.58797
-0.221749,-0.119197,0.0285983;1.57091,1.03419,1.57156
-0.222805,-0.119593,0.0286866;1.58156,1.10972,1.56227
-0.222786,-0.119703,0.0285895;1.57029,1.08349,1.57064
-0.216656,-0.129942,0.0334447;1.48259,0.893321,1.61899
-0.207434,-0.13779,0.0396306;1.66504,0.717645,1.46191
-0.206726,-0.136786,0.0424297;1.80138,0.677603,1.35771
-0.234672,-0.116914,0.0285405;1.57459,0.829765,1.56723
-0.237592,-0.115996,0.028606;1.57298,0.981205,1.56891
-0.238255,-0.116116,0.0286049;1.57358,1.04132,1.56862
-0.236221,-0.120001,0.0298242;1.51875,1.01821,1.61297
-0.229013,-0.128297,0.0337362;1.45548,0.845541,1.66088
-0.226862,-0.128512,0.0357104;1.58104,0.729539,1.56404
-0.257612,-0.11273,0.029037;1.55988,0.781844,1.5644
-0.255541,-0.115474,0.0291128;1.59917,0.922922,1.53966
-0.254099,-0.120351,0.0290841;1.61564,1.07719,1.52796
-0.252923,-0.122799,0.0292035;1.52491,1.09041,1.60731
-0.245218,-0.131153,0.0317671;1.47956,0.997672,1.64846
-0.2354,-0.137217,0.0357703;1.60359,0.806582,1.53974
-0.263696,-0.121624,0.0288188;1.54751,0.79292,1.58528
-0.268714,-0.118056,0.0285819;1.56992,0.840458,1.57111
-0.268604,-0.119158,0.0288603;1.59217,0.898957,1.55382
-0.269134,-0.118377,0.0299191;1.56929,0.806633,1.54465
-0.264675,-0.127027,0.0331397;1.5221,0.643172,1.57492
-0.257859,-0.134559,0.0378968;1.61109,0.503515,1.52776
-0.273777,-0.113381,0.0288299;1.5433,0.552318,1.58592
-0.278028,-0.106317,0.0285694;1.57126,0.625483,1.57057
-0.278576,-0.106344,0.0285921;1.57162,0.672005,1.57033
-0.278471,-0.107087,0.0289597;1.55397,0.628763,1.57608
-0.277405,-0.114676,0.0312289;1.52602,0.5607,1.58434
-0.268624,-0.131956,0.0368851;1.53423,0.411431,1.56385
-0.27297,-0.123711,0.0393945;1.73421,0.394902,1.46332
-0.287278,-0.101922,0.0288455;1.56359,0.45597,1.56783
-0.288476,-0.101566,0.0286816;1.57687,0.561318,1.56724
-0.28955,-0.101973,0.0285841;1.57099,0.637298,1.57018
-0.288953,-0.10477,0.0294666;1.54126,0.62491,1.58463
-0.282981,-0.119628,0.0334415;1.47861,0.545563,1.61839
-0.271333,-0.133912,0.0381598;1.72609,0.391819,1.47652
-0.288593,-0.111775,0.0287722;1.55906,0.401385,1.57371
-0.292771,-0.10579,0.0287714;1.5711,0.481021,1.56141
-0.294582,-0.110704,0.0285572;1.56966,0.707608,1.57139
-0.29422,-0.11122,0.0288109;1.56225,0.707119,1.57207
-0.291964,-0.11869,0.0303812;1.52816,0.678059,1.59413
-0.272878,-0.141779,0.0373615;1.72285,0.454207,1.47441
-0.279841,-0.133504,0.0371593;1.71332,0.450963,1.47719
-0.295807,-0.114401,0.0286708;1.56167,0.471292,1.57517
-0.298002,-0.113181,0.0286013;1.57207,0.63625,1.57042
-0.29796,-0.113148,0.0286654;1.57104,0.627029,1.56642
-0.298284,-0.114586,0.029708;1.56205,0.565686,1.55573
-0.288731,-0.137894,0.0355857;1.52161,0.33407,1.59404
-0.285475,-0.143225,0.0358496;1.68802,0.317228,1.50838
-0.296293,-0.12664,0.0291127;1.54845,0.341201,1.57807
-0.298223,-0.122322,0.0287386;1.57804,0.395498,1.56886
-0.298296,-0.122288,0.0285774;1.57098,0.386867,1.57076
-0.298325,-0.12346,0.0290977;1.54797,0.37856,1.57529
-0.290402,-0.152833,0.0389961;1.63742,0.163835,1.51834
-0.287293,-0.159881,0.0431555;1.78143,0.183136,1.47288
-0.295122,-0.145671,0.0382617;1.68936,0.24723,1.48845
-0.298084,-0.141623,0.0292208;1.59562,0.463737,1.55089
-0.298657,-0.144356,0.0287187;1.57609,0.513127,1.56608
-0.298437,-0.144888,0.0290234;1.54948,0.521813,1.57863
-0.298437,-0.144888,0.0290234;1.54948,0.521813,1.57863
-0.296227,-0.154008,0.0316196;1.50684,0.495879,1.5981
-0.296227,-0.154008,0.0316196;1.50684,0.495879,1.5981
