0,0,0.11;-1.57,-2.98023e-08,-1.57
0,0,0.11;-1.57,-2.98023e-08,-1.57
0,0,0.11;-1.57,-2.98023e-08,-1.57
-0.000510159,4.8307e-05,0.0285939;-1.57022,-0.251683,-1.56962
0.000579197,-0.00119933,0.0285797;-1.57075,-0.139496,-1.57084
0.00187666,0.00269117,0.0287786;-1.57062,-0.0267541,-1.56766
0.000970154,0.0178123,0.0365337;-1.73236,0.0654787,-1.56247
0.0077923,0.0267389,0.0355164;-1.7125,-0.148228,-1.59794
0.0100937,0.0245112,0.0306904;-1.5854,-0.280582,-1.60155
0.0111015,0.0256786,0.0290092;-1.57561,-0.364726,-1.58833
0.010586,0.0198782,0.0300209;-1.56463,-0.245342,-1.5971
0.0129225,0.0200133,0.0301074;-1.56573,-0.155108,-1.59319
0.0165491,0.022139,0.0311488;-1.54307,0.00553173,-1.57904
0.01644,0.031758,0.0299121;-1.56957,-0.0202237,-1.56567
0.0171589,0.0278646,0.0288942;-1.57853,-0.149864,-1.57937
0.0185525,0.0303562,0.0291223;-1.59076,-0.266203,-1.58301
0.0188792,0.0301414,0.0306737;-1.62347,-0.349242,-1.59199
0.0176501,0.0250362,0.0305337;-1.61531,-0.268239,-1.58944
0.0176812,0.024209,0.0297228;-1.59138,-0.140984,-1.58209
0.0170531,0.037948,0.0309105;-1.56841,0.0150147,-1.55914
0.0207739,0.0415734,0.0303397;-1.55469,-0.107169,-1.58301
0.0214047,0.0443222,0.0299425;-1.564,-0.202467,-1.59698
0.0208495,0.0499277,0.0301463;-1.57147,-0.323997,-1.60033
0.0192898,0.0462583,0.0312197;-1.57101,-0.253054,-1.61575
0.0195699,0.044784,0.0335251;-1.57195,-0.115188,-1.61147
0.0229294,0.0591162,0.0354282;-1.65995,0.0792142,-1.57287
0.021948,0.0672273,0.0315601;-1.62014,0.0887093,-1.5559
0.020777,0.0646176,0.0286385;-1.57119,-0.126001,-1.57439
0.0209085,0.0652692,0.028602;-1.57103,-0.160161,-1.5721
0.0209076,0.0643765,0.0286397;-1.57142,-0.140314,-1.57461
0.0210359,0.0667569,0.0290964;-1.57956,0.0091183,-1.57417
0.020809,0.0780254,0.0330639;-1.66034,0.183159,-1.55156
0.0185415,0.0914434,0.0366724;-1.69966,0.19077,-1.54294
0.0303747,0.105296,0.0319085;-1.61419,-0.0274689,-1.59894
0.0312012,0.107772,0.0294795;-1.5705,-0.100481,-1.59193
0.0314959,0.108379,0.0289383;-1.57475,-0.114683,-1.58426
0.028895,0.103556,0.0287744;-1.57001,0.0413716,-1.57924
0.0301678,0.107766,0.0296671;-1.59048,0.167026,-1.56732
0.0280787,0.116401,0.0315408;-1.62086,0.27873,-1.54392
0.0298959,0.118258,0.0294439;-1.59176,0.138681,-1.56277
0.0314293,0.114774,0.0291138;-1.59586,0.00614039,-1.57022
0.0336201,0.112365,0.0291081;-1.59658,-0.104854,-1.57365
0.0318246,0.108478,0.029139;-1.59461,-0.0376511,-1.5752
0.0305347,0.108001,0.0296631;-1.60054,0.0615828,-1.57012
0.0296995,0.110916,0.030414;-1.61137,0.219069,-1.56572
0.0312416,0.121354,0.0325348;-1.50407,0.089774,-1.58812
0.031203,0.126583,0.0299471;-1.55017,0.00473868,-1.58946
0.0317368,0.13073,0.0292699;-1.56759,-0.0435124,-1.58923
0.0332007,0.123645,0.0360728;-1.54395,-0.00778105,-1.66182
0.0332273,0.121101,0.0348403;-1.54448,0.0810574,-1.65483
0.0317344,0.118318,0.0343844;-1.53355,0.218999,-1.63929
0.0243687,0.12634,0.0305055;-1.54062,0.09038,-1.57345
0.0253903,0.130376,0.028937;-1.56262,0.00363378,-1.57976
0.0244965,0.132963,0.0289175;-1.56805,-0.0854971,-1.58408
0.0274636,0.128303,0.0340779;-1.56169,-0.0253316,-1.6419
0.0291971,0.122501,0.0373213;-1.54867,0.0840727,-1.68764
0.0328887,0.116171,0.0405374;-1.45337,0.246777,-1.69925
0.026777,0.123824,0.0466417;-1.47905,0.316296,-1.64016
0.0267546,0.124771,0.045254;-1.43926,0.18696,-1.66308
0.0258865,0.126784,0.0413516;-1.4196,0.0828553,-1.66293
0.0251236,0.134135,0.0409343;-1.46057,-0.0388229,-1.66271
0.0288261,0.131187,0.0395319;-1.49678,0.0219148,-1.67832
0.0315713,0.122853,0.0406789;-1.47974,0.122956,-1.69818
0.0287697,0.123735,0.0450034;-1.39443,0.397832,-1.66359
0.028508,0.130514,0.0459336;-1.38197,0.300607,-1.65472
0.0266567,0.133465,0.0440215;-1.30314,0.181737,-1.65518
0.0237887,0.138954,0.0441885;-1.34879,0.0464515,-1.64282
0.0235659,0.13539,0.0438674;-1.38885,0.0651676,-1.66745
0.0206224,0.127048,0.042163;-1.42401,0.136862,-1.68769
0.0149691,0.117102,0.0503059;-1.43204,0.383667,-1.65314
0.0168627,0.134443,0.0535751;-1.46043,0.358313,-1.59708
0.0173781,0.146256,0.0487986;-1.45309,0.273659,-1.55889
0.0139803,0.147164,0.0444206;-1.2862,0.0687793,-1.60732
0.01035,0.142534,0.0451289;-1.30396,0.0890976,-1.61269
0.00898846,0.134426,0.0438387;-1.32315,0.116563,-1.62205
0.0112382,0.131303,0.0466362;-1.39673,0.336322,-1.5979
0.00613887,0.134683,0.0507533;-1.37312,0.306377,-1.59271
0.00483585,0.14139,0.0506811;-1.35741,0.270545,-1.59325
0.00336558,0.137,0.0461219;-1.26987,0.0215742,-1.61319
0.00641948,0.135729,0.0460936;-1.29485,0.00538611,-1.62117
0.00738744,0.134537,0.0448605;-1.32897,0.0138391,-1.62988
-0.000735356,0.133558,0.0498636;-1.38554,0.244929,-1.60391
-0.0115647,0.132821,0.0500386;-1.40598,0.247669,-1.56608
-0.0198982,0.136671,0.0483938;-1.42658,0.289478,-1.52618
-0.0130535,0.138389,0.0433626;-1.31519,0.0426484,-1.57553
-0.011155,0.135376,0.0435023;-1.3148,-0.0191251,-1.59834
-0.0086655,0.134994,0.0421943;-1.38128,-0.0611663,-1.61753
-0.00015966,0.133948,0.0469744;-1.49537,0.150462,-1.63156
-0.00252695,0.140597,0.0524697;-1.49478,0.222013,-1.60483
-0.00483356,0.142919,0.0528565;-1.52241,0.298804,-1.57573
0.0052935,0.1414,0.055922;-1.5164,0.1489,-1.58641
0.00981459,0.131027,0.0545954;-1.51652,0.065214,-1.62803
0.013535,0.12481,0.0477674;-1.5258,-0.0211822,-1.68556
0.0115441,0.118344,0.045629;-1.53746,0.111681,-1.71088
0.0142885,0.134699,0.050317;-1.54025,0.229585,-1.65946
0.0125638,0.147902,0.0514141;-1.54932,0.328242,-1.62123
0.00368804,0.150879,0.0519928;-1.52208,0.153508,-1.59991
3.37742e-05,0.144694,0.0440002;-1.53986,-0.0374638,-1.60068
0.000908435,0.143087,0.0419523;-1.67596,-0.0306196,-1.5807
0.00386633,0.141417,0.0388854;-1.75512,0.0403622,-1.56482
0.00198067,0.138313,0.0442692;-1.73179,0.275585,-1.5656
0.00172771,0.14875,0.0435824;-1.71964,0.254511,-1.55921
0.00345321,0.160153,0.0440613;-1.70498,0.208788,-1.54129
0.0104811,0.158978,0.0510633;-1.54563,0.0915966,-1.58683
0.0169616,0.149779,0.0492237;-1.56958,0.0608321,-1.62417
0.0186172,0.135265,0.0418784;-1.49356,0.0675125,-1.69164
0.0143442,0.127993,0.0477094;-1.50289,0.303219,-1.64661
0.0116028,0.136682,0.0530908;-1.51411,0.337898,-1.61541
0.00751635,0.143836,0.0553046;-1.51885,0.30541,-1.59272
0.00282161,0.138069,0.0534851;-1.40781,0.0873389,-1.60816
0.0039316,0.133026,0.0459367;-1.37509,-0.0140559,-1.64057
0.00630426,0.129838,0.0400641;-1.46762,-0.00791227,-1.6601
0.0157374,0.13093,0.0353963;-1.61726,0.226025,-1.62639
0.0116714,0.137701,0.0363054;-1.6485,0.347804,-1.60054
0.0107547,0.149046,0.0342424;-1.67035,0.330023,-1.55565
0.0150954,0.155698,0.031636;-1.51476,0.253357,-1.59201
0.0159584,0.156724,0.0329933;-1.48153,0.236913,-1.6106
0.0186855,0.161024,0.0306283;-1.57016,0.201193,-1.60759
0.0137628,0.153828,0.0363591;-1.55761,0.287597,-1.66555
0.0109798,0.147766,0.0355936;-1.57099,0.373261,-1.65772
0.0111303,0.151529,0.0345178;-1.61411,0.358816,-1.61428
0.0163321,0.157149,0.0286937;-1.57632,0.1999,-1.57005
0.0163741,0.156423,0.0297269;-1.53901,0.168096,-1.57225
0.0162523,0.158975,0.0305461;-1.57102,0.163802,-1.59628
0.0172975,0.155661,0.0305918;-1.56111,0.138376,-1.59762
0.0170876,0.153684,0.0311178;-1.56929,0.122823,-1.61187
0.0162663,0.151383,0.0331544;-1.56855,0.153826,-1.64044
0.0160445,0.142349,0.0369952;-1.56508,0.128274,-1.65972
0.0172036,0.130549,0.040414;-1.44512,0.10512,-1.67127
0.0198212,0.126747,0.0398512;-1.44395,0.146537,-1.6589
0.0226715,0.133919,0.0298576;-1.57327,0.0985595,-1.59392
0.0219284,0.129878,0.032691;-1.5735,0.139057,-1.63001
0.020441,0.123705,0.0348253;-1.56576,0.194721,-1.64842
0.0132214,0.122008,0.0313355;-1.53809,0.0938676,-1.59567
0.00972323,0.120083,0.0320015;-1.49865,0.0530325,-1.57658
0.00851008,0.122129,0.0322734;-1.491,0.0539349,-1.57178
0.00898365,0.120784,0.0349282;-1.44957,0.0595087,-1.5818
0.00902901,0.116825,0.0364979;-1.43644,0.0916172,-1.59643
0.0111836,0.107081,0.0416577;-1.37583,0.175612,-1.64722
0.00949894,0.113358,0.0347115;-1.45864,0.156061,-1.59597
0.00739305,0.117091,0.0310795;-1.51829,0.105823,-1.56816
0.00640538,0.11378,0.0378073;-1.38049,0.0828041,-1.58614
0.00410861,0.119085,0.0380758;-1.38394,0.0384253,-1.5694
0.00690622,0.114167,0.0410037;-1.33386,0.0468125,-1.58869
0.010897,0.110025,0.0395056;-1.41982,0.0697968,-1.61812
0.0150949,0.105789,0.0386501;-1.44876,0.117945,-1.64576
0.0135275,0.107546,0.0330205;-1.52893,0.109426,-1.609
0.00674216,0.111318,0.030067;-1.56662,0.0523361,-1.575
-0.000653033,0.118986,0.0314496;-1.56204,-0.0782767,-1.61926
0.00148966,0.117224,0.0342879;-1.54552,-0.0274092,-1.64424
0.0017608,0.118262,0.0351199;-1.53658,-0.00774984,-1.65479
0.000307122,0.111949,0.0366706;-1.58559,0.127184,-1.646
-0.00440086,0.11646,0.0370849;-1.64609,0.111577,-1.62455
-0.00382673,0.118498,0.0362148;-1.54313,-0.00891033,-1.60211
-0.00399765,0.120778,0.0372383;-1.43785,-0.0847853,-1.59378
-0.00626674,0.125264,0.0372743;-1.43911,-0.13933,-1.5883
-0.00680519,0.125105,0.0353117;-1.49526,-0.129878,-1.59525
-0.00652786,0.103161,0.0433383;-1.29067,0.0739637,-1.57736
-0.0104046,0.0966268,0.0466287;-1.28477,0.098559,-1.54828
-0.0185917,0.0978404,0.0479357;-1.2814,0.0482993,-1.52224
-0.0276552,0.0852573,0.0494261;-1.17403,-0.10272,-1.49804
-0.0278822,0.0803942,0.0517602;-1.09199,-0.0825706,-1.49706
-0.0255942,0.0859404,0.0531548;-1.11264,-0.0165447,-1.49792
-0.0175662,0.0888684,0.0478473;-1.24393,0.0476615,-1.54182
-0.0167743,0.0782667,0.0467197;-1.25761,-0.00154948,-1.53489
-0.0223067,0.0733949,0.0450561;-1.28129,-0.0847047,-1.51558
-0.0283798,0.0768235,0.0415167;-1.3408,-0.135559,-1.51044
-0.0285614,0.0779852,0.0414302;-1.31644,-0.145207,-1.52399
-0.0258215,0.0769933,0.0444714;-1.25135,-0.110687,-1.52933
-0.0126679,0.0652319,0.0458216;-1.2143,0.017804,-1.5768
-0.0111517,0.0654714,0.0435444;-1.26995,0.0575099,-1.58799
-0.0166627,0.0663162,0.0425554;-1.294,-0.016668,-1.56661
-0.0207439,0.0641415,0.0456866;-1.22086,-0.0591971,-1.54349
-0.0196461,0.0684683,0.0480276;-1.19328,-0.0817652,-1.54165
-0.0197787,0.07276,0.0493391;-1.18813,-0.10597,-1.54769
-0.0116519,0.0749095,0.0477824;-1.19874,-0.0613027,-1.56161
-0.00788723,0.0735268,0.0447056;-1.2546,0.00252351,-1.58431
-0.0079492,0.0735003,0.0404439;-1.36205,0.0552246,-1.61082
-0.0162594,0.0761719,0.038474;-1.38195,-0.0781463,-1.54959
-0.0180832,0.0721667,0.0415594;-1.30637,-0.113855,-1.53626
-0.0197008,0.0720802,0.0449085;-1.23957,-0.139783,-1.51968
-0.0197008,0.0720802,0.0449085;-1.23957,-0.139783,-1.51968
-0.0178842,0.068294,0.0485235;-1.16576,-0.11736,-1.51654
-0.0178842,0.068294,0.0485235;-1.16576,-0.11736,-1.51654
