0,0,0.11;-1.57,-2.98023e-08,-1.57
0,0,0.11;-1.57,-2.98023e-08,-1.57
0,0,0.11;-1.57,-2.98023e-08,-1.57
-2.98449e-05,0.00104762,0.0289918;-1.58064,-0.24238,-1.58391
0.000214449,-0.000481562,0.0286448;-1.57073,-0.174484,-1.57382
0.000749349,0.00473824,0.0301561;-1.5671,-0.0564828,-1.54508
-0.00138688,0.0165954,0.0327111;-1.5743,0.0395615,-1.51513
-0.000379557,0.0127793,0.0290424;-1.5573,-0.13469,-1.56003
-0.000544053,0.0130985,0.0287113;-1.57703,-0.206183,-1.57273
0.000405335,0.0144734,0.0289451;-1.57913,-0.268552,-1.5823
-0.00146452,0.0107134,0.0286714;-1.57075,-0.119264,-1.57491
-0.00276018,0.0122434,0.0289156;-1.57219,0.0154636,-1.5629
-0.00553534,0.0209615,0.0327819;-1.60443,0.162015,-1.52468
-0.00484474,0.0196385,0.0310601;-1.57143,0.129512,-1.52851
-0.00408182,0.0161839,0.0298191;-1.56303,0.0232163,-1.54663
-0.00628944,0.0118295,0.0288993;-1.56017,-0.0974769,-1.56493
-0.0067526,0.0108386,0.0286671;-1.57126,-0.117492,-1.5751
-0.00717052,0.0105645,0.0287235;-1.56954,-0.0200483,-1.56548
-0.00640874,0.0187648,0.0303234;-1.58548,0.112885,-1.54897
-0.00579719,0.0352536,0.0323558;-1.61667,0.309663,-1.52988
-0.00412855,0.0323487,0.0299716;-1.57464,0.218169,-1.54689
-0.00596342,0.0275681,0.0290309;-1.55987,0.0950419,-1.56099
-0.00835777,0.0262701,0.0286788;-1.56731,-0.00615511,-1.5695
-0.00576285,0.0274127,0.0286437;-1.56775,0.112502,-1.57013
-0.00293573,0.032378,0.0288755;-1.57448,0.240382,-1.56238
-0.00172334,0.0399256,0.0301365;-1.59541,0.344079,-1.54968
-0.000264248,0.0439074,0.0290687;-1.59604,0.367062,-1.5624
0.00081135,0.0470775,0.0287306;-1.57059,0.130352,-1.57801
0.000946477,0.0487118,0.0286812;-1.57068,0.0690008,-1.57557
0.000926594,0.0480826,0.0290774;-1.55061,0.0930935,-1.57624
0.00606734,0.0536365,0.0306061;-1.58512,0.370607,-1.54592
0.0045001,0.0606836,0.0335613;-1.65618,0.55398,-1.51661
0.00533969,0.0623351,0.0302774;-1.60788,0.609655,-1.5548
0.00945075,0.0676811,0.029993;-1.56855,0.433525,-1.60039
0.014429,0.0721426,0.0299002;-1.57432,0.321285,-1.59376
0.018132,0.0744294,0.0291349;-1.58243,0.257288,-1.57878
0.00445958,0.0665759,0.0333198;-1.48374,0.388308,-1.59962
0.00065192,0.0651378,0.0381868;-1.46234,0.511032,-1.59854
0.0032883,0.0690859,0.0372762;-1.53284,0.650519,-1.558
0.00852104,0.0712377,0.030943;-1.50732,0.527499,-1.60315
0.00826026,0.0746418,0.0317527;-1.51088,0.444207,-1.60689
0.0131213,0.079128,0.0287295;-1.57127,0.356695,-1.5778
0.00562125,0.0756777,0.0315012;-1.50572,0.395743,-1.59024
-0.00387307,0.0715873,0.0362712;-1.43548,0.497079,-1.60479
-0.00750932,0.0736073,0.0390437;-1.45858,0.634872,-1.56168
-0.000638867,0.0731418,0.0340158;-1.46852,0.574042,-1.59708
-0.00633416,0.0712264,0.0344715;-1.43461,0.466645,-1.62774
-0.00733243,0.0769988,0.0340923;-1.44661,0.396109,-1.61511
-0.0110537,0.0747636,0.0357082;-1.41489,0.397071,-1.62714
-0.00945619,0.0735407,0.0373755;-1.40851,0.527226,-1.62136
-0.00759426,0.075709,0.0359676;-1.48132,0.678433,-1.56229
0.00148274,0.0760389,0.028864;-1.56189,0.714588,-1.57176
-0.00090294,0.0762971,0.0290755;-1.54726,0.564172,-1.587
-0.00120867,0.0786919,0.0287057;-1.57086,0.480765,-1.57695
-0.00303848,0.0782428,0.0303898;-1.52315,0.468924,-1.58837
-0.0039514,0.0784937,0.0333901;-1.5,0.56557,-1.57063
-0.00695939,0.0789048,0.0354903;-1.50262,0.687179,-1.53768
-0.00313868,0.0805679,0.035485;-1.45757,0.758445,-1.59558
-0.00759194,0.0815125,0.0348967;-1.42888,0.657903,-1.63517
-0.0116878,0.0817556,0.035446;-1.40522,0.585015,-1.65892
-0.0103117,0.0829924,0.035802;-1.39557,0.57453,-1.66389
-0.00833553,0.0823341,0.0371775;-1.37659,0.636075,-1.66736
-0.00516291,0.0844886,0.0383833;-1.40282,0.716291,-1.61827
0.00593904,0.0806742,0.037496;-1.4248,0.968547,-1.60963
0.0112387,0.0809868,0.0342012;-1.45436,0.996066,-1.61868
0.0120434,0.0824394,0.0322452;-1.45175,0.949935,-1.64945
0.00349625,0.0828242,0.0321085;-1.45968,0.780108,-1.64029
0.00263576,0.082782,0.0349507;-1.38509,0.787147,-1.69677
-0.00205414,0.0816779,0.0382033;-1.30593,0.777714,-1.74646
0.00907997,0.0824948,0.0393213;-1.36827,1.00165,-1.65724
0.0132557,0.0794196,0.0387126;-1.31317,1.05153,-1.73199
0.0191839,0.0798336,0.0327882;-1.4013,1.08583,-1.70913
0.0230349,0.0889637,0.0318323;-1.45204,0.948926,-1.6692
0.021192,0.0887816,0.0330619;-1.41648,0.912633,-1.69234
0.0168638,0.088716,0.0371681;-1.29662,0.855399,-1.77584
0.0162484,0.0912648,0.0412822;-1.2704,0.906348,-1.75154
0.0180263,0.0874657,0.0420433;-1.21144,0.927374,-1.81387
0.0197642,0.0856213,0.0393557;-1.1992,0.942509,-1.86364
0.028767,0.0943533,0.0348333;-1.38117,0.912919,-1.73136
0.0345057,0.0995691,0.0313662;-1.53359,0.873101,-1.63282
0.0363941,0.102309,0.0308027;-1.53001,0.819377,-1.62399
0.0300451,0.0953283,0.0366119;-1.34451,0.904149,-1.74467
0.0292546,0.093331,0.0371007;-1.30402,0.908666,-1.778
0.0309022,0.0922385,0.0347203;-1.34918,0.959105,-1.7579
0.0399776,0.103348,0.0323131;-1.52448,0.914981,-1.64818
0.044155,0.107534,0.0313669;-1.56517,0.851006,-1.62193
0.0476114,0.111387,0.0312069;-1.54901,0.779471,-1.62225
0.0343611,0.107278,0.032521;-1.50223,0.88019,-1.63945
0.0313058,0.101137,0.0343613;-1.39707,0.941542,-1.71967
0.0312994,0.0992038,0.0316783;-1.48921,0.982639,-1.66338
0.0383721,0.107477,0.0316033;-1.55072,0.899209,-1.6289
0.0422853,0.111749,0.0305218;-1.56363,0.827392,-1.6094
0.0470844,0.116122,0.0297957;-1.56988,0.757456,-1.5961
0.0363529,0.109812,0.0305584;-1.51589,0.870948,-1.60869
0.0345467,0.105581,0.0331688;-1.42914,0.931809,-1.67359
0.0347158,0.104652,0.0327491;-1.46179,0.967981,-1.63751
0.0362309,0.105193,0.0297614;-1.51281,0.95901,-1.62016
0.0374074,0.110685,0.029108;-1.54873,0.854642,-1.59818
0.0370336,0.112526,0.0291247;-1.53626,0.806909,-1.59767
0.0353521,0.111965,0.0304284;-1.50269,0.804823,-1.61761
0.0350555,0.108652,0.0356487;-1.45511,0.892883,-1.60103
0.0345674,0.10883,0.034304;-1.46072,0.880715,-1.60451
0.0314595,0.110692,0.0323522;-1.46151,0.824085,-1.63395
0.0301947,0.115967,0.032896;-1.44349,0.767906,-1.64935
0.0290851,0.1146,0.034449;-1.40786,0.742313,-1.67156
0.0296704,0.113466,0.033837;-1.4204,0.73839,-1.66499
0.0340022,0.113452,0.0361176;-1.40481,0.826295,-1.65605
0.0366409,0.114234,0.0345576;-1.44481,0.876391,-1.628
0.0366632,0.114428,0.0332218;-1.43013,0.875018,-1.65794
0.0378538,0.119091,0.0326011;-1.44493,0.819535,-1.65492
0.0366775,0.119278,0.0326561;-1.44832,0.770826,-1.64752
0.036561,0.120115,0.0311089;-1.49156,0.73813,-1.61989
0.0328667,0.120464,0.0338154;-1.45534,0.719146,-1.62585
0.0320502,0.121498,0.035059;-1.42881,0.733189,-1.64048
0.0327816,0.12306,0.0335061;-1.4436,0.738054,-1.64408
0.0335734,0.124267,0.0332099;-1.43304,0.738204,-1.6614
0.0345179,0.12797,0.0343678;-1.41245,0.706406,-1.66844
0.035321,0.128251,0.0360523;-1.37385,0.69133,-1.69042
0.0351033,0.125589,0.036101;-1.36805,0.706172,-1.69959
0.0372832,0.124971,0.0349789;-1.41419,0.761549,-1.66576
0.0415599,0.125832,0.0299258;-1.53157,0.812604,-1.59713
0.0431515,0.127543,0.0289975;-1.56012,0.785749,-1.59086
0.0454267,0.130069,0.0289473;-1.5675,0.741774,-1.58901
0.0477032,0.134353,0.028873;-1.56988,0.660638,-1.58496
0.0468385,0.13373,0.0285948;-1.57079,0.733187,-1.56927
0.0468091,0.134451,0.0289554;-1.57894,0.782717,-1.55257
0.0477409,0.135246,0.0288609;-1.57694,0.855655,-1.5566
0.0471319,0.138476,0.0290157;-1.56432,0.715563,-1.59145
0.0482777,0.141117,0.0288872;-1.56803,0.666803,-1.58555
0.0498381,0.144635,0.0290532;-1.56002,0.613062,-1.59151
0.0497005,0.145727,0.0291504;-1.54173,0.641016,-1.58994
0.0487546,0.14588,0.0315426;-1.5183,0.678393,-1.58338
0.0456932,0.142106,0.0328624;-1.50346,0.736013,-1.58501
0.0450436,0.13665,0.0293184;-1.5624,0.705336,-1.59964
0.0456176,0.137691,0.0309279;-1.54804,0.683627,-1.61904
0.048491,0.141554,0.0309388;-1.55165,0.648839,-1.61702
0.0517585,0.148629,0.0301703;-1.55982,0.607207,-1.60483
0.0501823,0.147638,0.0311773;-1.51433,0.624074,-1.61108
0.0457256,0.14484,0.034877;-1.44291,0.674744,-1.62945
0.0412731,0.138941,0.0327647;-1.45638,0.658515,-1.63821
0.0436355,0.139377,0.0306606;-1.50888,0.659918,-1.60976
0.0462082,0.138534,0.0292013;-1.54401,0.686326,-1.59724
0.0475755,0.142058,0.0307613;-1.50655,0.652657,-1.60831
0.046549,0.144853,0.0330755;-1.46452,0.657521,-1.62284
0.0481512,0.148948,0.0350413;-1.45295,0.727689,-1.60913
0.0505021,0.149904,0.0321482;-1.49356,0.787136,-1.60453
0.0515854,0.147474,0.0298831;-1.51924,0.783067,-1.61065
0.0538721,0.1479,0.0291422;-1.55268,0.765903,-1.59466
0.0545306,0.152857,0.0300718;-1.522,0.703714,-1.59989
0.0546268,0.156406,0.0325247;-1.47451,0.716686,-1.62021
0.0551599,0.166183,0.0348273;-1.47271,0.802681,-1.58824
0.0639932,0.187996,0.0314947;-1.60476,0.803662,-1.52432
0.0683894,0.188302,0.0289576;-1.57146,0.755171,-1.57484
0.0695509,0.189145,0.0289867;-1.56393,0.693164,-1.59023
0.0709634,0.192115,0.0287563;-1.56598,0.607361,-1.57829
0.0730937,0.196451,0.0292083;-1.5595,0.667412,-1.56784
0.0738586,0.205733,0.0319198;-1.60282,0.763964,-1.51573
0.0697642,0.209442,0.0356464;-1.69128,0.816802,-1.43727
0.063534,0.202277,0.0340941;-1.63863,0.772093,-1.48173
0.0512171,0.190086,0.0335404;-1.47174,0.692486,-1.60489
0.04194,0.182351,0.0393718;-1.31125,0.604494,-1.71283
0.0418159,0.184415,0.0386855;-1.33211,0.588635,-1.69394
0.0429103,0.188091,0.0408461;-1.31842,0.643273,-1.68361
0.0475252,0.197895,0.0420582;-1.45192,0.77257,-1.56693
0.0545271,0.205637,0.0367162;-1.50911,0.820597,-1.54573
0.0632956,0.210007,0.0298287;-1.57156,0.814832,-1.54305
0.0674656,0.20685,0.0287524;-1.57136,0.715876,-1.57872
0.0680949,0.207217,0.0290014;-1.57681,0.71642,-1.58224
0.0673738,0.20787,0.0288669;-1.58022,0.765728,-1.57135
0.068808,0.221602,0.0310224;-1.66082,0.956373,-1.48565
0.0684674,0.224731,0.030029;-1.64106,1.02401,-1.51024
0.0671751,0.223633,0.0289089;-1.59014,1.02296,-1.56338
0.0679388,0.224185,0.0288505;-1.57295,0.943899,-1.58143
0.0686105,0.22465,0.0287194;-1.57044,0.913944,-1.57764
0.0696648,0.225142,0.0289228;-1.56572,0.913465,-1.56042
0.0754976,0.239093,0.0343722;-1.69601,1.09311,-1.40807
0.0763178,0.242114,0.033755;-1.77031,1.1691,-1.36791
0.0742171,0.24238,0.0297163;-1.64149,1.21794,-1.5119
0.070436,0.24079,0.0300844;-1.55286,1.1788,-1.61194
0.0719667,0.241017,0.0304063;-1.54679,1.16659,-1.62349
0.0765121,0.242651,0.0295057;-1.55495,1.14326,-1.60897
0.0765121,0.242651,0.0295057;-1.55495,1.14326,-1.60897
0.0821406,0.244385,0.0303057;-1.47337,1.20604,-1.66352
0.0821406,0.244385,0.0303057;-1.47337,1.20604,-1.66352
