0,0,0.11;-1.57,-2.98023e-08,-1.57
0,0,0.11;-1.57,-2.98023e-08,-1.57
0,0,0.11;-1.57,-2.98023e-08,-1.57
-0.000615146,-0.00245177,0.0286222;-1.57172,-0.227728,-1.56915
0.000486277,-0.00049102,0.028638;-1.57057,-0.143037,-1.56811
0.00181146,0.00573154,0.0290483;-1.56275,-0.0309494,-1.5643
0.000409324,0.00990887,0.0305615;-1.56348,0.105309,-1.55579
-0.00279754,-0.00985011,0.0290206;-1.55102,-0.0483859,-1.56807
-0.003937,-0.0114297,0.0288411;-1.57095,-0.122396,-1.55809
-0.00522345,-0.0144784,0.0289315;-1.56565,-0.217039,-1.55734
-0.00330919,-0.0114327,0.0287465;-1.56501,-0.124359,-1.56708
-0.000623047,-0.00350967,0.0293261;-1.5597,0.00125107,-1.56601
-0.00245396,0.00828952,0.0312818;-1.57514,0.158283,-1.55033
-0.0018283,0.00114548,0.0291291;-1.56404,0.0792471,-1.57044
-0.00264255,-0.00264366,0.0287284;-1.56541,0.0208589,-1.57269
-0.00333533,-0.00322031,0.0286055;-1.5709,-0.00493031,-1.57197
-0.00229667,-0.00330709,0.0288492;-1.56137,0.0597014,-1.57467
0.000364138,0.000333141,0.0292628;-1.55004,0.118242,-1.57499
0.00632903,0.0188178,0.0328186;-1.52738,0.242889,-1.55349
0.00730131,0.0334416,0.0342535;-1.56225,0.221909,-1.51732
0.0104865,0.0284674,0.0311454;-1.55644,0.101593,-1.54449
0.00855791,0.0197952,0.0289457;-1.55426,-0.0252251,-1.56571
0.00731334,0.0182857,0.0285887;-1.5708,-0.0827073,-1.57127
0.00957064,0.0155252,0.0290415;-1.55369,0.0464569,-1.57679
0.0139777,0.0167889,0.0299541;-1.5406,0.169387,-1.57745
0.0165137,0.023911,0.0326476;-1.50198,0.2249,-1.57445
0.0153546,0.0276465,0.0288437;-1.56014,0.0929294,-1.5713
0.0116688,0.0316344,0.0286141;-1.57096,-0.213606,-1.56907
0.011712,0.0315693,0.0286065;-1.5709,-0.21886,-1.56947
0.0121285,0.0318008,0.0285725;-1.57082,-0.147972,-1.57113
0.0137869,0.0459112,0.0318214;-1.56712,0.156242,-1.53985
0.00875182,0.0430185,0.0327354;-1.56556,0.313561,-1.54372
0.00901376,0.0315878,0.0307215;-1.53911,0.239914,-1.57167
0.00481649,0.0317768,0.0286037;-1.57178,-0.0626847,-1.57294
0.00600143,0.0327709,0.0285978;-1.57196,-0.164009,-1.57111
0.00616035,0.0330837,0.0286835;-1.57598,-0.148828,-1.57179
0.00787669,0.035453,0.0292472;-1.56637,0.019607,-1.57463
0.0063052,0.04428,0.0309434;-1.58257,0.231703,-1.56796
0.00400274,0.0421763,0.0332017;-1.61159,0.298252,-1.57343
0.00105726,0.0176379,0.0298147;-1.53775,0.0973145,-1.57888
-0.000652506,0.0197198,0.0287577;-1.56133,-0.0313258,-1.57157
0.000315558,0.0178313,0.0288578;-1.55704,-0.142367,-1.5682
0.00383087,0.0207485,0.0298124;-1.54636,-0.0577964,-1.57763
0.00599186,0.0334303,0.0307861;-1.57404,0.10417,-1.57689
0.0029948,0.0435104,0.0357917;-1.67317,0.254424,-1.56621
0.00804123,0.0394504,0.028879;-1.57203,-0.00784864,-1.58368
0.0067835,0.0375286,0.0288882;-1.57162,-0.0522488,-1.58471
0.007162,0.0382802,0.0289597;-1.58479,-0.0828654,-1.57635
0.00801262,0.0387321,0.0298328;-1.55546,-0.00311918,-1.59267
0.0102544,0.0441682,0.0336508;-1.49336,0.115511,-1.59098
0.0105692,0.0529375,0.0411994;-1.38304,0.265055,-1.59001
0.00863716,0.0570968,0.0403859;-1.33581,-0.00565982,-1.57404
0.00531436,0.0676355,0.0322642;-1.49157,-0.12172,-1.5563
0.00340725,0.0654161,0.0293325;-1.55422,-0.212026,-1.55355
0.0047952,0.0632355,0.0360316;-1.41824,-0.104347,-1.55084
0.00617782,0.0615136,0.0411602;-1.34914,0.0613301,-1.56221
0.00367168,0.057882,0.0413202;-1.41818,0.266545,-1.56085
-0.00102491,0.0410513,0.0382634;-1.41093,0.171175,-1.56642
-0.00601586,0.0343202,0.034192;-1.44887,0.0384514,-1.57049
-0.0110215,0.0313094,0.0311844;-1.50971,-0.0507516,-1.55923
-0.0123816,0.0321083,0.0355457;-1.42662,-0.0599768,-1.55627
-0.0100958,0.0299219,0.0403251;-1.33491,-0.00398816,-1.56316
-0.00781316,0.0339983,0.0441107;-1.2902,0.120441,-1.57292
-0.00959777,0.0334762,0.0432006;-1.353,0.145784,-1.55085
-0.00810724,0.0224266,0.0385959;-1.37476,0.0548342,-1.56696
-0.0120203,0.0206882,0.0339121;-1.45631,-0.0501321,-1.56093
-0.0154803,0.0276628,0.0323189;-1.48688,-0.143703,-1.55637
-0.0126802,0.0261478,0.034154;-1.45243,-0.109515,-1.55668
-0.0103504,0.0280007,0.0374157;-1.40042,-0.00435553,-1.55938
-0.0196396,0.0392563,0.0445611;-1.38845,0.164433,-1.52089
-0.0169571,0.0274893,0.0419498;-1.3579,0.068797,-1.55443
-0.0173277,0.0218752,0.0383304;-1.37261,-0.00885364,-1.56832
-0.0185352,0.0350747,0.0313707;-1.50743,-0.1795,-1.56098
-0.015911,0.0370646,0.0315747;-1.50423,-0.162866,-1.56975
-0.0131136,0.0351556,0.0341466;-1.46666,-0.0965555,-1.56855
-0.0160673,0.0442654,0.0406515;-1.43469,0.215298,-1.546
-0.0175237,0.0379619,0.0376771;-1.43039,0.122976,-1.57388
-0.0202097,0.0363099,0.0335711;-1.47959,-0.00741945,-1.58328
-0.0276004,0.0468862,0.0288378;-1.57675,-0.297875,-1.57915
-0.0274934,0.0464373,0.0289184;-1.56966,-0.280373,-1.5858
-0.0261795,0.0479015,0.0301516;-1.53518,-0.22318,-1.57463
-0.0316501,0.0671963,0.0443938;-1.36725,0.0351031,-1.52787
-0.0299206,0.06941,0.04569;-1.29912,-0.0869173,-1.5311
-0.0294161,0.0704637,0.0437208;-1.27186,-0.213369,-1.5225
-0.0339161,0.0859596,0.0292268;-1.56401,-0.406846,-1.56596
-0.0320977,0.0841301,0.0289795;-1.5677,-0.377976,-1.58196
-0.0313088,0.0821695,0.0298307;-1.5608,-0.311601,-1.59079
-0.0361956,0.0922191,0.038446;-1.6453,0.0920683,-1.61728
-0.0336222,0.0901233,0.039735;-1.63072,-0.0051628,-1.64299
-0.0316155,0.0812402,0.032562;-1.54072,-0.145459,-1.61724
-0.0315268,0.0821264,0.0309257;-1.58051,-0.370779,-1.60819
-0.0297953,0.0831543,0.031302;-1.56962,-0.361305,-1.61538
-0.0297298,0.0828386,0.0325923;-1.56633,-0.34845,-1.63093
-0.0312988,0.091142,0.0446025;-1.45913,-0.0273041,-1.58129
-0.0307021,0.082871,0.0467003;-1.40323,-0.0316615,-1.59007
-0.0297063,0.0728529,0.0445865;-1.29812,-0.0472135,-1.5809
-0.0333919,0.0775882,0.0399577;-1.40918,-0.214472,-1.59282
-0.0349223,0.0863015,0.0310409;-1.57719,-0.302521,-1.60653
-0.0325188,0.092344,0.0326417;-1.54968,-0.262699,-1.61799
-0.0296433,0.100505,0.0388993;-1.44811,-0.144759,-1.61843
-0.0349651,0.099554,0.0502423;-1.41731,0.150407,-1.58122
-0.0308864,0.0935142,0.0516903;-1.29759,0.0487305,-1.59674
-0.0260508,0.0883076,0.0471955;-1.27225,-0.0308737,-1.62242
-0.0280852,0.108967,0.0330824;-1.59937,-0.239327,-1.62914
-0.0276995,0.108281,0.0336357;-1.5673,-0.210503,-1.64449
-0.0272541,0.111865,0.035526;-1.53859,-0.0998485,-1.65153
-0.0312336,0.134601,0.0436853;-1.75943,0.244932,-1.60664
-0.028676,0.136922,0.0437055;-1.74021,0.166067,-1.62974
-0.0233839,0.136392,0.037962;-1.66759,-0.00911505,-1.63341
-0.0255928,0.121254,0.0344035;-1.59039,-0.17616,-1.64184
-0.0267663,0.117734,0.0347687;-1.56084,-0.0923283,-1.65447
-0.0257528,0.116931,0.0365255;-1.53328,0.0334245,-1.6656
-0.0247216,0.125513,0.043997;-1.49353,0.378631,-1.64098
-0.0251194,0.130329,0.0468744;-1.53075,0.314516,-1.6263
-0.0248003,0.129659,0.0415079;-1.53906,0.159195,-1.63806
-0.0216124,0.132038,0.0328086;-1.57496,-0.0948258,-1.63124
-0.0201253,0.134658,0.0331634;-1.59282,-0.130969,-1.63193
-0.0212761,0.131674,0.0337675;-1.56737,-0.0716614,-1.64702
-0.0213866,0.148492,0.0395668;-1.699,0.277288,-1.59179
-0.0268744,0.148908,0.04136;-1.73727,0.396926,-1.57602
-0.0270806,0.13808,0.0406634;-1.70755,0.338455,-1.59041
-0.032816,0.118734,0.031725;-1.56522,0.114254,-1.62036
-0.0314369,0.122506,0.0315981;-1.58797,0.0215742,-1.60894
-0.029192,0.126584,0.0320593;-1.57283,0.0102989,-1.6236
-0.0236101,0.14366,0.0339922;-1.64438,0.23134,-1.57509
-0.0256384,0.157654,0.0382591;-1.76615,0.354198,-1.5145
-0.0277089,0.158988,0.0390974;-1.78453,0.362361,-1.50467
-0.0282167,0.144826,0.0327114;-1.64947,0.25687,-1.56201
-0.0284051,0.13931,0.0296381;-1.5807,0.190322,-1.58825
-0.0277569,0.14057,0.0306898;-1.59712,0.175543,-1.59013
-0.0234758,0.144723,0.0322502;-1.54773,0.297242,-1.62043
-0.0118253,0.165934,0.0331764;-1.64024,0.403909,-1.5624
-0.0107939,0.174959,0.0372978;-1.74957,0.458098,-1.50669
-0.00307353,0.174396,0.032234;-1.64695,0.276419,-1.55792
-0.00550056,0.168719,0.029322;-1.58092,0.228133,-1.585
-0.00811997,0.165639,0.0292582;-1.59868,0.258221,-1.57001
-0.0107172,0.157514,0.0324954;-1.50015,0.464826,-1.61308
-0.00403152,0.162984,0.0362382;-1.43073,0.583956,-1.64209
0.00471549,0.180743,0.0377517;-1.55941,0.666552,-1.57322
0.0164024,0.197573,0.0361479;-1.71515,0.418772,-1.5099
0.016171,0.188046,0.0301054;-1.60876,0.33005,-1.5627
0.0144108,0.18505,0.0292069;-1.59859,0.307228,-1.56806
0.00701265,0.17314,0.0309416;-1.56123,0.502872,-1.61323
0.0133997,0.173546,0.0360263;-1.43421,0.659037,-1.66177
0.0203775,0.179893,0.0412428;-1.46977,0.80628,-1.62304
0.0190322,0.171936,0.0414265;-1.57759,0.655748,-1.57686
0.0133344,0.164041,0.0314983;-1.56355,0.520567,-1.59081
0.0115178,0.163291,0.0296504;-1.59985,0.393944,-1.56404
0.0169047,0.167001,0.0338368;-1.51054,0.411104,-1.6337
0.0210985,0.169651,0.0403237;-1.49313,0.568597,-1.64876
0.0259997,0.178135,0.0429986;-1.57907,0.718279,-1.5958
0.025141,0.179758,0.0427103;-1.76708,0.740102,-1.49943
0.0155681,0.164025,0.0386333;-1.67054,0.662495,-1.57184
0.00509591,0.15388,0.0332858;-1.56992,0.553605,-1.64031
0.0082209,0.157969,0.0342567;-1.57463,0.428356,-1.64742
0.0113309,0.16012,0.0352866;-1.536,0.52735,-1.67072
0.0234791,0.170811,0.0434033;-1.5153,0.668909,-1.65321
0.0329975,0.194731,0.0490415;-1.77713,0.738352,-1.45966
0.0314522,0.190008,0.0472779;-1.8096,0.660632,-1.44427
0.0215803,0.172697,0.0442836;-1.70357,0.589079,-1.52867
0.0128719,0.158505,0.0356612;-1.58381,0.403889,-1.65641
0.0132076,0.157445,0.0362066;-1.56341,0.458978,-1.6823
0.0221823,0.163986,0.0392249;-1.54364,0.576083,-1.68153
0.0378398,0.196977,0.0487883;-1.64821,0.724411,-1.57876
0.0428329,0.208303,0.0462554;-1.71859,0.549026,-1.56229
0.0468088,0.210656,0.0404256;-1.74267,0.384172,-1.55558
0.0405735,0.199375,0.0358528;-1.61429,0.25714,-1.63794
0.0411732,0.200328,0.0374254;-1.63128,0.300764,-1.62212
0.045497,0.203812,0.0433138;-1.56709,0.438094,-1.62954
0.0490757,0.223687,0.0525484;-1.57382,0.681713,-1.58381
0.0512615,0.222136,0.0554291;-1.56656,0.609621,-1.60605
0.0513371,0.215061,0.046494;-1.60085,0.471312,-1.61686
0.0528506,0.21153,0.0356698;-1.6177,0.255984,-1.62931
0.0501066,0.208762,0.0362296;-1.58067,0.283049,-1.66062
0.0501747,0.208651,0.0375194;-1.54193,0.387234,-1.68256
0.0627718,0.230576,0.0446767;-1.69506,0.769993,-1.56027
0.0587934,0.223552,0.047738;-1.70894,0.776202,-1.55064
0.0478183,0.199011,0.0451294;-1.53819,0.681715,-1.64806
0.0341612,0.193757,0.0321606;-1.58313,0.392184,-1.60651
0.0381576,0.200402,0.0324467;-1.56255,0.331045,-1.61941
0.0420482,0.205938,0.0357237;-1.48775,0.376951,-1.64824
0.0420482,0.205938,0.0357237;-1.48775,0.376951,-1.64824
0.0462541,0.211646,0.0417819;-1.42325,0.498416,-1.67926
0.0462541,0.211646,0.0417819;-1.42325,0.498416,-1.67926
