0,0,0.11;-1.57,-2.98023e-08,-1.57
0,0,0.11;-1.57,-2.98023e-08,-1.57
0,0,0.11;-1.57,-2.98023e-08,-1.57
-0.000964652,-0.00248808,0.0287631;-1.56625,-0.281418,-1.56487
-0.000130447,0.00021944,0.0285901;-1.57035,-0.196643,-1.57074
0.000645187,0.00662662,0.0293829;-1.56463,-0.0756679,-1.56994
-0.00141047,0.0143337,0.037465;-1.72517,0.0569113,-1.58324
-0.00244509,0.00324791,0.0299321;-1.59685,-0.0040159,-1.58248
-0.00373546,0.00127324,0.0288633;-1.58055,-0.0389201,-1.57506
-0.00424115,0.00138271,0.0285838;-1.57107,-0.124702,-1.57051
-0.00170066,0.00464847,0.0288646;-1.55709,-0.00464173,-1.57041
0.00144565,0.00876,0.0302305;-1.54135,0.145401,-1.57168
0.00335079,0.0185075,0.0340892;-1.52839,0.281027,-1.57008
0.00395807,0.0174977,0.0308573;-1.6156,0.199642,-1.565
0.00316043,0.0108525,0.0299795;-1.61061,0.132278,-1.56687
0.00288903,0.00900339,0.0292116;-1.59996,0.104667,-1.56972
-0.0030205,0.00416314,0.0287207;-1.57069,0.223999,-1.57745
-0.00158051,0.00585394,0.0291912;-1.55319,0.303918,-1.57304
0.00438713,0.0180095,0.03347;-1.51369,0.425746,-1.57483
0.00808886,0.027695,0.0319581;-1.61009,0.430949,-1.54052
0.00898652,0.0234072,0.0291516;-1.56899,0.311472,-1.56567
0.0071448,0.0194217,0.0286823;-1.57085,0.172418,-1.56588
0.00569637,0.0179402,0.0289389;-1.5873,0.142965,-1.56951
0.00311347,0.0189359,0.0292654;-1.60046,0.252699,-1.56246
-0.000132355,0.0190368,0.0321062;-1.64469,0.398178,-1.54867
-0.00110293,0.0218972,0.0336807;-1.68072,0.51312,-1.52482
-0.00260384,0.0163201,0.0291459;-1.54973,0.412728,-1.57475
-0.00818001,0.0097852,0.0288132;-1.5675,0.101715,-1.56312
-0.00967297,0.00805393,0.0288094;-1.56496,0.0207876,-1.56575
-0.00949225,0.00850917,0.0285804;-1.57084,0.036385,-1.57059
-0.00463501,0.0203414,0.0338337;-1.67042,0.287449,-1.54746
-0.00353894,0.033862,0.0361567;-1.72296,0.385117,-1.52334
-0.00273559,0.0316225,0.0333831;-1.66608,0.336354,-1.54
-0.00637367,0.0152856,0.0286988;-1.57057,0.0310312,-1.56533
-0.00799545,0.0130767,0.0287319;-1.57055,-0.0588253,-1.5636
-0.00799289,0.0131588,0.0287702;-1.56734,-0.0587866,-1.56467
-0.00274488,0.022388,0.029557;-1.55192,0.133125,-1.56661
0.000141571,0.0379896,0.033407;-1.64734,0.263806,-1.5481
0.00136354,0.0448759,0.0354238;-1.70808,0.269906,-1.54099
0.00356104,0.0322389,0.0285261;-1.56848,0.0654984,-1.57134
0.00300679,0.0312297,0.0286831;-1.57062,0.0043775,-1.56554
0.00259642,0.0302858,0.0288214;-1.56394,-0.0140711,-1.56592
0.00570583,0.0340528,0.0289116;-1.56142,0.166014,-1.56507
0.00805293,0.0433429,0.0305649;-1.58206,0.309843,-1.5487
0.00847988,0.0543035,0.0339079;-1.65222,0.405001,-1.52942
0.0138329,0.0478077,0.0286559;-1.56802,0.17658,-1.57692
0.016801,0.0490309,0.0287902;-1.57895,0.0246043,-1.57351
0.0195157,0.0499128,0.0288769;-1.58507,-0.114848,-1.57275
0.0208807,0.0513171,0.0286975;-1.56682,-0.0106341,-1.56859
0.023142,0.0588155,0.0299821;-1.5651,0.152467,-1.55991
0.0221643,0.0687283,0.0327158;-1.61113,0.292387,-1.54148
0.0256647,0.06161,0.0287648;-1.57026,0.130667,-1.56266
0.0237488,0.0579428,0.0287083;-1.5715,0.00357587,-1.56373
0.022189,0.0555473,0.0286254;-1.57086,-0.100735,-1.56866
0.0225779,0.0560846,0.0290332;-1.57075,-0.111861,-1.58611
0.0273432,0.0720929,0.0302639;-1.60143,-0.0163464,-1.57147
0.0259111,0.0857579,0.0348044;-1.6716,0.142849,-1.54885
0.0213004,0.0726932,0.0289534;-1.56016,0.0440969,-1.56812
0.0193224,0.0692628,0.0287818;-1.56565,-0.089875,-1.56577
0.0180273,0.0672913,0.0288051;-1.56689,-0.173094,-1.56322
0.0188476,0.0694648,0.0286312;-1.57083,-0.0706054,-1.56844
0.0211357,0.0763262,0.029375;-1.56584,0.0205899,-1.57534
0.0234473,0.0943791,0.0365852;-1.72607,0.111636,-1.56162
0.0266293,0.0973522,0.0312732;-1.61501,0.0519231,-1.56231
0.0281472,0.0929453,0.028879;-1.56193,-0.067157,-1.56474
0.0266934,0.0905657,0.0288338;-1.5581,-0.147162,-1.56908
0.026123,0.0898636,0.0286442;-1.57042,-0.182855,-1.56669
0.0268195,0.0917702,0.0287175;-1.57081,-0.0997642,-1.5643
0.0265799,0.0981905,0.0305985;-1.58877,0.0378561,-1.55117
0.022049,0.107314,0.0385476;-1.75059,0.223233,-1.55187
0.0262545,0.110647,0.0340234;-1.684,0.118208,-1.56031
0.0282941,0.106374,0.0286157;-1.5694,-0.00452532,-1.57408
0.0256297,0.100887,0.0288517;-1.56121,-0.289915,-1.56412
0.0257677,0.101316,0.028718;-1.56381,-0.273689,-1.56897
0.0270291,0.10412,0.0289597;-1.55653,-0.169,-1.56354
0.020613,0.120554,0.0345298;-1.6608,0.152628,-1.55246
0.0233062,0.125432,0.0350756;-1.70078,0.0745921,-1.56493
0.0281267,0.117205,0.0301649;-1.6126,-0.0391707,-1.57457
0.027917,0.112343,0.0287498;-1.57407,-0.17402,-1.57654
0.0283652,0.112935,0.0285793;-1.57087,-0.19524,-1.57081
0.0291566,0.114565,0.0288516;-1.56376,-0.137828,-1.56354
0.0257211,0.131813,0.0339173;-1.64424,0.172319,-1.55026
0.0247689,0.133769,0.0353323;-1.70419,0.160702,-1.55635
0.0277279,0.124992,0.029234;-1.55521,0.0277797,-1.57185
0.0255351,0.118395,0.028593;-1.57083,-0.164982,-1.57026
0.0243441,0.116421,0.0287919;-1.57421,-0.080619,-1.5787
0.0221603,0.112081,0.0293824;-1.58056,0.0351731,-1.58447
0.0223248,0.128058,0.0362284;-1.72179,0.330652,-1.53256
0.0254117,0.134552,0.0354003;-1.71135,0.267604,-1.53778
0.028321,0.123662,0.0289978;-1.55681,0.137126,-1.57019
0.0244756,0.117719,0.028924;-1.5578,-0.107371,-1.56565
0.0243434,0.118164,0.0285889;-1.57067,-0.0944344,-1.57058
0.024986,0.119509,0.0286444;-1.57075,-0.0420812,-1.56765
0.0222286,0.133429,0.0379071;-1.75918,0.258116,-1.53097
0.0207416,0.133106,0.035692;-1.71862,0.268343,-1.53615
0.0211769,0.126557,0.0307914;-1.61149,0.243364,-1.55979
0.0186377,0.118843,0.028735;-1.56775,0.0376688,-1.56638
0.0168408,0.116234,0.0287449;-1.56973,-0.0814177,-1.56388
0.0173512,0.117148,0.0286436;-1.57024,-0.0514657,-1.56776
0.0188842,0.120431,0.0291572;-1.55511,0.0487714,-1.5659
0.0171357,0.139422,0.0362804;-1.72641,0.299944,-1.5328
0.0176583,0.138815,0.0347806;-1.70172,0.270502,-1.53977
0.0162679,0.13337,0.0287469;-1.57515,0.242897,-1.57432
0.0140695,0.130524,0.028713;-1.57075,0.111601,-1.56422
0.0140365,0.13029,0.028686;-1.57079,0.119511,-1.56579
0.0157025,0.132146,0.02881;-1.5655,0.217632,-1.56599
0.025182,0.155378,0.0327356;-1.62323,0.450869,-1.53505
0.0283098,0.159542,0.033386;-1.66741,0.402231,-1.5327
0.0301974,0.151187,0.028797;-1.58025,0.276528,-1.56968
0.0322814,0.151437,0.0290006;-1.59017,0.169939,-1.56897
0.02981,0.14967,0.0285724;-1.57034,0.269694,-1.57079
0.0306436,0.150979,0.0286885;-1.57145,0.38246,-1.56507
0.0301322,0.159808,0.0342856;-1.68147,0.681109,-1.49593
0.0332039,0.163368,0.0352892;-1.73731,0.643991,-1.47599
0.0310093,0.154054,0.0286276;-1.56951,0.534494,-1.56302
0.0256291,0.149763,0.0285984;-1.57225,0.254297,-1.56905
0.0266537,0.150231,0.0286664;-1.5727,0.179945,-1.57283
0.0274422,0.150959,0.0290467;-1.58217,0.188093,-1.57987
0.0310722,0.168785,0.0351759;-1.6833,0.415217,-1.50719
0.0313696,0.172749,0.0346431;-1.68614,0.456866,-1.50989
0.0329279,0.165299,0.0298585;-1.58495,0.365785,-1.55053
0.0290233,0.157555,0.028744;-1.57098,0.276011,-1.56265
0.0280403,0.156523,0.028748;-1.57027,0.209281,-1.56322
0.0287479,0.157431,0.0285781;-1.57062,0.254343,-1.5711
0.0395252,0.172983,0.0324475;-1.65371,0.373053,-1.54538
0.0440154,0.186576,0.0369859;-1.75409,0.473693,-1.48987
0.0440325,0.184881,0.0335093;-1.67134,0.453317,-1.52288
0.0397263,0.17274,0.0286489;-1.57092,0.249874,-1.56729
0.038385,0.171385,0.0288125;-1.56519,0.189673,-1.56612
0.0385811,0.171691,0.0287214;-1.57065,0.198428,-1.56418
0.0427623,0.176123,0.0294851;-1.55655,0.424952,-1.5686
0.0466466,0.183736,0.0326491;-1.63795,0.543202,-1.53879
0.0525981,0.193001,0.0373559;-1.75886,0.50482,-1.49107
0.0607503,0.194549,0.0286333;-1.56888,0.286059,-1.57573
0.0615153,0.19512,0.0286599;-1.56957,0.179644,-1.56799
0.0599797,0.193359,0.0288378;-1.5605,0.104218,-1.56962
0.0628171,0.197062,0.0288107;-1.56651,0.275238,-1.56464
0.064882,0.20443,0.0312153;-1.5919,0.417466,-1.53846
0.0654898,0.213525,0.0354918;-1.70974,0.547957,-1.49369
0.05906,0.205195,0.0286442;-1.56636,0.522812,-1.57965
0.0592582,0.204659,0.0288749;-1.57378,0.417671,-1.58106
0.0619647,0.206344,0.0288188;-1.57662,0.28903,-1.575
0.0647209,0.208483,0.028657;-1.5708,0.305804,-1.56713
0.0674588,0.213519,0.0302797;-1.56855,0.436153,-1.56075
0.0667999,0.218508,0.0329847;-1.61092,0.612463,-1.53692
0.0626927,0.207404,0.02865;-1.56682,0.458449,-1.56968
0.0597935,0.205698,0.0285772;-1.57062,0.351148,-1.5707
0.0595067,0.204921,0.0285954;-1.57123,0.328164,-1.56959
0.0601961,0.204257,0.0291894;-1.56766,0.389303,-1.59034
0.0669936,0.21307,0.0307184;-1.56147,0.484297,-1.58438
0.0751413,0.229157,0.0357442;-1.72266,0.59687,-1.48075
0.0747335,0.220902,0.028892;-1.56876,0.470442,-1.57083
0.0722199,0.21818,0.0289402;-1.55196,0.389821,-1.57776
0.0717144,0.218027,0.0288259;-1.56411,0.360168,-1.56759
0.0726731,0.218691,0.0285793;-1.57079,0.419672,-1.5709
0.0706225,0.218595,0.0291314;-1.59167,0.54781,-1.56464
0.0709131,0.22131,0.0362137;-1.74721,0.702232,-1.47097
0.0712147,0.223157,0.0348799;-1.74242,0.744259,-1.45813
0.0667213,0.215673,0.0287489;-1.56567,0.64639,-1.56771
0.0643979,0.214181,0.0286773;-1.571,0.537836,-1.56561
0.0620516,0.212994,0.0286676;-1.56843,0.4209,-1.56979
0.0653277,0.214597,0.028656;-1.5695,0.539726,-1.56869
0.0684003,0.218249,0.0299277;-1.57549,0.666164,-1.55646
0.072386,0.228399,0.0370922;-1.81722,0.814258,-1.39703
0.0715736,0.225801,0.034349;-1.73998,0.783615,-1.45418
0.0638169,0.220577,0.0284457;-1.57707,0.809391,-1.57113
0.0613347,0.219268,0.0287124;-1.57091,0.704473,-1.56433
0.0623701,0.219738,0.0286928;-1.57092,0.729764,-1.56531
0.0661229,0.221401,0.0289468;-1.5501,0.82186,-1.58169
0.0763065,0.230039,0.0346911;-1.58355,1.05606,-1.55156
0.0734063,0.227971,0.0330292;-1.67003,0.994141,-1.48306
0.0692115,0.223542,0.0287148;-1.57689,0.930724,-1.57092
0.0681458,0.223142,0.0288595;-1.58944,0.893352,-1.55938
0.0664379,0.222943,0.028573;-1.57047,0.966992,-1.57085
0.0689652,0.222764,0.0286786;-1.57079,1.09238,-1.56641
0.0805917,0.230181,0.0328912;-1.771,1.32116,-1.36405
0.0839514,0.230247,0.0348167;-1.96277,1.24158,-1.20224
0.075097,0.223958,0.0286551;-1.57174,1.12449,-1.56604
0.0712175,0.222199,0.0285943;-1.57089,0.916415,-1.57012
0.0709637,0.222418,0.0288264;-1.58702,0.941384,-1.56125
0.069892,0.223827,0.0292826;-1.62166,1.04433,-1.52944
0.069892,0.223827,0.0292826;-1.62166,1.04433,-1.52944
0.0768053,0.228265,0.0318232;-1.73251,1.19293,-1.41598
0.0768053,0.228265,0.0318232;-1.73251,1.19293,-1.41598
