0,0,0.11;-1.57,-2.98023e-08,-1.57
0,0,0.11;-1.57,-2.98023e-08,-1.57
0,0,0.11;-1.57,-2.98023e-08,-1.57
-0.00122103,-0.00218133,0.0287162;-1.56691,-0.293221,-1.56655
-0.000813501,-0.00177953,0.0286012;-1.56971,-0.25112,-1.57038
0.000710336,-0.00331587,0.0289632;-1.56034,-0.14706,-1.57366
0.00118268,-0.0154067,0.032422;-1.5008,0.0123769,-1.57118
-0.00343957,-0.0199725,0.0288221;-1.57107,-0.21099,-1.55939
-0.00469607,-0.0230355,0.0288373;-1.56489,-0.31807,-1.56169
-0.00587184,-0.0248305,0.0286251;-1.56851,-0.385216,-1.56964
-0.00479845,-0.0227267,0.0285795;-1.57084,-0.236633,-1.57084
-0.00332277,-0.0257259,0.029042;-1.556,-0.118073,-1.57543
-0.00281715,-0.0343193,0.0320245;-1.50861,-0.0260485,-1.57974
-0.000591687,-0.0459515,0.0313059;-1.51893,0.0696878,-1.5723
-0.00131581,-0.0456463,0.0287475;-1.57189,0.0370004,-1.56272
-0.00117674,-0.0479561,0.0288479;-1.57188,-0.0347948,-1.55861
-0.00154986,-0.0482754,0.0287274;-1.57097,-0.0836619,-1.5637
-0.000313829,-0.0484929,0.029114;-1.54976,-0.020254,-1.5751
0.00207275,-0.0441326,0.0304797;-1.53335,0.0128542,-1.57971
0.00486135,-0.0501995,0.0329093;-1.5062,0.147702,-1.5975
0.00446358,-0.0527012,0.0303714;-1.53088,0.133707,-1.57969
0.00255473,-0.0490867,0.0285787;-1.57082,0.0164992,-1.57055
0.00248805,-0.0513954,0.0287984;-1.5709,-0.100583,-1.56021
0.00288282,-0.0468478,0.0292941;-1.57408,-0.0525795,-1.55257
0.00419406,-0.0403766,0.0306826;-1.57772,0.0116706,-1.54336
0.0063037,-0.0360593,0.0319041;-1.61249,0.0900935,-1.56666
0.00590515,-0.0426594,0.0288171;-1.55818,0.0842195,-1.57436
0.00651857,-0.0446395,0.0290533;-1.58615,0.0784027,-1.57704
0.00780201,-0.0428062,0.0289649;-1.5814,-0.000444293,-1.57869
0.00758688,-0.0423565,0.0289459;-1.58803,0.00974849,-1.57126
0.00680062,-0.0325585,0.0324601;-1.61292,0.133349,-1.5427
0.00524182,-0.0302537,0.0377793;-1.73294,0.218535,-1.54357
0.00183094,-0.0377232,0.0383802;-1.75059,0.282399,-1.53888
-0.00794231,-0.0746892,0.0292245;-1.57102,0.254864,-1.58763
-0.0090796,-0.074841,0.029101;-1.58789,0.220046,-1.57539
-0.00898177,-0.0743417,0.0290765;-1.5875,0.209029,-1.5749
-0.00801127,-0.0711265,0.0293101;-1.55605,0.219366,-1.58361
-0.00531713,-0.067932,0.0304255;-1.52773,0.240832,-1.58385
-0.00106147,-0.0659716,0.0334898;-1.48893,0.279453,-1.60286
-0.00600346,-0.0804454,0.0289529;-1.57918,0.241691,-1.5786
-0.00783391,-0.0830302,0.0290446;-1.58914,0.196223,-1.57189
-0.00766617,-0.0826772,0.0290095;-1.58626,0.167945,-1.57373
-0.00728861,-0.0811227,0.0288574;-1.57053,0.167764,-1.58397
-0.00627298,-0.0747338,0.0301487;-1.54311,0.130117,-1.58921
-0.00290001,-0.0707716,0.031061;-1.52878,0.158326,-1.58716
-0.00375828,-0.078512,0.0287459;-1.57257,0.212944,-1.57731
-0.00332208,-0.0812163,0.0287651;-1.57571,0.23505,-1.57403
-0.00355655,-0.0838653,0.0287522;-1.57555,0.227943,-1.57376
-0.00273791,-0.0830747,0.0292747;-1.55066,0.243409,-1.58996
-0.00236426,-0.0810307,0.0321942;-1.50859,0.247769,-1.61239
-0.001441,-0.080081,0.0348304;-1.45623,0.270732,-1.61399
0.000304705,-0.081607,0.0335819;-1.50443,0.281424,-1.62375
0.0003879,-0.0820985,0.0322786;-1.54151,0.26759,-1.62284
-0.00133322,-0.0829739,0.0314136;-1.5444,0.233398,-1.60388
-0.00585249,-0.068406,0.0307575;-1.53543,0.0694126,-1.57058
0.000107662,-0.0437407,0.0355275;-1.48086,0.0568247,-1.58463
0.0074374,-0.00910287,0.0403057;-1.69746,0.080981,-1.54683
0.0209079,0.00555004,0.0396266;-1.79256,-0.0478547,-1.5879
0.0234852,-0.000173334,0.031118;-1.63207,-0.108298,-1.58177
0.0220092,-0.00402451,0.0298677;-1.59729,-0.0916479,-1.58297
0.0170767,0.00318605,0.035105;-1.70009,0.0238334,-1.55885
0.0166567,0.0129033,0.038721;-1.77308,0.0972406,-1.54581
0.0154466,0.0223197,0.0420781;-1.84822,0.170885,-1.52275
0.0179273,0.0246671,0.0442122;-1.89507,0.164224,-1.52586
0.020852,0.0176365,0.0413671;-1.80572,0.0850473,-1.53733
0.0226987,0.0102147,0.0359704;-1.70209,0.0122792,-1.55933
0.0160604,0.000340309,0.0316873;-1.63419,0.0963437,-1.57429
0.0106937,-0.00397795,0.0341677;-1.69063,0.196904,-1.55098
0.00641265,-0.00686976,0.038087;-1.75358,0.283966,-1.53571
0.0119907,0.00809402,0.0414674;-1.79464,0.259278,-1.54347
0.015005,0.00926407,0.0413655;-1.82609,0.178972,-1.5256
0.0163504,0.00396699,0.0399725;-1.78285,0.103993,-1.53971
0.0173235,-0.0072608,0.040386;-1.77122,-0.0121295,-1.55222
0.015629,-0.0122849,0.0388747;-1.77021,0.0437981,-1.56736
0.00992248,-0.0247904,0.0393053;-1.70114,0.169834,-1.59985
0.00968957,-0.0428361,0.0431428;-1.33534,0.311892,-1.69276
0.00682324,-0.0365434,0.0439959;-1.34207,0.203238,-1.67652
0.00463147,-0.0233364,0.0301758;-1.60242,0.0750428,-1.57864
0.00263842,-0.0241492,0.0298368;-1.60243,-0.0182791,-1.56615
0.00337264,-0.0223724,0.0313816;-1.61262,0.0162574,-1.56016
0.000232471,-0.0292952,0.0322433;-1.61019,0.109991,-1.56999
-0.00293042,-0.040479,0.0377499;-1.48168,0.147558,-1.6555
-0.00350019,-0.0392209,0.0382138;-1.46503,0.11484,-1.64775
-0.0026481,-0.0349179,0.0381329;-1.44454,0.114147,-1.63205
-0.00696764,-0.0211129,0.0302772;-1.59556,0.0586752,-1.56363
-0.00831471,-0.019496,0.0298196;-1.57891,0.155544,-1.56223
-0.00909084,-0.0174447,0.0353902;-1.64815,0.244452,-1.53114
-0.00463552,-0.0352054,0.0403181;-1.3276,0.402279,-1.65427
-0.00634067,-0.0425477,0.0434254;-1.26277,0.357385,-1.67563
-0.00793225,-0.0415242,0.0409755;-1.33027,0.326719,-1.66419
-0.0160773,-0.037393,0.0357428;-1.43442,0.315899,-1.60555
-0.0117517,-0.0366176,0.0349386;-1.48691,0.406582,-1.57142
-0.00555393,-0.0327754,0.0344808;-1.5377,0.491568,-1.52681
0.00228433,-0.0274364,0.0413269;-1.39971,0.575724,-1.59308
0.0042037,-0.0315211,0.0424272;-1.35068,0.546495,-1.63153
0.00547401,-0.0324958,0.0392771;-1.35295,0.532405,-1.6695
-0.00181109,-0.0325197,0.034646;-1.44857,0.424148,-1.6178
-0.00527448,-0.0296509,0.028706;-1.56823,0.371305,-1.5681
-0.00451629,-0.0298789,0.0290272;-1.5594,0.387728,-1.58651
3.2598e-05,-0.0308559,0.0308119;-1.53022,0.471171,-1.59716
0.0122901,-0.0293304,0.0384738;-1.35588,0.597453,-1.6778
0.0109994,-0.0282277,0.0383714;-1.34846,0.547728,-1.69218
0.00698428,-0.0195326,0.0363293;-1.47078,0.4416,-1.67245
0.00223537,-0.00590925,0.0287181;-1.57061,0.292941,-1.57743
0.00272608,-0.00875266,0.0289907;-1.56551,0.375349,-1.58758
0.00562687,-0.016754,0.0300239;-1.54185,0.490381,-1.60381
0.0133546,-0.0248478,0.0361797;-1.38305,0.645007,-1.6864
0.015038,-0.0274925,0.0364255;-1.36771,0.665646,-1.69971
0.0124541,-0.0299886,0.035356;-1.41741,0.683166,-1.68563
0.00163976,-0.0214283,0.0290963;-1.55297,0.614169,-1.59115
0.00152576,-0.0206582,0.0289482;-1.55941,0.601633,-1.58534
0.00238788,-0.0225666,0.0292904;-1.5403,0.64756,-1.59894
0.00549286,-0.0226495,0.0355617;-1.39313,0.657549,-1.68361
0.00544182,-0.0221046,0.0376672;-1.34628,0.626439,-1.70469
0.0046663,-0.0225843,0.0369624;-1.36411,0.619545,-1.69666
-0.0024757,-0.0080069,0.03091;-1.53308,0.440056,-1.60218
-0.00474046,-0.00419645,0.0297266;-1.54781,0.390354,-1.5863
-0.00241296,-0.00310996,0.0300432;-1.54618,0.43304,-1.57613
0.0146826,0.00783011,0.0417966;-1.36076,0.610625,-1.65321
0.0196249,0.000980131,0.0425585;-1.32614,0.597226,-1.68383
0.0188939,-0.00110625,0.0415031;-1.32859,0.574291,-1.69276
0.00393136,0.00265534,0.0373511;-1.4157,0.437402,-1.63417
-0.000789492,0.0118805,0.0347965;-1.48565,0.382232,-1.5775
0.00173732,0.0275354,0.0338797;-1.5525,0.32958,-1.53489
0.019569,0.051252,0.0435827;-1.60108,0.429082,-1.54223
0.0259145,0.0460116,0.0494208;-1.59419,0.517399,-1.56951
0.0256583,0.0335705,0.0509219;-1.49475,0.578259,-1.60883
0.0126357,-0.0062751,0.0364311;-1.42121,0.561558,-1.64088
0.00744123,-0.00314189,0.0316019;-1.54215,0.548515,-1.55936
0.0053758,0.00767278,0.0331873;-1.60501,0.560441,-1.49795
0.0182266,0.0202144,0.0360067;-1.52709,0.453782,-1.55885
0.0310816,0.0237593,0.0405565;-1.50154,0.485215,-1.59133
0.0384412,0.0214612,0.0450081;-1.47895,0.561407,-1.6151
0.0328641,0.0243207,0.0449664;-1.44783,0.428113,-1.61369
0.0375376,0.026154,0.0352851;-1.50149,0.335157,-1.57657
0.0357389,0.0298316,0.0316728;-1.5773,0.35251,-1.52416
0.0400916,0.0381318,0.0367625;-1.6521,0.422829,-1.4767
0.0449675,0.0405348,0.0378934;-1.62098,0.490052,-1.50825
0.0499402,0.039949,0.0478205;-1.5633,0.558212,-1.54674
0.0374604,0.0370772,0.0493524;-1.52151,0.517371,-1.58371
0.0248389,0.0280874,0.0432607;-1.54357,0.571119,-1.54934
0.0141367,0.0219248,0.0363817;-1.58127,0.616218,-1.48667
0.0117044,0.0150434,0.0374799;-1.65546,0.700388,-1.47676
0.0142454,0.0076999,0.0405427;-1.53213,0.689407,-1.57605
0.0176576,0.00370183,0.0412968;-1.36928,0.648838,-1.69221
0.0154422,-0.00108985,0.0393271;-1.40229,0.580832,-1.71845
0.00919729,-0.0071053,0.0383049;-1.42544,0.632514,-1.70852
0.00355175,-0.0100312,0.0345875;-1.5021,0.713464,-1.64593
0.00621496,0.00814364,0.0370947;-1.51422,0.744135,-1.58132
0.017679,0.0215313,0.0475293;-1.58915,0.699358,-1.55485
0.0354796,0.0407545,0.0499055;-1.80779,0.618134,-1.45007
0.0679784,0.0512364,0.050293;-2.0095,0.440508,-1.34188
0.0674097,0.0472839,0.0480222;-1.92065,0.364557,-1.39023
0.0611138,0.0402855,0.0443623;-1.81639,0.310197,-1.43868
0.0430795,0.0274484,0.033095;-1.59125,0.405056,-1.59749
0.052008,0.0325938,0.0360847;-1.60304,0.504172,-1.59423
0.0677864,0.0494072,0.0420882;-1.76769,0.591532,-1.47113
0.0885144,0.0682677,0.0486908;-2.08538,0.570389,-1.27894
0.0887501,0.061604,0.0496025;-2.05955,0.478422,-1.31635
0.0807336,0.0495127,0.0455391;-1.90085,0.397193,-1.41594
0.0546414,0.017586,0.0345184;-1.62503,0.492567,-1.58514
0.0597386,0.0153755,0.0342312;-1.59975,0.588807,-1.60419
0.06914,0.021665,0.0366629;-1.59852,0.704616,-1.61084
0.0832931,0.0350294,0.0464286;-1.73031,0.836155,-1.53526
0.0841639,0.0335014,0.0484556;-1.76584,0.822201,-1.51224
0.071318,0.0266006,0.0476924;-1.7428,0.782293,-1.52625
0.061357,0.0344336,0.0443834;-1.80413,0.73814,-1.45574
0.0711036,0.0403486,0.039461;-1.76484,0.782279,-1.46135
0.0814955,0.0482663,0.0378863;-1.7005,0.831195,-1.51415
0.115481,0.0737067,0.0415112;-1.68842,0.863955,-1.57398
0.128396,0.0785095,0.0439587;-1.78349,0.817855,-1.50328
0.133848,0.0789745,0.0431724;-1.79045,0.756839,-1.49113
0.117849,0.0843692,0.038059;-1.77929,0.609715,-1.45421
0.113567,0.087087,0.038721;-1.79632,0.637525,-1.43264
0.113081,0.0885217,0.039278;-1.82094,0.693712,-1.40213
0.13151,0.0882601,0.0424914;-1.8292,0.826757,-1.42576
0.141656,0.086826,0.0429322;-1.82308,0.789888,-1.45066
0.145953,0.0774656,0.042186;-1.74382,0.75044,-1.53491
0.12662,0.0660178,0.0349443;-1.62375,0.539114,-1.59323
0.126636,0.0723295,0.0356388;-1.71583,0.537535,-1.49355
0.124151,0.0769236,0.0380308;-1.77898,0.623092,-1.43541
0.124151,0.0769236,0.0380308;-1.77898,0.623092,-1.43541
0.11892,0.0737191,0.041161;-1.80426,0.80626,-1.41042
0.11892,0.0737191,0.041161;-1.80426,0.80626,-1.41042
