0,0,0.11;-1.57,-2.98023e-08,-1.57
0,0,0.11;-1.57,-2.98023e-08,-1.57
0,0,0.11;-1.57,-2.98023e-08,-1.57
-0.000653673,-0.000393433,0.028597;-1.57075,-0.259218,-1.56993
-0.000871642,-0.000799481,0.0287347;-1.5696,-0.289573,-1.56424
-0.0011227,-0.000685263,0.0296142;-1.55787,-0.302421,-1.54686
-0.000366476,-0.00226498,0.0328574;-1.61891,-0.303738,-1.55989
0.00269063,-0.0059447,0.0342802;-1.69438,-0.316427,-1.61573
-0.00186263,-0.0113126,0.0323109;-1.64532,-0.301087,-1.60622
-0.00580657,-0.0189764,0.0293659;-1.58976,-0.237557,-1.58621
-0.00678684,-0.0223657,0.0290168;-1.55902,-0.12687,-1.5595
-0.00659328,-0.0209939,0.0308135;-1.55306,-0.110999,-1.53744
-0.00555188,-0.0182167,0.0342491;-1.54612,-0.0814097,-1.49737
-0.00490015,-0.0205438,0.0298741;-1.55021,-0.121208,-1.55488
-0.00382229,-0.0207918,0.0288062;-1.57425,-0.161718,-1.58225
-0.00234893,-0.0180862,0.0304601;-1.60876,-0.188044,-1.58814
0.000908452,-0.00787225,0.0297463;-1.59573,-0.310578,-1.59449
-6.49394e-05,-0.00563422,0.0289576;-1.57502,-0.339725,-1.57836
-0.000477664,-0.00446937,0.0312167;-1.52623,-0.338147,-1.553
0.000515295,-0.00329757,0.0332732;-1.46847,-0.36307,-1.52401
0.00127725,-0.00357779,0.0327254;-1.48536,-0.383805,-1.54785
0.000179114,-0.000712763,0.0291181;-1.55863,-0.413844,-1.5805
-0.000379348,0.00642648,0.03036;-1.57219,-0.477549,-1.60266
-0.000275428,0.00449493,0.0317847;-1.56072,-0.453678,-1.61543
-0.000409353,-0.000256812,0.0349809;-1.50805,-0.398265,-1.60232
-0.000850537,-0.0062321,0.0369392;-1.4624,-0.321627,-1.58693
0.000358988,-0.00646415,0.0349597;-1.50876,-0.326712,-1.60842
-0.00395177,0.00695992,0.0289284;-1.5706,-0.442669,-1.58344
-0.00428763,0.00832932,0.0287505;-1.57058,-0.476538,-1.57878
-0.00419789,0.00806969,0.0288352;-1.57043,-0.467359,-1.58278
-0.00288452,0.00832935,0.0306698;-1.53963,-0.403796,-1.54716
-0.0052539,0.0127457,0.0342609;-1.55185,-0.412638,-1.50326
-0.00376788,0.0153876,0.0310451;-1.57057,-0.481534,-1.52842
-0.00191777,0.0162608,0.0288369;-1.58144,-0.529521,-1.57923
-0.00143651,0.016708,0.0290627;-1.59076,-0.534838,-1.58708
-0.00137606,0.0163761,0.0289475;-1.58227,-0.533947,-1.58429
-0.00292169,0.0158366,0.0292382;-1.5673,-0.485237,-1.55182
-0.00428957,0.0159179,0.0324977;-1.56431,-0.435119,-1.50999
-0.00338875,0.0105857,0.0340565;-1.58226,-0.411015,-1.51137
0.000574853,0.00629618,0.0286925;-1.57418,-0.436757,-1.57445
0.00040965,0.00633103,0.0285805;-1.57082,-0.436975,-1.57086
0.0004548,0.00628469,0.028584;-1.57033,-0.430284,-1.57079
0.00092304,0.00525414,0.0287653;-1.58028,-0.371589,-1.57459
0.00058342,0.00491362,0.030783;-1.58684,-0.357745,-1.55324
-0.00190573,0.00232457,0.0347481;-1.59941,-0.329273,-1.52493
0.00269795,0.00497264,0.0289107;-1.5862,-0.471811,-1.57999
0.00379645,0.00626345,0.0288138;-1.57239,-0.511202,-1.58142
0.00419926,0.00793639,0.0288948;-1.57612,-0.543008,-1.5839
0.00381893,0.00893269,0.0286151;-1.57042,-0.561105,-1.56905
0.00334908,0.0086345,0.0302586;-1.53326,-0.539645,-1.54069
0.00272414,0.0083959,0.0337826;-1.49831,-0.515013,-1.49363
0.00723739,0.00586546,0.0289255;-1.57237,-0.556188,-1.58703
0.00675526,0.00523498,0.0324654;-1.57124,-0.550228,-1.63007
0.00657977,0.00566375,0.0350551;-1.60664,-0.514318,-1.65996
0.00612291,-0.007998,0.0334179;-1.56264,-0.396924,-1.63619
0.00348444,-0.0137142,0.0341962;-1.48688,-0.377701,-1.56727
0.00069663,-0.0236343,0.0367249;-1.40617,-0.307452,-1.51856
-0.000941441,-0.0218604,0.0321104;-1.49184,-0.340989,-1.54567
-0.00254848,-0.0194567,0.0287722;-1.56625,-0.382667,-1.57398
-0.00330074,-0.0158635,0.0290008;-1.56407,-0.423658,-1.583
-0.00293967,-0.0068824,0.0308621;-1.57788,-0.498032,-1.61335
-0.00293317,-0.00324596,0.03188;-1.64822,-0.493293,-1.61181
-0.00277781,0.00612198,0.0368374;-1.71392,-0.47894,-1.60715
-0.00273882,0.0243671,0.0358859;-1.65975,-0.51093,-1.56438
-0.0021632,0.0251832,0.030407;-1.60149,-0.531019,-1.57429
-0.00199703,0.0245032,0.0286258;-1.5703,-0.523469,-1.5726
-0.00125042,0.0239305,0.0285967;-1.57074,-0.48244,-1.57155
-0.00101517,0.0241966,0.0287272;-1.57083,-0.458384,-1.56356
-0.00136663,0.0235702,0.0298816;-1.57446,-0.440446,-1.54857
-0.00107773,0.0183658,0.0420261;-1.76137,-0.35535,-1.5967
0.00210122,0.0273776,0.0404314;-1.81169,-0.364568,-1.65019
0.00385446,0.0277677,0.0376641;-1.76637,-0.370808,-1.65105
0.00229959,0.0263923,0.0290008;-1.58039,-0.40784,-1.58575
0.00269369,0.0249458,0.0286121;-1.5689,-0.369308,-1.56972
0.00248152,0.0247097,0.029471;-1.56805,-0.360293,-1.55056
-0.000544493,0.0253639,0.035206;-1.57318,-0.39738,-1.48589
0.0027121,0.0382268,0.0316907;-1.5776,-0.425754,-1.52797
0.00628299,0.0429249,0.0300793;-1.61626,-0.42983,-1.59196
0.00831458,0.042254,0.0343781;-1.60123,-0.404042,-1.65045
0.00616038,0.0411334,0.0357823;-1.61216,-0.381859,-1.66297
0.00496953,0.0431249,0.0354517;-1.6925,-0.378885,-1.64084
-0.000479399,0.0396569,0.0380609;-1.72692,-0.325896,-1.60254
0.00435465,0.0426909,0.0344687;-1.66564,-0.344627,-1.59641
0.00669614,0.0441056,0.0319622;-1.63408,-0.358536,-1.61331
0.00646287,0.0470924,0.0371892;-1.60042,-0.370894,-1.68084
0.0071015,0.0451785,0.0400216;-1.65504,-0.335167,-1.70487
0.00663801,0.0426685,0.0440075;-1.74726,-0.288283,-1.72815
0.00567219,0.0455818,0.0428704;-1.83449,-0.304168,-1.68203
0.00715461,0.0476139,0.0388933;-1.77248,-0.339638,-1.65768
0.0085955,0.0451463,0.0350836;-1.67757,-0.335479,-1.6333
0.00914989,0.0481119,0.0300084;-1.5665,-0.390193,-1.59338
0.00881698,0.0496907,0.0308564;-1.58957,-0.404571,-1.60999
0.00875281,0.0504935,0.0335099;-1.64753,-0.406838,-1.63101
0.00882369,0.0413698,0.0321394;-1.60163,-0.375848,-1.53418
0.0101883,0.0402612,0.0340527;-1.6407,-0.376857,-1.56058
0.0113894,0.0393409,0.0347059;-1.6731,-0.391282,-1.58606
0.0154112,0.037778,0.0298976;-1.61054,-0.427511,-1.59397
0.0142775,0.0356823,0.0291444;-1.58601,-0.399892,-1.58965
0.0144279,0.0353753,0.0291874;-1.59249,-0.401718,-1.58862
0.0145106,0.035163,0.0300472;-1.61355,-0.412576,-1.58536
0.0173542,0.0255678,0.0377929;-1.67558,-0.427418,-1.55049
0.0246944,0.0222155,0.035936;-1.69026,-0.441717,-1.59357
0.0278451,0.0202889,0.0326285;-1.66908,-0.458288,-1.62036
0.0280078,0.0217107,0.0291248;-1.59298,-0.502801,-1.59104
0.0281414,0.0210232,0.029071;-1.58869,-0.500992,-1.58983
0.0280163,0.0216169,0.0301916;-1.6209,-0.503726,-1.59503
0.0247565,0.0235226,0.0381433;-1.67801,-0.514426,-1.55642
0.0285278,0.0235561,0.0369885;-1.68608,-0.578516,-1.58625
0.0329324,0.0193674,0.031134;-1.64537,-0.613974,-1.61563
0.0369533,0.0111947,0.0307501;-1.58783,-0.56066,-1.60954
0.0355172,0.0102335,0.0320462;-1.57384,-0.554166,-1.62444
0.0337057,0.0104543,0.0290119;-1.57096,-0.550799,-1.58498
0.0299197,0.00626023,0.0355655;-1.5662,-0.496002,-1.53419
0.0347806,0.000583014,0.0372233;-1.57241,-0.470852,-1.563
0.041322,-0.00435769,0.0325754;-1.58668,-0.520036,-1.62723
0.0411827,-0.000128431,0.035579;-1.59292,-0.614004,-1.66456
0.0407858,0.00125972,0.0354607;-1.59413,-0.617135,-1.66926
0.0422575,-0.00309002,0.0342715;-1.56684,-0.580897,-1.65017
0.0361869,-0.00743119,0.0381588;-1.40023,-0.581014,-1.50926
0.0342187,-0.00245781,0.0360163;-1.4157,-0.601917,-1.48435
0.0348817,0.00119383,0.0328232;-1.47097,-0.620712,-1.50326
0.0329593,0.00739686,0.0306474;-1.58665,-0.69297,-1.61021
0.0337652,0.00946692,0.0328211;-1.64906,-0.694822,-1.65083
0.0354566,0.00643471,0.0345873;-1.69662,-0.656026,-1.6793
0.0331246,0.00578258,0.038085;-1.7662,-0.586884,-1.65795
0.0292336,0.00515355,0.0420965;-1.75933,-0.536418,-1.60886
0.0281109,0.00486858,0.041629;-1.72563,-0.538766,-1.58896
0.0326543,0.00728644,0.0288209;-1.58394,-0.651478,-1.57722
0.0323654,0.00706661,0.0285807;-1.57047,-0.651624,-1.57071
0.0325712,0.00682769,0.0287392;-1.56706,-0.642122,-1.57321
0.0320847,0.00711737,0.0288937;-1.57701,-0.643549,-1.58479
0.0295403,0.00925291,0.0330049;-1.61906,-0.642108,-1.58606
0.0267036,0.0147673,0.04111;-1.70593,-0.658753,-1.62698
0.0246703,0.023502,0.0374896;-1.80583,-0.739901,-1.7415
0.0223587,0.0227415,0.0347408;-1.68497,-0.791471,-1.68627
0.0211803,0.0257843,0.0314225;-1.6158,-0.841099,-1.63226
0.0209678,0.026509,0.0289261;-1.56395,-0.853241,-1.55306
0.0200484,0.0264939,0.0310997;-1.5638,-0.841596,-1.52612
0.0185649,0.0262222,0.0338132;-1.5566,-0.822698,-1.48584
0.0247725,0.0286867,0.0318218;-1.68863,-0.912792,-1.66636
0.0265931,0.0274873,0.0331417;-1.69872,-0.890169,-1.68902
0.0299874,0.0207932,0.0368208;-1.64292,-0.833908,-1.70992
0.0278227,0.0107954,0.0361659;-1.60178,-0.791538,-1.68226
0.0258719,0.00826089,0.0336296;-1.59967,-0.768399,-1.63474
0.0285893,0.000953374,0.03439;-1.51924,-0.703489,-1.53023
0.0413473,-0.00914548,0.0303554;-1.54031,-0.720868,-1.55321
0.0409032,-0.00805187,0.0308794;-1.56625,-0.751046,-1.6064
0.0395399,-0.00406272,0.0325985;-1.57309,-0.800714,-1.63147
0.0392211,0.000985596,0.0351634;-1.56152,-0.858866,-1.65911
0.0380788,0.00178981,0.0345334;-1.52602,-0.877734,-1.61398
0.0367575,0.00121577,0.0371291;-1.45388,-0.878694,-1.53783
0.0311571,0.00213372,0.0319556;-1.50307,-0.952645,-1.52214
0.0306617,0.00301673,0.0288596;-1.56438,-0.979709,-1.56313
0.0295295,0.00343411,0.0286166;-1.567,-1.00577,-1.56773
0.0295934,0.00312922,0.0290828;-1.59624,-1.00337,-1.60524
0.0302277,0.00112255,0.0299098;-1.63578,-0.967104,-1.62491
0.0321718,-0.00231349,0.03369;-1.6796,-0.909817,-1.63632
0.0348872,0.00195783,0.0448007;-1.81663,-0.837041,-1.70835
0.040862,0.00372495,0.0384479;-1.86539,-0.881028,-1.81076
0.0443155,0.00370925,0.0396777;-1.89406,-0.867488,-1.83641
0.0520872,-0.0109635,0.0361646;-1.57838,-0.8197,-1.67233
0.0535449,-0.0141238,0.031281;-1.56102,-0.790959,-1.60842
0.0507333,-0.012765,0.0290873;-1.57298,-0.810335,-1.57505
0.0437916,0.000490768,0.0398738;-1.6827,-0.781441,-1.56738
0.0489745,0.00206332,0.0389416;-1.74555,-0.806808,-1.64704
0.0529859,-0.00154288,0.0330505;-1.70781,-0.811184,-1.67395
0.0526652,0.00161175,0.0345033;-1.75283,-0.831242,-1.7114
0.0533599,-0.000433587,0.0340707;-1.73847,-0.806378,-1.69585
0.0517646,-5.87136e-05,0.0342675;-1.7239,-0.788242,-1.67487
0.0410529,0.00384126,0.0419753;-1.74609,-0.661705,-1.59972
0.0448987,0.00334308,0.0387177;-1.73916,-0.6501,-1.62264
0.0504228,9.31818e-05,0.0308706;-1.64129,-0.677152,-1.61656
0.058748,-0.00808427,0.0325323;-1.58007,-0.567495,-1.63283
0.0570351,-0.0030405,0.0327356;-1.57527,-0.602869,-1.63466
0.0558872,0.00143123,0.031701;-1.63687,-0.63212,-1.62512
0.0518484,0.00262025,0.0377987;-1.7095,-0.563924,-1.60861
0.0517965,0.00287013,0.0404933;-1.78461,-0.446028,-1.66875
0.0552246,0.003318,0.0392879;-1.74719,-0.441164,-1.69084
0.0591546,0.00344248,0.0375142;-1.59164,-0.46226,-1.68448
0.0601621,0.00685762,0.0364505;-1.58498,-0.468463,-1.67798
0.0616042,0.00642312,0.034846;-1.60361,-0.462714,-1.65442
0.0616042,0.00642312,0.034846;-1.60361,-0.462714,-1.65442
0.0556492,0.00815919,0.035282;-1.67696,-0.437528,-1.64386
0.0556492,0.00815919,0.035282;-1.67696,-0.437528,-1.64386
