0,0,0.11;-1.57,-2.98023e-08,-1.57
0,0,0.11;-1.57,-2.98023e-08,-1.57
0,0,0.11;-1.57,-2.98023e-08,-1.57
-0.000838317,0.000246158,0.0285817;-1.57077,-0.239515,-1.57088
-0.000704777,0.000173317,0.0285807;-1.57061,-0.291016,-1.57067
-0.00150429,-0.0023743,0.0290004;-1.55657,-0.361538,-1.55893
-0.00286468,-0.00440479,0.0299916;-1.54386,-0.391557,-1.56873
-0.00245804,-0.00297535,0.0291426;-1.59826,-0.406185,-1.58399
-0.00370954,-0.00247897,0.02908;-1.58982,-0.346179,-1.57121
-0.00473607,-0.00177362,0.0286335;-1.57109,-0.290084,-1.56801
-0.00362077,0.00032415,0.0288755;-1.55888,-0.17349,-1.56617
-0.00292329,0.00146672,0.0290949;-1.55352,-0.126995,-1.56079
-0.0017124,0.00640636,0.0300243;-1.5457,-0.0629494,-1.55041
-0.000494856,0.00855352,0.0287043;-1.57112,-0.0544117,-1.56479
0.000302514,0.00974892,0.0290449;-1.58705,-0.099392,-1.57869
0.000516931,0.00989464,0.0291954;-1.58967,-0.108271,-1.5838
0.000335214,0.00991482,0.0285953;-1.57085,-0.104641,-1.57015
1.16041e-05,0.0105753,0.0300693;-1.56949,-0.0915687,-1.54155
-0.000761709,0.0113017,0.0326987;-1.56859,-0.0839197,-1.51002
-0.000790472,0.00869672,0.031966;-1.5533,-0.104291,-1.52467
-0.00100398,0.00585671,0.0290181;-1.55817,-0.150322,-1.56022
-0.00134879,0.00570583,0.0285812;-1.57099,-0.16917,-1.5714
-0.00147465,0.00521339,0.0290697;-1.58173,-0.14403,-1.5849
-0.00173421,0.00404497,0.0286028;-1.57068,-0.116426,-1.572
-0.00238317,0.00286887,0.0290802;-1.55534,-0.132222,-1.55949
-0.00651109,-0.00375066,0.0295509;-1.547,-0.200837,-1.55091
-0.00891133,-0.0105243,0.0289954;-1.56791,-0.283707,-1.55288
-0.00893696,-0.014003,0.0294826;-1.58698,-0.363423,-1.56136
-0.00647356,-0.0171009,0.0288869;-1.57776,-0.426393,-1.56432
-0.00523967,-0.0186413,0.0287219;-1.57156,-0.46752,-1.5647
-0.00557351,-0.0172762,0.0290174;-1.57699,-0.420223,-1.5677
-0.00451017,-0.0143806,0.0303892;-1.55209,-0.39283,-1.53995
-0.00381645,-0.0144404,0.029254;-1.54899,-0.405342,-1.54952
-0.00265853,-0.0119087,0.0285811;-1.5707,-0.330541,-1.57048
-0.00181206,-0.010542,0.0288085;-1.56681,-0.294869,-1.56253
-0.0010404,-0.00891981,0.0288651;-1.56494,-0.260948,-1.56097
0.00124039,0.00424435,0.0325609;-1.56882,-0.0812927,-1.51185
0.00121622,0.00525083,0.0333798;-1.57823,-0.0544899,-1.50127
0.00145682,0.00567622,0.0327347;-1.58387,-0.0282864,-1.51535
0.00329758,0.00832537,0.0285796;-1.57079,-0.0306568,-1.5708
0.00295019,0.00804216,0.0287539;-1.56241,-0.0525991,-1.57021
0.00269648,0.00823037,0.0285804;-1.57068,-0.0630298,-1.57082
0.0014576,0.00561141,0.0288037;-1.56889,-0.153964,-1.5613
-4.51994e-05,0.00266481,0.0294566;-1.56177,-0.20028,-1.54916
-0.00187429,0.00128997,0.0324402;-1.55484,-0.215425,-1.51405
-0.00377807,-0.00547356,0.0294005;-1.57779,-0.31932,-1.55949
-0.00357746,-0.00645298,0.0289287;-1.58094,-0.344697,-1.56704
-0.00337659,-0.00700845,0.0286645;-1.57089,-0.357903,-1.56677
-0.00308578,-0.00675247,0.0288669;-1.55648,-0.330665,-1.56511
-0.00330201,-0.00646066,0.0291673;-1.55181,-0.337069,-1.5541
-0.00412097,-0.00691754,0.0298012;-1.53828,-0.352998,-1.54748
-0.00438895,-0.00913661,0.0290555;-1.55195,-0.388971,-1.55796
-0.00482747,-0.00937747,0.028582;-1.57096,-0.408648,-1.57093
-0.00488732,-0.00947101,0.0285811;-1.57084,-0.403559,-1.57067
-0.00493933,-0.0108393,0.0292064;-1.5831,-0.399909,-1.56256
-0.00458402,-0.00943741,0.0318442;-1.55987,-0.361694,-1.51907
-0.00369855,-0.00876673,0.0349483;-1.5519,-0.342417,-1.48464
0.000864826,-0.00805771,0.0293214;-1.55977,-0.307125,-1.55202
0.000774654,-0.00755459,0.0286319;-1.57096,-0.303122,-1.56823
0.00049311,-0.00730057,0.0285875;-1.57125,-0.288243,-1.57054
0.000562851,-0.00729788,0.0285815;-1.57091,-0.267115,-1.57086
0.000533425,-0.00730418,0.0287349;-1.57639,-0.267139,-1.57009
0.000318645,-0.00733119,0.0294012;-1.57703,-0.266119,-1.55754
0.000833073,-0.00297144,0.0327086;-1.55024,-0.23506,-1.50904
0.000671665,-0.00308781,0.0317205;-1.56534,-0.269855,-1.52335
-0.000198171,-0.000233092,0.0294777;-1.57225,-0.24434,-1.55275
-5.39389e-06,0.00017467,0.0287129;-1.57084,-0.248077,-1.56446
-0.000487806,-0.00101988,0.0288035;-1.55937,-0.257672,-1.56715
-0.000596902,-0.000959022,0.0289804;-1.55994,-0.256587,-1.55926
-0.00181573,-0.00226838,0.0296494;-1.56493,-0.237449,-1.55933
-0.00327031,-0.00557829,0.0286761;-1.57083,-0.294113,-1.56617
-0.00313475,-0.00595798,0.0286911;-1.57177,-0.302586,-1.56646
-0.0033181,-0.00607455,0.0286602;-1.57079,-0.287405,-1.56698
-0.00263244,-0.00533599,0.0288081;-1.56769,-0.235664,-1.56187
-0.0022797,-0.00407514,0.0297234;-1.55712,-0.207609,-1.54868
0.00277587,0.00542035,0.0329074;-1.54122,-0.101054,-1.51227
0.00466253,0.00724143,0.0293983;-1.56191,-0.135998,-1.55688
0.00524045,0.00805517,0.0288922;-1.57749,-0.127731,-1.57986
0.0055711,0.0116727,0.028705;-1.57089,-0.240247,-1.57678
0.0052912,0.0124775,0.0286634;-1.57074,-0.266299,-1.5747
0.00516346,0.0133508,0.0286348;-1.56871,-0.285094,-1.5687
0.00622891,0.0173884,0.0313752;-1.56471,-0.246596,-1.5271
0.00848799,0.0168397,0.0311388;-1.57345,-0.263919,-1.532
0.00850017,0.0158508,0.0303741;-1.57188,-0.268877,-1.53951
0.00906398,0.0124886,0.0302366;-1.61718,-0.274497,-1.5847
0.00832806,0.00967863,0.0290002;-1.58762,-0.25329,-1.57907
0.00765015,0.00759284,0.0287279;-1.57089,-0.22133,-1.57782
0.00430349,-0.000235448,0.0297902;-1.54284,-0.20661,-1.55419
0.00402204,-0.00568954,0.0294986;-1.54457,-0.231963,-1.55977
0.00406726,-0.00923901,0.0290846;-1.55144,-0.232527,-1.56562
0.00404524,-0.0114999,0.0287733;-1.57057,-0.183451,-1.58004
0.00398026,-0.0110173,0.0288684;-1.57459,-0.18022,-1.58136
0.00384273,-0.00887874,0.029121;-1.58968,-0.185673,-1.57987
0.00328059,0.00255034,0.0322122;-1.56641,-0.167196,-1.52933
0.00724201,0.00926081,0.0307938;-1.55142,-0.245841,-1.53945
0.00934246,0.0112715,0.0298052;-1.53737,-0.296142,-1.55658
0.0129439,0.014176,0.028944;-1.58544,-0.416338,-1.5808
0.0137286,0.0146749,0.0289116;-1.58319,-0.415687,-1.58043
0.0133897,0.0134184,0.0288599;-1.57329,-0.376447,-1.58256
0.0131893,0.0134201,0.0288993;-1.5823,-0.346765,-1.57921
0.0107971,0.0203547,0.038626;-1.63595,-0.183938,-1.51117
0.0127206,0.0251748,0.0336873;-1.62162,-0.0894095,-1.54557
0.0130144,0.0251652,0.0304468;-1.57298,-0.0222587,-1.55856
0.0172578,0.0148937,0.0295978;-1.56637,0.173025,-1.57682
0.017274,0.015701,0.028918;-1.57942,0.172249,-1.57878
0.0164997,0.0151499,0.0304874;-1.57034,0.155655,-1.55499
0.0122591,0.00795754,0.0309397;-1.52272,0.0927019,-1.56196
0.0140165,0.00540631,0.0301704;-1.55676,0.0470728,-1.57741
0.0164661,0.00596748,0.029921;-1.58455,-0.0172816,-1.59053
0.0215265,0.0152293,0.0293643;-1.59025,-0.145277,-1.58096
0.024009,0.0159635,0.0289665;-1.58084,-0.230805,-1.57545
0.0245361,0.0141536,0.0298509;-1.57294,-0.301124,-1.56095
0.0188331,0.00747615,0.033336;-1.5538,-0.388856,-1.50745
0.0176031,0.00365931,0.0320074;-1.5522,-0.407784,-1.52696
0.0179649,0.000159294,0.0287939;-1.56772,-0.429095,-1.57691
0.0156868,-0.00453682,0.0320931;-1.6486,-0.368075,-1.61142
0.0137899,-0.00895871,0.0304956;-1.60719,-0.327241,-1.59775
0.0118901,-0.0149828,0.0290123;-1.57796,-0.268058,-1.58768
0.0165973,-0.025757,0.0314027;-1.50614,-0.0530502,-1.56873
0.0183397,-0.0247587,0.0335182;-1.47341,0.0241634,-1.56606
0.0198232,-0.0198375,0.0327189;-1.48367,0.0603439,-1.56781
0.0219465,-0.0177572,0.0289306;-1.57137,0.0686613,-1.5785
0.0225311,-0.0191455,0.0291646;-1.58026,0.0436146,-1.57416
0.0227164,-0.0229865,0.0293662;-1.5849,-0.00937675,-1.57071
0.0241788,-0.0272642,0.0316338;-1.54606,-0.00587327,-1.53843
0.0214153,-0.0283209,0.0340598;-1.52911,-0.033407,-1.51607
0.0191726,-0.0312789,0.033891;-1.51054,-0.0852707,-1.52633
0.0194468,-0.0278223,0.0288197;-1.56779,-0.164447,-1.57967
0.0194389,-0.0266656,0.0288089;-1.57006,-0.174137,-1.5818
0.0195037,-0.0262419,0.0288382;-1.5667,-0.177017,-1.57902
0.0195105,-0.0245971,0.0300986;-1.5821,-0.0964791,-1.56078
0.0190197,-0.0220622,0.0309783;-1.55253,-0.0809213,-1.54112
0.0188278,-0.0236416,0.0312943;-1.54596,-0.10287,-1.53392
0.0201892,-0.0246043,0.0287766;-1.56191,-0.0653396,-1.56958
0.0206089,-0.0252209,0.0286785;-1.57108,-0.0430376,-1.57686
0.0207538,-0.0258012,0.0287059;-1.5702,-0.0234426,-1.57747
0.0203894,-0.0268243,0.0297565;-1.58298,-0.0582299,-1.56019
0.0175588,-0.0305925,0.0330607;-1.59767,-0.0767804,-1.53109
0.0136576,-0.0324019,0.0395233;-1.63847,-0.103417,-1.50658
0.010705,-0.0270596,0.0413614;-1.68391,-0.257526,-1.52554
0.00606386,-0.027025,0.0416096;-1.68825,-0.346029,-1.52903
0.00476779,-0.0279505,0.0398435;-1.67312,-0.403997,-1.52466
0.00982815,-0.0251782,0.0293425;-1.56808,-0.480235,-1.55213
0.00872832,-0.0220682,0.0329981;-1.57049,-0.427374,-1.50478
0.00780554,-0.02029,0.0378025;-1.6054,-0.391435,-1.48141
0.0114424,-0.0131152,0.0300137;-1.59172,-0.254091,-1.56469
0.0104412,-0.0145023,0.0314736;-1.63318,-0.205832,-1.58828
0.00941594,-0.0174629,0.0332563;-1.66903,-0.15851,-1.59197
0.00699929,-0.0186954,0.0340319;-1.68669,-0.142437,-1.58356
0.0088655,-0.0241806,0.0370329;-1.66644,-0.171143,-1.53209
0.0152075,-0.0346642,0.0382069;-1.60592,-0.197244,-1.47048
0.026837,-0.0523631,0.0345647;-1.55592,-0.284511,-1.48547
0.0257955,-0.0612906,0.0295895;-1.56641,-0.388997,-1.54647
0.0261728,-0.063377,0.0290183;-1.59255,-0.443544,-1.5826
0.0265963,-0.0644899,0.0314749;-1.64453,-0.444065,-1.60599
0.0246016,-0.0656551,0.0298476;-1.60038,-0.430163,-1.57756
0.0222355,-0.0649149,0.0324365;-1.5734,-0.402749,-1.51912
0.0183152,-0.052786,0.0370601;-1.55386,-0.293181,-1.45419
0.0180313,-0.0435936,0.0371758;-1.58782,-0.21164,-1.46718
0.0149342,-0.0386451,0.0366416;-1.61312,-0.179922,-1.48849
0.0103665,-0.0266016,0.0322531;-1.64815,-0.0880426,-1.57247
0.0109264,-0.0248699,0.0315055;-1.63563,-0.0722161,-1.57254
0.0115187,-0.0242067,0.0318883;-1.62586,-0.062018,-1.56005
0.00819831,-0.0177042,0.0320639;-1.57967,0.0366921,-1.52737
0.00913733,-0.0142021,0.0319977;-1.58457,0.0892585,-1.52501
0.00939059,-0.0166161,0.0301445;-1.56866,0.0701617,-1.54098
0.00774624,-0.0173399,0.0291815;-1.57939,0.0525318,-1.55816
0.00662533,-0.0162306,0.0319299;-1.59274,0.0576057,-1.52819
0.00520185,-0.015353,0.03612;-1.62701,0.0507468,-1.49648
0.0102236,-0.0177714,0.0421916;-1.69982,0.0802007,-1.47121
0.0157189,-0.0143535,0.0394496;-1.67457,0.133484,-1.48909
0.0231416,-0.0084292,0.0332842;-1.63341,0.188467,-1.52953
0.0246868,-0.00701011,0.028582;-1.57112,0.200565,-1.57102
0.024768,-0.00661122,0.0286247;-1.57089,0.202563,-1.56851
0.024559,-0.00679524,0.0290824;-1.57121,0.200194,-1.55535
0.0181236,-0.0163346,0.0354985;-1.59665,0.152359,-1.48111
0.0137248,-0.0277864,0.0387549;-1.63954,0.104322,-1.47049
0.0106494,-0.0399654,0.039276;-1.66676,0.0778401,-1.4824
0.0105388,-0.0462932,0.0416684;-1.75463,-0.083233,-1.53115
0.0114377,-0.0490298,0.0401951;-1.74486,-0.138679,-1.54962
0.0145176,-0.0563594,0.0329898;-1.61399,-0.183598,-1.54134
0.0145176,-0.0563594,0.0329898;-1.61399,-0.183598,-1.54134
0.014647,-0.0593629,0.0300558;-1.56113,-0.181825,-1.54175
0.014647,-0.0593629,0.0300558;-1.56113,-0.181825,-1.54175
