0,0,0.11;-1.57,-2.98023e-08,-1.57
0,0,0.11;-1.57,-2.98023e-08,-1.57
0,0,0.11;-1.57,-2.98023e-08,-1.57
-0.000486452,-0.000235287,0.0285807;-1.57086,-0.230914,-1.57077
-0.00020272,-0.00143632,0.0285798;-1.57095,-0.0772897,-1.57074
0.000155328,0.000956206,0.0289535;-1.57441,0.062968,-1.56977
0.000205846,0.00215486,0.0308129;-1.61874,0.135032,-1.57077
-0.000712721,-0.00141358,0.0287948;-1.57065,-0.0846621,-1.58106
0.000793579,0.00126238,0.0286744;-1.57549,-0.208412,-1.57215
0.00108783,0.00117023,0.0285802;-1.57075,-0.276541,-1.57074
0.000744249,-0.0014785,0.0289358;-1.57047,-0.0739869,-1.58776
0.00563728,-0.00790486,0.0293281;-1.56326,0.137018,-1.57583
0.0102122,-0.00298297,0.0322216;-1.51752,0.30848,-1.58044
0.0105892,-0.00189395,0.0296952;-1.56622,0.201381,-1.58488
0.00816815,-0.00074463,0.0288559;-1.57058,0.0686722,-1.58395
0.00820136,0.00292,0.0287929;-1.5743,-0.107151,-1.57832
0.00841792,0.00227575,0.0285846;-1.57065,-0.049674,-1.57052
0.0102169,0.00623415,0.0286781;-1.57075,0.117479,-1.56686
0.0112422,0.01392,0.0302433;-1.59654,0.299692,-1.55535
0.0137847,0.00995245,0.031633;-1.52444,0.325708,-1.58825
0.0111058,0.00764347,0.0292778;-1.56842,0.191917,-1.58177
0.00916161,0.0101325,0.028729;-1.57072,0.0202348,-1.57805
0.00852248,0.0137842,0.0285808;-1.57085,-0.174891,-1.57083
0.00961277,0.0136624,0.0285841;-1.57034,-0.0357421,-1.57078
0.0116585,0.0185161,0.0289509;-1.57446,0.150852,-1.56917
0.0132701,0.0225699,0.0298887;-1.58073,0.265916,-1.57146
0.0161179,0.0190384,0.0295628;-1.56664,0.15147,-1.58938
0.0119975,0.0232966,0.0288073;-1.5763,-0.0966865,-1.57668
0.0131326,0.0250152,0.0286795;-1.57571,-0.168368,-1.57168
0.0134194,0.025169,0.0285846;-1.57038,-0.125867,-1.5709
0.0159329,0.0347111,0.0298188;-1.57016,0.178553,-1.56845
0.0167352,0.0346962,0.0311417;-1.58061,0.347575,-1.57376
0.0205711,0.0254547,0.0324769;-1.51946,0.258621,-1.60367
0.0119403,0.0324666,0.0288351;-1.57005,-0.0832255,-1.58121
0.0121261,0.0333754,0.0286347;-1.5703,-0.15174,-1.57383
0.0119789,0.0337316,0.0286296;-1.5718,-0.123509,-1.56931
0.0161202,0.0393045,0.0293118;-1.56536,0.151774,-1.5713
0.0167019,0.0442911,0.0310406;-1.6062,0.335801,-1.5572
0.0200422,0.0402069,0.0339995;-1.60947,0.382463,-1.58399
0.0150826,0.024836,0.0296069;-1.5634,0.144086,-1.59377
0.0113222,0.0282386,0.0289254;-1.57871,0.0273759,-1.5791
0.0124196,0.0303064,0.0287352;-1.57735,-0.0619707,-1.57216
0.0152888,0.0309807,0.0287126;-1.56784,0.179737,-1.56778
0.0185122,0.0350904,0.0297855;-1.56362,0.359927,-1.57226
0.0212232,0.0368841,0.030686;-1.56743,0.519106,-1.5704
0.0242744,0.033536,0.0303359;-1.55542,0.239567,-1.60135
0.0192237,0.040726,0.0291143;-1.57283,0.101461,-1.58527
0.0170125,0.0442186,0.0289255;-1.57904,0.00416679,-1.57956
0.0185686,0.0426272,0.0286727;-1.57151,0.208859,-1.56543
0.0222859,0.0458335,0.0293356;-1.5635,0.371072,-1.57262
0.0248165,0.0508205,0.0302841;-1.56097,0.531014,-1.57469
0.0312201,0.0504078,0.0308202;-1.55925,0.278668,-1.61044
0.026921,0.0538016,0.0303465;-1.57233,0.127284,-1.60133
0.0248742,0.0566555,0.0290707;-1.58319,0.0543031,-1.5811
0.0241675,0.0561082,0.0285797;-1.57032,0.123091,-1.57018
0.0270041,0.0609215,0.0293098;-1.57521,0.256726,-1.57131
0.0285465,0.0679114,0.0340802;-1.66173,0.449918,-1.54341
0.0312221,0.0536924,0.0327465;-1.54148,0.34487,-1.63544
0.0252938,0.0472243,0.0324901;-1.56112,0.242135,-1.62926
0.0224295,0.0482941,0.0327687;-1.58825,0.138728,-1.61892
0.0228828,0.0527567,0.0289171;-1.57075,0.148112,-1.58663
0.0236019,0.0512922,0.029108;-1.57475,0.299795,-1.57787
0.0275791,0.0582167,0.031536;-1.61664,0.458707,-1.55239
0.0298835,0.0481889,0.0355504;-1.58882,0.557158,-1.61325
0.0280478,0.0371474,0.0339355;-1.53531,0.456504,-1.65153
0.0253475,0.0369704,0.0356029;-1.55,0.353547,-1.66703
0.0195135,0.0512821,0.0338614;-1.57598,0.144397,-1.64093
0.020659,0.0512364,0.0307461;-1.56822,0.251485,-1.60823
0.0226237,0.049234,0.0294683;-1.56859,0.42975,-1.57841
0.0333185,0.0543306,0.0388946;-1.68202,0.71102,-1.55829
0.0345539,0.0487591,0.0404821;-1.67478,0.596669,-1.58446
0.030388,0.0405194,0.0378196;-1.58873,0.466073,-1.65767
0.01862,0.0415133,0.0382439;-1.60314,0.208458,-1.67163
0.0220012,0.0421564,0.0336844;-1.56496,0.288828,-1.64547
0.0253384,0.0379411,0.029584;-1.56813,0.431987,-1.59177
0.0434217,0.0580307,0.0388171;-1.6929,0.720861,-1.54373
0.0527811,0.0692639,0.0445688;-1.8372,0.592731,-1.49058
0.0594501,0.0688141,0.0422016;-1.79192,0.447773,-1.52803
0.0450259,0.0583616,0.0369722;-1.59171,0.240265,-1.66473
0.0461665,0.0590946,0.035845;-1.56084,0.312397,-1.67016
0.05047,0.0633065,0.0316158;-1.57037,0.408373,-1.6156
0.063787,0.0853159,0.0415253;-1.83628,0.720477,-1.43855
0.0666639,0.084258,0.0403677;-1.79464,0.65375,-1.4757
0.0722654,0.0836594,0.0382257;-1.74522,0.562487,-1.51448
0.0674472,0.0725687,0.0387516;-1.60456,0.44802,-1.66975
0.0615902,0.0670841,0.0382314;-1.55015,0.550686,-1.70598
0.0658582,0.0693358,0.0353536;-1.53849,0.626781,-1.67203
0.0876892,0.0902165,0.0405307;-1.94112,0.944591,-1.2905
0.0890233,0.088315,0.0429467;-1.96193,0.923354,-1.29991
0.0840268,0.079302,0.0407489;-1.80186,0.907037,-1.45734
0.0657184,0.0641401,0.0382807;-1.57928,0.672188,-1.67842
0.0678358,0.0688255,0.0387701;-1.54273,0.64015,-1.71592
0.0696811,0.0736872,0.0371602;-1.54181,0.63763,-1.69389
0.0871028,0.0864011,0.0398073;-1.82565,0.952116,-1.39537
0.0911585,0.0867082,0.042167;-1.93281,0.978432,-1.32028
0.0819596,0.0743149,0.0400938;-1.75161,1.03304,-1.48931
0.0602289,0.0582187,0.0362653;-1.56207,0.85261,-1.67379
0.0541797,0.0562971,0.0367143;-1.60315,0.822778,-1.64175
0.0580035,0.0572206,0.0359206;-1.5404,0.85778,-1.68671
0.0667336,0.056665,0.0340665;-1.50792,0.96292,-1.68484
0.0919106,0.06716,0.0332597;-1.42825,1.22365,-1.70476
0.0983489,0.0700575,0.0353275;-1.63395,1.10469,-1.5589
0.09798,0.0695142,0.0323207;-1.53896,0.955402,-1.65398
0.0928124,0.0648576,0.0361568;-1.59437,0.776288,-1.64511
0.0939522,0.0663873,0.0364704;-1.54143,0.817903,-1.69334
0.0968416,0.0678338,0.0326901;-1.54368,0.911467,-1.64661
0.117234,0.0821713,0.0343654;-1.84802,1.24002,-1.32219
0.1196,0.0804383,0.0354212;-1.8321,1.20065,-1.35867
0.110984,0.0724117,0.0307739;-1.53541,1.08277,-1.63891
0.106332,0.0670751,0.034156;-1.60685,0.933943,-1.60757
0.108226,0.0686772,0.0343536;-1.55304,0.955529,-1.66259
0.108688,0.0685475,0.030773;-1.54359,1.06058,-1.62937
0.117713,0.0718703,0.0302328;-1.66541,1.42036,-1.46901
0.113442,0.065559,0.0331247;-1.90051,1.45536,-1.26616
0.104348,0.0620853,0.0303716;-1.44906,1.3609,-1.71164
0.112581,0.0696227,0.0314301;-1.5922,1.13215,-1.59176
0.116367,0.0694072,0.0321977;-1.57882,1.08766,-1.6152
0.117963,0.070094,0.0317912;-1.54391,1.10794,-1.63997
0.125442,0.0744502,0.0301593;-1.56763,1.43508,-1.56554
0.127766,0.0752874,0.0299299;-2.08714,1.55746,-1.05102
0.120306,0.0708304,0.0294681;-1.25657,1.51712,-1.88723
0.125071,0.0761392,0.0295583;-1.58551,1.29322,-1.57586
0.128416,0.0757037,0.0294761;-1.58488,1.23868,-1.57633
0.134395,0.0741201,0.0303643;-1.56726,1.20194,-1.60813
0.137356,0.0750332,0.0301049;-1.44305,1.4687,-1.70194
0.148422,0.0800029,0.0310635;1.96059,1.50809,1.19686
0.145472,0.0779496,0.0294596;1.55504,1.44268,1.5884
0.143363,0.0805627,0.0291926;-1.48252,1.4443,-1.67706
0.151027,0.0797702,0.029481;-1.61275,1.31542,-1.54629
0.154776,0.0773027,0.0299792;-1.63094,1.27843,-1.53289
0.156925,0.0768868,0.029641;-1.48086,1.47484,-1.66832
0.161846,0.0791245,0.0299352;1.54324,1.4648,1.6058
0.162607,0.0797922,0.0300748;1.55499,1.30976,1.59799
0.159041,0.0808517,0.0291163;0.546431,1.55669,2.58143
0.162628,0.0820146,0.0294046;-1.65656,1.43092,-1.49989
0.163411,0.0804051,0.0294998;-1.62218,1.40214,-1.53827
0.155179,0.0787406,0.0311051;0.81691,1.54613,2.28995
0.156031,0.0781351,0.0315226;1.44152,1.36262,1.6816
0.162405,0.0800073,0.0317764;1.55841,1.18727,1.59913
0.154356,0.0817181,0.0289329;1.51218,1.34636,1.62422
0.158521,0.0844138,0.0288461;1.57979,1.52325,1.54994
0.158856,0.083444,0.0292962;-2.25049,1.5578,-0.905799
0.157507,0.0771096,0.0299686;1.4242,1.51258,1.69151
0.158399,0.076128,0.0319849;1.46541,1.32579,1.64742
0.165569,0.0793149,0.031537;1.6123,1.14408,1.5388
0.149725,0.0820305,0.0289411;1.5412,1.18882,1.59219
0.153149,0.0837202,0.0289631;1.55358,1.32458,1.57312
0.155759,0.0826069,0.0289466;1.60744,1.42798,1.52233
0.158092,0.0779364,0.0295552;1.54351,1.4433,1.57484
0.161444,0.0750794,0.0301957;1.53023,1.29273,1.59898
0.17321,0.0759112,0.0310676;1.66107,1.13154,1.49739
0.161818,0.0809468,0.0287902;1.55014,1.04314,1.58384
0.162588,0.0829454,0.0291942;1.52816,1.16133,1.59753
0.166693,0.0826934,0.0289041;1.58448,1.29493,1.54549
0.169857,0.0761398,0.0295095;1.57575,1.39997,1.54379
0.167236,0.0733351,0.0310239;1.52588,1.28115,1.58091
0.174557,0.0701419,0.0314498;1.55947,1.10138,1.56652
0.172382,0.0734139,0.0321174;1.58311,0.862349,1.53953
0.167339,0.0782943,0.0291476;1.5338,0.966917,1.59517
0.172187,0.078832,0.0289317;1.56521,1.11758,1.56115
0.174044,0.0748594,0.0293366;1.60653,1.24221,1.52195
0.166101,0.0745041,0.0309511;1.5492,1.14761,1.55046
0.160108,0.0686557,0.0329124;1.51318,0.989014,1.57477
0.161022,0.0651255,0.0342007;1.46508,0.694093,1.64777
0.15866,0.0686263,0.0299773;1.55381,0.7734,1.56728
0.163518,0.0710803,0.0291258;1.55659,0.898677,1.56454
0.172349,0.0672117,0.0310353;1.58206,1.08317,1.52284
0.174396,0.0621161,0.0328516;1.56006,1.07686,1.51489
0.16909,0.0555489,0.0343269;1.51907,0.933532,1.54337
0.184596,0.0445249,0.0421792;1.72851,0.574467,1.4205
0.183535,0.0457518,0.0437192;1.77753,0.598642,1.38121
0.169988,0.0608919,0.0298568;1.54601,0.759138,1.56567
0.178343,0.0593256,0.0318302;1.59269,0.956858,1.5092
0.181384,0.0540374,0.0332493;1.56661,0.987893,1.50575
0.180404,0.0470724,0.0347897;1.5356,0.91193,1.5195
0.207659,0.0209621,0.0434303;1.8216,0.600691,1.37718
0.20537,0.0255385,0.0432368;1.76795,0.530684,1.39716
0.18879,0.0461076,0.0345259;1.61982,0.630609,1.48748
0.190836,0.0436691,0.0312444;1.62566,0.867937,1.5028
0.192266,0.0370156,0.0319624;1.63134,0.920304,1.487
0.190986,0.0347647,0.0340845;1.59787,0.847589,1.48528
0.190986,0.0347647,0.0340845;1.59787,0.847589,1.48528
0.190942,0.0211726,0.0380961;1.68497,0.663179,1.45625
0.190942,0.0211726,0.0380961;1.68497,0.663179,1.45625
