0,0,0.11;-1.57,-2.98023e-08,-1.57
0,0,0.11;-1.57,-2.98023e-08,-1.57
0,0,0.11;-1.57,-2.98023e-08,-1.57
-0.000613934,-0.000418015,0.0285884;-1.5709,-0.253207,-1.57017
-0.000695207,-0.000841667,0.0285887;-1.57088,-0.219962,-1.57113
-0.00129191,-0.00179287,0.0295616;-1.58925,-0.16115,-1.58516
0.000850627,0.00898682,0.0401245;-1.66265,0.0570275,-1.59218
0.00193156,0.0150437,0.0321857;-1.62196,0.00865786,-1.58822
0.0013883,0.0194591,0.0291332;-1.58329,-0.0921884,-1.56907
-0.000503773,0.0193483,0.0289782;-1.57442,-0.158905,-1.56161
0.000966774,0.020885,0.0292507;-1.55932,-0.109497,-1.5498
0.00357691,0.0236352,0.0303364;-1.5892,-0.0847261,-1.55783
0.00414496,0.0261597,0.0359808;-1.70365,-0.0360227,-1.56912
0.00283474,0.0164888,0.0361299;-1.70365,-0.037273,-1.59271
-0.000269113,0.00490816,0.0340553;-1.62819,-0.0899651,-1.61631
0.000177902,0.00266471,0.0310379;-1.59521,-0.12103,-1.60353
-0.00344807,0.000542574,0.0294716;-1.56857,-0.0485357,-1.59275
-0.00203618,0.00141183,0.0319432;-1.51688,0.0499374,-1.58449
0.00117151,0.00368913,0.0398256;-1.36025,0.166631,-1.59633
0.00317849,0.00688336,0.0448915;-1.29387,0.244163,-1.59805
0.00253802,0.0037905,0.043179;-1.28823,0.180986,-1.61154
0.00128861,0.00645399,0.0384937;-1.39095,0.115835,-1.60211
0.00218354,0.00784215,0.0295086;-1.57748,0.0558125,-1.58601
0.00189688,0.00541274,0.0303233;-1.56708,0.0824593,-1.60372
0.00355171,0.00301064,0.0318795;-1.53996,0.133582,-1.60919
0.00521945,0.00669387,0.0341354;-1.48101,0.13598,-1.59921
0.00374044,0.0226057,0.0287091;-1.56425,0.084705,-1.57095
2.1096e-06,0.0242133,0.0286953;-1.56514,-0.123919,-1.57007
-0.000981683,0.0243823,0.0287751;-1.56623,-0.169351,-1.5759
1.17241e-05,0.0229632,0.0296057;-1.5637,-0.140489,-1.58795
-6.00716e-05,-0.00761886,0.0395634;-1.36914,-0.0299209,-1.55672
0.00292239,-0.0130359,0.0421945;-1.32235,0.0478,-1.56695
0.000871714,-0.00326271,0.0393909;-1.38702,0.051689,-1.55811
-0.00424013,0.00241505,0.0285799;-1.57085,-0.172421,-1.57072
-0.00412236,0.00383555,0.0287024;-1.57085,-0.255602,-1.57662
-0.0033921,0.0055019,0.0291439;-1.58728,-0.28964,-1.58678
-0.00184251,0.00966642,0.0360205;-1.71715,-0.176896,-1.60471
-0.00369173,0.0155594,0.040729;-1.81077,-0.0408291,-1.59183
-0.00893824,0.0164341,0.0419686;-1.81784,0.0495614,-1.58007
-0.017239,0.00891929,0.0287136;-1.56687,-0.00419812,-1.5736
-0.0197822,0.00411081,0.0293093;-1.5461,-0.158906,-1.55372
-0.0225031,-0.00258333,0.0294413;-1.53917,-0.24577,-1.55061
-0.0225719,-0.0108271,0.0303562;-1.55073,-0.241899,-1.58024
-0.0201936,-0.0159199,0.0369332;-1.49605,-0.164748,-1.62448
-0.0169725,-0.0153604,0.0439545;-1.52016,-0.0765055,-1.63721
-0.0152402,0.00360114,0.0343691;-1.64587,-0.00951045,-1.60318
-0.0161093,-0.00124588,0.0289471;-1.57545,0.00150111,-1.58349
-0.0155285,-0.000191448,0.0286582;-1.57149,-0.0479587,-1.57489
-0.0157869,2.17203e-05,0.029024;-1.55016,-0.11017,-1.56894
-0.0156636,0.000998213,0.0331973;-1.48442,-0.115319,-1.56418
-0.0131158,-0.00456264,0.0401068;-1.36632,-0.0773571,-1.56089
-0.0169478,0.0028566,0.0377625;-1.419,-0.152464,-1.57045
-0.0224865,0.00535656,0.0322703;-1.508,-0.211961,-1.56891
-0.0272015,0.00614072,0.029467;-1.55676,-0.295019,-1.56389
-0.023448,0.00259327,0.0301916;-1.52419,-0.229864,-1.55961
-0.0189489,0.00395339,0.0326162;-1.48753,-0.164462,-1.55749
-0.0162575,0.00793839,0.0351701;-1.44155,-0.109497,-1.55394
-0.0206878,0.0195009,0.0322005;-1.49906,-0.156596,-1.56949
-0.0241387,0.0282447,0.0287893;-1.57218,-0.221457,-1.58239
-0.0243253,0.0306847,0.0286528;-1.57112,-0.302771,-1.5742
-0.0239398,0.02981,0.0290961;-1.54612,-0.312399,-1.56071
-0.0236703,0.0244889,0.0308805;-1.5214,-0.344826,-1.54849
-0.0225805,0.0175268,0.0372535;-1.3958,-0.347868,-1.50913
-0.0212008,0.0197963,0.0338796;-1.46536,-0.316801,-1.53289
-0.0247217,0.0247344,0.029163;-1.54763,-0.346587,-1.56406
-0.025741,0.0269757,0.0285759;-1.57054,-0.392047,-1.57033
-0.0263995,0.0265812,0.0285817;-1.57072,-0.451631,-1.57071
-0.0264012,0.0264459,0.0285835;-1.57086,-0.450086,-1.5709
-0.0260674,0.0260139,0.0291066;-1.5705,-0.459426,-1.57199
-0.0192507,-0.00331366,0.0317959;-1.50751,-0.47037,-1.54925
-0.0198767,-0.00936601,0.0334264;-1.46605,-0.526096,-1.51951
-0.0220529,-0.00781824,0.028868;-1.56693,-0.558374,-1.5583
-0.0220921,-0.0109598,0.0290938;-1.55489,-0.625383,-1.54961
-0.0216017,-0.00872435,0.0290331;-1.55117,-0.559015,-1.55514
-0.0205479,-0.00680903,0.0295251;-1.54584,-0.490686,-1.56009
-0.0154454,-0.0115386,0.0345904;-1.48162,-0.309713,-1.55115
-0.0164498,-0.00927759,0.0364246;-1.41944,-0.344866,-1.51562
-0.0204403,-5.72205e-05,0.0286547;-1.56724,-0.357671,-1.56979
-0.0202297,-0.000228275,0.0285812;-1.57064,-0.315355,-1.57074
-0.0201382,-0.000873092,0.028697;-1.57066,-0.280217,-1.57633
-0.0186677,-0.00340203,0.0292535;-1.56765,-0.226669,-1.58771
-0.0184602,-0.0180457,0.0401656;-1.38773,-0.307695,-1.55548
-0.0183416,-0.02368,0.0415336;-1.34774,-0.344759,-1.53296
-0.0194998,-0.0183709,0.0357336;-1.46501,-0.363951,-1.56823
-0.0236889,-0.010312,0.0288224;-1.5826,-0.448879,-1.57825
-0.021998,-0.012138,0.029329;-1.57666,-0.496413,-1.58698
-0.0160134,-0.0200139,0.0351785;-1.56196,-0.458361,-1.59577
0.00129381,-0.0396616,0.0410919;-1.3658,-0.39086,-1.53281
0.00250385,-0.0439946,0.0407768;-1.39044,-0.457785,-1.54767
0.00482622,-0.0405576,0.0382109;-1.49074,-0.461344,-1.59487
-0.00987945,-0.0398849,0.0306146;-1.59526,-0.54414,-1.60285
-0.00869911,-0.0348883,0.0317468;-1.60365,-0.608969,-1.62817
-0.00748943,-0.0341725,0.0357922;-1.64861,-0.598406,-1.67268
0.00215213,-0.0402018,0.0416272;-1.3853,-0.399923,-1.55729
0.00861959,-0.0384218,0.040438;-1.47604,-0.377724,-1.61235
0.0099441,-0.0321996,0.0416125;-1.52663,-0.355069,-1.63439
0.00295101,-0.0125239,0.0385306;-1.64901,-0.357226,-1.68665
0.0023088,-0.000332782,0.0347759;-1.62007,-0.508947,-1.65733
0.00237516,-0.00295529,0.0315642;-1.60284,-0.511979,-1.61775
0.00247786,-0.0136745,0.0307974;-1.56105,-0.526883,-1.59928
0.00533782,-0.0334651,0.0350175;-1.4419,-0.583152,-1.51348
0.00414461,-0.0359378,0.0339973;-1.44533,-0.606356,-1.50767
0.00244858,-0.0331524,0.0296448;-1.53469,-0.617137,-1.55363
0.00230258,-0.030873,0.028879;-1.56097,-0.588123,-1.55919
0.00248698,-0.0303513,0.0290878;-1.54895,-0.564654,-1.55293
0.00283246,-0.0302907,0.0298827;-1.52694,-0.566917,-1.54035
0.00158495,-0.0319974,0.0349071;-1.42865,-0.610399,-1.48535
4.85843e-06,-0.0338775,0.0346555;-1.41709,-0.636174,-1.47952
3.59758e-05,-0.0309804,0.0288203;-1.55963,-0.592389,-1.56659
0.000538704,-0.0312126,0.0286115;-1.57086,-0.497711,-1.57236
0.000648936,-0.0321224,0.0287129;-1.57071,-0.451064,-1.577
0.00159225,-0.0335792,0.0291339;-1.56607,-0.378683,-1.58666
-0.00201431,-0.0353244,0.0348546;-1.47022,-0.385525,-1.51784
-0.00180282,-0.0419329,0.0358539;-1.44521,-0.408392,-1.49036
-0.00376512,-0.0439644,0.0308656;-1.51898,-0.451248,-1.52937
-0.00478547,-0.0463333,0.028808;-1.56749,-0.632387,-1.56031
-0.0025727,-0.0484593,0.0288579;-1.58288,-0.677436,-1.58261
0.000843262,-0.0526067,0.0300607;-1.57266,-0.608839,-1.59908
0.0171066,-0.0646865,0.0404512;-1.61294,-0.584439,-1.68394
0.0269991,-0.0707665,0.0434177;-1.64099,-0.63691,-1.71098
0.0352355,-0.0782767,0.0434476;-1.67922,-0.702211,-1.75062
0.0328224,-0.0848163,0.0355056;-1.60731,-0.787363,-1.67913
0.028551,-0.0851555,0.0323755;-1.58722,-0.775482,-1.63072
0.0260068,-0.0853748,0.0301369;-1.56538,-0.757479,-1.59595
0.0290831,-0.0759027,0.0416244;-1.50795,-0.584693,-1.58418
0.0374195,-0.0723457,0.0519838;-1.50974,-0.523799,-1.57901
0.0477864,-0.0675714,0.0516684;-1.49884,-0.563795,-1.59645
0.0561593,-0.0613039,0.0445511;-1.62651,-0.760504,-1.73037
0.0535099,-0.0632511,0.0332776;-1.63261,-0.774655,-1.65907
0.0516428,-0.0692382,0.0315297;-1.60041,-0.747161,-1.62769
0.050497,-0.0811547,0.0305494;-1.55607,-0.647677,-1.58796
0.0507139,-0.0829524,0.0333874;-1.55253,-0.647509,-1.62418
0.0519175,-0.0798946,0.0364469;-1.56178,-0.696745,-1.63818
0.0628794,-0.0708444,0.0322479;-1.54418,-0.720839,-1.60194
0.0597258,-0.0610873,0.0329348;-1.59317,-0.759606,-1.63739
0.0506294,-0.0508703,0.0343902;-1.59807,-0.823823,-1.65656
0.0413984,-0.0546948,0.0325949;-1.49574,-0.743203,-1.51602
0.0465178,-0.063097,0.0365085;-1.47278,-0.720654,-1.48359
0.0531773,-0.0681306,0.0358626;-1.41409,-0.802427,-1.42742
0.0555713,-0.0673486,0.0304676;-1.51369,-0.873629,-1.53845
0.0546487,-0.06575,0.028571;-1.57094,-0.832332,-1.57052
0.0547713,-0.065723,0.0288622;-1.56128,-0.82961,-1.55666
0.0538924,-0.0618842,0.0300474;-1.53389,-0.746216,-1.53065
0.0514227,-0.0595199,0.0346919;-1.48753,-0.736888,-1.46621
0.0478921,-0.05738,0.0401973;-1.42198,-0.769122,-1.38333
0.0374016,-0.0605198,0.0395913;-1.39388,-0.835738,-1.36266
0.036153,-0.0596224,0.0351127;-1.45169,-0.841642,-1.43191
0.0346512,-0.0592525,0.0309758;-1.51833,-0.850919,-1.50108
0.0353366,-0.0612783,0.0361279;-1.44299,-0.842514,-1.41799
0.0426033,-0.0593226,0.0390016;-1.4057,-0.826956,-1.38183
0.0526384,-0.0562976,0.0384068;-1.41307,-0.84327,-1.39271
0.0521866,-0.0543155,0.0386467;-1.41679,-0.786491,-1.39092
0.0498762,-0.0537014,0.0353216;-1.45041,-0.803808,-1.42483
0.0473279,-0.0536961,0.0321531;-1.49852,-0.842647,-1.47876
0.0511492,-0.0581216,0.0292516;-1.53312,-0.932807,-1.53503
0.0534458,-0.0571726,0.0312;-1.50986,-0.872202,-1.52142
0.0660638,-0.0570094,0.0387982;-1.51217,-0.834927,-1.52522
0.0904099,-0.0618231,0.0413418;-1.33676,-0.899527,-1.33906
0.0931495,-0.0679311,0.0354673;-1.35,-1.01765,-1.35962
0.0924417,-0.0714316,0.0292499;-1.51287,-1.12227,-1.51099
0.0905052,-0.0704147,0.02973;-1.51601,-1.10223,-1.52422
0.0922639,-0.0684835,0.0318761;-1.46253,-1.01032,-1.49346
0.0934313,-0.0659519,0.0363125;-1.46605,-0.893037,-1.50294
0.0929478,-0.0550154,0.0511981;-1.48083,-0.957907,-1.51293
0.0856402,-0.0536502,0.0486098;-1.44136,-0.995553,-1.46878
0.074073,-0.0552024,0.0455465;-1.39948,-0.983194,-1.42465
0.0713036,-0.0734368,0.0386947;-1.14246,-1.12327,-1.18741
0.0752986,-0.0706084,0.0387787;-1.24635,-1.05649,-1.27574
0.0749483,-0.0677305,0.0400867;-1.33425,-0.967192,-1.35201
0.0911222,-0.07105,0.0524645;-1.41081,-1.01258,-1.42231
0.112994,-0.078678,0.0447083;-1.15469,-1.03471,-1.16615
0.117229,-0.0877166,0.0397657;-1.05354,-1.15689,-1.0747
0.116182,-0.091544,0.0322162;-1.23511,-1.37085,-1.21588
0.115441,-0.0891822,0.0303199;-1.34999,-1.34782,-1.34982
0.116172,-0.0860316,0.0296795;-1.47777,-1.26806,-1.48196
0.124912,-0.0806818,0.0404696;-1.27109,-0.959534,-1.27326
0.128856,-0.080337,0.0444526;-1.13218,-0.984695,-1.14358
0.124405,-0.0776873,0.042001;-1.12682,-1.06794,-1.15175
0.116735,-0.0873774,0.0376827;-0.957294,-1.27387,-0.976784
0.11669,-0.0907112,0.036374;-0.916867,-1.31549,-0.925686
0.116649,-0.0896121,0.03803;-0.922329,-1.24477,-0.941043
0.116649,-0.0896121,0.03803;-0.922329,-1.24477,-0.941043
0.114027,-0.0866621,0.0420031;-1.05746,-1.12926,-1.05809
0.114027,-0.0866621,0.0420031;-1.05746,-1.12926,-1.05809
