0,0,0.11;-1.57,-2.98023e-08,-1.57
0,0,0.11;-1.57,-2.98023e-08,-1.57
0,0,0.11;-1.57,-2.98023e-08,-1.57
-0.00127311,-0.00213233,0.0287266;-1.56608,-0.293769,-1.56631
3.48201e-05,0.000615103,0.0287565;-1.56768,-0.193255,-1.56492
0.000919181,0.00273958,0.0293788;-1.55822,0.0145718,-1.56521
0.000170002,-0.00862599,0.0362575;-1.46095,0.125957,-1.57878
-0.0037846,-0.00947149,0.0286652;-1.5668,-0.163205,-1.56976
-0.00580077,-0.0124045,0.0286878;-1.5705,-0.331745,-1.5651
-0.00672501,-0.0144139,0.0287703;-1.56399,-0.401692,-1.56504
-0.00403693,-0.0103816,0.0285884;-1.57014,-0.155509,-1.57059
-0.00295481,-0.0103422,0.0294349;-1.55579,0.0218988,-1.56968
-0.00387786,-0.0131329,0.0346374;-1.48926,0.221636,-1.57683
-0.00542854,-0.0272289,0.0333456;-1.48564,0.168051,-1.57772
-0.00787628,-0.028828,0.0286649;-1.56962,0.0363888,-1.56802
-0.0101441,-0.0321785,0.028666;-1.57113,-0.12572,-1.56645
-0.0101176,-0.0317002,0.0286026;-1.57058,-0.108718,-1.5694
-0.00829011,-0.0333111,0.0290379;-1.55567,0.00217575,-1.57671
-0.00525721,-0.0350532,0.0328545;-1.48357,0.124873,-1.58399
-0.00406001,-0.03047,0.0361964;-1.44965,0.300174,-1.58849
-0.00547959,-0.0351938,0.0339468;-1.46833,0.15542,-1.58536
-0.0084371,-0.0314675,0.0285144;-1.57399,0.00335053,-1.57061
-0.0103993,-0.033204,0.0286527;-1.57091,-0.218309,-1.5673
-0.00972166,-0.0327906,0.0285779;-1.57099,-0.116647,-1.57089
-0.00770843,-0.036086,0.0297831;-1.54222,0.0246992,-1.58073
-0.00598428,-0.0380738,0.0350385;-1.4608,0.181924,-1.59867
-0.00754797,-0.039133,0.0333062;-1.49087,0.185186,-1.58579
-0.0111071,-0.0417154,0.0286543;-1.57078,-0.0826097,-1.56714
-0.0115865,-0.0433312,0.0286878;-1.57088,-0.159758,-1.56559
-0.0114531,-0.0421528,0.0285797;-1.57085,-0.114321,-1.57069
-0.0084396,-0.048859,0.0308065;-1.52932,0.128361,-1.58745
-0.00493351,-0.0565501,0.0362746;-1.41623,0.298659,-1.61277
-0.00466724,-0.0553824,0.036407;-1.42247,0.325546,-1.60931
-0.00782389,-0.054917,0.0287381;-1.57064,0.161035,-1.57834
-0.00758112,-0.0541633,0.0286103;-1.57223,0.0992578,-1.57062
-0.00703138,-0.0545773,0.0285805;-1.57111,0.0364483,-1.57074
-0.00522236,-0.0545204,0.0303383;-1.55541,0.123326,-1.5943
-0.00187082,-0.0543923,0.0344193;-1.4704,0.248874,-1.61524
-0.000610999,-0.0470777,0.0371115;-1.41481,0.361411,-1.63441
-0.00168606,-0.0433422,0.0298453;-1.56748,0.203305,-1.59874
-0.00129758,-0.0412904,0.0290034;-1.58012,0.152272,-1.58032
-4.69602e-05,-0.0400884,0.0291265;-1.59222,0.103776,-1.57379
0.00088191,-0.0372794,0.0309049;-1.56839,0.123939,-1.61003
0.00410424,-0.0304561,0.0334569;-1.5597,0.238606,-1.63075
0.00614215,-0.0202717,0.0349657;-1.5585,0.349537,-1.64824
0.00640235,-0.0230511,0.035095;-1.66032,0.205237,-1.58776
0.0049516,-0.0291388,0.0311144;-1.61038,0.180207,-1.5845
0.00193799,-0.0337097,0.0294076;-1.59798,0.207416,-1.57249
0.000192309,-0.0374403,0.0313307;-1.57109,0.310374,-1.61478
0.00315648,-0.037362,0.0340098;-1.54073,0.440845,-1.64247
0.00761675,-0.0321128,0.0372835;-1.4574,0.563383,-1.68284
0.00628799,-0.0447036,0.0334048;-1.51642,0.543106,-1.64715
0.00402788,-0.0530877,0.0311305;-1.55735,0.516663,-1.61924
0.00177018,-0.0569752,0.0295512;-1.57346,0.494554,-1.5902
0.00292489,-0.0488137,0.0305596;-1.56865,0.415318,-1.60611
0.00599292,-0.0423821,0.0335573;-1.52646,0.434964,-1.63559
0.00929717,-0.0345531,0.0378202;-1.43828,0.51285,-1.67735
0.0141356,-0.0248986,0.0350248;-1.50144,0.597454,-1.67293
0.014606,-0.0230133,0.0332395;-1.56589,0.547099,-1.64475
0.0125315,-0.0249911,0.0306278;-1.56891,0.465505,-1.60758
0.0113983,-0.0228569,0.028928;-1.57322,0.397684,-1.58537
0.0121996,-0.021406,0.0306665;-1.56669,0.405148,-1.60711
0.0144898,-0.0175163,0.034791;-1.49585,0.435907,-1.64398
0.023856,0.00152041,0.0356803;-1.50495,0.535125,-1.67014
0.022979,0.00448142,0.0325936;-1.57178,0.462586,-1.63148
0.0232915,0.00344557,0.0301401;-1.57587,0.375784,-1.59643
0.023757,0.00307577,0.0288093;-1.57297,0.305464,-1.57927
0.0227066,0.00182741,0.0289727;-1.57461,0.372304,-1.58538
0.0233789,-0.000499113,0.0310521;-1.55181,0.423196,-1.60845
0.0264972,-0.0120891,0.038374;-1.34005,0.622438,-1.70616
0.0251608,-0.00977465,0.0365677;-1.39117,0.547114,-1.67591
0.0248242,-0.0026277,0.0292719;-1.57336,0.441652,-1.58827
0.0237387,-0.0041599,0.0285983;-1.57083,0.382289,-1.57165
0.0223671,-0.00578744,0.0287604;-1.57062,0.491981,-1.57939
0.02281,-0.00697444,0.0294394;-1.54363,0.52583,-1.59492
0.0302016,-0.00782656,0.0374344;-1.35347,0.649909,-1.70332
0.0296942,-0.00735467,0.0378571;-1.35066,0.595341,-1.70104
0.0299249,0.0039468,0.0316112;-1.53072,0.490903,-1.61707
0.029262,0.00773121,0.0287022;-1.57059,0.328048,-1.57684
0.0286153,0.0062758,0.0287891;-1.57066,0.372776,-1.58077
0.028359,0.00474598,0.0289603;-1.56276,0.409808,-1.5876
0.0324281,0.00117681,0.0360056;-1.41161,0.516768,-1.6648
0.0387555,0.00518058,0.039455;-1.34417,0.485192,-1.68865
0.0419594,0.0120863,0.0367849;-1.42686,0.450068,-1.67637
0.039458,0.0288157,0.0289888;-1.56885,0.233659,-1.58202
0.0389391,0.0282756,0.0287333;-1.57109,0.234383,-1.57861
0.0387957,0.0256024,0.0288479;-1.5673,0.302278,-1.58163
0.0420081,0.0207579,0.0349711;-1.44541,0.409075,-1.63813
0.0486379,0.0240781,0.0388503;-1.34961,0.442999,-1.67168
0.0586305,0.0350122,0.038721;-1.37531,0.466766,-1.68693
0.0620365,0.0588898,0.0291439;-1.56763,0.20075,-1.58442
0.0616415,0.0591897,0.0289654;-1.56814,0.164275,-1.58732
0.0612794,0.0577795,0.0287259;-1.57056,0.187942,-1.57784
0.0634339,0.0508694,0.0329814;-1.49598,0.341954,-1.61578
0.067459,0.0493294,0.0373643;-1.39944,0.391966,-1.65499
0.0715144,0.0542029,0.0378389;-1.4043,0.426937,-1.6704
0.0719375,0.0748402,0.0292821;-1.57414,0.176657,-1.58668
0.075078,0.0714956,0.0286519;-1.57189,0.0128072,-1.57281
0.0738143,0.0684257,0.0289056;-1.57106,0.0962804,-1.5866
0.0735515,0.0626309,0.0310246;-1.56483,0.19031,-1.60982
0.0814878,0.0558438,0.0396315;-1.40186,0.381444,-1.67672
0.085722,0.0610169,0.0410339;-1.39794,0.343685,-1.68288
0.0848743,0.0709532,0.0368312;-1.48843,0.232701,-1.66236
0.0842621,0.0867019,0.0293135;-1.57211,0.00538352,-1.58864
0.0817881,0.0827646,0.0290392;-1.57734,0.0501835,-1.58595
0.0783857,0.0765052,0.0305546;-1.57029,0.143621,-1.60519
0.0840492,0.0694852,0.0380761;-1.4585,0.35332,-1.67148
0.0933274,0.0763495,0.0410717;-1.41042,0.401097,-1.69313
0.100193,0.0866628,0.0388141;-1.48311,0.336872,-1.68406
0.100589,0.102846,0.0314214;-1.57043,0.0692035,-1.61546
0.0990018,0.102537,0.0302929;-1.57294,0.0510233,-1.60108
0.0932958,0.0947608,0.0310291;-1.571,0.136757,-1.61042
0.0937098,0.0861003,0.0373982;-1.49478,0.36916,-1.67096
0.102546,0.0961936,0.0408973;-1.44991,0.38689,-1.69824
0.114204,0.111579,0.0376508;-1.52573,0.365293,-1.68771
0.118148,0.123713,0.0324957;-1.57652,0.104981,-1.62526
0.117673,0.122319,0.0309723;-1.59647,0.0576308,-1.59503
0.110525,0.113313,0.0304334;-1.57134,0.112275,-1.60396
0.106977,0.102781,0.0364673;-1.52131,0.361011,-1.66898
0.115589,0.107178,0.040257;-1.46913,0.405083,-1.70291
0.133192,0.122879,0.0402683;-1.4801,0.433511,-1.70747
0.141029,0.133586,0.0353884;-1.55502,0.276572,-1.66354
0.141341,0.136296,0.0318723;-1.56753,0.169328,-1.62118
0.137641,0.134411,0.0292948;-1.5794,0.146064,-1.58525
0.125285,0.121967,0.0354354;-1.54253,0.377238,-1.66239
0.127381,0.119055,0.0387625;-1.48338,0.494085,-1.70013
0.140744,0.125562,0.0415233;-1.43954,0.540398,-1.73099
0.153402,0.139125,0.0369584;-1.53429,0.388113,-1.68512
0.153852,0.145838,0.0328944;-1.56339,0.245461,-1.63362
0.152592,0.146826,0.0304169;-1.60256,0.170587,-1.57872
0.140118,0.132056,0.0334263;-1.5517,0.365706,-1.63957
0.141173,0.127723,0.0361542;-1.51127,0.483744,-1.67194
0.146039,0.124268,0.0393499;-1.44188,0.589525,-1.72136
0.166618,0.137233,0.0378585;-1.48816,0.533412,-1.70101
0.167268,0.144778,0.0343275;-1.54164,0.432905,-1.65723
0.171089,0.151036,0.0294721;-1.5796,0.271217,-1.58494
0.16553,0.145884,0.0295054;-1.57003,0.281589,-1.59273
0.16252,0.139535,0.0333715;-1.54523,0.388959,-1.63624
0.16106,0.129385,0.0380253;-1.46311,0.576185,-1.70125
0.17125,0.125359,0.0394146;-1.39024,0.65805,-1.74121
0.174073,0.131783,0.0345451;-1.53428,0.603388,-1.6678
0.175788,0.138806,0.0312416;-1.56474,0.449611,-1.61332
0.170522,0.130592,0.0314569;-1.62204,0.336234,-1.54851
0.167834,0.123291,0.0313509;-1.56326,0.452041,-1.6002
0.168419,0.111409,0.0340877;-1.47511,0.630153,-1.66847
0.173933,0.0968308,0.0337235;-1.40483,0.850156,-1.7116
0.172609,0.0988406,0.0333812;-1.48863,0.820174,-1.67726
0.170124,0.104819,0.0310038;-1.56764,0.694705,-1.59968
0.167786,0.100714,0.0338534;-1.64459,0.457073,-1.5104
0.170448,0.0996746,0.0349709;-1.65845,0.513092,-1.50817
0.176955,0.0940931,0.0326293;-1.51763,0.674062,-1.62163
0.187227,0.0839584,0.034096;-1.40056,0.903484,-1.72377
0.185763,0.0833283,0.0337447;-1.43507,0.901389,-1.70631
0.183235,0.0903183,0.0326473;-1.54015,0.782701,-1.63567
0.175825,0.0906444,0.0338729;-1.64863,0.50767,-1.5173
0.174869,0.0903506,0.0351483;-1.66418,0.536189,-1.49474
0.18237,0.0889253,0.0352365;-1.60127,0.654804,-1.55734
0.19509,0.0831244,0.0348819;-1.38012,0.861723,-1.72239
0.195739,0.080851,0.0336785;-1.44199,0.923682,-1.69685
0.19178,0.0833982,0.0334667;-1.53417,0.84834,-1.65099
0.177277,0.0919654,0.0359282;-1.70351,0.561078,-1.49746
0.173752,0.0905997,0.0384951;-1.74323,0.516063,-1.46286
0.17596,0.088546,0.0391431;-1.72314,0.57826,-1.47346
0.194946,0.0858131,0.0367783;-1.45987,0.784412,-1.66914
0.200486,0.0821211,0.0340531;-1.43861,0.926676,-1.70409
0.200878,0.0827411,0.0340581;-1.51235,0.930269,-1.67791
0.188742,0.0920699,0.0358772;-1.68359,0.693302,-1.53083
0.181702,0.0923564,0.0360545;-1.718,0.608655,-1.48685
0.181179,0.0901979,0.0367161;-1.7183,0.609534,-1.48094
0.194929,0.0862687,0.0345799;-1.45198,0.777957,-1.67969
0.199933,0.0875832,0.0356265;-1.37902,0.863721,-1.73467
0.20252,0.0892242,0.0342876;-1.52033,0.933897,-1.67682
0.196752,0.095741,0.0340767;-1.63423,0.731453,-1.56814
0.192007,0.0965985,0.0346734;-1.69616,0.607995,-1.5063
0.185639,0.0947976,0.0380505;-1.75571,0.541671,-1.46275
0.201862,0.0989298,0.0437193;-1.69147,0.698081,-1.53996
0.212835,0.101465,0.0403103;-1.62824,0.793287,-1.60294
0.222393,0.105573,0.035205;-1.52231,0.891205,-1.6871
0.223469,0.107792,0.03588;-1.60115,0.767297,-1.6249
0.217171,0.102577,0.0356495;-1.68393,0.676229,-1.53844
0.208533,0.0977055,0.0367219;-1.74519,0.588057,-1.47062
0.208533,0.0977055,0.0367219;-1.74519,0.588057,-1.47062
0.204725,0.0978721,0.0395081;-1.79429,0.606378,-1.43755
0.204725,0.0978721,0.0395081;-1.79429,0.606378,-1.43755
