0,0,0.11;-1.57,-2.98023e-08,-1.57
0,0,0.11;-1.57,-2.98023e-08,-1.57
0,0,0.11;-1.57,-2.98023e-08,-1.57
-0.000432324,-0.000258524,0.0286129;-1.57068,-0.242536,-1.56894
-0.000467527,-0.000220665,0.0286062;-1.57073,-0.244888,-1.56959
-0.000163054,0.00143743,0.029543;-1.56957,-0.224607,-1.55759
0.00586824,0.0186128,0.0410386;-1.65399,-0.058599,-1.58496
0.0127013,0.0339611,0.0331478;-1.59134,-0.133543,-1.63062
0.0099414,0.0379012,0.0302113;-1.56782,-0.143267,-1.59901
0.009373,0.0401313,0.0286892;-1.57061,-0.195344,-1.57579
0.00894739,0.0397435,0.0287532;-1.57211,-0.171727,-1.57826
0.00902369,0.0387944,0.0290124;-1.5743,-0.124284,-1.57394
0.0088534,0.0404744,0.0332464;-1.6127,-0.0865788,-1.55025
0.0126862,0.0441572,0.0387386;-1.70367,0.0290136,-1.57229
0.0128454,0.0422726,0.0357716;-1.69895,-0.052644,-1.59281
0.0118104,0.0367999,0.0301747;-1.57281,-0.126433,-1.59836
0.0115951,0.0386263,0.0289417;-1.57812,-0.23185,-1.58255
0.0112675,0.0366339,0.0291892;-1.56858,-0.1573,-1.58445
0.012953,0.037739,0.0330608;-1.50494,-0.100542,-1.58505
0.0206897,0.0313519,0.0417291;-1.36757,0.0684051,-1.62326
0.0218331,0.0218579,0.0385612;-1.44072,0.0292206,-1.63286
0.0202077,0.0164517,0.0335329;-1.55998,-0.0176993,-1.64607
0.0110708,0.0133874,0.0306855;-1.58332,-0.121294,-1.60151
0.0120449,0.015312,0.030673;-1.57026,-0.143048,-1.60799
0.0134055,0.0165485,0.0332094;-1.555,-0.144114,-1.63028
0.0175389,0.0158155,0.0387623;-1.499,-0.122782,-1.65827
0.0228472,0.0135395,0.0399183;-1.51596,-0.100278,-1.69066
0.0237267,0.0155382,0.0386299;-1.53438,0.0197969,-1.69088
0.019132,0.0233743,0.0358085;-1.54694,-0.0332309,-1.65853
0.0159145,0.0295208,0.0307524;-1.57329,-0.0633217,-1.60798
0.0160366,0.0365154,0.0303474;-1.55942,-0.133355,-1.5898
0.0202556,0.0364588,0.0364396;-1.5087,-0.0791509,-1.62036
0.0311479,0.03897,0.0395875;-1.51227,-0.0238929,-1.66545
0.0461591,0.0582253,0.0439812;-1.70155,-0.00839309,-1.67807
0.0433451,0.0480863,0.041713;-1.62233,-0.110412,-1.70038
0.0355365,0.0307839,0.0383999;-1.55474,-0.182982,-1.69254
0.0211061,0.0278929,0.0321613;-1.57509,-0.338552,-1.62176
0.0169557,0.0267091,0.0322429;-1.5508,-0.322867,-1.60393
0.0196965,0.0262181,0.0345261;-1.55184,-0.269708,-1.61574
0.0331685,0.0307869,0.0376058;-1.62576,-0.0888016,-1.66661
0.0342748,0.0395431,0.0401483;-1.61314,-0.0173903,-1.68567
0.0293398,0.0528503,0.0391504;-1.6079,0.0265697,-1.67168
0.0279788,0.0618757,0.0345625;-1.54699,-0.0085132,-1.64563
0.0251792,0.0563991,0.0376439;-1.52676,-0.0706555,-1.64032
0.0176558,0.0449873,0.0408831;-1.46899,-0.118106,-1.64238
0.0254828,0.0434538,0.0368243;-1.58455,-0.0452853,-1.68401
0.02618,0.0473282,0.0391611;-1.6044,0.0322693,-1.67649
0.0213544,0.0438637,0.0388148;-1.63776,0.0660384,-1.65072
0.0126622,0.0429582,0.0303077;-1.56529,-0.000334114,-1.60432
0.0118915,0.0456048,0.0309513;-1.55248,-0.0173862,-1.60206
0.0100664,0.0483031,0.0343007;-1.50973,-0.0468468,-1.60509
0.0257615,0.0458553,0.037212;-1.56842,-0.0179809,-1.68992
0.033162,0.0476285,0.0394181;-1.58211,0.0303332,-1.70427
0.0368321,0.0561918,0.0402999;-1.58402,0.0746439,-1.70747
0.0249994,0.0528318,0.0374752;-1.62828,0.0759497,-1.64728
0.0169007,0.0499856,0.0307905;-1.55655,-0.0397762,-1.60505
0.0120389,0.0511926,0.0305667;-1.53228,-0.104256,-1.56887
0.0145959,0.0527356,0.0306907;-1.58367,-0.215604,-1.60668
0.0180045,0.0535005,0.0344476;-1.60202,-0.222732,-1.64828
0.0215125,0.0518255,0.0372698;-1.62209,-0.201556,-1.67148
0.0195319,0.0499401,0.039099;-1.61505,-0.0915863,-1.68667
0.0154628,0.0565608,0.0405244;-1.62299,-0.0388548,-1.63564
0.00867509,0.0571853,0.0390816;-1.60524,-0.0354913,-1.58919
-0.00371586,0.0480499,0.0308822;-1.57029,-0.222124,-1.60584
-0.00147077,0.0510102,0.0310467;-1.59583,-0.295284,-1.60715
0.00133852,0.0529019,0.0314403;-1.63427,-0.29576,-1.59944
-0.00238841,0.048147,0.035111;-1.62025,-0.215675,-1.64395
-0.00245886,0.0457923,0.0359433;-1.65175,-0.21029,-1.6375
-0.00299788,0.0404992,0.0365839;-1.65509,-0.215835,-1.62007
-0.00420241,0.0203262,0.0366323;-1.49422,-0.306233,-1.61394
-0.00635326,0.0136167,0.0390475;-1.51903,-0.332119,-1.65601
-0.00622626,0.013818,0.0357805;-1.58083,-0.344231,-1.67087
-0.00592973,0.0217651,0.0323135;-1.56627,-0.33739,-1.6252
-0.00787435,0.0204486,0.0315666;-1.57123,-0.301028,-1.61826
-0.00944894,0.017607,0.0334836;-1.53357,-0.257099,-1.59273
-0.0155342,-0.0108644,0.0399066;-1.39325,-0.256723,-1.50452
-0.0105102,-0.0132562,0.0384642;-1.396,-0.291593,-1.52156
-0.00564161,-0.00698185,0.0377738;-1.46235,-0.337755,-1.58894
-0.00870579,0.0033017,0.0329412;-1.59585,-0.407828,-1.61739
-0.00786612,0.00869606,0.0298824;-1.58285,-0.41607,-1.59245
-0.00950774,0.0171335,0.034423;-1.62636,-0.357766,-1.58238
-0.0296904,0.0119849,0.0438692;-1.69893,-0.406475,-1.5162
-0.0317575,0.00472147,0.0427677;-1.69066,-0.50425,-1.52782
-0.0298796,0.000529178,0.0348958;-1.60528,-0.53462,-1.51665
-0.0248616,0.0118626,0.0344267;-1.69591,-0.490427,-1.6274
-0.022065,0.01445,0.0332258;-1.6803,-0.502843,-1.62999
-0.0200631,0.0167559,0.0325495;-1.65114,-0.474365,-1.62037
-0.0255811,0.0331118,0.0402928;-1.71171,-0.307895,-1.56615
-0.030696,0.0376344,0.0439211;-1.83201,-0.278209,-1.60898
-0.0364826,0.0329129,0.0461608;-1.86393,-0.274334,-1.60781
-0.0404351,0.00514563,0.032128;-1.5816,-0.469017,-1.5308
-0.0388453,0.00228215,0.0323275;-1.57649,-0.531209,-1.52241
-0.0339013,0.00637183,0.0326222;-1.60221,-0.550708,-1.54413
-0.0349052,0.0204892,0.0328348;-1.57631,-0.36549,-1.51125
-0.0335617,0.0248837,0.0340484;-1.58368,-0.261647,-1.53309
-0.0346619,0.0183489,0.0405163;-1.5714,-0.162629,-1.56389
-0.0330492,0.014623,0.0393031;-1.7657,-0.0995352,-1.60411
-0.03379,0.0224941,0.0384224;-1.75676,-0.275218,-1.61551
-0.0313658,0.0225528,0.0328156;-1.66481,-0.327104,-1.60386
-0.0299123,0.0224319,0.0287792;-1.5685,-0.35654,-1.57166
-0.0323312,0.0318225,0.0363195;-1.526,-0.189382,-1.50453
-0.0330079,0.0234198,0.0356848;-1.51882,-0.124526,-1.53698
-0.0386937,0.00324877,0.033842;-1.50267,-0.110347,-1.56749
-0.0340763,-0.00187144,0.030251;-1.59413,-0.0243303,-1.56631
-0.0304559,0.000631464,0.0299896;-1.58244,-0.064306,-1.59133
-0.0286512,0.00202078,0.0312811;-1.55562,-0.0694671,-1.59869
-0.0311773,-0.00453726,0.0380359;-1.3976,-0.0346729,-1.57165
-0.0290348,-0.00848204,0.0376773;-1.4031,0.0218979,-1.58483
-0.0272354,-0.0121639,0.0365512;-1.43926,0.0599294,-1.59524
-0.035982,-0.010484,0.0312784;-1.54866,-0.0380794,-1.59381
-0.0376068,-0.00739102,0.028773;-1.57034,-0.0810087,-1.57547
-0.0372572,-0.00731996,0.0290335;-1.55124,-0.0711878,-1.57156
-0.035534,-0.00734919,0.0356864;-1.43834,-0.0176386,-1.57095
-0.0313848,-0.0104892,0.0372486;-1.41793,0.0265101,-1.58531
-0.0278336,-0.0105475,0.0365214;-1.44452,0.042678,-1.60257
-0.033493,0.00359331,0.0330744;-1.53606,-0.0708949,-1.62086
-0.0361727,0.0101509,0.0295058;-1.55576,-0.115378,-1.58644
-0.0367322,0.0107088,0.0289058;-1.56647,-0.103902,-1.58167
-0.0373816,0.0159693,0.0308006;-1.52394,-0.0763449,-1.56171
-0.0358968,0.0142342,0.0358563;-1.44745,-0.0651669,-1.56971
-0.032338,0.0103556,0.0398942;-1.41142,0.00476571,-1.60923
-0.0292007,0.0143103,0.0390977;-1.46403,0.0210861,-1.65586
-0.0334276,0.0202732,0.0376514;-1.48057,-0.0244977,-1.64953
-0.0362425,0.0284663,0.0314616;-1.55229,-0.0691511,-1.6116
-0.0387494,0.0309121,0.0294804;-1.55956,-0.0720081,-1.57483
-0.0387218,0.0307391,0.0307115;-1.53301,-0.0589758,-1.56747
-0.0355322,0.025582,0.0370801;-1.42957,-0.0122598,-1.58109
-0.0292234,0.0190976,0.0415135;-1.41342,0.0541988,-1.65119
-0.0317926,0.0213667,0.039772;-1.47518,0.0133418,-1.67114
-0.0368993,0.0273111,0.0359251;-1.53596,-0.054302,-1.6598
-0.0408501,0.0315402,0.0293849;-1.57185,-0.0750583,-1.58472
-0.0433566,0.0312271,0.0300427;-1.57702,-0.0491932,-1.57918
-0.0429142,0.0349051,0.0317111;-1.54351,-0.0293233,-1.57888
-0.0389885,0.0409159,0.0331928;-1.56262,0.0693091,-1.63847
-0.0354648,0.0345187,0.0364673;-1.50592,0.127591,-1.65577
-0.0337958,0.0328095,0.0369551;-1.48799,0.151932,-1.65739
-0.0366053,0.0422982,0.0334427;-1.52282,0.0947784,-1.61663
-0.0374427,0.0402442,0.0317409;-1.52278,0.118315,-1.58726
-0.038351,0.030199,0.039226;-1.38228,0.143991,-1.60265
-0.0347775,0.0300079,0.0429786;-1.3413,0.151303,-1.64997
-0.0337825,0.0390229,0.0391909;-1.48449,0.107998,-1.6721
-0.0328194,0.0441295,0.0391291;-1.53449,0.0910294,-1.69727
-0.0358304,0.0423368,0.03833;-1.61734,0.0230193,-1.66897
-0.0377447,0.0497982,0.0367161;-1.691,-0.0452206,-1.60765
-0.0389834,0.0540893,0.0373332;-1.72313,-0.056885,-1.57242
-0.0392569,0.0559949,0.033477;-1.6365,-0.031355,-1.60754
-0.0408846,0.0515889,0.0337826;-1.58154,0.027329,-1.63921
-0.0383423,0.0461899,0.0363463;-1.542,0.0750912,-1.66609
-0.03586,0.0411728,0.0392625;-1.58464,0.155882,-1.70482
-0.0406102,0.0411555,0.0387139;-1.59838,0.153429,-1.68393
-0.0486669,0.0409545,0.0405732;-1.65918,0.122414,-1.62964
-0.0549713,0.0371523,0.0316974;-1.63649,-0.00085029,-1.5757
-0.0540887,0.03704,0.0289151;-1.57057,-0.0309639,-1.58676
-0.0540763,0.0375178,0.0292682;-1.56122,-0.0411203,-1.58466
-0.0518734,0.035605,0.0332563;-1.54862,-0.0192395,-1.62953
-0.0516804,0.0301411,0.0344882;-1.57351,0.0362872,-1.6527
-0.0528025,0.0169076,0.0370394;-1.56463,0.0449681,-1.65292
-0.0534125,-0.0112343,0.0472079;-1.53579,0.0801666,-1.63034
-0.0524418,-0.00530461,0.0422729;-1.49167,0.0873758,-1.6575
-0.0526933,0.00441373,0.0338128;-1.55598,0.121611,-1.64597
-0.0525967,0.00494261,0.0337914;-1.54863,0.124731,-1.64369
-0.0530094,0.000262271,0.0346011;-1.58067,0.125961,-1.64962
-0.0573713,-0.00523333,0.0371521;-1.66221,0.150532,-1.61171
-0.0634259,-0.0204837,0.0439628;-1.72314,0.0886355,-1.56243
-0.062138,-0.0287303,0.0427602;-1.76871,0.0723222,-1.58517
-0.0607616,-0.0290884,0.0416297;-1.76183,0.0600793,-1.60378
-0.0571716,-0.0172398,0.037697;-1.6091,0.038785,-1.65703
-0.060455,-0.00625756,0.0325115;-1.56694,0.0562473,-1.63005
-0.0635716,-0.00404746,0.0321924;-1.57686,0.0761161,-1.62248
-0.0676234,-0.0166902,0.0361096;-1.71517,0.0202427,-1.57255
-0.0648461,-0.0304288,0.0359007;-1.7228,-0.0749179,-1.58312
-0.0637406,-0.0354278,0.0368279;-1.73903,-0.119733,-1.59515
-0.063425,-0.0365234,0.034446;-1.68983,-0.178971,-1.5987
-0.0590534,-0.0300804,0.0320737;-1.61365,-0.262856,-1.6109
-0.0546067,-0.0255556,0.0300416;-1.57431,-0.309557,-1.60187
-0.0526987,-0.0322506,0.0408478;-1.59625,-0.2608,-1.63618
-0.0518134,-0.0439393,0.0444584;-1.63092,-0.291726,-1.64425
-0.0532983,-0.0586723,0.0382324;-1.71346,-0.297123,-1.65296
-0.0623286,-0.0530461,0.0365371;-1.71818,-0.267469,-1.60447
-0.064908,-0.0470432,0.0333658;-1.65608,-0.217606,-1.57977
-0.0672928,-0.0396257,0.0289062;-1.58165,-0.16219,-1.56779
-0.0672928,-0.0396257,0.0289062;-1.58165,-0.16219,-1.56779
-0.0686918,-0.0341794,0.0289143;-1.57958,-0.113779,-1.56743
-0.0686918,-0.0341794,0.0289143;-1.57958,-0.113779,-1.56743
