0,0,0.11;-1.57,-2.98023e-08,-1.57
0,0,0.11;-1.57,-2.98023e-08,-1.57
0,0,0.11;-1.57,-2.98023e-08,-1.57
-0.000443857,0.000118357,0.0286415;-1.57046,-0.229074,-1.56806
0.000346802,0.00217486,0.0286805;-1.57067,-0.142321,-1.56617
3.15388e-05,0.0068536,0.0293509;-1.57195,-0.0078859,-1.56011
-0.00375797,0.0020725,0.0300322;-1.57199,0.144173,-1.55797
-0.00573175,-0.00713188,0.0286412;-1.57085,-0.0633783,-1.5678
-0.00537688,-0.00859977,0.0286854;-1.57093,-0.148931,-1.56572
-0.00525019,-0.00920539,0.0286428;-1.57082,-0.184822,-1.56776
-0.0038364,-0.00551011,0.0286307;-1.5708,-0.0217405,-1.56844
-0.00168417,-0.00306806,0.0292046;-1.56042,0.0989236,-1.57019
0.000729271,0.000194759,0.0334569;-1.5253,0.27365,-1.58077
-0.000732652,-0.000461312,0.0291181;-1.57522,0.145808,-1.5804
-0.00159167,0.00251634,0.0288996;-1.56959,0.0251563,-1.58523
-0.00143491,0.00619957,0.0289775;-1.58204,-0.098395,-1.58027
-0.00222396,0.00353939,0.0289863;-1.57251,-0.00145581,-1.5885
-0.00113034,-0.00023763,0.0298726;-1.5684,0.143496,-1.58996
0.00210589,-0.00131307,0.0344665;-1.4795,0.328469,-1.6055
0.00145685,0.00185713,0.0322701;-1.50407,0.326355,-1.58719
-9.87603e-05,0.0042581,0.0296767;-1.54813,0.206027,-1.57533
-0.00154898,0.00866211,0.0286376;-1.57075,0.0368335,-1.57348
-0.00186604,0.00971066,0.0285795;-1.57082,-0.0677068,-1.5707
0.000382807,0.0117963,0.0286826;-1.57004,0.0486156,-1.56653
0.00189982,0.0162581,0.029495;-1.56649,0.206135,-1.56403
0.000780882,0.0161575,0.0304202;-1.57935,0.297969,-1.55473
-0.00133217,0.0111403,0.0286578;-1.57037,0.178897,-1.56721
-0.00282631,0.00799915,0.0286858;-1.57103,0.0190442,-1.56559
-0.0027535,0.00905693,0.0286761;-1.57093,0.0598183,-1.56603
-0.00262751,0.00981231,0.0285804;-1.5708,0.155831,-1.57079
0.0035046,0.00509512,0.0333262;-1.49368,0.431277,-1.60787
0.0064148,0.00567102,0.0351431;-1.45984,0.536611,-1.62543
0.00415622,0.0055895,0.0328395;-1.5427,0.448722,-1.58884
0.00140752,0.0102976,0.0285858;-1.57087,0.196659,-1.57125
0.00348601,0.0119497,0.0286671;-1.57486,0.091911,-1.57067
0.00346431,0.0119693,0.0287413;-1.57738,0.117369,-1.57134
0.00755579,0.00368764,0.0300608;-1.54982,0.411248,-1.58669
0.0128171,0.00106856,0.0332424;-1.47805,0.572223,-1.60669
0.0143846,-0.00228357,0.0320328;-1.50513,0.618977,-1.59516
0.00728703,-0.00329433,0.0285797;-1.57072,0.378811,-1.57076
0.00788499,-0.00402035,0.0286313;-1.57129,0.251366,-1.56849
0.00820384,-0.00401717,0.0286608;-1.57077,0.242129,-1.56679
0.013204,-0.00113533,0.0288855;-1.55701,0.471288,-1.5745
0.0189585,0.00272267,0.0310397;-1.52237,0.585356,-1.59129
0.0226034,0.00881386,0.0335925;-1.53704,0.72009,-1.58135
0.0213135,0.0088187,0.0285787;-1.57096,0.472559,-1.57073
0.0198203,0.0075261,0.0285819;-1.57054,0.380682,-1.57069
0.0198746,0.0071408,0.0286722;-1.57093,0.360934,-1.56621
0.0256997,0.0104209,0.0287207;-1.56811,0.667928,-1.56781
0.0314847,0.0113822,0.0300525;-1.53092,0.806274,-1.59146
0.0386583,0.0150437,0.0331424;-1.49205,0.940133,-1.60461
0.0265635,0.018803,0.0287507;-1.56299,0.676056,-1.57957
0.0279403,0.022395,0.0287974;-1.57154,0.523451,-1.58131
0.0311356,0.0242706,0.0290315;-1.59044,0.424262,-1.5668
0.0280873,0.0186498,0.0295012;-1.56782,0.604699,-1.59602
0.031895,0.0163817,0.0322455;-1.52878,0.761529,-1.62587
0.0366502,0.0194633,0.0377041;-1.5615,0.913346,-1.59723
0.0254045,0.0121008,0.0293004;-1.55205,0.813281,-1.59552
0.0245738,0.0143444,0.0287626;-1.57128,0.698864,-1.57936
0.0281992,0.0162536,0.0289636;-1.58669,0.564611,-1.56756
0.0299943,0.0163214,0.0286523;-1.56897,0.64945,-1.56924
0.0332948,0.0168564,0.0295119;-1.54127,0.730652,-1.58535
0.0408006,0.022396,0.0330964;-1.48198,0.86411,-1.61888
0.0400757,0.0238699,0.0297395;-1.53807,0.838456,-1.59036
0.0374646,0.0241041,0.0285898;-1.57082,0.716573,-1.5703
0.0350045,0.0230201,0.0285841;-1.57082,0.595365,-1.57051
0.0347724,0.0227656,0.0285804;-1.57067,0.588225,-1.57075
0.0386002,0.0228757,0.0287948;-1.56103,0.732318,-1.57387
0.0434947,0.0225858,0.0299713;-1.53363,0.8777,-1.59211
0.0472427,0.0167784,0.0322547;-1.50434,1.07407,-1.60014
0.0380537,0.0125138,0.0301209;-1.51495,0.964564,-1.60945
0.0352773,0.0164694,0.028661;-1.56968,0.835925,-1.57478
0.0420008,0.0215592,0.0290966;-1.59212,0.592894,-1.56613
0.0411633,0.0204602,0.0290598;-1.57691,0.62845,-1.58564
0.0398502,0.0147608,0.0307005;-1.56517,0.757292,-1.6098
0.0527338,0.0163067,0.0414647;-1.63581,1.05135,-1.54613
0.0527537,0.0187362,0.0439841;-1.79197,0.985754,-1.42683
0.0433347,0.0153265,0.0296139;-1.55333,0.892384,-1.61222
0.0487371,0.0192498,0.0290961;-1.59345,0.693025,-1.56379
0.0476423,0.0183301,0.0285799;-1.57068,0.76886,-1.57095
0.0485137,0.0155379,0.0289412;-1.54488,0.911077,-1.58959
0.059608,0.0218908,0.0338788;-1.45718,1.16445,-1.63623
0.0589335,0.0270229,0.0324475;-1.50977,1.0622,-1.60015
0.0552054,0.0282698,0.0287244;-1.56381,0.904115,-1.57247
0.0504813,0.0267181,0.0286558;-1.57074,0.634041,-1.5669
0.0537444,0.0273457,0.0286682;-1.56709,0.792193,-1.57058
0.0568788,0.027147,0.0287668;-1.55907,0.92457,-1.57709
0.0623599,0.0257555,0.0336613;-1.40953,1.24984,-1.70126
0.0583292,0.024835,0.0320873;-1.50579,1.2014,-1.61265
0.0516022,0.0206861,0.0288108;-1.551,1.13844,-1.58585
0.0537245,0.0220753,0.0287379;-1.57968,0.880231,-1.56596
0.053043,0.0219136,0.0287926;-1.57022,0.922087,-1.58142
0.0532907,0.0205758,0.0289984;-1.5645,0.981609,-1.59256
0.0682166,0.022019,0.0368801;-1.47239,1.23471,-1.68046
0.0705809,0.0210253,0.0394246;-1.79787,1.1979,-1.39902
0.0654302,0.0180696,0.0315313;-1.5544,1.17684,-1.61753
0.0652899,0.0217933,0.0289801;-1.58615,1.02025,-1.5687
0.0719549,0.0229073,0.0292095;-1.60364,0.926111,-1.55158
0.0697518,0.0214635,0.0288634;-1.56984,1.01768,-1.585
0.0690561,0.0159857,0.0291288;-1.52775,1.18129,-1.61546
0.0783016,0.0107121,0.032158;-1.32914,1.42271,-1.78279
0.069634,0.0108659,0.030025;-1.49616,1.31397,-1.63067
0.0646112,0.0136314,0.0285516;-1.57436,1.15453,-1.56766
0.0630552,0.0117098,0.0286682;-1.57106,0.97661,-1.56619
0.0658092,0.0120054,0.0286534;-1.57053,1.1128,-1.56755
0.0694235,0.0104581,0.028685;-1.56354,1.24923,-1.57483
0.0786106,0.00965272,0.0328145;-0.810326,1.53589,-2.31379
0.0712126,0.00826137,0.0318912;-1.5246,1.48405,-1.60608
0.0652764,0.00873808,0.0285907;-1.57619,1.37957,-1.56403
0.0633705,0.00785034,0.0285956;-1.57316,1.20262,-1.56846
0.0630874,0.00835913,0.0285601;-1.56151,1.28347,-1.58121
0.0611226,0.00606119,0.0288769;-1.55676,1.40634,-1.59652
0.0635474,-0.00134667,0.0350884;0.999912,1.41176,2.14235
0.063183,-0.00264495,0.0379072;1.72579,1.48832,1.39045
0.0607789,-0.00018919,0.0292792;-1.48066,1.51997,-1.68068
0.0686466,0.0035108,0.0290869;-1.64229,1.34512,-1.50959
0.0701521,0.0029917,0.0290039;-1.62546,1.3299,-1.52508
0.0680689,0.00193553,0.0290266;-1.55799,1.40476,-1.60099
0.0653094,-0.00932363,0.0333992;1.13224,1.38412,2.01672
0.0597834,-0.0131597,0.0312735;1.3939,1.31266,1.75325
0.0517075,-0.0132478,0.0295692;1.44102,1.37838,1.70233
0.0523292,-0.010259,0.0286088;-1.58038,1.53672,-1.55967
0.0526218,-0.0105399,0.0286619;-1.57466,1.52583,-1.56285
0.0543579,-0.0113958,0.0286092;1.56969,1.50962,1.57323
0.0607647,-0.018552,0.0308195;1.45774,1.25553,1.68435
0.0664399,-0.0204071,0.0337982;1.53824,1.12153,1.61323
0.0616408,-0.0183665,0.0304866;1.61031,1.1577,1.54406
0.0558381,-0.0139104,0.0285777;1.57132,1.3747,1.57024
0.0553458,-0.0140638,0.0286013;1.57278,1.42418,1.5701
0.0559993,-0.0144951,0.0287348;1.61722,1.41155,1.52443
0.0501522,-0.0186141,0.0305744;1.53464,1.14228,1.58511
0.0535942,-0.023506,0.034889;1.4532,1.01067,1.66168
0.0525844,-0.0252774,0.0394385;1.58519,0.950281,1.53103
0.0492019,-0.0166404,0.0297844;1.56217,1.16848,1.55185
0.0562551,-0.0187602,0.0294192;1.63504,1.26346,1.49824
0.0608083,-0.0223988,0.0294076;1.65706,1.32517,1.47743
0.0533142,-0.0211121,0.0304433;1.55561,1.15292,1.55027
0.0527493,-0.0259709,0.0335182;1.46714,0.969671,1.63729
0.0518867,-0.0283015,0.0363479;1.4736,0.814708,1.64047
0.0573391,-0.0261552,0.0288735;1.56629,1.08113,1.56036
0.060754,-0.0267273,0.0287254;1.57073,1.24455,1.56396
0.0622684,-0.027634,0.0285811;1.5737,1.31705,1.56782
0.064188,-0.0313958,0.0286159;1.56608,1.13407,1.57492
0.0677031,-0.0357994,0.029673;1.55059,0.962389,1.59407
0.0690722,-0.0356591,0.032594;1.59952,0.798475,1.55659
0.0603212,-0.0265466,0.0286412;1.57145,0.989709,1.57354
0.0598119,-0.0240306,0.0285574;1.57099,1.13556,1.57012
0.0590363,-0.0235296,0.0285999;1.57145,1.20577,1.5712
0.0574121,-0.0239439,0.0288769;1.57046,1.0557,1.55641
0.0561759,-0.0269049,0.0312159;1.55269,0.886438,1.5611
0.0598234,-0.0307449,0.0387806;1.68741,0.711128,1.45627
0.0451423,-0.0182494,0.0362218;1.69216,0.764017,1.4406
0.043116,-0.014084,0.0301971;1.56826,0.870166,1.54156
0.0489443,-0.0190727,0.0317851;1.62218,0.954123,1.49507
0.0557144,-0.028925,0.032715;1.57063,1.01487,1.50847
0.0575038,-0.0333144,0.0334544;1.56308,0.876292,1.51563
0.0661905,-0.0435656,0.0408019;1.83763,0.717946,1.35793
0.0643896,-0.0367329,0.0436167;1.8324,0.610921,1.35579
0.0562571,-0.0254853,0.0331068;1.64969,0.737441,1.48929
0.0561527,-0.0234212,0.0288848;1.57664,0.835182,1.55581
0.0571917,-0.0262589,0.0286249;1.57478,0.937765,1.56744
0.0555781,-0.0259866,0.028659;1.56646,0.830623,1.57209
0.0542677,-0.0294447,0.0299982;1.53114,0.708587,1.60129
0.0576419,-0.039837,0.0318262;1.51643,0.545595,1.61101
0.0570249,-0.0357764,0.0288242;1.5598,0.657035,1.58055
0.0575543,-0.0318852,0.0285689;1.57083,0.824631,1.57016
0.0578961,-0.0321186,0.0285722;1.56997,0.962422,1.57134
0.0566992,-0.0313193,0.0287059;1.57286,0.860149,1.56141
0.053376,-0.0310135,0.0293295;1.57097,0.714059,1.5542
0.0523576,-0.0379559,0.0407471;1.61533,0.394501,1.51524
0.0488974,-0.0363141,0.0410629;1.69819,0.448916,1.46099
0.0408172,-0.0276226,0.0313495;1.56743,0.548843,1.52793
0.0491746,-0.0482278,0.0357427;1.74341,0.809041,1.40945
0.0501296,-0.052475,0.0370549;1.79206,0.817822,1.38599
0.0483503,-0.0487145,0.0362513;1.7036,0.750413,1.43691
0.0555515,-0.0644522,0.0445695;1.78793,0.430255,1.39589
0.0574212,-0.068266,0.0469688;1.86503,0.461028,1.35575
0.0543951,-0.0687949,0.0429573;1.79985,0.549115,1.38329
0.0531116,-0.0669305,0.0292424;1.58595,0.674103,1.54891
0.053989,-0.0675017,0.0290903;1.58816,0.681849,1.54893
0.0532123,-0.0646988,0.0291641;1.57303,0.57677,1.55078
0.0532123,-0.0646988,0.0291641;1.57303,0.57677,1.55078
0.047913,-0.0647876,0.0315638;1.52526,0.394969,1.58279
0.047913,-0.0647876,0.0315638;1.52526,0.394969,1.58279
