0,0,0.11;-1.57,-2.98023e-08,-1.57
0,0,0.11;-1.57,-2.98023e-08,-1.57
0,0,0.11;-1.57,-2.98023e-08,-1.57
-0.00122935,-0.00203018,0.0286933;-1.56952,-0.293983,-1.56597
4.32058e-05,0.000435119,0.0287867;-1.56444,-0.202211,-1.56522
0.00161466,0.00909045,0.0295127;-1.56623,-0.0769478,-1.55855
-0.000444041,0.0052258,0.0355696;-1.64122,0.103183,-1.58844
-0.00339804,-0.0177401,0.0297119;-1.56902,-0.0564203,-1.59523
-0.00118631,-0.00851858,0.0291775;-1.59299,-0.179459,-1.5803
0.000726498,-0.00492174,0.0290792;-1.58957,-0.30436,-1.58265
0.00219633,-0.00156916,0.0289324;-1.57038,-0.342457,-1.5878
0.0037485,0.00783668,0.0297045;-1.57799,-0.193317,-1.57028
-0.00117577,0.0175034,0.0350545;-1.65681,-0.0207828,-1.55344
-0.00254208,0.0105824,0.0322997;-1.62463,-0.0390356,-1.57408
-0.00360933,-0.000539052,0.0288203;-1.56345,-0.125331,-1.57395
-0.00459443,-0.00180659,0.0286073;-1.57087,-0.160543,-1.56936
-0.00585766,0.000802522,0.0290506;-1.55002,-0.253719,-1.56773
-0.00223766,0.0119649,0.0298008;-1.56158,-0.215122,-1.58081
0.000368412,0.0406722,0.0348823;-1.67821,-0.10702,-1.58634
-0.000445358,0.0517266,0.0381234;-1.76072,-0.0630383,-1.59033
0.00162354,0.0516394,0.0351207;-1.70207,-0.128425,-1.59335
0.00105072,0.0460857,0.0292334;-1.59171,-0.154374,-1.5805
0.000469559,0.0444143,0.0286316;-1.56825,-0.170197,-1.57022
0.00122961,0.0453869,0.0291655;-1.54831,-0.166023,-1.57338
0.00469997,0.054968,0.031959;-1.5199,-0.0930054,-1.57134
0.00525756,0.0687957,0.0352003;-1.51738,-0.00167158,-1.57034
0.00705628,0.077856,0.028679;-1.57145,-0.107117,-1.57644
0.00619004,0.0786452,0.0287514;-1.57914,-0.204083,-1.57258
0.00569036,0.0778621,0.0289014;-1.58652,-0.187708,-1.57442
0.00235451,0.0723013,0.0298106;-1.59785,-0.102119,-1.5835
0.00350433,0.0816331,0.0371879;-1.62763,0.136168,-1.59183
0.0054677,0.101944,0.0372366;-1.69668,0.211158,-1.57304
0.00873635,0.107868,0.0336504;-1.66124,0.146383,-1.56991
0.0120077,0.108125,0.028681;-1.57052,-0.03999,-1.5754
0.0114044,0.106973,0.0285973;-1.57045,-0.108831,-1.56967
0.0109611,0.106025,0.0286276;-1.57053,-0.145448,-1.56846
0.0106758,0.11051,0.0300255;-1.57078,0.0865292,-1.55958
0.00878662,0.119516,0.0352919;-1.66415,0.217404,-1.54566
0.00732656,0.125664,0.0381201;-1.73716,0.293397,-1.54694
0.00424519,0.118343,0.0322141;-1.63295,0.243332,-1.57804
0.00611909,0.118284,0.0292245;-1.59807,0.181372,-1.57052
0.0063534,0.118596,0.0290972;-1.59496,0.169719,-1.56825
0.00334025,0.11833,0.0288063;-1.57507,0.341187,-1.57344
0.00675305,0.127136,0.0321033;-1.60452,0.500429,-1.53598
0.00834778,0.136771,0.0361337;-1.72142,0.610651,-1.48595
0.00760413,0.129416,0.0286639;-1.56644,0.519638,-1.57896
0.00391522,0.125747,0.0285421;-1.57402,0.510096,-1.57054
0.00270709,0.124373,0.0286985;-1.57198,0.45776,-1.56351
0.00440907,0.124823,0.0297194;-1.56484,0.474873,-1.59805
0.0191379,0.1346,0.0339694;-1.57565,0.585856,-1.60232
0.0317586,0.147545,0.0412251;-1.87519,0.637551,-1.40043
0.036892,0.15068,0.0337192;-1.68001,0.552081,-1.52752
0.0330932,0.147969,0.0290633;-1.57472,0.546987,-1.58332
0.0327173,0.147473,0.0286005;-1.57059,0.539819,-1.56881
0.0322175,0.146048,0.0291349;-1.54404,0.590148,-1.59011
0.0349312,0.146725,0.0328551;-1.47567,0.64961,-1.62768
0.0425228,0.151908,0.0395927;-1.32296,0.747763,-1.72666
0.0597789,0.166273,0.0301949;-1.55276,0.652194,-1.59963
0.0640484,0.169338,0.0290124;-1.56609,0.579657,-1.59125
0.0657223,0.170466,0.029066;-1.58455,0.518633,-1.57525
0.0570806,0.162807,0.0296332;-1.57013,0.605944,-1.59505
0.0502629,0.158045,0.0318564;-1.53947,0.728591,-1.62
0.0521427,0.155136,0.039451;-1.29682,0.855887,-1.78357
0.0565598,0.154954,0.0408205;-1.2097,0.87123,-1.84968
0.0607812,0.163205,0.0357344;-1.38479,0.77775,-1.71421
0.0654971,0.170003,0.0286851;-1.56817,0.671025,-1.57926
0.0643511,0.169865,0.0285778;-1.57059,0.561031,-1.57057
0.064657,0.168675,0.0288268;-1.55586,0.660471,-1.58052
0.0663672,0.167817,0.0311734;-1.51156,0.790831,-1.61009
0.0651826,0.15752,0.0420832;-1.11409,0.990953,-1.93914
0.0615666,0.154128,0.0424402;-1.1261,0.904533,-1.93032
0.0659702,0.160893,0.034768;-1.47488,0.871819,-1.69237
0.0700382,0.166209,0.0287893;-1.5739,0.725556,-1.57628
0.0707484,0.166317,0.0288302;-1.57051,0.724898,-1.5831
0.0719573,0.165173,0.0294876;-1.53633,0.787882,-1.6005
0.0773378,0.161229,0.0448785;-1.048,1.02054,-1.98864
0.0750056,0.159768,0.0451939;-1.04135,1.00225,-1.99331
0.0766438,0.16292,0.0313034;-1.46538,1.04691,-1.66633
0.0774869,0.165063,0.0286627;-1.5709,0.897421,-1.56671
0.0778302,0.165526,0.0287063;-1.57111,0.848527,-1.57838
0.0810646,0.167947,0.0293766;-1.56177,0.810478,-1.59549
0.110141,0.188061,0.0393796;-1.87291,0.957899,-1.35873
0.111926,0.191533,0.0390351;-1.84116,0.984025,-1.38691
0.105923,0.188253,0.0326912;-1.62919,1.01643,-1.56125
0.0982801,0.182049,0.0285873;-1.57087,1.08524,-1.57003
0.098624,0.182208,0.0285762;-1.57047,1.06444,-1.57112
0.0968915,0.181985,0.0289649;-1.54295,1.01171,-1.59059
0.11609,0.192478,0.0401095;-1.24563,1.0979,-1.84069
0.123986,0.194974,0.0406983;-1.19945,1.06782,-1.89956
0.130489,0.196663,0.0330947;-1.42648,1.02658,-1.70789
0.127053,0.197049,0.028927;-1.58075,1.02015,-1.57365
0.125103,0.195704,0.0290268;-1.57069,1.04774,-1.58628
0.124579,0.195481,0.0289764;-1.56471,1.03649,-1.59204
0.143561,0.206012,0.0378316;-1.32268,1.11588,-1.78776
0.162184,0.213694,0.0337296;-1.66418,1.09927,-1.50154
0.166716,0.21514,0.0301596;-1.57329,1.11419,-1.59317
0.165237,0.215828,0.0286957;-1.57089,1.04225,-1.57632
0.163775,0.21555,0.0286726;-1.57229,0.983363,-1.56469
0.163818,0.21549,0.0285799;-1.57051,1.01674,-1.57102
0.164645,0.214314,0.029506;-1.52663,1.1021,-1.61172
0.18717,0.220566,0.0417825;-1.65409,1.27724,-1.53833
0.199837,0.226796,0.0385287;-1.86638,1.21484,-1.36093
0.202882,0.225866,0.0347745;-1.7166,1.17189,-1.48794
0.200416,0.224591,0.0287729;-1.58218,1.15247,-1.56731
0.200115,0.224294,0.0286584;-1.57053,1.15623,-1.57465
0.20016,0.223751,0.0287103;-1.55562,1.19057,-1.58561
0.210709,0.233873,0.0364039;-2.15115,1.35401,-1.03016
0.212398,0.23496,0.0405446;-2.2558,1.34715,-0.966721
0.210258,0.232688,0.0335899;-1.75379,1.3819,-1.44011
0.211618,0.232391,0.0285901;-1.57096,1.27306,-1.57117
0.212005,0.232588,0.0287597;-1.57056,1.23938,-1.57964
0.211487,0.232731,0.0292709;-1.61521,1.23917,-1.54162
0.213509,0.235623,0.0386335;-2.2918,1.29042,-0.889647
0.217671,0.235075,0.0377656;-2.12733,1.27927,-1.06473
0.218139,0.232616,0.0341798;-1.817,1.26876,-1.36904
0.220301,0.230576,0.0286633;-1.57059,1.18377,-1.57492
0.220452,0.230963,0.0286573;-1.56524,1.16005,-1.57792
0.220178,0.231496,0.0290038;-1.52243,1.13129,-1.6143
0.237243,0.237754,0.0363883;-1.27215,1.25824,-1.83517
0.251811,0.242974,0.0359321;-1.479,1.26545,-1.65845
0.264577,0.244305,0.0318479;-1.70354,1.17906,-1.46554
0.272315,0.243235,0.0297733;-1.59947,1.0827,-1.56394
0.273827,0.242122,0.0291481;-1.60396,1.02821,-1.55266
0.27442,0.241606,0.028869;-1.57328,0.999946,-1.58085
0.272992,0.245127,0.0307192;-1.56355,1.15436,-1.5741
0.277041,0.248945,0.0371007;-1.39374,1.23464,-1.72442
0.286882,0.250875,0.0380326;-1.43192,1.18295,-1.71157
0.303044,0.252826,0.0289811;-1.58016,1.04955,-1.57693
0.303223,0.252949,0.0286152;-1.57026,1.01701,-1.57302
0.302911,0.253172,0.0285806;-1.57034,0.976698,-1.57111
0.301605,0.254773,0.0295642;-1.56347,1.05827,-1.57254
0.301666,0.257895,0.0351587;-1.85328,1.20769,-1.31771
0.302693,0.258918,0.0381392;-2.03119,1.29384,-1.17314
0.3115,0.256234,0.033221;-1.68812,1.18644,-1.50304
0.316649,0.255901,0.0291063;-1.60293,1.11834,-1.55302
0.317091,0.255383,0.0286102;-1.57019,1.08944,-1.57295
0.316798,0.254969,0.0287488;-1.56711,1.0702,-1.56784
0.318073,0.260531,0.031537;-1.63039,1.17731,-1.49011
0.318949,0.268025,0.0355047;-1.94535,1.27833,-1.21194
0.30674,0.271843,0.0323964;-1.77867,1.41465,-1.40167
0.305008,0.272525,0.0287947;-1.56913,1.40316,-1.58251
0.306617,0.273275,0.0286232;-1.57069,1.3177,-1.57295
0.311258,0.271614,0.0294497;-1.63273,1.18368,-1.52115
0.315899,0.271411,0.033199;-1.8087,1.16982,-1.35432
0.320225,0.275446,0.0361526;-1.99826,1.2184,-1.17134
0.315022,0.277595,0.0322302;-1.82065,1.31735,-1.34584
0.309103,0.27912,0.0288208;-1.5702,1.37396,-1.58279
0.308484,0.278964,0.0286268;-1.56918,1.37677,-1.57478
0.308368,0.279493,0.0287866;-1.55079,1.31214,-1.58521
0.309461,0.278813,0.0296466;-1.54066,1.28,-1.59027
0.322362,0.279761,0.0322788;-1.62935,1.29892,-1.48978
0.336495,0.277517,0.032636;-1.8056,1.26375,-1.36235
0.335681,0.277721,0.0315952;-1.6683,1.27094,-1.50925
0.327835,0.279285,0.0309188;-1.63778,1.34474,-1.53753
0.312861,0.280564,0.028925;-1.58585,1.47108,-1.5708
0.310822,0.280563,0.0289242;-1.61739,1.47661,-1.53453
0.315755,0.280782,0.0318698;-1.10075,1.46569,-2.0367
0.341236,0.279313,0.0353059;-1.51162,1.47972,-1.65628
0.349717,0.277149,0.0307863;-1.7186,1.41141,-1.45275
0.351396,0.276612,0.0288617;-1.58271,1.38321,-1.57009
0.349656,0.276155,0.028586;-1.56718,1.42964,-1.57456
0.349024,0.276069,0.0286552;-1.56689,1.46618,-1.57062
0.341913,0.275997,0.0294961;-1.6366,1.52322,-1.50911
0.35512,0.277119,0.0409041;2.74825,1.48866,0.341349
0.363967,0.275214,0.0377976;-2.83705,1.46746,-0.369587
0.367487,0.273252,0.0336326;-1.77783,1.45999,-1.42415
0.367556,0.273085,0.0286674;-1.56557,1.46064,-1.57991
0.367095,0.272662,0.028613;-1.56975,1.48448,-1.56987
0.366372,0.272465,0.0287979;-1.53086,1.49816,-1.6047
0.368852,0.278233,0.0351278;2.39297,1.42666,0.732533
0.370435,0.276967,0.0389147;2.45682,1.41931,0.629557
0.365432,0.274838,0.0322696;1.54927,1.47861,1.53731
0.367875,0.274924,0.0288375;1.64156,1.54423,1.48976
0.36695,0.275424,0.0290777;1.88978,1.53693,1.23851
0.3636,0.276877,0.0297539;1.90875,1.49158,1.2248
0.358408,0.28315,0.0367453;1.8892,1.30795,1.23109
0.364661,0.280518,0.0378305;1.69834,1.36769,1.41475
0.366318,0.277023,0.0300834;1.52735,1.39937,1.58148
0.353851,0.277398,0.0288869;1.52845,1.30489,1.60813
0.35525,0.278058,0.0289326;1.51924,1.35733,1.61536
0.355577,0.278436,0.028823;1.53188,1.38759,1.61369
0.355577,0.278436,0.028823;1.53188,1.38759,1.61369
0.355345,0.278343,0.0305503;1.39159,1.38254,1.75293
0.355345,0.278343,0.0305503;1.39159,1.38254,1.75293
