0,0,0.11;-1.57,-2.98023e-08,-1.57
0,0,0.11;-1.57,-2.98023e-08,-1.57
0,0,0.11;-1.57,-2.98023e-08,-1.57
0.000286838,0.00277104,0.0291238;-1.58514,-0.267808,-1.58684
-0.00112211,-0.00104936,0.0291909;-1.58618,-0.173202,-1.58811
-0.000979305,-0.00591569,0.0302145;-1.57226,-0.0625376,-1.59776
0.00375463,-0.0099726,0.0318115;-1.55856,0.171187,-1.61442
0.00136097,-0.0070213,0.0290325;-1.57061,0.0561705,-1.58675
5.43796e-05,-0.00450335,0.0287184;-1.57316,-0.0948113,-1.56738
-0.00289135,-0.0133611,0.0292505;-1.56083,-0.240721,-1.5586
-0.00243704,-0.00608178,0.031595;-1.54402,-0.191068,-1.52924
-0.00119863,0.00698938,0.0325203;-1.55812,-0.11492,-1.50997
-0.00533723,0.0181335,0.0341794;-1.61325,0.00190541,-1.51355
-0.0067237,0.0166086,0.0310665;-1.60274,0.141386,-1.58251
-0.00397788,0.013762,0.0300396;-1.55795,0.0639652,-1.58583
-0.00266716,0.0122769,0.0290077;-1.57092,-0.0105414,-1.58065
-0.00241662,0.01084,0.0287755;-1.56992,-0.00107914,-1.57936
-0.00299169,0.0091248,0.0288473;-1.57531,0.0526518,-1.57924
-0.00439665,0.00634671,0.0288262;-1.58082,0.164865,-1.57133
-0.00411964,0.0134627,0.0293315;-1.5848,0.251121,-1.55759
-0.00343652,0.0157384,0.0307992;-1.60251,0.228044,-1.55945
-0.00220268,0.0131292,0.029973;-1.56867,0.14471,-1.57959
-0.00482671,0.00246464,0.0302993;-1.53671,-0.0444211,-1.5628
-0.00455169,0.00304979,0.030405;-1.56524,0.00883203,-1.54145
-0.00568072,0.00229991,0.0314013;-1.55564,0.123256,-1.53428
-0.00542899,0.00146069,0.0309748;-1.55997,0.227341,-1.53618
-0.00484578,0.000983443,0.0299294;-1.56598,0.241981,-1.54847
-0.00839188,-0.0119089,0.0350923;-1.44086,0.216782,-1.59441
-0.0134642,-0.0214438,0.037321;-1.40291,0.141266,-1.58672
-0.0138648,-0.0202149,0.035784;-1.43326,0.141808,-1.57584
-0.011024,-0.0265308,0.032174;-1.54127,0.160135,-1.52921
-0.00860277,-0.0345907,0.0325045;-1.54699,0.165355,-1.52258
-0.00805789,-0.0385424,0.0312262;-1.54657,0.143744,-1.5397
-0.00320145,-0.0339682,0.0293602;-1.54074,0.284913,-1.57999
-0.00447606,-0.0385674,0.0324212;-1.48705,0.277913,-1.58749
-0.00524101,-0.0395668,0.0349836;-1.43661,0.26806,-1.59805
-0.0020638,-0.0373539,0.031537;-1.51483,0.320863,-1.57271
-0.00467775,-0.0381198,0.0313716;-1.5535,0.268051,-1.53406
-0.00856371,-0.0392883,0.0323531;-1.54868,0.177972,-1.52257
-0.0120829,-0.0238515,0.0329182;-1.5203,0.117526,-1.53533
-0.0119589,-0.0221573,0.0330351;-1.48695,0.111769,-1.56502
-0.0121035,-0.02402,0.0347049;-1.4594,0.110859,-1.56478
-0.0104913,-0.0233356,0.0368578;-1.43285,0.194257,-1.56389
-0.0107914,-0.0251486,0.0376387;-1.45986,0.197299,-1.52854
-0.0120945,-0.0243896,0.0376255;-1.49725,0.149905,-1.49093
-0.0100537,-0.00165102,0.0352217;-1.53022,0.00467731,-1.4855
-0.00553439,0.00623916,0.0343819;-1.51197,-0.0452701,-1.50552
-0.00309305,0.00672258,0.0330525;-1.48966,-0.109422,-1.53417
-0.00381283,0.00370216,0.0343396;-1.45303,-0.103599,-1.55253
-0.00340905,-0.00385049,0.0338077;-1.50519,0.00565758,-1.52879
-0.0025079,-0.00690167,0.0315376;-1.54984,0.0877907,-1.53094
-0.00526883,-0.0125682,0.0322519;-1.54366,-0.014679,-1.51804
-0.00864655,-0.0172378,0.0332046;-1.52217,-0.0735225,-1.51669
-0.0126773,-0.0232651,0.0358525;-1.45253,-0.136736,-1.51862
-0.013415,-0.0168044,0.0398828;-1.43674,-0.0736762,-1.47949
-0.0107402,-0.0113025,0.0410226;-1.44399,0.0144961,-1.47928
-0.0100331,-0.0107474,0.0406673;-1.46605,0.0948631,-1.48269
-0.0107792,-0.002274,0.0380746;-1.50743,0.161346,-1.48412
-0.0117785,-0.00443226,0.0370637;-1.5017,0.129157,-1.49425
-0.0153731,-0.0105571,0.0378917;-1.44827,0.059641,-1.52049
-0.0184912,-0.0146917,0.0370994;-1.42117,-0.0270771,-1.53888
-0.0184185,-0.0159405,0.0395723;-1.38174,-0.0352328,-1.5301
-0.019,-0.0173197,0.0415157;-1.33877,-0.0631693,-1.52804
-0.0131075,-0.00837339,0.0434728;-1.30909,0.00675394,-1.54963
-0.0124595,-0.00366401,0.0421289;-1.32312,-0.0314587,-1.56546
-0.0112737,0.0041988,0.0368968;-1.41332,-0.0491012,-1.56828
-0.00933365,0.00257296,0.0314991;-1.50432,-0.0751925,-1.56091
-0.00688489,0.00578249,0.0311601;-1.50855,-0.0355824,-1.56878
-0.00440731,0.00804187,0.0323217;-1.49505,0.0116027,-1.56345
-0.0040256,0.0160888,0.0356445;-1.45907,0.0145,-1.53823
-0.00239927,0.0132719,0.0350376;-1.44496,-0.0818005,-1.55264
-0.00383117,0.0148618,0.0329045;-1.48408,-0.113891,-1.56363
-0.00893552,0.0182092,0.029091;-1.54917,-0.164228,-1.57023
-0.00805311,0.0178344,0.0285843;-1.57082,-0.100194,-1.57055
-0.00865614,0.0187892,0.02874;-1.57116,-0.0327073,-1.56275
-0.0114052,0.0231341,0.029258;-1.5729,0.0626159,-1.55199
-0.0130681,0.0258455,0.0303869;-1.56298,0.0957694,-1.54305
-0.0128934,0.0270347,0.0318353;-1.51766,0.122945,-1.55535
-0.0205365,0.0129867,0.0380443;-1.39196,-0.0268238,-1.55428
-0.0210842,0.0059968,0.0379056;-1.38145,-0.00797301,-1.56577
-0.0180699,0.00740341,0.0376481;-1.41802,0.0512348,-1.54794
-0.0140819,0.0124689,0.0319458;-1.56225,0.109013,-1.51561
-0.0165039,0.00984405,0.0322879;-1.5116,0.0420051,-1.54043
-0.0160877,0.0123357,0.0330511;-1.47658,0.0200841,-1.56383
-0.0167418,0.013677,0.034778;-1.44166,-0.0534582,-1.56818
-0.0155126,0.0115243,0.0352856;-1.45288,-0.0181128,-1.58533
-0.0145708,0.0112039,0.0324443;-1.48665,-0.0021267,-1.57397
-0.0130783,0.0156496,0.0296619;-1.56587,0.0333112,-1.5468
-0.0114377,0.0174725,0.0291784;-1.55097,0.044716,-1.56173
-0.0080002,0.0203976,0.0290297;-1.54578,0.0955197,-1.56895
-0.00898523,0.0200311,0.0332533;-1.46866,0.036125,-1.57409
-0.0092535,0.0185194,0.0337579;-1.46597,0.0382144,-1.58322
-0.00869529,0.0179678,0.0346553;-1.45287,0.0443705,-1.58864
-0.0134579,0.0119351,0.0371592;-1.42136,-0.0339513,-1.53901
-0.0119455,0.0135356,0.0350008;-1.466,-0.0227222,-1.53831
-0.00855444,0.02006,0.0323902;-1.52103,0.0482269,-1.5368
-0.0100158,0.0252873,0.0327324;-1.49417,0.0718628,-1.55554
-0.0146071,0.0201055,0.0343262;-1.45378,-0.00607095,-1.5633
-0.014326,0.0192271,0.0342942;-1.44744,0.0198185,-1.57481
-0.0132947,0.017972,0.0332603;-1.46661,0.0425494,-1.57356
-0.0167495,0.0152749,0.0294933;-1.57479,-0.102356,-1.56773
-0.0155432,0.0109625,0.0288729;-1.56629,-0.290758,-1.55814
-0.0160992,0.00856221,0.0287;-1.57086,-0.426557,-1.56504
-0.0165565,0.00853441,0.0285789;-1.57092,-0.478241,-1.57079
-0.0161427,0.008226,0.0285784;-1.57096,-0.446,-1.57083
-0.0153119,0.00542305,0.028732;-1.57068,-0.322661,-1.57793
-0.00735636,-0.00696022,0.0307331;-1.56831,-0.142077,-1.5883
-0.00288205,-0.0176601,0.0315691;-1.51072,-0.206785,-1.55215
-0.0057822,-0.0202077,0.0305986;-1.51667,-0.294464,-1.54861
-0.00940485,-0.0179992,0.030992;-1.50431,-0.344876,-1.54135
-0.00958978,-0.0159827,0.0333691;-1.45741,-0.342658,-1.52841
-0.00956788,-0.0167416,0.0356321;-1.41671,-0.34106,-1.51512
-0.00901069,-0.0218368,0.0396237;-1.34108,-0.341442,-1.48374
-0.0106476,-0.0218274,0.0403045;-1.32326,-0.361305,-1.47156
-0.0135226,-0.0177405,0.0401171;-1.31823,-0.40501,-1.45994
-0.0165145,-0.010081,0.0357236;-1.40629,-0.484337,-1.4746
-0.016019,-0.0100817,0.0344937;-1.44763,-0.521515,-1.47999
-0.0151566,-0.00805296,0.0346709;-1.45764,-0.494873,-1.48177
-0.0112646,0.0073956,0.0363025;-1.54136,-0.294689,-1.46254
-0.00945903,0.0156904,0.0359308;-1.54816,-0.193332,-1.46734
-0.00996068,0.0185736,0.0358172;-1.52214,-0.186415,-1.47791
-0.0133852,0.00555096,0.036215;-1.45678,-0.342875,-1.48426
-0.0168674,-0.00400555,0.0332281;-1.46934,-0.458086,-1.506
-0.0180339,-0.00791872,0.032056;-1.48516,-0.495461,-1.51602
-0.01485,-0.00453125,0.0351236;-1.45602,-0.426312,-1.48795
-0.0134227,0.00271201,0.0368565;-1.44715,-0.335364,-1.4788
-0.0127018,0.0105935,0.0389496;-1.43555,-0.268533,-1.46762
-0.0138489,0.000437936,0.0378352;-1.36999,-0.342823,-1.49187
-0.0137631,-0.000396106,0.0356149;-1.41725,-0.360412,-1.50568
-0.0138925,-0.000645637,0.0332924;-1.46455,-0.364753,-1.52129
-0.0127159,-0.00175117,0.0313012;-1.54441,-0.369304,-1.52203
-0.0114055,0.00353307,0.0331889;-1.54704,-0.29742,-1.49769
-0.0107711,0.012348,0.03499;-1.53959,-0.208147,-1.48193
-0.0116884,0.0225817,0.0367889;-1.48197,-0.0953098,-1.49559
-0.0147727,0.0184604,0.0383287;-1.42399,-0.117948,-1.50725
-0.0185244,0.00971502,0.0365788;-1.42081,-0.209451,-1.51636
-0.0184809,0.00835473,0.0357273;-1.50333,-0.216387,-1.49038
-0.0166837,0.00931927,0.0363311;-1.53556,-0.201407,-1.4682
-0.0153068,0.00976129,0.0372496;-1.52668,-0.173257,-1.46549
-0.0169698,0.0176965,0.0391742;-1.42995,-0.179618,-1.48684
-0.0138922,0.0211965,0.0382972;-1.37204,-0.257228,-1.50842
-0.0104746,0.025887,0.0389349;-1.35515,-0.402344,-1.49053
-0.0157251,0.0355611,0.0371954;-1.37685,-0.506911,-1.46856
-0.0205235,0.0369386,0.0356112;-1.44793,-0.444519,-1.48707
-0.0249221,0.0386227,0.0354794;-1.52458,-0.386076,-1.47897
-0.0272978,0.0452008,0.033677;-1.53667,-0.367918,-1.49285
-0.0284493,0.0464682,0.0340131;-1.50368,-0.384175,-1.49991
-0.0284917,0.0438881,0.0351569;-1.43412,-0.459758,-1.49303
-0.0318056,0.035323,0.0356108;-1.40041,-0.521996,-1.48491
-0.0317742,0.0356261,0.0350128;-1.44184,-0.555772,-1.47812
-0.0313366,0.0341777,0.0356848;-1.4798,-0.58991,-1.46329
-0.0303695,0.0314848,0.0368937;-1.47225,-0.60441,-1.44176
-0.0313608,0.0348897,0.0366645;-1.42734,-0.558046,-1.45046
-0.0330299,0.0388359,0.0367694;-1.40129,-0.489135,-1.46674
-0.0309577,0.0363939,0.0364542;-1.40445,-0.452418,-1.48736
-0.0224761,0.0325278,0.0358857;-1.40723,-0.422769,-1.50735
-0.0144219,0.0297015,0.0336867;-1.45064,-0.477319,-1.51626
-0.00800755,0.0201618,0.0352792;-1.49225,-0.567392,-1.47204
-0.00548717,0.0124544,0.0342045;-1.47335,-0.665595,-1.47256
-0.00528734,0.00804405,0.0340194;-1.41367,-0.708229,-1.46317
0.00168707,0.00993946,0.0359935;-1.37948,-0.608319,-1.46105
0.0112642,0.00964976,0.0366569;-1.3777,-0.478834,-1.47885
0.0150163,0.0121515,0.0378053;-1.36588,-0.395587,-1.48263
0.00824844,0.00643416,0.0427232;-1.31437,-0.385466,-1.42909
0.00682189,0.00149817,0.0415989;-1.29466,-0.436435,-1.43287
0.00572287,0.00223931,0.0397275;-1.31758,-0.457185,-1.44979
0.00694678,-0.00443574,0.0309451;-1.5042,-0.557887,-1.52813
0.00711248,-0.00334313,0.0312591;-1.49545,-0.535398,-1.526
0.00813277,-0.00175572,0.0330489;-1.46597,-0.504362,-1.50732
0.0093896,0.00170439,0.0347076;-1.5439,-0.466154,-1.47987
0.00839465,-0.00258279,0.0330939;-1.54546,-0.568924,-1.49753
0.00928,-0.00806635,0.0310329;-1.54377,-0.628208,-1.52075
0.00992223,-0.0160554,0.0289735;-1.55783,-0.778207,-1.55201
0.0103113,-0.0145938,0.0289326;-1.56107,-0.747682,-1.55438
0.0105621,-0.0123693,0.0288174;-1.56672,-0.68568,-1.56005
0.00912696,0.000259692,0.0295714;-1.56576,-0.477033,-1.5471
0.00800124,0.00558244,0.0297045;-1.5723,-0.416236,-1.54789
0.00812608,0.00504568,0.0289261;-1.56206,-0.41817,-1.55856
0.00795543,-0.000848545,0.0296883;-1.53498,-0.447952,-1.55158
0.00684518,-0.00612553,0.0294702;-1.54218,-0.484333,-1.54591
0.00655738,-0.00540122,0.0305587;-1.55369,-0.47662,-1.53087
0.00655738,-0.00540122,0.0305587;-1.55369,-0.47662,-1.53087
0.00591412,0.00538269,0.0344436;-1.54559,-0.398978,-1.48553
0.00591412,0.00538269,0.0344436;-1.54559,-0.398978,-1.48553
