0,0,0.11;-1.57,-2.98023e-08,-1.57
0,0,0.11;-1.57,-2.98023e-08,-1.57
0,0,0.11;-1.57,-2.98023e-08,-1.57
-0.0011938,-0.00227857,0.0288149;-1.56375,-0.284496,-1.56407
-7.86178e-05,0.000720798,0.0287761;-1.56966,-0.234957,-1.56124
0.0021378,0.0121334,0.02988;-1.57386,-0.127672,-1.54998
0.00116009,0.0246656,0.0317845;-1.60455,-0.0159912,-1.54413
0.00380197,0.0168716,0.0287166;-1.56365,-0.203291,-1.56854
0.00296428,0.0155739,0.0288283;-1.56072,-0.248266,-1.56435
0.00208913,0.0140445,0.0288391;-1.55822,-0.295759,-1.56465
0.0036216,0.0172624,0.0290119;-1.54884,-0.222739,-1.56525
0.00478831,0.0253692,0.0295153;-1.56692,-0.0951157,-1.55284
0.000250027,0.03389,0.0322618;-1.58983,0.0395366,-1.53656
-0.00029525,0.0305399,0.0320864;-1.64139,0.0650753,-1.57211
0.000348535,0.0269314,0.0302384;-1.61687,0.0338541,-1.57312
0.000956098,0.0262147,0.0291356;-1.59193,0.000678271,-1.57663
0.0004288,0.0255107,0.029022;-1.58317,0.0158856,-1.57944
0.000349087,0.0283443,0.0291165;-1.58587,0.0669479,-1.57658
0.0022721,0.0425077,0.0322661;-1.60754,0.161025,-1.56053
0.00310614,0.0643783,0.0344529;-1.68063,0.180637,-1.56235
0.00725363,0.06442,0.0326572;-1.65533,0.095473,-1.56881
0.00976984,0.0615372,0.030179;-1.61848,0.0317359,-1.57416
0.00901275,0.0600124,0.0285881;-1.57101,0.00804841,-1.57153
0.00982701,0.0607414,0.028907;-1.55486,0.0853063,-1.57103
0.0136894,0.0673708,0.0296481;-1.56955,0.205231,-1.5514
0.015571,0.0754516,0.0311142;-1.58125,0.28992,-1.53263
0.017145,0.0764604,0.0288299;-1.57351,0.281005,-1.5605
0.0166839,0.0753688,0.0287226;-1.57225,0.186093,-1.57757
0.0169754,0.0763932,0.0286527;-1.57153,0.130398,-1.57433
0.0172236,0.0765113,0.028582;-1.57071,0.135326,-1.57084
0.0235442,0.0888502,0.0307108;-1.57465,0.379163,-1.53945
0.0219268,0.0967127,0.0324578;-1.59491,0.496163,-1.51575
0.0217757,0.097285,0.0300611;-1.5842,0.517565,-1.5493
0.0189591,0.0916449,0.0288567;-1.57263,0.524991,-1.58165
0.0180184,0.0911192,0.0290938;-1.58701,0.54109,-1.57314
0.0180943,0.0912435,0.0289693;-1.58549,0.535597,-1.56939
0.0204196,0.0913657,0.0289674;-1.55224,0.647219,-1.57759
0.031554,0.103377,0.0310731;-1.54194,0.760585,-1.5713
0.0401007,0.115039,0.0313592;-1.62438,0.796405,-1.52678
0.0383237,0.109505,0.0293033;-1.59773,0.749518,-1.56822
0.0318009,0.107105,0.0310421;-1.61662,0.812377,-1.56756
0.0206689,0.104837,0.0336033;-1.61155,0.916179,-1.60078
0.0145928,0.102791,0.0305007;-1.56505,1.07081,-1.61121
0.0336173,0.109669,0.029686;-1.59569,1.173,-1.55597
0.0520836,0.119845,0.0344325;-1.90581,1.24765,-1.25624
0.0557683,0.113721,0.0287345;-1.57001,1.0658,-1.5793
0.0582343,0.113686,0.0288408;-1.57106,0.953275,-1.58343
0.0583647,0.113142,0.0289709;-1.5781,0.929051,-1.57846
0.0550117,0.111198,0.0290869;-1.55781,1.01012,-1.59933
0.0583341,0.112655,0.0290823;-1.56406,1.13577,-1.57727
0.0669524,0.120143,0.0313736;-1.60285,1.30326,-1.51475
0.070897,0.121294,0.0286967;-1.57075,1.3089,-1.56514
0.0682289,0.121503,0.028589;-1.56579,1.22836,-1.57594
0.0676691,0.12199,0.0285769;-1.5709,1.19387,-1.57075
0.0650757,0.119417,0.0295789;-1.51302,1.27442,-1.64336
0.0647701,0.117396,0.0312588;-1.38553,1.3666,-1.76443
0.0729143,0.120107,0.0349784;-0.736366,1.45828,-2.38572
0.091607,0.122978,0.0294436;-1.46116,1.43594,-1.68824
0.0929616,0.123653,0.0292505;-1.48743,1.37469,-1.6686
0.0954767,0.124135,0.0294174;-1.54905,1.32139,-1.61104
0.0976623,0.12307,0.0331054;-1.51984,1.27356,-1.68202
0.105727,0.123892,0.0358187;-1.40389,1.29639,-1.81157
0.122901,0.124865,0.0397473;-1.77278,1.40824,-1.42678
0.146328,0.128395,0.0342086;-2.08236,1.37902,-1.08647
0.14686,0.126317,0.0298413;-1.67484,1.33662,-1.48083
0.146181,0.126458,0.0289679;-1.59112,1.31564,-1.56421
0.141112,0.126907,0.0296226;-1.59293,1.36573,-1.57213
0.14006,0.124416,0.0305643;-1.53348,1.40435,-1.64483
0.147497,0.119027,0.0331093;-1.39288,1.50247,-1.7923
0.177498,0.11935,0.0375195;2.73492,1.37534,0.407653
0.178819,0.115413,0.0327937;-2.97787,1.48148,-0.167046
0.177065,0.114506,0.0287463;-1.54882,1.4868,-1.59945
0.177557,0.114978,0.028673;-1.57094,1.4207,-1.57509
0.176353,0.114977,0.0288187;-1.56862,1.47046,-1.58443
0.175762,0.114199,0.0294055;-1.54946,1.50114,-1.60616
0.184156,0.109665,0.0394968;1.9143,1.35404,1.18891
0.194709,0.104154,0.0401127;2.23297,1.32091,0.881337
0.199184,0.0996492,0.0341655;2.14718,1.3978,0.98268
0.199461,0.0966823,0.0288047;1.94686,1.54619,1.19297
0.199458,0.0964308,0.0287806;1.8893,1.54733,1.24972
0.199386,0.0960943,0.0287495;1.61626,1.56157,1.51777
0.219741,0.0898696,0.0334218;1.75677,1.43746,1.38012
0.231906,0.0857108,0.0340891;2.29006,1.42227,0.852818
0.233324,0.0855076,0.0335736;2.22916,1.42778,0.901617
0.229814,0.0896197,0.0292158;1.77783,1.478,1.35594
0.229571,0.0895138,0.0290193;1.77822,1.46888,1.3578
0.229921,0.089329,0.0293068;1.83719,1.47052,1.30141
0.243858,0.0895213,0.0372229;2.08516,1.22146,1.09066
0.245219,0.0883346,0.0365945;2.06194,1.22025,1.10061
0.245436,0.0876141,0.035565;1.96381,1.24167,1.17663
0.249259,0.0852052,0.0325447;1.73589,1.40546,1.36544
0.249401,0.0895438,0.0321143;1.65154,1.39261,1.44687
0.249518,0.0917281,0.0295341;1.56568,1.39637,1.55344
0.256182,0.0962975,0.0326994;1.68461,1.18511,1.48972
0.255142,0.0982319,0.0327151;1.74277,1.12826,1.4167
0.249982,0.0989192,0.0321848;1.6861,1.07107,1.45343
0.246334,0.097081,0.0312744;1.5877,1.08307,1.51615
0.252266,0.093423,0.0291014;1.60985,1.19689,1.52533
0.25181,0.093816,0.0288405;1.56662,1.19722,1.56318
0.250914,0.0934083,0.0289455;1.5477,1.15814,1.58677
0.257031,0.0862336,0.034635;1.41253,0.995525,1.69277
0.258877,0.0781286,0.0317701;1.52924,1.01113,1.57029
0.25894,0.0721573,0.0311059;1.56041,1.07129,1.53569
0.254429,0.083145,0.0299591;1.56478,1.08096,1.5513
0.255341,0.0831774,0.0288759;1.56626,1.09633,1.56204
0.256199,0.0833827,0.0288498;1.55532,1.12681,1.57822
0.265106,0.0744934,0.030599;1.56956,0.951256,1.59115
0.268396,0.0675519,0.0306196;1.62093,0.946918,1.53169
0.268073,0.0654957,0.0290983;1.58474,0.938442,1.5429
0.260834,0.0737436,0.0316533;1.58534,0.882365,1.51617
0.259284,0.0795354,0.0324209;1.55588,0.86772,1.52644
0.258366,0.0817633,0.0299146;1.56312,0.848717,1.54998
0.26112,0.0789709,0.0299961;1.5501,0.714389,1.59775
0.265336,0.0724836,0.0289322;1.56376,0.74899,1.57916
0.265712,0.0706715,0.0286781;1.56747,0.755093,1.57083
0.264713,0.0709087,0.0290432;1.56219,0.744516,1.56223
0.261667,0.0734005,0.0308563;1.55726,0.726979,1.54542
0.258118,0.0772471,0.0309791;1.53829,0.691708,1.55988
0.255719,0.0800807,0.0332575;1.48368,0.575943,1.6214
0.256588,0.0792929,0.0321068;1.50447,0.534082,1.61501
0.255935,0.081182,0.0287715;1.56681,0.554731,1.57843
0.253804,0.0838424,0.0287838;1.58054,0.691891,1.56727
0.253399,0.0838678,0.0286169;1.57237,0.709222,1.57093
0.253439,0.0835526,0.0285816;1.57077,0.70855,1.57054
0.256268,0.077997,0.0295904;1.55174,0.68695,1.58951
0.261824,0.0681593,0.0312596;1.53534,0.626187,1.61018
0.264362,0.0603146,0.0289445;1.56508,0.655183,1.5783
0.264384,0.0580069,0.0285796;1.5708,0.670117,1.57077
0.2638,0.0587626,0.0286496;1.57056,0.655135,1.56748
0.263437,0.0597368,0.0288929;1.57969,0.626611,1.55804
0.262859,0.0597458,0.0308186;1.56354,0.616854,1.54654
0.268658,0.049738,0.0320209;1.58899,0.598055,1.54738
0.275061,0.0328981,0.0339717;1.67866,0.60142,1.51822
0.274372,0.0247615,0.0288117;1.57046,0.70709,1.55983
0.275119,0.0231213,0.0287984;1.57507,0.772052,1.56056
0.275064,0.0230874,0.0287833;1.57678,0.785501,1.56112
0.274038,0.027538,0.0290204;1.57609,0.653961,1.55346
0.272463,0.03041,0.0298905;1.5607,0.559874,1.5707
0.273757,0.0288223,0.0310921;1.52998,0.473679,1.59885
0.272349,0.0290668,0.0286946;1.56945,0.461654,1.57566
0.272505,0.0285871,0.0285794;1.57072,0.443158,1.57081
0.272463,0.028868,0.0285794;1.57066,0.453239,1.57085
0.272422,0.0292571,0.0287418;1.56206,0.486736,1.57507
0.272662,0.0285904,0.0290365;1.56015,0.469706,1.58025
0.276128,0.026301,0.030623;1.54296,0.403874,1.5856
0.279642,0.020074,0.0286837;1.56761,0.47298,1.5748
0.279783,0.0202835,0.0287507;1.56208,0.473586,1.57407
0.279871,0.0203294,0.0287322;1.56248,0.48691,1.57459
0.280257,0.0209652,0.0286889;1.56951,0.542643,1.57596
0.280049,0.0202368,0.0288444;1.56941,0.54646,1.57819
0.280653,0.0173479,0.0308828;1.60157,0.541582,1.56932
0.276353,0.0113417,0.0292219;1.59701,0.605311,1.55609
0.276562,0.0131397,0.0288097;1.56846,0.566882,1.55938
0.276666,0.0141613,0.028811;1.57267,0.528161,1.56057
0.276547,0.0162687,0.0288116;1.57031,0.493785,1.55973
0.277558,0.018033,0.0290453;1.59166,0.444844,1.55817
0.280331,0.0193297,0.0319512;1.62327,0.334421,1.55461
0.280751,0.0205902,0.0342193;1.66844,0.278078,1.53207
0.27944,0.0206133,0.0289151;1.57182,0.323591,1.55573
0.278341,0.0167394,0.0287639;1.57392,0.423223,1.56343
0.278379,0.014027,0.028583;1.57073,0.55621,1.57072
0.278201,0.0144692,0.028831;1.55665,0.549507,1.57826
0.278362,0.0131849,0.0290845;1.55964,0.539855,1.58043
0.282116,0.0112801,0.0305081;1.57579,0.492848,1.56458
0.279847,0.0141866,0.029051;1.56688,0.526119,1.56721
0.279618,0.0137392,0.0287799;1.57068,0.530876,1.56141
0.28043,0.0124305,0.0287022;1.57085,0.557646,1.56497
0.281295,0.0116365,0.028712;1.5707,0.607443,1.5646
0.281893,0.0108213,0.0286645;1.5705,0.653,1.57577
0.28597,0.00577298,0.0316253;1.57901,0.583515,1.59974
0.284651,0.0051368,0.0289283;1.57233,0.597342,1.57378
0.28428,0.00494179,0.0286585;1.57111,0.597451,1.5666
0.282315,0.00740586,0.0286215;1.57116,0.466506,1.56831
0.282116,0.00756161,0.0285791;1.57074,0.459006,1.57087
0.282045,0.00756088,0.0285786;1.57082,0.461598,1.57087
0.285369,0.00423033,0.0307698;1.58476,0.46808,1.57473
0.284118,0.00318689,0.0320201;1.64269,0.532654,1.53147
0.281344,0.00353647,0.0290494;1.58344,0.56859,1.54925
0.28033,0.00296122,0.0306294;1.59621,0.556415,1.52959
0.27986,0.00806792,0.0297586;1.58968,0.495497,1.54171
0.279585,0.010797,0.0290424;1.58244,0.450941,1.55247
0.279585,0.010797,0.0290424;1.58244,0.450941,1.55247
0.279029,0.013806,0.0290527;1.57064,0.366803,1.56927
0.279029,0.013806,0.0290527;1.57064,0.366803,1.56927
