0,0,0.11;-1.57,-2.98023e-08,-1.57
0,0,0.11;-1.57,-2.98023e-08,-1.57
0,0,0.11;-1.57,-2.98023e-08,-1.57
-0.000856777,-0.00149954,0.0286291;-1.56862,-0.27472,-1.56802
-0.000627673,-0.0012138,0.0285795;-1.57088,-0.12432,-1.57082
-0.000762524,-0.00464935,0.0296738;-1.57761,0.0530729,-1.58542
0.00163154,-0.00468367,0.0382893;-1.68149,0.189621,-1.60714
0.000832183,-0.0127605,0.0289833;-1.56816,-0.00959343,-1.58758
0.00212543,-0.00893424,0.0286115;-1.56941,-0.165727,-1.57271
0.00263112,-0.00883539,0.028588;-1.57106,-0.275776,-1.57053
0.00313095,-0.00924364,0.0286034;-1.57001,-0.100269,-1.57242
0.00614633,-0.0147796,0.0291937;-1.56409,0.107072,-1.5768
0.0088846,-0.0194735,0.0343359;-1.48926,0.288318,-1.59813
0.00901288,-0.0254368,0.0316828;-1.57641,0.22918,-1.61218
0.00892821,-0.0273247,0.0300751;-1.56486,0.122358,-1.60459
0.00877549,-0.0205331,0.0289734;-1.57817,0.0126985,-1.58342
0.00908391,-0.02011,0.0287646;-1.57067,0.0023177,-1.57958
0.0102643,-0.0214379,0.0287428;-1.56604,0.12081,-1.57499
0.013559,-0.0259148,0.0338816;-1.48112,0.340156,-1.6009
0.0129549,-0.031076,0.0354469;-1.46251,0.443596,-1.61893
0.0112345,-0.0340056,0.032783;-1.59743,0.321971,-1.60116
0.0132051,-0.0324232,0.030458;-1.56809,0.227151,-1.60793
0.0144515,-0.0266898,0.0290918;-1.58506,0.126493,-1.5809
0.0126014,-0.029795,0.0291832;-1.57367,0.197389,-1.59091
0.0142982,-0.0325673,0.0306732;-1.55338,0.333227,-1.59769
0.0202187,-0.02319,0.0338579;-1.50518,0.457558,-1.6184
0.0249379,-0.014786,0.0324365;-1.60999,0.388801,-1.59035
0.0290993,-0.0154382,0.0304697;-1.60175,0.262315,-1.58581
0.0277715,-0.0194871,0.0312414;-1.60558,0.309769,-1.58892
0.0231143,-0.0241481,0.031277;-1.57714,0.394737,-1.61326
0.0264205,-0.0291507,0.0336898;-1.50513,0.730411,-1.64746
0.0328597,-0.0186048,0.0361231;-1.56877,0.839363,-1.6005
0.0415868,-0.00616122,0.0357647;-1.69099,0.760129,-1.51999
0.0416923,-0.00484037,0.0295256;-1.5729,0.512475,-1.59152
0.0429895,-0.0048757,0.0298704;-1.60146,0.473355,-1.57203
0.0392956,-0.00941986,0.0307047;-1.60272,0.548114,-1.57764
0.0392539,-0.0194523,0.0331579;-1.5359,0.846759,-1.65301
0.0465663,-0.0151884,0.0367083;-1.60901,1.03477,-1.58742
0.0553245,-0.00563962,0.0412348;-1.81621,1.06843,-1.42454
0.0573884,0.000732282,0.0289173;-1.56174,0.773873,-1.58904
0.0584411,0.00466945,0.0288077;-1.57095,0.604335,-1.58225
0.0603047,0.00547483,0.0290713;-1.58926,0.53973,-1.56913
0.0547916,-0.00730591,0.0326935;-1.54669,0.793688,-1.64505
0.0648341,-0.00680571,0.0367238;-1.6204,0.989992,-1.5939
0.073486,0.000403551,0.0448201;-1.92259,1.12994,-1.34321
0.0616534,-0.00689752,0.0410299;-1.82125,0.959238,-1.43131
0.0460974,-0.0120276,0.0310052;-1.55703,0.848633,-1.61914
0.0435819,-0.00672245,0.0289973;-1.57912,0.755646,-1.57778
0.0532166,0.000590595,0.0296861;-1.57005,0.6697,-1.5955
0.0611055,-0.00102172,0.0346203;-1.57102,0.861413,-1.62214
0.0717053,0.00494045,0.0432306;-1.7934,1.01782,-1.46519
0.0721638,0.00668824,0.0423265;-1.83613,0.879189,-1.43415
0.0599946,0.00339437,0.0338327;-1.60027,0.790197,-1.61024
0.0586957,0.00602084,0.028888;-1.57671,0.690391,-1.57702
0.0587132,0.00565988,0.0287786;-1.56963,0.720941,-1.58021
0.0609303,0.00463562,0.0314801;-1.54828,0.858092,-1.61755
0.0675488,0.00824482,0.0388458;-1.71455,1.02322,-1.49891
0.078291,0.00912012,0.0421238;-1.84357,1.00756,-1.4154
0.0755185,0.00943055,0.0406516;-1.81509,0.936314,-1.43786
0.0658915,0.0122292,0.0320262;-1.56096,0.840435,-1.63047
0.0621828,0.0124444,0.0286846;-1.57062,0.870749,-1.57595
0.0624957,0.0107751,0.0297586;-1.5441,0.934164,-1.61007
0.0703262,0.0127559,0.0324522;-1.53071,1.08051,-1.63638
0.0894505,0.0201296,0.0407963;-1.88378,1.18266,-1.34209
0.0900329,0.0180578,0.0411653;-1.93593,1.09747,-1.29645
0.0886957,0.0152528,0.0373383;-1.75224,1.03311,-1.47306
0.0814678,0.0162576,0.0294862;-1.59126,1.02204,-1.57028
0.0761385,0.0141675,0.0295174;-1.56586,1.10446,-1.59721
0.0725672,0.00669447,0.0309812;-1.4901,1.26192,-1.67198
0.103711,0.0158393,0.0406025;-2.34604,1.41458,-0.861747
0.11057,0.0188571,0.0422587;-2.26163,1.31044,-0.952934
0.106245,0.0166615,0.036654;-1.8998,1.21491,-1.29838
0.0952607,0.0135545,0.0326678;-1.65493,1.22313,-1.5394
0.0846409,0.0145417,0.0316037;-1.56393,1.34914,-1.62579
0.0789112,0.0108271,0.0317077;-1.32269,1.49696,-1.85681
0.0987259,0.00841576,0.0376794;1.81478,1.30836,1.29364
0.108558,0.00995464,0.042375;2.36349,1.36241,0.731175
0.110435,0.00945308,0.0365085;-2.87398,1.49274,-0.314902
0.119264,0.00982967,0.0326771;-1.68781,1.28603,-1.50403
0.112091,0.0106736,0.0330381;-1.67007,1.37691,-1.52812
0.10333,0.00937906,0.0321103;-1.34552,1.50081,-1.84606
0.111844,0.00596317,0.0387513;1.79289,1.26265,1.31031
0.124041,0.00374534,0.0415578;2.04405,1.30194,1.04801
0.125788,0.00299304,0.0332637;1.77337,1.42868,1.33759
0.136486,0.00923334,0.0298393;-1.61168,1.43721,-1.55362
0.137687,0.00820015,0.0300502;-1.63231,1.43,-1.53639
0.134918,0.00759629,0.031123;-1.56921,1.46786,-1.61489
0.134827,0.00359946,0.0376043;1.71322,1.33676,1.37373
0.147635,0.0024624,0.0434238;2.06259,1.23992,1.02905
0.149448,0.000724568,0.0389317;1.90925,1.27476,1.1928
0.153079,0.00585795,0.028859;1.5608,1.44852,1.56824
0.157467,0.00644555,0.0289786;1.62179,1.52339,1.50371
0.161438,0.00469703,0.0291128;1.94386,1.55221,1.17936
0.162716,-0.00313763,0.0373817;1.64753,1.30573,1.42858
0.175284,-0.00545013,0.0429062;2.02828,1.20097,1.07734
0.17993,-0.00511976,0.0428453;1.95265,1.14511,1.15265
0.172893,0.00123209,0.0288749;1.577,1.28591,1.55271
0.176764,0.00144456,0.0286329;1.57685,1.45149,1.56224
0.17567,0.00147777,0.0289603;1.55946,1.38988,1.56539
0.174524,-0.00167525,0.0318345;1.51078,1.29827,1.58664
0.200215,-0.0121719,0.0449225;1.86298,0.965775,1.24384
0.204909,-0.0150245,0.0445399;1.89021,0.992862,1.21759
0.203178,-0.0112816,0.0411792;1.86589,1.07084,1.24175
0.204354,-0.000660785,0.0291552;1.59184,1.28423,1.53651
0.203402,0.00039711,0.0286924;1.5705,1.22998,1.56576
0.199548,-0.000375218,0.028995;1.56596,1.09054,1.56182
0.211447,-0.0123662,0.0395118;1.69264,0.832063,1.423
0.22558,-0.0202405,0.0435448;1.80548,0.817377,1.32521
0.226077,-0.0245522,0.0418294;1.82262,0.895159,1.30694
0.226717,-0.0161419,0.0345363;1.62813,0.964598,1.4598
0.224049,-0.0114482,0.0302599;1.57706,0.91306,1.53689
0.220863,-0.00961353,0.0290042;1.56164,0.80494,1.56339
0.210183,-0.0133397,0.0339662;1.4803,0.500484,1.60979
0.215071,-0.019988,0.0388534;1.48961,0.504376,1.60633
0.227701,-0.0355924,0.0408246;1.71243,0.587805,1.42362
0.238515,-0.0517046,0.038592;1.68608,0.771174,1.4095
0.237509,-0.0478127,0.0366;1.60331,0.73432,1.4564
0.236955,-0.0422178,0.0306218;1.57082,0.620459,1.53536
0.226745,-0.0416325,0.0340379;1.4872,0.327441,1.58205
0.225713,-0.0447069,0.0364587;1.43819,0.250487,1.62081
0.227223,-0.0488718,0.0339983;1.52037,0.223637,1.57098
0.239735,-0.0540521,0.0299558;1.57556,0.376845,1.54522
0.244234,-0.055733,0.028851;1.57063,0.469122,1.55797
0.245114,-0.0562905,0.0287306;1.57075,0.491766,1.56369
0.238655,-0.0552014,0.0299901;1.54594,0.214939,1.56906
0.234611,-0.0573805,0.0337702;1.48319,0.0920184,1.58667
0.234831,-0.0618018,0.0340936;1.49622,0.061732,1.5924
0.239268,-0.0705952,0.0296938;1.57301,0.241541,1.54821
0.240511,-0.0711706,0.0288568;1.57034,0.282548,1.55786
0.24217,-0.0770515,0.0290818;1.58237,0.387242,1.55621
0.241861,-0.081941,0.0296743;1.563,0.236368,1.56206
0.24422,-0.0908885,0.0301789;1.58163,0.090282,1.56838
0.247263,-0.099512,0.0341065;1.643,0.0352993,1.54919
0.246087,-0.111304,0.0343322;1.65332,0.190434,1.52642
0.245021,-0.11256,0.0290179;1.57958,0.241771,1.55672
0.245706,-0.113975,0.0288196;1.57065,0.293219,1.55929
0.244745,-0.112497,0.0328292;1.5136,0.25063,1.54898
0.242074,-0.115171,0.0361667;1.43577,0.161833,1.58859
0.239945,-0.121011,0.0417974;1.35489,0.029205,1.615
0.248524,-0.137103,0.0333222;1.59514,0.0986852,1.53639
0.251235,-0.142724,0.0331099;1.58788,0.135497,1.51841
0.250855,-0.147938,0.0293494;1.56235,0.246589,1.55248
0.250256,-0.148063,0.0305308;1.53389,0.214964,1.55633
0.247029,-0.146293,0.0350057;1.45817,0.144015,1.56298
0.244809,-0.150755,0.0416378;1.33095,0.0236507,1.60357
0.252829,-0.157949,0.0378717;1.42412,0.0868226,1.57703
0.256274,-0.161595,0.0334018;1.59157,0.17063,1.51551
0.260406,-0.161897,0.0302686;1.56378,0.256873,1.5432
0.26297,-0.164599,0.0288166;1.57036,0.295676,1.55969
0.259641,-0.162624,0.0318549;1.54201,0.196156,1.53742
0.253585,-0.161273,0.03718;1.44403,0.035875,1.54782
0.259329,-0.189436,0.0376723;1.65593,0.112597,1.50432
0.257898,-0.207765,0.0407602;1.75364,0.240876,1.47685
0.255856,-0.212338,0.0386683;1.70116,0.344648,1.46959
0.260331,-0.204312,0.0316305;1.58846,0.301874,1.52624
0.262089,-0.194564,0.0307958;1.57076,0.1666,1.53259
0.258288,-0.195683,0.0356479;1.57614,-0.00238994,1.51076
0.255593,-0.219847,0.0439426;1.75452,-0.0971954,1.50247
0.25133,-0.223985,0.0421885;1.72621,0.00260374,1.49062
0.251738,-0.227452,0.0408842;1.71586,0.138849,1.48092
0.253159,-0.237974,0.0347397;1.61098,0.317885,1.49462
0.256187,-0.233748,0.031551;1.63714,0.210475,1.55126
0.259989,-0.22516,0.029332;1.56952,0.0368327,1.56
0.255927,-0.227807,0.0364216;1.61878,-0.231655,1.53682
0.252379,-0.230653,0.0397008;1.67648,-0.210058,1.52393
0.247427,-0.231845,0.0393203;1.67786,-0.0878053,1.50267
0.247065,-0.234741,0.0379765;1.62326,0.124974,1.47144
0.246154,-0.239437,0.0358086;1.62818,0.143859,1.5
0.245803,-0.241996,0.0336889;1.67459,0.104155,1.55313
0.245032,-0.248815,0.0334229;1.56365,-0.230548,1.54357
0.244966,-0.250432,0.0356388;1.62396,-0.257886,1.54526
0.242433,-0.249043,0.0372344;1.65281,-0.245819,1.53026
0.243229,-0.24485,0.0364203;1.61931,-0.0825238,1.49619
0.240407,-0.247256,0.0361114;1.60008,-0.0438994,1.48607
0.240777,-0.250162,0.0361038;1.67242,-0.0824797,1.54125
0.233488,-0.268851,0.037317;1.6422,-0.349249,1.53916
0.233204,-0.272021,0.0353609;1.62123,-0.413891,1.55251
0.235192,-0.277819,0.0316044;1.58852,-0.439898,1.55537
0.235126,-0.280937,0.034768;1.61726,-0.312092,1.52666
0.233584,-0.28152,0.0348311;1.58321,-0.25772,1.49345
0.232007,-0.280328,0.0336827;1.59682,-0.293191,1.51845
0.232007,-0.280328,0.0336827;1.59682,-0.293191,1.51845
0.22847,-0.285796,0.034078;1.58925,-0.42192,1.5182
0.22847,-0.285796,0.034078;1.58925,-0.42192,1.5182
