0,0,0.11;-1.57,-2.98023e-08,-1.57
0,0,0.11;-1.57,-2.98023e-08,-1.57
0,0,0.11;-1.57,-2.98023e-08,-1.57
-0.000677615,-0.00101462,0.0285802;-1.57086,-0.22744,-1.57091
-0.000241423,-0.000471478,0.0285804;-1.57074,-0.157002,-1.57091
0.000885533,2.12602e-06,0.0292372;-1.55558,-0.088988,-1.57144
0.00321973,0.00151949,0.0353284;-1.48301,0.0707889,-1.5866
0.00291775,0.00197966,0.0287701;-1.57113,-0.0525389,-1.57974
0.00283479,0.0039151,0.0286344;-1.57079,-0.14146,-1.57342
0.00242752,0.00377572,0.0286242;-1.56875,-0.197062,-1.57023
0.00336369,0.00569966,0.0288513;-1.5582,-0.118056,-1.56848
0.00377165,0.0108684,0.0299661;-1.56217,0.0128728,-1.55821
-0.000870664,0.0132076,0.0339702;-1.57958,0.165732,-1.54888
-0.00134128,-0.00889128,0.0420636;-1.56463,0.184649,-1.58062
-0.00299148,-0.0102993,0.0371382;-1.6217,0.102396,-1.5776
-0.00279977,-0.0121179,0.0289697;-1.58493,0.0240694,-1.57533
-0.00133894,-0.0144579,0.0289442;-1.57469,-0.0832106,-1.55627
-0.000254094,-0.0121765,0.0293004;-1.55235,-0.0385908,-1.55687
0.00095134,-0.00305997,0.0303883;-1.56618,0.0796428,-1.5469
-0.00320428,-0.0241986,0.0409094;-1.40674,0.231663,-1.62724
-0.00767085,-0.0446639,0.0391573;-1.39995,0.146952,-1.61259
-0.0122909,-0.0458982,0.0312631;-1.54525,0.0170509,-1.59655
-0.0124008,-0.0406174,0.0285832;-1.57099,-0.129642,-1.57047
-0.011189,-0.0400742,0.0288944;-1.55569,-0.0698491,-1.5695
-0.0085947,-0.036355,0.0297265;-1.53924,-0.0275293,-1.56671
-0.00563785,-0.0311573,0.0314965;-1.51479,0.0737832,-1.56662
-0.00537088,-0.0377296,0.0336705;-1.49139,0.143852,-1.58847
-0.0102145,-0.0594486,0.0313649;-1.57703,0.0908342,-1.61231
-0.0110585,-0.0595807,0.028896;-1.5746,0.0983721,-1.58158
-0.0105872,-0.0588397,0.0285797;-1.57079,0.0798049,-1.57077
-0.00356006,-0.0392265,0.0310956;-1.55152,0.204334,-1.54358
-0.00238607,-0.0255721,0.0334149;-1.59324,0.293193,-1.51689
-0.00359217,-0.0266554,0.0369238;-1.63687,0.357237,-1.52865
-0.000518614,-0.0467544,0.0350081;-1.67842,0.308467,-1.56951
0.000236256,-0.048832,0.0348272;-1.67616,0.264216,-1.57017
0.000308058,-0.0502416,0.0299541;-1.61304,0.234111,-1.56674
0.00142107,-0.0489106,0.0301141;-1.52425,0.254355,-1.58158
0.00430805,-0.0367889,0.0352653;-1.43703,0.262609,-1.60308
0.00601269,-0.0283651,0.038321;-1.44474,0.224645,-1.60943
0.00214851,-0.0597724,0.035146;-1.57248,0.138713,-1.65175
-0.00358682,-0.0697619,0.0343449;-1.5778,0.091498,-1.64775
-0.00550717,-0.0701821,0.0329721;-1.58583,0.094393,-1.62343
-0.00430038,-0.0685283,0.0290632;-1.55888,0.13744,-1.58399
-0.00250456,-0.0637292,0.0333031;-1.47479,0.145042,-1.59027
-0.000466278,-0.0511387,0.0394851;-1.37435,0.158874,-1.60501
0.00993024,-0.0466965,0.0395868;-1.49172,0.136533,-1.66095
0.0116028,-0.0542236,0.0352485;-1.57797,0.0821717,-1.66087
0.0103658,-0.057391,0.0355737;-1.58685,0.0512878,-1.65271
0.00624673,-0.0629651,0.029673;-1.56702,0.12413,-1.59651
0.0100732,-0.0526057,0.0299207;-1.54585,0.184414,-1.57402
0.0142716,-0.0356987,0.0319499;-1.60161,0.292051,-1.53098
0.0215484,-0.0306953,0.0332615;-1.64933,0.287125,-1.56338
0.0243018,-0.0339732,0.0336165;-1.61311,0.221524,-1.60757
0.0238885,-0.0383796,0.0345932;-1.60708,0.204323,-1.63319
0.0186843,-0.042268,0.0303195;-1.58631,0.286495,-1.59278
0.0156005,-0.0408391,0.0296011;-1.57459,0.350203,-1.58835
0.0138483,-0.0390553,0.0310879;-1.5269,0.400845,-1.59357
0.0119457,-0.0467929,0.0408633;-1.38653,0.289964,-1.64349
0.0129613,-0.0551984,0.039974;-1.433,0.144682,-1.63908
0.0134839,-0.054652,0.0307438;-1.57445,0.0911473,-1.60994
0.0155712,-0.0546414,0.032434;-1.59151,0.0965116,-1.61832
0.0163172,-0.0510071,0.0302543;-1.5791,0.0948739,-1.59785
0.0143967,-0.0503326,0.0287446;-1.57123,0.152141,-1.57793
0.00904507,-0.0564594,0.0347584;-1.47589,0.162898,-1.57926
0.00756059,-0.0697364,0.0357074;-1.45632,0.142595,-1.61033
0.00758957,-0.0709161,0.0327083;-1.54047,0.115163,-1.62094
0.00869184,-0.0714459,0.031936;-1.58097,0.0908362,-1.61667
0.00876457,-0.0720066,0.029381;-1.5927,0.104115,-1.57716
0.00796601,-0.0723662,0.0291793;-1.5942,0.127685,-1.56246
0.0071058,-0.061406,0.0325702;-1.5515,0.210057,-1.52855
0.0127778,-0.0518988,0.0300205;-1.56035,0.220613,-1.55888
0.0138747,-0.0502824,0.0294026;-1.55877,0.233261,-1.58216
0.0115309,-0.0487619,0.0289753;-1.56579,0.155793,-1.58542
0.00995757,-0.0537805,0.0289945;-1.57644,0.218132,-1.58414
0.0101294,-0.0542945,0.0289057;-1.57693,0.24614,-1.5788
0.0100782,-0.0412251,0.0336074;-1.47076,0.29613,-1.58431
0.0139673,-0.0376032,0.0343501;-1.45347,0.305139,-1.59877
0.0204226,-0.0358579,0.0319555;-1.49909,0.253706,-1.59371
0.0178762,-0.0413425,0.0304062;-1.56561,0.248889,-1.60183
0.0165593,-0.0455689,0.0297058;-1.57456,0.267151,-1.59289
0.0160587,-0.048951,0.0290808;-1.58126,0.313277,-1.58382
0.015797,-0.0484485,0.0292834;-1.57003,0.389278,-1.57261
0.0170844,-0.0476227,0.0297426;-1.54193,0.377172,-1.58121
0.0154636,-0.0473059,0.0313215;-1.50347,0.31045,-1.58646
0.0142098,-0.0446981,0.0308088;-1.54855,0.312023,-1.61162
0.0150106,-0.0472545,0.0305826;-1.55971,0.35172,-1.60711
0.0160574,-0.0514328,0.0292483;-1.58115,0.361463,-1.58493
0.0189267,-0.0557037,0.0314666;-1.64437,0.380619,-1.54428
0.0180765,-0.0537056,0.0308845;-1.61439,0.376785,-1.54839
0.0174168,-0.0468865,0.0309946;-1.55223,0.304933,-1.55906
0.010877,-0.0376466,0.0304471;-1.54773,0.140101,-1.60252
0.00859488,-0.0365099,0.0328851;-1.55223,0.112252,-1.62606
0.00617855,-0.0395629,0.0306689;-1.57303,0.102188,-1.60675
0.00540883,-0.0443311,0.0297229;-1.5971,0.157474,-1.57941
0.00395378,-0.0456218,0.0292825;-1.57891,0.182887,-1.58276
0.00475218,-0.0454151,0.0301774;-1.54939,0.178595,-1.58451
0.0027842,-0.0366561,0.0300181;-1.55684,0.0612086,-1.59718
-0.00262968,-0.0262759,0.0322026;-1.54569,-0.0448587,-1.61429
-0.0035325,-0.0291783,0.0313959;-1.55792,-0.0232063,-1.60792
-0.00350634,-0.0345232,0.029901;-1.57496,0.0236362,-1.59887
-0.00258419,-0.0372573,0.0305936;-1.58655,0.0781501,-1.59052
-0.00186156,-0.0316497,0.0331672;-1.53065,0.0702201,-1.58646
8.70938e-05,-0.0244454,0.0327545;-1.51843,0.00769036,-1.59818
-0.00259143,-0.015832,0.0333831;-1.53307,0.0299631,-1.62372
-0.0069179,-0.0110574,0.0335037;-1.54749,-0.00445668,-1.62641
-0.00952691,-0.0120771,0.0325006;-1.58472,-0.0201056,-1.6068
-0.00499979,-0.0246197,0.0334782;-1.66427,0.0259582,-1.57371
-0.00333957,-0.0328985,0.0391197;-1.62366,-0.017192,-1.58262
-0.00210194,-0.0323674,0.042171;-1.56917,-0.051509,-1.60664
-0.00609305,-0.0214706,0.0351122;-1.54181,-0.17192,-1.6553
-0.00897663,-0.0205683,0.0364492;-1.53434,-0.193001,-1.65587
-0.0113277,-0.0196384,0.0342797;-1.54232,-0.234118,-1.63294
-0.00640491,-0.02548,0.0312162;-1.56913,-0.0920492,-1.61212
-0.00349866,-0.0270971,0.0335623;-1.54322,-0.0950111,-1.61462
-0.000437826,-0.0270311,0.0378473;-1.51792,-0.116845,-1.63061
-0.00289626,-0.0234723,0.0365754;-1.54499,-0.336041,-1.66723
-0.00683371,-0.0173537,0.0377163;-1.52859,-0.363281,-1.66488
-0.0109995,-0.0144969,0.0364929;-1.53087,-0.412429,-1.64753
-0.0133839,-0.0193655,0.0325946;-1.56833,-0.416685,-1.62995
-0.0108865,-0.0253154,0.0310985;-1.56503,-0.364368,-1.60887
-0.00381467,-0.0372743,0.0355023;-1.54361,-0.362619,-1.59766
0.00507182,-0.0350556,0.0394715;-1.54789,-0.366797,-1.65718
-0.00278635,-0.0176853,0.0365628;-1.5286,-0.319712,-1.65518
-0.0197445,0.0030989,0.0367587;-1.53493,-0.27209,-1.65423
-0.0384576,0.0160354,0.0314448;-1.57785,-0.305569,-1.61285
-0.0374204,0.00806283,0.0315309;-1.61879,-0.295133,-1.59706
-0.0323491,-0.0107964,0.0332772;-1.61398,-0.291133,-1.57327
-0.0171913,-0.029431,0.0340545;-1.56163,-0.274322,-1.64853
-0.0194058,-0.0246694,0.0366686;-1.5629,-0.325993,-1.67492
-0.0222428,-0.0161707,0.0366637;-1.53991,-0.363197,-1.65648
-0.0311026,-0.0114287,0.0327884;-1.53553,-0.471067,-1.60293
-0.0342347,-0.00972633,0.0294241;-1.56147,-0.482299,-1.58148
-0.0346999,-0.0125704,0.0291029;-1.56379,-0.429162,-1.56578
-0.022632,-0.021199,0.0324951;-1.58228,-0.367718,-1.62339
-0.0136332,-0.0257859,0.0357142;-1.58483,-0.390522,-1.6674
-0.0129516,-0.02489,0.0380854;-1.57019,-0.416838,-1.68334
-0.0208834,-0.0230088,0.0338927;-1.54138,-0.44796,-1.6212
-0.0255118,-0.0212227,0.0291913;-1.55092,-0.516008,-1.57293
-0.0263545,-0.0212872,0.0291113;-1.547,-0.536288,-1.55327
-0.0198514,-0.029298,0.0318675;-1.57789,-0.54214,-1.54697
-0.0110015,-0.0349306,0.0307944;-1.60376,-0.49689,-1.59535
-0.00367358,-0.034175,0.0340047;-1.61232,-0.401401,-1.63823
-0.0174585,-0.00487009,0.0348683;-1.55588,-0.252475,-1.63408
-0.023648,-0.00207071,0.0309652;-1.55703,-0.338101,-1.5931
-0.0271123,-0.00149306,0.0292662;-1.5537,-0.432899,-1.55705
-0.0270698,-0.0172096,0.0306914;-1.55158,-0.619707,-1.53205
-0.0225084,-0.0219904,0.0291776;-1.58119,-0.591381,-1.58648
-0.0193014,-0.0285545,0.0318263;-1.58639,-0.536837,-1.63102
-0.0121112,-0.0183411,0.0397335;-1.5595,-0.381095,-1.69765
-0.0159807,-0.0154939,0.0381648;-1.54522,-0.406654,-1.67224
-0.0215008,-0.0144783,0.0310384;-1.55278,-0.424033,-1.59393
-0.0263571,-0.0189938,0.0303998;-1.53864,-0.554651,-1.53316
-0.0239266,-0.0241046,0.0296029;-1.53939,-0.595844,-1.55032
-0.0209945,-0.0268723,0.0295383;-1.57279,-0.583476,-1.59313
-0.00992059,-0.0306306,0.039004;-1.56575,-0.430897,-1.69285
-0.011331,-0.0278481,0.0388987;-1.54298,-0.378564,-1.68929
-0.0169906,-0.0245924,0.033296;-1.55731,-0.398179,-1.63041
-0.0215934,-0.0280627,0.031801;-1.5541,-0.559062,-1.51926
-0.020891,-0.0346891,0.0330028;-1.53741,-0.657187,-1.5003
-0.0184666,-0.0403655,0.0301008;-1.54823,-0.701423,-1.54463
-0.0095689,-0.0392964,0.0347396;-1.60614,-0.512117,-1.64069
-0.00374402,-0.02893,0.038253;-1.59181,-0.380568,-1.67943
-0.00672136,-0.0230783,0.0389407;-1.57988,-0.269846,-1.67931
-0.0176351,-0.0139704,0.02938;-1.55558,-0.404042,-1.5651
-0.0209504,-0.0177761,0.0302487;-1.53005,-0.478195,-1.53995
-0.0220579,-0.0200863,0.0295529;-1.53493,-0.521011,-1.54756
-0.018945,-0.0238542,0.0311782;-1.57104,-0.460789,-1.61389
-0.0130843,-0.0227923,0.0349415;-1.56085,-0.358677,-1.64805
-0.00422956,-0.0180654,0.0386615;-1.55883,-0.286011,-1.68694
-0.00816767,-0.014343,0.0329805;-1.53968,-0.226676,-1.60773
-0.0138548,-0.014014,0.0312511;-1.51024,-0.318585,-1.54757
-0.0173381,-0.0218749,0.0309723;-1.5063,-0.458767,-1.53093
-0.0153089,-0.0256125,0.0320927;-1.56669,-0.474878,-1.62473
-0.011683,-0.0258278,0.0363058;-1.56728,-0.410957,-1.66547
-0.00394927,-0.0221582,0.0392472;-1.56542,-0.316864,-1.6954
0.000415218,-0.0212917,0.0407903;-1.5528,-0.167305,-1.69263
-0.00566374,-0.0179101,0.0382498;-1.55283,-0.177791,-1.64257
-0.0120161,-0.0198953,0.0341703;-1.52093,-0.275835,-1.56634
-0.0216953,-0.0183804,0.0333072;-1.52802,-0.462035,-1.59852
-0.0251704,-0.0107925,0.0352074;-1.56176,-0.470681,-1.65849
-0.0256919,-0.0025997,0.0378924;-1.55885,-0.422115,-1.68015
-0.0256919,-0.0025997,0.0378924;-1.55885,-0.422115,-1.68015
-0.01957,-0.00354737,0.0398225;-1.56362,-0.310984,-1.70258
-0.01957,-0.00354737,0.0398225;-1.56362,-0.310984,-1.70258
