0,0,0.11;-1.57,-2.98023e-08,-1.57
0,0,0.11;-1.57,-2.98023e-08,-1.57
0,0,0.11;-1.57,-2.98023e-08,-1.57
-0.000264246,-0.000854498,0.0287934;-1.57332,-0.230073,-1.57953
-0.000410744,-0.0022859,0.0285804;-1.57107,-0.153626,-1.57034
-0.000345513,-0.000928465,0.0286391;-1.57082,-0.0486743,-1.56789
-0.00117609,0.00323418,0.0287168;-1.57137,0.0903213,-1.56415
-0.00103226,0.00371584,0.0285818;-1.57073,-0.0729785,-1.5709
-0.00181104,0.00496683,0.0286416;-1.57084,-0.153783,-1.57367
-0.0016582,0.00554886,0.0286147;-1.57081,-0.177072,-1.5724
-0.00202774,0.00585284,0.0285832;-1.57093,-0.0540082,-1.57117
-0.0015496,0.0066162,0.0286398;-1.57095,0.0365335,-1.56785
-0.000666666,0.00839679,0.0287696;-1.57045,0.114898,-1.56212
0.000409711,0.0106596,0.028823;-1.56984,0.136245,-1.56033
0.000502325,0.0110233,0.0287655;-1.57116,0.117945,-1.56182
0.00049368,0.0111499,0.0286557;-1.57125,0.101942,-1.5671
0.000226949,0.0115887,0.0287634;-1.57228,0.128938,-1.56151
0.000393989,0.0120556,0.0288414;-1.57106,0.150663,-1.55827
0.000455109,0.0117574,0.0289268;-1.56831,0.159182,-1.55709
0.00100492,0.0135536,0.0296245;-1.56644,0.181483,-1.54936
0.000372224,0.0119591,0.0288443;-1.56905,0.132245,-1.56016
-0.000291501,0.0115224,0.0286892;-1.571,0.0934562,-1.56545
-0.000740766,0.0110561,0.0285799;-1.57083,0.0690221,-1.57082
-0.000167147,0.0110449,0.0285828;-1.57063,0.124647,-1.5709
0.00155497,0.0120973,0.0286518;-1.57003,0.206436,-1.56812
0.00321944,0.0134214,0.0287885;-1.569,0.274508,-1.5631
0.00486972,0.0157885,0.0287718;-1.57023,0.320668,-1.5619
0.00395341,0.0154422,0.0285897;-1.56999,0.258262,-1.57106
0.00392442,0.0154538,0.02858;-1.57082,0.254515,-1.57081
0.00410123,0.0154691,0.0286019;-1.57072,0.280591,-1.56972
0.0080458,0.018062,0.0287031;-1.57034,0.47312,-1.56563
0.0111558,0.0199505,0.028798;-1.56862,0.592591,-1.56332
0.0123386,0.0215489,0.0288213;-1.56813,0.619883,-1.56295
0.0126721,0.0222654,0.0287053;-1.56603,0.603936,-1.57128
0.00982926,0.0219895,0.0287794;-1.55983,0.498404,-1.57599
0.00850372,0.0216531,0.0286692;-1.56632,0.469652,-1.57238
0.00657359,0.0208186,0.0287869;-1.57039,0.433353,-1.56118
0.00885129,0.0231415,0.0294084;-1.5689,0.48197,-1.55428
0.0146139,0.0296977,0.0318573;-1.57064,0.562299,-1.52248
0.0328341,0.0499149,0.0293362;-1.57407,0.708613,-1.553
0.0328847,0.0488222,0.0287446;-1.57177,0.67963,-1.56297
0.0309858,0.0480054,0.0286762;-1.57095,0.62074,-1.56606
0.0261818,0.0453975,0.0287092;-1.57095,0.497556,-1.56448
0.0256344,0.045153,0.028749;-1.57088,0.484227,-1.56258
0.026216,0.0457316,0.0290329;-1.56985,0.50115,-1.55984
0.0277829,0.0472975,0.0287139;-1.57109,0.512259,-1.56405
0.0288701,0.0484948,0.0285714;-1.57064,0.554846,-1.57113
0.0287449,0.0484699,0.028689;-1.56473,0.539346,-1.57393
0.0282243,0.0477857,0.028624;-1.56885,0.565129,-1.57125
0.0294524,0.0481145,0.0287015;-1.56944,0.61005,-1.5669
0.0313044,0.0489231,0.0287886;-1.56922,0.6824,-1.56294
0.0322867,0.0499142,0.02879;-1.57036,0.688353,-1.56142
0.0329094,0.0501188,0.0286899;-1.57031,0.6953,-1.56626
0.0334368,0.0502214,0.0286409;-1.56704,0.692708,-1.57314
0.033073,0.0477953,0.0285804;-1.57066,0.78879,-1.57104
0.0338879,0.0480975,0.0286993;-1.57096,0.837468,-1.56487
0.0347504,0.0487858,0.0287719;-1.57107,0.875198,-1.56111
0.0360007,0.0501169,0.031574;-1.57159,0.881703,-1.52493
0.0375884,0.0505873,0.0314178;-1.57485,0.87687,-1.52482
0.0386081,0.0512858,0.0295263;-1.57137,0.882504,-1.55254
0.0358988,0.0502663,0.0287397;-1.57213,0.837123,-1.56267
0.034621,0.0494636,0.028744;-1.57084,0.81582,-1.56282
0.0333267,0.0484547,0.0288283;-1.57464,0.789954,-1.55755
0.0404214,0.052749,0.0302723;-1.56921,0.868489,-1.54376
0.048132,0.0566276,0.0287281;-1.57194,0.937027,-1.56221
0.0516724,0.0571162,0.0287136;-1.56995,1.00644,-1.56562
0.0514282,0.0570215,0.0286793;-1.5619,1.00766,-1.57823
0.0507917,0.056936,0.0285914;-1.56957,1.00696,-1.57192
0.050358,0.0566253,0.0287076;-1.57097,0.994458,-1.56454
0.0499607,0.0569907,0.0291007;-1.57144,0.992811,-1.55754
0.051587,0.0572567,0.0288274;-1.5678,0.996779,-1.56321
0.0540388,0.057293,0.0287275;-1.57021,1.04783,-1.56469
0.0599988,0.0548776,0.0287576;-1.54087,1.28853,-1.5996
0.0591121,0.0542232,0.0287212;-1.54403,1.31095,-1.59647
0.0591484,0.0541673,0.0285885;-1.57016,1.31028,-1.57075
0.0547672,0.0542175,0.0287624;-1.57211,1.20661,-1.56041
0.0544824,0.0541916,0.0288321;-1.5702,1.17075,-1.56276
0.0555062,0.0542813,0.0289187;-1.55842,1.18217,-1.57065
0.0651679,0.052144,0.0287971;-1.55879,1.31146,-1.57509
0.0664221,0.0514198,0.0288018;-1.55839,1.374,-1.5748
0.067786,0.0510282,0.0288029;-1.56136,1.40154,-1.57106
0.0674336,0.050535,0.030468;-1.6033,1.40578,-1.5085
0.0659922,0.0503655,0.0313012;-1.58588,1.37133,-1.51503
0.0639966,0.0513464,0.0322687;-1.57353,1.33766,-1.51369
0.0604642,0.0517367,0.0288138;-1.56265,1.29282,-1.56973
0.0609716,0.0509703,0.0287071;-1.5476,1.33422,-1.59259
0.0613594,0.0505523,0.0286193;-1.57096,1.35061,-1.56874
0.0607242,0.0503672,0.0286776;-1.5711,1.33773,-1.5658
0.0590279,0.0510396,0.028753;-1.56924,1.25855,-1.56454
0.0580262,0.0515894,0.0290517;-1.55664,1.23467,-1.57216
0.0611772,0.0503832,0.0287477;-1.5571,1.31069,-1.57948
0.0640108,0.0485436,0.0286586;-1.53918,1.45218,-1.6022
0.064248,0.0481398,0.0285845;-1.56835,1.47066,-1.57327
0.0636074,0.0477811,0.0286986;-1.57185,1.47253,-1.56409
0.0629453,0.0481526,0.0287818;-1.5681,1.43941,-1.56421
0.0614521,0.048981,0.0290066;-1.54935,1.42121,-1.58156
0.0646145,0.0471777,0.0288278;-1.45546,1.48812,-1.68325
0.0651275,0.0444819,0.0289372;1.16691,1.5285,1.97363
0.0648705,0.0445979,0.0287604;1.33364,1.53433,1.80816
0.0621264,0.0458703,0.0287587;-1.55378,1.52718,-1.58006
0.0473584,0.048661,0.0306971;-1.57494,1.35536,-1.53369
0.0399762,0.0538033,0.0316718;-1.56003,1.25296,-1.5353
0.0390896,0.0548132,0.0326402;-1.53718,1.23519,-1.54872
0.0563625,0.0464646,0.0300744;-1.52642,1.39566,-1.59273
0.0635279,0.0435495,0.0288149;-1.5052,1.52997,-1.62765
0.066475,0.041883,0.0287238;1.572,1.50764,1.57661
0.0566107,0.040264,0.028994;-1.71088,1.50606,-1.41946
0.0473695,0.0400338,0.0290039;-1.59271,1.33374,-1.53712
0.042482,0.0416736,0.029373;-1.56601,1.26357,-1.55976
0.0415697,0.0406163,0.0288525;-1.54886,1.24499,-1.58536
0.0444171,0.039039,0.0287781;-1.53751,1.3614,-1.60072
0.0478808,0.037077,0.0285796;-1.57038,1.48929,-1.57124
0.0488331,0.0362763,0.0287327;-1.59871,1.56673,-1.53561
0.0453702,0.0368579,0.0290028;-1.59658,1.4862,-1.53395
0.0388357,0.0397549,0.0294057;-1.56091,1.4047,-1.56417
0.0332946,0.0406287,0.0289187;-1.52143,1.32853,-1.61428
0.0351862,0.0394565,0.0287591;-1.52215,1.40011,-1.61832
0.0355994,0.0384678,0.0285996;-1.56259,1.45291,-1.579
0.0364031,0.0378395,0.0287243;-1.57145,1.51868,-1.56316
0.0368828,0.0381091,0.0292897;-1.52723,1.52188,-1.59781
0.0383827,0.0384143,0.0307268;-1.56925,1.52486,-1.53861
0.0378992,0.0380086,0.0326071;-1.45934,1.48625,-1.62982
0.0366563,0.0387181,0.0303695;-1.58366,1.46953,-1.52973
0.0359023,0.0393073,0.0290107;-1.58656,1.47532,-1.54491
0.0322223,0.0396437,0.0290105;-1.59341,1.43679,-1.53734
0.026735,0.0392008,0.0292419;-1.58959,1.38602,-1.53854
0.0205512,0.0398197,0.0304627;-1.57958,1.30332,-1.53241
0.0133484,0.0430693,0.0309688;-1.55021,1.20901,-1.55602
0.0132018,0.0426277,0.0289352;-1.542,1.20361,-1.58949
0.015098,0.0418464,0.028853;-1.52713,1.267,-1.60993
0.0187351,0.0396458,0.0285791;-1.57047,1.42964,-1.57103
0.018516,0.0395121,0.0286736;-1.57043,1.43228,-1.56641
0.0170052,0.0388584,0.0287803;-1.58293,1.3776,-1.55095
0.00635325,0.0390671,0.0296172;-1.56902,1.21622,-1.55329
0.0011853,0.0385698,0.029086;-1.55556,1.15137,-1.57489
0.00158785,0.0381949,0.028887;-1.54405,1.15324,-1.5912
0.00671579,0.0358054,0.0285787;-1.57105,1.36646,-1.57053
0.00810726,0.0349384,0.0286195;-1.571,1.44933,-1.56866
0.00889531,0.0347162,0.0286853;-1.57229,1.49014,-1.5643
0.00117978,0.0349469,0.0296513;-1.56735,1.36413,-1.55482
-0.00825132,0.0343573,0.0295561;-1.55825,1.25236,-1.56514
-0.0140779,0.035434,0.0289178;-1.54618,1.15159,-1.58705
-0.0131389,0.0351631,0.0287089;-1.57135,1.1923,-1.56398
-0.00972199,0.0345776,0.0288276;-1.56077,1.26129,-1.57126
-0.000980772,0.0352845,0.0299193;-1.57599,1.37566,-1.54333
0.0133868,0.0412779,0.0335534;-1.62682,1.41305,-1.4479
0.0129092,0.0408843,0.0339519;-1.60446,1.34707,-1.4679
0.00639446,0.0379697,0.0321015;-1.56323,1.21819,-1.52825
-0.00473152,0.0384272,0.0287983;-1.5655,1.12899,-1.5674
-0.0050744,0.0384192,0.0286992;-1.57117,1.12597,-1.56462
-0.00495538,0.0383951,0.0287291;-1.57134,1.13066,-1.56304
-0.00279776,0.0398912,0.0290455;-1.57105,1.14181,-1.55865
-0.00162095,0.0410014,0.0294915;-1.57185,1.15517,-1.55213
-0.0040099,0.0405016,0.0292608;-1.56677,1.12179,-1.56037
-0.0172521,0.0392106,0.0288799;-1.55017,0.979926,-1.58487
-0.016138,0.0390348,0.0286098;-1.57077,1.00582,-1.56941
-0.0150699,0.0393862,0.0286091;-1.57086,1.05238,-1.56931
-0.0148857,0.0395839,0.0287537;-1.57109,1.05882,-1.56216
-0.0167703,0.0394728,0.0293403;-1.56924,1.03505,-1.55622
-0.0226183,0.0394366,0.0320302;-1.54376,0.973514,-1.54745
-0.0289265,0.0381188,0.0288792;-1.55965,0.914479,-1.57192
-0.0288037,0.0378825,0.028763;-1.55992,0.929134,-1.57721
-0.0262151,0.0385427,0.0286333;-1.57102,1.00988,-1.56791
-0.0246131,0.0391452,0.0295495;-1.57555,1.06202,-1.54757
-0.025674,0.0392987,0.0317637;-1.57471,1.02883,-1.51984
-0.0309127,0.0399035,0.0337798;-1.56019,0.978426,-1.50908
-0.0329826,0.037822,0.0321708;-1.55723,0.916963,-1.53442
-0.0458183,0.0366575,0.0290855;-1.56197,0.818462,-1.56621
-0.0458038,0.0363008,0.0287934;-1.56827,0.822853,-1.56426
-0.0322859,0.0435358,0.0295023;-1.58183,1.02413,-1.54545
-0.0251318,0.0531059,0.0298039;-1.59665,1.12049,-1.52889
-0.0244955,0.0547102,0.0301479;-1.6028,1.13032,-1.51776
-0.035819,0.0429954,0.0289547;-1.56898,0.930297,-1.56236
-0.0429419,0.0408577,0.0288025;-1.5656,0.848747,-1.56756
-0.0465923,0.0401848,0.028675;-1.57091,0.739432,-1.56621
-0.0459241,0.0405671,0.0286785;-1.57099,0.766551,-1.56587
-0.045265,0.0413314,0.0287333;-1.571,0.76959,-1.56326
-0.0404407,0.0446915,0.0290642;-1.56543,0.843362,-1.56317
-0.0376691,0.047141,0.0290852;-1.56557,0.884578,-1.5637
-0.0438277,0.0446921,0.0288862;-1.55797,0.834944,-1.57419
-0.0461071,0.0442136,0.0287434;-1.56556,0.773578,-1.57027
-0.0461071,0.0442136,0.0287434;-1.56556,0.773578,-1.57027
-0.0467393,0.0438082,0.0286305;-1.57085,0.74493,-1.56834
-0.0467393,0.0438082,0.0286305;-1.57085,0.74493,-1.56834
