0,0,0.11;-1.57,-2.98023e-08,-1.57
0,0,0.11;-1.57,-2.98023e-08,-1.57
0,0,0.11;-1.57,-2.98023e-08,-1.57
-0.00109366,-0.00224528,0.0286684;-1.5687,-0.295845,-1.56761
-0.0010631,-0.00290345,0.0285805;-1.57099,-0.277504,-1.57069
-0.000497345,-0.00572705,0.0296075;-1.56838,-0.203717,-1.58408
0.00839745,-0.0216943,0.036196;-1.48898,0.019462,-1.62304
0.00930026,-0.0262991,0.0298138;-1.56897,0.0128101,-1.59654
0.00921999,-0.0217502,0.0287239;-1.57066,-0.0571695,-1.5777
0.00820776,-0.0209691,0.0285711;-1.57142,-0.148505,-1.57059
0.00834818,-0.0205034,0.0286323;-1.57067,-0.173431,-1.5734
0.00909118,-0.0224296,0.0294677;-1.57145,-0.111166,-1.57529
0.00655125,-0.0303773,0.0356839;-1.62039,0.0235663,-1.57945
-0.00189173,-0.0620065,0.032812;-1.60259,0.0731537,-1.60753
-0.00754249,-0.0716099,0.0325346;-1.61627,0.0780176,-1.59611
-0.0140745,-0.0818203,0.0295242;-1.58849,0.158419,-1.58249
-0.0167841,-0.0841339,0.0290004;-1.56709,0.184011,-1.58811
-0.0144764,-0.0820799,0.0295082;-1.55346,0.196078,-1.58166
-0.00499932,-0.0738534,0.0337102;-1.49417,0.27219,-1.60213
0.0101009,-0.0565868,0.0341574;-1.55623,0.418741,-1.5784
0.0107505,-0.0553171,0.0299873;-1.60623,0.383763,-1.56294
0.0096457,-0.0569727,0.0289548;-1.58027,0.379493,-1.57877
0.003854,-0.0597173,0.0289056;-1.58016,0.537396,-1.57396
0.00297726,-0.060936,0.0288821;-1.5647,0.562507,-1.58441
0.00221409,-0.0627979,0.0299938;-1.54056,0.578959,-1.59084
-0.000329113,-0.0677566,0.0343204;-1.44234,0.609549,-1.64977
-0.000114562,-0.0647017,0.0302764;-1.52378,0.554403,-1.59956
0.00174106,-0.0605433,0.028595;-1.57112,0.32954,-1.57002
0.00207109,-0.060473,0.0287066;-1.57715,0.320541,-1.56887
0.00190363,-0.0611248,0.0289382;-1.57373,0.330393,-1.58399
0.00539625,-0.0605769,0.0341652;-1.46815,0.594213,-1.63283
0.00935294,-0.0565423,0.0365786;-1.44651,0.709862,-1.64215
0.0130985,-0.0555023,0.033594;-1.47299,0.675152,-1.62942
0.0184489,-0.0465092,0.0285868;-1.5707,0.403423,-1.5711
0.0179707,-0.0462616,0.0285798;-1.57071,0.375834,-1.57079
0.0176457,-0.0458788,0.0285798;-1.57082,0.440562,-1.57078
0.0187925,-0.0522484,0.0303876;-1.54351,0.593446,-1.59925
0.0217737,-0.0594789,0.0346901;-1.42322,0.701639,-1.66294
0.0260359,-0.0676765,0.0348939;-1.41526,0.796619,-1.68211
0.0164485,-0.0748661,0.0290452;-1.54311,0.729015,-1.59072
0.0161501,-0.0715567,0.0285904;-1.57012,0.617127,-1.57141
0.0159887,-0.0715806,0.0285811;-1.57094,0.592732,-1.57063
0.0191443,-0.0733985,0.030051;-1.51944,0.710306,-1.60597
0.0242196,-0.073184,0.0331452;-1.4481,0.77993,-1.64837
0.0311399,-0.0719576,0.0361868;-1.41233,0.821223,-1.6857
0.0245323,-0.0907795,0.030046;-1.56745,0.780289,-1.60275
0.0225278,-0.0901387,0.0289601;-1.57973,0.742171,-1.57627
0.0225183,-0.0887946,0.0290242;-1.59756,0.73454,-1.55468
0.0208676,-0.0889585,0.0296529;-1.55526,0.791198,-1.60388
0.0203551,-0.0939393,0.0343955;-1.46386,0.845162,-1.69198
0.0199639,-0.0992049,0.0396598;-1.31166,0.886507,-1.81692
0.0261568,-0.107536,0.0352385;-1.50941,0.936097,-1.69416
0.0332323,-0.104021,0.0363716;-1.62581,0.874093,-1.6138
0.0405076,-0.100486,0.036547;-1.65982,0.77524,-1.58031
0.0623712,-0.0843726,0.0326459;-1.60121,0.559408,-1.59708
0.069328,-0.0744507,0.0326479;-1.55867,0.559683,-1.6126
0.0783754,-0.0630451,0.0423659;-1.58694,0.598534,-1.59343
0.0845218,-0.0621755,0.0388009;-1.72886,0.556364,-1.53431
0.0776857,-0.0747361,0.0360993;-1.65092,0.584382,-1.59226
0.072308,-0.0809946,0.0341312;-1.60996,0.621399,-1.61315
0.0650421,-0.0836295,0.0329517;-1.56706,0.72965,-1.63737
0.0683149,-0.0770091,0.0355085;-1.48982,0.661444,-1.67847
0.0807302,-0.0621205,0.039419;-1.42166,0.578216,-1.71804
0.105366,-0.0421793,0.0342335;-1.48192,0.653213,-1.64565
0.104405,-0.0435386,0.0288271;-1.56994,0.629451,-1.57871
0.10185,-0.0455827,0.0285959;-1.57084,0.606219,-1.57187
0.101499,-0.0454407,0.0285805;-1.57084,0.592036,-1.57076
0.101392,-0.0446741,0.0289466;-1.55315,0.537803,-1.58206
0.101381,-0.043053,0.0311207;-1.50766,0.503055,-1.60809
0.104351,-0.0403734,0.0385361;-1.39686,0.485546,-1.68848
0.101268,-0.0389432,0.0341217;-1.48523,0.440894,-1.63545
0.100697,-0.037201,0.0287651;-1.56576,0.418812,-1.57706
0.100696,-0.0377647,0.0286659;-1.57075,0.467594,-1.56661
0.101025,-0.0389098,0.028713;-1.57047,0.537882,-1.57731
0.1032,-0.0439675,0.0301763;-1.53333,0.665679,-1.60311
0.117322,-0.0436859,0.0363927;-1.42726,0.972669,-1.65977
0.115117,-0.0429533,0.0370804;-1.5099,0.938577,-1.60767
0.110672,-0.0424538,0.0298609;-1.52882,0.858449,-1.6011
0.109731,-0.0397273,0.0285996;-1.57076,0.795843,-1.56987
0.110083,-0.0396755,0.0285824;-1.57047,0.8001,-1.57136
0.110698,-0.0398065,0.0293483;-1.54156,0.806693,-1.59345
0.114927,-0.0483481,0.0366707;-1.35711,0.909752,-1.72484
0.110842,-0.0567367,0.0395968;-1.41973,0.885469,-1.69914
0.106834,-0.063127,0.0336184;-1.42553,0.868854,-1.6874
0.111253,-0.0482013,0.0304394;-1.57936,0.696847,-1.59374
0.112096,-0.0454653,0.0310391;-1.5647,0.66711,-1.61662
0.113952,-0.0405307,0.0322522;-1.54004,0.607577,-1.63494
0.148438,-0.0149139,0.0458072;-1.7709,0.558034,-1.48818
0.158834,-0.00424202,0.0434074;-1.88593,0.496216,-1.40577
0.157295,-0.00919772,0.0391221;-1.80713,0.465036,-1.46888
0.143907,-0.012513,0.0368436;-1.77178,0.599456,-1.46518
0.133034,-0.0176441,0.0342251;-1.6786,0.720587,-1.52834
0.124557,-0.0240747,0.0298494;-1.56412,0.816776,-1.60129
0.129021,-0.0170714,0.0397596;-1.31109,0.748571,-1.77679
0.136285,-0.0114317,0.0428925;-1.33123,0.670742,-1.78967
0.147914,-0.00397777,0.0391112;-1.47096,0.647297,-1.7076
0.142098,-0.00850627,0.0325458;-1.61891,0.679255,-1.57813
0.136011,-0.0123785,0.0291245;-1.58542,0.689557,-1.57595
0.136257,-0.0117345,0.0294117;-1.56851,0.684511,-1.59375
0.13968,-0.00975716,0.0307898;-1.55381,0.692,-1.61288
0.153621,-0.00637377,0.0416482;-1.36078,0.7727,-1.76796
0.159551,-0.00237012,0.0400922;-1.3901,0.658163,-1.74374
0.167702,0.00393063,0.0289863;-1.59426,0.570453,-1.56065
0.165258,0.00278475,0.0286311;-1.5707,0.617862,-1.57322
0.164517,0.00209067,0.0286341;-1.57082,0.67929,-1.5734
0.166538,0.00356324,0.0289899;-1.56628,0.752081,-1.5801
0.1731,0.0168896,0.0389795;-1.87939,0.973048,-1.3439
0.179944,0.0231806,0.0376906;-1.82109,0.949088,-1.39646
0.186298,0.020755,0.0289336;-1.5912,0.855487,-1.55923
0.184205,0.0198174,0.0288442;-1.55842,0.744073,-1.57557
0.183787,0.0195957,0.0286819;-1.57103,0.751069,-1.57544
0.178781,0.0171583,0.0299445;-1.58802,0.837497,-1.58029
0.182599,0.0142614,0.0374334;-1.76997,0.840597,-1.45214
0.190173,0.0155517,0.0369098;-1.7789,0.751909,-1.44276
0.192806,0.0148281,0.0322702;-1.67347,0.70229,-1.50834
0.189391,0.012113,0.0285792;-1.57081,0.741087,-1.57101
0.189531,0.0117476,0.0285791;-1.57076,0.805606,-1.57092
0.188739,0.00975181,0.0287705;-1.56422,0.916672,-1.58175
0.201699,0.0183835,0.0381352;-1.59506,1.10389,-1.58355
0.217261,0.0296394,0.0406317;-1.90132,1.08044,-1.33895
0.219258,0.031789,0.0363109;-1.75394,1.06744,-1.45885
0.216726,0.0320807,0.0286785;-1.56685,0.994729,-1.57673
0.215411,0.0322195,0.0287228;-1.56158,0.952644,-1.57651
0.215498,0.0322931,0.0285788;-1.57062,0.944102,-1.57073
0.216708,0.0283776,0.0302494;-1.61191,0.977018,-1.5434
0.22199,0.0256281,0.0383786;-1.7493,0.957456,-1.44514
0.232326,0.0277506,0.037191;-1.79379,0.830073,-1.42474
0.22977,0.0253088,0.0291565;-1.56384,0.807048,-1.59355
0.224992,0.0230383,0.028677;-1.56912,0.934869,-1.57593
0.224894,0.0223232,0.028581;-1.57081,0.991384,-1.57065
0.224653,0.0219193,0.0306443;-1.47716,1.18632,-1.6626
0.232072,0.0300207,0.0344175;-1.36938,1.24396,-1.76518
0.252681,0.0397444,0.0369151;-1.88935,1.19691,-1.31379
0.270771,0.0401519,0.0298232;-1.6202,1.02949,-1.53997
0.26996,0.0398983,0.0286746;-1.56993,1.03526,-1.576
0.268612,0.0397321,0.0285954;-1.57051,1.00203,-1.57027
0.265842,0.0390403,0.0289371;-1.58479,1.14007,-1.56948
0.266881,0.0375495,0.0303657;-1.64435,1.18687,-1.51316
0.273084,0.036463,0.0372367;-1.70637,1.16315,-1.46892
0.293032,0.0442425,0.0297111;-1.62523,1.02135,-1.52984
0.293587,0.0446313,0.0288676;-1.57809,0.992056,-1.57432
0.293253,0.0441973,0.0286727;-1.5727,0.98172,-1.57304
0.278247,0.0449994,0.0296174;-1.6232,1.18758,-1.5363
0.267941,0.0432922,0.0311099;-1.66906,1.30811,-1.49921
0.262788,0.0375824,0.0362134;-1.93969,1.39513,-1.26769
0.277005,0.034063,0.0335429;-1.70653,1.18428,-1.48231
0.280162,0.0317929,0.0286778;-1.57187,1.0466,-1.57548
0.27941,0.0323006,0.0286105;-1.56911,0.928442,-1.57131
0.277633,0.031995,0.0295727;-1.6094,0.943136,-1.54923
0.270895,0.0297393,0.0333269;-1.70655,1.06675,-1.47327
0.267073,0.0272227,0.0373833;-1.66,1.21001,-1.50177
0.262353,0.0231402,0.0343933;-1.5948,1.3035,-1.57334
0.263164,0.0243134,0.0288516;-1.56965,1.30462,-1.585
0.26346,0.0251196,0.0286858;-1.55247,1.25937,-1.58777
0.260977,0.0268144,0.0285812;-1.57041,1.08498,-1.57122
0.263271,0.0269908,0.0295227;-1.58551,1.0704,-1.57445
0.271455,0.0257251,0.0345432;-1.70469,1.05924,-1.49125
0.271073,0.0187374,0.0378862;-1.87954,1.20236,-1.3389
0.262041,0.0151605,0.0328391;-1.70237,1.1529,-1.47635
0.254692,0.0120465,0.0287559;-1.57023,1.11166,-1.57976
0.254598,0.0117389,0.028579;-1.57106,1.10341,-1.57057
0.254648,0.0108988,0.0289916;-1.52764,1.14941,-1.61249
0.26314,0.0127639,0.0310862;-1.44347,1.23256,-1.69031
0.29068,0.0291843,0.0399643;-2.22999,1.35962,-0.990669
0.296751,0.0325894,0.0362771;-1.97258,1.37316,-1.23084
0.297392,0.0342273,0.0298851;-1.63122,1.3651,-1.53206
0.29545,0.033645,0.0286709;-1.54633,1.38901,-1.59466
0.294761,0.0332673,0.0286372;-1.57028,1.43421,-1.57412
0.292707,0.0334458,0.0289776;-1.68725,1.51438,-1.46751
0.280258,0.0253834,0.0406154;2.8373,1.43756,0.24062
0.267956,0.0202703,0.0454897;-2.7954,1.46183,-0.404928
0.25497,0.0156911,0.0321953;-1.29569,1.37308,-1.86589
0.268969,0.0218248,0.0286247;-1.57086,1.16,-1.57285
0.269291,0.0215084,0.028623;-1.57043,1.18515,-1.57343
0.267466,0.019361,0.0290197;-1.54917,1.32872,-1.60065
0.270988,0.0259974,0.0369527;2.60731,1.51204,0.492718
0.279888,0.0321958,0.0398912;2.50879,1.43829,0.556413
0.274521,0.0351369,0.0347891;1.80182,1.44853,1.27346
0.283641,0.0348995,0.0291425;-1.64304,1.51495,-1.51247
0.290916,0.0309152,0.0290968;-1.60469,1.32858,-1.55423
0.297546,0.0285521,0.0322982;-1.79595,1.27553,-1.37112
0.297546,0.0285521,0.0322982;-1.79595,1.27553,-1.37112
0.296652,0.0302418,0.0384025;-2.26681,1.29546,-0.91665
0.296652,0.0302418,0.0384025;-2.26681,1.29546,-0.91665
