0,0,0.11;-1.57,-2.98023e-08,-1.57
0,0,0.11;-1.57,-2.98023e-08,-1.57
0,0,0.11;-1.57,-2.98023e-08,-1.57
-0.000726556,-0.00106221,0.0286059;-1.57005,-0.266455,-1.56933
-0.000802903,-0.00137215,0.0285798;-1.57091,-0.270947,-1.5709
-0.00080055,-0.00213224,0.0293025;-1.58921,-0.238612,-1.58546
0.00206559,0.00194023,0.034416;-1.66342,-0.0532455,-1.59739
0.002071,0.000766872,0.0286831;-1.57068,-0.10854,-1.57565
0.00205513,0.00108692,0.0285795;-1.57078,-0.170366,-1.57069
0.00185292,0.000820736,0.0285796;-1.57073,-0.197824,-1.5708
0.00163817,0.000727417,0.0287277;-1.57079,-0.170373,-1.57769
0.0029158,0.00230667,0.030319;-1.60315,-0.171284,-1.5864
0.00579842,0.0104809,0.0365414;-1.72252,-0.131491,-1.59302
0.00629463,0.0115358,0.0313603;-1.62979,-0.162267,-1.58533
0.00591844,0.0102016,0.0287841;-1.56912,-0.21669,-1.57908
0.00513587,0.0107585,0.0285819;-1.57075,-0.302444,-1.5708
0.00537034,0.00803212,0.0287607;-1.57073,-0.193661,-1.57938
0.00660212,0.00306329,0.0302857;-1.56931,-0.0704499,-1.59645
0.00988883,0.00437567,0.0347929;-1.56238,0.0781971,-1.61869
0.0130642,0.0453738,0.0371369;-1.71293,0.051479,-1.57492
0.0152739,0.0522119,0.0324454;-1.64837,-0.0959422,-1.57525
0.0164619,0.0518405,0.028637;-1.57049,-0.178983,-1.57397
0.0161443,0.051703,0.0285796;-1.57072,-0.198788,-1.57089
0.0148709,0.0504376,0.0287269;-1.57608,-0.120575,-1.57333
0.0113707,0.046179,0.0318116;-1.62333,-0.0176588,-1.57495
0.00924487,0.0402063,0.0369506;-1.66028,0.10638,-1.58257
0.00642613,0.0338894,0.0295472;-1.56428,0.0865839,-1.59043
0.00626124,0.0344427,0.0285887;-1.57093,-0.0197547,-1.5703
0.0063745,0.034643,0.0286025;-1.57089,-0.0243401,-1.56967
0.0064223,0.0348585,0.0286109;-1.57068,0.00321004,-1.57317
0.00770639,0.04155,0.0340953;-1.66599,0.126463,-1.57555
0.0073706,0.0423166,0.0382117;-1.73023,0.163539,-1.57273
0.00727413,0.0413529,0.0340135;-1.67298,0.110509,-1.57047
0.00717931,0.0409326,0.0285801;-1.5707,-0.109899,-1.57082
0.00634394,0.040191,0.0285888;-1.57066,-0.161851,-1.5704
0.00616178,0.0406922,0.0286181;-1.57082,-0.107933,-1.56898
0.00845202,0.0337547,0.0313541;-1.55032,0.0733086,-1.60647
0.0126182,0.0353044,0.0352747;-1.51386,0.118627,-1.63764
0.0173202,0.0483058,0.0375151;-1.50565,0.118698,-1.6337
0.0266506,0.0783113,0.0286676;-1.56903,-0.0626765,-1.57631
0.0262833,0.0793235,0.0287005;-1.5658,-0.138662,-1.57079
0.0262566,0.0793096,0.0286771;-1.56608,-0.140044,-1.57023
0.0255385,0.0776859,0.0293627;-1.5954,-0.0294136,-1.57397
0.0220056,0.0713576,0.0357173;-1.68992,0.0900277,-1.56252
0.0201097,0.0673251,0.0419903;-1.76436,0.189009,-1.55881
0.0178249,0.0599991,0.0287658;-1.56332,0.0418225,-1.58187
0.0170735,0.0609422,0.0285717;-1.57102,-0.039635,-1.57025
0.0169558,0.0602289,0.0286114;-1.57081,-0.0787321,-1.56931
0.0171711,0.0605927,0.0289022;-1.5708,-0.00890666,-1.58674
0.0230566,0.0698784,0.0320013;-1.5681,0.0786243,-1.60659
0.0321469,0.0887459,0.0377384;-1.75453,0.186841,-1.54512
0.0325202,0.092758,0.0288462;-1.57399,0.174345,-1.57959
0.0320261,0.0933822,0.0286251;-1.57071,0.122179,-1.57292
0.0314287,0.0940562,0.0286129;-1.56923,0.0710778,-1.57089
0.0308045,0.0906653,0.0288817;-1.57172,0.209313,-1.58404
0.0304286,0.0856833,0.0316389;-1.55556,0.288193,-1.61115
0.0345839,0.086816,0.0360802;-1.57041,0.353537,-1.62683
0.0401083,0.0996161,0.0288783;-1.56606,0.165816,-1.5902
0.0425349,0.10236,0.0286013;-1.56977,0.0545533,-1.57296
0.0426986,0.102903,0.0285659;-1.57166,-0.0322163,-1.57044
0.042385,0.102472,0.0286588;-1.57085,0.0716157,-1.57455
0.0418656,0.105075,0.0307187;-1.61668,0.220199,-1.566
0.0397201,0.107613,0.0379443;-1.72104,0.364078,-1.5354
0.0372685,0.101331,0.0360297;-1.69293,0.376822,-1.54918
0.0351029,0.0932846,0.028899;-1.57183,0.265747,-1.58456
0.0337753,0.0946321,0.0286231;-1.57061,0.162164,-1.57291
0.0335903,0.0948961,0.0285798;-1.57082,0.0914041,-1.57086
0.0335045,0.0951069,0.028837;-1.5704,0.0996839,-1.58328
0.0363464,0.0975603,0.0311937;-1.56849,0.127413,-1.60394
0.0502554,0.116521,0.0375244;-1.74905,0.220819,-1.53349
0.0531483,0.120341,0.0334572;-1.66936,0.184159,-1.5498
0.0532897,0.11835,0.0287761;-1.56959,0.158449,-1.58134
0.0533491,0.117815,0.0286661;-1.56684,0.172433,-1.57103
0.053411,0.117796,0.0285732;-1.57148,0.197709,-1.57113
0.0522251,0.114505,0.029241;-1.57868,0.298903,-1.58232
0.0642766,0.118216,0.0435785;-1.77927,0.251761,-1.54246
0.0694444,0.12466,0.0384551;-1.75305,0.118121,-1.53918
0.069545,0.118005,0.0297278;-1.60149,-0.00122383,-1.57096
0.0693585,0.117558,0.0286149;-1.56903,-0.170555,-1.57059
0.0694496,0.117346,0.0285651;-1.57116,-0.0827226,-1.5701
0.069195,0.115311,0.0290007;-1.57477,0.0173619,-1.58631
0.0752695,0.119659,0.040543;-1.69509,0.356346,-1.5752
0.0818213,0.135944,0.0393961;-1.78172,0.354052,-1.51649
0.0811359,0.133555,0.0306634;-1.6039,0.332701,-1.57459
0.0790361,0.134566,0.0286377;-1.56789,0.19871,-1.57124
0.0789985,0.134471,0.0285828;-1.57044,0.187887,-1.5714
0.07918,0.134705,0.028935;-1.575,0.195442,-1.58329
0.0873796,0.144976,0.0386503;-1.76881,0.237327,-1.52356
0.0860827,0.144161,0.038319;-1.74599,0.212059,-1.52192
0.083544,0.136298,0.0289684;-1.58198,0.139881,-1.57672
0.0828302,0.136364,0.0286139;-1.57075,0.0466826,-1.56925
0.0825357,0.136411,0.0285574;-1.56974,0.132975,-1.57075
0.0816728,0.133834,0.0287113;-1.57075,0.283932,-1.57732
0.0950523,0.150431,0.0386557;-1.71502,0.520526,-1.53646
0.102243,0.160018,0.0369881;-1.72085,0.44139,-1.52528
0.106183,0.161343,0.0330726;-1.65576,0.387357,-1.55118
0.113846,0.165555,0.0285697;-1.57193,0.12699,-1.57137
0.113081,0.165271,0.0286817;-1.57591,0.196277,-1.56978
0.111216,0.163553,0.028884;-1.57059,0.283037,-1.5852
0.105666,0.157757,0.0301777;-1.58493,0.419567,-1.58719
0.100493,0.131601,0.0419331;-1.28933,0.717472,-1.80407
0.0983652,0.128281,0.0448578;-1.2097,0.690282,-1.84591
0.0992608,0.135758,0.043295;-1.29208,0.630331,-1.79625
0.110762,0.164598,0.0289498;-1.57587,0.300693,-1.58205
0.112483,0.165434,0.0289885;-1.57548,0.261671,-1.5845
0.110683,0.159652,0.0312397;-1.56943,0.357133,-1.61539
0.115258,0.147513,0.0453712;-1.46906,0.621601,-1.70348
0.111899,0.142399,0.0460499;-1.44343,0.509565,-1.73445
0.109296,0.14393,0.0384438;-1.47506,0.431029,-1.69113
0.111496,0.163969,0.0288844;-1.57249,0.161181,-1.58326
0.112379,0.164045,0.0288247;-1.57059,0.1534,-1.58237
0.112491,0.158482,0.0302563;-1.56857,0.245266,-1.60353
0.127872,0.151044,0.0452789;-1.44309,0.515743,-1.71321
0.133283,0.15184,0.0491063;-1.45957,0.559117,-1.71613
0.134915,0.15041,0.0379354;-1.43563,0.570389,-1.71094
0.133431,0.171356,0.0290008;-1.56352,0.390538,-1.58707
0.136197,0.175874,0.0286796;-1.56748,0.30631,-1.57953
0.136158,0.173064,0.0290282;-1.56906,0.352009,-1.59133
0.140038,0.149947,0.0398617;-1.34115,0.603903,-1.72864
0.137762,0.14153,0.0414196;-1.24839,0.629746,-1.7656
0.136301,0.144678,0.0373476;-1.361,0.603416,-1.69832
0.134857,0.154121,0.0289552;-1.58491,0.515107,-1.57089
0.13477,0.154223,0.0287113;-1.57523,0.489725,-1.57111
0.135243,0.153626,0.0288606;-1.55565,0.502233,-1.578
0.146351,0.153516,0.0366429;-1.39771,0.645064,-1.67982
0.154776,0.160239,0.039943;-1.33371,0.721584,-1.73132
0.156601,0.163786,0.0395314;-1.44728,0.709711,-1.67132
0.151962,0.169075,0.0290955;-1.54759,0.593968,-1.58912
0.151429,0.171123,0.0286483;-1.56692,0.528417,-1.57259
0.151834,0.17106,0.028691;-1.5675,0.541664,-1.57002
0.153143,0.16857,0.0312103;-1.53293,0.581647,-1.61267
0.157387,0.167751,0.0382656;-1.49969,0.626839,-1.65275
0.162501,0.168641,0.0424998;-1.49299,0.630375,-1.65933
0.163528,0.171216,0.0307824;-1.51816,0.55442,-1.60915
0.164049,0.172113,0.0289675;-1.54824,0.566799,-1.58226
0.164265,0.172268,0.0290619;-1.54598,0.577951,-1.58161
0.166681,0.17079,0.0294982;-1.53993,0.695458,-1.59298
0.169096,0.171255,0.0351354;-1.57804,0.773317,-1.57956
0.172952,0.173273,0.0465177;-1.64681,0.842371,-1.53553
0.160803,0.16516,0.0344818;-1.41576,0.699026,-1.67714
0.161356,0.168285,0.0290243;-1.54406,0.684005,-1.58668
0.161408,0.168457,0.0289912;-1.55477,0.683125,-1.57345
0.163156,0.168992,0.0304868;-1.51389,0.672521,-1.61125
0.170864,0.17309,0.0363304;-1.42487,0.711802,-1.68911
0.186548,0.186995,0.0463485;-1.52708,0.761561,-1.62339
0.193271,0.201277,0.031581;-1.48988,0.795354,-1.63356
0.191781,0.202292,0.0292777;-1.52843,0.787415,-1.59621
0.186649,0.199736,0.0291041;-1.54634,0.702932,-1.57982
0.18457,0.199077,0.0300393;-1.52378,0.622545,-1.59838
0.184893,0.195657,0.0339095;-1.48245,0.592092,-1.6394
0.189028,0.192797,0.0422706;-1.50884,0.593471,-1.63242
0.184397,0.188922,0.037685;-1.43127,0.514392,-1.68375
0.184096,0.191936,0.0314243;-1.49437,0.48488,-1.60921
0.184505,0.193004,0.0291636;-1.54175,0.482694,-1.58133
0.186862,0.193263,0.0293379;-1.53124,0.52539,-1.58984
0.192083,0.193196,0.0326779;-1.48344,0.634126,-1.63147
0.197485,0.197587,0.0409507;-1.48383,0.769277,-1.64267
0.202526,0.203769,0.0457669;-1.45781,0.800049,-1.67346
0.195023,0.199316,0.0370244;-1.37522,0.717733,-1.72121
0.197071,0.203778,0.0302059;-1.51185,0.703238,-1.60652
0.195616,0.203799,0.0291787;-1.53813,0.65802,-1.58733
0.19603,0.20311,0.0298309;-1.5236,0.662234,-1.59876
0.196022,0.200383,0.0338098;-1.47467,0.681391,-1.65474
0.204448,0.201127,0.0461871;-1.43903,0.719645,-1.69975
0.201718,0.202053,0.0408726;-1.39647,0.695115,-1.72664
0.198737,0.203613,0.0328997;-1.45602,0.686189,-1.65038
0.198076,0.205264,0.0292221;-1.53694,0.673098,-1.58696
0.199081,0.204938,0.0294808;-1.52602,0.68763,-1.59767
0.2022,0.203967,0.0312523;-1.5058,0.73222,-1.61739
0.214636,0.205049,0.0469717;-1.57043,0.805746,-1.58106
0.212235,0.203785,0.0468747;-1.491,0.732469,-1.65272
0.203138,0.201936,0.034321;-1.44892,0.646105,-1.66692
0.201709,0.203707,0.029151;-1.54226,0.657545,-1.58297
0.202425,0.203425,0.0292202;-1.53265,0.673027,-1.5929
0.203997,0.200862,0.0310178;-1.50013,0.729402,-1.62386
0.206864,0.196501,0.0442735;-1.19476,0.855321,-1.9054
0.209846,0.198169,0.0455702;-1.24268,0.858085,-1.86338
0.211165,0.201236,0.0392151;-1.3073,0.850109,-1.80272
0.211751,0.205676,0.0306398;-1.52791,0.827762,-1.61641
0.213201,0.206462,0.0299364;-1.54835,0.818841,-1.60456
0.212656,0.203738,0.0331741;-1.44917,0.835127,-1.67588
0.212656,0.203738,0.0331741;-1.44917,0.835127,-1.67588
0.21234,0.201047,0.0370737;-1.36504,0.828395,-1.7461
0.21234,0.201047,0.0370737;-1.36504,0.828395,-1.7461
