0,0,0.11;-1.57,-2.98023e-08,-1.57
0,0,0.11;-1.57,-2.98023e-08,-1.57
0,0,0.11;-1.57,-2.98023e-08,-1.57
-0.000671514,-0.000399327,0.0286027;-1.57067,-0.256205,-1.56951
-4.07775e-05,-0.00104598,0.0285794;-1.57094,-0.134064,-1.57063
0.000783348,-0.00500354,0.0301106;-1.56873,0.0258311,-1.58924
0.00458983,-0.000442851,0.0387054;-1.66747,0.208753,-1.59975
0.00456025,8.13074e-05,0.0289976;-1.56807,0.030492,-1.58935
0.00558022,0.00276607,0.0288847;-1.57884,-0.0591601,-1.57791
0.00697044,0.00505385,0.0285804;-1.5708,-0.157687,-1.57103
0.00790814,0.00653099,0.0285817;-1.57064,-0.0733087,-1.57083
0.0105506,0.008387,0.028906;-1.57039,0.0994723,-1.57243
0.0115796,0.0043928,0.0321394;-1.55514,0.302289,-1.59806
0.0174049,0.00562754,0.0310694;-1.56295,0.351328,-1.60678
0.0169316,0.00890918,0.0295719;-1.56629,0.255069,-1.59624
0.017089,0.0159419,0.0289551;-1.58028,0.15998,-1.58017
0.0176852,0.0194088,0.0287768;-1.57218,0.0464564,-1.58249
0.0175683,0.0187536,0.0286342;-1.56978,0.0813974,-1.57252
0.0165747,0.0149311,0.0300825;-1.56874,0.210376,-1.57312
0.0149803,0.00518241,0.0320019;-1.53058,0.37401,-1.60031
0.0155233,0.00899342,0.0299528;-1.56306,0.315874,-1.59155
0.0160682,0.0115489,0.0290597;-1.56881,0.257065,-1.59029
0.0197657,0.0220521,0.029022;-1.58167,0.0672227,-1.5828
0.0191864,0.0218796,0.0288786;-1.5744,0.0637405,-1.58438
0.015428,0.0167977,0.0293558;-1.57318,0.134979,-1.57875
0.0137019,0.0109451,0.029982;-1.55961,0.238071,-1.57677
0.0132471,0.0102265,0.0285795;-1.57083,0.239178,-1.57087
0.0132826,0.0104486,0.0286635;-1.57119,0.221474,-1.57502
0.0141541,0.0123336,0.0288541;-1.57754,0.161109,-1.57812
0.0154233,0.0141222,0.0291017;-1.57331,0.132727,-1.58787
0.0140941,0.00863924,0.0334664;-1.51562,0.252324,-1.60465
0.015891,0.00500067,0.0356488;-1.4387,0.397698,-1.61683
0.0156316,0.00609859,0.0329427;-1.48333,0.382505,-1.59958
0.0150127,0.00934315,0.0290881;-1.5488,0.326997,-1.57389
0.0155731,0.0100016,0.029008;-1.55176,0.339265,-1.57416
0.0156244,0.0111828,0.0287443;-1.56383,0.322771,-1.57522
0.0178901,0.00774737,0.0346621;-1.50788,0.360681,-1.62735
0.0151792,0.00496918,0.0417154;-1.45536,0.443974,-1.63577
0.0127397,0.00422989,0.0392282;-1.42855,0.488305,-1.63633
0.0103787,0.00614175,0.0292871;-1.53978,0.428357,-1.57738
0.00989153,0.00650916,0.0292508;-1.54655,0.407392,-1.57009
0.0106113,0.00715383,0.0291224;-1.54785,0.421477,-1.57482
0.0121253,0.00711149,0.0304815;-1.54263,0.459062,-1.59311
0.0123438,0.000664671,0.0376828;-1.53919,0.49958,-1.6091
0.0124441,-0.00567049,0.0475203;-1.56222,0.478558,-1.60271
-0.00310343,-0.0136304,0.0303044;-1.53532,0.344121,-1.59818
-0.00407292,-0.0110386,0.0286709;-1.56903,0.29435,-1.57383
-0.00502308,-0.0099111,0.028846;-1.5577,0.231695,-1.57356
-0.00460391,-0.0104629,0.0285786;-1.57091,0.284087,-1.57079
-0.00807333,-0.0175723,0.0313914;-1.60732,0.392014,-1.57661
-0.011612,-0.0315135,0.0399612;-1.62189,0.482585,-1.58244
-0.0121786,-0.0484543,0.0318598;-1.56636,0.282837,-1.62655
-0.0119396,-0.048363,0.0304107;-1.57759,0.273718,-1.60033
-0.0115431,-0.0458753,0.0291835;-1.58541,0.25662,-1.57875
-0.0114864,-0.0449183,0.0287086;-1.57053,0.285282,-1.57701
-0.012203,-0.0454266,0.0306214;-1.60489,0.39586,-1.56973
-0.0146528,-0.046602,0.0367526;-1.67101,0.533302,-1.5517
-0.024171,-0.0766328,0.032746;-1.61071,0.459869,-1.58988
-0.0269486,-0.0868209,0.0299988;-1.57203,0.405782,-1.59886
-0.0232247,-0.0838427,0.0305075;-1.59654,0.345155,-1.58421
-0.0213998,-0.0749833,0.0307098;-1.56711,0.378175,-1.61026
-0.017811,-0.0677451,0.030451;-1.57128,0.45594,-1.5945
-0.0102203,-0.0531665,0.0342793;-1.68713,0.602802,-1.51641
-0.0269702,-0.0735864,0.0354855;-1.67458,0.669079,-1.5268
-0.0410654,-0.0950975,0.0290145;-1.57396,0.599009,-1.58727
-0.0415637,-0.0971867,0.0290275;-1.57787,0.585807,-1.58208
-0.0331213,-0.089926,0.0312737;-1.58114,0.470199,-1.60634
-0.0310589,-0.0857424,0.0322194;-1.56486,0.503445,-1.63002
-0.0174964,-0.0682075,0.0351386;-1.65282,0.61375,-1.5509
-0.0112046,-0.0533229,0.0384874;-1.76269,0.849325,-1.45162
-0.0183092,-0.0653479,0.0358218;-1.70475,0.819364,-1.49439
-0.0306153,-0.0834086,0.0287682;-1.57426,0.771632,-1.58153
-0.0284055,-0.0828623,0.0291081;-1.59279,0.698731,-1.56518
-0.0235798,-0.0813499,0.0303664;-1.56967,0.68664,-1.60497
-0.0111076,-0.0720821,0.0345775;-1.55607,0.69512,-1.64712
0.0257967,-0.0268563,0.0396358;-1.78215,0.851776,-1.45224
0.0243732,-0.0251477,0.038103;-1.77763,0.837546,-1.44117
0.014834,-0.0332158,0.0287742;-1.56057,0.8083,-1.58255
0.0127412,-0.0344151,0.0289122;-1.58615,0.852921,-1.56489
0.0129754,-0.0344923,0.0288579;-1.57067,0.84785,-1.58423
0.0161793,-0.0319131,0.0311027;-1.55961,0.806175,-1.6217
0.0570455,-0.00351374,0.0460961;-1.69036,0.848682,-1.52336
0.0666383,0.0084684,0.0422155;-1.81574,0.826117,-1.41808
0.065527,0.0128767,0.0341813;-1.72863,0.826644,-1.46428
0.0588681,0.00815,0.028726;-1.56616,0.844194,-1.57002
0.0582434,0.0075896,0.0285818;-1.57091,0.864309,-1.57114
0.0568262,0.00554592,0.0294975;-1.54722,0.893611,-1.59378
0.060391,0.00708829,0.0438063;-1.30186,0.85824,-1.79827
0.0750741,0.0187577,0.0484279;-1.55043,0.79664,-1.60396
0.0914451,0.0298856,0.0355879;-1.72056,0.748944,-1.4743
0.0862023,0.0289138,0.029271;-1.55614,0.785567,-1.58069
0.0852684,0.0278852,0.0289;-1.56007,0.826903,-1.56758
0.0811899,0.0250161,0.0292017;-1.56575,0.831079,-1.553
0.0714485,0.0181735,0.0389038;-1.28607,0.895275,-1.78229
0.0712683,0.0175776,0.0376171;-1.33127,0.85141,-1.75689
0.0800585,0.0215262,0.03649;-1.39171,0.854046,-1.72545
0.0953815,0.0327655,0.0286225;-1.57255,0.887781,-1.56906
0.0953609,0.0323889,0.0291863;-1.53552,0.914834,-1.59039
0.0972657,0.032435,0.0288993;-1.57155,0.97783,-1.55442
0.096344,0.0320081,0.0295404;-1.56943,1.02564,-1.55521
0.0714405,0.015934,0.0363013;-1.26463,1.18363,-1.83318
0.0646004,0.0133622,0.0336111;-1.33821,1.13951,-1.77542
0.0683175,0.0155913,0.0288145;-1.59483,1.11777,-1.55262
0.0685204,0.0158082,0.0286255;-1.57064,1.07438,-1.57306
0.0684684,0.0156848,0.0285786;-1.57096,1.0956,-1.57059
0.0679286,0.016114,0.0285965;-1.57254,1.16044,-1.56833
0.0532784,0.0134098,0.0316853;-1.63826,1.32041,-1.50891
0.0303404,0.00516869,0.0300365;-1.4788,1.28394,-1.66162
0.0267507,0.0061563,0.0287154;-1.55777,1.22328,-1.5811
0.0261537,0.0061317,0.0285911;-1.56933,1.16294,-1.57306
0.0261022,0.00617948,0.0287317;-1.57047,1.17203,-1.57826
0.0246722,0.00617374,0.0288206;-1.57373,1.24096,-1.57875
0.0202629,0.0060852,0.0347825;-1.91826,1.33572,-1.23438
0.00768594,0.0010782,0.033168;-1.7588,1.31357,-1.39142
-0.00619804,-0.00221585,0.0286639;-1.55855,1.23634,-1.58235
-0.00632143,-0.00225271,0.0286021;-1.5717,1.18258,-1.56904
-0.00617899,-0.00212619,0.0285804;-1.57063,1.20008,-1.57102
-0.00657343,-0.00222043,0.0287813;-1.57052,1.23089,-1.58074
0.000945823,-0.000643205,0.0345214;-1.87976,1.3805,-1.29643
0.00436391,0.000736368,0.0362958;-2.13046,1.32362,-1.04265
-0.00521828,-0.00289559,0.0288141;-1.5352,1.27435,-1.60545
-0.00834564,-0.00273899,0.0286362;-1.57643,1.18816,-1.56387
-0.00806152,-0.00260694,0.0286156;-1.5759,1.1956,-1.56492
-0.00764492,-0.00226321,0.0285788;-1.57103,1.23064,-1.5705
-0.00110304,-0.00286414,0.0311948;-1.50465,1.401,-1.6578
0.0119134,0.00271552,0.038925;-2.19007,1.38555,-0.999107
0.0192298,0.00453657,0.0365357;-2.00501,1.2799,-1.16602
0.0104006,0.00171169,0.0286252;-1.57082,1.11419,-1.56863
0.00997807,0.00182551,0.0286591;-1.57448,1.11537,-1.56497
0.0102598,0.00214456,0.0287199;-1.5828,1.12421,-1.55777
0.0135542,0.00116204,0.0292451;-1.53141,1.25835,-1.60448
0.0228638,0.00336899,0.032528;-1.29152,1.35591,-1.83277
0.0360629,0.0108998,0.036516;-1.59377,1.294,-1.56096
0.0456524,0.0158608,0.0286427;-1.56685,1.03355,-1.57261
0.0447172,0.0159284,0.0289146;-1.54987,1.00965,-1.58339
0.0461997,0.0156728,0.0288144;-1.56466,1.05134,-1.56764
0.0568949,0.011109,0.0304934;-1.37378,1.32966,-1.75388
0.067439,0.00933151,0.0349267;-0.88454,1.42588,-2.2241
0.0790972,0.0124993,0.0395071;-0.293131,1.43157,-2.79191
0.0923183,0.0166906,0.0327188;-1.30599,1.29059,-1.80544
0.0886175,0.0183545,0.029285;-1.51335,1.21099,-1.61069
0.088626,0.0184756,0.0293155;-1.50637,1.22091,-1.61768
0.0964766,0.0171671,0.0304688;-1.4563,1.34952,-1.66053
0.0996928,0.0145597,0.0351493;-0.842619,1.43349,-2.26255
0.101928,0.010886,0.0398173;0.365175,1.4245,2.83498
0.100034,0.0158929,0.0353543;-0.597186,1.46482,-2.50194
0.0949237,0.0202441,0.0292654;-1.47479,1.38128,-1.6472
0.0906157,0.022648,0.029399;-1.45094,1.30835,-1.67485
0.0888314,0.0217668,0.0297341;-1.4142,1.34197,-1.71639
0.0930649,0.0185699,0.0340829;-0.849511,1.41892,-2.27302
0.0951154,0.0169053,0.0378306;0.46632,1.44145,2.7162
0.0898307,0.0178687,0.0334023;0.805079,1.47275,2.36313
0.0875406,0.0220435,0.0290034;-1.40033,1.51974,-1.72645
0.085545,0.0247022,0.0288106;-1.52346,1.39171,-1.61402
0.0821617,0.0240526,0.0289822;-1.58552,1.43999,-1.5728
0.0736948,0.0229036,0.0307345;-1.17355,1.54481,-1.99452
0.0647609,0.0193119,0.035054;0.960656,1.40159,2.16699
0.0596985,0.0147025,0.0323878;1.32901,1.27977,1.81343
0.0666408,0.0172567,0.028814;1.57431,1.37754,1.55525
0.0723117,0.017775,0.0289753;1.63204,1.49044,1.49611
0.0810488,0.0139932,0.0314633;-1.8961,1.53133,-1.28773
0.0796096,0.0137685,0.0335344;-2.54202,1.53283,-0.652051
0.0774756,0.0147999,0.0395552;2.88001,1.41248,0.217003
0.0603867,0.0199905,0.0457706;2.26109,1.27287,0.820322
0.0555461,0.0219874,0.0415733;2.16322,1.30126,0.932958
0.0522206,0.0269482,0.0289837;1.55764,1.36488,1.56693
0.0577824,0.0258737,0.0286656;0,1.56828,3.13724
0.0577361,0.0259967,0.0289088;0,1.56872,3.12692
0.0547081,0.0267511,0.0309822;2.0703,1.5238,1.04586
0.0372866,0.0237464,0.0446637;2.27402,1.35808,0.812817
0.0317126,0.0240939,0.0444841;2.37555,1.34903,0.712563
0.0280044,0.0275955,0.0369492;2.02097,1.38931,1.07887
0.0279305,0.0304911,0.0288771;1.63035,1.46298,1.50368
0.029527,0.0294142,0.0285594;1.56624,1.50421,1.57583
0.0290147,0.0298656,0.0287455;1.57637,1.46215,1.55801
0.0199723,0.0294685,0.0410981;2.0659,1.29307,1.03617
0.0150038,0.0264728,0.0413291;2.45152,1.36623,0.645974
0.01052,0.0223013,0.0356213;2.37392,1.46133,0.723676
0.00352605,0.025351,0.0314991;1.68243,1.42926,1.42143
0.00578261,0.0261492,0.0300233;1.5874,1.43716,1.52746
0.00536911,0.0261944,0.0289294;1.55893,1.39235,1.56777
0.00536911,0.0261944,0.0289294;1.55893,1.39235,1.56777
0.0103803,0.024652,0.0297355;1.55114,1.28923,1.58173
0.0103803,0.024652,0.0297355;1.55114,1.28923,1.58173
