0,0,0.11;-1.57,-2.98023e-08,-1.57
0,0,0.11;-1.57,-2.98023e-08,-1.57
0,0,0.11;-1.57,-2.98023e-08,-1.57
-0.000865561,-0.00211671,0.0285899;-1.57068,-0.23463,-1.57005
0.00032199,-0.000656966,0.0285869;-1.57048,-0.124223,-1.5707
0.00132605,0.00411918,0.0291176;-1.56323,0.0382044,-1.56157
0.000469693,0.00532397,0.0311363;-1.61187,0.119667,-1.57168
0.00677696,0.011205,0.0295766;-1.57877,-0.08876,-1.59251
0.00766791,0.0138386,0.030002;-1.60048,-0.13093,-1.58755
0.00709169,0.0130853,0.029152;-1.5892,-0.143272,-1.58267
0.00602192,0.00976529,0.0285858;-1.57038,0.0548709,-1.5709
0.00789338,0.0147955,0.0291627;-1.56629,0.220663,-1.5631
0.00571027,0.0177009,0.0312662;-1.57622,0.438131,-1.54191
0.00206,0.00719937,0.0290556;-1.56661,0.327819,-1.56381
-0.000392109,0.00512129,0.0286456;-1.57036,0.190348,-1.56762
-0.00131212,0.00567668,0.0285842;-1.57065,0.0162997,-1.57079
-0.00144812,0.00528004,0.029009;-1.57313,0.0522677,-1.58854
-0.00124625,0.00493621,0.0300518;-1.57256,0.169468,-1.5938
0.000941787,0.0167286,0.0340272;-1.67283,0.339607,-1.55027
-0.00232411,0.0184114,0.031978;-1.61577,0.436173,-1.54294
-0.00339131,0.0110134,0.028904;-1.56811,0.319457,-1.56478
-0.00621754,0.00788806,0.0285809;-1.57078,0.152697,-1.57031
-0.00684365,0.00792348,0.0285795;-1.5708,-0.0332645,-1.57076
-0.00568381,0.00893779,0.0285854;-1.57053,0.079622,-1.57076
-0.00418851,0.013157,0.0289965;-1.55994,0.261051,-1.56276
-0.00549785,0.0176948,0.0310424;-1.59863,0.376269,-1.55516
-0.00397558,0.0146455,0.0300668;-1.60432,0.31149,-1.56923
0.00200716,0.019056,0.0296988;-1.59915,0.148978,-1.57637
0.00186081,0.0188609,0.0291116;-1.58855,0.147163,-1.57622
7.92046e-05,0.0170619,0.0286874;-1.57071,0.236237,-1.57591
0.00172583,0.0237932,0.0304504;-1.56914,0.574508,-1.5524
-0.00302745,0.0215621,0.0318643;-1.56542,0.725564,-1.548
-0.00723662,0.0118005,0.0307003;-1.54655,0.668734,-1.57052
-0.00939819,0.00976159,0.0287782;-1.57187,0.403191,-1.57904
-0.00655004,0.0113154,0.0292262;-1.59695,0.331699,-1.569
-0.00783524,0.00963411,0.0296659;-1.59703,0.352208,-1.5741
-0.0139136,0.00703843,0.0301774;-1.57565,0.597192,-1.59166
-0.00682241,0.0210847,0.0346998;-1.7108,0.784703,-1.47817
-0.00838565,0.023318,0.0331992;-1.67422,0.869663,-1.48929
-0.0176981,0.0129335,0.02858;-1.57007,0.571836,-1.57105
-0.0178844,0.0135905,0.0285796;-1.57077,0.402234,-1.57085
-0.0172735,0.0135972,0.0285832;-1.57098,0.31797,-1.57077
-0.0183311,0.0120157,0.0286455;-1.57099,0.534133,-1.57448
-0.0172437,0.0150568,0.0303012;-1.60263,0.713334,-1.55563
-0.0142698,0.0231786,0.036989;-1.78143,0.867124,-1.43367
-0.00736551,0.0215138,0.0318765;-1.66314,0.687901,-1.51827
-0.00512262,0.0212598,0.0290313;-1.58336,0.596376,-1.57489
-0.00253204,0.0217912,0.0289318;-1.58494,0.505656,-1.56848
-0.00180607,0.0218964,0.0285975;-1.56942,0.674176,-1.57082
0.000949267,0.025512,0.0296015;-1.56547,0.871227,-1.56274
-0.00216837,0.0278618,0.0316335;-1.58319,1.0705,-1.53571
-0.0150134,0.0160124,0.0285914;-1.5701,0.908299,-1.57222
-0.0130706,0.0160942,0.028917;-1.57849,0.822144,-1.57583
-0.0101803,0.0159902,0.0292911;-1.60796,0.769693,-1.55301
-0.0204708,0.0150294,0.0299614;-1.59439,0.905013,-1.57353
-0.0201472,0.0185895,0.0314137;-1.66871,1.02823,-1.49235
-0.0124864,0.0273238,0.0346701;-1.81981,1.20366,-1.33602
-0.0204084,0.0239969,0.0286833;-1.56536,1.19276,-1.57088
-0.0227924,0.024377,0.0285785;-1.57056,1.03375,-1.57085
-0.0212006,0.0255797,0.0285767;-1.57053,0.893554,-1.5711
-0.0210522,0.0254681,0.0285821;-1.57058,0.873849,-1.57119
-0.023258,0.025848,0.0288693;-1.58643,0.988624,-1.56318
-0.017568,0.0307953,0.0335017;-1.76441,1.14677,-1.40084
-0.018734,0.0322793,0.0360205;-1.96337,1.20912,-1.22089
-0.0143469,0.0306962,0.0316515;-1.72664,1.129,-1.43575
-0.0125853,0.029201,0.0288086;-1.57047,1.01955,-1.58248
-0.00985773,0.029647,0.0286136;-1.57076,0.889897,-1.57239
-0.010156,0.0295372,0.0285773;-1.57062,0.966804,-1.57093
-0.00731932,0.0312804,0.0291792;-1.55746,1.15123,-1.57533
-0.0163996,0.0335421,0.0308319;-1.54902,1.41943,-1.568
-0.0183003,0.0297868,0.029488;-1.63275,1.3116,-1.51196
-0.0179057,0.0272641,0.0291513;-1.63538,1.21395,-1.51549
-0.0151562,0.0249131,0.0299097;-1.65469,1.12506,-1.5037
-0.0209082,0.0274226,0.0293122;-1.62724,1.21169,-1.52776
-0.0232482,0.0291051,0.0290351;-1.60284,1.30859,-1.55304
-0.0115613,0.0363925,0.0316673;1.67367,1.47143,1.49187
-0.0217584,0.0335856,0.0311916;1.2477,1.52972,1.90889
-0.0295003,0.0331566,0.0286972;-1.53517,1.4701,-1.60418
-0.026344,0.0349625,0.0285794;-1.57085,1.16317,-1.57066
-0.0268752,0.0350837,0.0287405;-1.56976,1.2044,-1.57952
-0.0280138,0.0358038,0.0290167;-1.60374,1.28659,-1.55075
-0.0145127,0.0436456,0.0392843;2.96545,1.37543,0.158738
-0.0181655,0.0432045,0.0359184;2.98565,1.43397,0.144565
-0.0242332,0.0403545,0.0295999;-2.45155,1.5357,-0.696634
-0.0204434,0.036685,0.0285801;-1.57049,1.30944,-1.57116
-0.0203361,0.0365721,0.0285792;-1.57173,1.31399,-1.56999
-0.0200438,0.0361061,0.0285785;-1.57047,1.36498,-1.57133
-0.0140506,0.0399206,0.0320715;1.61884,1.43809,1.55269
-0.0179937,0.0387889,0.0302754;1.71869,1.43952,1.42938
-0.0204333,0.0375172,0.0289428;1.73207,1.45653,1.40483
-0.0169821,0.0333641,0.0296256;-2.91939,1.54043,-0.231714
-0.0171984,0.0349661,0.0292342;2.78482,1.54232,0.35366
-0.0179828,0.0356251,0.0290354;2.43021,1.54395,0.702989
-0.0146966,0.0406086,0.0307666;1.57657,1.28095,1.58027
-0.0155901,0.0410461,0.0297329;1.57265,1.23797,1.57874
-0.0173133,0.0411392,0.0292115;1.56357,1.19338,1.58658
-0.0178957,0.0427989,0.0285907;1.57039,1.39538,1.57066
-0.0144318,0.0408062,0.0289667;2.73172,1.55591,0.405024
-0.0167324,0.0430128,0.0290335;1.633,1.47225,1.49353
-0.0189471,0.0457466,0.0301538;1.72562,1.36019,1.40898
-0.00195978,0.0459394,0.0358497;1.82199,1.02693,1.33916
-0.00777082,0.0467942,0.0316611;1.69225,1.06232,1.45727
-0.0135242,0.0472026,0.0285754;1.57025,1.15579,1.57122
-0.00898102,0.044847,0.0285945;1.5838,1.46145,1.55806
-0.00910182,0.0448504,0.0285786;1.57071,1.45273,1.57089
-0.0100627,0.044796,0.0285914;1.56976,1.34598,1.57083
-0.00273165,0.043793,0.0312885;1.59014,0.990599,1.57129
-0.00457429,0.0430316,0.0309444;1.65313,1.00127,1.49418
-0.00939409,0.0416364,0.029172;1.61335,1.0474,1.5259
-0.00777053,0.0367843,0.0292961;1.63862,1.17344,1.49965
-0.00820589,0.0383406,0.0291244;1.62073,1.13763,1.51999
-0.0093277,0.0401102,0.0286169;1.57089,1.05587,1.56901
-0.00377567,0.0365535,0.0317943;1.56615,0.707536,1.59611
-0.00822988,0.0390084,0.0307766;1.55595,0.690497,1.59606
-0.00982262,0.0398429,0.0286225;1.57074,0.721123,1.57296
-0.00687745,0.0375954,0.0286829;1.57254,0.985431,1.56468
-0.00663139,0.0372396,0.0290254;1.60058,1.00231,1.54022
-0.0076722,0.0392546,0.0290569;1.58276,0.964581,1.5452
0.000289655,0.0346251,0.0338749;1.69519,0.734828,1.47265
0.0063879,0.0318517,0.0345225;1.70028,0.652173,1.48498
0.00300498,0.0343602,0.0288362;1.57852,0.659713,1.5662
0.00496854,0.034559,0.0286901;1.57074,0.920069,1.56552
0.0058785,0.0308894,0.0285871;1.57083,1.05382,1.57032
0.00599875,0.0307757,0.028636;1.57067,1.06479,1.56821
0.00624339,0.0277401,0.0293071;1.55727,0.836549,1.58735
0.0139955,0.0250017,0.0320726;1.61684,0.687889,1.54852
0.0150351,0.0237973,0.0330412;1.67566,0.671933,1.49527
0.00800749,0.0218798,0.029284;1.60829,0.792091,1.5362
0.00889669,0.0190707,0.029276;1.60761,0.863649,1.53316
0.00874953,0.0190831,0.0290497;1.59772,0.862706,1.54511
0.0070976,0.0197256,0.0286059;1.57026,0.707806,1.56932
0.0119583,0.014302,0.0301568;1.56606,0.529349,1.58566
0.0157129,0.0146088,0.0311555;1.57832,0.42743,1.58954
0.00974653,0.0182895,0.0285798;1.57073,0.531198,1.57088
0.0105761,0.0156826,0.0287475;1.57142,0.701016,1.56245
0.010912,0.0124219,0.0291802;1.60278,0.780072,1.54198
0.0112229,0.0169869,0.0299056;1.61124,0.685813,1.5368
0.0161571,0.013468,0.031214;1.62273,0.559939,1.53605
0.0245314,0.00629955,0.0335073;1.64345,0.385549,1.54312
0.0232729,0.00891503,0.0285799;1.57053,0.382652,1.57078
0.0251626,0.00787624,0.0286601;1.57059,0.508515,1.56727
0.0252572,0.00429099,0.0286308;1.57158,0.658108,1.56805
0.0250714,0.00408545,0.0286087;1.57088,0.643488,1.56915
0.0257826,0.00119029,0.029135;1.56004,0.553837,1.58422
0.032173,-0.00615004,0.0326617;1.62132,0.395336,1.55582
0.031555,-0.00773889,0.0312259;1.63304,0.387855,1.53795
0.0294167,-0.00927488,0.0291402;1.58745,0.460377,1.55152
0.0289698,-0.0124903,0.0291419;1.59214,0.562873,1.55029
0.0286433,-0.0112896,0.0286803;1.56964,0.522285,1.56687
0.0279414,-0.0125162,0.0287685;1.56429,0.448287,1.57487
0.0320302,-0.0240259,0.0300199;1.56663,0.290095,1.58555
0.033852,-0.0252339,0.0286742;1.57325,0.259686,1.57233
0.0320176,-0.0242666,0.0285702;1.57094,0.311239,1.57013
0.0316175,-0.0268591,0.0289889;1.58154,0.433559,1.55575
0.0316946,-0.0267484,0.0293755;1.60669,0.456013,1.54815
0.0332793,-0.0242816,0.0291148;1.58281,0.397047,1.55198
0.0356955,-0.0355284,0.0296237;1.5834,0.301687,1.5615
0.0415098,-0.043931,0.029539;1.56811,0.169166,1.58361
0.0399902,-0.0414545,0.0286204;1.57076,0.201237,1.57288
0.0400663,-0.0414403,0.0285761;1.57091,0.292566,1.57084
0.0413729,-0.0466783,0.0286762;1.57609,0.538487,1.5679
0.041003,-0.0459464,0.0286026;1.57081,0.498234,1.56972
0.0408186,-0.0462726,0.0287076;1.57286,0.441292,1.56578
0.05001,-0.0612554,0.036425;1.71544,0.207457,1.52682
0.0494632,-0.060387,0.0336717;1.67007,0.213287,1.54021
0.0457887,-0.0574682,0.0290275;1.58721,0.266751,1.56068
0.043515,-0.063022,0.0286003;1.5708,0.498245,1.56977
0.0435527,-0.062884,0.0285939;1.5708,0.483599,1.57016
0.043215,-0.0628546,0.0285915;1.56962,0.438845,1.57125
0.0490078,-0.0778982,0.0314214;1.57731,0.17894,1.59121
0.0489224,-0.0783433,0.0293618;1.57222,0.18047,1.57558
0.0482595,-0.07695,0.0285706;1.57088,0.194944,1.57048
0.0460025,-0.0814588,0.0293938;1.59545,0.340499,1.55336
0.0472159,-0.0796491,0.0292949;1.60213,0.292331,1.55674
0.0486669,-0.0779858,0.0291572;1.59391,0.255245,1.55959
0.0542983,-0.0958391,0.0307691;1.56884,0.0728427,1.58933
0.0538084,-0.100486,0.0296757;1.57441,0.0673412,1.57634
0.0535396,-0.099316,0.0286227;1.57076,0.0813076,1.5729
0.0557172,-0.100013,0.0286388;1.57098,0.274379,1.56751
0.0555492,-0.100656,0.0285806;1.57091,0.287188,1.57069
0.0554535,-0.100596,0.0285795;1.57091,0.265895,1.57065
0.0554535,-0.100596,0.0285795;1.57091,0.265895,1.57065
0.0550588,-0.102997,0.0290492;1.56777,0.218826,1.56795
0.0550588,-0.102997,0.0290492;1.56777,0.218826,1.56795
