0,0,0.11;-1.57,-2.98023e-08,-1.57
0,0,0.11;-1.57,-2.98023e-08,-1.57
0,0,0.11;-1.57,-2.98023e-08,-1.57
-0.000435007,0.000927349,0.0286243;-1.56968,-0.226859,-1.5694
-0.000645017,4.91563e-05,0.0286448;-1.57078,-0.176123,-1.57373
-0.000352826,-0.00512992,0.0304246;-1.56925,-0.0590099,-1.59631
0.00469633,-0.00456164,0.0359756;-1.611,0.100328,-1.61166
0.0037173,0.011928,0.0288083;-1.57067,0.0302666,-1.58167
0.00365382,0.0120209,0.0285794;-1.57085,0.0040151,-1.57082
0.00339779,0.0117618,0.0285861;-1.57082,-0.0181019,-1.57045
0.00219581,0.00987784,0.02895;-1.56995,0.100837,-1.58792
0.00354071,0.00557667,0.0318356;-1.55124,0.173657,-1.61604
0.00754391,0.00219657,0.0357537;-1.50741,0.263571,-1.65124
0.00504457,0.0112955,0.0321481;-1.54955,0.133709,-1.61671
0.00493138,0.0184741,0.0288553;-1.57106,0.0516841,-1.58432
0.00681282,0.0215277,0.0285861;-1.57073,-0.0458848,-1.57146
0.0062809,0.0201702,0.0288972;-1.5707,0.0291313,-1.58589
0.00495104,0.0159992,0.031264;-1.60143,0.10032,-1.59049
0.00495747,0.0093929,0.0393579;-1.67517,0.217806,-1.59653
0.00480191,0.00365546,0.041876;-1.72394,0.223681,-1.58606
0.000444374,-0.00211007,0.0379257;-1.71529,0.148379,-1.57439
-0.00375773,-0.00702154,0.0288832;-1.57064,0.0619734,-1.58537
-0.0032814,-0.00627975,0.0285858;-1.57105,0.0271957,-1.57122
-0.00228696,-0.00827959,0.0289996;-1.56714,0.126071,-1.5889
0.00290703,-0.0108945,0.0337062;-1.5031,0.24341,-1.61606
0.00571744,-0.0116646,0.0371599;-1.42958,0.288264,-1.63369
0.00289438,-0.00617241,0.0333312;-1.49076,0.195423,-1.6035
-0.000399648,-0.00037651,0.028908;-1.56109,-0.0764718,-1.56387
-0.000236438,-0.000384915,0.0290793;-1.55191,-0.0753642,-1.56392
0.0017004,0.000899089,0.0286886;-1.56564,0.0252077,-1.57091
0.00287877,-0.0111423,0.0372413;-1.44416,0.234145,-1.63793
0.00406357,-0.0227292,0.040461;-1.35889,0.339266,-1.66835
0.00289107,-0.0232308,0.0388192;-1.37721,0.320236,-1.64853
0.00275106,-0.0113024,0.0289022;-1.56028,0.232094,-1.5679
0.00112431,-0.0129285,0.0292925;-1.54743,0.170895,-1.56317
0.00253749,-0.0123256,0.0290417;-1.55744,0.213171,-1.56443
0.00566122,-0.0210766,0.0336518;-1.47717,0.373644,-1.61747
0.00467943,-0.0286691,0.0390553;-1.37011,0.424731,-1.67244
0.00274953,-0.0288991,0.0396985;-1.36332,0.38914,-1.67011
-0.00145679,-0.0126978,0.0290298;-1.55238,0.187698,-1.57751
-0.00254872,-0.0125807,0.0290073;-1.55642,0.0968768,-1.56583
-0.00238933,-0.0130161,0.0292183;-1.54485,0.0904304,-1.56771
-0.00242188,-0.015724,0.0292816;-1.576,0.320923,-1.58307
-0.00535331,-0.0189913,0.0340365;-1.61383,0.480005,-1.58739
-0.00618727,-0.0205844,0.0412225;-1.65335,0.584538,-1.58179
-0.00718434,-0.0195172,0.0291318;-1.56498,0.394294,-1.59432
-0.00589217,-0.0180361,0.0287149;-1.57094,0.301307,-1.57737
-0.0052726,-0.0177762,0.0285765;-1.57103,0.26097,-1.57061
-0.0060851,-0.0199844,0.0292247;-1.5708,0.367082,-1.58874
-0.0028391,-0.0209557,0.0327924;-1.54784,0.474348,-1.6259
0.00497065,-0.010916,0.04129;-1.69015,0.632942,-1.56129
0.0136715,0.0203262,0.0292745;-1.58175,0.549251,-1.57919
0.0146505,0.0220683,0.028653;-1.57091,0.482587,-1.57434
0.0136171,0.0216279,0.0286919;-1.56653,0.380198,-1.57076
0.0126393,0.0209365,0.0291557;-1.59193,0.426075,-1.57041
0.00867405,0.0165708,0.0349377;-1.67314,0.502251,-1.54239
0.00681739,0.00778192,0.0426447;-1.77533,0.595766,-1.50125
-0.00850946,-0.00221051,0.0320613;-1.61534,0.555512,-1.57379
-0.00957792,-0.00367982,0.0288547;-1.57109,0.538078,-1.58363
-0.00892786,-0.00359867,0.0285797;-1.57103,0.515686,-1.57079
-0.00946475,-0.00448118,0.0289095;-1.57029,0.601831,-1.58667
-0.00815491,-0.004702,0.0309126;-1.55482,0.691053,-1.61085
-0.00521638,-0.00343335,0.0383111;-1.59556,0.781391,-1.59568
-0.00685391,-0.0046908,0.0359971;-1.57507,0.698483,-1.59793
-0.0101327,-0.00503768,0.0303449;-1.52848,0.574837,-1.60359
-0.0111388,-0.000934357,0.0289018;-1.5537,0.457889,-1.57819
-0.0118556,-0.00021979,0.0291457;-1.54209,0.41,-1.58048
-0.00924312,-0.00200902,0.0319459;-1.49668,0.508332,-1.61526
-0.0083935,-0.00591208,0.0372967;-1.40564,0.665643,-1.68326
-0.0154648,-0.0150971,0.0451537;-1.41337,0.82767,-1.68326
-0.0247253,-0.0200578,0.03918;-1.39531,0.735642,-1.69058
-0.0299175,-0.0179355,0.0331223;-1.45831,0.643997,-1.64333
-0.0301288,-0.0147675,0.0292771;-1.54318,0.581242,-1.57518
-0.0280256,-0.0163231,0.029078;-1.54415,0.660165,-1.5878
-0.0267437,-0.0215258,0.0323596;-1.4752,0.741694,-1.64429
-0.0304253,-0.0306547,0.0402002;-1.26309,0.811873,-1.8113
-0.0340901,-0.0278672,0.0393632;-1.31492,0.737987,-1.76442
-0.0322716,-0.0181878,0.0348381;-1.42788,0.650909,-1.67111
-0.0320708,-0.00689091,0.0293137;-1.5387,0.45991,-1.57786
-0.0312406,-0.0088637,0.0291089;-1.54409,0.504346,-1.58555
-0.0301015,-0.0126581,0.0312604;-1.517,0.573169,-1.61828
-0.0330014,-0.0291371,0.0400513;-1.32697,0.790965,-1.78759
-0.0426794,-0.03277,0.0380896;-1.37616,0.75809,-1.74216
-0.0432304,-0.0311753,0.0336085;-1.44931,0.753134,-1.66787
-0.0422148,-0.0276437,0.0291295;-1.55012,0.666393,-1.57322
-0.0398954,-0.0283051,0.028993;-1.54525,0.746517,-1.58691
-0.0397975,-0.032697,0.0306841;-1.51508,0.83474,-1.62078
-0.0322326,-0.0398393,0.0418345;-1.36383,1.05057,-1.75395
-0.0266099,-0.030165,0.0476404;-1.5249,1.01932,-1.62128
-0.0263152,-0.0202095,0.0310686;-1.47359,0.968152,-1.66167
-0.0266167,-0.0131306,0.0292366;-1.5403,0.75969,-1.58201
-0.0269142,-0.0135383,0.0290585;-1.54157,0.746624,-1.59219
-0.0268139,-0.014207,0.0291211;-1.54907,0.762585,-1.59587
-0.0332797,-0.0215552,0.0425814;-1.61872,0.951317,-1.56264
-0.0387106,-0.0225072,0.0434665;-1.56376,1.05089,-1.5929
-0.0433978,-0.0239689,0.0348192;-1.47339,1.10197,-1.67454
-0.0484383,-0.0163816,0.0290992;-1.53902,0.970366,-1.58978
-0.048956,-0.0164217,0.0293758;-1.52778,0.929917,-1.59226
-0.0484077,-0.0175756,0.0295751;-1.51662,0.974418,-1.61732
-0.0497531,-0.0221021,0.0324439;-1.45311,1.01848,-1.68624
-0.0577678,-0.0412446,0.0484397;-1.46328,1.09738,-1.67693
-0.0664843,-0.0401347,0.0398997;-1.3342,0.982514,-1.77657
-0.0662253,-0.0321512,0.0341592;-1.40198,0.868917,-1.70703
-0.0643774,-0.0240162,0.0304281;-1.49825,0.745699,-1.61444
-0.0627465,-0.0270784,0.0309639;-1.48726,0.809273,-1.63196
-0.0641046,-0.0323156,0.0336337;-1.43289,0.895354,-1.69249
-0.076754,-0.0474205,0.0414218;-1.08809,1.08296,-2.03178
-0.0839151,-0.0461895,0.0398873;-1.18729,1.05453,-1.9337
-0.0787397,-0.0375502,0.0351541;-1.35388,0.96862,-1.75859
-0.0763797,-0.0324733,0.0293958;-1.52513,0.893172,-1.59528
-0.075675,-0.0336563,0.0292863;-1.52248,0.92434,-1.60581
-0.0769288,-0.038016,0.0322612;-1.44191,0.99804,-1.6892
-0.0851584,-0.0500368,0.0416091;-1.0603,1.11194,-2.06517
-0.0901874,-0.0516913,0.0391182;-1.09788,1.12902,-2.01422
-0.0852458,-0.0437291,0.0354609;-1.29733,1.06292,-1.81887
-0.0830462,-0.0345218,0.0293743;-1.52447,0.874574,-1.59717
-0.0828336,-0.0377388,0.0293979;-1.51594,0.910923,-1.61028
-0.0834941,-0.0403615,0.0318289;-1.46907,0.953382,-1.66229
-0.0905232,-0.0516359,0.0400875;-1.1102,1.20089,-2.05017
-0.0966971,-0.0546936,0.0402607;-0.784879,1.28806,-2.34926
-0.0976948,-0.0534245,0.0368074;-0.972911,1.30552,-2.15056
-0.0990993,-0.0449421,0.0293895;-1.51021,1.17488,-1.61067
-0.101092,-0.0441053,0.0292979;-1.5215,1.12647,-1.60164
-0.0994926,-0.0459198,0.0298154;-1.47501,1.1803,-1.65686
-0.103054,-0.0538868,0.0368692;-1.06827,1.29142,-2.07008
-0.103618,-0.0584788,0.0415115;-0.692508,1.35294,-2.436
-0.101153,-0.058809,0.0422151;-0.743782,1.41251,-2.38456
-0.0910682,-0.0440722,0.0289636;-1.51147,1.25767,-1.62718
-0.0935449,-0.0426142,0.0292432;-1.51447,1.12029,-1.61374
-0.0934368,-0.042862,0.0291859;-1.51411,1.12817,-1.61669
-0.0991879,-0.0489934,0.0319456;-1.37434,1.39652,-1.78708
-0.103903,-0.0501923,0.0392715;-0.884836,1.54461,-2.28445
-0.103448,-0.0504108,0.0425383;1.40776,1.50665,1.70083
-0.101552,-0.0415561,0.0291306;-1.33111,1.50043,-1.81952
-0.10103,-0.0393665,0.0288138;-1.54601,1.38563,-1.5885
-0.102353,-0.0383808,0.0289504;-1.53008,1.30954,-1.60277
-0.103374,-0.0412484,0.0293753;-1.53221,1.39953,-1.62494
-0.108454,-0.0447443,0.0353251;-1.18415,1.4656,-1.98123
-0.117082,-0.0499572,0.0450556;0.422593,1.53379,2.69811
-0.115913,-0.0448028,0.0319476;-0.804768,1.48031,-2.34226
-0.1108,-0.0397061,0.0288864;-1.49005,1.38604,-1.6498
-0.112415,-0.038695,0.0292315;-1.48565,1.29621,-1.64413
-0.11214,-0.0421976,0.0293076;-1.4985,1.40072,-1.65212
-0.113882,-0.0448561,0.0349953;-1.53495,1.49571,-1.63275
-0.118608,-0.0479572,0.0466791;2.11976,1.51958,0.998839
-0.137056,-0.0338855,0.0330436;0.160942,1.48387,2.97691
-0.136893,-0.029579,0.0309086;-0.855934,1.48719,-2.27892
-0.135735,-0.0284137,0.029454;-1.29824,1.46215,-1.82833
-0.133284,-0.0380099,0.0331637;0.686584,1.45516,2.45097
-0.131856,-0.0419191,0.0375071;0.861049,1.34035,2.27518
-0.128807,-0.0439595,0.0432294;1.01555,1.2406,2.12736
-0.130798,-0.042928,0.0376378;0.946124,1.30658,2.19459
-0.126267,-0.0379498,0.0324092;0.931381,1.4271,2.20899
-0.125191,-0.0338188,0.0294884;0.364838,1.54016,2.79136
-0.129254,-0.0352235,0.0303732;-0.143226,1.52396,-2.99875
-0.133633,-0.0362509,0.0323528;1.00719,1.46494,2.12062
-0.142838,-0.0355964,0.0408633;1.36245,1.35284,1.76024
-0.152063,-0.0356569,0.0446185;1.37384,1.22777,1.76041
-0.150654,-0.031608,0.0331893;1.29104,1.27077,1.83933
-0.147719,-0.0272492,0.029535;1.44197,1.34584,1.70192
-0.147812,-0.0275011,0.0293584;1.43741,1.36906,1.7128
-0.148378,-0.0293604,0.0296328;1.4582,1.33983,1.67393
-0.151103,-0.0335283,0.0330652;1.46746,1.29813,1.64379
-0.16805,-0.0375948,0.0448888;1.64951,1.20194,1.46696
-0.17521,-0.0322348,0.0353598;1.45593,1.25736,1.65953
-0.171112,-0.0304829,0.0287551;1.57585,1.35442,1.55629
-0.170363,-0.0288222,0.0287546;1.4383,1.51526,1.70418
-0.171783,-0.0294434,0.0287191;1.57054,1.42446,1.56466
-0.176022,-0.0257499,0.0298251;1.62561,1.30723,1.49824
-0.184099,-0.0246565,0.040211;1.77357,1.07186,1.30652
-0.186273,-0.0220287,0.0396629;1.76712,1.04568,1.33328
-0.193095,-0.0150611,0.0290205;1.56415,1.1128,1.55883
-0.189687,-0.0168303,0.0285762;1.56999,1.34978,1.57166
-0.189827,-0.0166971,0.0286126;1.57228,1.34144,1.56776
-0.191245,-0.0162265,0.0292136;1.57967,1.27462,1.54463
-0.174534,-0.0226617,0.0422321;1.8268,0.97124,1.29229
-0.164858,-0.0229501,0.0403233;1.7802,0.927352,1.34496
-0.162986,-0.0178807,0.0293819;1.56422,0.96036,1.55338
-0.161273,-0.0200906,0.0286276;1.57047,1.20913,1.5737
-0.161393,-0.0200561,0.0285795;1.57099,1.21367,1.57059
-0.162332,-0.0191793,0.0292528;1.62307,1.17412,1.51423
-0.162332,-0.0191793,0.0292528;1.62307,1.17412,1.51423
-0.167078,-0.0137906,0.0350024;1.79466,1.06255,1.35624
-0.167078,-0.0137906,0.0350024;1.79466,1.06255,1.35624
