0,0,0.11;-1.57,-2.98023e-08,-1.57
0,0,0.11;-1.57,-2.98023e-08,-1.57
0,0,0.11;-1.57,-2.98023e-08,-1.57
-0.000690447,-0.000575438,0.02858;-1.57085,-0.257396,-1.57082
-0.0007341,-0.00259733,0.0286535;-1.57121,-0.113276,-1.57445
2.18007e-05,-0.00755606,0.0299984;-1.57293,0.0512816,-1.59114
0.00466879,-0.00341464,0.0346802;-1.61735,0.23363,-1.60434
0.000623567,-0.0061632,0.0287646;-1.57052,-0.0334859,-1.57957
2.52183e-05,-0.00297134,0.0285998;-1.57075,-0.187502,-1.57174
0.000422519,-0.00315329,0.0285802;-1.57084,-0.261009,-1.57084
0.000122693,-0.00191754,0.0285806;-1.57068,-0.108353,-1.57055
8.74186e-05,-0.00428932,0.0292924;-1.57316,0.075785,-1.5806
0.00348157,-0.00216275,0.0336799;-1.59055,0.261221,-1.59332
0.00930917,0.00895215,0.0315497;-1.57273,0.283842,-1.60959
0.00687659,0.0104948,0.0290687;-1.56374,0.165697,-1.58841
0.00532096,0.0130573,0.0286718;-1.57082,0.0561488,-1.57518
0.00518265,0.0131007,0.0285821;-1.57091,-0.00789746,-1.5706
0.00577846,0.0115153,0.0287777;-1.57456,0.116711,-1.57634
0.00859949,0.0117477,0.031218;-1.57011,0.2697,-1.58598
0.0160289,0.0215689,0.0366233;-1.65546,0.452295,-1.57817
0.0164732,0.0198045,0.0331043;-1.61775,0.378365,-1.58296
0.0155339,0.0186854,0.029056;-1.56427,0.27071,-1.58936
0.0145015,0.0220355,0.0285797;-1.57078,0.143171,-1.57077
0.0148877,0.0225562,0.0286155;-1.56873,0.179041,-1.5708
0.016099,0.0233408,0.0291923;-1.56668,0.287674,-1.57359
0.0159744,0.0187949,0.0295533;-1.56785,0.410724,-1.57391
0.0173316,0.0195784,0.0286414;-1.57047,0.422765,-1.57359
0.0177506,0.0202185,0.0288809;-1.56591,0.382502,-1.58258
0.0174783,0.0195193,0.0287711;-1.56795,0.400521,-1.5785
0.0171196,0.0185064,0.0286367;-1.57072,0.454726,-1.57355
0.0203104,0.0181214,0.0297469;-1.56846,0.647113,-1.57222
0.0216653,0.0148925,0.0315934;-1.56602,0.7776,-1.58282
0.0256471,0.0191703,0.0327898;-1.61916,0.755416,-1.55573
0.0296109,0.0205047,0.0289563;-1.5655,0.767782,-1.58989
0.0290062,0.0188023,0.029022;-1.56426,0.7856,-1.58633
0.0280541,0.017281,0.0287442;-1.56644,0.836813,-1.58012
0.025961,0.0134876,0.0289178;-1.56702,1.00272,-1.57795
0.0269169,0.00963314,0.030452;-1.53905,1.13221,-1.6044
0.0289322,0.00877857,0.0319097;-1.47492,1.16451,-1.66645
0.0382806,0.013514,0.0289395;-1.5682,1.10054,-1.58928
0.0371214,0.0115221,0.0291405;-1.56019,1.12112,-1.59214
0.0351301,0.00896725,0.0291185;-1.56264,1.1649,-1.59199
0.0262583,0.00399153,0.029263;-1.53848,1.34145,-1.61756
0.0230286,-0.00012897,0.0305013;-1.44794,1.42951,-1.70587
0.0231881,-0.00315468,0.031311;-1.08857,1.50599,-2.05415
0.0358688,0.000693626,0.0287251;-1.58035,1.38635,-1.56899
0.0364566,0.000840632,0.0288494;-1.57455,1.34464,-1.57772
0.0319941,-0.00112281,0.0292506;-1.56104,1.3614,-1.59483
0.0157116,-0.00531167,0.0294276;1.17064,1.55492,1.95145
0.00876172,-0.00824671,0.0306082;1.44738,1.46454,1.67452
0.00317882,-0.0109461,0.0315089;1.43934,1.37514,1.68896
0.0108678,-0.00713178,0.0285798;1.57114,1.5318,1.57045
0.0125416,-0.00599261,0.02858;-1.56785,1.47838,-1.57331
0.0129519,-0.00454956,0.0287478;-1.55283,1.39839,-1.59341
0.00413591,-0.00917518,0.0305284;-1.35332,1.53864,-1.82389
-0.00605966,-0.0103735,0.0319108;1.46684,1.48485,1.64098
-0.0156302,-0.0127942,0.0352208;1.68891,1.37375,1.42512
-0.0231574,-0.0106472,0.0285787;1.57307,1.54045,1.5685
-0.0218078,-0.00936816,0.0285788;-1.57127,1.49822,-1.57025
-0.019439,-0.00799501,0.0286921;-1.56263,1.38559,-1.58267
-0.01934,-0.00838322,0.0296054;-1.551,1.37106,-1.61524
-0.0266118,-0.00791408,0.0314297;-1.68295,1.46032,-1.48898
-0.0376692,-0.0124362,0.0379953;-3.02612,1.49381,-0.15552
-0.0617742,-0.0160309,0.029676;0.946974,1.55082,2.18916
-0.0619284,-0.0145425,0.0285806;-1.57265,1.5074,-1.56885
-0.0614447,-0.0145216,0.0285786;-1.57064,1.42163,-1.57093
-0.0610156,-0.0130769,0.0287394;-1.55746,1.32702,-1.59005
-0.0634401,-0.0139786,0.0294234;-1.58011,1.3741,-1.5826
-0.0756892,-0.0175191,0.0343194;-1.89191,1.46671,-1.29371
-0.102533,-0.0249506,0.0366785;2.48554,1.50299,0.626139
-0.111797,-0.0239576,0.0292683;-1.2668,1.53572,-1.87798
-0.111326,-0.0220912,0.0285775;-1.57136,1.44259,-1.57028
-0.10927,-0.0199491,0.028616;-1.56945,1.28797,-1.57346
-0.109059,-0.0195835,0.0288518;-1.5699,1.27577,-1.58449
-0.111224,-0.0213267,0.0305445;-1.5637,1.32814,-1.6097
-0.132171,-0.0327353,0.0426019;-2.49199,1.43139,-0.713518
-0.142272,-0.0351227,0.0415451;-2.23659,1.38644,-0.949506
-0.151325,-0.0342302,0.0288788;-1.5424,1.31173,-1.6051
-0.14987,-0.032298,0.0285791;-1.57052,1.16916,-1.57113
-0.149889,-0.0323734,0.0285773;-1.57127,1.19949,-1.57041
-0.148757,-0.0320927,0.0289291;-1.57555,1.24684,-1.57899
-0.154577,-0.0399598,0.0420127;-2.12565,1.34332,-1.08717
-0.15929,-0.0389271,0.0433418;-2.18404,1.24684,-1.01794
-0.178468,-0.0426507,0.0292264;-1.5049,1.23631,-1.64211
-0.177713,-0.042558,0.0286156;-1.57089,1.22135,-1.56895
-0.176747,-0.0424588,0.0285668;-1.56886,1.27273,-1.57276
-0.176453,-0.0423915,0.0286531;-1.56931,1.34339,-1.57595
-0.169912,-0.040411,0.0395954;-2.82544,1.44051,-0.371145
-0.177145,-0.0429916,0.0422921;-2.79655,1.39963,-0.404744
-0.198444,-0.04719,0.0318869;-1.56425,1.45043,-1.61498
-0.208061,-0.0466719,0.0286123;-1.57168,1.38801,-1.57166
-0.206842,-0.0470571,0.0285695;-1.57338,1.52842,-1.56793
-0.204819,-0.0484726,0.0286154;1.57052,1.51955,1.57295
-0.181232,-0.0486594,0.0328784;1.64901,1.31088,1.47296
-0.173447,-0.0489184,0.0373313;2.02995,1.36021,1.0801
-0.181699,-0.0517234,0.0333034;1.70938,1.43826,1.39161
-0.193349,-0.0481372,0.0286788;-1.60127,1.49609,-1.54292
-0.193553,-0.0475994,0.0287371;1.77543,1.54999,1.36962
-0.192255,-0.0477629,0.02863;1.57136,1.46441,1.5727
-0.189855,-0.0503602,0.0287374;1.5489,1.33449,1.58935
-0.17185,-0.0516187,0.0395131;1.83128,1.16201,1.2759
-0.174362,-0.0547235,0.0367102;1.86267,1.28964,1.24475
-0.184722,-0.0557937,0.030516;1.53116,1.4241,1.57314
-0.189852,-0.048581,0.0287974;1.58127,1.45274,1.55139
-0.194132,-0.0483816,0.0286449;1.56808,1.2867,1.56958
-0.197897,-0.0502958,0.0286234;1.56506,1.11569,1.57626
-0.183571,-0.0619278,0.0361456;1.6484,0.848966,1.47984
-0.176586,-0.0661123,0.040094;1.75283,0.905039,1.37674
-0.184177,-0.0677111,0.0306006;1.55221,1.08381,1.54995
-0.182623,-0.0689366,0.0294134;1.60711,1.19603,1.52347
-0.190299,-0.0609393,0.0287355;1.5665,1.08173,1.56539
-0.193796,-0.061091,0.0290622;1.55733,0.966851,1.56732
-0.198003,-0.0698121,0.0322774;1.5954,0.61295,1.55152
-0.188765,-0.0774237,0.0366669;1.6562,0.589423,1.4929
-0.185629,-0.0786215,0.0290306;1.56165,0.697955,1.56191
-0.174276,-0.0871277,0.0293351;1.57723,0.949072,1.54845
-0.173637,-0.0856781,0.0297261;1.57581,0.928629,1.54558
-0.175549,-0.0834486,0.0291808;1.56818,0.881291,1.55434
-0.187295,-0.0820414,0.031469;1.54403,0.555277,1.57419
-0.187621,-0.0864823,0.0326521;1.59285,0.468741,1.54998
-0.187143,-0.0900186,0.029173;1.55863,0.450168,1.56968
-0.17879,-0.094041,0.0293252;1.56221,0.674599,1.56226
-0.174746,-0.0984237,0.0305269;1.55951,0.738462,1.54671
-0.170045,-0.101775,0.0308026;1.55334,0.781912,1.54722
-0.173596,-0.0981735,0.0330051;1.53337,0.556518,1.55285
-0.175242,-0.0993825,0.0341597;1.56059,0.391095,1.56138
-0.177134,-0.100151,0.0329479;1.61216,0.320384,1.55122
-0.172266,-0.1016,0.0288289;1.56799,0.502933,1.56275
-0.169916,-0.102962,0.0290137;1.56037,0.585346,1.56403
-0.166927,-0.109299,0.0302147;1.56135,0.645166,1.55003
-0.163841,-0.109124,0.0316196;1.55169,0.597978,1.54377
-0.16707,-0.103984,0.0337264;1.52284,0.440374,1.55653
-0.169829,-0.10104,0.032568;1.5133,0.324148,1.58794
-0.170883,-0.102001,0.0286666;1.57084,0.321598,1.5666
-0.169082,-0.103304,0.0287208;1.56802,0.411266,1.56759
-0.167056,-0.105094,0.0291304;1.562,0.474439,1.5622
-0.161279,-0.114417,0.0324414;1.54383,0.554262,1.53486
-0.160015,-0.115365,0.0343331;1.52588,0.452266,1.53277
-0.159108,-0.11453,0.0369163;1.50418,0.295853,1.5601
-0.162642,-0.108866,0.0285789;1.57076,0.248946,1.57083
-0.161632,-0.109892,0.028629;1.57077,0.311531,1.56851
-0.159353,-0.111478,0.0286615;1.57009,0.41601,1.56768
-0.159315,-0.117708,0.0302758;1.5647,0.472455,1.54077
-0.158883,-0.122044,0.0340201;1.63509,0.43014,1.51326
-0.155589,-0.120339,0.0411864;1.76942,0.286726,1.47379
-0.158733,-0.116022,0.0286841;1.56566,0.291694,1.57148
-0.158474,-0.116141,0.0285789;1.57043,0.314674,1.57125
-0.158486,-0.115585,0.028583;1.57057,0.351837,1.57102
-0.156786,-0.117681,0.0291412;1.56655,0.422949,1.55396
-0.159118,-0.121196,0.0325271;1.6033,0.419769,1.52571
-0.160606,-0.123592,0.0415428;1.78429,0.331283,1.45741
-0.164793,-0.116631,0.0293503;1.55794,0.346123,1.55632
-0.164494,-0.117505,0.0286343;1.57082,0.375666,1.56821
-0.164584,-0.117108,0.0286093;1.57081,0.412777,1.5722
-0.164776,-0.116633,0.0287359;1.5706,0.419079,1.56346
-0.16562,-0.117335,0.030158;1.56871,0.419696,1.54621
-0.168779,-0.118937,0.036133;1.62243,0.386222,1.50587
-0.167488,-0.119772,0.0386696;1.7105,0.34185,1.48599
-0.169787,-0.117459,0.0290039;1.56287,0.403876,1.56094
-0.168281,-0.120267,0.0285785;1.57029,0.511829,1.57065
-0.168257,-0.119857,0.0285814;1.57062,0.553737,1.57101
-0.168739,-0.119314,0.0286966;1.57074,0.510209,1.56531
-0.171158,-0.116433,0.0305703;1.58852,0.448479,1.54122
-0.176808,-0.113763,0.0423518;1.74485,0.389529,1.45184
-0.179466,-0.111717,0.0345442;1.60625,0.417875,1.51586
-0.177427,-0.116529,0.0288681;1.57048,0.521921,1.55725
-0.176293,-0.118831,0.0286051;1.57065,0.663788,1.5721
-0.176501,-0.119015,0.028573;1.5712,0.634595,1.5706
-0.177353,-0.11714,0.028999;1.57941,0.557962,1.55481
-0.188324,-0.109548,0.0423377;1.72956,0.467422,1.44361
-0.19057,-0.107143,0.0408288;1.74154,0.543765,1.44039
-0.19205,-0.106246,0.029547;1.5639,0.634326,1.55067
-0.187169,-0.116006,0.0285874;1.5707,0.895185,1.57057
-0.187146,-0.116619,0.028615;1.56817,0.86395,1.57267
-0.187032,-0.117111,0.0285671;1.57173,0.806781,1.56976
-0.193311,-0.107707,0.0381806;1.71951,0.574652,1.44834
-0.198556,-0.10494,0.038782;1.7177,0.64257,1.44324
-0.206865,-0.1,0.0306901;1.55292,0.754949,1.54793
-0.197749,-0.112229,0.0287301;1.57544,1.04223,1.56202
-0.197388,-0.112809,0.02857;1.5706,1.05481,1.57152
-0.196497,-0.113105,0.0285832;1.57095,0.958511,1.57111
-0.196497,-0.113105,0.0285832;1.57095,0.958511,1.57111
-0.196759,-0.110018,0.0296304;1.59896,0.840055,1.54385
-0.196759,-0.110018,0.0296304;1.59896,0.840055,1.54385
