0,0,0.11;-1.57,-2.98023e-08,-1.57
0,0,0.11;-1.57,-2.98023e-08,-1.57
0,0,0.11;-1.57,-2.98023e-08,-1.57
-0.000146758,0.00301098,0.0285886;-1.57103,-0.246409,-1.5704
-0.000896732,0.00189516,0.0287081;-1.57167,-0.185333,-1.57651
-0.00180379,-0.00242672,0.0293329;-1.574,-0.11399,-1.58793
0.000435536,-0.0165252,0.0336372;-1.51726,0.00908372,-1.61014
-0.00171566,-0.0102829,0.028813;-1.57076,-0.0900301,-1.58207
-0.00151172,-0.00922597,0.0285798;-1.57084,-0.171126,-1.57072
-0.00272019,-0.00891403,0.0285797;-1.5708,-0.245862,-1.57078
-0.0032275,-0.00992914,0.0285874;-1.5703,-0.27893,-1.57054
-0.00358374,-0.0128806,0.0295898;-1.55606,-0.198577,-1.57526
-0.00329543,-0.0250495,0.0351833;-1.48545,-0.0344683,-1.59616
-0.00492139,-0.0362533,0.0351302;-1.45137,0.0773087,-1.58479
-0.00739956,-0.0303155,0.0314731;-1.52168,0.0425222,-1.57009
-0.00773534,-0.0266764,0.0290072;-1.5696,0.0296424,-1.5576
-0.00707994,-0.0284926,0.0287868;-1.57221,-0.0477797,-1.56201
-0.00779836,-0.0299885,0.0286613;-1.56699,-0.0925454,-1.57022
-0.00868915,-0.0301429,0.0289197;-1.5705,-0.12501,-1.58214
-0.00865791,-0.0450748,0.0336111;-1.53658,0.0399416,-1.62589
-0.00997057,-0.0498642,0.0296765;-1.56466,0.0426307,-1.59486
-0.010428,-0.0477816,0.0288325;-1.57109,-0.00112459,-1.58238
-0.0105141,-0.0492818,0.028763;-1.57118,-0.0991319,-1.56187
-0.0110202,-0.0506948,0.0291164;-1.5708,-0.11983,-1.55436
-0.0113226,-0.0519073,0.0310207;-1.5764,-0.131266,-1.54058
-0.0124361,-0.0516659,0.0351328;-1.61148,-0.0927008,-1.5194
-0.0177859,-0.0571728,0.0377858;-1.64846,-0.0574851,-1.50123
-0.0255192,-0.0558388,0.0380627;-1.6227,-0.000191987,-1.47037
-0.0264323,-0.0530725,0.0384172;-1.59573,0.0779156,-1.45297
-0.0264321,-0.0540884,0.0380412;-1.60222,0.09629,-1.45474
-0.0250869,-0.0511137,0.0382422;-1.65805,0.103312,-1.47787
-0.0228181,-0.0552946,0.0387188;-1.66911,0.0696146,-1.4988
-0.021438,-0.0637027,0.0371143;-1.66004,-0.0528648,-1.52022
-0.0181256,-0.0684182,0.0307975;-1.60118,-0.0962815,-1.5533
-0.0183636,-0.0697505,0.0287975;-1.57039,-0.0883048,-1.56031
-0.0182197,-0.0692061,0.0287453;-1.57106,-0.0770393,-1.56223
-0.0191749,-0.0675691,0.0286714;-1.57307,0.0347748,-1.5732
-0.0185566,-0.0690829,0.0290993;-1.57033,0.0580446,-1.58326
-0.0178149,-0.0788532,0.0328506;-1.51674,0.0115843,-1.60008
-0.0268546,-0.0869177,0.0295299;-1.56228,-0.14132,-1.56927
-0.0278955,-0.0828021,0.0293109;-1.56732,-0.188131,-1.55662
-0.0278906,-0.0792248,0.030367;-1.5627,-0.170451,-1.54078
-0.0279877,-0.0619835,0.0319451;-1.58623,0.0171376,-1.52552
-0.0289776,-0.0653943,0.0346743;-1.615,0.103694,-1.52087
-0.0260468,-0.0810033,0.0398629;-1.51104,0.157795,-1.55182
-0.0275249,-0.11696,0.0341122;-1.4803,0.0190054,-1.57964
-0.0335131,-0.115394,0.0295861;-1.56536,-0.102974,-1.56421
-0.035507,-0.116146,0.0292578;-1.56714,-0.158797,-1.55747
-0.0336351,-0.114563,0.02909;-1.5499,-0.120278,-1.56427
-0.0293578,-0.114263,0.02935;-1.54764,-0.0235194,-1.57498
-0.0244847,-0.115218,0.0327198;-1.49034,0.0613878,-1.58436
-0.0230149,-0.116833,0.0315261;-1.52102,0.066848,-1.58753
-0.0266797,-0.11766,0.029098;-1.56932,0.001326,-1.5758
-0.0298392,-0.117184,0.0287657;-1.57811,-0.095587,-1.56975
-0.0301774,-0.113796,0.0292528;-1.5584,-0.135812,-1.55984
-0.0279229,-0.106816,0.0319197;-1.52614,-0.0677821,-1.54088
-0.0248685,-0.0965756,0.035267;-1.49711,0.00960347,-1.52978
-0.0291441,-0.0881411,0.0427998;-1.62571,0.0837583,-1.51782
-0.0308674,-0.088834,0.0438252;-1.67223,0.0493191,-1.49941
-0.0333837,-0.0913496,0.037934;-1.6521,0.0317048,-1.48513
-0.0269646,-0.0944749,0.0343618;-1.57656,-0.115562,-1.49335
-0.0201017,-0.0841864,0.0349619;-1.55681,-0.101164,-1.49394
-0.0147118,-0.0705638,0.033564;-1.58607,-0.0328239,-1.50567
-0.0191505,-0.0652866,0.0363681;-1.63804,0.145102,-1.51379
-0.0234349,-0.0670383,0.0342735;-1.63189,0.221166,-1.53029
-0.0292398,-0.0677431,0.0304275;-1.6068,0.331112,-1.55373
-0.0264491,-0.0835853,0.0294848;-1.5848,0.171325,-1.55328
-0.0242906,-0.0875213,0.0302498;-1.5838,0.0946111,-1.54372
-0.0226032,-0.084434,0.0309153;-1.57471,0.0756192,-1.53709
-0.0211006,-0.075423,0.0346606;-1.58771,0.139317,-1.5185
-0.0243254,-0.0776551,0.035785;-1.63369,0.149268,-1.51253
-0.0296242,-0.0833311,0.0371687;-1.66639,0.147243,-1.50433
-0.0352717,-0.0854296,0.0343097;-1.61123,0.163392,-1.50187
-0.0360134,-0.0860775,0.0344499;-1.59228,0.154902,-1.49055
-0.0348144,-0.0883634,0.0354335;-1.5979,0.112304,-1.482
-0.0221607,-0.0931911,0.0361616;-1.53002,0.0181794,-1.50139
-0.0177251,-0.0951256,0.0401785;-1.48886,-0.0166721,-1.54826
-0.0112062,-0.0907349,0.0321604;-1.58601,0.0155097,-1.52171
-0.0102552,-0.0872821,0.0288764;-1.5752,0.0879122,-1.56045
-0.0109384,-0.0860782,0.028613;-1.57079,0.127384,-1.56919
-0.0111593,-0.0855842,0.0287002;-1.5706,0.133397,-1.5766
-0.0107092,-0.0840603,0.0293483;-1.56015,0.0747963,-1.58467
-0.00944662,-0.084797,0.0288722;-1.5671,-0.0129251,-1.57604
-0.0115249,-0.087825,0.0292322;-1.57194,-0.016803,-1.58289
-0.0118118,-0.0894394,0.0288496;-1.57416,-0.0224102,-1.56114
-0.0128689,-0.0878945,0.0290167;-1.57232,-0.00299252,-1.55831
-0.0148404,-0.0860322,0.0292959;-1.5765,0.0236535,-1.55738
-0.0192865,-0.082645,0.0324758;-1.58084,0.0771177,-1.52665
-0.0236215,-0.0891476,0.0366494;-1.63244,0.0518358,-1.49944
-0.0296183,-0.0957556,0.0432206;-1.63495,0.0749543,-1.50015
-0.0281956,-0.102167,0.0397883;-1.69144,-0.0117492,-1.4936
-0.0247886,-0.101232,0.0383574;-1.66497,-0.0032855,-1.49759
-0.025104,-0.103174,0.0299099;-1.57591,0.00824765,-1.54537
-0.0230544,-0.0941696,0.0294435;-1.56147,0.086261,-1.56832
-0.0205124,-0.092274,0.0293718;-1.55455,0.0832827,-1.57763
-0.0199116,-0.0949336,0.0317141;-1.54076,0.11362,-1.60131
-0.0285439,-0.123887,0.0314477;-1.56562,0.0465056,-1.61885
-0.0317032,-0.130958,0.0288725;-1.58261,-0.00533631,-1.57319
-0.0307456,-0.127494,0.0287301;-1.57232,-0.00650041,-1.57629
-0.0273667,-0.119664,0.0315282;-1.52536,0.049928,-1.57494
-0.0265208,-0.0943063,0.0389374;-1.57835,0.253621,-1.55738
-0.0310845,-0.0958006,0.0434476;-1.64276,0.196386,-1.52507
-0.037652,-0.109552,0.0475967;-1.68667,0.144058,-1.51499
-0.0543549,-0.150698,0.0453763;-1.69952,0.145713,-1.48754
-0.0560957,-0.155032,0.0414152;-1.5575,0.125356,-1.51854
-0.051322,-0.144119,0.0423723;-1.41556,0.113821,-1.53105
-0.0447918,-0.109713,0.0458368;-1.58845,0.266302,-1.52844
-0.0421122,-0.102316,0.0502532;-1.5813,0.278324,-1.54651
-0.0435857,-0.0997153,0.0527559;-1.59028,0.265786,-1.54952
-0.0576981,-0.141151,0.04407;-1.64371,0.230666,-1.56573
-0.0625273,-0.162019,0.0362929;-1.53931,0.30277,-1.58194
-0.0620213,-0.164652,0.0339349;-1.4737,0.306729,-1.60241
-0.0590142,-0.160418,0.0387314;-1.37271,0.287796,-1.62644
-0.0549553,-0.161316,0.0418098;-1.30821,0.31309,-1.64919
-0.0538906,-0.159807,0.0438094;-1.27445,0.305501,-1.66219
-0.055339,-0.166998,0.0404626;-1.36201,0.319653,-1.6534
-0.0572117,-0.176616,0.0371238;-1.41276,0.374712,-1.61274
-0.058749,-0.177602,0.0373695;-1.44019,0.398848,-1.58427
-0.0587982,-0.158002,0.044164;-1.32141,0.345475,-1.60559
-0.0540049,-0.142411,0.0482472;-1.34819,0.333725,-1.6266
-0.0463411,-0.122495,0.0547641;-1.45229,0.358938,-1.61442
-0.0522359,-0.12953,0.0576915;-1.59,0.266471,-1.57154
-0.0560453,-0.136214,0.0553885;-1.65446,0.225885,-1.55087
-0.0561491,-0.139016,0.050706;-1.66192,0.294292,-1.55148
-0.0529934,-0.131222,0.0343551;-1.5209,0.374726,-1.62685
-0.0503306,-0.118255,0.0362977;-1.50055,0.414057,-1.63757
-0.047494,-0.105975,0.0424095;-1.52763,0.374931,-1.63681
-0.0529324,-0.10596,0.0493069;-1.60959,0.281575,-1.61825
-0.0556931,-0.115444,0.0449195;-1.68898,0.206509,-1.61536
-0.058835,-0.12171,0.0409889;-1.72488,0.181061,-1.6051
-0.0562653,-0.121573,0.0415868;-1.6391,0.325266,-1.58378
-0.0567693,-0.112954,0.041723;-1.56319,0.316257,-1.57206
-0.0578109,-0.103034,0.0461906;-1.54392,0.281979,-1.57252
-0.068513,-0.0920816,0.0548175;-1.55775,0.176358,-1.5804
-0.0680732,-0.0994075,0.0566475;-1.6123,0.161901,-1.56539
-0.0672834,-0.108442,0.0557323;-1.66347,0.210534,-1.54645
-0.0507486,-0.0915466,0.0483639;-1.67175,0.35,-1.54628
-0.0468209,-0.0874107,0.0465174;-1.63345,0.354523,-1.5392
-0.0464247,-0.0827708,0.0463381;-1.58444,0.321367,-1.55203
-0.0494984,-0.0725242,0.051578;-1.59959,0.202643,-1.57899
-0.0541428,-0.0810171,0.0517924;-1.66779,0.138805,-1.56786
-0.0579492,-0.0912925,0.0479685;-1.74495,0.107893,-1.55532
-0.0573233,-0.1001,0.0427407;-1.76558,0.321011,-1.55031
-0.0504108,-0.0946361,0.0407614;-1.66245,0.351223,-1.56987
-0.0456367,-0.0872702,0.0416677;-1.60218,0.340366,-1.57323
-0.0440027,-0.0777608,0.0491492;-1.58618,0.242595,-1.59257
-0.0467556,-0.0749499,0.0525119;-1.61856,0.142405,-1.57911
-0.051017,-0.0823639,0.0517488;-1.68584,0.0830384,-1.55707
-0.050767,-0.0880882,0.0490255;-1.72849,0.218029,-1.53102
-0.0458529,-0.0885176,0.0468891;-1.66415,0.384135,-1.53807
-0.0399271,-0.0828785,0.0440747;-1.55833,0.451348,-1.56089
-0.027212,-0.0636356,0.0474743;-1.48673,0.387234,-1.59122
-0.0288145,-0.0655299,0.0526926;-1.49571,0.333584,-1.59902
-0.0314383,-0.07373,0.050762;-1.55962,0.251151,-1.59266
-0.0410505,-0.0979662,0.0408573;-1.6775,0.286805,-1.59074
-0.0397666,-0.103162,0.0360977;-1.6148,0.409517,-1.62955
-0.0382476,-0.103194,0.033791;-1.53502,0.527213,-1.64918
-0.0369408,-0.0882182,0.0365096;-1.42673,0.434081,-1.66126
-0.0405239,-0.083265,0.0393162;-1.40701,0.373201,-1.68434
-0.0430327,-0.0801859,0.0398012;-1.4234,0.315334,-1.69014
-0.0393937,-0.0904436,0.0352805;-1.55364,0.301126,-1.64837
-0.0374004,-0.093944,0.0330179;-1.55951,0.376085,-1.6417
-0.0362808,-0.0973634,0.0331024;-1.52648,0.429666,-1.64265
-0.0366567,-0.0908312,0.0359008;-1.44,0.388064,-1.65085
-0.038395,-0.087834,0.0372565;-1.41352,0.360905,-1.65637
-0.042441,-0.0853151,0.0387856;-1.39758,0.346679,-1.66801
-0.0505853,-0.0957147,0.0348955;-1.50649,0.435772,-1.65133
-0.0503937,-0.0982977,0.0314779;-1.55275,0.444924,-1.61879
-0.0491569,-0.103456,0.0307605;-1.53088,0.479611,-1.61212
-0.0479129,-0.10189,0.0345484;-1.42883,0.494531,-1.6427
-0.0491634,-0.10047,0.0362193;-1.4015,0.450954,-1.64634
-0.0517742,-0.101181,0.0374942;-1.37669,0.408617,-1.64883
-0.0579175,-0.100648,0.0374752;-1.38437,0.317018,-1.63498
-0.0563261,-0.10175,0.0337522;-1.4543,0.361289,-1.61592
-0.0538195,-0.105132,0.0305741;-1.51775,0.427931,-1.60001
-0.0482367,-0.103273,0.0325625;-1.4731,0.53435,-1.61591
-0.0492904,-0.0995853,0.0345373;-1.43469,0.492448,-1.62914
-0.0514599,-0.0972457,0.0366823;-1.39139,0.422258,-1.64305
-0.0590684,-0.0988661,0.0394829;-1.33738,0.306687,-1.64332
-0.0590832,-0.0975252,0.0367151;-1.40201,0.321214,-1.63174
-0.0557488,-0.0985643,0.0330571;-1.47273,0.393604,-1.61929
-0.0557488,-0.0985643,0.0330571;-1.47273,0.393604,-1.61929
-0.0519969,-0.0955019,0.0298917;-1.5339,0.44619,-1.59914
-0.0519969,-0.0955019,0.0298917;-1.5339,0.44619,-1.59914
