0,0,0.11;-1.57,-2.98023e-08,-1.57
0,0,0.11;-1.57,-2.98023e-08,-1.57
0,0,0.11;-1.57,-2.98023e-08,-1.57
-0.00120076,-0.00191085,0.0287138;-1.56636,-0.29514,-1.56705
-0.000737601,-0.000110907,0.0285825;-1.57062,-0.220007,-1.5707
-0.00132971,-0.000828606,0.0292755;-1.58332,-0.0909475,-1.57815
-0.00118095,0.00680924,0.0332568;-1.65476,0.0197168,-1.5786
-0.0016646,0.00153059,0.0286389;-1.56944,-0.27098,-1.56828
-0.00298677,-0.00100692,0.028812;-1.56035,-0.378713,-1.56543
-0.00285679,-0.00106521,0.028759;-1.56171,-0.372662,-1.56682
-0.00213791,0.000894888,0.0285798;-1.57074,-0.25997,-1.57074
-0.00285317,-0.00123565,0.0293852;-1.58639,-0.0989423,-1.57785
-0.00171815,-0.00775968,0.0345937;-1.52862,0.10704,-1.5838
-0.00120965,-0.00371424,0.0289767;-1.58095,0.0753104,-1.57722
-0.0022025,-0.00231171,0.0286512;-1.57065,-0.0243373,-1.57394
-0.00372209,-0.00182423,0.028605;-1.56967,-0.122054,-1.57058
-0.00365133,-0.00201304,0.0286741;-1.57042,-0.110974,-1.56618
-0.00143451,-0.000300453,0.0286801;-1.56977,0.0054948,-1.56952
-0.00016223,-0.00203303,0.0331653;-1.51695,0.161725,-1.58866
0.00423638,0.000907066,0.0375847;-1.49428,0.264472,-1.60747
0.00325208,0.00380082,0.0319517;-1.56501,0.166662,-1.58146
0.00261709,0.00410801,0.0285789;-1.57091,0.0542132,-1.57085
0.000980002,0.00201566,0.0286586;-1.56959,-0.0694213,-1.56743
0.00223946,0.00350867,0.0287195;-1.56937,0.018057,-1.56548
0.00322557,0.00348448,0.029047;-1.57166,0.115602,-1.57283
0.00394313,0.000218631,0.0331399;-1.5158,0.184441,-1.59758
0.00335658,0.00382928,0.0306369;-1.5429,0.134315,-1.58819
0.00115838,0.00730145,0.02883;-1.55888,-0.0739543,-1.56925
0.000994073,0.0071574,0.028836;-1.55874,-0.0834421,-1.56907
0.00212291,0.00807108,0.0287355;-1.56326,-0.0253225,-1.57029
0.00295364,0.00788886,0.0310088;-1.58435,0.185758,-1.57143
0.00287295,0.00358886,0.0393163;-1.56155,0.329464,-1.58725
0.00717529,0.00790733,0.0367207;-1.54448,0.276295,-1.60261
0.010477,0.0187143,0.0287238;-1.56104,0.0206513,-1.57064
0.009136,0.0180294,0.0287927;-1.559,-0.0666704,-1.56841
0.0097468,0.0171621,0.0287553;-1.56063,-0.0239242,-1.56855
0.0106714,0.0185154,0.0290718;-1.57259,0.111679,-1.56937
0.00795863,0.0136414,0.0360883;-1.57792,0.28532,-1.58274
0.00858085,0.010388,0.0396387;-1.57099,0.355177,-1.59265
0.0124792,0.0213275,0.028581;-1.57078,0.136589,-1.57064
0.0111815,0.0204017,0.0288057;-1.55755,0.0355478,-1.57003
0.0110843,0.020193,0.0288465;-1.55409,0.0318433,-1.57078
0.0118798,0.020631,0.0287137;-1.57202,0.133394,-1.56316
0.00704254,0.0131648,0.0310159;-1.58766,0.2498,-1.57344
0.00504525,0.0060935,0.0396111;-1.55308,0.389962,-1.59691
0.00685546,0.0120773,0.0287064;-1.57174,0.251343,-1.57707
0.00612253,0.0128212,0.0285873;-1.57049,0.177133,-1.57056
0.00577758,0.0124834,0.0288797;-1.55722,0.161895,-1.57171
0.0068143,0.0129647,0.0287132;-1.57037,0.236428,-1.56469
0.00636184,0.0102913,0.0293369;-1.57132,0.343125,-1.57129
0.00511697,0.00184739,0.0342325;-1.50891,0.451604,-1.60867
0.00449161,0.00667584,0.0299626;-1.55629,0.317927,-1.5975
0.00324596,0.0103954,0.0288721;-1.56519,0.223867,-1.58051
0.00295225,0.0112249,0.0288042;-1.55999,0.190756,-1.57282
0.00467391,0.0120671,0.0287083;-1.5708,0.284694,-1.56469
0.00285548,0.00990108,0.0297857;-1.58022,0.332292,-1.56162
-0.00046602,0.00019316,0.0354732;-1.59264,0.428998,-1.566
-0.00182066,-0.00186891,0.0299703;-1.56912,0.274592,-1.59785
-0.00119785,0.00221182,0.0287996;-1.57068,0.178644,-1.58127
-0.00107481,0.00411618,0.028614;-1.57013,0.112449,-1.57197
0.00126592,0.00380117,0.028914;-1.55438,0.224755,-1.57418
0.000470875,0.00318557,0.0291686;-1.57692,0.263054,-1.5637
-0.00612192,-0.00554744,0.0348498;-1.66035,0.350028,-1.53912
-0.0160923,-0.027656,0.0317825;-1.55335,0.30579,-1.60829
-0.0170405,-0.0231542,0.0288542;-1.57108,0.219159,-1.58336
-0.0160651,-0.020424,0.0285769;-1.57092,0.122135,-1.57068
-0.0162596,-0.0201716,0.0289692;-1.55198,0.0872084,-1.57206
-0.0152698,-0.019627,0.0286932;-1.56847,0.146101,-1.56629
-0.0172346,-0.0212431,0.0300955;-1.58588,0.233968,-1.56153
-0.0265785,-0.0462512,0.0395156;-1.59337,0.36795,-1.58061
-0.0287181,-0.049614,0.0327309;-1.53045,0.258183,-1.61094
-0.0276936,-0.0444415,0.0288735;-1.57051,0.160715,-1.58466
-0.0269281,-0.0424253,0.0287141;-1.56435,0.0967749,-1.57134
-0.0245704,-0.0422429,0.0290085;-1.55058,0.213789,-1.57352
-0.023184,-0.0405287,0.0287364;-1.57618,0.325758,-1.56439
-0.0353692,-0.0624038,0.0391701;-1.62755,0.472493,-1.55517
-0.0382085,-0.0748346,0.0399225;-1.58998,0.37237,-1.58313
-0.040615,-0.080761,0.0302349;-1.56184,0.247781,-1.60308
-0.0406353,-0.0789963,0.0287731;-1.56416,0.221342,-1.57494
-0.0386888,-0.0795858,0.0285837;-1.57054,0.332848,-1.57085
-0.0366999,-0.0782046,0.0286648;-1.57087,0.443009,-1.56668
-0.0430043,-0.0876418,0.0365462;-1.59811,0.5997,-1.55861
-0.0466952,-0.0922133,0.0399247;-1.59055,0.489529,-1.57526
-0.0485445,-0.0943281,0.029978;-1.56281,0.36311,-1.60061
-0.0494398,-0.0886403,0.0286495;-1.56869,0.247387,-1.57251
-0.047417,-0.0881026,0.0286342;-1.56848,0.339597,-1.57072
-0.0440928,-0.0867619,0.0288412;-1.56052,0.468209,-1.57199
-0.043137,-0.0848307,0.0360429;-1.64674,0.721003,-1.53105
-0.0407007,-0.0823715,0.0385648;-1.65222,0.609832,-1.53676
-0.0376597,-0.0840574,0.0292086;-1.57469,0.502211,-1.58442
-0.0366,-0.0811695,0.028601;-1.57095,0.295757,-1.5718
-0.0351465,-0.0810112,0.0285712;-1.57119,0.36977,-1.57085
-0.0334374,-0.080646,0.0289779;-1.551,0.445859,-1.57774
-0.0307561,-0.073399,0.0342683;-1.66363,0.727836,-1.50197
-0.03188,-0.0740923,0.0333885;-1.67607,0.689167,-1.5056
-0.036085,-0.08028,0.0312753;-1.62758,0.665714,-1.54659
-0.0371717,-0.080199,0.0287122;-1.57218,0.391674,-1.57543
-0.0343127,-0.0787771,0.028696;-1.56496,0.364874,-1.57274
-0.0326149,-0.0789415,0.0289251;-1.55234,0.456636,-1.5787
-0.0291837,-0.0784365,0.0289982;-1.56127,0.589733,-1.57484
-0.0306259,-0.0794649,0.0381087;-1.653,0.861189,-1.52263
-0.0297915,-0.0808407,0.0344161;-1.64582,0.751105,-1.53965
-0.028637,-0.082294,0.029401;-1.56827,0.647801,-1.59455
-0.0293458,-0.0806755,0.0287004;-1.56836,0.590252,-1.57611
-0.0288264,-0.0830668,0.0285623;-1.57063,0.720873,-1.57173
-0.0253844,-0.0833688,0.0287442;-1.56728,0.85519,-1.56784
-0.0195005,-0.081792,0.0374329;-1.65786,1.15014,-1.50565
-0.0166658,-0.0808664,0.0400081;-1.6968,1.08805,-1.4855
-0.0180991,-0.0839521,0.0296396;-1.55741,0.966507,-1.60798
-0.0181883,-0.0804073,0.0288245;-1.56464,0.84404,-1.58305
-0.0186936,-0.0811318,0.028583;-1.57053,0.889009,-1.57146
-0.0185435,-0.0821394,0.0286194;-1.56722,0.966607,-1.57348
-0.00960046,-0.0818151,0.0359645;-1.58356,1.26307,-1.56171
-0.00685295,-0.0811723,0.03805;-1.63493,1.25006,-1.5254
-0.00228142,-0.0813477,0.0291967;-1.5731,1.1539,-1.58509
0.0011991,-0.0811539,0.0290495;-1.57083,0.987853,-1.58117
0.000751625,-0.0812414,0.0286996;-1.57061,0.992266,-1.57668
0.000700398,-0.081182,0.0285818;-1.5707,0.98884,-1.57104
0.00222363,-0.0784303,0.0340368;-1.69822,1.24149,-1.44184
0.00286458,-0.0787508,0.0369503;-1.77766,1.31421,-1.37598
0.00867494,-0.0790809,0.0303698;-1.69395,1.26052,-1.4669
0.0145917,-0.0821739,0.0289258;-1.58451,1.02299,-1.56853
0.0160798,-0.0822071,0.0287537;-1.57452,0.963255,-1.57381
0.016062,-0.0821886,0.0285936;-1.57098,0.96757,-1.57137
0.0148517,-0.0806257,0.0306975;-1.59255,1.11668,-1.53594
0.0104458,-0.0807172,0.0381902;-1.71759,1.28457,-1.4302
0.00672043,-0.0828514,0.0375683;-1.75593,1.32995,-1.40214
0.0128165,-0.0855008,0.028891;-1.57256,1.14916,-1.58389
0.0137307,-0.0856262,0.0287993;-1.57591,1.07959,-1.57424
0.0131532,-0.0857741,0.0286952;-1.56597,1.08841,-1.57844
0.0122588,-0.0864515,0.0291563;-1.57599,1.24214,-1.56065
0.00657576,-0.0864594,0.0328512;-1.31867,1.40074,-1.82113
0.00251264,-0.0893513,0.035978;-0.846919,1.46707,-2.3001
0.0108974,-0.0900072,0.0293854;-1.54848,1.37267,-1.61461
0.0136766,-0.0890575,0.0288495;-1.55437,1.31602,-1.59548
0.01396,-0.0882336,0.0288443;-1.53894,1.28799,-1.60503
0.0142083,-0.0882347,0.0287887;-1.59137,1.38602,-1.54367
0.0121043,-0.0860146,0.0309477;-1.92911,1.50218,-1.20442
0.00571476,-0.0845835,0.0350828;2.43492,1.46436,0.711554
0.00872194,-0.0826853,0.0287605;-1.56868,1.49751,-1.58164
0.0106725,-0.0819568,0.0288063;-1.56385,1.40186,-1.5874
0.0108022,-0.0817912,0.028973;-1.5105,1.38386,-1.63764
0.010366,-0.0811714,0.0286319;-1.57205,1.40935,-1.56697
0.00535411,-0.080035,0.0303562;-1.70541,1.45661,-1.42979
-0.0054932,-0.0785813,0.03416;-2.94917,1.5137,-0.180131
-0.00856392,-0.0758785,0.0285813;-1.56733,1.45335,-1.57451
-0.00659694,-0.074527,0.0286036;-1.56363,1.32933,-1.57937
-0.00508416,-0.0736191,0.0287289;-1.57045,1.2473,-1.57822
-0.00509448,-0.0727811,0.0285787;-1.57031,1.2897,-1.57117
-0.0072626,-0.0706619,0.0299338;-1.62287,1.35772,-1.50766
-0.0194761,-0.0687735,0.0351805;-2.2273,1.43809,-0.902297
-0.0393463,-0.0680769,0.0286564;-1.57177,1.4461,-1.57378
-0.0369497,-0.0673586,0.0286724;-1.5575,1.35159,-1.59096
-0.0346407,-0.0676083,0.0287588;-1.57378,1.27396,-1.57562
-0.034478,-0.0681307,0.0285682;-1.57244,1.30693,-1.56915
-0.0343066,-0.0672999,0.0288731;-1.58933,1.37269,-1.5464
-0.0409143,-0.0646151,0.0324361;-1.91952,1.44673,-1.20999
-0.0726521,-0.0648463,0.0329597;-1.75093,1.51369,-1.38384
-0.0738093,-0.063549,0.0286957;-1.56981,1.4485,-1.57724
-0.0720821,-0.0631541,0.0287215;-1.57126,1.37811,-1.57714
-0.0743118,-0.0645065,0.0288405;-1.52169,1.44178,-1.62558
-0.0761308,-0.0652452,0.0285662;-1.58246,1.54355,-1.55889
-0.0770363,-0.063117,0.0292002;1.66747,1.50616,1.47882
-0.0994291,-0.0595796,0.0362687;2.05869,1.42428,1.08978
-0.112805,-0.0590494,0.0286433;1.53567,1.51825,1.6048
-0.110705,-0.0580222,0.0286946;-1.57205,1.55755,-1.575
-0.110682,-0.0586262,0.0289824;-1.0833,1.54721,-2.06636
-0.111735,-0.0592546,0.0289828;1.27765,1.53533,1.85486
-0.113263,-0.0598965,0.0285703;1.57471,1.44035,1.56694
-0.127079,-0.0591047,0.0344733;1.79846,1.31268,1.35358
-0.14276,-0.0577543,0.0332601;1.45983,1.43221,1.69115
-0.143074,-0.055175,0.0286048;1.58903,1.54534,1.55092
-0.141191,-0.0557589,0.0289677;-1.34349,1.53226,-1.80774
-0.141866,-0.0562937,0.0289424;-0.512125,1.55993,-2.6372
-0.142479,-0.0559725,0.0285717;1.5756,1.51348,1.5667
-0.149334,-0.0497194,0.0337335;1.86074,1.30626,1.28756
-0.153618,-0.0486402,0.0335108;1.9118,1.37191,1.23317
-0.157847,-0.0502385,0.0285406;1.57242,1.50008,1.56836
-0.154451,-0.0512542,0.0287161;-1.56945,1.49994,-1.57857
-0.154871,-0.051288,0.0287759;-1.56886,1.52276,-1.58207
-0.15685,-0.0497756,0.0286384;1.57528,1.51709,1.56372
-0.15685,-0.0497756,0.0286384;1.57528,1.51709,1.56372
-0.157871,-0.0457289,0.0299708;1.67716,1.38627,1.46642
-0.157871,-0.0457289,0.0299708;1.67716,1.38627,1.46642
