0,0,0.11;-1.57,-2.98023e-08,-1.57
0,0,0.11;-1.57,-2.98023e-08,-1.57
0,0,0.11;-1.57,-2.98023e-08,-1.57
-0.00107274,-0.00159514,0.0286162;-1.5697,-0.279963,-1.56962
-0.00029063,0.00055807,0.0286809;-1.57064,-0.201869,-1.56626
0.000743064,0.00696202,0.0292551;-1.55987,-0.0758122,-1.56294
-0.00353471,0.00842933,0.0304371;-1.58371,0.118646,-1.55793
-0.00487538,-0.00589488,0.0285886;-1.5707,-0.0280322,-1.57031
-0.0041684,-0.00851603,0.0286647;-1.57084,-0.15273,-1.56674
-0.00345438,-0.0103026,0.0286671;-1.57085,-0.240281,-1.56661
-0.00306996,-0.0100636,0.0286722;-1.5661,-0.260199,-1.56902
-0.000607417,-0.00173694,0.0291872;-1.5562,-0.176449,-1.56423
-0.00187369,0.0174263,0.0319067;-1.59812,-0.0325459,-1.5572
0.00295411,0.0132913,0.0291045;-1.57339,-0.123924,-1.56578
0.00314422,0.0103761,0.0286601;-1.56786,-0.210348,-1.56865
0.0024055,0.00913908,0.0286269;-1.57066,-0.268831,-1.56823
0.00327545,0.0106425,0.0285806;-1.57075,-0.193388,-1.57082
0.0040164,0.0134729,0.0288728;-1.56262,-0.100899,-1.56574
0.0033167,0.0216557,0.0311382;-1.58714,0.0583101,-1.55225
-0.000787456,0.00550725,0.0317921;-1.54377,0.167921,-1.56845
-0.00203088,-0.00892119,0.0299375;-1.54248,0.129382,-1.57469
-0.00367877,-0.0106864,0.0285863;-1.57046,0.0402634,-1.57013
-0.00397482,-0.0113075,0.0285845;-1.57061,-0.0603731,-1.57025
-0.00327966,-0.010625,0.0286313;-1.56798,-0.0322784,-1.57007
-0.00017134,-0.00467176,0.0290988;-1.56567,0.0266416,-1.56323
9.9024e-05,0.00261662,0.0312187;-1.59087,0.113123,-1.54327
-0.00171062,-0.0024477,0.0286047;-1.56989,0.0925919,-1.57001
-0.00241299,-0.00441746,0.0286776;-1.57132,0.0622569,-1.56635
-0.00231983,-0.00467598,0.0286354;-1.57091,0.0467156,-1.56799
-0.00214291,-0.0039551,0.028581;-1.57083,0.0780332,-1.57071
0.00320326,0.0184367,0.0346047;-1.47215,0.141505,-1.58567
0.00699868,0.0506736,0.0328663;-1.56706,0.115963,-1.56589
0.0107288,0.0555019,0.0312305;-1.61338,0.00935109,-1.56702
0.00998563,0.0434609,0.028579;-1.57057,-0.110916,-1.57074
0.0100922,0.0434488,0.0286454;-1.57095,-0.121922,-1.56767
0.010094,0.043974,0.0286345;-1.57085,-0.0978974,-1.56805
0.0147655,0.049097,0.0302502;-1.53529,0.0954148,-1.57014
0.0187691,0.0596924,0.0356281;-1.47159,0.238715,-1.58242
0.0185656,0.0607685,0.0348939;-1.48784,0.216916,-1.58029
0.0165174,0.044551,0.028631;-1.56817,0.129701,-1.57105
0.0163793,0.0440075,0.0287534;-1.5776,0.122866,-1.5685
0.0167486,0.0437546,0.0286579;-1.57451,0.0941758,-1.57052
0.0187917,0.0458877,0.0290927;-1.54614,0.189957,-1.57444
0.0210546,0.0591061,0.0333293;-1.4838,0.238966,-1.58111
0.0207969,0.0895678,0.0376304;-1.46158,0.268168,-1.57902
0.0198198,0.0939328,0.0286904;-1.56526,0.15399,-1.57162
0.019609,0.0935947,0.0285782;-1.57071,0.125248,-1.57074
0.0198864,0.0928764,0.0285782;-1.57082,0.0810113,-1.57094
0.0218679,0.0943243,0.0288569;-1.55714,0.20144,-1.57321
0.0253635,0.101082,0.0313983;-1.51493,0.285216,-1.57687
0.0273764,0.118633,0.0370013;-1.45929,0.383604,-1.57786
0.0192195,0.123937,0.0288012;-1.56009,0.162629,-1.57237
0.0188488,0.122992,0.028574;-1.57082,0.144423,-1.57078
0.0194123,0.122368,0.0286532;-1.57432,0.0949391,-1.57055
0.0207038,0.12377,0.0287492;-1.56315,0.199936,-1.57162
0.0251875,0.130135,0.030596;-1.52781,0.287173,-1.57138
0.0267311,0.143966,0.0352737;-1.4701,0.364495,-1.5709
0.0251325,0.142164,0.0290877;-1.55039,0.269191,-1.5712
0.0228709,0.142763,0.0285874;-1.57083,0.14944,-1.57184
0.0236285,0.143587,0.0289616;-1.58681,0.0865963,-1.57194
0.0230842,0.142968,0.0285824;-1.57133,0.1521,-1.57091
0.0248693,0.144085,0.0295049;-1.55105,0.213935,-1.57501
0.029636,0.154826,0.0338557;-1.48013,0.324382,-1.59024
0.0295305,0.170327,0.0310388;-1.54657,0.195243,-1.5881
0.0295543,0.173812,0.0289196;-1.57214,0.0740278,-1.58529
0.0310855,0.175574,0.0287447;-1.57103,-0.034373,-1.57845
0.0304616,0.174296,0.0286849;-1.57074,-0.00731341,-1.57608
0.0298762,0.172942,0.028918;-1.57191,0.0682693,-1.58574
0.0327993,0.177415,0.0306962;-1.56053,0.169656,-1.5912
0.0382481,0.197211,0.0387218;-1.72474,0.326089,-1.56005
0.0360795,0.189064,0.0365699;-1.69518,0.270594,-1.56636
0.0328789,0.176988,0.0289812;-1.57013,0.192036,-1.58962
0.0338958,0.17894,0.029152;-1.59328,0.161415,-1.57285
0.0337453,0.17853,0.0289961;-1.57324,0.186384,-1.58765
0.0365808,0.181992,0.0300392;-1.5716,0.209991,-1.59737
0.0452688,0.2056,0.039688;-1.80147,0.380143,-1.49716
0.044453,0.204583,0.0399295;-1.8019,0.384066,-1.5
0.0382012,0.193614,0.0340495;-1.66928,0.397963,-1.55512
0.0328787,0.184037,0.0293792;-1.59647,0.395798,-1.56901
0.0337117,0.184694,0.029106;-1.58035,0.405522,-1.58325
0.0351655,0.185234,0.0303318;-1.56297,0.43104,-1.60848
0.0634648,0.235268,0.0409261;-1.81975,0.527841,-1.47801
0.0676496,0.238484,0.0417309;-1.84202,0.469854,-1.46979
0.0667132,0.233109,0.034553;-1.69324,0.424807,-1.53981
0.0646652,0.228358,0.0297849;-1.60523,0.394371,-1.57052
0.0682249,0.231159,0.02933;-1.58883,0.356162,-1.57758
0.067748,0.230616,0.0302667;-1.5693,0.379356,-1.6044
0.081991,0.250389,0.0418371;-1.83883,0.608803,-1.45164
0.0824791,0.250883,0.0417382;-1.84547,0.608643,-1.44843
0.0762858,0.243219,0.0351324;-1.68362,0.629068,-1.53867
0.0679761,0.233254,0.0291879;-1.59637,0.654077,-1.56432
0.0678497,0.232954,0.0290437;-1.57659,0.654621,-1.58457
0.0685099,0.23389,0.0295224;-1.56589,0.648398,-1.59831
0.0949546,0.268107,0.0376465;-1.60664,0.72394,-1.57927
0.114613,0.287611,0.0381539;-1.8004,0.586852,-1.45004
0.118848,0.287783,0.035085;-1.72294,0.524255,-1.49994
0.10994,0.279401,0.0291576;-1.58984,0.585231,-1.57228
0.102602,0.275323,0.0291839;-1.60109,0.72472,-1.55774
0.100403,0.273607,0.0289891;-1.57384,0.788507,-1.58637
0.101832,0.270325,0.030733;-1.54799,0.872024,-1.61579
0.139061,0.302109,0.0387428;-1.82896,0.948424,-1.40574
0.1454,0.305206,0.0393482;-1.85617,0.867175,-1.37646
0.137147,0.300745,0.0292471;-1.54602,0.870523,-1.61635
0.136894,0.300993,0.0290721;-1.59874,0.885068,-1.55526
0.136085,0.300652,0.0288205;-1.57143,0.919701,-1.58111
0.136149,0.29961,0.029283;-1.56717,0.965466,-1.59338
0.158006,0.307673,0.03669;-1.51095,1.18592,-1.64874
0.164479,0.314035,0.0387208;-1.91351,1.10756,-1.29919
0.152612,0.308056,0.0287681;-1.55553,1.05169,-1.60029
0.151447,0.308125,0.0291217;-1.61507,1.04633,-1.5368
0.150266,0.308097,0.0286369;-1.5664,1.11525,-1.57925
0.150875,0.308001,0.0289247;-1.56344,1.14065,-1.59235
0.181528,0.320787,0.0352486;-1.35013,1.30238,-1.78888
0.193618,0.326205,0.0355336;-1.87514,1.21495,-1.3118
0.191023,0.322823,0.0287966;-1.57465,1.09244,-1.58043
0.191484,0.323145,0.0287889;-1.58981,1.01934,-1.55478
0.191131,0.323301,0.0285772;-1.57052,1.09507,-1.57103
0.190988,0.323065,0.0286047;-1.56957,1.15118,-1.57361
0.197219,0.321499,0.0315821;-1.13893,1.47653,-1.99793
0.191144,0.316887,0.031697;-0.988751,1.52086,-2.15562
0.173867,0.310137,0.0290122;-1.30679,1.51976,-1.83407
0.172729,0.311682,0.0287343;-1.60551,1.35709,-1.53703
0.172545,0.310945,0.0286488;-1.57987,1.32425,-1.56091
0.172807,0.310978,0.0285808;-1.57178,1.33533,-1.56961
0.187315,0.309664,0.0296706;-1.58243,1.4554,-1.55256
0.199156,0.31354,0.0341443;2.99695,1.4793,0.142023
0.198852,0.313483,0.0354606;3.03943,1.4425,0.0907443
0.182595,0.312913,0.0285688;1.55653,1.55496,1.58536
0.182474,0.312594,0.0287621;-1.93074,1.54616,-1.21109
0.182609,0.312728,0.0287949;-2.0837,1.54979,-1.05813
0.18539,0.310555,0.0292498;1.29717,1.51354,1.84616
0.203914,0.309029,0.033095;1.15093,1.40612,1.9946
0.229795,0.311211,0.0332744;1.17281,1.45616,1.96925
0.229075,0.3107,0.0286286;-1.56538,1.50272,-1.57846
0.228326,0.310902,0.0286653;-1.63103,1.51025,-1.50931
0.228506,0.310818,0.0287293;-1.70519,1.50547,-1.43618
0.228682,0.310206,0.0286616;-1.28033,1.55709,-1.86118
0.235851,0.307331,0.0307327;1.18419,1.47571,1.96019
0.254949,0.308085,0.0338972;1.31535,1.3778,1.83309
0.259804,0.307087,0.0285738;-1.57792,1.54347,-1.56348
0.25904,0.307297,0.0285793;-1.56932,1.51677,-1.57236
0.259698,0.307644,0.0287632;-1.87881,1.54436,-1.26218
0.260978,0.307727,0.0287198;-0.866526,1.56144,-2.27527
0.272783,0.307872,0.0306346;-0.685247,1.52856,-2.45808
0.3118,0.308894,0.0330436;0.577031,1.55265,2.56583
0.325783,0.302763,0.0285158;-1.57363,1.33063,-1.57178
0.325124,0.302711,0.0285764;-1.56904,1.30921,-1.57276
0.325217,0.30286,0.0286201;-1.57091,1.34018,-1.5684
0.327369,0.301645,0.0286286;-1.47653,1.54387,-1.66477
0.330225,0.298442,0.0296447;1.35016,1.47689,1.79203
0.341004,0.297741,0.0336871;1.22349,1.36583,1.92184
0.343147,0.29961,0.0288641;1.44669,1.49779,1.69012
0.345904,0.303022,0.0285862;-1.57562,1.47727,-1.56674
0.346262,0.303179,0.0286049;-1.57163,1.41032,-1.56866
0.346564,0.303101,0.0285801;-1.57066,1.42897,-1.5708
0.348396,0.301605,0.0287607;-1.43822,1.50868,-1.7026
0.357794,0.298645,0.029954;1.41799,1.47167,1.72476
0.368779,0.297071,0.0293087;1.5333,1.48962,1.60387
0.364394,0.298113,0.0288201;-1.45063,1.51292,-1.69526
0.366039,0.300186,0.028577;-1.5708,1.39644,-1.57059
0.366271,0.300904,0.0286058;-1.57175,1.43133,-1.56853
0.368668,0.29902,0.0286493;-1.18044,1.56168,-1.9611
0.371549,0.295591,0.0292759;1.46452,1.44002,1.6766
0.398287,0.29417,0.0338113;1.14464,1.41047,1.98777
0.400581,0.295622,0.0289827;1.46541,1.51849,1.67181
0.400441,0.297158,0.0288516;-1.30971,1.53499,-1.83546
0.400287,0.297545,0.0286228;-1.573,1.51224,-1.56659
0.401602,0.297401,0.0285807;-1.54857,1.56438,-1.59283
0.401906,0.295298,0.0288715;1.43225,1.4783,1.70714
0.421098,0.28858,0.0355215;1.21072,1.27801,1.92793
0.420633,0.287972,0.0294271;1.49902,1.34429,1.63685
0.417337,0.289082,0.0288788;1.49828,1.36724,1.64194
0.416456,0.289828,0.0286375;1.5876,1.41248,1.55422
0.417898,0.289883,0.0285791;1.57137,1.34771,1.57062
0.41861,0.288815,0.0286864;1.55288,1.29218,1.58807
0.429878,0.278522,0.0344111;1.35579,1.08608,1.77499
0.424764,0.276165,0.0316695;1.53844,1.08567,1.59492
0.417261,0.277686,0.0285808;1.57147,1.12627,1.56987
0.417587,0.278483,0.0289539;1.62237,1.21425,1.5221
0.418265,0.278974,0.0286985;1.58524,1.1602,1.55753
0.418887,0.278184,0.0285835;1.56968,1.1136,1.57161
0.418887,0.278184,0.0285835;1.56968,1.1136,1.57161
0.420285,0.274959,0.0297377;1.55636,1.01224,1.57818
0.420285,0.274959,0.0297377;1.55636,1.01224,1.57818
