0,0,0.11;-1.57,-2.98023e-08,-1.57
0,0,0.11;-1.57,-2.98023e-08,-1.57
0,0,0.11;-1.57,-2.98023e-08,-1.57
-0.000637788,-0.000433707,0.0286079;-1.57084,-0.260781,-1.5694
-0.000572164,-0.00180329,0.0286154;-1.57139,-0.142955,-1.57244
-0.00083871,-0.0050674,0.02974;-1.58194,-0.0295555,-1.58725
0.00282371,-0.00355056,0.0388908;-1.61569,0.0986635,-1.60014
0.00729932,0.00950448,0.0288982;-1.57099,-0.106678,-1.58585
0.00865368,0.012755,0.028723;-1.56958,-0.212243,-1.57656
0.00643454,0.0144925,0.0286696;-1.56886,-0.342875,-1.57306
0.00732364,0.0128868,0.028579;-1.57087,-0.177884,-1.57058
0.00386814,0.00702731,0.0298998;-1.59614,-0.0276848,-1.58324
0.000924154,-0.0015805,0.0340708;-1.63025,0.11618,-1.59991
0.00347165,0.00531108,0.0333553;-1.61818,0.0761245,-1.6041
0.00507739,0.0115806,0.0289379;-1.57015,-0.00782966,-1.58605
0.00577725,0.0144402,0.028773;-1.57093,-0.14066,-1.58038
0.00559681,0.0153371,0.0285982;-1.57075,-0.164852,-1.57162
0.00549166,0.0157574,0.028752;-1.56455,-0.0572049,-1.56545
0.00280208,0.0145684,0.0301068;-1.58037,0.0677976,-1.56387
0.000939561,0.011509,0.0331357;-1.65192,0.155882,-1.56779
0.0026039,0.0133024,0.030303;-1.59693,0.0959469,-1.56306
0.00479335,0.0119296,0.0287075;-1.57046,-0.0372936,-1.56444
0.00311599,0.0106074,0.0289065;-1.56051,-0.220508,-1.57437
0.00292957,0.0105637,0.0288775;-1.55849,-0.168806,-1.56612
0.000167235,0.0126995,0.0302404;-1.56911,-0.0384768,-1.54624
-0.00404058,0.00480005,0.0327057;-1.59186,0.0846676,-1.53067
-0.00494563,-0.0055278,0.0328803;-1.53083,0.0713331,-1.53782
-0.0106557,-0.013483,0.029594;-1.54514,-0.11936,-1.55286
-0.0125508,-0.016399,0.0294268;-1.53851,-0.180671,-1.55528
-0.0110332,-0.0154601,0.0299437;-1.53086,-0.155065,-1.55952
-0.0210553,-0.028454,0.0375547;-1.44224,0.101186,-1.54406
-0.0263573,-0.0443876,0.0420062;-1.36997,0.177676,-1.55312
-0.0264026,-0.0523643,0.0421683;-1.34386,0.161324,-1.5763
-0.0248928,-0.0530927,0.0381925;-1.37268,0.141964,-1.59279
-0.0245814,-0.0487578,0.0361644;-1.41563,0.0409036,-1.57426
-0.0223469,-0.0472663,0.0384049;-1.38977,0.00144357,-1.58108
-0.0247124,-0.0548983,0.0459197;-1.38012,0.154874,-1.60845
-0.0323064,-0.0544497,0.0510248;-1.42718,0.293478,-1.59354
-0.0359356,-0.055018,0.0519647;-1.43621,0.34038,-1.58539
-0.0390146,-0.0456764,0.0404656;-1.35215,0.335591,-1.61318
-0.0407289,-0.0450488,0.0400513;-1.34529,0.278293,-1.61462
-0.0391726,-0.0431513,0.0415747;-1.34841,0.169671,-1.6079
-0.0307819,-0.0475626,0.0428899;-1.40723,0.251297,-1.62794
-0.0331764,-0.0513458,0.0506911;-1.45141,0.342597,-1.6139
-0.0393975,-0.0551554,0.0547117;-1.45961,0.433727,-1.61048
-0.0313339,-0.0446276,0.0519943;-1.42805,0.350117,-1.65639
-0.0311109,-0.0450675,0.0514596;-1.37377,0.27407,-1.69792
-0.0343054,-0.0473316,0.0498857;-1.34492,0.181066,-1.70239
-0.0337556,-0.0529898,0.0480298;-1.3801,0.158342,-1.65759
-0.0281927,-0.0538056,0.0515941;-1.45918,0.135675,-1.61302
-0.0238274,-0.0510127,0.0555862;-1.5213,0.203469,-1.59502
-0.0246381,-0.069718,0.0503435;-1.36003,0.166185,-1.66887
-0.0287641,-0.0780897,0.0482284;-1.31622,0.0965004,-1.69595
-0.0314711,-0.0728171,0.0480877;-1.33351,0.0476124,-1.68353
-0.0302177,-0.0670255,0.0464191;-1.32736,-0.0225676,-1.64956
-0.0235787,-0.0579521,0.0437738;-1.43549,-0.00938537,-1.61139
-0.0153005,-0.0511503,0.0538945;-1.54425,0.0892733,-1.59377
-0.00526449,-0.068386,0.050162;-1.57498,0.128012,-1.6207
-0.0100949,-0.0809441,0.0477055;-1.43367,0.0631756,-1.68631
-0.0151422,-0.0852123,0.046539;-1.40011,0.0646865,-1.70608
-0.017637,-0.0702728,0.0373651;-1.47143,-0.0737136,-1.62047
-0.0128341,-0.0604994,0.0338177;-1.52559,-0.0017561,-1.596
-0.0127639,-0.0638522,0.0444367;-1.53383,0.176259,-1.59609
-0.0231751,-0.0951167,0.0456058;-1.48939,0.254161,-1.62902
-0.024436,-0.0956845,0.0445188;-1.42037,0.192207,-1.67042
-0.0255854,-0.0928371,0.0407618;-1.43482,0.159883,-1.66864
-0.0250328,-0.0731513,0.0291513;-1.55823,0.0234517,-1.57988
-0.0248765,-0.0729883,0.0288628;-1.56339,0.0385108,-1.57714
-0.0264785,-0.0757891,0.0293581;-1.55878,0.121875,-1.56688
-0.0378777,-0.103816,0.0369294;-1.45428,0.36801,-1.57547
-0.0390507,-0.108341,0.036749;-1.40492,0.329324,-1.61247
-0.0376214,-0.106375,0.0345236;-1.44111,0.317835,-1.61154
-0.0388452,-0.0998835,0.0289773;-1.55614,0.14685,-1.56812
-0.037962,-0.0994931,0.0290179;-1.55192,0.18701,-1.57151
-0.0365747,-0.0977175,0.0293594;-1.56454,0.256051,-1.55731
-0.0451411,-0.119522,0.0386443;-1.4464,0.462177,-1.57307
-0.0453243,-0.12709,0.0395235;-1.38931,0.424895,-1.61332
-0.0445153,-0.127383,0.037034;-1.3898,0.37571,-1.63363
-0.0483339,-0.110763,0.0304264;-1.52812,0.264731,-1.58368
-0.0481694,-0.10784,0.030209;-1.52377,0.279613,-1.57825
-0.0448303,-0.103271,0.032601;-1.5086,0.342338,-1.56787
-0.0425285,-0.107804,0.0366859;-1.49654,0.511934,-1.53628
-0.0426616,-0.11431,0.0390963;-1.43625,0.422241,-1.57122
-0.0421979,-0.113575,0.0379856;-1.43915,0.326907,-1.59347
-0.0389711,-0.109009,0.0343646;-1.4892,0.253482,-1.60915
-0.0404204,-0.104827,0.0342543;-1.47547,0.272345,-1.6016
-0.038744,-0.101024,0.0352331;-1.48094,0.319371,-1.57501
-0.0383622,-0.0934505,0.0382986;-1.50585,0.474648,-1.51389
-0.0344447,-0.092177,0.0397478;-1.49528,0.394517,-1.52278
-0.0289894,-0.0891267,0.0355813;-1.51534,0.321102,-1.51692
-0.0329578,-0.0928494,0.0330101;-1.50559,0.203902,-1.54605
-0.0344318,-0.0955034,0.0312443;-1.51497,0.176703,-1.56616
-0.030835,-0.0914854,0.03013;-1.54472,0.204895,-1.55788
-0.0373478,-0.0927864,0.0345969;-1.56758,0.453052,-1.51447
-0.0495037,-0.110164,0.0374988;-1.48081,0.508347,-1.55967
-0.0540876,-0.122515,0.0397798;-1.4031,0.523021,-1.60332
-0.049262,-0.124806,0.0344277;-1.44244,0.478297,-1.62407
-0.0500774,-0.11974,0.0338488;-1.46329,0.35859,-1.61553
-0.0500663,-0.117467,0.0330107;-1.47069,0.39507,-1.60709
-0.048298,-0.113686,0.0352253;-1.46922,0.500166,-1.58784
-0.04949,-0.125047,0.0412216;-1.39134,0.625479,-1.60991
-0.054325,-0.139849,0.0417201;-1.35852,0.588787,-1.62915
-0.0557994,-0.141703,0.0372326;-1.42113,0.566249,-1.60576
-0.0600613,-0.146586,0.0295521;-1.55516,0.475519,-1.5674
-0.0583597,-0.146477,0.031808;-1.52214,0.51964,-1.56372
-0.0546423,-0.143292,0.0331761;-1.53024,0.572895,-1.54216
-0.0529032,-0.143061,0.0381284;-1.46929,0.712673,-1.56996
-0.0557109,-0.149142,0.0406842;-1.44743,0.650764,-1.58662
-0.0541523,-0.154953,0.0374134;-1.46347,0.585914,-1.58942
-0.0416369,-0.152352,0.034766;-1.54811,0.336803,-1.62149
-0.0403513,-0.146302,0.0403674;-1.48958,0.276315,-1.6591
-0.0392367,-0.137976,0.0431692;-1.51026,0.345932,-1.59581
-0.0306523,-0.118137,0.0488305;-1.77221,0.601935,-1.44816
-0.0397818,-0.121256,0.0512048;-1.7312,0.684428,-1.45736
-0.04596,-0.128115,0.0517724;-1.73489,0.67366,-1.42782
-0.0501228,-0.145941,0.0462223;-1.73559,0.503203,-1.44352
-0.0569171,-0.147109,0.0445574;-1.65165,0.491635,-1.5179
-0.0592626,-0.141448,0.0384488;-1.53858,0.554755,-1.57639
-0.053861,-0.12803,0.0432833;-1.61781,0.713559,-1.51223
-0.0605061,-0.133404,0.0497416;-1.60311,0.777206,-1.5296
-0.0674358,-0.143195,0.0519535;-1.53525,0.745131,-1.56986
-0.0879391,-0.166812,0.051377;-1.50845,0.697208,-1.62002
-0.106563,-0.165953,0.0504493;-1.42753,0.672883,-1.70789
-0.122985,-0.161158,0.0445515;-1.32201,0.74272,-1.80177
-0.132092,-0.164428,0.046676;-1.26828,0.887596,-1.80752
-0.12866,-0.167132,0.0457556;-1.35631,0.905934,-1.6826
-0.125791,-0.16562,0.0459678;-1.33569,0.885826,-1.68141
-0.120667,-0.17203,0.0421001;-1.28328,0.73495,-1.76843
-0.117258,-0.175151,0.04227;-1.32578,0.729506,-1.77064
-0.115447,-0.17684,0.0463842;-1.28999,0.730031,-1.84699
-0.119518,-0.176919,0.0455584;-1.30105,0.862409,-1.76383
-0.121842,-0.173839,0.0497306;-1.3192,0.921932,-1.7321
-0.125204,-0.167586,0.05135;-1.33148,0.962493,-1.70999
-0.11402,-0.177262,0.0462693;-1.26426,0.867192,-1.76972
-0.108695,-0.178408,0.0447498;-1.27893,0.769433,-1.78511
-0.108514,-0.181603,0.042131;-1.37531,0.651502,-1.73222
-0.109985,-0.176385,0.0496873;-1.29633,0.747357,-1.79174
-0.113332,-0.171967,0.0503669;-1.32435,0.84421,-1.72148
-0.117081,-0.165284,0.0520748;-1.33824,0.9259,-1.70149
-0.114483,-0.171817,0.0448598;-1.31372,0.848997,-1.70604
-0.108695,-0.178132,0.040095;-1.28754,0.745983,-1.74598
-0.101254,-0.182598,0.0403575;-1.35503,0.675039,-1.72062
-0.10792,-0.180123,0.0484506;-1.30397,0.71128,-1.78009
-0.110998,-0.182236,0.0457714;-1.3301,0.791481,-1.72576
-0.115904,-0.187431,0.0495461;-1.35527,0.864068,-1.7015
-0.128164,-0.191468,0.0460105;-1.29072,0.808791,-1.71967
-0.130615,-0.197886,0.0417216;-1.28323,0.726674,-1.73971
-0.126809,-0.198751,0.0412451;-1.29811,0.665634,-1.74722
-0.131844,-0.19023,0.0420669;-1.25636,0.650725,-1.78201
-0.129597,-0.185927,0.041172;-1.3667,0.629697,-1.65265
-0.127696,-0.183867,0.0433344;-1.4234,0.6624,-1.59001
-0.148037,-0.199348,0.0428505;-1.35464,0.683647,-1.63606
-0.151753,-0.205073,0.0405166;-1.33671,0.655088,-1.66965
-0.156582,-0.205691,0.0380573;-1.35777,0.572236,-1.6667
-0.152281,-0.204399,0.0376576;-1.36135,0.51973,-1.67414
-0.152828,-0.203819,0.0381756;-1.40391,0.466522,-1.61458
-0.153438,-0.205521,0.0405052;-1.41448,0.517081,-1.58598
-0.165256,-0.220073,0.0426544;-1.37674,0.64416,-1.61204
-0.166457,-0.221642,0.0414372;-1.38186,0.616963,-1.60614
-0.171082,-0.223086,0.0378659;-1.4141,0.567184,-1.60681
-0.173579,-0.223233,0.0349417;-1.43782,0.495953,-1.61505
-0.169677,-0.222954,0.0371936;-1.42301,0.556307,-1.61098
-0.166708,-0.222528,0.0389916;-1.45567,0.63453,-1.57171
-0.182153,-0.23549,0.0420159;-1.42116,0.807609,-1.58184
-0.184931,-0.240835,0.0410003;-1.41975,0.699831,-1.5825
-0.184314,-0.240691,0.0384809;-1.42143,0.633956,-1.60198
-0.189224,-0.240199,0.0351017;-1.42414,0.576609,-1.63621
-0.188456,-0.241285,0.0350864;-1.40755,0.577508,-1.65573
-0.18906,-0.241861,0.036848;-1.41813,0.575347,-1.6261
-0.194545,-0.253369,0.0416109;-1.42065,0.655405,-1.58526
-0.198497,-0.260708,0.0410066;-1.40868,0.581319,-1.59647
-0.198673,-0.264842,0.0384624;-1.38984,0.529299,-1.63748
-0.199061,-0.264954,0.0339711;-1.43502,0.517935,-1.633
-0.198247,-0.264367,0.0311183;-1.49857,0.519462,-1.60125
-0.197956,-0.264121,0.0304547;-1.51595,0.521407,-1.59075
-0.1978,-0.265502,0.0413869;-1.53793,0.629379,-1.56433
-0.205449,-0.266662,0.0393081;-1.52598,0.634188,-1.54423
-0.209986,-0.271693,0.0362275;-1.45169,0.628983,-1.60492
-0.216358,-0.276091,0.0365942;-1.37292,0.596227,-1.68394
-0.21379,-0.275034,0.0363783;-1.38016,0.619403,-1.69136
-0.213761,-0.275841,0.0372119;-1.36236,0.627394,-1.69998
-0.213761,-0.275841,0.0372119;-1.36236,0.627394,-1.69998
-0.213054,-0.27652,0.0384356;-1.3305,0.659014,-1.71581
-0.213054,-0.27652,0.0384356;-1.3305,0.659014,-1.71581
