0,0,0.11;-1.57,-2.98023e-08,-1.57
0,0,0.11;-1.57,-2.98023e-08,-1.57
0,0,0.11;-1.57,-2.98023e-08,-1.57
-0.00109224,-0.00215682,0.0287633;-1.56473,-0.293029,-1.566
0.000293892,0.000256197,0.0287262;-1.56355,-0.215528,-1.5688
0.00106324,0.00498341,0.028726;-1.57543,-0.110687,-1.56919
-0.000540032,0.0196757,0.0349472;-1.69111,0.000308841,-1.56377
0.00445491,0.0069323,0.0290729;-1.57697,-0.183634,-1.55831
0.00303889,0.000329093,0.029238;-1.54481,-0.337503,-1.55453
0.00131379,-0.00342579,0.0289647;-1.55145,-0.460541,-1.56081
0.00171344,-0.000784762,0.0286316;-1.57048,-0.376334,-1.56831
0.000940272,-4.1835e-06,0.0288022;-1.57893,-0.27965,-1.57625
-0.000111618,0.00253638,0.0307228;-1.6095,-0.17911,-1.58968
-0.00172159,0.00274403,0.0353266;-1.70511,-0.125447,-1.59406
0.000338927,-0.00130358,0.0347174;-1.69473,-0.198092,-1.59034
0.00281142,-0.0117148,0.0308974;-1.60283,-0.330814,-1.5633
0.00327679,-0.0151387,0.028628;-1.57095,-0.318645,-1.57336
0.00426033,-0.0158295,0.0288558;-1.57191,-0.264794,-1.58407
0.00590244,-0.0159928,0.0306145;-1.55407,-0.22096,-1.6001
0.00543412,-0.00773965,0.0342809;-1.59259,-0.172827,-1.63267
0.00337242,-0.00202146,0.0347837;-1.63361,-0.272562,-1.63321
0.0041709,-0.00037191,0.0308691;-1.60427,-0.340572,-1.60343
0.00523506,0.0018198,0.0290369;-1.59506,-0.440082,-1.58121
0.005457,0.000913255,0.0286127;-1.57105,-0.454568,-1.56925
0.00527472,0.000733618,0.0286757;-1.56611,-0.450585,-1.56819
0.00523969,0.00450815,0.0291388;-1.57316,-0.431838,-1.57528
0.00558519,0.00898685,0.0293822;-1.59799,-0.455172,-1.58673
0.00622238,0.0220967,0.0291928;-1.58888,-0.660213,-1.59262
0.00587369,0.0233593,0.0289033;-1.57403,-0.689929,-1.58554
0.00598139,0.0227927,0.0288284;-1.57309,-0.669305,-1.58211
0.00719096,0.021964,0.0291026;-1.56222,-0.587467,-1.55898
0.00617936,0.0253859,0.0311283;-1.61117,-0.487824,-1.58652
0.00620237,0.0274361,0.0343122;-1.70176,-0.465648,-1.63199
0.0090096,0.0368004,0.0335085;-1.66047,-0.648367,-1.65163
0.00791877,0.0449865,0.0307771;-1.64056,-0.74775,-1.62269
0.00821399,0.0453338,0.0287752;-1.57494,-0.770886,-1.57993
0.0111706,0.0409842,0.029072;-1.54971,-0.574151,-1.56511
0.0137824,0.0405977,0.0290494;-1.54937,-0.472506,-1.56398
0.0139312,0.0382637,0.029751;-1.56278,-0.490758,-1.56052
0.015718,0.0350824,0.0334467;-1.65288,-0.580853,-1.58685
0.022345,0.0320221,0.0315005;-1.65691,-0.678067,-1.62813
0.0227695,0.0356992,0.0290924;-1.59929,-0.742597,-1.59402
0.0223318,0.0329796,0.0289425;-1.57616,-0.663528,-1.58744
0.0235588,0.0325432,0.0292795;-1.55279,-0.647998,-1.57567
0.0238115,0.0338828,0.0302128;-1.55342,-0.619871,-1.58089
0.020225,0.0429332,0.03402;-1.69871,-0.716496,-1.64308
0.0238771,0.0447047,0.0370047;-1.75079,-0.786626,-1.67534
0.0281482,0.0453813,0.0337483;-1.72715,-0.878096,-1.69189
0.0250315,0.0462158,0.0322549;-1.5774,-0.693469,-1.62674
0.0277127,0.0409969,0.0325085;-1.54577,-0.63343,-1.60816
0.0294937,0.0408865,0.0321167;-1.53944,-0.566359,-1.59731
0.0217508,0.0505721,0.0331056;-1.69133,-0.652418,-1.64597
0.0253757,0.0498181,0.0319392;-1.66937,-0.748251,-1.64095
0.0258816,0.0548015,0.0296278;-1.61332,-0.890321,-1.61073
0.0206186,0.0533176,0.0321218;-1.6685,-0.707966,-1.63892
0.0227913,0.0427889,0.0295746;-1.56497,-0.601009,-1.58919
0.0261611,0.0388409,0.0295631;-1.56671,-0.530931,-1.59061
0.0262158,0.0370428,0.0288163;-1.57358,-0.587498,-1.5626
0.030132,0.0313735,0.0292681;-1.58799,-0.671073,-1.56523
0.0354063,0.0246497,0.0289662;-1.58428,-0.798713,-1.57339
0.0384514,0.027502,0.0295769;-1.61369,-0.823703,-1.60684
0.0390833,0.0239418,0.0290038;-1.56859,-0.71528,-1.58594
0.0401363,0.0229836,0.0294438;-1.54789,-0.601961,-1.56475
0.0417568,0.0188869,0.0293554;-1.55926,-0.6558,-1.55118
0.0436951,0.0111818,0.0288941;-1.5686,-0.783014,-1.55586
0.044356,0.00956023,0.0289967;-1.5825,-0.840319,-1.56661
0.0472703,0.0145871,0.0289694;-1.60282,-0.976602,-1.59854
0.0472645,0.015926,0.0292696;-1.60624,-0.964694,-1.61156
0.0489198,0.0123866,0.0313898;-1.5879,-0.901196,-1.62537
0.0531549,0.0042161,0.0293864;-1.57165,-0.768299,-1.58674
0.0537392,0.00353179,0.0297194;-1.5733,-0.861732,-1.55634
0.0587722,0.000296632,0.031648;-1.58616,-0.96557,-1.53707
0.0661459,-0.00539577,0.0289813;-1.59943,-1.19257,-1.60278
0.0670221,-0.00260401,0.0311644;-1.66349,-1.16428,-1.67718
0.070373,-0.000143404,0.0339386;-1.5625,-1.06804,-1.64106
0.0688034,0.00266741,0.0355897;-1.51264,-0.891303,-1.60735
0.064773,0.00483824,0.0313509;-1.55761,-0.983319,-1.60572
0.0630617,0.00813126,0.0295889;-1.62394,-1.06325,-1.61933
0.0726036,-0.00427692,0.0339673;-1.69031,-1.25837,-1.63129
0.0775681,-0.00621604,0.0334765;-1.76428,-1.26477,-1.72598
0.082402,-0.00661302,0.0313905;-1.67939,-1.20907,-1.6921
0.0895141,-0.0075155,0.0352818;-1.53714,-0.987075,-1.62643
0.0837824,-0.00664301,0.0320266;-1.5519,-1.02667,-1.60681
0.0823485,-0.00624649,0.0288475;-1.58101,-1.05392,-1.58729
0.0880398,-0.0118508,0.0300085;-1.56759,-1.22997,-1.5422
0.0902194,-0.0130677,0.0305999;-1.56811,-1.25094,-1.5329
0.0911757,-0.0128014,0.0301379;-1.56043,-1.23368,-1.54142
0.0904239,-0.00637586,0.0322714;-1.53924,-1.15703,-1.59248
0.0837728,-0.00488211,0.03055;-1.56236,-1.21959,-1.59836
0.0804415,-0.00391477,0.0287493;-1.56933,-1.26666,-1.57767
0.081144,-0.0046205,0.0293254;-1.50418,-1.3807,-1.48978
0.080337,-0.00432634,0.0289123;-1.56142,-1.37384,-1.54755
0.0800189,-0.00438555,0.0289515;-1.59299,-1.35961,-1.57914
0.0802861,-0.00126961,0.0306476;-1.72113,-1.30751,-1.72828
0.08148,-0.00135719,0.0320761;-1.57872,-1.31394,-1.63095
0.0809911,-0.000182593,0.0331586;-1.60258,-1.27235,-1.65999
0.0743448,0.00769925,0.0286603;-1.58803,-1.36009,-1.58792
0.0734908,0.00672595,0.0293679;-1.54142,-1.36959,-1.52715
0.0730931,0.00711424,0.028999;-1.63377,-1.35027,-1.62595
0.074141,0.00497762,0.0301941;-1.71144,-1.28373,-1.71015
0.0836702,-0.000932139,0.0354901;-1.52356,-1.10298,-1.6089
0.0833418,0.000738901,0.0362501;-1.4712,-1.07151,-1.55589
0.0802105,0.000205242,0.0346843;-1.4063,-1.04703,-1.45994
0.061251,0.00841944,0.0333006;-1.63118,-1.16407,-1.57281
0.0531207,0.0128428,0.0337206;-1.62101,-1.12407,-1.55163
0.0522364,0.013186,0.0316162;-1.60889,-1.10155,-1.56072
0.0598662,0.0111197,0.0323307;-1.5201,-0.941621,-1.57047
0.0632459,0.00806456,0.0379527;-1.37299,-0.974418,-1.45741
0.0616056,0.00665087,0.0377548;-1.43772,-1.03646,-1.48344
0.0446957,0.0126288,0.0380467;-1.76901,-1.18806,-1.68049
0.0354548,0.0201828,0.0340707;-1.59981,-1.17668,-1.52143
0.0317699,0.023167,0.0326203;-1.59593,-1.12107,-1.53429
0.0319051,0.026804,0.031008;-1.56893,-1.09735,-1.61261
0.0334359,0.0264752,0.0344509;-1.63971,-1.10088,-1.69975
0.0372965,0.0266881,0.0357006;-1.63522,-1.13819,-1.71455
0.0316166,0.0328075,0.0335313;-1.85814,-1.2105,-1.84547
0.0225685,0.0394012,0.0333001;-1.81977,-1.1835,-1.79655
0.011176,0.0424043,0.036628;-1.83605,-1.07979,-1.77754
0.00692429,0.0451777,0.0357407;-1.85849,-1.02739,-1.82121
0.0115753,0.0442853,0.0368103;-1.79675,-1.06145,-1.81225
0.0195089,0.0405774,0.0345467;-1.60226,-1.13279,-1.67546
0.0207588,0.0454507,0.0339236;-1.78728,-1.34383,-1.83147
0.0159164,0.0477312,0.0353749;-2.01321,-1.36822,-2.04141
0.0100374,0.049261,0.0347138;-2.10063,-1.31953,-2.08798
-0.00970331,0.0474855,0.0348225;-1.77216,-1.05743,-1.73183
-0.00209576,0.0417891,0.0340052;-1.73254,-1.00635,-1.71327
0.0146666,0.0339722,0.0343561;-1.73611,-1.04529,-1.73515
0.0420063,0.0218216,0.0329389;-1.62522,-1.27577,-1.67772
0.0360193,0.0275566,0.0353509;-1.92921,-1.34692,-1.96869
0.0278774,0.0327117,0.0367322;-2.26957,-1.33089,-2.2678
0.0211218,0.0336922,0.0323129;-1.63843,-1.20233,-1.66302
0.0121699,0.037977,0.0319833;-1.5024,-1.13321,-1.53362
0.0124978,0.0391059,0.032858;-1.44309,-1.15664,-1.48245
0.0167593,0.032837,0.0311529;-1.67333,-1.36643,-1.69854
0.0223929,0.0311021,0.0304619;-1.75884,-1.47596,-1.78022
0.0237011,0.0318988,0.0320557;-2.24608,-1.52526,-2.27948
0.00687223,0.0355579,0.0337342;-2.13652,-1.3687,-2.12704
-0.00162612,0.035409,0.0322838;-1.82477,-1.27663,-1.82002
-0.00507189,0.0356979,0.0292166;-1.5787,-1.18179,-1.5899
-0.00794997,0.0380784,0.02888;-1.59333,-1.31871,-1.6016
-0.00948035,0.0411436,0.0290324;-1.72916,-1.43666,-1.72868
-0.00388124,0.04098,0.029864;3.02376,-1.53661,3.02349
-0.00663294,0.0419431,0.0367607;-2.95019,-1.45618,-2.91375
-0.0169316,0.041092,0.0368398;-2.3286,-1.37551,-2.29265
-0.0257518,0.0395474,0.033514;-1.90439,-1.28127,-1.90053
-0.0228588,0.0390485,0.0285683;-1.5725,-1.36334,-1.57266
-0.0235405,0.039186,0.0287118;-1.60671,-1.42897,-1.60836
-0.0261677,0.0422832,0.0290053;-2.62825,-1.54943,-2.63013
-0.0301802,0.046147,0.0326694;2.36066,-1.46981,2.37023
-0.0369236,0.0442741,0.0378362;-2.80798,-1.45091,-2.781
-0.0443064,0.0438875,0.0381486;-2.00691,-1.38094,-1.98653
-0.0409511,0.0422195,0.0286446;-1.56769,-1.32227,-1.56554
-0.0414218,0.0426074,0.0287592;-1.57103,-1.39281,-1.58006
-0.0435268,0.0452935,0.0294064;-1.76112,-1.4639,-1.76985
-0.0511866,0.0546391,0.0332869;2.90043,-1.46529,2.89579
-0.0526517,0.0548837,0.0360948;3.032,-1.42244,3.02522
-0.059946,0.0534697,0.0391328;-2.93496,-1.3982,-2.92916
-0.081864,0.0549897,0.0363734;-2.47095,-1.39774,-2.45369
-0.0831507,0.0568972,0.0309558;-2.06239,-1.45725,-2.05647
-0.0835197,0.0585134,0.0290183;-1.8366,-1.51645,-1.84306
-0.0870352,0.0641352,0.0300789;2.08061,-1.49181,2.07172
-0.0870607,0.0636075,0.0330207;2.71837,-1.46498,2.71316
-0.0859803,0.0624915,0.035628;3.08809,-1.42252,3.08151
-0.0878992,0.0607785,0.0364402;-3.11963,-1.42517,-3.11023
-0.0880685,0.0603717,0.0329401;-3.1365,-1.50582,-3.11399
-0.0894241,0.0590048,0.0300856;-1.65685,-1.55796,-1.62466
-0.0885929,0.0614136,0.0288341;1.68607,-1.50328,1.69026
-0.0885304,0.0613081,0.0290976;2.03853,-1.51586,2.03813
-0.0843438,0.0579265,0.0306295;-2.73282,-1.51907,-2.73789
-0.0766625,0.0480493,0.0389296;-2.23437,-1.30642,-2.25181
-0.0751504,0.0462055,0.0373864;-2.20671,-1.29833,-2.20854
-0.0687079,0.0426661,0.0288949;-1.55764,-1.32864,-1.56465
-0.0679616,0.0435025,0.0294648;-1.64355,-1.37152,-1.63611
-0.0668393,0.0445671,0.0293086;-1.62644,-1.39664,-1.61553
-0.0689822,0.0462903,0.0294093;-1.65564,-1.37055,-1.64593
-0.072782,0.0452511,0.0328601;-1.76998,-1.28354,-1.78676
-0.0720282,0.0436334,0.0350245;-1.9331,-1.29304,-1.94583
-0.0731789,0.0439969,0.0328837;-1.97803,-1.34024,-1.97223
-0.0714877,0.0464985,0.0286904;-1.4819,-1.53145,-1.47916
-0.0725399,0.0469253,0.0287497;-1.59256,-1.51951,-1.58433
-0.07518,0.0462052,0.02922;-1.76236,-1.45587,-1.75901
-0.07518,0.0462052,0.02922;-1.76236,-1.45587,-1.75901
-0.0799778,0.0456221,0.0344062;-2.16609,-1.37429,-2.15282
-0.0799778,0.0456221,0.0344062;-2.16609,-1.37429,-2.15282
