0,0,0.11;-1.57,-2.98023e-08,-1.57
0,0,0.11;-1.57,-2.98023e-08,-1.57
0,0,0.11;-1.57,-2.98023e-08,-1.57
6.64016e-05,0.0023903,0.0288347;-1.57782,-0.290986,-1.57886
0.000858547,0.00131347,0.0285811;-1.57065,-0.22702,-1.57048
0.00103295,0.00233285,0.0288002;-1.57104,-0.154737,-1.55973
0.0024711,0.00988317,0.0302524;-1.56648,-0.0283744,-1.54134
0.00287747,0.0103963,0.0285793;-1.57088,-0.108249,-1.57077
0.00235005,0.0122175,0.0286439;-1.57065,-0.209707,-1.57391
0.00118616,0.0140203,0.0285798;-1.5709,-0.320926,-1.5709
0.000813928,0.0136301,0.0286298;-1.57015,-0.303957,-1.56842
0.000999497,0.0141475,0.0288975;-1.56192,-0.270854,-1.55974
0.00243841,0.0175085,0.0292787;-1.55747,-0.200059,-1.55698
0.00540736,0.0250593,0.029936;-1.56052,-0.135042,-1.55019
0.00713311,0.0261757,0.0289194;-1.55645,-0.127004,-1.56685
0.00777391,0.027002,0.0286824;-1.57094,-0.120484,-1.56583
0.00737007,0.0255044,0.0285789;-1.5707,-0.112608,-1.57078
0.00766077,0.0238367,0.0286739;-1.56614,-0.0657869,-1.5706
0.0071443,0.0231123,0.0290078;-1.56605,-0.0545851,-1.5645
0.00791505,0.0225115,0.029964;-1.54586,0.0202697,-1.56651
0.0100754,0.0232302,0.0294415;-1.55054,0.0446799,-1.57299
0.0129074,0.0227555,0.0292062;-1.54782,0.0948045,-1.58056
0.0155527,0.0195431,0.0293826;-1.54383,0.201712,-1.58952
0.0141976,0.0176979,0.0291613;-1.54834,0.199287,-1.58402
0.0136632,0.0187007,0.0287795;-1.5622,0.168354,-1.57433
0.0131854,0.0189168,0.0288512;-1.56601,0.152025,-1.56653
0.0125501,0.01869,0.0287877;-1.56564,0.122538,-1.56599
0.0136557,0.0209345,0.0287763;-1.56247,0.149338,-1.56803
0.0155689,0.0230432,0.0286557;-1.56975,0.222073,-1.56813
0.0178379,0.0227158,0.0286382;-1.5674,0.361881,-1.57097
0.0180879,0.0220626,0.0287831;-1.57257,0.397932,-1.56136
0.017575,0.0205793,0.0295622;-1.57905,0.382294,-1.55064
0.0173089,0.0182682,0.0299667;-1.57501,0.349357,-1.54591
0.0143537,0.0170597,0.0291053;-1.55283,0.30414,-1.56773
0.0145981,0.0167482,0.0289758;-1.55671,0.2954,-1.56912
0.0158399,0.0172055,0.0288798;-1.55794,0.325797,-1.57247
0.01916,0.01899,0.0286567;-1.57087,0.469446,-1.56715
0.0188229,0.0184326,0.0289229;-1.57816,0.46076,-1.5561
0.017489,0.014065,0.0290715;-1.58194,0.420412,-1.5519
0.0152199,0.00754162,0.029029;-1.57518,0.300546,-1.55613
0.013275,0.00540626,0.0288101;-1.57218,0.208991,-1.56039
0.0106939,0.00297712,0.0287937;-1.56079,0.110138,-1.57144
0.00894171,0.00191597,0.0287513;-1.57726,0.212687,-1.57147
0.00487567,0.000141002,0.0292234;-1.59007,0.305577,-1.57057
0.000195886,-0.00551232,0.0310168;-1.61865,0.390935,-1.56187
-0.00207586,-0.0150054,0.0305496;-1.54659,0.319345,-1.60103
-0.00501436,-0.0114859,0.0313481;-1.53373,0.214523,-1.59712
-0.00417305,-0.0086311,0.0306278;-1.55028,0.115672,-1.59066
-0.0100401,-0.0250518,0.0315689;-1.54675,0.13244,-1.61233
-0.011246,-0.0326404,0.0322303;-1.55123,0.206046,-1.62134
-0.0123337,-0.0382972,0.0325083;-1.5537,0.288902,-1.61827
-0.0126403,-0.0420105,0.032396;-1.53298,0.309531,-1.62428
-0.0127562,-0.0383504,0.0322873;-1.54018,0.286542,-1.61847
-0.0119965,-0.030623,0.032111;-1.54617,0.225998,-1.61055
-0.0118438,-0.0370391,0.0301954;-1.56455,0.123576,-1.59699
-0.0151146,-0.0420244,0.0297963;-1.57597,0.123503,-1.59183
-0.0224782,-0.0500616,0.0304421;-1.57883,0.176716,-1.59535
-0.0226601,-0.0602969,0.0309894;-1.56458,0.257771,-1.61265
-0.0206465,-0.057236,0.0314444;-1.55566,0.244012,-1.61464
-0.0173987,-0.0465427,0.0330402;-1.55631,0.187032,-1.62603
-0.00932497,-0.029021,0.0310538;-1.58426,0.175056,-1.58775
-0.0103345,-0.0313746,0.0324602;-1.65053,0.159673,-1.56163
-0.0209759,-0.0463067,0.0313021;-1.55996,0.180854,-1.61904
-0.0268358,-0.0553552,0.033733;-1.5643,0.181604,-1.64528
-0.0268227,-0.0533288,0.0341814;-1.56379,0.146091,-1.65456
-0.0258562,-0.0500825,0.0341554;-1.56429,0.123904,-1.65315
-0.0216519,-0.0438742,0.0364469;-1.51926,0.122831,-1.65472
-0.0186187,-0.0454925,0.0360795;-1.52723,0.177573,-1.65316
-0.0162848,-0.0491874,0.0356435;-1.52065,0.251698,-1.6517
-0.0182877,-0.0639016,0.0341595;-1.53087,0.372383,-1.64662
-0.019405,-0.0633391,0.0347572;-1.52691,0.33004,-1.65307
-0.02101,-0.0565834,0.0345919;-1.55197,0.237439,-1.65701
-0.00960825,-0.0439829,0.0388069;-1.53976,0.22325,-1.67511
-0.00489917,-0.0401492,0.0450505;-1.45819,0.337821,-1.71691
-0.00488134,-0.0372817,0.0494842;-1.48519,0.441424,-1.6798
-3.13958e-05,-0.0276535,0.0449306;-1.8677,0.614642,-1.44801
0.00290098,-0.0261373,0.0460101;-1.91799,0.5827,-1.42483
-0.000477752,-0.0319134,0.0414073;-1.72395,0.577955,-1.5711
-0.00400476,-0.0371982,0.0405708;-1.52879,0.406231,-1.69883
-0.00266282,-0.034918,0.0378682;-1.53418,0.422474,-1.64755
-0.0080985,-0.0385741,0.038386;-1.5617,0.494551,-1.60597
-0.0117094,-0.0454443,0.0387011;-1.68356,0.692999,-1.51478
-0.00884558,-0.0424614,0.0372108;-1.74246,0.700561,-1.48862
-0.00884124,-0.0436802,0.034691;-1.64574,0.693325,-1.56884
0.00298577,-0.0335442,0.0307539;-1.60075,0.445936,-1.57563
0.00636116,-0.0311166,0.03168;-1.63798,0.375145,-1.54335
0.000924911,-0.0337749,0.0344154;-1.65189,0.377665,-1.51572
-0.0162434,-0.0514588,0.0395098;-1.71135,0.582166,-1.44918
-0.0172059,-0.0577705,0.0363157;-1.67249,0.633248,-1.48249
-0.0120506,-0.0568226,0.0303789;-1.61479,0.701413,-1.54224
0.0038316,-0.0412419,0.0292812;-1.59006,0.527991,-1.56736
0.00889493,-0.039346,0.0298147;-1.61034,0.444809,-1.55254
0.00691951,-0.0421301,0.0323536;-1.63051,0.411773,-1.52607
-0.0122839,-0.0542743,0.0377919;-1.64189,0.460381,-1.467
-0.0147172,-0.0595392,0.0356906;-1.5903,0.445814,-1.51854
-0.014258,-0.0621529,0.0322875;-1.54775,0.451867,-1.56272
-0.00755984,-0.0573092,0.0296316;-1.57068,0.455378,-1.58287
0.00437381,-0.0444988,0.0294129;-1.58928,0.348772,-1.57102
0.00174267,-0.0469661,0.0314241;-1.61929,0.340594,-1.54146
-0.00998298,-0.0573896,0.036261;-1.66524,0.358294,-1.49018
-0.041243,-0.0862906,0.0382606;-1.38448,0.388542,-1.65399
-0.0431777,-0.0896009,0.036866;-1.4278,0.375351,-1.64887
-0.0421234,-0.0876324,0.0354425;-1.47487,0.346826,-1.6398
-0.0455363,-0.073793,0.0377584;-1.46354,0.172764,-1.64064
-0.0472197,-0.0726093,0.0400097;-1.44104,0.170165,-1.65642
-0.0481064,-0.0771776,0.0437567;-1.39508,0.199532,-1.69435
-0.0532223,-0.0879991,0.0421054;-1.3739,0.314663,-1.68972
-0.050996,-0.0867375,0.0420004;-1.37715,0.331095,-1.70326
-0.0486329,-0.0821014,0.0387747;-1.44163,0.312278,-1.67524
-0.0440132,-0.0648381,0.0328284;-1.5398,0.192391,-1.61693
-0.0429368,-0.0599497,0.0328903;-1.5236,0.200068,-1.60761
-0.0417027,-0.0538415,0.0345934;-1.5479,0.252912,-1.57678
-0.0481457,-0.0567768,0.0361857;-1.64266,0.357144,-1.48194
-0.0510836,-0.0610769,0.0383268;-1.60716,0.369903,-1.49822
-0.0509706,-0.0663765,0.0386083;-1.55794,0.386393,-1.5318
-0.0444539,-0.0639428,0.0347484;-1.46147,0.222506,-1.59655
-0.0454587,-0.0639074,0.0316576;-1.52809,0.0970047,-1.56094
-0.049835,-0.0676741,0.0338003;-1.49237,0.0535259,-1.55298
-0.0557777,-0.074786,0.035497;-1.58912,0.138115,-1.48067
-0.0581506,-0.0816028,0.0343209;-1.54394,0.238706,-1.5079
-0.0584388,-0.0856097,0.0360976;-1.47545,0.273843,-1.55314
-0.0587537,-0.0833212,0.0369506;-1.41536,0.240087,-1.60064
-0.0554386,-0.0730147,0.0378232;-1.41164,0.228707,-1.58669
-0.0442185,-0.0523199,0.0356988;-1.51446,0.194583,-1.50967
-0.040211,-0.0302135,0.0363125;-1.61511,0.332465,-1.46857
-0.0424722,-0.0242723,0.0383095;-1.67274,0.401486,-1.45923
-0.0439211,-0.0208865,0.0376465;-1.70543,0.448837,-1.46998
-0.0433401,-0.0168407,0.0346131;-1.67816,0.522747,-1.49647
-0.0417899,-0.015505,0.034308;-1.68014,0.534665,-1.50169
-0.0383994,-0.014998,0.036275;-1.72502,0.511269,-1.48283
-0.0357709,-0.0282255,0.0322099;-1.64451,0.389484,-1.54347
-0.0397144,-0.0311134,0.0348496;-1.66376,0.405169,-1.50716
-0.0431897,-0.0285525,0.036518;-1.71007,0.464938,-1.48833
-0.0514392,-0.0219776,0.0349199;-1.71045,0.608863,-1.50307
-0.0507557,-0.0156837,0.0328735;-1.65381,0.668466,-1.53809
-0.0451404,-0.00946124,0.0308138;-1.5937,0.642617,-1.57951
-0.0332774,-0.00606263,0.0295568;-1.58877,0.484071,-1.57463
-0.0334013,-0.0100013,0.0315932;-1.63046,0.450137,-1.55533
-0.0371042,-0.0153462,0.0361916;-1.72701,0.437427,-1.51034
-0.047838,-0.0248575,0.0366732;-1.72501,0.515037,-1.516
-0.058034,-0.0358658,0.0385214;-1.41384,0.561188,-1.63925
-0.053294,-0.0348692,0.0325655;-1.52198,0.547822,-1.58011
-0.0409612,-0.0193894,0.0299929;-1.6051,0.524301,-1.5523
-0.0377233,-0.0216432,0.0315974;-1.63512,0.45841,-1.53488
-0.0409385,-0.0239404,0.0347857;-1.69204,0.448206,-1.5031
-0.0456931,-0.0296721,0.0376867;-1.74056,0.384728,-1.49198
-0.0560892,-0.0392221,0.032558;-1.60298,0.392157,-1.53281
-0.0627155,-0.0497903,0.0345896;-1.50401,0.404962,-1.573
-0.0593909,-0.03751,0.0348907;-1.57351,0.404161,-1.51145
-0.0465978,-0.0260601,0.0347256;-1.61677,0.378997,-1.49471
-0.0471544,-0.0228631,0.0365684;-1.63217,0.42426,-1.47028
-0.0502018,-0.0259849,0.038558;-1.73216,0.378137,-1.47723
-0.0508405,-0.0292796,0.0389842;-1.74049,0.339858,-1.48253
-0.0524644,-0.034876,0.0362645;-1.67076,0.304235,-1.50696
-0.0467448,-0.049208,0.0420607;-1.38458,0.214644,-1.66094
-0.0462312,-0.0459175,0.0377907;-1.44454,0.172738,-1.60954
-0.0483815,-0.0389859,0.0362264;-1.62981,0.187541,-1.49126
-0.0583608,-0.0444106,0.0418653;-1.62525,0.242481,-1.50568
-0.0679231,-0.0569834,0.0396455;-1.3562,0.21431,-1.6368
-0.0720997,-0.0603985,0.0414033;-1.37401,0.222124,-1.6536
-0.068692,-0.063484,0.0456777;-1.35198,0.173595,-1.69679
-0.064845,-0.0607155,0.0439824;-1.37654,0.18708,-1.69352
-0.0608231,-0.0547724,0.037732;-1.45532,0.18038,-1.64692
-0.0685814,-0.0593634,0.0399607;-1.4014,0.271462,-1.64192
-0.0731146,-0.0702475,0.0472439;-1.2183,0.285792,-1.71126
-0.0729494,-0.0737063,0.0481966;-1.22878,0.319063,-1.72939
-0.0697457,-0.063374,0.0424854;-1.40022,0.185115,-1.67777
-0.0678274,-0.0605746,0.0406168;-1.43863,0.186848,-1.67654
-0.0638297,-0.0541589,0.0347056;-1.50825,0.179193,-1.63351
-0.0686776,-0.0475173,0.0355407;-1.66515,0.186643,-1.5182
-0.0715878,-0.050134,0.0384047;-1.53181,0.180933,-1.5769
-0.0740839,-0.0536444,0.0424649;-1.35319,0.200859,-1.66115
-0.0720231,-0.056796,0.0420675;-1.41679,0.0961116,-1.66172
-0.0682111,-0.0566288,0.0377285;-1.48633,0.0829144,-1.64568
-0.0643044,-0.0546626,0.0326337;-1.54551,0.0798448,-1.61487
-0.0647803,-0.0546396,0.0336358;-1.66701,0.0615993,-1.55845
-0.0642518,-0.0528756,0.0357157;-1.70343,0.0893598,-1.55607
-0.061795,-0.0485242,0.0343369;-1.65476,0.110374,-1.58466
-0.0600459,-0.0476544,0.0360254;-1.56133,0.0973794,-1.64797
-0.0588095,-0.0439093,0.0361193;-1.54353,0.116416,-1.65047
-0.0563392,-0.0354617,0.0363292;-1.60682,0.150205,-1.59928
-0.0563392,-0.0354617,0.0363292;-1.60682,0.150205,-1.59928
-0.051343,-0.0276832,0.0371845;-1.72784,0.179785,-1.53462
-0.051343,-0.0276832,0.0371845;-1.72784,0.179785,-1.53462
