0,0,0.11;-1.57,-2.98023e-08,-1.57
0,0,0.11;-1.57,-2.98023e-08,-1.57
0,0,0.11;-1.57,-2.98023e-08,-1.57
-0.000874687,-0.00104028,0.0286073;-1.57041,-0.267468,-1.56968
-0.000827069,-0.00105957,0.0285827;-1.57066,-0.261636,-1.57067
-0.00099106,-7.77628e-05,0.0287861;-1.5684,-0.244272,-1.56246
-0.00141606,0.0020888,0.0296086;-1.57322,-0.231044,-1.55631
-0.0022466,-0.00404923,0.0286012;-1.57028,-0.373552,-1.57
-0.00274513,-0.00489419,0.0286095;-1.57083,-0.420261,-1.56925
-0.00267736,-0.00457386,0.0286235;-1.57082,-0.406914,-1.56853
-0.00230171,-0.00398087,0.0290493;-1.54802,-0.365106,-1.56078
-0.00126206,-0.00117256,0.03003;-1.54327,-0.313573,-1.55762
3.42382e-06,0.00631429,0.0313618;-1.52761,-0.188423,-1.55594
0.00224581,0.0111462,0.0290358;-1.56234,-0.12241,-1.56721
0.00163175,0.00613152,0.0288546;-1.55879,-0.181112,-1.56705
0.00154781,0.00559359,0.0287795;-1.56587,-0.199907,-1.56508
0.00157813,0.00677668,0.0288668;-1.56,-0.143012,-1.56608
0.00196584,0.0092494,0.0290518;-1.56293,-0.107227,-1.57087
0.00299531,0.0144594,0.0303375;-1.54599,-0.0696311,-1.5683
0.00202656,0.0230269,0.0294992;-1.56796,-0.111642,-1.57226
0.00662278,0.0254474,0.0302805;-1.60079,-0.19462,-1.57368
0.010316,0.0221854,0.0288755;-1.58251,-0.259955,-1.57104
0.00879461,0.0172339,0.0290465;-1.58951,-0.223972,-1.57939
0.00655732,0.0141128,0.0303755;-1.61589,-0.130311,-1.57879
0.00534795,0.0137417,0.031999;-1.62916,-0.0579746,-1.58412
0.00407445,0.0158432,0.0325904;-1.64949,-0.0158125,-1.5778
0.00390846,0.0144301,0.0320508;-1.64578,-0.0233665,-1.57781
0.00564688,0.0139573,0.0291687;-1.59402,-0.12955,-1.57952
0.00682351,0.014864,0.0291265;-1.59439,-0.16336,-1.57804
0.00609527,0.0141445,0.0290116;-1.59186,-0.135473,-1.57391
0.00541868,0.0183857,0.030053;-1.56597,0.130872,-1.55996
0.00488048,0.0220553,0.0330459;-1.53422,0.221818,-1.53778
0.00362524,0.019388,0.0321116;-1.5485,0.175806,-1.53475
-0.00194627,0.00215982,0.0292182;-1.56336,-0.0761299,-1.55259
-0.00450398,-0.0042037,0.0292345;-1.56061,-0.17396,-1.55417
-0.00491157,-0.00512411,0.0292256;-1.55444,-0.180588,-1.5534
-0.0020458,0.00381679,0.0332775;-1.52507,-0.0899553,-1.52578
-0.00107769,0.0118702,0.0351358;-1.52294,-0.00488644,-1.51268
-0.00163343,0.0213152,0.0356776;-1.556,0.0192378,-1.49518
-0.0049444,0.0110888,0.0332788;-1.52837,-0.160687,-1.5183
-0.00728555,0.00665795,0.0307798;-1.5345,-0.213257,-1.54057
-0.00672099,0.00732885,0.0311472;-1.54082,-0.212735,-1.53135
-0.00462942,0.0138873,0.0336828;-1.51788,-0.117685,-1.51758
-0.00326197,0.0179746,0.0359803;-1.50393,-0.061395,-1.50835
-0.00259076,0.0260986,0.0373386;-1.51636,0.0261329,-1.49581
-0.00444737,0.0236943,0.0341778;-1.53211,-0.0713146,-1.51093
-0.0068368,0.0175651,0.0315176;-1.55233,-0.125882,-1.52722
-0.00882454,0.0135736,0.0298746;-1.55347,-0.179259,-1.54538
-0.00649703,0.0207535,0.0317304;-1.5371,-0.0662925,-1.53338
-0.00454976,0.0253232,0.0330853;-1.52829,0.0388986,-1.53419
-0.00354769,0.032412,0.0352688;-1.50946,0.161895,-1.52489
-0.00455048,0.0298283,0.0304113;-1.57592,0.0105491,-1.55225
-0.00347612,0.0256715,0.0289509;-1.58764,-0.1414,-1.57186
-0.00254824,0.0253237,0.0289422;-1.58773,-0.203677,-1.57557
-0.00295058,0.0247916,0.029146;-1.59332,-0.147193,-1.57942
-0.00210772,0.0270366,0.0313912;-1.60025,-0.0843579,-1.58553
-0.00214248,0.0329007,0.0379095;-1.5596,0.0215173,-1.57258
0.0011522,0.0425324,0.0326442;-1.65607,-0.0696702,-1.58064
0.00323851,0.0432267,0.0308852;-1.62297,-0.132972,-1.58457
0.00472701,0.0443565,0.0293127;-1.58627,-0.186102,-1.58935
0.00354689,0.0422686,0.029422;-1.57958,-0.158073,-1.59091
0.000620924,0.0382652,0.0309532;-1.59265,-0.0562721,-1.5918
-0.000693052,0.0360812,0.0318943;-1.55347,0.0671992,-1.60401
-0.0030394,0.0335304,0.0308284;-1.54995,0.100581,-1.58573
-0.00160277,0.0318749,0.029416;-1.55271,0.0491467,-1.56803
0.0033448,0.0332897,0.0289659;-1.57432,-0.108414,-1.56535
0.0057739,0.0310862,0.0286333;-1.57358,-0.224112,-1.57096
0.00591109,0.0314746,0.028876;-1.55924,-0.188931,-1.57139
0.00514712,0.0359569,0.0294246;-1.55619,-0.139607,-1.56947
-0.00244411,0.0446027,0.0339461;-1.49098,-0.100272,-1.5514
-0.00228225,0.0475826,0.0302046;-1.54887,-0.206704,-1.56854
0.00114774,0.0490041,0.0293437;-1.57498,-0.298379,-1.5651
0.00202777,0.0413709,0.0288478;-1.56905,-0.3637,-1.57042
0.00164019,0.0422183,0.0288398;-1.56124,-0.319681,-1.57114
0.000601189,0.0450251,0.0291892;-1.56447,-0.256657,-1.57
-0.00122585,0.0558864,0.0315633;-1.58165,-0.0899522,-1.55591
0.00092261,0.0559672,0.0307266;-1.6043,-0.1847,-1.57642
0.00388834,0.0542577,0.0303481;-1.60236,-0.241048,-1.57196
0.00784941,0.0486372,0.0291687;-1.59787,-0.354229,-1.58442
0.00591313,0.0450353,0.0302573;-1.61632,-0.282945,-1.58734
0.00271363,0.0382433,0.0312237;-1.6018,-0.198343,-1.60051
0.00145284,0.0420769,0.0408899;-1.5347,0.0490051,-1.58638
0.00341356,0.0412662,0.0421813;-1.61256,-0.000219613,-1.60496
0.0056045,0.040226,0.0350124;-1.64805,-0.061705,-1.61441
0.0123398,0.0461242,0.0351804;-1.6946,-0.177937,-1.60787
0.0128327,0.0471877,0.0361847;-1.72927,-0.178792,-1.60124
0.0108273,0.0436781,0.036985;-1.7184,-0.137083,-1.60982
0.00601987,0.0517343,0.0452579;-1.66126,0.0403864,-1.59189
0.00616192,0.0597585,0.0433963;-1.77797,-0.00992347,-1.58595
0.00697595,0.0626502,0.0408005;-1.8153,-0.0288667,-1.57737
0.0100541,0.0564171,0.0400575;-1.77166,-0.114198,-1.58202
0.00984131,0.054264,0.0391919;-1.74046,-0.112443,-1.561
0.00758074,0.053643,0.0381165;-1.73451,-0.0743026,-1.56832
0.00249318,0.0619314,0.040346;-1.80262,0.0972463,-1.55592
-0.000960632,0.0649719,0.0402462;-1.7826,0.0981255,-1.53401
-0.00204064,0.064519,0.0406538;-1.77071,0.0974159,-1.52342
-0.00272565,0.0568223,0.0367329;-1.65435,0.0624712,-1.51249
0.00357539,0.027129,0.0324206;-1.54225,-0.106458,-1.51762
0.0026592,0.0234028,0.0329349;-1.50146,-0.086401,-1.53456
0.00511271,0.0259011,0.0369262;-1.45251,0.0118379,-1.52436
0.00712921,0.0316186,0.0401697;-1.45563,0.17912,-1.50358
0.00617532,0.0266546,0.0400937;-1.44743,0.1338,-1.50463
0.00414819,0.0241402,0.0369113;-1.48797,0.0535293,-1.50786
0.00131152,0.0205283,0.0314496;-1.55309,-0.13164,-1.52881
0.000692078,0.0179271,0.0313867;-1.54236,-0.153654,-1.53474
0.00141133,0.0176889,0.0352763;-1.47957,-0.106849,-1.52169
0.0041385,0.0234124,0.0432881;-1.38009,0.0611007,-1.50367
0.00402967,0.0243614,0.0424434;-1.38334,0.018522,-1.50084
0.00139899,0.024638,0.037255;-1.46126,-0.0770323,-1.51437
-0.00350552,0.0213774,0.0286995;-1.57211,-0.312728,-1.56478
-0.00321703,0.0219684,0.0287695;-1.57172,-0.279184,-1.56228
-0.00239361,0.0248454,0.0293087;-1.57818,-0.183247,-1.56018
-0.00284887,0.0314519,0.0347285;-1.60659,0.0317263,-1.5424
-0.00399962,0.0388755,0.0370405;-1.69552,-0.0355321,-1.5423
-0.000891013,0.0366339,0.0372047;-1.71776,-0.10709,-1.56467
0.005376,0.033562,0.0294322;-1.60044,-0.253641,-1.58374
0.0071521,0.0379996,0.03248;-1.65994,-0.290644,-1.60151
0.00648112,0.03768,0.0337063;-1.68098,-0.254341,-1.60441
0.00324928,0.0402121,0.0369958;-1.67408,-0.0635727,-1.60966
-0.00347999,0.047534,0.0394778;-1.73479,-0.0727759,-1.59684
-0.00416364,0.0525039,0.0405391;-1.7874,-0.149952,-1.60413
0.000601779,0.0505252,0.0357592;-1.72085,-0.270713,-1.61647
0.00283893,0.0521223,0.0315576;-1.6421,-0.33688,-1.5997
0.00242525,0.0517782,0.0312637;-1.6377,-0.327086,-1.59533
-0.00284819,0.0570965,0.0346527;-1.69083,-0.149503,-1.5903
-0.00695885,0.0624344,0.0372021;-1.73722,-0.0437725,-1.57911
-0.00829248,0.0632195,0.0389419;-1.76721,-0.056945,-1.57474
-0.000464709,0.0477167,0.0288012;-1.57616,-0.209339,-1.57072
-0.00144656,0.0475668,0.0286057;-1.57113,-0.309194,-1.57254
-0.000873486,0.0494195,0.0286068;-1.57112,-0.37208,-1.57251
-0.00196647,0.0526583,0.0288416;-1.56474,-0.230185,-1.562
-0.00469885,0.0570734,0.0309576;-1.57274,-0.126331,-1.54387
-0.00896727,0.0574888,0.0336828;-1.59363,-0.077503,-1.52022
-0.00427559,0.0470665,0.0297597;-1.57693,-0.166938,-1.54866
-0.00318444,0.0427931,0.0287504;-1.57063,-0.220764,-1.56219
-0.00320688,0.0418191,0.0286355;-1.57235,-0.271939,-1.56936
-0.00355333,0.0457687,0.0297412;-1.5617,-0.202221,-1.54956
-0.00557421,0.0549056,0.0333592;-1.54117,-0.136208,-1.51781
-0.0115428,0.0653623,0.036314;-1.52488,-0.0918976,-1.4929
-0.0129135,0.0724885,0.0316313;-1.56462,-0.259797,-1.5216
-0.011555,0.0687219,0.0296919;-1.56497,-0.349519,-1.5429
-0.0114012,0.0662396,0.0289225;-1.56733,-0.426446,-1.55619
-0.0133787,0.0696244,0.0307077;-1.5804,-0.340223,-1.53915
-0.0161209,0.0702574,0.0348466;-1.6356,-0.20072,-1.53949
-0.016844,0.0649398,0.0381638;-1.64441,-0.0692282,-1.53442
-0.016831,0.0690259,0.0387635;-1.69071,-0.224744,-1.54285
-0.0141229,0.0708907,0.0369475;-1.68758,-0.271336,-1.56378
-0.0090785,0.0677738,0.0336398;-1.64975,-0.355003,-1.57649
-0.00860397,0.0663585,0.034073;-1.66665,-0.310316,-1.57833
-0.0109099,0.0689313,0.0381296;-1.73026,-0.218445,-1.58653
-0.0133194,0.0723987,0.0417944;-1.76302,-0.131297,-1.59815
-0.0140264,0.0648806,0.0471764;-1.78584,-0.142859,-1.58026
-0.012662,0.0655097,0.0423656;-1.82778,-0.160869,-1.59272
-0.00837861,0.0639069,0.0403713;-1.76308,-0.234039,-1.59913
-0.00722518,0.0713049,0.0343985;-1.69546,-0.293846,-1.6023
-0.0112,0.0750494,0.0355733;-1.69535,-0.229816,-1.58725
-0.0144578,0.0764504,0.0386613;-1.68775,-0.146151,-1.5787
-0.0188749,0.0655078,0.0456789;-1.6338,-0.0958501,-1.52378
-0.0182131,0.0633546,0.0421715;-1.6178,-0.164071,-1.5231
-0.0176653,0.0645923,0.0322684;-1.58466,-0.266455,-1.52349
-0.017089,0.0643173,0.028838;-1.57089,-0.378692,-1.55844
-0.0165328,0.0649312,0.0297344;-1.55435,-0.340223,-1.54417
-0.0162038,0.0672928,0.0326679;-1.51742,-0.267224,-1.52195
-0.0183935,0.0677749,0.0405669;-1.45454,-0.211861,-1.46065
-0.0184013,0.0693023,0.0398572;-1.46061,-0.288178,-1.46718
-0.0183385,0.0747501,0.0313745;-1.56975,-0.337232,-1.52604
-0.0165463,0.0698918,0.028791;-1.5618,-0.427185,-1.56505
-0.0159791,0.0709358,0.0289701;-1.55712,-0.368096,-1.55981
-0.0166104,0.0731468,0.0298266;-1.5517,-0.321329,-1.55167
-0.0228003,0.0784358,0.036751;-1.51361,-0.194758,-1.5018
-0.0220111,0.0774017,0.0374317;-1.49879,-0.263801,-1.49942
-0.0169647,0.0754474,0.030402;-1.557,-0.304727,-1.54642
-0.0171065,0.0741938,0.0287716;-1.57076,-0.442251,-1.57995
-0.0168239,0.0738462,0.0287517;-1.5707,-0.415609,-1.57892
-0.0172624,0.0740192,0.0288487;-1.57542,-0.370842,-1.58078
-0.0326619,0.0995558,0.0377151;-1.7502,-0.273765,-1.6324
-0.034674,0.10749,0.0394821;-1.80689,-0.35332,-1.65761
-0.029158,0.104736,0.0379559;-1.77032,-0.435609,-1.65696
-0.0203487,0.10624,0.0297338;-1.59298,-0.615657,-1.60181
-0.0196508,0.106277,0.0314893;-1.60885,-0.615147,-1.62312
-0.0200494,0.101264,0.0344159;-1.68204,-0.533964,-1.64846
-0.0200494,0.101264,0.0344159;-1.68204,-0.533964,-1.64846
-0.0216333,0.0985805,0.0374962;-1.74932,-0.436485,-1.6648
-0.0216333,0.0985805,0.0374962;-1.74932,-0.436485,-1.6648
