0,0,0.11;-1.57,-2.98023e-08,-1.57
0,0,0.11;-1.57,-2.98023e-08,-1.57
0,0,0.11;-1.57,-2.98023e-08,-1.57
-0.000698484,-0.000839259,0.0286151;-1.57039,-0.228549,-1.56882
-0.000177292,0.00120334,0.0286349;-1.57076,-0.153575,-1.56797
0.000188043,0.00727542,0.0289055;-1.56804,-0.0244345,-1.56347
-0.000939325,0.0123981,0.0316939;-1.62027,0.081083,-1.56502
0.000643994,-0.00521353,0.0303138;-1.56843,-0.0899963,-1.60128
0.00341703,-0.00293895,0.0324424;-1.62224,-0.181242,-1.60847
0.00858463,0.00538235,0.0341845;-1.68128,-0.279467,-1.61476
0.00638685,0.000821994,0.0351109;-1.66826,-0.182678,-1.62113
0.0053497,0.00613332,0.0340235;-1.61587,-0.0998934,-1.60587
0.00255108,0.0314899,0.0333324;-1.65938,-0.0317411,-1.58259
0.00522918,0.0405021,0.0318155;-1.63503,-0.181162,-1.5831
0.0082139,0.0388209,0.0286325;-1.57065,-0.290712,-1.5735
0.00780801,0.0393826,0.0285897;-1.57061,-0.360675,-1.57195
0.0082007,0.0396552,0.0286747;-1.57073,-0.260675,-1.57523
0.00851348,0.0434069,0.0298037;-1.55525,-0.126039,-1.56818
0.0058519,0.0520542,0.0332841;-1.59088,0.0495882,-1.55058
0.00315905,0.0356476,0.0423962;-1.4918,0.104992,-1.57254
0.00359748,0.0227087,0.0346586;-1.47994,0.029868,-1.58505
0.00164971,0.0220253,0.0289599;-1.56776,-0.0691298,-1.58656
0.00192712,0.0266862,0.0286003;-1.57192,-0.254724,-1.57129
0.00358765,0.0287304,0.0287697;-1.56521,-0.148869,-1.56648
0.0060542,0.036439,0.0297266;-1.55159,-0.0411228,-1.55542
0.00402709,0.0457459,0.0327556;-1.53522,-0.0165233,-1.52944
0.00272151,0.044245,0.0312092;-1.53027,-0.140888,-1.54737
-0.000535475,0.03502,0.0295558;-1.53774,-0.370755,-1.55721
0.000673058,0.0356302,0.0299529;-1.53481,-0.370681,-1.56005
0.00314082,0.0344533,0.0330818;-1.48751,-0.306236,-1.56019
0.00316493,0.0275552,0.0469425;-1.29086,-0.0885802,-1.55444
-0.000703642,0.0326365,0.0492877;-1.35486,0.0407862,-1.54436
0.000246915,0.0336126,0.0426013;-1.37061,-0.0554325,-1.54592
-0.00604204,0.0287026,0.0309834;-1.50282,-0.3074,-1.53926
-0.00938818,0.0242561,0.0303992;-1.51637,-0.379583,-1.53994
-0.00757077,0.0287283,0.0333151;-1.46158,-0.303156,-1.52709
-0.00280803,0.040819,0.0392333;-1.42153,-0.130351,-1.49644
-0.00365384,0.0485278,0.0404748;-1.4824,0.00399337,-1.48082
-0.00219813,0.0482335,0.0391582;-1.50416,0.0250396,-1.48934
0.00342208,0.0257718,0.0291;-1.55544,-0.136965,-1.55881
0.00122321,0.0222506,0.0289835;-1.56107,-0.251238,-1.55844
0.00104464,0.0217093,0.0287731;-1.56928,-0.283291,-1.56264
0.00415787,0.0263758,0.0288624;-1.55957,-0.0706867,-1.56736
0.00778529,0.0356973,0.0294104;-1.55964,0.0735313,-1.56202
0.00943362,0.0438237,0.0313456;-1.56176,0.205557,-1.53987
0.0144268,0.0284208,0.0287049;-1.57018,0.0707839,-1.56542
0.0116877,0.0248961,0.0285811;-1.57118,-0.0779293,-1.57047
0.0112145,0.02326,0.028598;-1.57035,-0.164813,-1.56938
0.0119287,0.0222217,0.0303275;-1.54313,0.0122295,-1.58083
0.0131133,0.0319098,0.035736;-1.50909,0.134474,-1.56495
0.010736,0.0453435,0.0421268;-1.52506,0.23677,-1.55285
0.0136356,0.0515188,0.0287791;-1.58042,-0.00720474,-1.57107
0.0141534,0.051404,0.0286746;-1.57067,-0.0874471,-1.57533
0.0141248,0.0509406,0.0285865;-1.57086,-0.106856,-1.5706
0.0166141,0.0556572,0.0286851;-1.57027,0.0938242,-1.56632
0.0203658,0.0614997,0.0291621;-1.56118,0.232215,-1.56508
0.0227461,0.0714908,0.0323228;-1.56063,0.405436,-1.53449
0.0222296,0.0519288,0.0307813;-1.54928,0.276698,-1.55247
0.019318,0.0455147,0.0292189;-1.55096,0.151586,-1.56846
0.0176646,0.0411772,0.029294;-1.56126,-0.00599617,-1.56553
0.0201355,0.0429555,0.0292817;-1.5436,0.101995,-1.56631
0.0245946,0.0498016,0.0300413;-1.55207,0.198253,-1.56496
0.0274457,0.0598486,0.031661;-1.54578,0.295401,-1.56042
0.0263947,0.0719378,0.030571;-1.60325,0.171464,-1.56757
0.0273778,0.068576,0.0286686;-1.57125,0.0906694,-1.57457
0.0265884,0.066937,0.028667;-1.57061,0.0384753,-1.57527
0.0261816,0.0664679,0.0286848;-1.57081,0.0837449,-1.5658
0.0292171,0.0688007,0.0291017;-1.55077,0.224432,-1.56909
0.0344282,0.0741093,0.0334802;-1.48478,0.35465,-1.58095
0.0386805,0.0788357,0.0395334;-1.40616,0.443121,-1.59771
0.0411237,0.0726141,0.0364977;-1.41666,0.344225,-1.62291
0.0411648,0.0711881,0.0311376;-1.53744,0.261646,-1.60267
0.0415515,0.0723287,0.0333198;-1.58849,0.139205,-1.62326
0.0427022,0.0747083,0.034824;-1.54426,0.212396,-1.64906
0.042836,0.0711938,0.0357058;-1.45967,0.337694,-1.64146
0.0479667,0.0753286,0.0455091;-1.27158,0.546514,-1.65722
0.0449916,0.0724923,0.0438686;-1.29092,0.459666,-1.64454
0.0379208,0.0692281,0.039626;-1.36095,0.337763,-1.61991
0.0261749,0.0641631,0.0326827;-1.49819,0.13185,-1.57108
0.0317987,0.068252,0.0338251;-1.49786,0.219263,-1.56799
0.0376134,0.072087,0.0373978;-1.43742,0.312478,-1.58169
0.0473372,0.0842337,0.0442876;-1.35788,0.487184,-1.57957
0.0554712,0.0792964,0.0448527;-1.40039,0.429395,-1.59409
0.0614274,0.06997,0.0398612;-1.48497,0.298453,-1.61175
0.0514101,0.0542952,0.038184;-1.62392,0.145063,-1.66382
0.0532299,0.0526511,0.0367249;-1.56944,0.20952,-1.68041
0.061442,0.0584583,0.0362842;-1.54837,0.338945,-1.66856
0.066422,0.0828196,0.0447686;-1.4821,0.583246,-1.61883
0.0697911,0.096091,0.0437706;-1.72264,0.41918,-1.55628
0.0734717,0.0990617,0.0406642;-1.74936,0.313596,-1.56558
0.0702488,0.0877894,0.0372814;-1.60435,0.202988,-1.666
0.0673907,0.0853232,0.0361348;-1.55756,0.263301,-1.67412
0.0664851,0.0848801,0.0334759;-1.56548,0.310165,-1.64275
0.0761377,0.0999959,0.0325113;-1.50027,0.599383,-1.6143
0.0753785,0.0977773,0.0296466;-1.55624,0.562607,-1.56193
0.0740747,0.0957666,0.0293302;-1.5716,0.533266,-1.55767
0.0721549,0.090073,0.0285753;-1.57074,0.357932,-1.57107
0.0727216,0.0891766,0.0287291;-1.57831,0.315727,-1.56854
0.0723725,0.0890248,0.0285711;-1.57328,0.356315,-1.5728
0.0743183,0.0885262,0.0287351;-1.56263,0.449733,-1.57208
0.0846932,0.1215,0.0309339;-1.6004,0.519142,-1.55737
0.0886876,0.129,0.0340442;-1.67408,0.412152,-1.54554
0.0872526,0.122902,0.0328842;-1.63919,0.362725,-1.57109
0.0797007,0.115115,0.0299857;-1.59845,0.42159,-1.57494
0.0775308,0.113645,0.0290905;-1.58266,0.490044,-1.57908
0.0778473,0.112509,0.0290044;-1.55793,0.546701,-1.58688
0.0938389,0.132971,0.031532;-1.5966,0.761322,-1.53321
0.0913332,0.128447,0.0338134;-1.70471,0.715135,-1.49108
0.0843478,0.118945,0.0368215;-1.71313,0.641071,-1.52012
0.077057,0.111412,0.0374572;-1.72222,0.504598,-1.53296
0.0798462,0.111931,0.0338013;-1.68749,0.494339,-1.5236
0.0758501,0.111102,0.0305049;-1.59988,0.559183,-1.57384
0.0838364,0.122057,0.0303275;-1.57345,0.785549,-1.563
0.0917504,0.128435,0.0329269;-1.67294,0.673266,-1.51121
0.0915816,0.122952,0.0311502;-1.64158,0.599091,-1.53561
0.0859119,0.119102,0.029786;-1.6103,0.617182,-1.55593
0.0846069,0.118668,0.0294521;-1.60331,0.662307,-1.55774
0.081206,0.117429,0.0291452;-1.58013,0.729783,-1.58507
0.0939029,0.123546,0.03437;-1.45926,1.03194,-1.64192
0.0910894,0.120315,0.0352307;-1.43877,1.05522,-1.63912
0.0836399,0.109765,0.0325094;-1.47991,0.973306,-1.62504
0.0778142,0.109865,0.0286834;-1.57126,0.680521,-1.57543
0.0809838,0.110344,0.0287217;-1.5741,0.589424,-1.57293
0.0808115,0.110389,0.0286818;-1.57307,0.614126,-1.57243
0.0857292,0.111195,0.0311624;-1.5021,0.784656,-1.61509
0.0948927,0.123252,0.0377457;-1.50465,0.865505,-1.61261
0.100155,0.127325,0.0418675;-1.60157,0.797584,-1.55782
0.0853819,0.108542,0.0349673;-1.6127,0.585006,-1.61114
0.080423,0.105426,0.0383998;-1.59209,0.515475,-1.66127
0.0811909,0.106168,0.0417612;-1.52813,0.590926,-1.72045
0.0850902,0.121319,0.0496272;-1.38215,0.792813,-1.76289
0.0958577,0.13159,0.0496503;-1.44304,0.9052,-1.67221
0.0992346,0.137667,0.0531102;-1.46688,0.933724,-1.64068
0.0842074,0.120267,0.0435319;-1.4009,0.721792,-1.74312
0.0751572,0.12334,0.0432819;-1.39607,0.617307,-1.77022
0.0747308,0.126571,0.043627;-1.38799,0.56781,-1.76703
0.0770002,0.123745,0.0430636;-1.30429,0.690376,-1.79946
0.0771645,0.121606,0.0480018;-1.19294,0.809208,-1.87664
0.080476,0.12701,0.0499999;-1.25224,0.962277,-1.79581
0.0763703,0.109876,0.0431795;-1.29345,0.776596,-1.8422
0.0744426,0.113652,0.0410405;-1.45123,0.696048,-1.75428
0.0778424,0.117796,0.0351664;-1.61282,0.587482,-1.61846
0.0834164,0.115742,0.0371715;-1.54225,0.74662,-1.69652
0.0969157,0.122261,0.0422126;-1.59382,0.909176,-1.62952
0.103752,0.135249,0.0451;-1.60211,1.04851,-1.59237
0.0873789,0.115135,0.0367673;-1.42845,0.80967,-1.73745
0.0848292,0.123342,0.0371164;-1.46178,0.686682,-1.70057
0.0849406,0.131144,0.0324777;-1.56024,0.551798,-1.62071
0.0900893,0.128044,0.0332331;-1.52557,0.652499,-1.64263
0.0875097,0.124625,0.0366081;-1.3813,0.846049,-1.73684
0.0851688,0.124577,0.0388272;-1.29906,1.01068,-1.78568
0.0792856,0.117816,0.0384061;-1.30913,0.8676,-1.79397
0.0745023,0.121453,0.0397828;-1.37275,0.768847,-1.76675
0.0761724,0.13375,0.0353409;-1.50145,0.641119,-1.66881
0.0840555,0.136972,0.0328442;-1.5022,0.708374,-1.64003
0.0826332,0.138704,0.0352699;-1.37743,0.800884,-1.70833
0.0851445,0.143156,0.0398287;-1.28654,0.934781,-1.76642
0.0778029,0.141512,0.0396349;-1.28393,0.970401,-1.75755
0.0719133,0.13638,0.034589;-1.37877,0.846768,-1.71354
0.0736311,0.138053,0.0292947;-1.5366,0.777467,-1.59813
0.0813567,0.139586,0.0293526;-1.59651,0.671981,-1.564
0.0784801,0.136209,0.0312804;-1.57805,0.748791,-1.60759
0.081427,0.135847,0.0328643;-1.549,0.857599,-1.64708
0.100064,0.15195,0.0382734;-1.83154,0.958875,-1.39052
0.0999777,0.148338,0.0374515;-1.77158,0.892042,-1.45344
0.0963812,0.142505,0.0346312;-1.63127,0.831813,-1.59823
0.105558,0.140256,0.0391491;-1.68722,0.740162,-1.58028
0.1056,0.137375,0.0397177;-1.69013,0.83043,-1.57649
0.112834,0.136909,0.042411;-1.59157,0.965881,-1.65498
0.130553,0.158351,0.0529867;-1.68005,1.13285,-1.52392
0.127175,0.164763,0.0546644;-1.74678,1.05052,-1.47012
0.120391,0.167289,0.0457285;-1.70063,1.01031,-1.51016
0.108904,0.169601,0.029103;-1.58416,0.863066,-1.57191
0.107025,0.169013,0.028758;-1.56791,0.918337,-1.58308
0.10597,0.168631,0.0288417;-1.57043,0.986703,-1.58369
0.119992,0.172378,0.0326636;-1.40807,1.21847,-1.72352
0.12965,0.174113,0.0359428;-1.81793,1.14233,-1.37961
0.124881,0.16805,0.0359222;-1.72755,1.06581,-1.4816
0.111559,0.151362,0.0382534;-1.63,0.810788,-1.6281
0.11584,0.145012,0.0404156;-1.5338,0.845804,-1.7198
0.121077,0.145001,0.0443643;-1.45672,0.952839,-1.76895
0.121077,0.145001,0.0443643;-1.45672,0.952839,-1.76895
0.126116,0.151077,0.0501084;-1.41427,1.07741,-1.77207
0.126116,0.151077,0.0501084;-1.41427,1.07741,-1.77207
