0,0,0.11;-1.57,-2.98023e-08,-1.57
0,0,0.11;-1.57,-2.98023e-08,-1.57
0,0,0.11;-1.57,-2.98023e-08,-1.57
-0.000732781,-0.000766854,0.0285924;-1.57082,-0.256845,-1.57012
-0.000887064,-0.00234523,0.0287019;-1.57135,-0.171879,-1.57656
-2.2329e-06,-0.0038336,0.030324;-1.57734,-0.0778427,-1.59575
0.00341133,0.00559345,0.04149;-1.75206,0.101412,-1.60586
-0.000465514,-0.00344436,0.0308616;-1.5678,0.0801692,-1.61091
-0.00289928,-0.00132795,0.028924;-1.57667,0.0329755,-1.58104
-0.00263429,0.000810571,0.0286227;-1.57109,-0.0718079,-1.57286
-0.00213972,0.000447299,0.028913;-1.56987,-0.0749887,-1.58656
-6.45725e-05,-0.00237549,0.0307881;-1.57075,-0.027446,-1.60332
0.0040484,-0.00267971,0.0383627;-1.55357,-0.0121069,-1.61271
0.00571945,0.00119909,0.0354907;-1.58329,-0.164096,-1.64588
0.00445983,0.00352236,0.033249;-1.56381,-0.21986,-1.6412
0.00457903,0.00718659,0.0308232;-1.58515,-0.253167,-1.60587
0.0049393,0.00923301,0.0289571;-1.571,-0.234931,-1.5884
0.00515765,0.00855339,0.0297524;-1.57651,-0.118241,-1.59054
0.0039807,0.0140828,0.0326101;-1.61137,0.0270886,-1.59093
0.00487215,0.0125145,0.039051;-1.6899,0.075437,-1.6212
0.00692952,0.00986564,0.0374193;-1.66558,-0.0480581,-1.63115
0.010086,0.00684416,0.0325949;-1.56525,-0.144853,-1.63428
0.00788748,0.00750682,0.0302228;-1.5793,-0.182299,-1.59931
0.00846709,0.00893351,0.0297188;-1.56844,-0.192882,-1.59713
0.00973851,0.0113236,0.0314302;-1.54531,-0.158292,-1.59421
0.0126214,0.0186881,0.0359126;-1.49526,-0.116964,-1.61109
0.0151965,0.0289046,0.0319156;-1.5976,-0.155788,-1.61434
0.0164142,0.0271862,0.030346;-1.58461,-0.151625,-1.5988
0.0156242,0.0260357,0.0307706;-1.58275,-0.138027,-1.60389
0.0150413,0.0262898,0.0301469;-1.57138,-0.14234,-1.60111
0.0175642,0.0282834,0.0328641;-1.64472,-0.14003,-1.59088
0.0183491,0.0257519,0.0361826;-1.64054,-0.122222,-1.57731
0.015801,0.0191106,0.0336363;-1.65529,-0.179973,-1.58398
0.0147323,0.00271108,0.0289175;-1.57381,-0.160363,-1.58422
0.0153447,0.00449961,0.0290599;-1.58147,-0.184084,-1.58514
0.0166415,0.0126814,0.0317709;-1.58183,-0.26437,-1.61797
0.0180719,0.038485,0.0313139;-1.59587,-0.242501,-1.60284
0.017491,0.05457,0.0356183;-1.69556,-0.13931,-1.58767
0.0156395,0.0582041,0.034574;-1.68214,-0.0911225,-1.57823
0.0150747,0.0504002,0.0288862;-1.57046,-0.124951,-1.58538
0.0148604,0.0475716,0.0287648;-1.57238,-0.0748652,-1.5781
0.0150413,0.0475486,0.0290176;-1.57878,-0.0785304,-1.58427
0.0174686,0.0546343,0.0327066;-1.5672,-0.174887,-1.63317
0.0169279,0.0578005,0.035625;-1.5806,-0.143317,-1.62175
0.0165872,0.0604205,0.0424161;-1.59735,-0.0720155,-1.59998
0.0135386,0.0524491,0.028727;-1.57071,-0.112673,-1.57765
0.0129069,0.0529229,0.0287402;-1.57094,-0.137452,-1.57827
0.0123288,0.0544639,0.0286909;-1.57079,-0.198628,-1.57616
0.0163202,0.0640295,0.0316706;-1.58774,-0.308525,-1.61722
0.0180565,0.0670966,0.0352432;-1.67535,-0.297384,-1.62687
0.021959,0.0735287,0.0387383;-1.77473,-0.273121,-1.63341
0.0162796,0.0602597,0.0305824;-1.61164,-0.283517,-1.59141
0.0156211,0.0548983,0.0286996;-1.56944,-0.244783,-1.57622
0.0154303,0.0556708,0.0286986;-1.57182,-0.134836,-1.56402
0.0149629,0.058319,0.0293292;-1.56374,-0.143836,-1.59104
0.0175185,0.0697021,0.0349683;-1.50531,-0.129807,-1.60871
0.0208985,0.105839,0.0422819;-1.64559,-0.0840684,-1.61471
0.0192095,0.124523,0.0328443;-1.62949,-0.102947,-1.60158
0.0183981,0.12205,0.0289196;-1.57217,-0.126296,-1.58549
0.0182861,0.122048,0.0287063;-1.56472,-0.141995,-1.56977
0.0184702,0.121568,0.0286453;-1.57043,-0.13539,-1.57429
0.0188902,0.121617,0.0297306;-1.59387,-0.133533,-1.58369
0.0205288,0.124614,0.0361916;-1.70475,-0.122837,-1.58799
0.0220519,0.126069,0.0367765;-1.72987,-0.168118,-1.60653
0.0201435,0.124463,0.0356376;-1.71079,-0.152461,-1.59938
0.0145923,0.109934,0.0291855;-1.57517,-0.051967,-1.58724
0.0140943,0.103492,0.0285838;-1.57071,0.130851,-1.57098
0.013985,0.105259,0.029039;-1.56343,0.109614,-1.58689
0.0159999,0.116328,0.03116;-1.55672,0.072914,-1.59804
0.0333937,0.149884,0.037891;-1.75493,-0.0632223,-1.58722
0.0357041,0.150608,0.0369095;-1.742,-0.114521,-1.59488
0.0342384,0.145693,0.0339442;-1.67084,-0.128287,-1.59715
0.0240565,0.128145,0.0288766;-1.57736,0.040374,-1.57839
0.0234405,0.126219,0.0288284;-1.56931,0.1244,-1.58405
0.0251114,0.12415,0.0290474;-1.55534,0.20521,-1.58292
0.0391545,0.144294,0.0418335;-1.48839,0.358219,-1.62705
0.0487993,0.170869,0.0404916;-1.71611,0.316,-1.55299
0.0557546,0.177443,0.0336549;-1.65856,0.216049,-1.57156
0.0554429,0.172643,0.0306706;-1.60999,0.191711,-1.58587
0.0544104,0.172719,0.0339833;-1.64303,0.224855,-1.58877
0.0485011,0.167557,0.0341651;-1.61689,0.31024,-1.60907
0.0674602,0.182564,0.0381923;-1.72915,0.210208,-1.5622
0.0754971,0.189029,0.0370908;-1.7434,0.124157,-1.55255
0.0760978,0.186622,0.034732;-1.69758,0.0972257,-1.56293
0.0637457,0.171611,0.0331059;-1.64532,0.248753,-1.57783
0.0569874,0.169245,0.0364907;-1.67824,0.337925,-1.57905
0.0478772,0.163326,0.0343359;-1.59796,0.444924,-1.62466
0.0538503,0.173045,0.0403475;-1.57952,0.513977,-1.61696
0.0605371,0.182589,0.0409214;-1.60791,0.394847,-1.59733
0.0676922,0.189361,0.0300978;-1.58798,0.27519,-1.58703
0.0713079,0.191028,0.0295388;-1.59321,0.192939,-1.57758
0.0693606,0.188156,0.0317627;-1.62393,0.251051,-1.57836
0.0689564,0.186023,0.0353971;-1.68721,0.274305,-1.56691
0.0668448,0.193148,0.0421446;-1.8265,0.415124,-1.4942
0.0675415,0.19821,0.0383876;-1.76764,0.4075,-1.50675
0.068324,0.198217,0.0328154;-1.65639,0.381545,-1.54816
0.075837,0.202247,0.0290787;-1.58284,0.224081,-1.5802
0.077046,0.201714,0.0301848;-1.60268,0.208218,-1.57768
0.0724252,0.195658,0.0330135;-1.61859,0.28542,-1.59736
0.0657324,0.190671,0.0366199;-1.65161,0.396415,-1.59948
0.0700042,0.197716,0.0419051;-1.70401,0.439361,-1.55088
0.0740933,0.20367,0.0337721;-1.68347,0.307662,-1.54034
0.076933,0.204969,0.0288115;-1.56864,0.178617,-1.58417
0.0777752,0.205981,0.0288362;-1.57647,0.131812,-1.57649
0.0752365,0.203451,0.0292689;-1.59329,0.196473,-1.57803
0.0691159,0.198493,0.0332447;-1.6304,0.301994,-1.58606
0.0672097,0.200164,0.0416851;-1.69658,0.582021,-1.5703
0.0680683,0.207822,0.0407332;-1.68273,0.548903,-1.56525
0.0726496,0.21286,0.0313294;-1.60051,0.429252,-1.5857
0.0750821,0.216707,0.0285996;-1.56989,0.235119,-1.5709
0.0743156,0.216043,0.028787;-1.57258,0.269577,-1.57904
0.0700328,0.21228,0.030032;-1.60225,0.341211,-1.57461
0.0663308,0.203824,0.0430421;-1.70499,0.520558,-1.55069
0.0707932,0.210726,0.0437715;-1.75511,0.461898,-1.52467
0.073683,0.21542,0.0346276;-1.66252,0.394818,-1.56563
0.0743966,0.218767,0.0285962;-1.57068,0.278306,-1.57159
0.0747721,0.219165,0.0286106;-1.56988,0.2565,-1.57158
0.0737125,0.218442,0.0289467;-1.5738,0.29782,-1.58433
0.0673027,0.210086,0.0376406;-1.68195,0.492718,-1.56819
0.0656094,0.207718,0.0398496;-1.71618,0.512747,-1.55597
0.0636263,0.204112,0.0384462;-1.69955,0.479044,-1.56765
0.0578452,0.203183,0.0294433;-1.58956,0.403085,-1.57669
0.0592198,0.204683,0.0290084;-1.58312,0.37083,-1.5754
0.0612154,0.20579,0.0288188;-1.57067,0.315959,-1.58215
0.0638651,0.210257,0.0322853;-1.60249,0.516422,-1.58293
0.0713304,0.224123,0.0388105;-1.69665,0.572721,-1.53888
0.0781414,0.232403,0.037702;-1.71577,0.521763,-1.53869
0.0773106,0.228869,0.0325618;-1.57485,0.453759,-1.62917
0.0789907,0.230723,0.0294334;-1.5866,0.424154,-1.57829
0.0825364,0.233951,0.0291393;-1.58386,0.377106,-1.58041
0.0859163,0.235406,0.0296028;-1.59758,0.320423,-1.5671
0.0834147,0.232582,0.0358033;-1.69826,0.3981,-1.52028
0.0792266,0.229035,0.0409903;-1.72404,0.433626,-1.51871
0.0736748,0.219717,0.0328804;-1.59416,0.46625,-1.61446
0.0730101,0.219564,0.03214;-1.59253,0.475002,-1.6053
0.0744927,0.223152,0.0304216;-1.58664,0.440183,-1.59052
0.0888666,0.235826,0.0298782;-1.59604,0.280864,-1.57594
0.0893533,0.236017,0.0315057;-1.63016,0.308206,-1.56063
0.0903736,0.234416,0.0346935;-1.65624,0.363107,-1.56225
0.0933029,0.233701,0.0318999;-1.62086,0.314445,-1.57839
0.0908368,0.230141,0.0307513;-1.57484,0.313663,-1.60642
0.0931036,0.230482,0.0301213;-1.58734,0.296306,-1.58923
0.102853,0.24129,0.0314265;-1.60095,0.201654,-1.59178
0.109897,0.249453,0.0324112;-1.65025,0.24855,-1.55582
0.110612,0.258071,0.0353817;-1.69499,0.41423,-1.52399
0.102026,0.261878,0.0291981;-1.57557,0.479228,-1.58469
0.0984114,0.25943,0.0290316;-1.57828,0.515563,-1.58246
0.0994213,0.259643,0.0290493;-1.58158,0.492694,-1.57854
0.110031,0.263886,0.0336031;-1.61133,0.379433,-1.60637
0.115603,0.268158,0.0359269;-1.69999,0.341573,-1.54857
0.120675,0.268958,0.0372418;-1.7443,0.325436,-1.51196
0.118465,0.262463,0.0302307;-1.61674,0.248978,-1.55919
0.117011,0.259994,0.0289008;-1.57251,0.27021,-1.58404
0.113152,0.256561,0.0288925;-1.57581,0.388251,-1.57916
0.115053,0.257486,0.0310226;-1.57403,0.398934,-1.611
0.119998,0.26013,0.0346399;-1.63127,0.392261,-1.59687
0.130071,0.266761,0.0375677;-1.69703,0.39066,-1.56539
0.14134,0.275713,0.0338141;-1.68615,0.348748,-1.53385
0.140746,0.274096,0.0291159;-1.59163,0.313235,-1.57049
0.140262,0.272831,0.0286565;-1.5704,0.319197,-1.57484
0.140535,0.270869,0.0290709;-1.57956,0.392832,-1.58269
0.141418,0.2706,0.0308738;-1.57062,0.378633,-1.61291
0.146721,0.273325,0.0350048;-1.6386,0.385351,-1.59087
0.174673,0.290609,0.0374435;-1.76162,0.380435,-1.50363
0.174134,0.292322,0.0334006;-1.67716,0.361194,-1.53714
0.166003,0.289417,0.0289099;-1.57028,0.412075,-1.58703
0.164511,0.285662,0.028612;-1.56883,0.579701,-1.57209
0.164806,0.285706,0.0289413;-1.57006,0.574513,-1.58823
0.170814,0.287802,0.0312651;-1.58413,0.50972,-1.60277
0.193913,0.29311,0.0388198;-1.79281,0.387162,-1.48915
0.194775,0.294204,0.0375251;-1.75899,0.326993,-1.51461
0.190217,0.291674,0.0324798;-1.65865,0.30519,-1.54797
0.180596,0.284056,0.0286007;-1.57099,0.502108,-1.57215
0.180039,0.281228,0.0285995;-1.57173,0.634435,-1.57197
0.180526,0.281531,0.0292865;-1.56622,0.65461,-1.59378
0.205659,0.299112,0.0387386;-1.75107,0.754214,-1.4941
0.216171,0.304555,0.0375242;-1.74767,0.698518,-1.48884
0.219068,0.30362,0.0341165;-1.69256,0.632449,-1.51741
0.205076,0.301009,0.0290671;-1.59202,0.720529,-1.56432
0.20038,0.300429,0.0289719;-1.5803,0.83888,-1.57596
0.200014,0.300009,0.0288765;-1.57034,0.846436,-1.58559
0.200014,0.300009,0.0288765;-1.57034,0.846436,-1.58559
0.208098,0.302383,0.0306254;-1.59234,0.762167,-1.57947
0.208098,0.302383,0.0306254;-1.59234,0.762167,-1.57947
