0,0,0.11;-1.57,-2.98023e-08,-1.57
0,0,0.11;-1.57,-2.98023e-08,-1.57
0,0,0.11;-1.57,-2.98023e-08,-1.57
-0.000701096,-0.0015582,0.0285944;-1.57252,-0.223222,-1.57081
-0.000118462,-0.000792528,0.0285929;-1.57068,-0.156076,-1.57017
0.000710962,0.000467705,0.0288607;-1.56327,-0.0731882,-1.56412
0.00090162,0.00569539,0.0294512;-1.56353,0.0537705,-1.55992
0.0008204,0.0047502,0.0285799;-1.57075,-0.0228026,-1.57079
0.000641564,0.00447904,0.0285802;-1.57075,-0.0907344,-1.5709
0.000603818,0.00447953,0.0285873;-1.57113,-0.0808154,-1.57053
0.000302804,0.00503541,0.0285834;-1.57051,-0.0402142,-1.57091
0.00144817,0.00568638,0.0288882;-1.5601,0.0182895,-1.5668
0.00371117,0.00844424,0.0299228;-1.55006,0.124367,-1.56373
0.0048194,0.0106892,0.0289675;-1.55768,0.113873,-1.5665
0.00374869,0.0100325,0.0286595;-1.57088,0.0366454,-1.56696
0.00318415,0.00944199,0.0285916;-1.57031,0.00421773,-1.57124
0.00354998,0.0090724,0.028585;-1.57064,0.0340287,-1.57115
0.00405474,0.00884063,0.0286377;-1.56783,0.0764031,-1.57094
0.00491744,0.00871579,0.0293187;-1.56199,0.141391,-1.56656
0.00310259,0.0086988,0.0296934;-1.56315,0.164326,-1.55854
0.000764922,0.00388229,0.0289165;-1.56086,0.089521,-1.56537
-0.000314587,0.00283391,0.0286762;-1.57081,0.0202389,-1.56617
7.67219e-05,0.00369007,0.0285793;-1.57082,0.0684063,-1.5708
0.000525875,0.00327511,0.0285798;-1.57083,0.110733,-1.57092
0.00156687,0.00370224,0.0287427;-1.56413,0.184358,-1.57063
0.000494596,0.00211991,0.0294274;-1.56316,0.223336,-1.56231
-0.0023151,-0.00462998,0.0288309;-1.56802,0.143561,-1.56205
-0.00619803,-0.010816,0.0285793;-1.57078,-0.115134,-1.57083
-0.00618082,-0.0106131,0.0286645;-1.57089,-0.106272,-1.56656
-0.00640229,-0.00934362,0.0286253;-1.57097,-0.057235,-1.56851
-0.00153138,0.000874505,0.0297946;-1.55207,0.14966,-1.56031
-0.00115108,0.0137312,0.0321942;-1.55688,0.237867,-1.53121
-0.00152434,0.0122997,0.0330912;-1.55012,0.170551,-1.52216
-0.00783431,-0.00418468,0.0292694;-1.54895,-0.0892024,-1.55704
-0.00947853,-0.00665846,0.0292147;-1.5465,-0.152697,-1.56011
-0.0093012,-0.00599962,0.0291191;-1.55403,-0.1447,-1.55885
-0.00745213,-0.00330247,0.0310129;-1.51933,-0.105906,-1.55605
-0.00300245,0.0039562,0.0345916;-1.47961,0.0215833,-1.54392
-0.0019018,0.00886029,0.0366164;-1.47778,0.0695194,-1.5236
-0.00757577,0.00120164,0.0316066;-1.5177,-0.0840177,-1.54539
-0.0109149,-0.00235368,0.0294582;-1.5412,-0.140149,-1.55751
-0.0105505,-0.00170955,0.0294294;-1.53615,-0.123132,-1.55916
-0.0083895,0.000829623,0.0310541;-1.5193,-0.0494466,-1.55535
-0.00681026,0.00268373,0.0339345;-1.48687,0.0160907,-1.54479
-0.00562269,0.00643671,0.036181;-1.48703,0.0878009,-1.52385
-0.00747985,0.00402814,0.0322101;-1.51991,-0.00176728,-1.54037
-0.0103102,0.000974574,0.0293614;-1.54553,-0.0650817,-1.55634
-0.0105622,0.000436703,0.0294646;-1.53649,-0.0655557,-1.55939
-0.00877533,0.00192035,0.0299856;-1.53445,-0.0169449,-1.56025
-0.00496841,0.00744075,0.0321511;-1.52194,0.0716128,-1.54786
-0.00476077,0.0116961,0.0342011;-1.52662,0.191153,-1.52877
-0.0129286,-0.00116531,0.0322336;-1.52721,0.0117543,-1.54042
-0.0168714,-0.00673957,0.0292657;-1.54158,-0.0703949,-1.56449
-0.0166344,-0.00640456,0.0292081;-1.54571,-0.0573801,-1.56377
-0.0114851,-0.00188206,0.0290302;-1.54886,0.159288,-1.57378
-0.00900267,5.37684e-05,0.0289767;-1.55675,0.270621,-1.56866
-0.0079882,0.00350135,0.0299772;-1.56293,0.384824,-1.55711
-0.0174392,-0.0106679,0.031362;-1.57021,0.225779,-1.5311
-0.023928,-0.021387,0.0288834;-1.56648,0.0822831,-1.56094
-0.0276412,-0.025291,0.0288314;-1.56353,-0.0540019,-1.56555
-0.0278009,-0.025043,0.0286287;-1.57092,-0.022149,-1.56835
-0.0265519,-0.0236012,0.0286002;-1.56966,0.0614437,-1.57097
-0.0236029,-0.0206958,0.0290269;-1.56208,0.202362,-1.57016
-0.024145,-0.0110487,0.0318452;-1.56861,0.272929,-1.52893
-0.0235894,-0.0137564,0.030182;-1.5757,0.142279,-1.5436
-0.0253224,-0.0210278,0.0287526;-1.57071,0.0286495,-1.56233
-0.0266266,-0.0225534,0.0285806;-1.57066,-0.0353306,-1.57069
-0.0264299,-0.0225209,0.0285818;-1.57071,-0.0199562,-1.57091
-0.025417,-0.0224486,0.0288112;-1.56132,0.0382579,-1.56949
-0.0226639,-0.0178253,0.0318277;-1.53813,0.241841,-1.55682
-0.0225552,-0.0195857,0.0317007;-1.54031,0.199008,-1.55316
-0.0238534,-0.0202166,0.0289398;-1.57105,0.159153,-1.56043
-0.0254718,-0.0215849,0.0286107;-1.56945,0.0909187,-1.5706
-0.0250298,-0.0215314,0.0286848;-1.56706,0.129036,-1.56978
-0.0243882,-0.0209502,0.0286422;-1.56965,0.161348,-1.56831
-0.0232269,-0.017561,0.0307739;-1.56407,0.397092,-1.55051
-0.0283668,-0.0234831,0.0304646;-1.56522,0.348739,-1.5494
-0.0316065,-0.0265487,0.0293004;-1.5698,0.276753,-1.55922
-0.0322297,-0.0275865,0.0286715;-1.57064,0.247098,-1.56652
-0.031975,-0.0269111,0.0285802;-1.57072,0.292362,-1.57072
-0.0314695,-0.0263425,0.0285771;-1.57074,0.356426,-1.57103
-0.0313172,-0.0280803,0.0306526;-1.55436,0.563275,-1.56011
-0.03539,-0.0307917,0.0326158;-1.52909,0.509862,-1.5584
-0.0433845,-0.0347495,0.0316475;-1.53926,0.399207,-1.55412
-0.0519234,-0.0401819,0.0292013;-1.54516,0.265567,-1.57192
-0.0483608,-0.0383637,0.0291789;-1.54193,0.362934,-1.57868
-0.0448143,-0.0370512,0.0291225;-1.54157,0.483253,-1.58452
-0.036417,-0.0320242,0.0334895;-1.48557,0.745714,-1.60099
-0.0437841,-0.0357402,0.0349365;-1.51771,0.695147,-1.54653
-0.0517239,-0.0399202,0.0358211;-1.51475,0.606198,-1.53215
-0.0697455,-0.0507819,0.0297645;-1.53914,0.356812,-1.57045
-0.069446,-0.0517235,0.0292384;-1.53894,0.381818,-1.57988
-0.0677813,-0.050959,0.0291838;-1.54389,0.409058,-1.57664
-0.0533042,-0.0412246,0.0324313;-1.51939,0.651155,-1.57101
-0.0542107,-0.0389042,0.0354861;-1.51804,0.678569,-1.53866
-0.0547226,-0.0371491,0.0376038;-1.52347,0.683509,-1.51089
-0.0559372,-0.0429833,0.0327762;-1.56022,0.465734,-1.5161
-0.0610392,-0.0465501,0.0293379;-1.53775,0.407327,-1.57712
-0.0605051,-0.0464805,0.0296359;-1.53328,0.415151,-1.57882
-0.055024,-0.0434882,0.032218;-1.50631,0.488853,-1.57907
-0.0501796,-0.036328,0.037142;-1.49911,0.726711,-1.54943
-0.0555314,-0.0393574,0.0395558;-1.45369,0.670457,-1.56479
-0.0552749,-0.0395422,0.0375694;-1.47348,0.614233,-1.55482
-0.0612528,-0.043789,0.0311513;-1.52648,0.513779,-1.56989
-0.0617023,-0.0441587,0.0297098;-1.53496,0.517578,-1.58062
-0.0581251,-0.042073,0.0297312;-1.5479,0.568098,-1.56964
-0.0559644,-0.038566,0.0351113;-1.52146,0.817779,-1.55198
-0.0669072,-0.0418034,0.0361476;-1.52482,0.803814,-1.53448
-0.0753848,-0.0429354,0.0351672;-1.527,0.690583,-1.53002
-0.0808893,-0.047311,0.0298047;-1.54584,0.597328,-1.56991
-0.0737687,-0.0451021,0.0288984;-1.56454,0.71555,-1.56441
-0.0694981,-0.0438428,0.028675;-1.57087,0.851266,-1.56623
-0.0694318,-0.0405899,0.0309223;-1.57024,1.05058,-1.5481
-0.0797687,-0.040173,0.0341352;-1.5604,0.988849,-1.52188
-0.0918132,-0.0411526,0.0363386;-1.51048,0.871828,-1.54187
-0.1073,-0.0455884,0.0293851;-1.55099,0.645596,-1.57393
-0.107511,-0.0462989,0.0289163;-1.55215,0.661486,-1.5806
-0.103704,-0.0458108,0.0286738;-1.56985,0.757918,-1.56769
-0.0920966,-0.0438725,0.0295165;-1.55283,1.08275,-1.57989
-0.0893304,-0.0394535,0.0320669;-1.55793,1.14833,-1.54512
-0.0978747,-0.0373177,0.035824;-1.56541,1.05691,-1.49524
-0.112024,-0.043674,0.0315225;-1.56819,0.797141,-1.52926
-0.120369,-0.0464559,0.0290045;-1.55379,0.727784,-1.57432
-0.120966,-0.0467241,0.0287688;-1.56637,0.717042,-1.56801
-0.118641,-0.0454032,0.0291007;-1.56429,0.812344,-1.5683
-0.115977,-0.0420118,0.0306411;-1.5695,0.968857,-1.55098
-0.115853,-0.0368858,0.0337039;-1.58429,1.01586,-1.50345
-0.110867,-0.0320718,0.0336764;-1.59499,0.864063,-1.48543
-0.110349,-0.0356455,0.0312549;-1.57434,0.808493,-1.52811
-0.112521,-0.0373255,0.0288132;-1.56826,0.783203,-1.56407
-0.111872,-0.037235,0.028788;-1.57035,0.818163,-1.56502
-0.109795,-0.0349721,0.0298265;-1.56497,0.917712,-1.56207
-0.111792,-0.0321633,0.0324799;-1.56862,1.00479,-1.53441
-0.114069,-0.0286859,0.0338094;-1.53848,0.890993,-1.53724
-0.112152,-0.0300446,0.0316029;-1.57031,0.848148,-1.52641
-0.103459,-0.0301161,0.0288519;-1.56229,0.937053,-1.56967
-0.0989487,-0.0297581,0.0286995;-1.57104,1.0601,-1.56478
-0.0972777,-0.0285599,0.0298375;-1.56276,1.12998,-1.56168
-0.0981563,-0.0259743,0.032123;-1.57598,1.26742,-1.52676
-0.120347,-0.0227716,0.035369;-1.52684,1.1156,-1.53549
-0.123748,-0.0241547,0.0332695;-1.55442,1.01296,-1.52092
-0.12567,-0.0254145,0.0310662;-1.52702,0.998368,-1.57762
-0.104904,-0.0277494,0.0290861;-1.5317,1.23411,-1.59594
-0.0952949,-0.0263078,0.0305201;-1.53019,1.3626,-1.58388
-0.0923769,-0.0242694,0.0331169;-1.47584,1.46935,-1.61565
-0.111424,-0.0213117,0.0378192;-1.49007,1.29107,-1.54944
-0.117778,-0.0193595,0.036738;-1.48578,1.1464,-1.5571
-0.127612,-0.0179001,0.0346647;-1.49471,1.03059,-1.56916
-0.126975,-0.0183334,0.0311464;-1.44462,1.04225,-1.67473
-0.122565,-0.0187654,0.0311651;-1.45396,1.09478,-1.66469
-0.117317,-0.0192597,0.0331557;-1.3993,1.18387,-1.70512
-0.125332,-0.01572,0.0372681;-1.42295,1.10283,-1.63027
-0.128504,-0.0142946,0.0370559;-1.43996,1.01151,-1.60662
-0.12974,-0.013261,0.0368078;-1.44529,0.971614,-1.60375
-0.129285,-0.0156995,0.0326515;-1.39499,1.02778,-1.71539
-0.117125,-0.0181769,0.0320119;-1.44289,1.15408,-1.66669
-0.10431,-0.0198916,0.0319587;-1.43319,1.29927,-1.67632
-0.100313,-0.0156023,0.037006;-1.30417,1.41742,-1.75819
-0.102667,-0.0141869,0.0366217;-1.53411,1.31829,-1.52146
-0.107011,-0.0138052,0.0354508;-1.60392,1.17134,-1.45039
-0.101627,-0.01837,0.0310826;-1.53129,1.1848,-1.57377
-0.0943837,-0.0184238,0.0292201;-1.57999,1.26673,-1.54465
-0.0927674,-0.0176776,0.0288205;-1.55801,1.31149,-1.57481
-0.099228,-0.0141121,0.0326155;-1.61593,1.41974,-1.48523
-0.105726,-0.0118046,0.0342223;-1.50114,1.35533,-1.58111
-0.10297,-0.00758436,0.0340283;-1.55914,1.30494,-1.51561
-0.0967936,-0.00912163,0.0290698;-1.57521,1.27903,-1.55492
-0.0916715,-0.00895899,0.0287906;-1.58129,1.36422,-1.552
-0.0885579,-0.00574547,0.0286232;-1.56809,1.5062,-1.5712
-0.0943605,-0.0031571,0.0304732;1.71611,1.52958,1.43729
-0.10972,-0.00284081,0.0337376;-1.84772,1.48755,-1.23545
-0.123264,-0.00112224,0.0343066;-1.69793,1.36923,-1.36951
-0.129548,-0.00480756,0.0322945;-1.54018,1.31048,-1.55134
-0.12179,-0.00538117,0.0288293;-1.58338,1.41373,-1.54826
-0.118203,-0.00348759,0.0286216;-1.55255,1.53273,-1.58623
-0.116506,-0.00200919,0.0295681;1.53111,1.36336,1.61257
-0.120068,-0.00147239,0.0312684;1.65978,1.4211,1.50696
-0.126822,-0.00351799,0.0336385;2.71368,1.53475,0.488261
-0.141257,-0.0080587,0.0338814;-1.57378,1.34245,-1.50038
-0.142673,-0.00951959,0.0306744;-1.56345,1.3323,-1.54604
-0.140486,-0.00899458,0.0287943;-1.58301,1.37326,-1.55079
-0.140486,-0.00899458,0.0287943;-1.58301,1.37326,-1.55079
-0.138274,-0.0100285,0.028724;-1.51079,1.48017,-1.62904
-0.138274,-0.0100285,0.028724;-1.51079,1.48017,-1.62904
