0,0,0.11;-1.57,-2.98023e-08,-1.57
0,0,0.11;-1.57,-2.98023e-08,-1.57
0,0,0.11;-1.57,-2.98023e-08,-1.57
-0.00128261,0.00183163,0.0286117;-1.57059,-0.273212,-1.57215
-0.000106278,0.000311816,0.0287205;-1.57016,-0.192408,-1.57748
0.00161481,-0.00196546,0.0287183;-1.57008,-0.0837831,-1.57701
0.00579975,-0.00822513,0.0297182;-1.55986,0.127383,-1.58729
0.00677606,0.00764502,0.0337736;-1.5713,-0.0898531,-1.63037
0.00715208,0.00951087,0.0324948;-1.57623,-0.259817,-1.62764
0.00807163,0.0148016,0.0310161;-1.57269,-0.404207,-1.61265
0.00459146,0.00568408,0.0286622;-1.57058,-0.236813,-1.57472
0.00491644,0.00322388,0.028622;-1.57075,-0.139613,-1.57278
0.00501281,0.000989409,0.0286291;-1.57078,-0.0546595,-1.57308
0.00570809,-0.00228525,0.0286122;-1.57048,0.10511,-1.57208
0.004693,-0.00165259,0.0286329;-1.56845,0.0498462,-1.57079
0.002156,-0.000780444,0.0289093;-1.55642,-0.0703849,-1.57097
-0.00352206,0.00763921,0.0303547;-1.57001,-0.368316,-1.601
-0.0044821,0.00123126,0.0320658;-1.57921,-0.31938,-1.62592
-0.00566193,-0.0107859,0.0331197;-1.58216,-0.186234,-1.63318
-0.00486957,-0.0296567,0.0288704;-1.56985,0.0306508,-1.58395
-0.00518918,-0.0278353,0.0287022;-1.57063,-0.0247423,-1.57665
-0.00382515,-0.0246764,0.0286487;-1.5719,-0.13245,-1.57316
-0.00334412,-0.0202708,0.0285792;-1.57089,-0.323588,-1.57071
-0.00345445,-0.0212458,0.0288743;-1.55771,-0.321116,-1.56464
-0.00365508,-0.0224537,0.0291728;-1.55238,-0.316685,-1.56358
-0.000417387,-0.0260969,0.0292864;-1.55168,-0.266053,-1.56986
0.00732732,-0.034836,0.0302402;-1.55532,-0.138803,-1.59222
0.00786213,-0.0353891,0.0321552;-1.54489,-0.120606,-1.60789
0.00182353,-0.0274075,0.030118;-1.56406,-0.242672,-1.59456
0.000302998,-0.0216592,0.028688;-1.57068,-0.330669,-1.5757
0.0016605,-0.0236876,0.0298776;-1.53223,-0.280418,-1.55851
0.00354791,-0.0228763,0.0317711;-1.49812,-0.221885,-1.54914
0.00686606,-0.018299,0.0331541;-1.47559,-0.127228,-1.54458
0.00629265,-0.0102313,0.0361882;-1.5037,-0.083842,-1.49718
0.0022202,-0.0127984,0.0370844;-1.47817,-0.137562,-1.49031
-0.00219639,-0.0156501,0.0381025;-1.43005,-0.215494,-1.49279
0.0017835,-0.0164909,0.037565;-1.39955,-0.41815,-1.51139
0.00797424,-0.0183791,0.0376498;-1.40738,-0.335629,-1.52688
0.0149013,-0.0203466,0.0375603;-1.39647,-0.19328,-1.53313
0.0184469,-0.0105218,0.0387839;-1.47578,-0.00562298,-1.48792
0.0156409,-0.0112149,0.0392703;-1.49177,-0.0517708,-1.46842
0.0133106,-0.0127214,0.0402258;-1.46576,-0.11903,-1.4648
0.0154183,-0.0142411,0.0399464;-1.45944,-0.194723,-1.46258
0.0163679,-0.0115337,0.040273;-1.46156,-0.184322,-1.45534
0.0182428,-0.00476925,0.0396896;-1.48063,-0.096549,-1.45889
0.0208432,-0.00676934,0.0376791;-1.63064,0.196971,-1.47624
0.0177847,-0.0027411,0.0391665;-1.63938,0.19393,-1.48726
0.0141108,0.00539673,0.0373156;-1.6099,0.112944,-1.49921
0.0139827,0.0209129,0.0361638;-1.577,-0.0409513,-1.49056
0.0187035,0.0252413,0.0349872;-1.54199,-0.0811307,-1.49607
0.0271009,0.0288705,0.0331417;-1.55741,-0.178905,-1.51818
0.0384564,0.0150626,0.0296872;-1.57946,-0.18329,-1.58664
0.040864,0.0111383,0.0304549;-1.56705,-0.120966,-1.60016
0.0427078,0.0126587,0.0288954;-1.56227,-0.0619922,-1.57654
0.0377356,0.0249585,0.0293548;-1.56582,-0.161118,-1.56334
0.0361273,0.0283579,0.0302105;-1.59572,-0.195237,-1.56657
0.0357232,0.0276293,0.0321182;-1.62282,-0.211667,-1.565
0.0318504,-0.00230673,0.0307843;-1.55425,-0.115413,-1.55101
0.0342119,-0.012324,0.0334685;-1.49465,-0.106286,-1.53902
0.0369144,-0.006671,0.0296615;-1.55442,-0.0377767,-1.55825
0.0386237,-0.00278738,0.0290306;-1.55334,0.0267666,-1.57521
0.0376097,-0.000798471,0.0290759;-1.55104,-0.0232786,-1.57484
0.0374955,0.00858431,0.0294277;-1.5712,-0.162437,-1.56936
0.0365044,0.00741411,0.0315768;-1.57939,-0.256298,-1.52616
0.0336722,0.000448071,0.033662;-1.58689,-0.206324,-1.51103
0.0354691,-0.0188342,0.0374855;-1.4636,-0.140254,-1.50492
0.0354737,-0.0169644,0.0394909;-1.45599,-0.10284,-1.47781
0.0318786,-0.0157018,0.0385117;-1.472,-0.173704,-1.47132
0.0318592,-0.0173976,0.0400466;-1.41877,-0.266836,-1.46674
0.0371668,-0.0224739,0.0400004;-1.37435,-0.414832,-1.47023
0.0382839,-0.0297167,0.0403582;-1.36981,-0.405809,-1.46055
0.0397634,-0.0387234,0.0372548;-1.39407,-0.407522,-1.48099
0.047063,-0.0247907,0.0354579;-1.49867,-0.231865,-1.49066
0.045981,-0.0163783,0.0355863;-1.50754,-0.216713,-1.49472
0.046631,-0.011283,0.036631;-1.49117,-0.317151,-1.49139
0.0494694,0.000887493,0.0392502;-1.52944,-0.3914,-1.51353
0.0471692,0.00745341,0.0378218;-1.56933,-0.328424,-1.50967
0.0404658,0.0120895,0.0329779;-1.58995,-0.191749,-1.53071
0.0430408,0.0112466,0.036323;-1.52506,-0.165544,-1.47561
0.0426935,0.0112149,0.0394315;-1.49798,-0.165477,-1.45262
0.041474,0.0090257,0.0415289;-1.49625,-0.177177,-1.43775
0.0421679,0.00359663,0.0417155;-1.49474,-0.254746,-1.41927
0.0409386,0.00371447,0.0412214;-1.52648,-0.243963,-1.42051
0.0378522,0.00449681,0.0409321;-1.57723,-0.229779,-1.44654
0.0478949,0.00855992,0.04002;-1.66135,-0.130726,-1.49537
0.048724,0.00904111,0.0433548;-1.64381,-0.148776,-1.51779
0.0461679,0.0104722,0.0445125;-1.63422,-0.134419,-1.52206
0.0306331,0.0121456,0.0464823;-1.56085,-0.230787,-1.50789
0.0253318,0.0193362,0.0468637;-1.52789,-0.311094,-1.52733
0.0259334,0.0271794,0.0473076;-1.48473,-0.424819,-1.51727
0.0206394,0.0424684,0.0434628;-1.60904,-0.416383,-1.58523
0.0191647,0.0428125,0.0292748;-1.55983,-0.311518,-1.57443
0.0226234,0.0379286,0.0297759;-1.57878,-0.204571,-1.58926
0.0314652,0.0325772,0.0311837;-1.59336,-0.211932,-1.60526
0.0321787,0.033056,0.0329403;-1.60515,-0.245367,-1.62445
0.0290486,0.0335727,0.0357942;-1.65195,-0.257169,-1.6417
0.029697,0.0389128,0.0393266;-1.74635,-0.346279,-1.67527
0.0385699,0.0380476,0.0455375;-1.88384,-0.394487,-1.72602
0.0503667,0.0221349,0.0482421;-1.78643,-0.248692,-1.7
0.0672364,0.0068889,0.0348342;-1.57892,-0.0939099,-1.61437
0.051665,0.0178732,0.0293605;-1.56479,-0.0181352,-1.58189
0.0416242,0.0284516,0.0298054;-1.58091,-0.12161,-1.59067
0.0421335,0.0322373,0.0306087;-1.59289,-0.171884,-1.60072
0.0475436,0.0273131,0.0384327;-1.7153,-0.176263,-1.63964
0.0493213,0.0255335,0.0425743;-1.80483,-0.182977,-1.65185
0.0560482,0.018972,0.0441461;-1.80895,-0.14034,-1.63289
0.0824562,0.00288504,0.0393855;-1.58993,0.0260907,-1.61546
0.0718116,0.0128094,0.0336314;-1.55456,0.0753078,-1.61579
0.0537215,0.0322091,0.0308079;-1.56687,0.0400782,-1.60515
0.0456483,0.0502418,0.0293183;-1.57265,-0.112245,-1.58439
0.0464971,0.0481779,0.029299;-1.57353,-0.118702,-1.58152
0.0490366,0.0463418,0.030004;-1.58959,-0.1536,-1.58266
0.0670749,0.0526569,0.0385688;-1.6469,-0.313881,-1.62798
0.070559,0.0544633,0.0432048;-1.62792,-0.327221,-1.59239
0.0621357,0.0597115,0.0474544;-1.61676,-0.3348,-1.59071
0.0493461,0.0794319,0.042675;-1.51069,-0.197658,-1.61516
0.0424998,0.0849089,0.0403782;-1.463,-0.20317,-1.60736
0.0356588,0.0870771,0.0371386;-1.45678,-0.207613,-1.57548
0.0385737,0.0903285,0.0389739;-1.43697,-0.198248,-1.58017
0.0440351,0.0975989,0.039641;-1.47806,-0.241385,-1.61112
0.0536445,0.1038,0.043249;-1.49998,-0.266059,-1.63173
0.046704,0.114845,0.0476071;-1.52836,-0.32701,-1.62412
0.0550719,0.120735,0.0426454;-1.54503,-0.360734,-1.66907
0.0663417,0.122849,0.0433829;-1.56087,-0.398968,-1.66996
0.061726,0.113038,0.0425667;-1.50937,-0.508836,-1.67816
0.0542616,0.102164,0.041403;-1.4944,-0.4485,-1.66229
0.0459464,0.0952342,0.0395407;-1.48388,-0.392936,-1.63708
0.0539893,0.0902429,0.0373529;-1.464,-0.290597,-1.605
0.0568228,0.0904915,0.038236;-1.47366,-0.285603,-1.61838
0.0588457,0.0920412,0.0395122;-1.48752,-0.295679,-1.64542
0.0602041,0.104837,0.0376103;-1.50602,-0.454807,-1.63201
0.0560519,0.104761,0.0379706;-1.50617,-0.494456,-1.63608
0.0544902,0.102372,0.0373571;-1.50943,-0.471517,-1.63226
0.0593935,0.103264,0.0358901;-1.51428,-0.479591,-1.61785
0.0555984,0.109218,0.0361481;-1.54204,-0.580509,-1.64123
0.051519,0.117396,0.0354878;-1.58094,-0.671815,-1.6678
0.0465656,0.127677,0.0288833;-1.56146,-0.825956,-1.57229
0.0471222,0.1276,0.0289007;-1.58443,-0.841545,-1.5882
0.0519017,0.126516,0.0291144;-1.57279,-0.845848,-1.57632
0.0585962,0.120998,0.0289105;-1.57511,-0.734571,-1.58617
0.0594669,0.118484,0.0298743;-1.58395,-0.683825,-1.6033
0.0599733,0.117279,0.0327314;-1.58752,-0.662416,-1.64024
0.0618623,0.124476,0.0351225;-1.58902,-0.694359,-1.66311
0.0592865,0.128594,0.0337578;-1.58733,-0.740977,-1.64806
0.0585815,0.128119,0.0333527;-1.59159,-0.756265,-1.64453
0.0645669,0.108464,0.0293459;-1.56361,-0.563591,-1.57518
0.0662265,0.104924,0.028798;-1.55956,-0.538565,-1.56409
0.0657044,0.104914,0.0286516;-1.56772,-0.56878,-1.56821
0.062291,0.107207,0.0290684;-1.55691,-0.668299,-1.57505
0.0595861,0.112275,0.0294256;-1.56741,-0.713765,-1.58906
0.0589581,0.114602,0.032016;-1.57418,-0.729307,-1.62436
0.0704314,0.100942,0.0377656;-1.59871,-0.619092,-1.69764
0.071851,0.0923664,0.0367405;-1.59037,-0.583308,-1.68331
0.072979,0.0828303,0.033793;-1.57761,-0.571032,-1.64347
0.0581756,0.0864346,0.0291539;-1.55287,-0.726605,-1.55918
0.0556989,0.0879287,0.0288634;-1.55109,-0.81004,-1.55639
0.053531,0.0882957,0.028816;-1.55328,-0.898512,-1.55719
0.0572022,0.0870188,0.0291218;-1.55426,-0.790284,-1.57071
0.0676946,0.0778725,0.0310779;-1.52854,-0.650051,-1.56736
0.0782385,0.0733474,0.0326677;-1.52107,-0.523911,-1.58179
0.0792802,0.0809091,0.0366297;-1.52543,-0.496883,-1.61494
0.0680185,0.0986341,0.0378902;-1.53668,-0.536746,-1.60788
0.0563137,0.117691,0.0332193;-1.68889,-0.631353,-1.64419
0.0506843,0.126298,0.0297601;-1.54635,-0.690668,-1.53996
0.0521352,0.116463,0.0297984;-1.54591,-0.608342,-1.54363
0.0572755,0.104674,0.0296584;-1.53545,-0.528184,-1.54677
0.061555,0.10112,0.0314963;-1.49855,-0.489027,-1.53176
0.062388,0.103657,0.0328158;-1.46981,-0.537312,-1.51497
0.0675228,0.105994,0.0325365;-1.48806,-0.547197,-1.53423
0.0678874,0.121854,0.0334636;-1.52757,-0.587848,-1.57165
0.0670797,0.129066,0.0331643;-1.5862,-0.596174,-1.5907
0.0631428,0.129715,0.0364245;-1.61283,-0.544608,-1.5866
0.0556698,0.124301,0.0316355;-1.51902,-0.470368,-1.54372
0.0515418,0.122232,0.0315578;-1.5116,-0.524441,-1.53881
0.0484202,0.130603,0.0295554;-1.53745,-0.619606,-1.55055
0.0529348,0.137611,0.0300987;-1.54146,-0.761105,-1.55575
0.0529007,0.139071,0.0297281;-1.56922,-0.733837,-1.58082
0.0540041,0.131254,0.0328554;-1.59374,-0.638659,-1.6287
0.0758893,0.108322,0.0415088;-1.64915,-0.587346,-1.67635
0.0852184,0.1009,0.0435201;-1.61112,-0.614548,-1.65321
0.0908335,0.0987837,0.0362208;-1.62511,-0.690659,-1.68218
0.0908335,0.0987837,0.0362208;-1.62511,-0.690659,-1.68218
0.0893228,0.103933,0.0336999;-1.59288,-0.78503,-1.6488
0.0893228,0.103933,0.0336999;-1.59288,-0.78503,-1.6488
