0,0,0.11;-1.57,-2.98023e-08,-1.57
0,0,0.11;-1.57,-2.98023e-08,-1.57
0,0,0.11;-1.57,-2.98023e-08,-1.57
-0.00120472,-0.00198751,0.0287019;-1.56622,-0.293986,-1.56702
-0.000927054,-0.00091067,0.0285948;-1.56985,-0.254773,-1.57041
-0.000212232,0.00141972,0.0289711;-1.55947,-0.165068,-1.56391
-0.000593002,0.00763255,0.0353474;-1.68993,0.0253579,-1.58227
0.000488543,0.00128745,0.0289706;-1.5729,0.023548,-1.58699
0.00132779,0.00376038,0.0290516;-1.58442,-0.0678498,-1.58073
0.0026169,0.00593494,0.0286974;-1.57252,-0.187281,-1.57498
0.0029965,0.0070044,0.0287237;-1.56471,-0.263622,-1.56804
0.00424212,0.00976884,0.0292101;-1.56494,-0.20733,-1.56162
0.00477135,0.0167247,0.0321728;-1.59218,-0.0954832,-1.53547
0.00283181,0.0134058,0.0294978;-1.57186,-0.08399,-1.55675
0.00219888,0.0112288,0.0286427;-1.57069,-0.0708714,-1.56772
0.00221274,0.0109898,0.0286631;-1.57444,-0.0587755,-1.57138
0.00273668,0.0125847,0.0290427;-1.57275,-0.0564282,-1.59082
0.00270927,0.0202538,0.0300335;-1.58428,-0.0790448,-1.58903
0.00633262,0.0386692,0.0341753;-1.66477,-0.0790434,-1.5803
0.00704462,0.0420117,0.0328252;-1.62328,-0.0647003,-1.55626
0.00746372,0.0298857,0.0288611;-1.56555,-0.171948,-1.56547
0.00640299,0.0256507,0.0287299;-1.57059,-0.221384,-1.56355
0.00631139,0.0244423,0.0286732;-1.57088,-0.243265,-1.56636
0.0074967,0.0255178,0.0287777;-1.56139,-0.160314,-1.57068
0.0106827,0.0314086,0.0327065;-1.50243,-0.0790481,-1.5732
0.0114139,0.0420687,0.0354088;-1.45131,-0.0030281,-1.56536
0.0122247,0.0453686,0.0287032;-1.56759,0.0330424,-1.57351
0.0125327,0.0428126,0.0286483;-1.57075,-0.0346363,-1.56749
0.0125826,0.0415916,0.0287177;-1.57529,-0.0924712,-1.56902
0.0127232,0.0421143,0.028689;-1.57077,-0.0737051,-1.56563
0.0140506,0.0484982,0.0324162;-1.50244,-0.0104112,-1.55934
0.0139503,0.0549502,0.0348624;-1.47816,0.045949,-1.55342
0.0166033,0.0426532,0.0313733;-1.51414,0.0232348,-1.56495
0.0146203,0.0348158,0.0285801;-1.57096,-0.154149,-1.57105
0.0153989,0.0345452,0.0288605;-1.58401,-0.22865,-1.57312
0.0154782,0.0345812,0.0286945;-1.57157,-0.222533,-1.56604
0.0155695,0.0365368,0.0303791;-1.52729,-0.207075,-1.56023
0.0178882,0.0400725,0.034443;-1.45563,-0.152002,-1.55157
0.0187305,0.0405839,0.0343835;-1.45544,-0.13675,-1.55228
0.0161211,0.0371716,0.0286952;-1.57089,-0.291117,-1.56528
0.0165334,0.036174,0.0286807;-1.5715,-0.343473,-1.56651
0.0164804,0.0363565,0.0286385;-1.57092,-0.339926,-1.568
0.0178446,0.0374401,0.0293072;-1.55768,-0.281908,-1.5768
0.0168212,0.0468374,0.0329592;-1.50019,-0.203054,-1.55793
0.0106311,0.0606379,0.0366257;-1.49672,-0.214733,-1.55369
0.00413241,0.081736,0.028728;-1.57081,-0.393318,-1.56354
0.00386127,0.0796176,0.0286323;-1.57071,-0.436602,-1.5684
0.00384835,0.0780735,0.0286709;-1.57087,-0.471919,-1.56647
0.00508742,0.0793243,0.0286653;-1.56727,-0.34104,-1.57112
0.00383586,0.0870486,0.0320694;-1.51435,-0.285656,-1.56228
-0.00504041,0.110924,0.0383035;-1.59288,-0.210345,-1.60707
-0.00435959,0.124421,0.033801;-1.61868,-0.311188,-1.63104
-0.00320968,0.120347,0.0301449;-1.57355,-0.325158,-1.59938
-0.00356523,0.118744,0.0289532;-1.57844,-0.343533,-1.58391
-0.0039017,0.119982,0.0288081;-1.57054,-0.379005,-1.58167
-0.00237348,0.117953,0.0292286;-1.57462,-0.312704,-1.57374
0.00105321,0.111413,0.0321353;-1.53234,-0.182728,-1.54985
0.0135015,0.0901087,0.0294268;-1.55148,-0.162488,-1.5695
0.0127691,0.0904146,0.028826;-1.57103,-0.203729,-1.58281
0.0130519,0.0909102,0.028915;-1.5784,-0.233317,-1.58117
0.0115634,0.0962544,0.0313387;-1.56841,-0.271263,-1.61541
0.00748111,0.10473,0.033602;-1.56323,-0.231978,-1.6233
0.00103601,0.128801,0.03827;-1.62406,-0.200066,-1.62709
-0.00305822,0.133983,0.0317481;-1.62196,-0.133768,-1.59121
0.00173479,0.120998,0.0287986;-1.56538,-0.220099,-1.56444
0.00200384,0.117932,0.0286096;-1.57153,-0.293197,-1.5689
0.0018629,0.117965,0.0286362;-1.57082,-0.367402,-1.57339
-9.47346e-05,0.12381,0.029342;-1.55966,-0.39552,-1.58538
-0.00695072,0.153866,0.0331395;-1.61028,-0.369306,-1.62408
-0.0103958,0.184214,0.0390087;-1.76831,-0.419218,-1.67767
-0.0103788,0.183202,0.0371336;-1.73612,-0.442946,-1.66238
-0.0108351,0.176016,0.0308258;-1.60512,-0.438212,-1.60426
-0.0104445,0.172836,0.028579;-1.57092,-0.472689,-1.57085
-0.0103893,0.173569,0.0285873;-1.57033,-0.427792,-1.57032
-0.00944754,0.175357,0.0288202;-1.56365,-0.355055,-1.56317
-0.0197121,0.21475,0.0362918;-1.73275,-0.322075,-1.63493
-0.0208647,0.225007,0.0366409;-1.74321,-0.384265,-1.6434
-0.0177983,0.224429,0.032786;-1.67192,-0.422504,-1.62235
-0.0156609,0.216199,0.0301824;-1.58781,-0.413044,-1.59949
-0.0161977,0.212268,0.0299959;-1.58135,-0.36393,-1.59918
-0.0177512,0.205075,0.0297072;-1.57269,-0.27127,-1.59455
-0.0146665,0.197888,0.0365618;-1.67549,-0.0628069,-1.60429
-0.0145972,0.197701,0.036138;-1.66053,-0.138627,-1.58764
-0.0130366,0.190533,0.0288083;-1.55431,-0.233725,-1.56524
-0.0133405,0.19302,0.0288128;-1.57595,-0.385971,-1.57901
-0.0130764,0.191621,0.0290342;-1.5775,-0.349912,-1.58875
-0.0120204,0.189168,0.0310035;-1.56659,-0.257631,-1.61117
-0.0171458,0.213469,0.0407753;-1.6958,0.000748366,-1.65008
-0.0181086,0.212755,0.0430873;-1.73472,0.0206941,-1.65186
-0.01728,0.194165,0.0298637;-1.57474,0.00699132,-1.59153
-0.0166706,0.189738,0.0285804;-1.57098,-0.161738,-1.5711
-0.0164236,0.190264,0.0285786;-1.57093,-0.229291,-1.5708
-0.0167024,0.190345,0.0285825;-1.57073,-0.250871,-1.57071
-0.0176552,0.207359,0.0364932;-1.51114,-0.0765423,-1.57543
-0.0194605,0.219001,0.0399924;-1.67455,-0.0619885,-1.63282
-0.0189943,0.224099,0.0367193;-1.6484,-0.0698835,-1.63501
-0.0208029,0.218305,0.0291639;-1.57624,-0.137135,-1.58432
-0.0219526,0.217453,0.0288692;-1.57935,-0.199234,-1.57804
-0.0219876,0.218432,0.028678;-1.5707,-0.228763,-1.57539
-0.0217969,0.219369,0.0287411;-1.56441,-0.249737,-1.57141
-0.018196,0.234489,0.0376113;-1.64744,-0.287311,-1.6025
-0.0195455,0.248875,0.0334562;-1.67927,-0.345852,-1.61485
-0.0177058,0.250338,0.0293397;-1.56953,-0.392182,-1.59301
-0.01606,0.253768,0.030676;-1.58628,-0.448585,-1.60819
-0.0164271,0.253632,0.0332033;-1.57748,-0.422244,-1.64007
-0.0176716,0.250816,0.0325576;-1.5803,-0.355965,-1.63009
-0.0218615,0.2658,0.0379912;-1.70124,-0.193809,-1.63642
-0.0246191,0.272628,0.0345741;-1.67834,-0.203389,-1.60652
-0.0215782,0.270613,0.0285868;-1.57142,-0.318601,-1.57027
-0.0213473,0.268468,0.0286954;-1.57071,-0.431336,-1.57626
-0.0211803,0.267544,0.0288908;-1.57472,-0.376554,-1.58321
-0.0211751,0.266936,0.0301054;-1.58897,-0.332574,-1.59873
-0.0196496,0.287217,0.0402038;-1.7823,-0.187086,-1.63565
-0.0223108,0.286197,0.039721;-1.74328,-0.153782,-1.64161
-0.0238651,0.27641,0.0349699;-1.64032,-0.114292,-1.62376
-0.0244538,0.266706,0.0286992;-1.57313,-0.0763119,-1.57421
-0.0242447,0.26541,0.028576;-1.57074,-0.00841917,-1.57058
-0.023872,0.2655,0.0285806;-1.57082,0.0192698,-1.57083
-0.0202356,0.269686,0.0350692;-1.499,0.0698906,-1.58702
-0.0189945,0.28208,0.0390827;-1.6002,0.0478246,-1.59757
-0.0159863,0.298061,0.0365312;-1.71169,-0.0456817,-1.59614
-0.0159396,0.298211,0.0289227;-1.57933,-0.106303,-1.57957
-0.016123,0.297756,0.028784;-1.57776,-0.113622,-1.57444
-0.0162568,0.297199,0.0285782;-1.57073,-0.0770809,-1.5708
-0.0142266,0.301151,0.0299197;-1.56082,-0.068255,-1.56626
-0.0130881,0.308834,0.0337177;-1.51743,-0.0931562,-1.55095
-0.0134309,0.309274,0.0301391;-1.54634,-0.164454,-1.56033
-0.0154119,0.302251,0.0285833;-1.57075,-0.340695,-1.57048
-0.015162,0.301772,0.0286166;-1.571,-0.366648,-1.5692
-0.0155638,0.301801,0.0287846;-1.57952,-0.321882,-1.57516
-0.0156985,0.300679,0.0305353;-1.5641,-0.0755009,-1.59691
-0.0193657,0.312074,0.0338355;-1.59944,0.0743646,-1.59267
-0.0218477,0.321851,0.0340565;-1.65123,0.077768,-1.58827
-0.016933,0.319529,0.0286925;-1.56994,-0.241639,-1.56552
-0.0184376,0.315581,0.0287451;-1.56438,-0.406871,-1.56567
-0.0192925,0.313901,0.0286107;-1.57047,-0.481683,-1.56884
-0.0183089,0.317057,0.0287211;-1.57039,-0.352698,-1.56404
-0.0185807,0.323519,0.0302121;-1.58836,-0.221633,-1.56858
-0.0237744,0.332353,0.0387653;-1.75861,-0.0588979,-1.58676
-0.0284783,0.320639,0.0287123;-1.56171,0.0308103,-1.58602
-0.0285143,0.321667,0.0286045;-1.57221,-0.0217679,-1.57357
-0.0301592,0.320104,0.028627;-1.57085,-0.178814,-1.56813
-0.0306832,0.318525,0.0285862;-1.57067,-0.295453,-1.57027
-0.0303652,0.319572,0.0297805;-1.57666,-0.279771,-1.55623
-0.0313518,0.321495,0.0338865;-1.62436,-0.212249,-1.54046
-0.0307972,0.313479,0.0286513;-1.57187,-0.286243,-1.56656
-0.0306289,0.311994,0.0285748;-1.57081,-0.240932,-1.57063
-0.0309709,0.310908,0.0288114;-1.57709,-0.187282,-1.57684
-0.030935,0.311417,0.0289419;-1.57055,-0.153926,-1.58788
-0.0303201,0.323406,0.0295046;-1.57286,-0.139944,-1.57999
-0.0297278,0.342001,0.0315772;-1.60898,-0.0955156,-1.57563
-0.0232652,0.342932,0.0286049;-1.57025,-0.227604,-1.56897
-0.0231293,0.340749,0.0286439;-1.56901,-0.303021,-1.56722
-0.023137,0.339552,0.0287025;-1.57156,-0.326995,-1.56542
-0.0233159,0.340453,0.0285773;-1.57089,-0.310217,-1.57084
-0.0215887,0.342427,0.0299254;-1.54422,-0.243169,-1.57024
-0.020607,0.356037,0.0359692;-1.46088,-0.145485,-1.56745
-0.0250168,0.382693,0.0354833;-1.67477,-0.0871696,-1.60617
-0.0212984,0.36849,0.0285673;-1.56832,-0.203556,-1.57073
-0.0216898,0.367287,0.0285766;-1.57091,-0.266508,-1.5709
-0.0210762,0.365293,0.0286491;-1.5708,-0.340576,-1.56744
-0.0206642,0.366447,0.028723;-1.56397,-0.291129,-1.56823
-0.0187964,0.366154,0.0305191;-1.53045,-0.221185,-1.5652
-0.0144086,0.367081,0.0352222;-1.46851,-0.164679,-1.57825
-0.0131525,0.368511,0.0290891;-1.56852,-0.226768,-1.58134
-0.0123274,0.368066,0.0290095;-1.588,-0.266773,-1.57931
-0.0125125,0.368278,0.028681;-1.5725,-0.295047,-1.56714
-0.0124486,0.369175,0.0285895;-1.5704,-0.24722,-1.57013
-0.0120797,0.369749,0.0290011;-1.55255,-0.235485,-1.56943
-0.00628818,0.386715,0.0356941;-1.45583,-0.20898,-1.56782
-0.00750218,0.388085,0.0327464;-1.49801,-0.264677,-1.56382
-0.00769469,0.390442,0.0286762;-1.56595,-0.321048,-1.56906
-0.00865702,0.389173,0.0286099;-1.5702,-0.382516,-1.5695
-0.00840766,0.389856,0.0285803;-1.57084,-0.347564,-1.57066
-0.00752143,0.391816,0.028597;-1.57003,-0.26606,-1.57023
-0.0119769,0.412785,0.0329039;-1.62903,-0.0142306,-1.56191
-0.0102797,0.419481,0.0337142;-1.67598,-0.0556325,-1.57981
-0.00610899,0.414581,0.0285769;-1.57066,-0.152359,-1.57047
-0.00858459,0.409228,0.0286893;-1.56528,-0.339659,-1.5687
-0.00870485,0.40906,0.0285802;-1.57079,-0.361654,-1.57069
-0.00749434,0.4088,0.0287567;-1.56359,-0.294631,-1.57016
-0.00749434,0.4088,0.0287567;-1.56359,-0.294631,-1.57016
-0.00384307,0.405969,0.0306262;-1.53024,-0.172903,-1.5676
-0.00384307,0.405969,0.0306262;-1.53024,-0.172903,-1.5676
