0,0,0.11;-1.57,-2.98023e-08,-1.57
0,0,0.11;-1.57,-2.98023e-08,-1.57
0,0,0.11;-1.57,-2.98023e-08,-1.57
-0.00120931,-0.00330867,0.0286907;-1.56711,-0.244679,-1.56719
9.78116e-05,-0.000708005,0.0286016;-1.57072,-0.128159,-1.56973
0.000635112,0.00474319,0.0291653;-1.57137,0.00441189,-1.55856
0.000544539,0.0148339,0.0347198;-1.68907,0.0781623,-1.57275
0.00635348,0.0205018,0.0342358;-1.60868,-0.0886299,-1.63313
0.00601951,0.0210216,0.0313577;-1.5942,-0.139043,-1.60773
0.00606326,0.0222175,0.0290208;-1.5824,-0.175759,-1.5825
0.00762815,0.0225814,0.0286637;-1.57098,0.00383086,-1.56644
0.0103557,0.029257,0.0292024;-1.56893,0.120772,-1.55656
0.0105477,0.0409285,0.0314619;-1.57937,0.277065,-1.52892
0.0139422,0.045177,0.0295517;-1.59728,0.299943,-1.56563
0.017665,0.0461053,0.0310497;-1.56575,0.194214,-1.61533
0.0190015,0.0456389,0.0337399;-1.58266,0.105212,-1.63758
0.0165603,0.0458283,0.0309614;-1.569,0.106068,-1.61121
0.0154455,0.0450144,0.0293536;-1.56199,0.206063,-1.58411
0.0185826,0.0490086,0.0301886;-1.55501,0.342145,-1.56063
0.0240996,0.0635978,0.030071;-1.56835,0.546397,-1.55768
0.0254918,0.0628685,0.0292197;-1.55783,0.443789,-1.58041
0.0271166,0.0674497,0.0293942;-1.55921,0.305991,-1.59415
0.0338942,0.0755761,0.0337511;-1.58006,0.165329,-1.63889
0.0331874,0.0754486,0.0333837;-1.56231,0.227247,-1.64048
0.0312288,0.0730166,0.0322954;-1.55121,0.332794,-1.62117
0.0321346,0.0753162,0.0291104;-1.57876,0.460555,-1.56062
0.0340289,0.0773998,0.0286911;-1.57075,0.457819,-1.56518
0.0318051,0.0768034,0.0286383;-1.56782,0.344904,-1.57165
0.0315719,0.0769225,0.0285797;-1.5711,0.317539,-1.57092
0.0315132,0.0758043,0.0286866;-1.57065,0.375679,-1.57595
0.0343685,0.0792791,0.0301775;-1.60295,0.545592,-1.55157
0.0385351,0.0881125,0.0346593;-1.71695,0.672697,-1.47591
0.0437137,0.0942686,0.0333988;-1.70045,0.719531,-1.48528
0.0423866,0.0939931,0.0285952;-1.56949,0.680868,-1.57138
0.0408145,0.0934789,0.0286379;-1.56759,0.62207,-1.57231
0.0409568,0.0934809,0.028604;-1.57135,0.627448,-1.56876
0.0436255,0.0939616,0.0288538;-1.56775,0.765768,-1.56701
0.0488616,0.0975783,0.0310874;-1.59166,0.92648,-1.53048
0.0523102,0.100486,0.0303895;-1.60874,1.04105,-1.52408
0.0566044,0.100847,0.0289283;-1.58221,0.976451,-1.57147
0.0578501,0.100901,0.0287601;-1.57523,0.909263,-1.57312
0.0579519,0.101177,0.0286794;-1.57072,0.881461,-1.57557
0.0579661,0.0994212,0.0287007;-1.56465,1.03173,-1.57295
0.057885,0.100064,0.0292383;-1.55672,1.14556,-1.57833
0.051379,0.0981372,0.0310675;-1.43912,1.30213,-1.68855
0.0594993,0.0986202,0.0336398;-1.36166,1.21167,-1.79713
0.0705963,0.108063,0.0307612;-1.55694,1.08862,-1.61913
0.0783422,0.108446,0.0303176;-1.57909,0.946431,-1.59378
0.0711022,0.106063,0.02903;-1.57103,1.05261,-1.58707
0.0680554,0.105949,0.0289557;-1.57153,1.12859,-1.56719
0.0712898,0.108029,0.0305165;-1.55173,1.20812,-1.5603
0.0742977,0.107818,0.028674;-1.55622,1.20067,-1.58511
0.0760063,0.109693,0.028865;-1.55926,1.12946,-1.58984
0.0787493,0.111245,0.0289502;-1.56255,1.02134,-1.58996
0.0801726,0.112067,0.0286416;-1.57148,0.971897,-1.5729
0.0805983,0.112879,0.0293144;-1.59839,1.00233,-1.54021
0.0825906,0.115192,0.0321867;-1.66809,1.03296,-1.46739
0.0811735,0.11344,0.0287302;-1.5712,0.996949,-1.56274
0.0806315,0.113245,0.0285998;-1.57088,0.961244,-1.56974
0.0814367,0.113888,0.0286437;-1.57058,0.902265,-1.57389
0.0830384,0.114998,0.0288212;-1.57098,0.824774,-1.5821
0.0826718,0.115064,0.0287379;-1.57148,0.85959,-1.57031
0.0830702,0.115629,0.0302976;-1.57498,0.904354,-1.53902
0.0871282,0.116837,0.0304923;-1.61887,0.956046,-1.51876
0.0864666,0.115107,0.028706;-1.5804,0.909453,-1.5633
0.086404,0.114756,0.0286753;-1.57073,0.895301,-1.57543
0.0868483,0.11541,0.0285663;-1.57165,0.837531,-1.57005
0.0863392,0.114562,0.0286684;-1.57027,0.874211,-1.57648
0.0855155,0.113707,0.0296599;-1.55774,0.976965,-1.5852
0.0675599,0.110547,0.0341874;-1.3551,1.25238,-1.7427
0.0665859,0.110181,0.0311795;-1.44341,1.19351,-1.6753
0.0686684,0.11137,0.0288905;-1.56531,1.11717,-1.58847
0.0779281,0.112336,0.0330957;-1.59903,0.987525,-1.60344
0.0720292,0.112201,0.0322166;-1.56436,1.06283,-1.63215
0.0666103,0.111,0.0312293;-1.54823,1.16296,-1.63369
0.054025,0.102598,0.0392983;-1.26934,1.368,-1.84144
0.0354204,0.0968896,0.0375554;-1.05082,1.24313,-2.06202
0.0326632,0.098715,0.0370341;-1.1266,1.18873,-1.99809
0.0456669,0.110572,0.0288041;-1.56579,1.01516,-1.58354
0.0445516,0.109442,0.0295561;-1.56983,1.0404,-1.59192
0.0436332,0.109113,0.0303063;-1.57725,1.07228,-1.59123
0.0512885,0.109899,0.0396823;-1.9313,1.19591,-1.20854
0.0601593,0.107027,0.0379322;-1.91855,1.20148,-1.22587
0.0537447,0.0970488,0.0327606;-1.36,1.20604,-1.78034
0.0476158,0.0999243,0.0404578;-1.23782,1.12103,-1.93981
0.0524539,0.104649,0.035169;-1.33699,1.09303,-1.80906
0.061155,0.108789,0.0303922;-1.5291,1.0795,-1.58469
0.0630879,0.110882,0.0355626;-1.60142,1.21391,-1.47137
0.0622003,0.108156,0.0335853;-1.56269,1.22715,-1.52911
0.0528975,0.10065,0.0317046;-1.30883,1.29565,-1.81917
0.05218,0.104002,0.0373821;-1.24905,1.16255,-1.90339
0.0577869,0.108288,0.0350685;-1.35233,1.11076,-1.79414
0.0635467,0.111816,0.0305065;-1.46645,1.0669,-1.66434
0.0695039,0.119514,0.0366882;-1.41379,1.32042,-1.6562
0.0640362,0.119676,0.0350021;-1.16042,1.39486,-1.93132
0.0620792,0.118901,0.0352435;-1.05764,1.39692,-2.03241
0.0559356,0.118342,0.03495;-1.31486,1.24928,-1.8489
0.0674846,0.111353,0.033245;-1.57736,1.15053,-1.61259
0.068456,0.115275,0.0352642;-1.3942,1.23165,-1.78765
0.0698237,0.12214,0.0342608;-1.18629,1.35951,-1.93752
0.075168,0.133086,0.0350524;-1.96707,1.53903,-1.10157
0.0750413,0.132495,0.0325988;-1.81996,1.53092,-1.27285
0.0725856,0.128776,0.0304817;-1.61144,1.42867,-1.5088
0.0639416,0.124508,0.0296845;-1.61307,1.26868,-1.54062
0.063598,0.123374,0.0300587;-1.6261,1.34215,-1.53178
0.0696645,0.123983,0.0315064;-1.89353,1.4268,-1.24636
0.0892021,0.133424,0.0371538;2.55917,1.42123,0.621056
0.0908791,0.13505,0.0341296;2.02325,1.45224,1.16565
0.0884805,0.13551,0.0311502;1.49879,1.48112,1.68741
0.0836735,0.136307,0.0289077;-1.74595,1.5441,-1.38418
0.0779108,0.134686,0.0294417;-1.72602,1.48948,-1.40452
0.0743423,0.133368,0.0309153;-1.80831,1.47732,-1.31185
0.0805299,0.134114,0.0398684;2.64057,1.36684,0.53269
0.0893198,0.135878,0.0390235;2.47936,1.3119,0.668599
0.0840948,0.13957,0.0337045;2.00962,1.34321,1.13217
0.0809747,0.143075,0.0288878;1.57378,1.53656,1.58266
0.0786517,0.143625,0.0292949;0.180549,1.54735,2.97259
0.0737478,0.145137,0.0301358;-1.10092,1.51519,-2.01928
0.0850274,0.143606,0.034225;1.87739,1.42738,1.32368
0.0946015,0.14495,0.0368932;2.11877,1.29863,1.05881
0.0994854,0.144225,0.0363556;2.01594,1.26813,1.11696
0.105044,0.137606,0.0348393;1.78072,1.45171,1.29213
0.107421,0.135292,0.0321989;1.8823,1.51099,1.21839
0.10704,0.130465,0.0290336;-1.85482,1.54451,-1.29468
0.104973,0.130272,0.0328529;0.774345,1.49748,2.39599
0.109347,0.133636,0.0344499;1.62386,1.39412,1.5715
0.115799,0.136431,0.0332608;1.77122,1.29121,1.39418
0.124695,0.130883,0.0322924;1.63597,1.34307,1.45807
0.12824,0.123924,0.0347136;1.84477,1.44216,1.23349
0.132023,0.119736,0.0354947;2.34677,1.49822,0.730412
0.129844,0.121873,0.0316884;2.41385,1.48982,0.741181
0.128186,0.125392,0.0319584;1.61226,1.43857,1.57606
0.130495,0.12672,0.0332128;1.54349,1.35885,1.66401
0.144531,0.12457,0.0287847;1.5779,1.25136,1.57184
0.144237,0.123426,0.0287938;1.59434,1.31548,1.54373
0.145259,0.121522,0.0291808;1.64135,1.37852,1.4889
0.144349,0.115689,0.0351729;2.41087,1.41188,0.717164
0.150577,0.117014,0.039115;2.53628,1.31625,0.620276
0.157241,0.120982,0.0373472;2.11633,1.26997,1.06237
0.165314,0.123019,0.0287935;1.58059,1.18446,1.56835
0.165477,0.123519,0.0286177;1.56794,1.19331,1.57452
0.164198,0.125139,0.0286432;1.56321,1.26815,1.57895
0.163877,0.124897,0.028876;1.61104,1.34747,1.52621
0.162396,0.125479,0.0314116;1.84384,1.32902,1.3017
0.165572,0.126781,0.039082;2.21705,1.21047,0.952208
0.164293,0.129058,0.0354842;1.84991,1.21604,1.2703
0.165399,0.130182,0.0303033;1.59597,1.25263,1.51647
0.169587,0.128129,0.0292778;1.58918,1.30913,1.53576
0.170659,0.126328,0.0287495;1.5646,1.3803,1.56992
0.168543,0.127451,0.0289743;1.56589,1.36701,1.56958
0.162614,0.132991,0.0306212;1.64895,1.31477,1.49208
0.15207,0.130317,0.0348346;1.55671,1.17992,1.51145
0.15939,0.124029,0.0345119;1.54968,1.16446,1.50546
0.168216,0.119455,0.0351797;1.62984,1.21928,1.43616
0.170271,0.120562,0.0310282;1.58728,1.32549,1.51636
0.170559,0.12049,0.0288321;1.58793,1.32889,1.54634
0.169986,0.121957,0.0290012;1.60938,1.2947,1.544
0.170425,0.122299,0.0294858;1.56367,1.26143,1.59603
0.171179,0.121893,0.0287238;1.58422,1.22391,1.55541
0.172835,0.121139,0.0298167;1.58362,1.22252,1.5332
0.178421,0.114167,0.0325088;1.69065,1.36582,1.40522
0.175886,0.115551,0.0311263;1.68722,1.34459,1.42971
0.17333,0.118607,0.0299497;1.72392,1.32366,1.42033
0.174069,0.121871,0.0308915;1.65744,1.30391,1.50963
0.173273,0.121818,0.0287788;1.57183,1.31569,1.57928
0.174395,0.12189,0.0286523;1.57213,1.28157,1.5731
0.178546,0.120272,0.0292446;1.59383,1.38394,1.53065
0.180378,0.117718,0.0310117;1.64782,1.41931,1.45781
0.181691,0.114133,0.0310614;2.03099,1.45266,1.10333
0.187847,0.113382,0.0381506;2.39255,1.31332,0.76932
0.18919,0.112888,0.0385298;2.49599,1.31827,0.660688
0.184553,0.112956,0.0302422;1.88694,1.4306,1.25553
0.185326,0.113933,0.0287195;1.56908,1.49141,1.56594
0.186323,0.11354,0.028921;1.54168,1.50169,1.58441
0.186893,0.113144,0.0300163;1.55463,1.50887,1.55724
0.176635,0.117999,0.0375026;2.18062,1.36734,0.945717
0.172056,0.114792,0.0366543;2.02943,1.35468,1.07979
0.171176,0.111446,0.0362622;2.00859,1.40747,1.07782
0.17865,0.113828,0.0338678;1.66925,1.47202,1.40833
0.184535,0.113242,0.0301798;1.61912,1.51521,1.4948
0.185208,0.113021,0.0287675;1.57048,1.51163,1.5622
0.185208,0.113021,0.0287675;1.57048,1.51163,1.5622
0.18488,0.113455,0.0286512;1.57677,1.49782,1.56891
0.18488,0.113455,0.0286512;1.57677,1.49782,1.56891
