0,0,0.11;-1.57,-2.98023e-08,-1.57
0,0,0.11;-1.57,-2.98023e-08,-1.57
0,0,0.11;-1.57,-2.98023e-08,-1.57
-0.000620111,-0.000602654,0.0286054;-1.57075,-0.221328,-1.56943
-0.000462362,-0.00106422,0.0285843;-1.5708,-0.18516,-1.57106
-0.000745141,-0.00243507,0.0287602;-1.57238,-0.158141,-1.57836
-0.000168493,-0.0076514,0.0330214;-1.5712,-0.140504,-1.62679
-0.00449127,-0.00833321,0.0319793;-1.57001,-0.279939,-1.6225
-0.00357978,-0.00139192,0.0301823;-1.57283,-0.352565,-1.60073
-0.00248957,0.00339439,0.0287438;-1.57066,-0.429547,-1.57845
-0.00270232,0.00314054,0.0287968;-1.56868,-0.397179,-1.56125
-0.00180702,0.00479394,0.0295573;-1.57422,-0.328248,-1.55239
7.43444e-05,0.00876553,0.0299761;-1.56417,-0.221564,-1.55241
0.00851496,0.0391876,0.0360489;-1.61165,-0.108317,-1.59527
0.00683359,0.0504204,0.033876;-1.61421,-0.164615,-1.5851
0.00599682,0.0529984,0.0292183;-1.59775,-0.232468,-1.58248
0.00640977,0.0520102,0.0285797;-1.57083,-0.231879,-1.5709
0.00623947,0.0530294,0.0286013;-1.57063,-0.172961,-1.56973
0.00625372,0.0533331,0.0285793;-1.57069,-0.154358,-1.57081
0.00880293,0.0502036,0.0301712;-1.56046,-0.0525362,-1.59358
0.00998802,0.0559999,0.0329257;-1.55168,-0.0895091,-1.61966
0.0135724,0.0679879,0.0357473;-1.56971,-0.154243,-1.64676
0.0128775,0.0889044,0.0290347;-1.57676,-0.269642,-1.58798
0.0132917,0.0878815,0.0285852;-1.57062,-0.237877,-1.57102
0.0139522,0.0871831,0.0285801;-1.57084,-0.183896,-1.57073
0.0142889,0.0874804,0.0285796;-1.5708,-0.143251,-1.57075
0.0141468,0.0884263,0.0287428;-1.57742,-0.129537,-1.57326
0.0141485,0.109789,0.0374251;-1.73247,-0.16947,-1.59263
0.0177984,0.108079,0.0379048;-1.75141,-0.221491,-1.61063
0.0193381,0.104193,0.0359123;-1.72044,-0.262161,-1.60836
0.0150191,0.0763216,0.0290384;-1.57453,-0.169904,-1.58526
0.0159261,0.0648517,0.0291199;-1.55949,-0.0551214,-1.58358
0.0167146,0.0626097,0.0289241;-1.56007,-0.0180874,-1.57978
0.0149129,0.0672963,0.0294861;-1.56338,-0.103279,-1.57894
0.0151186,0.0718901,0.0300022;-1.57977,-0.195271,-1.58467
0.0185312,0.0662948,0.0325594;-1.58813,-0.193233,-1.62377
0.00793199,0.0438099,0.0305385;-1.57335,-0.116603,-1.60544
0.00734395,0.0418437,0.0288739;-1.57979,-0.0752129,-1.5765
0.00643346,0.0412311,0.0285913;-1.57082,-0.0117854,-1.56996
0.00646327,0.0423205,0.0287058;-1.57095,-0.0058026,-1.56474
0.00649168,0.044396,0.0288837;-1.55875,-0.0177573,-1.57409
0.00972864,0.0560337,0.0315954;-1.56757,-0.0380336,-1.59757
0.0164794,0.049128,0.040769;-1.72171,-0.0479819,-1.62086
0.0108611,0.0397271,0.0406705;-1.76422,-0.0404083,-1.59504
0.00208159,0.0211085,0.0362872;-1.71255,0.00279215,-1.56962
-0.000339652,0.00552857,0.028887;-1.57544,-0.0104103,-1.56062
-0.000247967,0.00754359,0.0287974;-1.5719,-0.00462015,-1.56138
0.000321575,0.00962546,0.0287915;-1.56891,0.0409745,-1.56245
0.00378324,0.0067208,0.0308601;-1.5874,0.126093,-1.59024
0.00657932,-0.000505901,0.0347722;-1.57572,0.221553,-1.63715
0.00897451,-0.00421845,0.0348645;-1.58323,0.279667,-1.64417
0.00627427,-0.00280219,0.0312952;-1.56247,0.261835,-1.61329
0.00681712,0.00452599,0.029243;-1.55915,0.194759,-1.58875
0.00679422,0.00957373,0.0291632;-1.55415,0.137857,-1.58453
0.0050298,0.0109783,0.0304249;-1.57181,0.145221,-1.58766
0.00672551,0.00792735,0.0321118;-1.62153,0.151453,-1.58448
0.00911756,0.000189168,0.0350059;-1.66069,0.188463,-1.58355
0.00541649,-0.00739139,0.0328211;-1.62703,0.108346,-1.59103
0.00306284,-0.00327373,0.0304814;-1.61069,0.0539673,-1.57317
0.0027726,-0.00128812,0.0289323;-1.58095,0.00491097,-1.56826
0.00355118,0.00172876,0.0295087;-1.57478,0.022782,-1.5523
0.00226735,0.00380215,0.0292135;-1.57211,0.060845,-1.55659
0.00099634,0.00169743,0.0294128;-1.57961,0.0640045,-1.5678
0.00519277,-0.02381,0.0368308;-1.56007,0.0233956,-1.66906
0.000588649,-0.0291766,0.0360326;-1.56186,-0.0245997,-1.66314
-3.08417e-05,-0.026679,0.0344167;-1.55612,-0.0774712,-1.64696
-0.00368475,-0.0166133,0.0287091;-1.56875,-0.221291,-1.57445
-0.00375458,-0.0159452,0.0287824;-1.56578,-0.219754,-1.56424
-0.00363577,-0.0150527,0.0290186;-1.55342,-0.185979,-1.56322
-0.00189235,-0.0177822,0.0294384;-1.56795,-0.160968,-1.58403
0.000183938,-0.0182495,0.0319312;-1.56985,-0.193025,-1.62357
0.00322655,-0.0132959,0.0350349;-1.61124,-0.257071,-1.64752
-0.0021583,0.000657685,0.0318267;-1.64316,-0.383085,-1.59636
-0.00316528,0.000391015,0.0288545;-1.57938,-0.353603,-1.5688
-0.00384357,0.00317548,0.0294689;-1.56644,-0.319188,-1.56012
-0.00380338,0.0240346,0.029561;-1.5657,-0.186298,-1.56871
-0.00187204,0.0307378,0.0306472;-1.58823,-0.203614,-1.6013
0.000738089,0.0292669,0.0326948;-1.58673,-0.218611,-1.62636
0.00640755,0.0425484,0.034348;-1.63397,-0.336955,-1.64431
0.00617555,0.0478347,0.0320328;-1.61967,-0.339913,-1.61711
0.00449515,0.0427834,0.0290268;-1.57788,-0.268325,-1.58712
0.00445862,0.0406058,0.0287914;-1.56897,-0.138614,-1.56228
0.00421242,0.0402365,0.0290348;-1.56179,-0.146294,-1.56007
0.00419531,0.0411988,0.0291401;-1.56319,-0.156069,-1.56137
0.00859147,0.0475695,0.0335524;-1.59593,-0.217561,-1.63798
0.00937033,0.0480309,0.0337267;-1.57009,-0.237976,-1.64471
0.00873606,0.0458329,0.0346117;-1.55058,-0.234643,-1.64264
0.00286729,0.0472961,0.0292656;-1.56888,-0.154992,-1.57223
-0.000971746,0.0496463,0.0310008;-1.58258,-0.111479,-1.53605
-0.00389258,0.052713,0.0328851;-1.58384,-0.0735591,-1.50975
0.00189521,0.0450648,0.0322423;-1.62027,-0.195011,-1.55835
0.00550793,0.0402461,0.0333148;-1.67502,-0.251512,-1.59818
0.00740725,0.0335069,0.0363552;-1.72268,-0.227672,-1.61749
0.00429284,0.0172127,0.0302096;-1.56358,-0.168269,-1.59756
0.00313931,0.0173094,0.0287707;-1.5663,-0.196318,-1.57485
0.00232607,0.0166447,0.0289739;-1.55076,-0.217292,-1.56481
2.25776e-06,0.0120061,0.0330337;-1.4752,-0.244215,-1.54488
0.00271445,0.00306205,0.0349729;-1.49288,-0.254558,-1.58991
0.00385781,0.0011463,0.0352162;-1.47402,-0.214449,-1.5787
0.00196797,0.00043823,0.0356023;-1.45862,-0.210352,-1.56279
-0.0185214,0.00813243,0.0352327;-1.46866,-0.295081,-1.5179
-0.0200802,0.00979577,0.0355831;-1.47269,-0.327474,-1.49248
-0.0189602,0.007788,0.0357756;-1.48019,-0.33219,-1.48263
-0.017559,0.00244009,0.0314799;-1.50888,-0.392026,-1.53323
-0.0157911,0.000535113,0.0292119;-1.5543,-0.398035,-1.55972
-0.0146755,0.00067864,0.0312077;-1.56057,-0.364868,-1.54196
-0.0119344,0.000608181,0.0315707;-1.51533,-0.32024,-1.56701
-0.0122736,0.0049714,0.0337418;-1.4837,-0.261098,-1.54259
-0.0106678,0.0109763,0.0356278;-1.46733,-0.174017,-1.51924
-0.00491487,0.0150488,0.0347492;-1.46585,-0.146473,-1.53417
-0.00318718,0.0159042,0.03172;-1.51099,-0.136397,-1.55085
-0.00199791,0.016327,0.0291894;-1.55113,-0.103555,-1.56449
-0.00181971,0.00681438,0.0309697;-1.57835,0.021419,-1.6042
0.00143854,0.008174,0.0326622;-1.5575,0.0607102,-1.62143
0.000500358,0.0139711,0.0346839;-1.5015,0.0519082,-1.60506
0.00409596,0.0289559,0.0296016;-1.56998,-0.0894257,-1.58169
0.00746019,0.0290179,0.0302283;-1.57332,-0.113646,-1.59524
0.00829651,0.0217586,0.0340225;-1.56969,-0.0708129,-1.63004
0.00609973,-0.0020006,0.0374783;-1.50304,-0.010335,-1.64964
0.00616268,-0.00390401,0.038842;-1.47696,-0.000738144,-1.64812
0.00389492,-0.00117398,0.0401119;-1.44847,-0.0492978,-1.64473
-0.000941084,0.012257,0.0365493;-1.47905,-0.183405,-1.61329
-0.00215162,0.0175691,0.0295763;-1.55573,-0.208378,-1.57403
-0.000821132,0.0148649,0.0300451;-1.55523,-0.181028,-1.57598
-0.00244195,0.0035436,0.0308334;-1.56085,-0.146875,-1.60225
0.000477634,-0.00323651,0.0326222;-1.53936,-0.077331,-1.6126
0.000110956,-0.0026291,0.0352683;-1.51681,-0.0998022,-1.62973
-0.001654,0.00194152,0.0371358;-1.54709,-0.186381,-1.6764
-0.00296329,0.00397157,0.0392011;-1.5109,-0.218473,-1.66672
-0.00587618,0.00349401,0.0421802;-1.47393,-0.226363,-1.66998
0.000655937,-0.00806494,0.0414153;-1.45196,-0.0549819,-1.66157
0.00620564,-0.0136969,0.0410896;-1.4515,0.024641,-1.66935
0.00746512,-0.0144188,0.0420434;-1.4255,0.0283979,-1.66413
0.00174304,-0.00376518,0.0435788;-1.41924,-0.0900017,-1.66191
-0.00261582,0.00674908,0.0420281;-1.41206,-0.153132,-1.63303
-0.00555473,0.024577,0.0424157;-1.42503,-0.0978835,-1.59428
-0.0134847,0.0278544,0.0344827;-1.53287,0.0259321,-1.51708
-0.00925352,0.0184449,0.033964;-1.50317,0.039634,-1.54357
-0.00720279,0.0131841,0.0326859;-1.49452,-0.017297,-1.56117
-0.00666622,0.0215219,0.0399057;-1.35988,-0.0844846,-1.54829
-0.00425351,0.0253047,0.0447261;-1.29918,-0.0623695,-1.57916
-0.00257586,0.030597,0.0466282;-1.30079,-0.0366293,-1.61011
-0.013519,0.0310167,0.0445295;-1.30866,0.108235,-1.62668
-0.0206426,0.0267575,0.0425131;-1.33106,0.10851,-1.60587
-0.0208024,0.0202171,0.038829;-1.37965,0.0653626,-1.57676
-0.0195125,0.018703,0.0314974;-1.5077,-0.0300055,-1.56653
-0.0193267,0.0209326,0.0292626;-1.54757,-0.0411083,-1.56625
-0.0188544,0.0227016,0.030064;-1.53246,-0.0313954,-1.5625
-0.0227748,0.022027,0.0336258;-1.48445,0.100216,-1.58116
-0.0285501,0.0085012,0.0342556;-1.46911,0.142785,-1.58449
-0.0290192,-0.00547877,0.0326786;-1.49354,0.189698,-1.59608
-0.0243651,-0.0137536,0.0336779;-1.51898,0.244735,-1.64079
-0.0242636,-0.00724139,0.0363635;-1.5375,0.146096,-1.67269
-0.0223542,-0.00262201,0.0366725;-1.54363,0.0570106,-1.67517
-0.0204173,-0.0170917,0.0345621;-1.55713,0.124948,-1.65118
-0.0172025,-0.0260563,0.0363453;-1.56989,0.223804,-1.66502
-0.0167498,-0.0289955,0.0371609;-1.57859,0.265954,-1.66897
-0.0255095,-0.0288041,0.034786;-1.53291,0.299918,-1.64842
-0.0270216,-0.0266935,0.0320521;-1.53979,0.264357,-1.61148
-0.0278362,-0.0197572,0.0292194;-1.55398,0.186307,-1.57741
-0.0282717,-0.0142797,0.0289922;-1.56232,0.106281,-1.58298
-0.0278438,-0.0214569,0.0318938;-1.55976,0.194308,-1.61997
-0.0241802,-0.0321469,0.0358705;-1.54342,0.3216,-1.67005
-0.0160155,-0.0410016,0.0377849;-1.51361,0.415401,-1.70031
-0.016399,-0.0363284,0.0369955;-1.50385,0.371583,-1.68407
-0.0160491,-0.0268245,0.036289;-1.49038,0.320562,-1.65268
0.00319024,0.000491545,0.0335469;-1.54873,0.274163,-1.59342
0.0110527,0.0178398,0.036659;-1.69,0.324142,-1.49844
0.0156844,0.0190849,0.0371744;-1.71153,0.404266,-1.505
0.0077578,0.0153404,0.0403192;-1.51445,0.651824,-1.63907
0.00617243,0.0219363,0.0444615;-1.36255,0.660752,-1.73133
0.00513578,0.0247783,0.0490205;-1.27032,0.620683,-1.78821
0.022876,0.020668,0.0506548;-1.3883,0.44308,-1.75368
0.0323474,0.0163932,0.0431931;-1.51721,0.471968,-1.71598
0.0327466,0.0211969,0.0450636;-1.51161,0.59934,-1.70531
0.022831,0.0188439,0.0534904;-1.27148,0.650174,-1.82528
0.0056613,0.0162637,0.0511892;-1.26592,0.665425,-1.80854
-0.000413313,0.0178031,0.0514385;-1.27985,0.598184,-1.80184
0.0320479,0.0464994,0.030996;-1.58035,0.482429,-1.59492
0.0332941,0.052188,0.0285293;-1.56907,0.526273,-1.5725
0.0328259,0.0520852,0.0285963;-1.57059,0.572482,-1.57179
0.0328259,0.0520852,0.0285963;-1.57059,0.572482,-1.57179
0.0321739,0.0504497,0.0286892;-1.56916,0.623669,-1.576
0.0321739,0.0504497,0.0286892;-1.56916,0.623669,-1.576
