0,0,0.11;-1.57,-2.98023e-08,-1.57
0,0,0.11;-1.57,-2.98023e-08,-1.57
0,0,0.11;-1.57,-2.98023e-08,-1.57
-0.00103905,-0.00149494,0.0286274;-1.57078,-0.274493,-1.56842
-0.000976735,-0.00138761,0.02858;-1.57083,-0.200813,-1.57075
-0.00125628,-0.000826814,0.0294191;-1.58674,-0.0876853,-1.58078
-0.0015556,0.00371282,0.0374515;-1.71562,0.0699938,-1.58594
-0.00162633,-0.00319954,0.0285813;-1.57074,-0.0998947,-1.57085
-0.00182377,-0.00425935,0.0286968;-1.57004,-0.179532,-1.56589
-0.00242267,-0.00592668,0.028629;-1.57088,-0.258977,-1.56836
-0.00232657,-0.00582544,0.0287017;-1.57085,-0.212659,-1.57656
-0.00165095,-0.00272082,0.0300973;-1.60332,-0.157564,-1.58354
-5.374e-05,0.0128646,0.0370086;-1.73727,-0.00166094,-1.57442
-0.00125309,0.0160544,0.0337981;-1.67597,0.0198686,-1.57423
0.000307665,0.0114729,0.0287514;-1.56711,-0.0741129,-1.57619
-0.000783437,0.0117699,0.0285842;-1.56998,-0.177482,-1.57075
-0.00117751,0.00987874,0.0287515;-1.57069,-0.106618,-1.57894
-0.0016714,0.00688242,0.0295805;-1.57561,-0.00606153,-1.59029
0.000943757,0.0101727,0.0346439;-1.58321,0.129337,-1.6059
0.00643903,0.0322845,0.0386653;-1.76066,0.141108,-1.55892
0.0124408,0.0369503,0.0332543;-1.66633,0.0200789,-1.57347
0.0157144,0.0362852,0.0285966;-1.57083,-0.118938,-1.57223
0.015341,0.0360764,0.0285798;-1.57065,-0.147305,-1.57083
0.0135476,0.0335625,0.0288045;-1.57244,-0.034467,-1.57985
0.00978113,0.0289593,0.0310815;-1.61362,0.098777,-1.58015
0.006613,0.026022,0.0372567;-1.7096,0.234352,-1.56602
0.00274274,0.0222347,0.0341138;-1.65658,0.285426,-1.56953
-0.00161599,0.0176912,0.0285815;-1.57129,0.0160589,-1.56993
-0.00294761,0.0157843,0.0287278;-1.56437,-0.0919373,-1.56734
-0.00311416,0.016039,0.0285867;-1.57098,-0.110023,-1.57136
-0.0023144,0.0203763,0.0331394;-1.66018,0.0270648,-1.57432
-0.000956465,0.0335698,0.0398233;-1.79984,0.162399,-1.5389
-0.00321276,0.0345329,0.0379686;-1.76022,0.185614,-1.54293
-0.00545787,0.0262847,0.0285816;-1.57018,0.0943912,-1.57063
-0.00667264,0.0250961,0.0286458;-1.57072,0.0233027,-1.56752
-0.00680942,0.0247756,0.0286112;-1.57074,0.011186,-1.56923
-0.00739596,0.0228545,0.0298931;-1.57468,0.0762884,-1.59322
-0.00308585,0.0304234,0.0357805;-1.64174,0.182914,-1.58776
-5.81817e-05,0.0427918,0.0396389;-1.78856,0.258624,-1.52656
-0.00455883,0.0396137,0.0286316;-1.56969,0.248094,-1.57451
-0.00520901,0.039271,0.0285852;-1.57059,0.208615,-1.57033
-0.00636505,0.0384934,0.0286419;-1.57071,0.161506,-1.56778
-0.00696353,0.0356207,0.0291306;-1.57345,0.237243,-1.58667
-0.00493513,0.03019,0.0340745;-1.50778,0.355169,-1.62666
0.00126908,0.0318275,0.0399693;-1.43472,0.44657,-1.66126
0.00321785,0.0456727,0.0290436;-1.55803,0.376411,-1.58797
0.00310016,0.0472653,0.0285782;-1.57079,0.296772,-1.57066
0.00331464,0.0472132,0.0286607;-1.57093,0.264012,-1.56682
0.00358223,0.0465187,0.0289852;-1.56848,0.375176,-1.58905
0.00512003,0.0431327,0.0324228;-1.5364,0.489199,-1.62711
0.00591267,0.0384385,0.0383209;-1.41917,0.618875,-1.70495
-0.00361135,0.0210023,0.0314295;-1.49219,0.716243,-1.6268
-0.00611001,0.022085,0.0285579;-1.57306,0.613088,-1.56982
-0.00644237,0.0203168,0.0287286;-1.57498,0.525702,-1.56446
-0.00635516,0.0194718,0.0290039;-1.56486,0.520043,-1.58929
-0.00399426,0.0190714,0.032648;-1.51718,0.545386,-1.63377
0.00052846,0.0186392,0.0383097;-1.4112,0.574944,-1.70824
0.000774189,0.0208581,0.0357952;-1.42934,0.583175,-1.67403
0.00206299,0.0293006,0.0298118;-1.53926,0.50812,-1.5923
0.000751552,0.0297993,0.0286795;-1.5713,0.432555,-1.56533
0.00026132,0.029038,0.0286984;-1.57076,0.466657,-1.57642
0.000527213,0.0289646,0.0299445;-1.56823,0.473572,-1.59925
0.00289173,0.0282149,0.0348711;-1.51549,0.503134,-1.65652
0.0151718,0.0357983,0.0399797;-1.43963,0.5454,-1.69132
0.0247011,0.048648,0.0362435;-1.60711,0.416271,-1.56203
0.0262098,0.0500337,0.0286701;-1.57059,0.332432,-1.56895
0.0258405,0.0499475,0.0285793;-1.57035,0.279652,-1.57128
0.0243575,0.0491835,0.0287753;-1.57738,0.353562,-1.57177
0.0203165,0.0469021,0.0304868;-1.60904,0.436596,-1.56469
0.016898,0.0415837,0.046643;-1.7058,0.626557,-1.50895
0.0195222,0.0454241,0.0448441;-1.70333,0.578833,-1.5004
0.0195207,0.0478043,0.0289558;-1.5774,0.547964,-1.57916
0.0192796,0.0505355,0.0285784;-1.57082,0.372943,-1.57063
0.0196044,0.0507905,0.028581;-1.57132,0.347062,-1.57083
0.021225,0.050939,0.0297053;-1.60032,0.352421,-1.56424
0.0254727,0.0574627,0.0415969;-1.84396,0.551976,-1.40463
0.0276196,0.0615894,0.0412694;-1.84549,0.586313,-1.39875
0.0232563,0.0563645,0.0349124;-1.71115,0.582093,-1.48493
0.0199155,0.051569,0.0287327;-1.56369,0.51926,-1.573
0.0196181,0.0517065,0.0285792;-1.57078,0.472032,-1.57071
0.0207132,0.0519253,0.0292601;-1.59747,0.480709,-1.56527
0.0299679,0.0590517,0.0402468;-1.82612,0.5475,-1.42499
0.029711,0.0589103,0.0408727;-1.79764,0.528443,-1.4223
0.0261182,0.0512063,0.0352912;-1.6781,0.466252,-1.49442
0.0226208,0.0476162,0.0288601;-1.55973,0.4239,-1.57198
0.0224281,0.0475137,0.0286389;-1.57096,0.419794,-1.57357
0.0225761,0.0478138,0.0291664;-1.59875,0.443412,-1.5622
0.0188072,0.0482772,0.0403578;-1.85359,0.556344,-1.42254
0.0169357,0.0489468,0.0431346;-1.89454,0.552797,-1.38477
0.0107843,0.0437187,0.0395074;-1.77456,0.511997,-1.4411
0.00916758,0.0397405,0.0288048;-1.565,0.359215,-1.56748
0.00841893,0.0394038,0.0285787;-1.57096,0.270661,-1.57073
0.00957851,0.0399098,0.0286901;-1.57605,0.248815,-1.56974
0.00520648,0.0391398,0.036747;-1.73042,0.32059,-1.51082
-0.00228737,0.0336486,0.0400768;-1.77084,0.31516,-1.48183
-0.0160514,0.0230578,0.0424053;-1.81305,0.355057,-1.44905
-0.0434076,0.00221525,0.0289906;-1.5619,0.406604,-1.57568
-0.0450796,0.00206542,0.0285811;-1.57095,0.305829,-1.57055
-0.0446914,0.00320655,0.0286785;-1.57089,0.259304,-1.57538
-0.0408566,0.0049789,0.0299498;-1.60191,0.209705,-1.56963
-0.0340456,0.00855053,0.0416945;-1.78306,0.260776,-1.47913
-0.0381625,0.00926107,0.0425217;-1.76957,0.26004,-1.46302
-0.040589,0.00459125,0.0378148;-1.69016,0.248174,-1.49395
-0.0465951,-0.00327677,0.0288373;-1.56408,0.251636,-1.56663
-0.0465922,-0.0033254,0.0285979;-1.57086,0.260233,-1.57152
-0.0450053,-0.00292489,0.0293599;-1.58175,0.289765,-1.58229
-0.0278302,0.00466082,0.0416329;-1.83917,0.355229,-1.4753
-0.026556,0.00543651,0.0433048;-1.83825,0.341299,-1.45229
-0.0302488,-0.000963204,0.0394221;-1.72497,0.276128,-1.4805
-0.0350419,-0.0160348,0.0289303;-1.56186,0.157791,-1.56419
-0.0351488,-0.0157179,0.0285827;-1.57088,0.175505,-1.57051
-0.0362601,-0.0155709,0.029105;-1.59203,0.26366,-1.57021
-0.0371492,-0.0163418,0.0406221;-1.81091,0.409711,-1.4913
-0.0384669,-0.0181646,0.0445063;-1.89567,0.43106,-1.45386
-0.0493875,-0.0275987,0.0461684;-1.82004,0.434897,-1.46514
-0.0696249,-0.0552725,0.0291038;-1.55283,0.270226,-1.57224
-0.0691819,-0.0542145,0.0286534;-1.57157,0.250274,-1.56632
-0.0684559,-0.0533768,0.0286747;-1.57119,0.253468,-1.57563
-0.0574953,-0.0326213,0.0369094;-1.73291,0.355392,-1.5272
-0.0592982,-0.0325565,0.0404501;-1.79646,0.369891,-1.50067
-0.0701109,-0.0467309,0.0448754;-1.70889,0.374283,-1.52974
-0.0939562,-0.0906204,0.0296501;-1.54731,0.293843,-1.57931
-0.0956645,-0.0924589,0.0289246;-1.55747,0.267511,-1.57046
-0.0952437,-0.0917975,0.0285758;-1.57091,0.271545,-1.57077
-0.080987,-0.0619565,0.0351068;-1.53586,0.251507,-1.61028
-0.0710103,-0.0385925,0.0405658;-1.79356,0.281962,-1.52171
-0.0716799,-0.0441165,0.043686;-1.7458,0.252516,-1.53664
-0.0873888,-0.0820249,0.029073;-1.55679,0.109324,-1.57454
-0.089596,-0.0839988,0.0288525;-1.56478,0.106181,-1.56429
-0.0888446,-0.0837872,0.0287242;-1.57158,0.144067,-1.56298
-0.0838393,-0.0825706,0.0314782;-1.54653,0.312856,-1.6046
-0.0768273,-0.069424,0.0379529;-1.57405,0.400602,-1.60073
-0.0741474,-0.0627965,0.0452378;-1.68172,0.389079,-1.56817
-0.0882877,-0.0761879,0.0380366;-1.55776,0.221046,-1.57952
-0.0919353,-0.0814769,0.0294557;-1.56169,0.0988518,-1.56763
-0.0924281,-0.0825625,0.0288305;-1.56703,0.0350626,-1.56271
-0.0895743,-0.0807941,0.029233;-1.57282,0.136219,-1.58774
-0.0822392,-0.0676733,0.0332752;-1.59705,0.247767,-1.59148
-0.079053,-0.0457467,0.0401637;-1.76736,0.363244,-1.53922
-0.087467,-0.0560502,0.0421092;-1.74164,0.279165,-1.53054
-0.0951201,-0.081298,0.0322009;-1.46698,0.201382,-1.5925
-0.0989295,-0.0866225,0.0288903;-1.56521,0.100779,-1.56209
-0.0979502,-0.0833865,0.0290696;-1.56626,0.00666874,-1.58933
-0.0867095,-0.0607598,0.0324487;-1.55469,0.00893873,-1.61148
-0.0758285,-0.028862,0.0402175;-1.79528,0.0842172,-1.55843
-0.0846015,-0.0388434,0.0406478;-1.75983,0.0671706,-1.5395
-0.0934193,-0.0633708,0.036216;-1.64564,0.0066364,-1.54794
-0.100565,-0.0859089,0.0293972;-1.5485,-0.029406,-1.56793
-0.100153,-0.0854645,0.0286958;-1.57086,-0.0353742,-1.57677
-0.094995,-0.0755209,0.0320306;-1.53518,-0.00325856,-1.59944
-0.0839868,-0.0460884,0.0390303;-1.57254,0.046747,-1.60174
-0.0806885,-0.0300539,0.040211;-1.78652,0.0484815,-1.55733
-0.0798298,-0.0372554,0.036472;-1.68279,-0.0875158,-1.55132
-0.0809334,-0.0493441,0.0295021;-1.56186,-0.22771,-1.56404
-0.0839186,-0.0538843,0.0286371;-1.57082,-0.24054,-1.56807
-0.0833665,-0.054255,0.0292565;-1.5744,-0.190159,-1.58828
-0.0772957,-0.0436759,0.033035;-1.59555,-0.111366,-1.60444
-0.0760941,-0.0220697,0.0420727;-1.84172,0.0786649,-1.55802
-0.0858191,-0.0351006,0.0422807;-1.81561,0.0601153,-1.54003
-0.0944102,-0.0562626,0.0402396;-1.73828,0.0224483,-1.5192
-0.100906,-0.0745684,0.0288474;-1.56673,-0.135976,-1.56145
-0.100185,-0.0724744,0.0288205;-1.57039,-0.160484,-1.58253
-0.0896894,-0.0538748,0.0305843;-1.57088,-0.179392,-1.60347
-0.0796827,-0.0183979,0.0406272;-1.809,0.0136445,-1.56678
-0.0864489,-0.0194717,0.0407402;-1.81485,0.0722811,-1.55846
-0.0941939,-0.0290879,0.0398633;-1.76653,0.0879937,-1.53346
-0.102175,-0.0717102,0.0289834;-1.56195,0.0231882,-1.56051
-0.102708,-0.0727394,0.0286736;-1.57037,-0.0215439,-1.56637
-0.101229,-0.0676319,0.0295596;-1.56633,-0.0592566,-1.59377
-0.0813911,-0.0106121,0.0404186;-1.81146,-0.00628848,-1.57719
-0.0818343,-0.00392271,0.0398057;-1.79435,0.0286686,-1.56614
-0.0855684,-0.00648623,0.0360222;-1.69307,0.00795772,-1.559
-0.0877969,-0.0242868,0.0292114;-1.55593,-0.13196,-1.56062
-0.0881257,-0.0251766,0.0286571;-1.57167,-0.109852,-1.5661
-0.0883459,-0.0260875,0.0288878;-1.57136,-0.0750975,-1.58538
-0.0807933,-0.00395866,0.0397386;-1.79707,0.0240043,-1.57021
-0.0824159,0.000270936,0.0422079;-1.84906,0.0655864,-1.55874
-0.0878316,-0.00572312,0.0392368;-1.77418,0.0985967,-1.56148
-0.0960603,-0.0352908,0.029528;-1.54752,-0.165036,-1.56365
-0.0970116,-0.0364684,0.0288133;-1.5645,-0.210469,-1.5645
-0.096799,-0.0358474,0.0286907;-1.57591,-0.18735,-1.57198
-0.096799,-0.0358474,0.0286907;-1.57591,-0.18735,-1.57198
-0.0964956,-0.0360147,0.0297734;-1.58269,-0.163609,-1.59164
-0.0964956,-0.0360147,0.0297734;-1.58269,-0.163609,-1.59164
