0,0,0.11;-1.57,-2.98023e-08,-1.57
0,0,0.11;-1.57,-2.98023e-08,-1.57
0,0,0.11;-1.57,-2.98023e-08,-1.57
3.26056e-05,0.00232728,0.0286629;-1.57311,-0.287952,-1.57341
-0.000376197,-0.000198321,0.028802;-1.57069,-0.16598,-1.58122
-0.000145864,-0.000833168,0.029727;-1.56986,-0.0131109,-1.5857
0.00238545,-0.0125192,0.036425;-1.42438,0.162836,-1.58044
-0.00775868,-0.0159855,0.030386;-1.5222,-0.0594701,-1.56539
-0.0100136,-0.0157655,0.0285804;-1.57078,-0.223336,-1.5707
-0.00887469,-0.0154186,0.0285789;-1.57087,-0.374982,-1.5708
-0.00792049,-0.016251,0.0289458;-1.56839,-0.278934,-1.58539
-0.00351016,-0.0209986,0.0311859;-1.55806,-0.0852926,-1.59905
-0.00105417,-0.0238316,0.0347309;-1.51502,0.115557,-1.60661
-0.00114368,-0.0333434,0.0334254;-1.49045,0.119734,-1.58815
-0.00598712,-0.0327483,0.0315946;-1.50171,0.0189208,-1.57346
-0.0106071,-0.0322574,0.0287872;-1.56553,-0.153616,-1.56518
-0.0110211,-0.0317128,0.0286937;-1.57086,-0.220813,-1.57623
-0.0101439,-0.0296249,0.0295195;-1.56348,-0.153687,-1.57886
-0.0081111,-0.0231769,0.0320772;-1.5487,0.0258379,-1.59306
-0.00315966,-0.0394524,0.0365937;-1.43791,0.2487,-1.61011
-0.0057996,-0.0405439,0.0351408;-1.46336,0.16503,-1.60531
-0.0130313,-0.030232,0.0291678;-1.55609,-0.000991613,-1.58418
-0.0171939,-0.0255601,0.0285814;-1.57075,-0.240762,-1.57073
-0.0156229,-0.023922,0.0289568;-1.55431,-0.133791,-1.57042
-0.0139044,-0.0168103,0.0303203;-1.55218,0.0265848,-1.56673
-0.0135377,-0.00821145,0.0331784;-1.64876,0.142648,-1.57562
-0.0167746,-0.0150648,0.0335447;-1.58066,0.177242,-1.61407
-0.020462,-0.0188727,0.0286463;-1.57095,0.0553815,-1.57398
-0.0194167,-0.0168819,0.0286091;-1.57072,-0.0344558,-1.57224
-0.0192742,-0.0170371,0.0286717;-1.57076,-0.0127245,-1.57509
-0.0161217,-0.0108749,0.0332823;-1.52668,0.270804,-1.57117
-0.0182356,-0.0117749,0.040608;-1.49642,0.430275,-1.58383
-0.0215869,-0.0265078,0.0400606;-1.41761,0.477673,-1.6353
-0.0267044,-0.026446,0.0289435;-1.56475,0.357528,-1.58468
-0.0252707,-0.0217005,0.0286191;-1.57257,0.163587,-1.5714
-0.02256,-0.0202454,0.0286872;-1.57772,0.042411,-1.57077
-0.0186597,-0.0161262,0.0306159;-1.5409,0.228598,-1.57853
-0.020988,-0.0127225,0.0377203;-1.50475,0.414916,-1.57945
-0.024453,-0.0236558,0.0438891;-1.39243,0.518969,-1.63342
-0.0400756,-0.0378663,0.0359075;-1.41725,0.454123,-1.6239
-0.0449224,-0.038488,0.0293244;-1.54234,0.345692,-1.57328
-0.0473649,-0.0395646,0.028859;-1.56286,0.233248,-1.56692
-0.0456934,-0.0392562,0.0291706;-1.55593,0.264115,-1.58167
-0.0406285,-0.0338226,0.0333926;-1.49202,0.417258,-1.61017
-0.0390214,-0.0284854,0.0388518;-1.45893,0.569667,-1.62601
-0.0499566,-0.0322534,0.0335773;-1.45699,0.557961,-1.6237
-0.0517642,-0.0279807,0.0289366;-1.55161,0.48053,-1.57958
-0.0538386,-0.0257114,0.0285622;-1.57171,0.324758,-1.57086
-0.051975,-0.0250147,0.0288614;-1.56481,0.263824,-1.5801
-0.0506324,-0.0210264,0.0300967;-1.55902,0.340363,-1.58498
-0.0498967,-0.0131613,0.0335644;-1.52362,0.479019,-1.60493
-0.0527042,-0.015018,0.0306223;-1.53674,0.57009,-1.61679
-0.0531992,-0.0174519,0.029139;-1.55651,0.604888,-1.59389
-0.0523321,-0.0159677,0.0286155;-1.57086,0.5407,-1.57253
-0.0517929,-0.0138786,0.0288956;-1.55818,0.459528,-1.58014
-0.0501842,-0.0113865,0.0314336;-1.53354,0.540887,-1.5765
-0.0493262,-0.00535287,0.0375559;-1.49626,0.659801,-1.59392
-0.0516777,-0.0113359,0.0318382;-1.54831,0.805351,-1.63626
-0.0535303,-0.0106687,0.0307037;-1.53831,0.778709,-1.62346
-0.0540584,-0.0100799,0.0289148;-1.56079,0.765662,-1.58642
-0.0504372,-0.00673747,0.0286413;-1.57108,0.584365,-1.57368
-0.0502508,-0.00590733,0.0290484;-1.57259,0.584553,-1.57409
-0.0501708,-0.00143586,0.0316185;-1.56357,0.668257,-1.56009
-0.0538455,-0.0101047,0.0409857;-1.35102,0.769261,-1.72258
-0.0581712,-0.0138837,0.0365073;-1.3629,0.815334,-1.73374
-0.0582791,-0.00796068,0.0293845;-1.5607,0.816583,-1.59819
-0.0555915,-0.00262834,0.0285836;-1.57074,0.575634,-1.57094
-0.055813,-0.00260075,0.028662;-1.56626,0.539883,-1.57311
-0.0564259,-0.00372211,0.0303723;-1.54888,0.566457,-1.57413
-0.060852,-0.00377452,0.044453;-1.37338,0.750442,-1.69407
-0.0676311,-0.00782702,0.0444146;-1.32927,0.782326,-1.72555
-0.0737334,-0.000870012,0.0372216;-1.36805,0.790339,-1.702
-0.0773105,0.00301492,0.0291681;-1.54658,0.694942,-1.57642
-0.0779587,0.00311535,0.0294144;-1.53033,0.65318,-1.59168
-0.0776818,0.00194688,0.0322712;-1.47793,0.651875,-1.62183
-0.0740874,0.0147883,0.0460062;-1.35796,0.82481,-1.68141
-0.0761943,0.00986371,0.046649;-1.33349,0.849429,-1.71924
-0.0786834,0.0067398,0.0358702;-1.37483,0.882331,-1.72024
-0.0812017,0.0116321,0.0286041;-1.57099,0.764393,-1.56924
-0.0811544,0.011772,0.0288835;-1.56301,0.754977,-1.58494
-0.0804058,0.0112041,0.0288504;-1.56348,0.764162,-1.58216
-0.0771838,0.016633,0.0338466;-1.53091,0.857415,-1.61031
-0.0742948,0.0191203,0.0380512;-1.58421,0.820972,-1.583
-0.0702175,0.0189782,0.0315156;-1.54099,0.806868,-1.63109
-0.070828,0.0247197,0.0286594;-1.56952,0.728864,-1.57446
-0.0697205,0.0252819,0.028727;-1.57068,0.696587,-1.57774
-0.0681575,0.0252379,0.0287148;-1.57714,0.651709,-1.56902
-0.0722714,0.0278871,0.0370252;-1.49045,0.6892,-1.58984
-0.0721171,0.0220835,0.0407604;-1.43872,0.735638,-1.67934
-0.0723371,0.0150438,0.037641;-1.41218,0.783659,-1.73348
-0.0679398,0.0305655,0.0288471;-1.57283,0.673316,-1.58045
-0.0663911,0.0312367,0.0286139;-1.57053,0.621232,-1.57281
-0.0663875,0.0310156,0.0287828;-1.56616,0.587078,-1.56698
-0.0645696,0.0319843,0.0337434;-1.51316,0.616637,-1.57768
-0.0619703,0.0286363,0.0402236;-1.39553,0.649286,-1.69001
-0.0642143,0.0222005,0.0426706;-1.27783,0.659122,-1.77882
-0.0669509,0.0280941,0.0389843;-1.32918,0.631739,-1.73397
-0.0666414,0.0365914,0.0295916;-1.53081,0.529501,-1.58273
-0.0657899,0.0356646,0.03226;-1.47104,0.546882,-1.6202
-0.0670879,0.0316781,0.0366194;-1.37373,0.587892,-1.6775
-0.0664238,0.0232725,0.0449498;-1.15848,0.702639,-1.83241
-0.064213,0.0200775,0.0460705;-1.16093,0.669194,-1.84619
-0.0620269,0.0263923,0.0429126;-1.26982,0.63545,-1.78525
-0.0569186,0.0412269,0.0287298;-1.56185,0.572428,-1.57535
-0.0560872,0.0421171,0.0288669;-1.57075,0.526992,-1.58467
-0.0569124,0.0402589,0.0291869;-1.58249,0.563549,-1.58026
-0.0596445,0.0329662,0.040629;-1.72452,0.732847,-1.51553
-0.0512033,0.0356243,0.0437741;-1.77648,0.706672,-1.5096
-0.0496327,0.0356914,0.0378978;-1.6163,0.617496,-1.61781
-0.045605,0.0475655,0.029371;-1.57229,0.42909,-1.58751
-0.0428484,0.0495422,0.0286999;-1.56913,0.347673,-1.57757
-0.0423417,0.0495405,0.0290138;-1.56554,0.330982,-1.57403
-0.0488605,0.0368069,0.0433767;-1.63229,0.567333,-1.54148
-0.0478261,0.0250552,0.0432752;-1.56851,0.569647,-1.62575
-0.0509472,0.0125502,0.0381428;-1.46838,0.555561,-1.71155
-0.0552626,0.0204862,0.0321853;-1.56712,0.500169,-1.62849
-0.0536772,0.0266404,0.030214;-1.56913,0.428744,-1.59884
-0.0508096,0.0313707,0.0288713;-1.5703,0.367859,-1.58505
-0.0515914,0.0296359,0.0380782;-1.62601,0.491035,-1.5516
-0.0521509,0.0239566,0.0448427;-1.64446,0.570446,-1.56277
-0.0573528,0.00480237,0.041729;-1.49334,0.538242,-1.68145
-0.0642189,-0.00186906,0.0348022;-1.54274,0.512948,-1.66027
-0.0655105,0.00804691,0.0313929;-1.56717,0.455037,-1.61357
-0.0634677,0.0152611,0.029022;-1.57105,0.376948,-1.58637
-0.0594332,0.0198054,0.0338877;-1.6176,0.412469,-1.58535
-0.0565541,0.0252707,0.0408366;-1.78122,0.488528,-1.50979
-0.0523031,0.0242759,0.0460083;-1.84061,0.499829,-1.49901
-0.0782326,-0.0107737,0.039389;-1.43022,0.395575,-1.68959
-0.076595,-0.00428914,0.0319184;-1.566,0.368636,-1.61775
-0.0744562,-0.00168737,0.0300822;-1.58405,0.329265,-1.58959
-0.0730304,-0.00259926,0.0327631;-1.59019,0.360492,-1.58404
-0.0709883,-0.000525411,0.0428665;-1.64189,0.465432,-1.54409
-0.0702366,-0.00123534,0.0490844;-1.64162,0.541064,-1.5494
-0.0954748,-0.0310355,0.0424073;-1.37132,0.411406,-1.71996
-0.0941437,-0.0184814,0.0387145;-1.44158,0.285243,-1.66408
-0.0892446,-0.00688903,0.0353866;-1.47272,0.192499,-1.61419
-0.0744179,0.002644,0.0374706;-1.49984,0.130608,-1.57318
-0.0711591,0.00410433,0.0476653;-1.55033,0.235477,-1.55238
-0.0711972,0.00286535,0.0536426;-1.58239,0.390471,-1.55102
-0.0707317,-0.0109901,0.0481004;-1.52579,0.364968,-1.65408
-0.0731764,-0.0080861,0.0389667;-1.47401,0.264562,-1.67956
-0.0681823,0.00184412,0.0311431;-1.56728,0.175965,-1.59051
-0.0573219,0.00974284,0.0330268;-1.5864,0.15945,-1.52163
-0.0567382,0.0134766,0.0377846;-1.64784,0.214855,-1.47867
-0.0571839,0.0178302,0.0423885;-1.7457,0.341437,-1.43315
-0.0655239,0.00248401,0.0455329;-1.82028,0.530824,-1.48455
-0.0838694,-0.0162649,0.0390149;-1.5881,0.570017,-1.65977
-0.0914296,-0.0193494,0.0346017;-1.59025,0.52373,-1.63679
-0.0910615,-0.0185069,0.0291797;-1.56662,0.583181,-1.58974
-0.0800427,-0.00969993,0.0320172;-1.656,0.558887,-1.5254
-0.065937,-0.000399304,0.0392484;-1.77291,0.559799,-1.43563
-0.0683405,-0.00947324,0.0444313;-1.85711,0.514359,-1.40529
-0.0940695,-0.0230853,0.0491868;-1.57183,0.627089,-1.62569
-0.110614,-0.0307837,0.0366882;-1.52847,0.623489,-1.66617
-0.10937,-0.0271643,0.0293466;-1.60191,0.552091,-1.56025
-0.114625,-0.0287222,0.0322182;-1.66237,0.637628,-1.5237
-0.11478,-0.0285121,0.0349012;-1.73555,0.672526,-1.46969
-0.109873,-0.025333,0.0431816;-1.9779,0.756344,-1.29161
-0.12021,-0.0300429,0.0453019;-1.94848,0.72943,-1.32176
-0.14642,-0.0383767,0.0403897;-1.47335,0.808659,-1.71468
-0.139657,-0.0307601,0.0290913;-1.5699,0.56777,-1.57437
-0.133512,-0.0311485,0.0295538;-1.60057,0.577342,-1.55675
-0.126823,-0.0282913,0.0330402;-1.68831,0.647062,-1.50051
-0.129349,-0.0260923,0.041143;-1.93233,0.776284,-1.31824
-0.13669,-0.0281402,0.0445718;-2.00402,0.807754,-1.27501
-0.156589,-0.0337482,0.0427378;-1.87989,0.826463,-1.38371
-0.169139,-0.0324821,0.0324652;-1.53661,0.729192,-1.62933
-0.154639,-0.0237063,0.0288429;-1.57554,0.650077,-1.57665
-0.136665,-0.0146531,0.0326272;-1.62867,0.67924,-1.5098
-0.120031,-0.0053641,0.0408981;-1.91671,0.825169,-1.29997
-0.122088,-0.00774349,0.04398;-2.04217,0.829342,-1.22277
-0.137761,-0.0130775,0.0469386;-2.04949,0.895664,-1.24597
-0.185606,-0.0345278,0.0324698;-1.52683,0.949101,-1.64926
-0.186526,-0.0328096,0.0301226;-1.52377,0.94194,-1.6206
-0.178956,-0.027389,0.0322726;-1.48347,0.985584,-1.63581
-0.153006,-0.00419744,0.0488918;-1.56755,0.90812,-1.54958
-0.136757,-0.0036301,0.0459395;-1.85629,0.820167,-1.33844
-0.136482,-0.00492277,0.0447834;-1.91068,0.781549,-1.30008
-0.16255,-0.0184995,0.0368287;-1.44316,0.949791,-1.73529
-0.162327,-0.0167478,0.0301533;-1.53361,0.968355,-1.61276
-0.158155,-0.0157051,0.0311728;-1.54661,1.03979,-1.57051
-0.158155,-0.0157051,0.0311728;-1.54661,1.03979,-1.57051
-0.149577,-0.00877509,0.0355491;-1.51023,1.03435,-1.58804
-0.149577,-0.00877509,0.0355491;-1.51023,1.03435,-1.58804
