0,0,0.11;-1.57,-2.98023e-08,-1.57
0,0,0.11;-1.57,-2.98023e-08,-1.57
0,0,0.11;-1.57,-2.98023e-08,-1.57
-0.000281731,-0.001673,0.0286536;-1.57104,-0.228356,-1.57432
-0.000983305,-0.00400891,0.0286733;-1.57077,-0.112358,-1.57522
0.000296544,-0.00547663,0.0290907;-1.55212,-0.011674,-1.5707
0.00402444,-0.005803,0.0372127;-1.41803,0.0602174,-1.59299
0.00256858,0.00652538,0.0338817;-1.54981,-0.0902679,-1.64057
0.00210111,0.0139935,0.0316431;-1.55778,-0.222186,-1.61391
0.000499898,0.0148719,0.0289264;-1.57628,-0.303753,-1.58363
-0.000853581,0.0111868,0.0287307;-1.57611,-0.139377,-1.56972
0.000500583,0.0159571,0.0300601;-1.55565,-0.00265435,-1.55549
0.000648904,0.0230564,0.0311866;-1.56313,0.12799,-1.54645
0.00550381,0.0313475,0.0320408;-1.523,0.140073,-1.5936
0.00425198,0.0309895,0.0314545;-1.56472,0.0598477,-1.61024
0.0041014,0.0344912,0.0292124;-1.57637,0.00725121,-1.58642
0.00363308,0.0338158,0.0288156;-1.57152,0.0141572,-1.58112
0.00303958,0.0295608,0.0299353;-1.57202,0.0892117,-1.59545
0.00346774,0.0208824,0.0341136;-1.49477,0.201308,-1.61244
0.00738138,0.0196559,0.036598;-1.40878,0.295466,-1.61213
0.00727163,0.0235995,0.037201;-1.40599,0.226589,-1.61555
0.00714401,0.0326553,0.032006;-1.50838,0.149709,-1.59244
0.0099087,0.0400359,0.0293535;-1.57535,0.0733453,-1.58922
0.0102403,0.0360444,0.0303022;-1.56671,0.144012,-1.60245
0.0127691,0.0274462,0.0350026;-1.4797,0.25226,-1.62692
0.0147915,0.0169218,0.040491;-1.3348,0.34115,-1.66312
0.0149844,0.0205717,0.0429008;-1.29583,0.305848,-1.67887
0.0121844,0.0416705,0.0345571;-1.48942,0.0918709,-1.61275
0.0123638,0.0466428,0.0287571;-1.57064,0.0529126,-1.57922
0.0123751,0.0459383,0.0285794;-1.57033,0.101084,-1.57037
0.0209956,0.0592299,0.0334227;-1.55844,0.338281,-1.50654
0.0214191,0.0686294,0.035394;-1.55995,0.429939,-1.47775
0.0223769,0.0814009,0.0358357;-1.57301,0.442962,-1.47483
0.0256413,0.0822496,0.0377844;-1.69033,0.314224,-1.48789
0.0265943,0.0773357,0.0371076;-1.68012,0.225204,-1.5038
0.0236241,0.0716672,0.034098;-1.64456,0.169901,-1.52441
0.0206211,0.0724721,0.0381074;-1.65586,0.271993,-1.46047
0.0212374,0.0731257,0.0411804;-1.69545,0.393308,-1.43639
0.0238268,0.0804209,0.0409045;-1.62212,0.488954,-1.46737
0.0389835,0.0966837,0.0319062;-1.61627,0.383669,-1.52668
0.0435518,0.0889411,0.0294206;-1.59278,0.250395,-1.56937
0.0435524,0.0861291,0.0289406;-1.57754,0.140898,-1.5803
0.0421043,0.0842582,0.0286926;-1.57067,0.23124,-1.56525
0.046031,0.0882452,0.0300175;-1.56249,0.327731,-1.54642
0.0506088,0.095904,0.0324365;-1.56098,0.417039,-1.51801
0.0594397,0.118164,0.0321764;-1.55846,0.436885,-1.52302
0.0668887,0.123697,0.0308397;-1.5945,0.358461,-1.54284
0.0742591,0.125586,0.0357883;-1.70616,0.282027,-1.52382
0.0674934,0.124548,0.0415001;-1.78188,0.299899,-1.46104
0.0635173,0.126958,0.040484;-1.72031,0.397708,-1.43227
0.0607165,0.125094,0.0385947;-1.61183,0.509697,-1.43668
0.0733436,0.141511,0.0366091;-1.54861,0.477049,-1.47478
0.0789489,0.142009,0.0330176;-1.55865,0.429518,-1.51393
0.0808038,0.138251,0.0288091;-1.56895,0.352889,-1.56415
0.0774406,0.131844,0.0291006;-1.56924,0.343038,-1.58067
0.0762742,0.130325,0.0291666;-1.55504,0.435695,-1.57909
0.0775162,0.130731,0.0316222;-1.49872,0.559087,-1.60007
0.0847278,0.13631,0.0367011;-1.36991,0.594891,-1.68329
0.0867615,0.141103,0.0395659;-1.33344,0.530172,-1.70123
0.0897774,0.147902,0.0407925;-1.34885,0.464831,-1.7029
0.0897462,0.135608,0.0388963;-1.41836,0.487866,-1.69946
0.0789013,0.126049,0.0393565;-1.39689,0.492509,-1.6875
0.068617,0.116584,0.0370907;-1.38977,0.557607,-1.65883
0.0635282,0.129096,0.0394037;-1.44779,0.611594,-1.56508
0.0729724,0.142939,0.0353812;-1.57008,0.563266,-1.53731
0.0816647,0.153674,0.0346306;-1.67055,0.488918,-1.51286
0.0874375,0.142394,0.0403509;-1.75047,0.309462,-1.47137
0.0846333,0.139141,0.042061;-1.80312,0.355189,-1.45086
0.0811725,0.138942,0.0466076;-1.92103,0.411958,-1.40368
0.0589143,0.141989,0.0419831;-1.77176,0.712357,-1.37889
0.05307,0.146965,0.0406228;-1.64283,0.711512,-1.42154
0.0525616,0.161471,0.0392836;-1.66621,0.669488,-1.41204
0.0705766,0.158212,0.0412628;-1.67463,0.484601,-1.4153
0.0703144,0.145714,0.0419671;-1.72239,0.437506,-1.42062
0.0680659,0.129534,0.0436638;-1.78123,0.419176,-1.42284
0.0561723,0.127772,0.0504956;-1.63433,0.68888,-1.4604
0.0555942,0.123102,0.0510899;-1.43434,0.696924,-1.57931
0.0624839,0.139955,0.044472;-1.4576,0.648173,-1.56352
0.0740228,0.162997,0.0371778;-1.63543,0.502767,-1.44974
0.0762833,0.156258,0.0399725;-1.67954,0.503904,-1.43354
0.0750795,0.145468,0.0411344;-1.73348,0.513517,-1.44282
0.0462716,0.114376,0.0473042;-1.51831,0.701221,-1.51501
0.0392754,0.103735,0.0459652;-1.36393,0.667783,-1.59889
0.0433422,0.116425,0.0476394;-1.39862,0.632746,-1.58205
0.0689442,0.145526,0.0460762;-1.53481,0.504754,-1.49854
0.0724496,0.144106,0.0496641;-1.5574,0.530246,-1.50221
0.0712044,0.131567,0.0526065;-1.59515,0.571245,-1.53416
0.0687093,0.0949128,0.0466545;-1.4931,0.665791,-1.5837
0.0647552,0.0810782,0.0430077;-1.33032,0.659817,-1.6625
0.0687487,0.0953994,0.0422905;-1.36138,0.687305,-1.63745
0.0723087,0.123385,0.0421943;-1.36403,0.626599,-1.65366
0.0744723,0.121047,0.0427221;-1.39154,0.646636,-1.65737
0.076113,0.113203,0.0400119;-1.32178,0.643443,-1.72949
0.073553,0.0891371,0.042686;-1.1992,0.745943,-1.81454
0.0728656,0.0837104,0.0423885;-1.16834,0.810754,-1.866
0.0734813,0.0855411,0.0402967;-1.21347,0.873725,-1.85165
0.0776036,0.0974174,0.0432518;-1.11106,0.900754,-1.94221
0.0731873,0.12711,0.0439759;-1.19076,0.771607,-1.86959
0.0746462,0.125071,0.044373;-1.2556,0.727931,-1.82617
0.0748942,0.108925,0.0434518;-1.22469,0.781486,-1.8458
0.0696333,0.0954614,0.0412549;-1.18046,0.879217,-1.87286
0.0725462,0.103813,0.041742;-1.18207,0.935686,-1.87862
0.0767488,0.119897,0.0431563;-1.16851,1.01185,-1.88105
0.093353,0.147369,0.0313129;-1.49935,0.93609,-1.6122
0.0980927,0.153526,0.0308954;-1.59145,0.947789,-1.52445
0.0901015,0.143333,0.0331148;-1.52089,0.975006,-1.58449
0.0616044,0.0991093,0.0383262;-1.38458,1.00283,-1.6675
0.0626271,0.100582,0.0374969;-1.44531,0.975069,-1.61774
0.0718443,0.117818,0.0309638;-1.56456,0.963967,-1.56034
0.0804034,0.135969,0.0296986;-1.60745,0.86476,-1.54194
0.0807443,0.139841,0.029184;-1.60754,0.909102,-1.54406
0.0777233,0.138555,0.0291792;-1.59915,0.910652,-1.54019
0.0693049,0.125365,0.0306952;-1.59441,0.818166,-1.52763
0.0694851,0.118824,0.0300655;-1.56593,0.813252,-1.56854
0.0749618,0.119581,0.0308912;-1.54319,0.810223,-1.61145
0.0908009,0.132459,0.037481;-1.49567,0.745628,-1.72158
0.0904258,0.140291,0.03519;-1.51627,0.704002,-1.67698
0.0872229,0.141915,0.0289186;-1.56835,0.688641,-1.5866
0.0852588,0.138061,0.0288951;-1.56252,0.745396,-1.56735
0.0865009,0.137931,0.0290714;-1.55828,0.754917,-1.57424
0.0895809,0.138636,0.0290575;-1.5523,0.769937,-1.58552
0.0966433,0.150664,0.0304761;-1.55133,0.650751,-1.61018
0.0974134,0.160749,0.0307257;-1.54907,0.516099,-1.60988
0.0950184,0.162839,0.0295119;-1.56208,0.518726,-1.59538
0.0786123,0.144561,0.0301879;-1.58911,0.585809,-1.56425
0.0669812,0.122879,0.0300631;-1.57135,0.624558,-1.55908
0.06496,0.109805,0.0298133;-1.55384,0.591556,-1.57414
0.0703246,0.121863,0.0292956;-1.57377,0.509778,-1.5877
0.0724729,0.127102,0.0296428;-1.55224,0.440798,-1.59526
0.0732077,0.131255,0.0298049;-1.5538,0.38268,-1.59152
0.0682094,0.127096,0.0290662;-1.56663,0.351998,-1.5802
0.0649991,0.123729,0.029068;-1.55842,0.383768,-1.57248
0.0663801,0.124367,0.0288333;-1.56779,0.421109,-1.56266
0.0740892,0.136251,0.0306884;-1.53879,0.388715,-1.60644
0.0806218,0.149551,0.0334123;-1.54791,0.291491,-1.63887
0.0898383,0.157732,0.035076;-1.53991,0.216518,-1.6534
0.0777638,0.153972,0.0303701;-1.5958,0.3236,-1.57802
0.0693761,0.142484,0.0299492;-1.59938,0.318456,-1.55559
0.0656398,0.132549,0.030424;-1.58833,0.305564,-1.54422
0.0696518,0.121398,0.0294364;-1.57863,0.166749,-1.55757
0.070643,0.122593,0.0289055;-1.56952,0.103369,-1.57825
0.0718155,0.127531,0.0291296;-1.55916,0.0533224,-1.58667
0.0745315,0.121826,0.032111;-1.52911,0.123894,-1.6036
0.0729244,0.104294,0.0328609;-1.51842,0.182272,-1.61025
0.0726854,0.0870637,0.0327353;-1.48772,0.284395,-1.60294
0.0718188,0.0904287,0.0292435;-1.54723,0.23946,-1.58523
0.0704078,0.0958647,0.0286974;-1.57063,0.126329,-1.5761
0.0679205,0.0995399,0.0286408;-1.56781,-0.0283522,-1.57049
0.0676448,0.0994524,0.0296183;-1.5397,-0.0521987,-1.56749
0.0673819,0.0960445,0.0291024;-1.54975,-0.0450322,-1.56547
0.0676409,0.0953697,0.0289508;-1.56402,-0.0418735,-1.5595
0.068682,0.0958117,0.0290336;-1.55416,-0.0370996,-1.57527
0.0695406,0.0976211,0.0291737;-1.55355,-0.0455067,-1.58171
0.0708382,0.102201,0.0293605;-1.54709,-0.0678583,-1.58399
0.0713024,0.108243,0.0315603;-1.51615,-0.122486,-1.57954
0.0689289,0.102537,0.0369877;-1.42961,-0.103236,-1.5783
0.0698322,0.0943196,0.0359645;-1.43066,-0.0317463,-1.57525
0.0722142,0.0900008,0.0358182;-1.42049,0.0330165,-1.57527
0.0746556,0.0944794,0.0346376;-1.44083,0.0415242,-1.57746
0.0781316,0.102518,0.0345088;-1.47816,-0.00548547,-1.59794
0.0725817,0.114235,0.0320786;-1.57887,-0.170999,-1.62255
0.0733934,0.11019,0.0294834;-1.57133,-0.129599,-1.59011
0.0754975,0.104853,0.0317386;-1.54428,-0.0614389,-1.60253
0.0722477,0.0867055,0.0324353;-1.5301,0.0627868,-1.60913
0.0703278,0.089467,0.0297513;-1.54592,0.0227498,-1.58396
0.0687636,0.0937958,0.0287831;-1.5695,-0.0364303,-1.57911
0.0675528,0.098813,0.0286156;-1.57095,-0.222966,-1.57251
0.0677045,0.0978988,0.0286898;-1.56873,-0.179092,-1.57448
0.0682357,0.0952458,0.0294356;-1.54703,-0.144275,-1.56683
0.0741677,0.0861831,0.0303139;-1.53683,-0.0525073,-1.5761
0.0732591,0.0838284,0.0296042;-1.54583,-0.0568787,-1.57659
0.0725472,0.0867517,0.0290795;-1.55927,-0.0744986,-1.57713
0.068988,0.0942121,0.0288729;-1.56506,-0.236169,-1.57788
0.0690399,0.0943377,0.0288754;-1.56929,-0.232669,-1.58318
0.0701396,0.0886302,0.0302622;-1.53668,-0.177799,-1.57541
0.0776164,0.0754535,0.0330123;-1.49767,-0.0271898,-1.55665
0.078544,0.0721771,0.0344742;-1.45983,-0.102654,-1.55343
0.07502,0.0772303,0.0340748;-1.48951,-0.18173,-1.57173
0.0614618,0.0835538,0.0339155;-1.49982,-0.381488,-1.57559
0.056019,0.0811977,0.032315;-1.49422,-0.414429,-1.53458
0.0520305,0.0734085,0.0323405;-1.48421,-0.4558,-1.52293
0.0520305,0.0734085,0.0323405;-1.48421,-0.4558,-1.52293
0.0514758,0.0697511,0.0342671;-1.44152,-0.446936,-1.50624
0.0514758,0.0697511,0.0342671;-1.44152,-0.446936,-1.50624
