0,0,0.11;-1.57,-2.98023e-08,-1.57
0,0,0.11;-1.57,-2.98023e-08,-1.57
0,0,0.11;-1.57,-2.98023e-08,-1.57
-0.00132643,-0.00255476,0.0288027;-1.56374,-0.295165,-1.56404
-0.000561599,-0.000294309,0.0286931;-1.57091,-0.212463,-1.56536
-0.000583369,0.000657715,0.0297535;-1.58816,-0.0782815,-1.57367
-0.000595988,0.0030237,0.0349531;-1.6247,0.0876679,-1.57826
6.83356e-05,0.00479468,0.0287266;-1.57032,-0.126748,-1.56397
-0.00191547,0.000783434,0.0290764;-1.54968,-0.261961,-1.56143
-0.00336394,-0.00183164,0.0289679;-1.55208,-0.35475,-1.56291
-0.0024987,0.000817934,0.0285817;-1.57049,-0.224864,-1.57064
-0.00346668,-0.00317867,0.0298645;-1.57873,-0.0855392,-1.58312
-0.00203857,-0.00969332,0.0383866;-1.52936,0.061872,-1.60149
-0.000736506,-0.00119158,0.0299185;-1.56271,0.0585856,-1.57953
-0.000972415,0.00140264,0.0285917;-1.5707,0.0155577,-1.57003
-0.00255124,-0.00134832,0.0289054;-1.56054,-0.112883,-1.56354
-0.0027393,-0.00217605,0.0285929;-1.56992,-0.109633,-1.56989
-0.00301479,-0.00473574,0.0293111;-1.56831,0.0080857,-1.5795
-0.00272129,-0.0127271,0.0368023;-1.44952,0.13429,-1.61112
-0.00277968,-0.0259691,0.0382198;-1.39081,0.205729,-1.61423
-0.00486018,-0.0198344,0.0354194;-1.44136,0.135957,-1.59309
-0.00574409,-0.0114162,0.0286324;-1.57038,0.0452817,-1.56882
-0.00865721,-0.0156234,0.0289459;-1.55722,-0.144893,-1.56452
-0.00806323,-0.0152017,0.0285799;-1.57081,-0.113308,-1.57066
-0.008959,-0.0161419,0.0307198;-1.60926,-0.00185651,-1.57891
-0.00988487,-0.0183841,0.0364759;-1.7,0.0786815,-1.57194
-0.013942,-0.0309571,0.0289524;-1.57335,0.0658189,-1.57583
-0.0177606,-0.0367108,0.0288081;-1.56532,-0.218392,-1.56381
-0.017436,-0.0363795,0.0289411;-1.55611,-0.215324,-1.56445
-0.0159286,-0.0341765,0.0286638;-1.56941,-0.116501,-1.56734
-0.0191383,-0.0248922,0.0348638;-1.68212,0.205555,-1.55714
-0.0228238,-0.0315057,0.0400864;-1.72647,0.324879,-1.55513
-0.0270505,-0.0487197,0.0380963;-1.62578,0.28958,-1.56384
-0.0344141,-0.0616475,0.0286046;-1.57082,-0.00928603,-1.56968
-0.0359512,-0.0637652,0.0288074;-1.56517,-0.109815,-1.56487
-0.0352803,-0.0633079,0.0290793;-1.54746,-0.085595,-1.56747
-0.0312562,-0.0569197,0.030275;-1.57878,0.216067,-1.56334
-0.0336246,-0.0564489,0.0423093;-1.64014,0.395161,-1.54306
-0.0360556,-0.058592,0.040891;-1.66678,0.516626,-1.55254
-0.0410868,-0.0660474,0.0286266;-1.5711,0.309746,-1.56794
-0.0436557,-0.0683787,0.0288249;-1.56757,0.179544,-1.56221
-0.0461222,-0.0703419,0.0288334;-1.56492,0.0795005,-1.56495
-0.0431576,-0.0707413,0.0289877;-1.56343,0.275802,-1.57957
-0.0418527,-0.0774134,0.0355791;-1.4541,0.418043,-1.6408
-0.0400721,-0.0864798,0.0408588;-1.3032,0.546805,-1.7126
-0.0401095,-0.0707843,0.0290317;-1.55559,0.40336,-1.57821
-0.0409542,-0.0710867,0.0286881;-1.57106,0.262357,-1.56459
-0.0440896,-0.0740585,0.0289116;-1.5591,0.147774,-1.56806
-0.0433395,-0.0739468,0.0286087;-1.57086,0.219279,-1.57247
-0.0432125,-0.076264,0.031699;-1.53845,0.31161,-1.60341
-0.0431407,-0.081045,0.0403941;-1.45114,0.451228,-1.65719
-0.0436415,-0.0802894,0.028515;-1.57381,0.307338,-1.56974
-0.0449069,-0.0814369,0.0286769;-1.57059,0.205798,-1.56622
-0.0474288,-0.0837033,0.0289536;-1.5564,0.0977653,-1.56841
-0.0473201,-0.0836228,0.0285801;-1.57079,0.0943544,-1.57094
-0.0472687,-0.0853786,0.031813;-1.62393,0.13574,-1.56313
-0.0502086,-0.0908944,0.0413356;-1.70923,0.26937,-1.53995
-0.0690205,-0.123051,0.0289163;-1.56136,0.324095,-1.5772
-0.071313,-0.123055,0.0285657;-1.57137,0.222572,-1.5709
-0.0732906,-0.124335,0.0287864;-1.5671,0.130238,-1.56512
-0.070048,-0.121444,0.0286402;-1.56819,0.24973,-1.57039
-0.0680627,-0.115817,0.0302457;-1.59702,0.405563,-1.55394
-0.0676895,-0.107737,0.0366101;-1.74038,0.559714,-1.48921
-0.0862642,-0.124511,0.0361037;-1.71818,0.679873,-1.49739
-0.100765,-0.141526,0.0290285;-1.55124,0.578397,-1.58635
-0.103844,-0.141071,0.0286036;-1.57101,0.432261,-1.56936
-0.104385,-0.141561,0.0286949;-1.57079,0.388191,-1.56526
-0.101502,-0.141464,0.0287865;-1.55985,0.51022,-1.5763
-0.0977122,-0.142208,0.0326163;-1.50749,0.647048,-1.62531
-0.0922955,-0.1406,0.0430245;-1.59069,0.916859,-1.5815
-0.0933578,-0.141208,0.0384173;-1.63701,0.818776,-1.54051
-0.0963234,-0.143242,0.028708;-1.5616,0.691045,-1.5755
-0.10153,-0.145492,0.0287678;-1.56939,0.464558,-1.56365
-0.100241,-0.145142,0.0286357;-1.57081,0.518869,-1.5682
-0.0993331,-0.146298,0.0290917;-1.56044,0.594555,-1.58402
-0.0907879,-0.14847,0.0434631;-1.36403,0.831721,-1.74908
-0.0837424,-0.140995,0.043909;-1.54502,0.747834,-1.60883
-0.0790081,-0.136979,0.0287369;-1.57446,0.674448,-1.57294
-0.0843896,-0.139721,0.0288633;-1.56344,0.421747,-1.56695
-0.0850288,-0.139946,0.02861;-1.56927,0.396998,-1.57136
-0.0843216,-0.140036,0.0286151;-1.57087,0.430776,-1.57279
-0.0830606,-0.141715,0.0443488;-1.64847,0.677104,-1.54376
-0.0913416,-0.149592,0.0443283;-1.62588,0.713365,-1.54741
-0.102048,-0.16025,0.0287586;-1.56086,0.707031,-1.57812
-0.106317,-0.161426,0.0289529;-1.55592,0.533431,-1.57312
-0.108087,-0.161808,0.0286086;-1.56894,0.471526,-1.57189
-0.107246,-0.161752,0.028586;-1.57132,0.480537,-1.57092
-0.109753,-0.164659,0.041982;-1.78645,0.662089,-1.43271
-0.118616,-0.168337,0.044904;-1.79214,0.701644,-1.41918
-0.142851,-0.184047,0.0293678;-1.52927,0.766346,-1.61411
-0.146109,-0.184,0.0287477;-1.57026,0.617387,-1.56353
-0.14509,-0.183617,0.0286875;-1.56409,0.66096,-1.57501
-0.143495,-0.183262,0.0288279;-1.55495,0.690299,-1.58097
-0.12962,-0.176053,0.0387888;-1.73074,0.928664,-1.4665
-0.131143,-0.176113,0.0405152;-1.91293,0.94619,-1.31997
-0.149012,-0.190202,0.0327315;-1.51308,1.01456,-1.63343
-0.163754,-0.193472,0.0286587;-1.57098,0.761152,-1.56691
-0.163995,-0.194483,0.0288288;-1.56699,0.68979,-1.56427
-0.161139,-0.194456,0.0289937;-1.54767,0.778397,-1.58333
-0.157219,-0.194982,0.0299457;-1.53952,0.876791,-1.6053
-0.137429,-0.183973,0.0424478;-1.94593,1.12161,-1.27509
-0.148458,-0.188158,0.0380666;-1.92705,1.1391,-1.27442
-0.169884,-0.198394,0.0289981;-1.53482,1.06246,-1.6045
-0.17399,-0.198728,0.0287357;-1.57035,0.836044,-1.5639
-0.174068,-0.198806,0.0285799;-1.57032,0.821053,-1.57133
-0.173474,-0.199359,0.0286183;-1.571,0.848403,-1.57271
-0.166568,-0.202773,0.0439345;-1.59611,1.1098,-1.57961
-0.171727,-0.207547,0.042405;-1.72102,1.19514,-1.44822
-0.182811,-0.212659,0.0288072;-1.54305,1.22523,-1.59824
-0.190143,-0.211164,0.0287781;-1.56481,0.958935,-1.56973
-0.191306,-0.210873,0.0285775;-1.5706,0.905797,-1.57125
-0.190957,-0.211063,0.0285769;-1.57093,0.903139,-1.57086
-0.196157,-0.21617,0.0416315;-1.48123,1.15619,-1.68991
-0.205002,-0.217163,0.0430443;-1.61578,1.21479,-1.55167
-0.220457,-0.221823,0.0292044;-1.50442,1.28111,-1.64087
-0.221461,-0.220887,0.0287621;-1.56649,1.15443,-1.56715
-0.223238,-0.220566,0.0287505;-1.56018,1.09913,-1.57556
-0.223327,-0.220342,0.0286432;-1.56443,1.07026,-1.57643
-0.226618,-0.226236,0.0379611;-1.43049,1.20888,-1.72618
-0.236136,-0.230766,0.0409236;-1.37747,1.2579,-1.78194
-0.253025,-0.237643,0.0329845;-1.26223,1.28302,-1.87453
-0.25726,-0.234411,0.0287353;-1.57129,1.09863,-1.56293
-0.256624,-0.234355,0.0287376;-1.57131,1.09581,-1.56258
-0.255359,-0.234433,0.028715;-1.55944,1.13609,-1.57903
-0.239571,-0.236947,0.0333722;-1.45152,1.25818,-1.70351
-0.232637,-0.236409,0.0421428;-2.11496,1.30845,-1.06491
-0.236722,-0.23557,0.0421306;-2.27813,1.29814,-0.896911
-0.269308,-0.237862,0.0285825;-1.57115,1.23544,-1.57032
-0.270207,-0.23868,0.0287402;-1.57037,1.14486,-1.56315
-0.26938,-0.238776,0.0287946;-1.56294,1.16146,-1.57091
-0.257982,-0.241712,0.0290291;-1.58965,1.26709,-1.55621
-0.241106,-0.239898,0.0375181;-2.40411,1.37285,-0.744356
-0.23885,-0.23609,0.0394907;-3.12294,1.38064,-0.0417344
-0.291789,-0.233963,0.0287644;-1.3297,1.52385,-1.81252
-0.29379,-0.232883,0.0286984;-1.57851,1.42838,-1.55716
-0.295016,-0.232531,0.028748;-1.56571,1.36675,-1.56804
-0.29325,-0.233912,0.028656;-1.56761,1.42016,-1.57805
-0.289761,-0.237287,0.0329219;-0.478049,1.54913,-2.68594
-0.283399,-0.241069,0.0444602;1.898,1.39112,1.22391
-0.301425,-0.232792,0.0288082;1.51624,1.25976,1.6177
-0.30337,-0.230915,0.0286047;1.56972,1.34989,1.57324
-0.306354,-0.228787,0.0287263;1.57142,1.47824,1.57809
-0.306825,-0.228171,0.0290964;1.09546,1.53199,2.0383
-0.305069,-0.231508,0.0330117;1.00149,1.46665,2.10817
-0.309077,-0.235325,0.0405175;0.877394,1.28419,2.20339
-0.318464,-0.232885,0.0304874;1.41962,1.30575,1.71195
-0.317899,-0.23157,0.0286216;1.57018,1.39687,1.5735
-0.319758,-0.230822,0.0287304;1.5532,1.50435,1.5962
-0.320975,-0.229044,0.0286895;-1.46885,1.51786,-1.6727
-0.316802,-0.231809,0.0301644;-1.37533,1.51491,-1.78135
-0.30428,-0.239699,0.0382572;2.7721,1.47789,0.370564
-0.303403,-0.240539,0.0328317;2.52415,1.48197,0.618998
-0.310961,-0.237818,0.028523;-2.17376,1.56613,-0.967917
-0.312049,-0.237511,0.0287471;-1.57145,1.4843,-1.56207
-0.311151,-0.237714,0.0287014;-1.51897,1.47661,-1.6207
-0.309626,-0.238835,0.029018;-1.67568,1.48303,-1.46052
-0.307321,-0.24088,0.0347466;-2.46394,1.45631,-0.656015
-0.313002,-0.239282,0.0365711;-2.89323,1.44318,-0.237581
-0.329117,-0.235334,0.0289747;-1.40799,1.51035,-1.74332
-0.330682,-0.234392,0.0285759;-1.57283,1.46873,-1.56896
-0.328906,-0.235643,0.0287745;-1.49106,1.50165,-1.64654
-0.326331,-0.237864,0.028666;1.58642,1.55268,1.55946
-0.317029,-0.242379,0.0306849;1.8084,1.44014,1.34457
-0.302351,-0.238363,0.0384426;2.08705,1.18157,1.07726
-0.313368,-0.23205,0.0349242;1.92782,1.21893,1.22725
-0.332862,-0.221429,0.0288439;1.53476,1.24315,1.60405
-0.336484,-0.218562,0.0287521;1.57155,1.40477,1.57853
-0.336126,-0.219015,0.0286132;1.56524,1.40059,1.57683
-0.334278,-0.221898,0.0292354;1.49658,1.35815,1.63527
-0.313682,-0.241736,0.0428409;1.82341,1.08119,1.32421
-0.307861,-0.242418,0.0424762;2.05872,0.982715,1.13495
-0.32315,-0.227519,0.0291229;1.52836,0.979446,1.60503
-0.327654,-0.220294,0.0287579;1.56583,1.2554,1.58257
-0.328442,-0.21897,0.0286207;1.56809,1.31864,1.57524
-0.328329,-0.219236,0.0287084;1.55361,1.32701,1.58501
-0.314578,-0.234456,0.0403675;1.77899,1.19997,1.36229
-0.301985,-0.239998,0.0405299;2.06751,1.10627,1.12939
-0.31149,-0.232203,0.0282998;1.52491,1.11858,1.60595
-0.315068,-0.227416,0.0289309;1.5317,1.32091,1.61593
-0.317006,-0.22467,0.0287874;1.49763,1.44419,1.64429
-0.317008,-0.224936,0.0285664;1.56287,1.4933,1.57856
-0.317008,-0.224936,0.0285664;1.56287,1.4933,1.57856
-0.316127,-0.228652,0.0310175;2.21217,1.50948,0.936518
-0.316127,-0.228652,0.0310175;2.21217,1.50948,0.936518
