0,0,0.11;-1.57,-2.98023e-08,-1.57
0,0,0.11;-1.57,-2.98023e-08,-1.57
0,0,0.11;-1.57,-2.98023e-08,-1.57
-0.000874408,-0.00101757,0.0285913;-1.57067,-0.261329,-1.57016
-0.000857289,-0.00110956,0.028596;-1.57097,-0.187037,-1.5717
-0.00017668,0.00299062,0.0294389;-1.59466,-0.079824,-1.57877
-0.00233584,0.0111033,0.0359987;-1.7141,0.0702351,-1.57247
-0.00611625,0.00104911,0.0285796;-1.57067,0.0109045,-1.57076
-0.00623515,0.000102411,0.0286082;-1.57087,-0.0405185,-1.56947
-0.00623244,-0.000819342,0.0285946;-1.57077,-0.089735,-1.57006
-0.00655454,-0.000646761,0.0287129;-1.57081,-0.0148024,-1.57687
-0.0030096,0.00508384,0.0298664;-1.57397,0.0628611,-1.59223
0.00726778,0.0306462,0.0359531;-1.71829,0.146004,-1.55704
0.0131876,0.0397995,0.0316712;-1.63832,0.0713246,-1.57124
0.0140574,0.0383729,0.0286554;-1.56903,0.0208978,-1.57592
0.0135362,0.0379161,0.0286196;-1.56872,-0.0127032,-1.57083
0.0131177,0.0362771,0.028673;-1.57069,0.0431432,-1.57517
0.0116427,0.0322334,0.0296408;-1.57667,0.175105,-1.58952
0.0146687,0.0336216,0.0338448;-1.56553,0.325454,-1.60896
0.0189872,0.0467985,0.0389813;-1.71707,0.444781,-1.56025
0.0173155,0.0432432,0.0335308;-1.65029,0.366647,-1.56368
0.0160287,0.0415855,0.0286363;-1.57113,0.255251,-1.57353
0.0174214,0.0431223,0.0285788;-1.57078,0.0354448,-1.57089
0.0170264,0.0424569,0.0287359;-1.57262,0.0830002,-1.57894
0.0179548,0.0421086,0.0301111;-1.57409,0.136145,-1.59338
0.0199184,0.0452825,0.0325757;-1.59306,0.226674,-1.59551
0.0177809,0.0412352,0.0288374;-1.57026,0.274846,-1.58293
0.0174194,0.0385192,0.0286429;-1.57411,0.343414,-1.5695
0.0177311,0.0379667,0.0285811;-1.57108,0.300972,-1.57104
0.0178885,0.038228,0.0285785;-1.57081,0.297947,-1.57078
0.0218438,0.0476161,0.0325416;-1.55445,0.299713,-1.6163
0.0316612,0.0693088,0.0380439;-1.69934,0.335772,-1.56345
0.039154,0.0856613,0.0365747;-1.73682,0.277423,-1.53079
0.0384215,0.0845428,0.0285751;-1.57091,0.202168,-1.57072
0.0372489,0.0842333,0.0286753;-1.56615,0.156941,-1.57151
0.037287,0.084587,0.0286023;-1.5697,0.163556,-1.57091
0.035125,0.0818871,0.0301057;-1.58882,0.285675,-1.58098
0.0358054,0.0814904,0.0367507;-1.65772,0.445856,-1.57063
0.0374209,0.0854754,0.0396132;-1.74194,0.51807,-1.52224
0.0276385,0.0735576,0.0285787;-1.57102,0.547193,-1.57083
0.0271546,0.0731607,0.0286166;-1.57089,0.472357,-1.56893
0.0266944,0.0727869,0.028601;-1.57062,0.437063,-1.57002
0.0288419,0.0740956,0.0290805;-1.59134,0.389986,-1.56566
0.0307761,0.0736406,0.0334015;-1.67034,0.390208,-1.53198
0.0315917,0.0745009,0.0378395;-1.76104,0.412665,-1.48937
0.018896,0.0665031,0.0288648;-1.56642,0.497038,-1.58258
0.0187249,0.0646771,0.0285494;-1.57308,0.602899,-1.56921
0.0187932,0.0645335,0.028613;-1.57094,0.612561,-1.5691
0.0190883,0.0647577,0.028677;-1.57052,0.621694,-1.57553
0.0208214,0.0637792,0.0307735;-1.57144,0.648802,-1.59614
0.0260249,0.0671949,0.038076;-1.65062,0.673731,-1.57246
0.0201904,0.0641826,0.0287524;-1.57026,0.67408,-1.57929
0.0199068,0.0637289,0.0285767;-1.57076,0.693866,-1.5707
0.0198274,0.0634061,0.0286034;-1.57087,0.686946,-1.56964
0.0206136,0.0643811,0.0287004;-1.5705,0.683013,-1.57691
0.0229013,0.0657586,0.030681;-1.59499,0.710515,-1.57603
0.026212,0.0673836,0.0393601;-1.71924,0.748088,-1.51398
0.00428651,0.0426796,0.0289872;-1.56102,0.682944,-1.589
0.00336415,0.0420007,0.0285809;-1.57081,0.644118,-1.5708
0.0034357,0.0421902,0.0287754;-1.58131,0.646598,-1.5634
0.00447145,0.0440305,0.0286305;-1.57066,0.608895,-1.57323
0.0109492,0.0547973,0.0298398;-1.57266,0.526106,-1.58659
0.0246173,0.0675832,0.0370406;-1.75127,0.470845,-1.49801
0.0239887,0.0622477,0.0336676;-1.67231,0.37677,-1.53416
0.0222441,0.0580926,0.0287133;-1.57029,0.342688,-1.57698
0.0218382,0.0568033,0.0285789;-1.57064,0.394468,-1.57093
0.0233436,0.0571262,0.0285779;-1.57081,0.530115,-1.57072
0.0235995,0.0571013,0.0287351;-1.5704,0.564897,-1.5787
0.0294757,0.0655066,0.0308373;-1.56646,0.576723,-1.59765
0.0438029,0.0808208,0.0400712;-1.81642,0.497792,-1.46889
0.0394625,0.0728491,0.0366464;-1.74043,0.400865,-1.50358
0.0324711,0.0633747,0.0285063;-1.5707,0.293182,-1.574
0.0330535,0.063883,0.028585;-1.57072,0.249487,-1.57054
0.033421,0.063672,0.0285766;-1.57109,0.313212,-1.57077
0.032994,0.0644255,0.0292403;-1.59459,0.387349,-1.56634
0.0346942,0.0697504,0.0401395;-1.83076,0.445393,-1.46495
0.0308074,0.0618065,0.0393885;-1.80009,0.37611,-1.48453
0.0131142,0.0360248,0.0306614;-1.61817,0.335492,-1.55608
0.00809447,0.028305,0.0288143;-1.58081,0.460919,-1.56392
0.00842444,0.02922,0.0285795;-1.57115,0.472538,-1.57051
0.00980528,0.0318262,0.0289256;-1.56126,0.455939,-1.58369
0.0301599,0.0694164,0.0404979;-1.80703,0.423808,-1.49536
0.0305174,0.065973,0.0382161;-1.7644,0.378723,-1.50979
0.0243399,0.0502086,0.0300473;-1.60753,0.307596,-1.56656
0.0219511,0.0468796,0.0287585;-1.57559,0.296984,-1.56532
0.0221955,0.0489923,0.0285801;-1.57075,0.397021,-1.57071
0.0233114,0.0470103,0.0289817;-1.55805,0.503316,-1.58538
0.0437174,0.0810226,0.0382707;-1.63402,0.658858,-1.58932
0.0497597,0.0969635,0.0405578;-1.78533,0.56482,-1.49779
0.0435064,0.0854832,0.0305957;-1.61737,0.492381,-1.55676
0.0400606,0.0807213,0.0287699;-1.57692,0.378571,-1.56517
0.0409326,0.0826177,0.028554;-1.56926,0.465477,-1.57269
0.041759,0.083012,0.0287421;-1.5695,0.496164,-1.57802
0.075454,0.128272,0.0371405;-1.76185,0.520435,-1.48892
0.0802856,0.130661,0.0360433;-1.73921,0.455146,-1.50093
0.0785643,0.128083,0.0334205;-1.6816,0.45121,-1.52653
0.0751038,0.121843,0.0285779;-1.57074,0.414989,-1.57087
0.0752168,0.123361,0.0288541;-1.58218,0.479736,-1.56262
0.0757544,0.124088,0.0285743;-1.57082,0.485366,-1.5709
0.0796175,0.132868,0.0301368;-1.55458,0.442501,-1.59449
0.115654,0.186248,0.0385912;-1.79168,0.402219,-1.48879
0.120903,0.185573,0.0334136;-1.67503,0.302153,-1.54064
0.121702,0.181282,0.0285806;-1.56941,0.211073,-1.57273
0.120616,0.180373,0.0286252;-1.57094,0.19373,-1.56856
0.121347,0.181766,0.0285771;-1.5708,0.265142,-1.57094
0.122277,0.17922,0.0288644;-1.56883,0.394905,-1.5838
0.144043,0.204964,0.0382852;-1.74637,0.563901,-1.51163
0.150656,0.211858,0.036507;-1.74884,0.502006,-1.49404
0.146472,0.206978,0.0288712;-1.58005,0.491681,-1.57203
0.1452,0.205553,0.028609;-1.57096,0.453853,-1.56929
0.145522,0.206577,0.0285839;-1.57119,0.489984,-1.57038
0.145492,0.206391,0.028799;-1.56844,0.504065,-1.58035
0.163011,0.221361,0.0365277;-1.60871,0.657977,-1.596
0.174938,0.238974,0.0368384;-1.74205,0.622333,-1.49142
0.172782,0.238888,0.0286954;-1.56964,0.633276,-1.57764
0.171654,0.237065,0.0286083;-1.57096,0.625772,-1.56929
0.171868,0.237574,0.0286754;-1.5764,0.639959,-1.56735
0.171855,0.237114,0.0286601;-1.56898,0.661026,-1.57444
0.18446,0.251545,0.0365948;-1.44485,0.686043,-1.68336
0.194289,0.27014,0.0397099;-1.57705,0.673365,-1.5961
0.194355,0.273785,0.0342736;-1.6701,0.657557,-1.52715
0.189413,0.269062,0.0286054;-1.57102,0.638882,-1.56971
0.188969,0.268394,0.0285973;-1.57115,0.623498,-1.56991
0.18909,0.268787,0.0285765;-1.57092,0.644222,-1.57075
0.191865,0.264675,0.0324277;-1.53431,0.737512,-1.62964
0.198299,0.268428,0.03697;-1.40153,0.805378,-1.71282
0.19926,0.275233,0.0354606;-1.40602,0.767833,-1.69225
0.197477,0.276801,0.0285786;-1.57056,0.791471,-1.57086
0.19712,0.276695,0.028818;-1.58734,0.803808,-1.55905
0.196518,0.276764,0.0288627;-1.59006,0.831302,-1.55731
0.196957,0.2833,0.0304143;-1.5456,0.731781,-1.60538
0.203257,0.293466,0.0345441;-1.50058,0.699285,-1.65572
0.208764,0.301087,0.0363754;-1.45896,0.708248,-1.67564
0.205681,0.299185,0.028556;-1.57175,0.736944,-1.56958
0.205586,0.299293,0.0286914;-1.57753,0.741556,-1.56596
0.205629,0.299464,0.0286612;-1.57607,0.763628,-1.56705
0.206116,0.299225,0.0288885;-1.55744,0.78647,-1.5861
0.209239,0.302238,0.0317781;-1.53268,0.766239,-1.62376
0.215289,0.311965,0.0365467;-1.47633,0.746375,-1.67235
0.210772,0.312336,0.0289062;-1.56188,0.736891,-1.58578
0.210516,0.312512,0.028582;-1.57129,0.729134,-1.57032
0.210461,0.312487,0.0286332;-1.57229,0.723175,-1.56838
0.211413,0.312734,0.0286437;-1.57063,0.829188,-1.5742
0.212014,0.309044,0.0304227;-1.5497,0.881917,-1.60328
0.213927,0.303669,0.033809;-1.46144,0.918077,-1.67532
0.201297,0.284906,0.0289307;-1.5492,0.89919,-1.59086
0.200989,0.284686,0.0285817;-1.57145,0.912712,-1.57078
0.201098,0.285008,0.0289862;-1.60012,0.914749,-1.54948
0.201208,0.286027,0.0287839;-1.56006,0.883616,-1.58195
0.204994,0.294123,0.0309534;-1.53711,0.826994,-1.61328
0.211571,0.306135,0.0360026;-1.45769,0.772589,-1.68237
0.201277,0.303261,0.0295682;-1.55452,0.639368,-1.592
0.200088,0.305444,0.028576;-1.57038,0.541541,-1.57065
0.200123,0.30541,0.0288049;-1.57871,0.524598,-1.56286
0.200824,0.306917,0.0285793;-1.57101,0.598139,-1.5707
0.201571,0.306699,0.0292316;-1.56789,0.614118,-1.58673
0.204511,0.306239,0.0328856;-1.54176,0.662172,-1.62995
0.210622,0.318518,0.0358249;-1.66858,0.603567,-1.53214
0.205703,0.318044,0.0286632;-1.57101,0.468659,-1.57631
0.205939,0.31845,0.0285831;-1.57126,0.399025,-1.57029
0.207756,0.319326,0.0285771;-1.57082,0.443056,-1.57091
0.207391,0.319375,0.0287208;-1.57585,0.492899,-1.5711
0.209047,0.321623,0.030698;-1.62721,0.55716,-1.54491
0.207282,0.323474,0.0380405;-1.80184,0.587415,-1.442
0.197185,0.312695,0.0331374;-1.67561,0.53008,-1.51615
0.183808,0.301917,0.0285084;-1.56923,0.521985,-1.57215
0.184502,0.303166,0.0286494;-1.57082,0.572974,-1.56729
0.184931,0.303817,0.0285754;-1.57084,0.620645,-1.57074
0.18662,0.30425,0.0289488;-1.56853,0.690541,-1.58497
0.202132,0.313568,0.039771;-1.84995,0.68563,-1.40616
0.197474,0.307432,0.0383058;-1.78595,0.585693,-1.4476
0.17959,0.293343,0.0288108;-1.56228,0.51176,-1.58385
0.179132,0.292746,0.0286551;-1.57073,0.465533,-1.56689
0.179953,0.293994,0.0285695;-1.57085,0.543445,-1.57124
0.179783,0.29259,0.0288103;-1.57022,0.657377,-1.58231
0.191679,0.295397,0.0362968;-1.59746,0.906634,-1.59512
0.18722,0.292182,0.0408288;-1.77867,0.857403,-1.4597
0.173445,0.281187,0.028902;-1.55869,0.781137,-1.58602
0.173461,0.281811,0.0288547;-1.58309,0.64857,-1.56002
0.174096,0.282161,0.0285907;-1.57141,0.67751,-1.56947
0.175017,0.282503,0.0287353;-1.56943,0.692062,-1.57849
0.175017,0.282503,0.0287353;-1.56943,0.692062,-1.57849
0.182561,0.285032,0.0311537;-1.55614,0.770181,-1.60721
0.182561,0.285032,0.0311537;-1.55614,0.770181,-1.60721
