0,0,0.11;-1.57,-2.98023e-08,-1.57
0,0,0.11;-1.57,-2.98023e-08,-1.57
0,0,0.11;-1.57,-2.98023e-08,-1.57
-0.000668312,-0.00026567,0.0286044;-1.57075,-0.255727,-1.56953
-0.000270292,-0.000610361,0.0286193;-1.57144,-0.159458,-1.57275
0.000872128,-0.00168809,0.0300144;-1.56771,0.00203613,-1.58946
0.00571457,0.00854271,0.0387321;-1.67415,0.128066,-1.60999
0.00682178,0.0107613,0.028925;-1.57114,-0.0943191,-1.58668
0.00771102,0.0126031,0.0289431;-1.5838,-0.157895,-1.57749
0.00785938,0.0123737,0.0285889;-1.57075,-0.165382,-1.57039
0.0116459,0.0169555,0.0290904;-1.54839,0.0641106,-1.56954
0.0116634,0.0173964,0.0331682;-1.49991,0.247357,-1.5775
0.009367,0.00914571,0.0403436;-1.3811,0.407136,-1.6188
0.0137644,0.0123393,0.0419684;-1.48007,0.331147,-1.60689
0.0152976,0.0186132,0.0341709;-1.49353,0.216139,-1.59025
0.0142787,0.0194505,0.0287895;-1.56958,0.0935014,-1.56156
0.0144258,0.0190276,0.0288747;-1.55863,0.116271,-1.56535
0.0165308,0.0196027,0.0293332;-1.55467,0.233061,-1.57708
0.0176583,0.0147294,0.0329855;-1.49633,0.417265,-1.60494
0.0221128,0.0111717,0.0393918;-1.37038,0.531088,-1.66896
0.0205778,0.0163144,0.034731;-1.48596,0.407061,-1.63449
0.0206054,0.0250662,0.0289616;-1.57146,0.25907,-1.58768
0.0226066,0.0277678,0.0290647;-1.58679,0.16308,-1.57574
0.0209579,0.025497,0.0287322;-1.57065,0.264499,-1.57825
0.0219794,0.0209411,0.0295137;-1.55273,0.381903,-1.58919
0.0229314,0.0118239,0.0357172;-1.43027,0.518222,-1.65091
0.0228877,0.0126687,0.0381181;-1.37738,0.475425,-1.67152
0.0227115,0.0247947,0.0291804;-1.54395,0.175768,-1.56864
0.0204678,0.0226228,0.0292177;-1.54244,0.106444,-1.56551
0.0225059,0.0244183,0.0294296;-1.55359,0.173068,-1.56534
0.026125,0.0240073,0.0363047;-1.42746,0.420101,-1.61071
0.0234862,0.0140602,0.041175;-1.35735,0.586649,-1.65841
0.02045,0.00827394,0.043346;-1.26615,0.556467,-1.72603
0.0241572,0.0284692,0.0285114;-1.56721,0.338795,-1.57335
0.0252472,0.0293909,0.0285913;-1.57523,0.166687,-1.57048
0.0247274,0.0286257,0.0290407;-1.58533,0.185622,-1.57606
0.0182451,0.0181388,0.0325341;-1.56128,0.357592,-1.62821
0.0223359,0.0161939,0.0364213;-1.52711,0.499427,-1.65841
0.0298005,0.0227235,0.0404259;-1.51072,0.569194,-1.65497
0.035661,0.0358607,0.0287676;-1.57017,0.417429,-1.58006
0.0344296,0.0369085,0.028673;-1.57096,0.249383,-1.56578
0.0305518,0.0338782,0.029021;-1.55234,0.0980323,-1.5695
0.0329257,0.0352684,0.029901;-1.54582,0.257271,-1.57751
0.0287232,0.0266301,0.0386218;-1.4433,0.391866,-1.63769
0.025302,0.0186648,0.046461;-1.38165,0.46285,-1.67178
0.0188979,0.0319514,0.040192;-1.35823,0.265427,-1.65059
0.0181358,0.0410641,0.0354;-1.42644,0.182566,-1.5923
0.0166558,0.042311,0.0335161;-1.46217,0.136063,-1.57582
0.023776,0.0445734,0.0332048;-1.49247,0.289498,-1.57758
0.0279891,0.0412948,0.0386268;-1.46914,0.440947,-1.61728
0.0310454,0.0392723,0.0470264;-1.52293,0.558668,-1.6007
0.0458862,0.0461616,0.0435985;-1.56682,0.431602,-1.61736
0.0512185,0.06068,0.0327509;-1.63928,0.35483,-1.56816
0.0549428,0.0636132,0.0286879;-1.57314,0.24203,-1.57304
0.0544856,0.06472,0.0295676;-1.54832,0.370357,-1.56181
0.0541134,0.0669747,0.0319609;-1.54581,0.498193,-1.54706
0.0470544,0.0594085,0.0377766;-1.41344,0.611416,-1.6186
0.0395923,0.0537419,0.043129;-1.28794,0.521546,-1.7255
0.0397957,0.0618403,0.0421093;-1.30377,0.430352,-1.69893
0.0412211,0.0717411,0.0375576;-1.38555,0.35468,-1.6226
0.0403048,0.0711957,0.0369322;-1.38925,0.35383,-1.62297
0.0399557,0.0694999,0.0384996;-1.36024,0.407214,-1.64348
0.0377418,0.0652973,0.0410406;-1.36477,0.517809,-1.63779
0.0342036,0.0591778,0.0453932;-1.24873,0.552588,-1.71704
0.0325546,0.0593523,0.0438739;-1.24915,0.480803,-1.72599
0.0360167,0.0663127,0.0404889;-1.33148,0.440965,-1.68077
0.0507185,0.0752801,0.0290673;-1.55694,0.459593,-1.56587
0.0524321,0.074182,0.0292182;-1.53944,0.526795,-1.58243
0.0539525,0.0751944,0.0315012;-1.52513,0.656501,-1.58045
0.0341434,0.0561475,0.0412715;-1.26166,0.835291,-1.78493
0.0287915,0.0527887,0.041648;-1.23666,0.754772,-1.80841
0.0319553,0.0607541,0.0383261;-1.34657,0.667186,-1.72784
0.0365909,0.0740242,0.0288871;-1.55635,0.443547,-1.57489
0.0367376,0.0740563,0.0290454;-1.545,0.490157,-1.58223
0.0380472,0.0759662,0.0310873;-1.55113,0.625489,-1.55196
0.0270727,0.0687965,0.0430635;-1.29189,0.815671,-1.72788
0.0136512,0.0611507,0.0421477;-1.20842,0.701349,-1.8174
0.0122069,0.0665478,0.042516;-1.24834,0.629418,-1.78341
0.0195962,0.0858962,0.0375338;-1.37262,0.430592,-1.65224
0.0196354,0.0834655,0.0366536;-1.40157,0.463577,-1.65134
0.0178635,0.0772213,0.0359254;-1.40696,0.556344,-1.65917
0.0115157,0.0692534,0.041523;-1.28317,0.685798,-1.72833
0.0101512,0.067219,0.0418755;-1.25748,0.587604,-1.75376
0.0107295,0.0709099,0.0413643;-1.29636,0.531117,-1.73584
0.0153007,0.0916483,0.028945;-1.5524,0.326094,-1.57624
0.0157631,0.0911881,0.0291648;-1.54296,0.346583,-1.58192
0.017746,0.0889157,0.0292219;-1.53566,0.461966,-1.58639
0.0207506,0.0829325,0.0400033;-1.49947,0.68418,-1.60685
0.0202483,0.0796473,0.0471673;-1.49896,0.596269,-1.61722
0.0161219,0.0757773,0.0442746;-1.467,0.5173,-1.65572
0.0135888,0.0755056,0.0376571;-1.47321,0.346912,-1.67039
0.0170422,0.0719193,0.0381478;-1.47727,0.445998,-1.68061
0.0211623,0.0710703,0.0409857;-1.44107,0.503259,-1.70262
0.028014,0.0790682,0.0512133;-1.605,0.679072,-1.5437
0.0347698,0.080439,0.0547162;-1.63773,0.679067,-1.52296
0.0347312,0.0799173,0.0551783;-1.61265,0.70646,-1.54601
0.030225,0.0745821,0.0455989;-1.62869,0.478993,-1.56128
0.0257531,0.0795045,0.031826;-1.60341,0.394818,-1.58532
0.0198343,0.0767428,0.0294753;-1.59358,0.492604,-1.56652
0.0200518,0.0757697,0.0292902;-1.57827,0.647331,-1.57127
0.0237653,0.0813167,0.0414281;-1.80982,0.880859,-1.41525
0.0131574,0.0697122,0.0456213;-1.65312,0.784181,-1.55335
-0.000625668,0.0590194,0.0391128;-1.55493,0.647867,-1.6631
-0.0119708,0.0581619,0.034637;-1.59776,0.491713,-1.62587
-0.0165533,0.0599105,0.0345921;-1.54945,0.624394,-1.65995
-0.0145352,0.0643418,0.0346612;-1.52179,0.78406,-1.62998
0.00568205,0.0820153,0.045411;-1.72847,1.05714,-1.41985
-0.00756694,0.0769359,0.049715;-1.42272,0.981264,-1.67004
-0.0270507,0.0711355,0.0451096;-1.24957,0.816691,-1.84102
-0.032368,0.0783487,0.0413739;-1.34278,0.650787,-1.76584
-0.0324353,0.0796605,0.0394526;-1.34762,0.731052,-1.75091
-0.0346677,0.0767156,0.0368785;-1.32719,0.805534,-1.74473
-0.0347843,0.0710829,0.0418837;-1.27543,1.03837,-1.76748
-0.0475925,0.0657109,0.043975;-1.14333,0.9965,-1.89921
-0.0591591,0.0650669,0.0427852;-1.12074,0.900658,-1.94427
-0.0591963,0.0710431,0.0415884;-1.33237,0.785912,-1.80181
-0.0563625,0.0680238,0.0378029;-1.44258,0.832208,-1.73432
-0.0542684,0.0650531,0.0327586;-1.52169,0.932835,-1.65188
-0.0337991,0.0667737,0.0393172;-1.87304,1.21543,-1.28476
-0.0260438,0.0710288,0.0419473;-2.03883,1.28793,-1.1245
-0.0353962,0.0734828,0.0465848;-1.52235,1.24027,-1.59662
-0.0496204,0.076988,0.0404433;-1.15563,0.987585,-1.93786
-0.04374,0.0845021,0.0379456;-1.26372,0.900467,-1.81539
-0.0418278,0.0857267,0.0382521;-1.29582,0.925992,-1.80886
-0.0375897,0.085515,0.038874;-1.27628,1.14436,-1.77265
-0.0402018,0.0842107,0.0420195;-1.23359,1.23594,-1.81288
-0.0569495,0.0761767,0.0437346;-1.07748,1.18665,-1.97076
-0.0737421,0.078555,0.0418696;-1.16074,0.920053,-1.9309
-0.0662577,0.0876876,0.038968;-1.27633,0.824419,-1.80443
-0.0592346,0.0910503,0.0377708;-1.32596,0.780955,-1.75287
-0.0602891,0.0829993,0.0374344;-1.29016,0.918856,-1.79406
-0.0536811,0.0801676,0.0399775;-1.23132,1.065,-1.83417
-0.0518505,0.0758711,0.0400842;-1.24002,1.14501,-1.82652
-0.0673185,0.0740791,0.0387761;-1.29011,0.918794,-1.82853
-0.0619848,0.0848492,0.0316894;-1.5019,0.79968,-1.64317
-0.0587818,0.0904233,0.028761;-1.568,0.669644,-1.57887
-0.0598808,0.0848706,0.0297511;-1.51919,0.829199,-1.60986
-0.0587904,0.0781499,0.0341334;-1.36418,1.00601,-1.73904
-0.0531311,0.0753917,0.0403664;-1.17795,1.1547,-1.89332
-0.0670547,0.0824621,0.0411417;-1.16395,0.946549,-1.92401
-0.0620831,0.0925733,0.0391916;-1.27392,0.845064,-1.81607
-0.0552176,0.101136,0.0374707;-1.34204,0.754014,-1.74305
-0.0562763,0.0984533,0.0376574;-1.31798,0.851858,-1.77181
-0.0609516,0.0906396,0.0382642;-1.21542,0.992204,-1.86807
-0.0578005,0.0883174,0.0414385;-1.084,1.13623,-1.97294
-0.0591313,0.0897228,0.0454348;-1.16001,1.08322,-1.92772
-0.0594395,0.0876688,0.0441602;-1.2137,0.978896,-1.89678
-0.0602721,0.0873781,0.0411025;-1.23894,0.915073,-1.87988
-0.0593486,0.0868919,0.0380498;-1.28023,0.981957,-1.83275
-0.0624418,0.0802977,0.0355239;-1.2734,1.10589,-1.84386
-0.0622554,0.0752902,0.0354163;-1.21435,1.30824,-1.89042
-0.0685258,0.0746594,0.0366227;-1.07169,1.29138,-2.0526
-0.0686175,0.0811877,0.0350532;-1.3449,1.18669,-1.81407
-0.064474,0.0877774,0.0302586;-1.56023,1.03452,-1.60863
-0.0578947,0.0908563,0.0289178;-1.57025,0.931109,-1.58725
-0.0604495,0.0889168,0.0292189;-1.56415,1.00494,-1.59163
-0.0638419,0.0842543,0.0303504;-1.47523,1.13795,-1.65222
-0.069688,0.074474,0.0384076;-0.853623,1.31117,-2.27252
-0.0724268,0.078657,0.0396602;-0.971747,1.21911,-2.1617
-0.0680882,0.0843667,0.0376314;-1.21444,1.1426,-1.92904
-0.0588063,0.0946031,0.0356859;-1.35812,1.01143,-1.77889
-0.0591179,0.0948599,0.0350231;-1.3423,1.04126,-1.78137
-0.0669592,0.0930702,0.0385689;-1.09682,1.14452,-2.01284
-0.0729167,0.0893673,0.0433702;-0.40275,1.37605,-2.67156
-0.0749101,0.0897029,0.04541;-0.392309,1.31189,-2.69688
-0.067599,0.0870143,0.0428633;-0.525682,1.2944,-2.59319
-0.0504661,0.0821491,0.0322193;-1.45149,1.23777,-1.71921
-0.0509417,0.0833981,0.0343939;-1.45239,1.25507,-1.74208
-0.0566428,0.0843942,0.0355287;-1.30674,1.32827,-1.87993
-0.0634582,0.0821482,0.0431853;-0.958209,1.47874,-2.1776
-0.0566203,0.0836094,0.050458;-1.71042,1.38679,-1.42783
-0.0584352,0.0850806,0.0485559;-1.58042,1.2988,-1.57341
-0.0468247,0.0876543,0.0409773;-1.17182,1.19817,-2.00046
-0.048289,0.092204,0.0437318;-0.954718,1.21055,-2.22152
-0.0518419,0.0945792,0.0417449;-0.845843,1.25501,-2.30415
-0.0484176,0.0926754,0.0416496;-0.0570791,1.43506,-3.022
-0.0436796,0.0972347,0.0447869;-0.206923,1.41287,-2.86877
-0.0417861,0.103459,0.0451791;-0.244295,1.38926,-2.83137
-0.0169178,0.100262,0.0415385;-0.8884,1.29566,-2.20407
-0.0158442,0.0956383,0.0410001;-0.898014,1.19896,-2.22324
-0.0217554,0.09421,0.0432515;-0.803464,1.22012,-2.33858
-0.0217554,0.09421,0.0432515;-0.803464,1.22012,-2.33858
-0.0302816,0.0890991,0.0421398;-0.553149,1.28176,-2.58286
-0.0302816,0.0890991,0.0421398;-0.553149,1.28176,-2.58286
