0,0,0.11;-1.57,-2.98023e-08,-1.57
0,0,0.11;-1.57,-2.98023e-08,-1.57
0,0,0.11;-1.57,-2.98023e-08,-1.57
-0.000482582,-0.000323106,0.028589;-1.57101,-0.256521,-1.57033
-6.20486e-06,-0.000141386,0.0285799;-1.57066,-0.178084,-1.57079
0.000846309,-0.00183242,0.0290626;-1.56651,-0.0479332,-1.57126
0.00570266,-0.0115309,0.02991;-1.55629,0.194444,-1.57474
0.00571904,-0.00263683,0.0285793;-1.57087,0.0301487,-1.57085
0.00437194,-0.00407224,0.0286894;-1.56556,-0.0655943,-1.57036
0.00382863,-0.00425349,0.0285802;-1.5708,-0.095438,-1.5708
0.00544782,-0.00422772,0.0286084;-1.57067,0.0391057,-1.56933
0.00616293,-0.00477287,0.0287647;-1.56776,0.16348,-1.56963
0.00554934,-0.014957,0.0309317;-1.55432,0.328955,-1.58574
0.00310654,-0.0172656,0.0293519;-1.563,0.257419,-1.57842
0.00176645,-0.0119445,0.028805;-1.56948,0.158343,-1.58042
0.00259392,-0.00797864,0.028765;-1.5746,0.0292987,-1.57603
0.00345373,-0.00616958,0.0289402;-1.57033,0.00266716,-1.58809
0.00178528,-0.0103433,0.0318342;-1.61872,0.0906849,-1.58612
0.000503115,-0.0163256,0.036969;-1.67319,0.224636,-1.59376
-0.000877492,-0.0355326,0.038213;-1.6161,0.252326,-1.59302
-0.0060788,-0.0458611,0.031351;-1.51547,0.12577,-1.59212
-0.0102241,-0.0392199,0.0289602;-1.56835,-0.0045615,-1.58664
-0.0132171,-0.0351079,0.0286251;-1.57065,-0.168735,-1.57279
-0.010429,-0.037054,0.0295559;-1.54001,-0.0683296,-1.5704
-0.00546101,-0.0420863,0.0336382;-1.47021,0.0959748,-1.57613
-0.00214312,-0.0410137,0.0373174;-1.41632,0.202629,-1.5833
-0.00137405,-0.0366803,0.0351717;-1.45288,0.200818,-1.5744
-0.00990106,-0.0323421,0.0321373;-1.49875,0.0800888,-1.55871
-0.0111225,-0.0343635,0.0340504;-1.46725,0.0325612,-1.56242
-0.0112044,-0.0341891,0.0320538;-1.49969,0.0162987,-1.57907
-0.00597646,-0.0547662,0.0391997;-1.52942,0.176996,-1.59551
-0.00230419,-0.065433,0.045035;-1.50161,0.272625,-1.59266
-0.000278345,-0.06797,0.04175;-1.49889,0.26781,-1.5969
-0.00254347,-0.0562605,0.0312955;-1.54552,0.127689,-1.60312
-0.00528626,-0.0470806,0.0322518;-1.5538,0.0237011,-1.6172
-0.00159923,-0.0442984,0.0357258;-1.54414,0.00957089,-1.65207
0.0088445,-0.0490243,0.0382397;-1.61993,0.136071,-1.62921
0.0149143,-0.0542348,0.0457546;-1.65724,0.219751,-1.61611
0.0161771,-0.0600613,0.0459721;-1.66108,0.252987,-1.61276
0.0168776,-0.0666138,0.0347928;-1.6103,0.0647666,-1.63131
0.0176276,-0.064803,0.0343169;-1.59179,0.0146335,-1.6398
0.0194856,-0.0605673,0.0346644;-1.59716,-0.0234629,-1.64325
0.0207648,-0.0556869,0.0367999;-1.67625,0.0535387,-1.60944
0.0205154,-0.0528331,0.0405295;-1.68819,0.186284,-1.61749
0.0195037,-0.0512555,0.0426577;-1.6905,0.326147,-1.62307
0.0225597,-0.0463912,0.0359161;-1.64109,0.232037,-1.61152
0.0232481,-0.0470581,0.0303659;-1.57485,0.17529,-1.60076
0.0244893,-0.0427708,0.0294515;-1.57907,0.116903,-1.58671
0.0219424,-0.044315,0.0294771;-1.57207,0.150371,-1.59209
0.0196245,-0.0470923,0.032988;-1.60947,0.269542,-1.57951
0.0182289,-0.050321,0.0377196;-1.65963,0.41808,-1.56922
0.0184258,-0.0499437,0.0286762;-1.57075,0.394501,-1.57537
0.0189962,-0.0481041,0.0285756;-1.57108,0.316216,-1.57062
0.0192643,-0.0473299,0.0285774;-1.57093,0.246859,-1.57078
0.0193408,-0.0472781,0.0286514;-1.57087,0.25116,-1.57416
0.01874,-0.051652,0.0300618;-1.58366,0.33668,-1.58548
0.0195589,-0.0592821,0.0351768;-1.60288,0.427394,-1.57876
0.0135702,-0.0791102,0.0298949;-1.54406,0.400321,-1.58837
0.0134816,-0.0777593,0.0290343;-1.5623,0.373008,-1.58773
0.0136878,-0.0791195,0.0292671;-1.56084,0.381045,-1.58235
0.0170183,-0.0724219,0.033996;-1.49439,0.361229,-1.63521
0.0192121,-0.0701737,0.0365775;-1.47639,0.433629,-1.64276
0.020638,-0.0678046,0.0447947;-1.53835,0.508997,-1.61089
0.021087,-0.0677345,0.0435848;-1.54662,0.506074,-1.60629
0.0188258,-0.0725209,0.0367459;-1.52366,0.43013,-1.62498
0.0166427,-0.0771067,0.0329859;-1.50614,0.420888,-1.62239
0.0196728,-0.0725494,0.0392052;-1.45813,0.37635,-1.68868
0.0201102,-0.0734054,0.0422402;-1.40615,0.39159,-1.71422
0.0242571,-0.0654074,0.0437037;-1.42316,0.380537,-1.67369
0.0347549,-0.0543939,0.0544306;-1.53898,0.410865,-1.59413
0.0289966,-0.0556561,0.0513377;-1.58484,0.325882,-1.57274
0.0174955,-0.0608358,0.0408675;-1.55196,0.295533,-1.60422
0.00432835,-0.070362,0.0397415;-1.45724,0.329912,-1.68956
0.00588625,-0.0717229,0.0386678;-1.46328,0.329214,-1.67428
0.0106826,-0.0658603,0.0357601;-1.49036,0.282992,-1.64126
0.0373744,-0.0415905,0.0490675;-1.47239,0.345934,-1.60975
0.0352739,-0.0460031,0.0458838;-1.51203,0.253284,-1.59175
0.0281536,-0.0478678,0.0319268;-1.50883,0.16558,-1.59167
0.0157901,-0.0580427,0.0301637;-1.60182,0.270286,-1.5723
0.012601,-0.070052,0.0314113;-1.5675,0.41419,-1.61743
0.0158068,-0.0718286,0.0336313;-1.55661,0.44986,-1.64232
0.0324089,-0.0673914,0.0497789;-1.62489,0.621977,-1.57792
0.0306906,-0.0697268,0.0488251;-1.68543,0.599203,-1.53202
0.0214585,-0.0751932,0.0383979;-1.72738,0.555612,-1.52458
0.00933786,-0.0833596,0.0335631;-1.60204,0.624349,-1.61008
0.0101892,-0.082439,0.0361236;-1.56703,0.614342,-1.67823
0.0121111,-0.0818731,0.0349082;-1.56747,0.627198,-1.65999
0.0328972,-0.0751603,0.0506449;-1.66534,0.826214,-1.53336
0.0365525,-0.0740541,0.0487808;-1.74246,0.909892,-1.45838
0.0416267,-0.0718702,0.0390225;-1.87995,0.961709,-1.3418
0.0297317,-0.0750177,0.0323583;-1.63107,1.02317,-1.55529
0.0139103,-0.076366,0.0339598;-1.50744,1.00135,-1.67753
0.00387698,-0.0760591,0.0345768;-1.47466,0.928785,-1.69562
-0.0126414,-0.0725104,0.0420398;-1.22999,0.926962,-1.88986
-0.00852868,-0.0707444,0.0408784;-1.35637,0.855327,-1.77612
0.00355881,-0.0676026,0.0402812;-1.44181,0.832936,-1.69441
0.000599923,-0.0623911,0.0294797;-1.5884,0.745012,-1.56513
-0.00428233,-0.0700638,0.033955;-1.48113,0.88673,-1.67889
-0.00418487,-0.0717706,0.0360784;-1.41202,0.930359,-1.73406
-0.00661562,-0.073139,0.0414648;-1.23028,0.971443,-1.89957
6.09195e-05,-0.0697557,0.0480532;-1.20891,1.0187,-1.89293
0.0190808,-0.0623484,0.0492426;-1.47016,0.922244,-1.64252
0.0387918,-0.0551215,0.0378023;-1.64812,0.878913,-1.45417
0.0250965,-0.0600663,0.03101;-1.53844,0.921932,-1.60153
0.0166681,-0.0641493,0.0341432;-1.44881,0.946375,-1.69777
0.0243581,-0.0638225,0.0394753;-1.48309,0.994087,-1.66091
0.0390397,-0.0617999,0.0515339;-1.80322,1.13024,-1.35389
0.0313639,-0.0631001,0.0529606;-1.67387,1.16005,-1.46533
0.0298899,-0.0624312,0.0443001;-1.68305,1.08656,-1.44572
0.01868,-0.0647699,0.0365179;-1.85405,1.10361,-1.2938
-0.00118022,-0.0683342,0.0387499;-1.89273,1.17386,-1.27096
-0.00746308,-0.0705895,0.0388869;-1.71185,1.21184,-1.4621
-0.00067653,-0.0736536,0.0474751;-2.24003,1.30242,-0.928242
-0.000690627,-0.0756295,0.0469397;-2.19579,1.3249,-0.976686
0.00842466,-0.0786806,0.0374653;-2.19206,1.25059,-0.974866
0.0031469,-0.0778161,0.0323578;-1.89219,1.30924,-1.26416
-0.00974269,-0.0722442,0.0314741;-1.67989,1.41336,-1.49884
-0.017872,-0.0693034,0.0310039;-1.91758,1.48584,-1.24984
-0.0206981,-0.0692678,0.0374047;-3.10916,1.43989,-0.063336
-0.0196571,-0.0679937,0.0362326;2.73481,1.43541,0.38676
-0.0268669,-0.0662946,0.0306614;2.40737,1.5175,0.726312
-0.026198,-0.0673588,0.0286975;-1.7094,1.53092,-1.43252
-0.027129,-0.0671651,0.0286125;0,1.56838,3.13992
-0.0275491,-0.0672073,0.0285796;1.5582,1.55881,1.58335
-0.021775,-0.0665991,0.0306681;1.6872,1.3754,1.45753
-0.0149403,-0.0644208,0.0362654;1.82568,1.21506,1.319
-0.00908305,-0.0618134,0.0328581;1.72358,1.12482,1.41421
-0.012426,-0.0666144,0.0287678;1.59386,1.29862,1.55342
-0.0151089,-0.0656012,0.0287873;1.61378,1.33753,1.52932
-0.016939,-0.0623508,0.0289612;1.61928,1.27847,1.5198
-0.0213959,-0.0548859,0.0380932;1.97183,1.12916,1.21132
-0.0210164,-0.0553744,0.0423136;1.94088,1.04288,1.23961
-0.0187939,-0.056946,0.0465394;1.89298,1.00986,1.28576
-0.0210894,-0.0634785,0.0367871;1.95323,1.13158,1.23298
-0.0280025,-0.0621203,0.0362448;1.87889,1.20096,1.31729
-0.0344644,-0.0546844,0.0366309;1.85877,1.20149,1.344
-0.0475229,-0.0327957,0.0445886;1.55868,1.02999,1.57518
-0.0509037,-0.0287802,0.0507978;1.60665,0.978742,1.54104
-0.0531337,-0.0261696,0.0553009;1.6272,0.940158,1.52692
-0.0416742,-0.0340417,0.0437257;1.67395,1.17765,1.51765
-0.0325291,-0.0404733,0.0385218;1.81684,1.17077,1.41765
-0.0300985,-0.0395573,0.0381489;1.73576,1.15166,1.51122
-0.0419893,-0.00915257,0.0397487;1.37299,0.93386,1.76811
-0.0546993,0.00247283,0.0412982;1.28708,0.798467,1.8163
-0.0546517,0.00201464,0.0457835;1.35398,0.698305,1.76208
-0.0254795,-0.0217604,0.0383611;1.49663,0.892894,1.67544
-0.0243089,-0.0313906,0.0323636;1.55253,1.02445,1.64248
-0.0294047,-0.0278327,0.0341552;1.42602,1.12887,1.74801
-0.0379505,-0.0140186,0.0324283;1.50021,1.10817,1.66521
-0.045365,-0.00553869,0.0378766;1.49646,0.964652,1.63836
-0.0545012,-0.00296261,0.0456381;1.49982,0.840501,1.63214
-0.0441171,-0.0155051,0.0392095;1.49965,0.806439,1.63356
-0.037579,-0.0289425,0.0292367;1.61815,0.903191,1.53554
-0.0395424,-0.0308578,0.0291999;1.59424,1.01922,1.55527
-0.0434903,-0.0284151,0.0300501;1.65434,1.04388,1.49891
-0.0500355,-0.0195491,0.0349636;1.71768,0.925012,1.42566
-0.0566757,-0.0141098,0.0408721;1.71429,0.800016,1.42334
-0.0516088,-0.0265725,0.0407149;1.82792,0.76452,1.34461
-0.0481573,-0.0358099,0.0381431;1.84253,0.858233,1.34573
-0.0481521,-0.0417601,0.0346194;1.78631,0.955152,1.38894
-0.0505492,-0.0396328,0.0334531;1.75067,0.960584,1.41994
-0.0520048,-0.0328974,0.0341069;1.72839,0.884162,1.4348
-0.055545,-0.0208775,0.0367085;1.71123,0.742903,1.43641
-0.0525,-0.0203411,0.0434033;1.65537,0.656956,1.48577
-0.046778,-0.0280318,0.0350439;1.69831,0.750047,1.46932
-0.0481574,-0.0330951,0.0294744;1.61589,0.885353,1.54004
-0.0535734,-0.0291309,0.029117;1.5505,1.044,1.60403
-0.0526645,-0.0291943,0.0296826;1.5514,1.00553,1.61264
-0.0504199,-0.0304638,0.0320101;1.5344,0.911183,1.64415
-0.0631103,-0.0124435,0.0441162;1.31506,0.616081,1.78587
-0.0595411,-0.0172855,0.0439735;1.31475,0.629906,1.78614
-0.0492427,-0.02752,0.0364137;1.43453,0.693007,1.70779
-0.0509266,-0.0205004,0.0342246;1.42314,0.869872,1.7156
-0.0527808,-0.0160884,0.034726;1.38698,0.9005,1.73597
-0.0493908,-0.0188734,0.0341069;1.47938,0.829076,1.68106
-0.0525253,-0.00169357,0.0420057;1.46279,0.552924,1.69356
-0.0568302,0.00912113,0.0411001;1.37392,0.595927,1.74259
-0.0568425,0.0121423,0.038987;1.38208,0.673206,1.7338
-0.0552971,0.00887518,0.0366335;1.40673,0.674988,1.71285
-0.0569701,0.0160885,0.0374353;1.36007,0.72532,1.73883
-0.0572568,0.0138384,0.036021;1.43302,0.686796,1.69421
-0.0572568,0.0138384,0.036021;1.43302,0.686796,1.69421
-0.0596773,0.0177584,0.0374984;1.45935,0.550488,1.67108
-0.0596773,0.0177584,0.0374984;1.45935,0.550488,1.67108
