0,0,0.11;-1.57,-2.98023e-08,-1.57
0,0,0.11;-1.57,-2.98023e-08,-1.57
0,0,0.11;-1.57,-2.98023e-08,-1.57
-0.0005067,-0.000417874,0.0285924;-1.571,-0.267556,-1.57035
-0.000637994,-0.00208085,0.0286139;-1.57076,-0.172461,-1.5723
5.92091e-05,-0.011278,0.03068;-1.56426,-0.0197823,-1.5978
0.00672623,-0.00666214,0.0372417;-1.62551,0.105034,-1.61017
0.00670283,0.0192419,0.0287983;-1.57071,-0.054798,-1.582
0.00707583,0.0213847,0.0286331;-1.56767,-0.167696,-1.57071
0.00638471,0.0209861,0.0286772;-1.566,-0.228386,-1.56968
0.00496743,0.0179923,0.0288187;-1.5788,-0.0502145,-1.5746
0.00121695,0.00700976,0.0316221;-1.58755,0.086205,-1.59627
0.00329692,-0.00232344,0.035007;-1.55481,0.211776,-1.62768
0.00146613,9.4888e-05,0.0319285;-1.56402,0.0940616,-1.62644
0.00118145,0.00758308,0.0293748;-1.56757,-0.00108245,-1.59236
0.00258066,0.0122251,0.0285813;-1.57082,-0.132042,-1.57094
0.00517524,0.0106468,0.0291425;-1.54623,-0.00960869,-1.57315
0.0082251,0.00812799,0.0328331;-1.49874,0.148093,-1.58503
0.0095845,0.00319733,0.0379081;-1.46569,0.308459,-1.60162
0.011707,-0.00338654,0.0445313;-1.4912,0.26976,-1.61381
0.00637334,-0.0043522,0.0386828;-1.44062,0.13882,-1.62361
0.00102094,0.00568148,0.0325931;-1.48916,0.00978205,-1.58139
-0.000857356,0.0130063,0.0307667;-1.50676,-0.0504268,-1.56069
0.00350348,0.0119024,0.0343015;-1.45192,0.0499031,-1.57834
0.00802055,0.00462904,0.0381321;-1.38504,0.218647,-1.61758
0.0127581,0.00208257,0.0409392;-1.3306,0.325565,-1.65357
0.015294,0.00704813,0.0408602;-1.33884,0.282902,-1.65025
0.0164208,0.021526,0.0339389;-1.4674,0.185264,-1.5697
0.0155955,0.0191619,0.0321155;-1.49539,0.11208,-1.56242
0.0165775,0.0175857,0.0316359;-1.49627,0.147158,-1.57274
0.013823,0.00147834,0.0384886;-1.39022,0.410201,-1.63441
0.0140028,-0.00841505,0.0419854;-1.31787,0.480516,-1.67805
0.0152233,-0.00971701,0.0421476;-1.30558,0.40822,-1.69599
0.0217643,0.010582,0.028664;-1.57523,0.284452,-1.57078
0.0221762,0.011347,0.0289751;-1.5549,0.149029,-1.5697
0.022169,0.0110615,0.0292395;-1.54611,0.164109,-1.56697
0.0213798,0.0142912,0.0301175;-1.60305,0.471402,-1.56344
0.018174,0.00564901,0.0380514;-1.62853,0.59679,-1.57354
0.0226627,0.00376971,0.0432698;-1.62751,0.582924,-1.5895
0.0268122,0.016018,0.028771;-1.57742,0.36195,-1.57145
0.025435,0.0142504,0.0291121;-1.55595,0.210326,-1.56245
0.0228061,0.0121042,0.0294518;-1.53812,0.135291,-1.5648
0.0246237,0.0147113,0.0312064;-1.58994,0.364196,-1.53291
0.0181205,0.00337583,0.0413057;-1.51215,0.515467,-1.58491
0.0158933,-0.0116137,0.0469274;-1.33971,0.622599,-1.67368
0.0179285,0.00681712,0.0415551;-1.3253,0.498314,-1.67297
0.0208004,0.0225292,0.0377614;-1.41997,0.428638,-1.59944
0.0167596,0.0245816,0.0355021;-1.44305,0.277784,-1.57086
0.0129028,0.016107,0.0365882;-1.41172,0.290011,-1.60562
0.00595437,0.00167963,0.0385233;-1.38165,0.403222,-1.63751
0.00313852,-0.0117434,0.0416687;-1.31591,0.489405,-1.68176
0.00124009,-0.00809499,0.0413889;-1.37089,0.300913,-1.67813
0.00074632,0.000769307,0.0401196;-1.40382,0.215738,-1.65712
0.00113726,0.0108849,0.0354392;-1.4338,0.125644,-1.58733
0.00458607,0.00975796,0.0369917;-1.40954,0.255837,-1.5929
0.0024206,0.00155154,0.037974;-1.41451,0.371573,-1.60057
0.00148531,-0.0148449,0.0421517;-1.40715,0.469378,-1.61324
0.00731131,-0.0206162,0.0414636;-1.39865,0.238347,-1.67459
0.00376696,-0.0154316,0.0418742;-1.41709,0.129954,-1.66667
0.00138418,-0.00620105,0.0375822;-1.4483,0.0357259,-1.6186
0.00387042,-0.00645786,0.0358633;-1.41644,0.103549,-1.58085
0.00746592,-0.011118,0.039243;-1.36063,0.226072,-1.61531
0.0113068,-0.0146146,0.0417567;-1.34861,0.397633,-1.62559
0.0208228,-0.0159386,0.0430984;-1.36166,0.397382,-1.67001
0.0219417,-0.00614361,0.0444556;-1.38922,0.337918,-1.67851
0.0231824,0.00781339,0.0358864;-1.45444,0.30573,-1.63579
0.0252381,0.0166527,0.0295643;-1.53351,0.233517,-1.57216
0.0267983,0.0156918,0.0301881;-1.53916,0.303685,-1.5755
0.0236936,0.00897755,0.0337524;-1.5183,0.45986,-1.59081
0.0156849,-0.0166756,0.0418963;-1.28167,0.559214,-1.7338
0.0118056,-0.013418,0.0420497;-1.3177,0.453363,-1.70874
0.0124941,-0.00449145,0.0393014;-1.40511,0.36368,-1.66899
0.0160385,0.00848586,0.0299682;-1.53695,0.240928,-1.57512
0.0173759,0.00792432,0.0315688;-1.50132,0.311826,-1.59009
0.0195029,0.00927533,0.0345374;-1.47219,0.477077,-1.59306
0.0110726,-0.0239654,0.0473399;-1.38254,0.659303,-1.6573
0.0102531,-0.0331087,0.0474003;-1.34272,0.523792,-1.68443
0.0111851,-0.0337365,0.0410854;-1.34165,0.405082,-1.69415
0.0104728,-0.0120558,0.0318553;-1.50634,0.203438,-1.57928
0.0137439,-0.0109099,0.0324351;-1.48555,0.282493,-1.59109
0.0163936,-0.0122084,0.0357551;-1.42204,0.377902,-1.61428
0.0155697,-0.0252834,0.0444485;-1.27371,0.681353,-1.70027
0.0187949,-0.0265635,0.0474056;-1.2267,0.606357,-1.74228
0.0307834,-0.0152885,0.048584;-1.30519,0.565701,-1.73432
0.0531716,0.0146498,0.0357281;-1.46422,0.314606,-1.56696
0.0512361,0.0135949,0.0356036;-1.54909,0.343099,-1.48541
0.041617,0.00958838,0.0383123;-1.39052,0.466631,-1.61408
0.027199,-0.0174943,0.0438263;-1.27081,0.64163,-1.71181
0.0263303,-0.0242406,0.0437213;-1.23348,0.526843,-1.76184
0.0304681,-0.0226095,0.0459077;-1.27972,0.474277,-1.76624
0.0361894,-0.00225548,0.0420381;-1.37692,0.313771,-1.68235
0.0405877,0.00262638,0.0335474;-1.46947,0.361246,-1.6002
0.0434156,0.00557089,0.0338746;-1.49201,0.416813,-1.56554
0.031147,-0.01615,0.0437157;-1.47137,0.582173,-1.59714
0.02941,-0.029069,0.0436528;-1.38714,0.525116,-1.66372
0.0340263,-0.0279047,0.0432595;-1.38707,0.488119,-1.68345
0.032597,-0.012953,0.041477;-1.41136,0.306005,-1.68721
0.0376656,0.000135431,0.0334311;-1.47396,0.229415,-1.58541
0.0382718,-0.00157788,0.0331032;-1.47276,0.300116,-1.5967
0.0338481,-0.00750003,0.0347227;-1.46694,0.471517,-1.61092
0.0294668,-0.022142,0.0461937;-1.4946,0.664612,-1.63513
0.0357142,-0.0168847,0.0486266;-1.50186,0.567646,-1.64295
0.0368705,-0.00962175,0.043746;-1.49029,0.44528,-1.67302
0.0237737,0.0105616,0.0363959;-1.47866,0.244205,-1.63544
0.0188362,0.0119346,0.0326462;-1.48502,0.305864,-1.60266
0.0176947,0.00480278,0.0331824;-1.46711,0.403995,-1.61899
0.0219888,-0.0206169,0.0462603;-1.50485,0.616227,-1.63125
0.033958,-0.0197336,0.0495774;-1.5317,0.512975,-1.63826
0.0440102,-0.0152192,0.0443797;-1.54759,0.363796,-1.65566
0.0406028,-0.00483279,0.0336844;-1.55284,0.111309,-1.62208
0.0392644,-0.00152636,0.0290321;-1.56479,0.165829,-1.58196
0.0370333,-0.006434,0.0299142;-1.54066,0.307077,-1.58483
0.0346419,-0.0218668,0.0390167;-1.55198,0.599888,-1.60867
0.0438603,-0.0199363,0.0423204;-1.57682,0.572978,-1.625
0.0544753,-0.012165,0.0370011;-1.61525,0.461243,-1.63845
0.0678588,-0.000636935,0.0358603;-1.59544,0.249042,-1.65136
0.0707283,0.00146391,0.0307326;-1.59413,0.241304,-1.59186
0.0657038,-0.00210688,0.029123;-1.58758,0.337953,-1.57555
0.0562427,-0.0133731,0.0358463;-1.66239,0.607604,-1.54999
0.0566985,-0.0209637,0.0393013;-1.68416,0.605175,-1.56471
0.060731,-0.0232954,0.0377157;-1.60455,0.528459,-1.63406
0.0761276,-0.00708173,0.0360519;-1.59874,0.2817,-1.64984
0.0774029,-0.00314306,0.0340232;-1.59528,0.194077,-1.62814
0.0747181,-0.0043679,0.0291262;-1.58199,0.256871,-1.58317
0.0608376,-0.0167089,0.0315072;-1.57949,0.519946,-1.59944
0.0650014,-0.0217815,0.0385257;-1.6474,0.621024,-1.59254
0.0718608,-0.0239747,0.0395489;-1.65833,0.589418,-1.60677
0.0890065,-0.0152018,0.03591;-1.64661,0.290912,-1.61493
0.0938013,-0.00923492,0.0348102;-1.62127,0.192873,-1.62053
0.0952322,-0.00696468,0.0296416;-1.60034,0.160281,-1.57312
0.0867277,-0.00572629,0.0306824;-1.60553,0.447761,-1.55164
0.0826152,-0.00695944,0.037305;-1.71866,0.613195,-1.51563
0.0818123,-0.00539969,0.0415087;-1.73189,0.701827,-1.52533
0.0974061,0.00370955,0.0377666;-1.68826,0.433826,-1.5732
0.104764,0.00915989,0.0346169;-1.69281,0.279084,-1.54366
0.106454,0.010484,0.0322086;-1.65,0.21546,-1.552
0.0942968,0.00937546,0.0310101;-1.59578,0.414425,-1.5357
0.0853549,-0.00297021,0.0355478;-1.62663,0.540587,-1.52759
0.0793586,-0.0266993,0.0436645;-1.44679,0.588901,-1.61605
0.079588,-0.0360874,0.0454205;-1.34153,0.353286,-1.73304
0.0828109,-0.0239994,0.0420687;-1.45068,0.239743,-1.69912
0.0893841,-0.00577157,0.031109;-1.6189,0.0982988,-1.57572
0.0880104,0.00128208,0.0298064;-1.58086,0.292563,-1.54869
0.083643,-0.00526501,0.0306642;-1.56658,0.433464,-1.54963
0.0770565,-0.0226198,0.037052;-1.41424,0.539363,-1.62212
0.0839228,-0.0209388,0.036963;-1.46418,0.372586,-1.66585
0.0948286,-0.0050907,0.0328566;-1.57671,0.232714,-1.62883
0.10408,0.00453563,0.0316971;-1.60968,0.0982159,-1.59089
0.101786,0.00336008,0.0289344;-1.58178,0.225357,-1.56035
0.0995977,0.00403596,0.0299431;-1.56525,0.383663,-1.5525
0.0953427,-0.0013714,0.0331355;-1.51726,0.562833,-1.56704
0.101171,-0.00498781,0.0344367;-1.48049,0.548453,-1.64622
0.107015,0.009095,0.0310547;-1.57139,0.405124,-1.61041
0.116209,0.0180133,0.0307921;-1.59254,0.26202,-1.58847
0.121715,0.0225157,0.0287566;-1.56986,0.214601,-1.56251
0.123633,0.0269941,0.0302228;-1.56177,0.314709,-1.54415
0.120546,0.0252308,0.0330423;-1.58079,0.452417,-1.51728
0.10743,-0.00372198,0.0398343;-1.35367,0.452158,-1.63622
0.104103,-0.00161716,0.0381499;-1.37647,0.298635,-1.63613
0.10465,0.0101656,0.0356639;-1.47024,0.188532,-1.62191
0.109206,0.0245604,0.0293699;-1.53897,0.0780823,-1.56402
0.113221,0.0300789,0.0325453;-1.50895,0.190853,-1.55195
0.114134,0.0367729,0.0346901;-1.53533,0.343953,-1.51821
0.103151,0.0105836,0.0425024;-1.3767,0.458331,-1.58689
0.103052,0.00862448,0.0410508;-1.33968,0.383986,-1.62143
0.102293,0.0132255,0.0411263;-1.31424,0.294319,-1.64628
0.11286,0.0417609,0.0331955;-1.51134,0.0350491,-1.52611
0.112639,0.041583,0.0345821;-1.47957,0.0781866,-1.53631
0.112593,0.0431485,0.0367796;-1.5066,0.171181,-1.50639
0.108677,0.0203182,0.0419917;-1.4419,0.393894,-1.5308
0.113878,0.0225198,0.0445433;-1.39699,0.319316,-1.56428
0.11975,0.0366506,0.0434635;-1.42178,0.209673,-1.58263
0.132664,0.0602082,0.0352471;-1.48999,-0.0720386,-1.53772
0.135664,0.0629913,0.0338415;-1.5383,-0.0422555,-1.50495
0.133939,0.0642673,0.0345673;-1.51416,0.104005,-1.51279
0.126703,0.0434197,0.040736;-1.45589,0.34704,-1.52308
0.126609,0.0369867,0.0412724;-1.39386,0.293987,-1.55632
0.130515,0.0403085,0.040118;-1.36367,0.156045,-1.59341
0.139983,0.0653232,0.0395377;-1.44418,-0.082078,-1.59398
0.144912,0.0737374,0.0331944;-1.50598,-0.0907855,-1.543
0.141781,0.0745438,0.035015;-1.49803,-0.00964338,-1.51881
0.141781,0.0745438,0.035015;-1.49803,-0.00964338,-1.51881
0.136333,0.0615418,0.037215;-1.46582,0.0739033,-1.51782
0.136333,0.0615418,0.037215;-1.46582,0.0739033,-1.51782
