0,0,0.11;-1.57,-2.98023e-08,-1.57
0,0,0.11;-1.57,-2.98023e-08,-1.57
0,0,0.11;-1.57,-2.98023e-08,-1.57
-0.00121586,-0.00182206,0.0286422;-1.56978,-0.285596,-1.56848
0.000421658,0.000774748,0.0286102;-1.57042,-0.174924,-1.56961
0.000375982,0.00553159,0.0296794;-1.56859,-0.0345512,-1.56002
-0.00141745,0.0140459,0.0332309;-1.64347,0.0892668,-1.55754
-0.00161519,0.00569074,0.0287999;-1.56799,-0.19058,-1.56171
-0.00339542,0.00200828,0.0289318;-1.55983,-0.333025,-1.56047
-0.00469477,-0.00143421,0.0287338;-1.56904,-0.471136,-1.56426
-0.00363896,0.000632896,0.0290926;-1.54421,-0.35314,-1.5609
-0.00151061,0.00747599,0.030838;-1.52765,-0.203125,-1.55567
-0.00108375,0.0135028,0.0346192;-1.49481,-0.0355686,-1.54169
-0.00209565,0.0130117,0.0307593;-1.53846,-0.146788,-1.55475
-0.00320357,0.0105619,0.0288598;-1.56436,-0.28238,-1.55943
-0.004457,0.00761229,0.0287531;-1.56705,-0.412935,-1.56324
-0.00368763,0.00937207,0.028835;-1.56335,-0.358165,-1.56107
-0.00321033,0.0142344,0.0294438;-1.55806,-0.2584,-1.55774
-0.00579758,0.0205605,0.0325161;-1.5973,-0.0786592,-1.5438
-0.00630579,0.0191509,0.0318992;-1.58726,-0.0702102,-1.54491
-0.00441506,0.0198004,0.0293106;-1.56821,-0.175269,-1.55691
-0.00457113,0.0157699,0.0288174;-1.56978,-0.317716,-1.55998
-0.005535,0.0135525,0.0287847;-1.56289,-0.404701,-1.56453
-0.00461395,0.0156295,0.0288792;-1.56171,-0.312046,-1.56151
-0.00567701,0.0207731,0.0303016;-1.57251,-0.154209,-1.55111
-0.007762,0.0202715,0.0314178;-1.58374,-0.0442972,-1.54842
-0.00758626,0.0120412,0.0289195;-1.56231,-0.127345,-1.56194
-0.00946155,0.00770652,0.0287713;-1.56942,-0.291407,-1.56244
-0.00947049,0.00789211,0.0287206;-1.57084,-0.284653,-1.56406
-0.00829806,0.0102113,0.0287512;-1.57062,-0.192142,-1.56305
-0.00441203,0.0216063,0.0340444;-1.48415,0.0107918,-1.55784
-0.00498954,0.0283008,0.0367519;-1.46905,0.0925255,-1.55238
-0.00452717,0.0343018,0.0325018;-1.51168,-0.0488251,-1.55636
-0.00611849,0.0309226,0.0286736;-1.5708,-0.309784,-1.5659
-0.00679992,0.0293744,0.0288866;-1.55895,-0.363764,-1.56282
-0.00478142,0.0334722,0.0287471;-1.56885,-0.218647,-1.5643
-0.00236422,0.043218,0.0299113;-1.5734,0.0564952,-1.55279
-0.00471856,0.0462655,0.0326507;-1.60186,0.215924,-1.53976
-0.00491019,0.0466088,0.0334694;-1.63246,0.218279,-1.54441
-0.00669983,0.0324218,0.0287983;-1.57103,0.00342438,-1.56001
-0.00854712,0.0294038,0.028723;-1.57085,-0.111593,-1.56371
-0.00870952,0.0292107,0.0286965;-1.57075,-0.128547,-1.56513
-0.00451111,0.034775,0.0291901;-1.54935,0.0870729,-1.56399
-0.00129887,0.0431049,0.0324761;-1.52574,0.219391,-1.55483
-0.00351581,0.0453965,0.0363497;-1.48335,0.318723,-1.55281
-0.0104771,0.0371711,0.0289379;-1.56103,0.0537299,-1.56386
-0.0134644,0.0341112,0.0287181;-1.5711,-0.113517,-1.56388
-0.015101,0.0315741,0.0287034;-1.57104,-0.222671,-1.5648
-0.0100232,0.0380709,0.0289064;-1.56232,0.0546407,-1.56418
-0.00698709,0.0448924,0.0298792;-1.56331,0.195816,-1.55951
-0.00892276,0.0527275,0.0349816;-1.67864,0.363747,-1.5328
-0.00673078,0.0466696,0.029057;-1.55631,0.108444,-1.56368
-0.00976066,0.0433474,0.0286117;-1.57056,-0.0465721,-1.5691
-0.0120045,0.0403529,0.0286547;-1.57179,-0.19562,-1.56634
-0.00971577,0.0409912,0.0289182;-1.555,0.00671451,-1.56994
-0.00702704,0.0373968,0.031056;-1.52447,0.200566,-1.57284
-0.00258387,0.0371154,0.0362869;-1.45217,0.364669,-1.58222
-0.0065896,0.0361183,0.0291122;-1.55699,0.195395,-1.57255
-0.0089454,0.0362916,0.0285329;-1.56863,0.0294111,-1.5709
-0.00795022,0.0360027,0.0286901;-1.57575,-0.0802469,-1.57063
-0.00782907,0.0338813,0.0286943;-1.5707,-0.0165835,-1.57628
-0.00628106,0.0330213,0.0302802;-1.55495,0.090649,-1.58229
-0.00359897,0.0344203,0.0370453;-1.49142,0.260766,-1.59581
0.000788302,0.0515487,0.0336057;-1.66915,0.229913,-1.55572
0.00311262,0.052931,0.0299513;-1.60127,0.13698,-1.57293
0.00330766,0.0538141,0.0286989;-1.5703,0.0284635,-1.57736
0.00413555,0.054593,0.0287709;-1.57262,-0.0293096,-1.57891
0.0026373,0.0511141,0.0291023;-1.57054,0.0838434,-1.58645
0.00391258,0.0483907,0.0334786;-1.5139,0.231688,-1.6056
0.00741818,0.0479303,0.0407292;-1.53767,0.425638,-1.59906
0.00863768,0.0478378,0.0378193;-1.58418,0.371045,-1.58885
0.00835726,0.0460104,0.0291123;-1.56391,0.240361,-1.59169
0.0172245,0.0629672,0.0294714;-1.59446,-0.00328723,-1.57781
0.0160076,0.0615803,0.0292038;-1.59195,0.0353054,-1.57914
0.0132589,0.0541263,0.0307426;-1.56018,0.1797,-1.6004
0.018437,0.060592,0.0423825;-1.53126,0.493778,-1.59964
0.0181675,0.0624915,0.0450608;-1.59649,0.372688,-1.59012
0.0159019,0.0605123,0.0337052;-1.58753,0.223231,-1.60367
0.0215225,0.0724354,0.0295756;-1.59725,0.0173512,-1.57675
0.021401,0.0722861,0.0291877;-1.58887,0.057691,-1.58042
0.0183541,0.0654719,0.0311694;-1.56348,0.20379,-1.61319
0.0263849,0.0828507,0.0414732;-1.79167,0.480943,-1.51807
0.0300611,0.0886637,0.0437618;-1.83465,0.414818,-1.50856
0.0315983,0.0871658,0.0372192;-1.72826,0.320572,-1.54067
0.0382075,0.0917295,0.0301824;-1.60905,0.131031,-1.57297
0.0383447,0.0918081,0.0310346;-1.6242,0.162703,-1.56932
0.0344404,0.085721,0.0312992;-1.57329,0.307335,-1.60926
0.0449521,0.0970867,0.0435337;-1.61459,0.60223,-1.58208
0.0457421,0.0936469,0.046756;-1.65502,0.541373,-1.5753
0.0425378,0.0806279,0.0360823;-1.6078,0.438827,-1.60009
0.048079,0.0869145,0.0310408;-1.61398,0.20109,-1.57896
0.0491819,0.0888854,0.03118;-1.61829,0.203978,-1.57477
0.0437725,0.0825535,0.0311295;-1.57863,0.293495,-1.60398
0.0521271,0.0952313,0.0425532;-1.65339,0.589607,-1.56885
0.058496,0.106909,0.0416236;-1.81057,0.487852,-1.49858
0.0601073,0.108193,0.0397191;-1.77688,0.449005,-1.50998
0.0662606,0.108912,0.0291899;-1.5897,0.264347,-1.57687
0.0725516,0.113499,0.0294886;-1.59835,0.154884,-1.5715
0.0660062,0.107556,0.0298313;-1.58683,0.26739,-1.58706
0.0644293,0.103141,0.0323844;-1.54502,0.42834,-1.62158
0.0761771,0.120071,0.0412885;-1.72849,0.695055,-1.52884
0.0773923,0.11958,0.0406715;-1.76975,0.632121,-1.5081
0.0744324,0.107712,0.0313066;-1.59061,0.538664,-1.59474
0.089193,0.120319,0.0294249;-1.5991,0.244028,-1.57291
0.0875985,0.119417,0.0292539;-1.60218,0.273912,-1.56519
0.0796562,0.112401,0.0296303;-1.57024,0.407486,-1.59328
0.0847103,0.116699,0.0401804;-1.51026,0.737277,-1.61821
0.0871138,0.123098,0.0416978;-1.61088,0.647883,-1.5729
0.0888166,0.129189,0.0313474;-1.6124,0.497851,-1.57015
0.0956078,0.133081,0.029105;-1.59316,0.228735,-1.56954
0.0950893,0.132412,0.0288545;-1.57701,0.245193,-1.57627
0.0919811,0.129884,0.0290528;-1.57734,0.376118,-1.58388
0.0968516,0.13368,0.0394703;-1.64724,0.685272,-1.54475
0.102121,0.1413,0.0386581;-1.78292,0.616969,-1.46982
0.102268,0.139618,0.0298653;-1.59769,0.545081,-1.566
0.106461,0.143619,0.0289759;-1.58819,0.274199,-1.56858
0.106618,0.143527,0.0287594;-1.57959,0.269915,-1.56861
0.104726,0.141364,0.028675;-1.57046,0.386913,-1.57581
0.109206,0.136603,0.0347077;-1.45195,0.70037,-1.62395
0.108053,0.135584,0.0342259;-1.45504,0.708214,-1.62528
0.102839,0.134884,0.0310637;-1.51019,0.59033,-1.60331
0.100953,0.138116,0.0286809;-1.57659,0.358368,-1.56938
0.101434,0.138082,0.0286076;-1.57094,0.323177,-1.5693
0.10298,0.139003,0.0285649;-1.57141,0.419674,-1.5708
0.107895,0.138455,0.0320413;-1.49509,0.683658,-1.61199
0.109204,0.137767,0.0368781;-1.3917,0.802949,-1.68089
0.113014,0.143307,0.0334255;-1.46665,0.699426,-1.63162
0.111017,0.143739,0.0285566;-1.57149,0.43859,-1.57049
0.109558,0.143025,0.0286803;-1.5696,0.368732,-1.56762
0.111272,0.143942,0.0287007;-1.57084,0.440098,-1.56497
0.12023,0.146273,0.0298681;-1.53563,0.736622,-1.58896
0.124514,0.147104,0.0334058;-1.47674,0.903434,-1.6214
0.12372,0.144725,0.0337909;-1.4686,0.956126,-1.62911
0.117663,0.137123,0.0287728;-1.56665,0.773042,-1.56745
0.115107,0.136712,0.0286501;-1.56979,0.669451,-1.56874
0.11493,0.136839,0.0286522;-1.57087,0.663575,-1.56721
0.121975,0.137817,0.0290974;-1.53965,0.897594,-1.59021
0.130958,0.141966,0.0320693;-1.47444,1.02955,-1.63735
0.135594,0.148349,0.0369358;-1.32647,1.14763,-1.75415
0.128779,0.146587,0.0288046;-1.56598,0.923748,-1.56675
0.125281,0.145852,0.0286758;-1.57075,0.801233,-1.56603
0.124199,0.145004,0.0286894;-1.57089,0.73313,-1.56535
0.128676,0.14552,0.0289109;-1.55232,0.912005,-1.58039
0.136485,0.147329,0.0310573;-1.49055,1.04755,-1.62925
0.142726,0.151081,0.0347796;-1.39827,1.20114,-1.69568
0.137032,0.150796,0.0287736;-1.56896,1.03146,-1.56412
0.133207,0.1502,0.0286991;-1.57029,0.893453,-1.56538
0.130975,0.148609,0.0286565;-1.57031,0.764453,-1.56759
0.133552,0.148922,0.0288483;-1.56294,0.882348,-1.56885
0.141779,0.150663,0.0305572;-1.51647,1.00933,-1.60307
0.147209,0.155505,0.03469;-1.42866,1.15938,-1.65694
0.143363,0.157587,0.0289135;-1.56878,1.05228,-1.56222
0.140026,0.157914,0.0287254;-1.57117,0.932162,-1.56328
0.138038,0.156724,0.0286641;-1.57023,0.834974,-1.56712
0.136386,0.156096,0.0286765;-1.56982,0.776558,-1.56739
0.139426,0.157004,0.02932;-1.54107,0.844621,-1.58886
0.148725,0.1593,0.0338277;-1.42187,0.992907,-1.68209
0.156541,0.167914,0.0335636;-1.43336,0.989717,-1.67131
0.157655,0.169109,0.0287408;-1.57098,0.855431,-1.56266
0.155493,0.168093,0.0286685;-1.57161,0.729845,-1.5652
0.152964,0.167574,0.0286503;-1.57057,0.664379,-1.56765
0.154115,0.167497,0.0288295;-1.55635,0.732543,-1.57909
0.156427,0.166296,0.0300205;-1.53164,0.876239,-1.59483
0.160916,0.162873,0.0338339;-1.42084,1.08666,-1.68068
0.15834,0.161351,0.029337;-1.5405,1.03295,-1.58941
0.155553,0.161189,0.0286893;-1.57037,0.919417,-1.56618
0.153389,0.160719,0.0286337;-1.57094,0.790989,-1.56807
0.154835,0.160968,0.0285847;-1.57005,0.874569,-1.5716
0.157677,0.16003,0.0291275;-1.53145,0.99167,-1.59965
0.163436,0.159322,0.0366803;-1.20749,1.24326,-1.898
0.164402,0.160884,0.0335083;-1.46727,1.15522,-1.66586
0.164805,0.163062,0.0285687;-1.57198,1.04849,-1.57019
0.16592,0.164802,0.028593;-1.57239,0.826615,-1.56947
0.166252,0.165823,0.0285613;-1.5688,0.913493,-1.57277
0.165199,0.162987,0.02881;-1.56476,1.05523,-1.5842
0.167735,0.1581,0.0347343;-1.16741,1.34405,-1.94817
0.164869,0.158115,0.0360936;-1.40749,1.26865,-1.7304
0.162932,0.161515,0.0289689;-1.54797,1.13836,-1.60029
0.170746,0.163839,0.0290364;-1.59512,0.89222,-1.5587
0.169953,0.163645,0.0288054;-1.57374,0.931297,-1.57727
0.168222,0.160957,0.0290476;-1.56434,1.06681,-1.59254
0.168222,0.160957,0.0290476;-1.56434,1.06681,-1.59254
0.169667,0.157647,0.0320901;-1.44104,1.22643,-1.70413
0.169667,0.157647,0.0320901;-1.44104,1.22643,-1.70413
