0,0,0.11;-1.57,-2.98023e-08,-1.57
0,0,0.11;-1.57,-2.98023e-08,-1.57
0,0,0.11;-1.57,-2.98023e-08,-1.57
-0.000674561,-0.000279401,0.0285922;-1.57093,-0.256293,-1.57038
-0.000351539,0.000186981,0.0285954;-1.57157,-0.197117,-1.57153
0.00159407,0.00629928,0.0292735;-1.5893,-0.095706,-1.57895
0.00484938,0.0193667,0.0344635;-1.69103,-0.0536553,-1.58272
0.00727812,0.0192769,0.028584;-1.57065,-0.209163,-1.57106
0.00638073,0.0181887,0.0286888;-1.56516,-0.222363,-1.56934
0.00629091,0.0184564,0.0286553;-1.57089,-0.222503,-1.56712
0.00657533,0.0183662,0.0287029;-1.5709,-0.0596305,-1.57659
0.00813227,0.0162567,0.0304929;-1.56687,0.100808,-1.59569
0.011493,0.0266885,0.0365579;-1.64759,0.246039,-1.59451
0.0119262,0.0250551,0.0321389;-1.62002,0.219342,-1.58205
0.00860004,0.0198217,0.0288263;-1.56621,0.0676974,-1.57927
0.00784226,0.0205851,0.0286106;-1.57088,-0.0412985,-1.56945
0.00922293,0.0240145,0.0286138;-1.5708,-0.148353,-1.57258
0.0115555,0.0295871,0.0292681;-1.59084,-0.0854256,-1.57945
0.0132776,0.044026,0.0359638;-1.72013,0.0445716,-1.56986
0.0144253,0.0475938,0.0361086;-1.72419,0.0346761,-1.57082
0.0180924,0.0458714,0.0324101;-1.65347,-0.0586602,-1.57772
0.0189833,0.042161,0.0286237;-1.5702,-0.149258,-1.57306
0.018976,0.0418434,0.0285797;-1.57076,-0.133824,-1.57082
0.0189007,0.0415246,0.0286291;-1.57118,-0.0425757,-1.57547
0.0218122,0.0481009,0.0304778;-1.60391,0.0748594,-1.57847
0.0218282,0.0549476,0.0368741;-1.73653,0.180346,-1.55113
0.0158157,0.0450755,0.0322599;-1.64229,0.239738,-1.56473
0.0112482,0.0354653,0.0286864;-1.57465,0.282877,-1.56656
0.0115763,0.036089,0.0287742;-1.57677,0.280512,-1.56535
0.0118328,0.0368868,0.0285782;-1.57093,0.303493,-1.57072
0.0276911,0.0646957,0.0332446;-1.59797,0.367403,-1.59164
0.0343121,0.0805925,0.0406951;-1.79439,0.424505,-1.51335
0.0319165,0.0770733,0.0372506;-1.72258,0.431422,-1.53504
0.0236712,0.0655523,0.0285745;-1.57081,0.349879,-1.5707
0.0232581,0.0648462,0.0286416;-1.57102,0.326987,-1.56779
0.0233535,0.0666111,0.0286532;-1.57294,0.394859,-1.56663
0.032499,0.0784015,0.0309236;-1.55922,0.415954,-1.60116
0.0452933,0.0979231,0.0365588;-1.66591,0.530286,-1.56007
0.0476911,0.104613,0.0382562;-1.73886,0.562108,-1.51967
0.0342503,0.0844087,0.0287002;-1.56666,0.572162,-1.57713
0.0341048,0.0841652,0.0287535;-1.57993,0.569158,-1.56475
0.0341469,0.0846599,0.0288294;-1.58296,0.57886,-1.56248
0.0363697,0.0879494,0.029307;-1.54711,0.589429,-1.5947
0.0483263,0.106406,0.0336494;-1.51836,0.608312,-1.63694
0.0694975,0.139179,0.0398202;-1.774,0.646468,-1.4958
0.0664261,0.130563,0.0288595;-1.5521,0.56159,-1.58853
0.0655125,0.131107,0.0285757;-1.57073,0.503626,-1.5706
0.0650719,0.130595,0.028628;-1.57084,0.478975,-1.56845
0.066455,0.131478,0.028798;-1.56812,0.582437,-1.58085
0.0808666,0.143693,0.0314064;-1.56812,0.621939,-1.59939
0.103496,0.164706,0.0393175;-1.83008,0.624316,-1.42961
0.106849,0.15912,0.0288583;-1.58061,0.494948,-1.57078
0.10553,0.158327,0.0285737;-1.5704,0.468738,-1.57111
0.104662,0.157853,0.0285987;-1.57178,0.46097,-1.56863
0.105618,0.157826,0.0288941;-1.56555,0.59039,-1.5844
0.114999,0.164438,0.0314405;-1.56115,0.697266,-1.60571
0.130336,0.180046,0.0392528;-1.78385,0.786714,-1.46179
0.144403,0.186092,0.0294329;-1.6015,0.604559,-1.55857
0.143371,0.185146,0.0285878;-1.57208,0.558709,-1.57237
0.142807,0.184048,0.0285817;-1.57124,0.587892,-1.5702
0.143641,0.184767,0.0286782;-1.57076,0.609857,-1.57552
0.150631,0.188864,0.0300191;-1.56452,0.64725,-1.5921
0.175019,0.206824,0.0356461;-1.74026,0.718798,-1.46817
0.193645,0.216767,0.0343143;-1.71716,0.624516,-1.48753
0.196025,0.213704,0.0290354;-1.59359,0.519851,-1.56195
0.195728,0.214532,0.0286952;-1.57041,0.41719,-1.57635
0.19527,0.213731,0.02858;-1.57062,0.450318,-1.57105
0.19309,0.212898,0.0287404;-1.57639,0.54578,-1.57069
0.193263,0.215013,0.0321028;-1.65833,0.692114,-1.51826
0.201291,0.224634,0.0406847;-1.89362,0.884678,-1.34849
0.200781,0.224147,0.036758;-1.79209,0.856662,-1.42055
0.197991,0.221924,0.0289024;-1.56077,0.771911,-1.58925
0.197397,0.221568,0.0286565;-1.57143,0.766882,-1.56675
0.198022,0.222052,0.0285739;-1.57094,0.813788,-1.57078
0.199063,0.220411,0.0294946;-1.55725,0.885277,-1.59543
0.242675,0.2442,0.0413376;-1.94492,1.00669,-1.29289
0.253765,0.248369,0.0393233;-1.92109,0.925253,-1.29859
0.250286,0.243187,0.0302693;-1.63343,0.871874,-1.53011
0.24785,0.243293,0.0285894;-1.57079,0.667844,-1.56983
0.248017,0.243578,0.0285791;-1.57082,0.731357,-1.57063
0.247364,0.242601,0.0290021;-1.5708,0.822562,-1.58333
0.270793,0.257575,0.0400695;-1.79525,1.04162,-1.42368
0.278513,0.266055,0.0398857;-1.88715,1.02267,-1.32716
0.265364,0.260851,0.0305771;-1.64689,1.00808,-1.51451
0.261496,0.259313,0.0286264;-1.57371,0.940332,-1.56663
0.261676,0.259918,0.0285829;-1.5716,0.998432,-1.56996
0.262234,0.259077,0.0291677;-1.556,1.06352,-1.5971
0.290984,0.272034,0.0390564;-1.78749,1.25257,-1.42351
0.305976,0.283619,0.0441092;-2.08615,1.15732,-1.15221
0.294693,0.278919,0.0325277;-1.70484,1.1428,-1.47003
0.290737,0.278516,0.0286001;-1.57097,0.941061,-1.56976
0.291593,0.27866,0.0285957;-1.57132,0.918782,-1.57128
0.293039,0.279358,0.0287124;-1.57058,0.888133,-1.57749
0.312972,0.288026,0.0378223;-1.77084,1.07189,-1.42777
0.329158,0.296299,0.0352559;-1.79796,0.996955,-1.38423
0.330859,0.295763,0.0339168;-1.75437,0.980753,-1.42629
0.328114,0.293822,0.0285604;-1.57058,0.912702,-1.57031
0.328149,0.293908,0.0286672;-1.57127,0.94012,-1.56604
0.32857,0.294019,0.0285955;-1.57111,0.974617,-1.57112
0.331672,0.293157,0.0298184;-1.5627,1.0522,-1.59708
0.359619,0.301121,0.0412817;-2.17972,1.24214,-1.02889
0.354784,0.302848,0.0397083;-2.1596,1.25335,-1.03765
0.336708,0.301784,0.0287095;-1.5247,1.27637,-1.62741
0.335967,0.301876,0.0286556;-1.57604,1.19749,-1.56371
0.336816,0.301999,0.0285747;-1.5709,1.20224,-1.57034
0.341573,0.302416,0.0289335;-1.56069,1.18306,-1.59233
0.38126,0.302084,0.0389777;-2.22157,1.22863,-0.95388
0.391441,0.299736,0.0362937;-1.96392,1.17136,-1.20376
0.3876,0.292192,0.029253;-1.62145,1.06412,-1.52886
0.386191,0.292641,0.0288377;-1.55307,0.976169,-1.58788
0.386313,0.293547,0.0286854;-1.5816,1.05969,-1.56148
0.383333,0.294901,0.0293393;-1.62892,1.19755,-1.52324
0.389336,0.299887,0.0410635;-2.65554,1.28849,-0.513777
0.386276,0.299345,0.0409624;-2.61392,1.29559,-0.560875
0.376035,0.298299,0.0320814;-2.02358,1.41597,-1.13156
0.367617,0.296907,0.0287366;-1.61765,1.54858,-1.53029
0.366966,0.296422,0.0287038;1.56569,1.5511,1.57011
0.368245,0.295466,0.0293282;1.15399,1.52714,1.97091
0.403928,0.293582,0.0424554;0.407678,1.35786,2.6922
0.436782,0.294934,0.0396386;3.01919,1.39119,0.0835456
0.440935,0.295402,0.0359309;-2.81617,1.423,-0.338499
0.431801,0.298761,0.0292236;-1.61276,1.47694,-1.54469
0.431922,0.29906,0.0291179;-1.59067,1.46411,-1.56454
0.431685,0.298733,0.0288833;-1.55974,1.47837,-1.59541
0.451356,0.287957,0.034131;1.87625,1.47008,1.22872
0.469437,0.28179,0.0394948;2.75895,1.34502,0.37613
0.471359,0.280058,0.0374313;3.0189,1.40358,0.117586
0.455683,0.284997,0.0299449;1.5738,1.53068,1.54178
0.450016,0.287376,0.0293097;1.6883,1.49474,1.43878
0.438222,0.289556,0.0287154;1.56962,1.34747,1.56534
0.43363,0.281788,0.0365491;1.31557,1.1671,1.74908
0.440076,0.275287,0.0449391;0.953581,0.998669,2.12313
0.442108,0.272839,0.0469647;0.98563,0.958369,2.10008
0.450955,0.275218,0.032402;1.49531,1.15264,1.59407
0.448534,0.277704,0.0298669;1.54623,1.17483,1.57187
0.449005,0.278918,0.0295111;1.54449,1.19271,1.5794
0.454892,0.275794,0.0292628;1.51801,1.19431,1.60932
0.467826,0.27004,0.034418;1.37645,1.14455,1.72913
0.496673,0.262112,0.041889;1.32721,1.0935,1.77363
0.518453,0.255931,0.0288624;1.57314,1.28698,1.55601
0.519161,0.256628,0.0285793;1.57014,1.3606,1.57138
0.518515,0.256688,0.0286284;1.57177,1.37673,1.57195
0.517671,0.255259,0.0291116;1.54317,1.20399,1.58253
0.521099,0.248694,0.032115;1.50266,1.08559,1.60226
0.540795,0.23993,0.0365293;1.50735,0.987941,1.58851
0.548452,0.237096,0.0294682;1.60346,1.19804,1.52818
0.548928,0.237746,0.0285815;1.57054,1.29147,1.57084
0.548386,0.237457,0.0286163;1.57258,1.33688,1.57039
0.5473,0.237004,0.028834;1.56201,1.15468,1.57024
0.549049,0.232134,0.0314305;1.52241,1.05934,1.58903
0.568377,0.222479,0.0371323;1.42518,0.970855,1.66923
0.590122,0.21169,0.0346874;1.78471,1.11547,1.35426
0.588254,0.21329,0.0286888;1.57347,1.25118,1.56205
0.588136,0.213599,0.0285892;1.57095,1.31738,1.57103
0.588595,0.21316,0.0285785;1.57094,1.26641,1.57077
0.586031,0.211454,0.0293891;1.55528,1.1432,1.57107
0.589615,0.204676,0.0329488;1.51593,0.98982,1.584
0.599408,0.197778,0.0420329;1.83429,0.853651,1.30342
0.584931,0.208193,0.0293015;1.53017,0.985189,1.59275
0.587739,0.208585,0.0285704;1.57114,1.10984,1.57067
0.587046,0.208017,0.0286112;1.57095,1.14523,1.57214
0.586048,0.207526,0.0287052;1.56823,1.03434,1.5675
0.580681,0.204711,0.0307179;1.54382,0.86876,1.57055
0.581224,0.194018,0.036295;1.58921,0.654878,1.51135
0.569604,0.202918,0.032366;1.56882,0.702229,1.54317
0.569356,0.207451,0.0287312;1.57165,0.82144,1.56226
0.56922,0.205713,0.0286596;1.57481,0.976737,1.57015
0.56963,0.205109,0.0285708;1.57067,0.946247,1.57045
0.56964,0.203132,0.029304;1.56353,0.892572,1.5634
0.591574,0.173945,0.0415115;1.81707,0.668889,1.36523
0.590574,0.176207,0.0410186;1.81722,0.669238,1.37188
0.577593,0.194907,0.028487;1.53722,0.706452,1.58343
0.577343,0.195965,0.0287066;1.57662,0.773736,1.56888
0.578115,0.195311,0.0285679;1.57103,0.731245,1.57021
0.577907,0.194624,0.0288757;1.56753,0.687258,1.5607
0.587248,0.172181,0.038061;1.6369,0.427216,1.48753
0.590222,0.16827,0.0413434;1.75348,0.4329,1.43015
0.577257,0.183252,0.029102;1.54853,0.515962,1.57655
0.575101,0.187212,0.0288886;1.58816,0.542176,1.56163
0.575606,0.187011,0.0285506;1.56938,0.510213,1.57103
0.575754,0.185911,0.0289303;1.5593,0.489209,1.56944
0.575754,0.185911,0.0289303;1.5593,0.489209,1.56944
0.582389,0.172385,0.032238;1.53802,0.498663,1.55575
0.582389,0.172385,0.032238;1.53802,0.498663,1.55575
