0,0,0.11;-1.57,-2.98023e-08,-1.57
0,0,0.11;-1.57,-2.98023e-08,-1.57
0,0,0.11;-1.57,-2.98023e-08,-1.57
-0.000702311,-0.000431456,0.0285805;-1.57072,-0.256447,-1.57064
0.000540256,0.000300001,0.0288999;-1.56373,-0.180555,-1.56096
0.000236184,3.93622e-05,0.0294733;-1.57565,-0.145471,-1.55663
0.00314024,-0.000476841,0.0339769;-1.49778,-0.0317354,-1.55082
-0.00513348,0.00750453,0.0360198;-1.44281,-0.213566,-1.568
-0.00998166,0.0160206,0.0334722;-1.46375,-0.3303,-1.54251
-0.010246,0.0227828,0.0297355;-1.53278,-0.410937,-1.55799
-0.00783856,0.0253704,0.0286077;-1.57329,-0.252266,-1.56752
-0.00722053,0.0262143,0.0288791;-1.58171,-0.178368,-1.56925
-0.00607392,0.0264422,0.0299793;-1.585,-0.103033,-1.55932
-0.00470322,0.0295094,0.029316;-1.58067,-0.0638959,-1.56363
-0.004579,0.0305273,0.0287243;-1.57181,-0.0744691,-1.5648
-0.00491847,0.0309738,0.029008;-1.55489,-0.0854889,-1.56458
-0.00511157,0.0287045,0.02903;-1.55585,-0.0816685,-1.576
-0.00518361,0.0124707,0.0331357;-1.53977,-0.0459581,-1.57926
-0.00412922,-0.0220888,0.0400116;-1.34806,-0.00883409,-1.56428
-0.0040365,-0.0332869,0.034519;-1.51162,-0.0352209,-1.5314
-0.00773012,-0.037536,0.0293255;-1.5777,-0.160225,-1.5593
-0.00811073,-0.03916,0.0286155;-1.57089,-0.23788,-1.56917
-0.00807254,-0.0387972,0.0285805;-1.57075,-0.249434,-1.5708
-0.00749032,-0.0397416,0.0285787;-1.57073,-0.201765,-1.57061
-0.00824899,-0.0416565,0.0288254;-1.58267,-0.0995079,-1.57238
-0.0073504,-0.0506081,0.0303689;-1.59812,-0.056336,-1.56826
-0.00862967,-0.0634003,0.0328703;-1.50918,-0.153316,-1.58038
-0.0190016,-0.055181,0.031625;-1.53042,-0.367547,-1.58507
-0.0199889,-0.0478284,0.0288296;-1.57084,-0.44405,-1.58307
-0.0204743,-0.0494708,0.0289584;-1.57522,-0.398444,-1.5863
-0.0133349,-0.0472784,0.0295201;-1.58475,-0.106018,-1.56217
-0.0123695,-0.039435,0.0327206;-1.63553,0.0177422,-1.55501
-0.0147402,-0.0280087,0.0350804;-1.69789,0.0838209,-1.55977
-0.0158968,-0.0278016,0.0291;-1.54666,-0.0830302,-1.57003
-0.0183687,-0.0212232,0.0298263;-1.53948,-0.190355,-1.57169
-0.0170906,-0.0186822,0.031739;-1.54322,-0.203331,-1.59536
-0.0174444,-0.0469327,0.0405645;-1.37808,-0.0497752,-1.59307
-0.0177782,-0.0719174,0.0389378;-1.3802,-0.0116164,-1.56872
-0.0182874,-0.0799024,0.0365442;-1.44748,0.0145477,-1.55586
-0.0236858,-0.0707579,0.0285634;-1.57094,-0.149443,-1.57053
-0.0246352,-0.0704412,0.0286023;-1.57065,-0.25391,-1.5695
-0.0250853,-0.0706379,0.0286146;-1.56915,-0.298204,-1.57031
-0.0254413,-0.0779737,0.0289547;-1.57339,-0.111109,-1.58258
-0.0262466,-0.0936411,0.0338805;-1.5006,-0.053278,-1.59317
-0.0238044,-0.109239,0.0394597;-1.38569,-0.00666695,-1.59311
-0.0299029,-0.103988,0.0402456;-1.3982,-0.122259,-1.6036
-0.0317409,-0.0920504,0.0358831;-1.47902,-0.214435,-1.60251
-0.0334389,-0.0779722,0.0292775;-1.55706,-0.31303,-1.58006
-0.0332681,-0.0819185,0.0287323;-1.57092,-0.204645,-1.57798
-0.0334442,-0.0854037,0.029504;-1.59517,-0.112738,-1.57023
-0.0312401,-0.0922752,0.0336077;-1.6568,-0.0392534,-1.56371
-0.0312537,-0.0897569,0.0292942;-1.56508,-0.116556,-1.56681
-0.0329503,-0.0866872,0.0296152;-1.55396,-0.217872,-1.57771
-0.0344455,-0.0802726,0.0312542;-1.52913,-0.306826,-1.58011
-0.0314738,-0.0861537,0.040829;-1.41723,-0.202307,-1.59858
-0.0272356,-0.0969587,0.0423225;-1.35153,-0.0721434,-1.59635
-0.0257752,-0.101883,0.0407483;-1.35092,0.0718736,-1.58348
-0.0377144,-0.100163,0.0296059;-1.58329,0.0203144,-1.5791
-0.0395924,-0.0952913,0.029021;-1.57636,-0.113786,-1.57848
-0.0387073,-0.0918251,0.0286498;-1.57051,-0.235464,-1.5743
-0.0379724,-0.0885812,0.0291105;-1.57927,-0.323696,-1.59069
-0.0370387,-0.0956022,0.0315659;-1.56737,-0.283321,-1.61465
-0.0322902,-0.109868,0.0385308;-1.44834,-0.218253,-1.59782
-0.0242524,-0.124201,0.041547;-1.32674,-0.0616374,-1.55687
-0.0255986,-0.120396,0.0421227;-1.33696,-0.0860664,-1.57208
-0.029602,-0.109968,0.0396236;-1.40002,-0.176181,-1.58619
-0.0388166,-0.086839,0.0295779;-1.57167,-0.348057,-1.59328
-0.0396186,-0.0899687,0.0312585;-1.56334,-0.289558,-1.60885
-0.0395217,-0.101261,0.0312267;-1.57595,-0.173701,-1.60332
-0.0329909,-0.11381,0.0366569;-1.66603,0.0395487,-1.58988
-0.0323022,-0.101673,0.0429923;-1.71883,-0.0406272,-1.62648
-0.0292032,-0.0882598,0.0370885;-1.66883,-0.142198,-1.63363
-0.0318776,-0.0739332,0.0397042;-1.45258,-0.204235,-1.61164
-0.0324694,-0.0755567,0.041131;-1.47873,-0.121271,-1.63712
-0.0356243,-0.0788661,0.0369358;-1.61134,-0.0272065,-1.6579
-0.0369028,-0.0981266,0.0443781;-1.70518,0.0771317,-1.6625
-0.0375304,-0.0995796,0.0451011;-1.71623,-0.0330109,-1.6728
-0.0406207,-0.0946693,0.0363208;-1.61485,-0.116219,-1.6339
-0.0386266,-0.0843357,0.0297149;-1.56769,-0.334139,-1.59396
-0.0369394,-0.0870617,0.0321109;-1.56588,-0.293323,-1.62392
-0.032869,-0.0945598,0.0352877;-1.52295,-0.243968,-1.62406
-0.0301631,-0.119724,0.0460665;-1.40827,-0.128052,-1.55807
-0.0285241,-0.135275,0.0464199;-1.35515,-0.163119,-1.54972
-0.0312583,-0.141282,0.0429612;-1.32376,-0.201862,-1.54533
-0.0440387,-0.122786,0.0346899;-1.52727,-0.423709,-1.62526
-0.0462274,-0.119305,0.0372888;-1.54299,-0.427599,-1.66614
-0.0489543,-0.119327,0.0370005;-1.55134,-0.405845,-1.65702
-0.0472539,-0.125028,0.0384401;-1.60683,-0.150407,-1.64949
-0.0508019,-0.114569,0.0424751;-1.68725,-0.0895854,-1.64322
-0.056336,-0.103161,0.0418685;-1.73097,-0.0289638,-1.64542
-0.0636286,-0.0789911,0.0352297;-1.59655,-0.10472,-1.63995
-0.0602839,-0.0747483,0.0365511;-1.59404,-0.160746,-1.66737
-0.0568563,-0.0762678,0.0352807;-1.57032,-0.199882,-1.65112
-0.0536404,-0.0978858,0.0394923;-1.60907,-0.0136951,-1.66845
-0.0544425,-0.107452,0.0423629;-1.64797,-0.0130665,-1.67247
-0.0574093,-0.115098,0.0419101;-1.66988,0.0176966,-1.65156
-0.0605614,-0.099158,0.0326015;-1.56648,-0.14842,-1.63102
-0.0605306,-0.0856678,0.0319018;-1.55553,-0.262827,-1.60816
-0.0593986,-0.0894252,0.0336878;-1.55976,-0.217063,-1.63506
-0.0601358,-0.0992236,0.038209;-1.6007,-0.16332,-1.64041
-0.0434616,-0.14091,0.0502361;-1.61929,-0.128921,-1.62969
-0.0341558,-0.159396,0.0498497;-1.58554,-0.184155,-1.63009
-0.0263895,-0.172212,0.0417302;-1.52571,-0.284682,-1.647
-0.0302153,-0.169416,0.0357495;-1.53164,-0.428231,-1.64095
-0.0350495,-0.163017,0.0361346;-1.53605,-0.49358,-1.64533
-0.0350021,-0.162904,0.0351833;-1.53488,-0.418782,-1.63646
-0.0283076,-0.170449,0.0397773;-1.55176,-0.180446,-1.59682
-0.027201,-0.173289,0.0467003;-1.63765,-0.218669,-1.61268
-0.0313167,-0.176078,0.0484605;-1.62147,-0.287952,-1.60002
-0.0355073,-0.184196,0.0397016;-1.37854,-0.534405,-1.51987
-0.0387803,-0.175674,0.0343228;-1.51631,-0.570423,-1.60061
-0.0364808,-0.17658,0.0343989;-1.56189,-0.524307,-1.64885
-0.0238527,-0.192403,0.041357;-1.38825,-0.278482,-1.56537
-0.019552,-0.199667,0.0445886;-1.27084,-0.191632,-1.48402
-0.0232593,-0.198162,0.0436044;-1.29836,-0.188486,-1.4973
-0.0350259,-0.168963,0.0353857;-1.61462,-0.457696,-1.6588
-0.0361076,-0.16175,0.0339061;-1.58471,-0.550094,-1.64437
-0.0382259,-0.162653,0.0319701;-1.5678,-0.57933,-1.62064
-0.035731,-0.201359,0.0394103;-1.39457,-0.436056,-1.53547
-0.0282822,-0.207774,0.0389882;-1.39813,-0.322009,-1.54486
-0.0242325,-0.208441,0.0389638;-1.39574,-0.246171,-1.53974
-0.0262077,-0.183338,0.0397808;-1.46823,-0.342538,-1.63143
-0.0280789,-0.161579,0.0385298;-1.52242,-0.411501,-1.67509
-0.0276008,-0.151294,0.0390523;-1.53769,-0.470368,-1.68821
-0.0256836,-0.179993,0.0396055;-1.50475,-0.481526,-1.64831
-0.0200676,-0.193034,0.0421273;-1.37114,-0.396177,-1.55324
-0.0157027,-0.19847,0.0416705;-1.3556,-0.345969,-1.54308
-0.0275533,-0.203345,0.0398034;-1.39575,-0.451959,-1.54669
-0.032835,-0.194931,0.0351394;-1.49384,-0.525184,-1.58818
-0.0350808,-0.181455,0.0322958;-1.5451,-0.58765,-1.60973
-0.0256264,-0.183371,0.0388434;-1.50919,-0.421886,-1.65438
-0.0195123,-0.196054,0.0419813;-1.42185,-0.360445,-1.61073
-0.0112126,-0.207212,0.0442059;-1.2898,-0.291655,-1.52327
-0.0166571,-0.20987,0.0440994;-1.32757,-0.384081,-1.54586
-0.0261648,-0.198833,0.0372481;-1.50226,-0.55623,-1.62379
-0.0314915,-0.191567,0.0349291;-1.51907,-0.67467,-1.60417
-0.0368735,-0.191086,0.0323362;-1.53421,-0.621226,-1.58362
-0.0317111,-0.202675,0.0363505;-1.45138,-0.493435,-1.55535
-0.0238414,-0.209036,0.0377967;-1.42816,-0.364904,-1.54646
-0.0210108,-0.2064,0.0372145;-1.47922,-0.292659,-1.58827
-0.0190685,-0.196293,0.035836;-1.53253,-0.425625,-1.64192
-0.0147783,-0.189469,0.0364481;-1.53357,-0.542329,-1.65513
-0.0179885,-0.184859,0.0390211;-1.54649,-0.658326,-1.67894
-0.0157687,-0.196277,0.0395289;-1.52025,-0.600747,-1.66745
-0.0116013,-0.206919,0.0410161;-1.44675,-0.5184,-1.60942
-0.0156746,-0.220957,0.0398885;-1.4096,-0.447711,-1.54167
-0.0241713,-0.219107,0.0365546;-1.45076,-0.541954,-1.53711
-0.0280127,-0.210437,0.0357203;-1.45546,-0.63623,-1.53614
-0.0209992,-0.198722,0.0372576;-1.53724,-0.685213,-1.66029
-0.0140632,-0.202388,0.0408524;-1.51745,-0.595752,-1.68178
-0.0104916,-0.206577,0.0433635;-1.47567,-0.514814,-1.6666
-0.00552728,-0.215613,0.0427086;-1.47523,-0.412016,-1.66644
-0.014875,-0.216862,0.0426578;-1.47608,-0.459989,-1.66976
-0.0229003,-0.211601,0.0398784;-1.52599,-0.562915,-1.67874
-0.0299386,-0.192156,0.0298087;-1.57663,-0.771941,-1.60217
-0.0290368,-0.192649,0.0312819;-1.56731,-0.757385,-1.61054
-0.0267262,-0.201677,0.0328181;-1.55152,-0.662384,-1.612
-0.0152891,-0.216286,0.038581;-1.52285,-0.486128,-1.65886
-0.0134079,-0.218643,0.0393184;-1.48876,-0.453327,-1.63378
-0.015409,-0.21584,0.0390787;-1.50765,-0.4789,-1.65155
-0.0184267,-0.201863,0.0349903;-1.53312,-0.654901,-1.62608
-0.0206759,-0.197839,0.0344136;-1.54696,-0.6894,-1.63275
-0.0215298,-0.196075,0.034758;-1.54855,-0.676143,-1.63662
-0.0160995,-0.200559,0.0374644;-1.59972,-0.462389,-1.62795
-0.020604,-0.198341,0.0388881;-1.74421,-0.461488,-1.65766
-0.0268104,-0.199765,0.0376095;-1.74867,-0.493045,-1.64477
-0.0160765,-0.1997,0.0294479;-1.57501,-0.66619,-1.58468
-0.0122786,-0.200476,0.0321443;-1.55959,-0.734097,-1.62086
-0.00952284,-0.202299,0.0363922;-1.5477,-0.720027,-1.6572
0.00383068,-0.213026,0.0431756;-1.42121,-0.506113,-1.61392
0.00602303,-0.219241,0.0433902;-1.36821,-0.39413,-1.56536
-0.0013961,-0.217934,0.0408912;-1.39588,-0.388762,-1.53999
-0.015591,-0.20587,0.031034;-1.5117,-0.638864,-1.52227
-0.0168743,-0.205686,0.0306751;-1.50717,-0.706362,-1.52188
-0.0182451,-0.208044,0.031698;-1.48146,-0.752905,-1.5105
-0.0143331,-0.222533,0.0329659;-1.5964,-0.673595,-1.55927
-0.0126779,-0.239774,0.033058;-1.52209,-0.569474,-1.53083
-0.0111304,-0.244593,0.0344158;-1.46302,-0.499528,-1.51587
-0.0162771,-0.228002,0.0369144;-1.39536,-0.607826,-1.47048
-0.017164,-0.215284,0.0353502;-1.40942,-0.691068,-1.46649
-0.0192907,-0.208963,0.0314314;-1.48663,-0.751201,-1.51259
-0.0192907,-0.208963,0.0314314;-1.48663,-0.751201,-1.51259
-0.0205328,-0.209669,0.0330002;-1.45405,-0.750556,-1.49417
-0.0205328,-0.209669,0.0330002;-1.45405,-0.750556,-1.49417
