0,0,0.11;-1.57,-2.98023e-08,-1.57
0,0,0.11;-1.57,-2.98023e-08,-1.57
0,0,0.11;-1.57,-2.98023e-08,-1.57
-0.000922334,-0.00134585,0.0286246;-1.57082,-0.265182,-1.56871
-0.000387868,-6.13641e-05,0.028586;-1.57007,-0.197566,-1.57069
0.000926185,0.00504011,0.0293026;-1.55915,-0.0710179,-1.56759
-0.000183334,0.0126091,0.0301109;-1.57724,0.0282306,-1.56117
-0.000259272,0.00353093,0.0286053;-1.56983,-0.183437,-1.56994
-0.000122458,0.00219005,0.0285809;-1.57083,-0.258628,-1.571
0.00012719,0.00229576,0.0286043;-1.57147,-0.282445,-1.57207
0.000321651,0.00244106,0.0289566;-1.57089,-0.231784,-1.58873
0.00179302,0.0095188,0.0295186;-1.59109,-0.150118,-1.58267
0.00025318,0.0276218,0.0355586;-1.6981,-0.00852139,-1.57585
0.00253213,0.0206177,0.028745;-1.57667,-0.0512502,-1.57353
0.00291854,0.0168027,0.0286344;-1.5679,-0.202741,-1.56963
0.00154439,0.0153172,0.0285875;-1.57069,-0.297877,-1.57037
0.00176913,0.0159566,0.0285799;-1.57071,-0.278784,-1.57075
0.00300118,0.0206171,0.0287726;-1.56613,-0.177174,-1.56486
0.00256797,0.0331651,0.0315872;-1.60086,-0.0686348,-1.54637
-0.00243043,0.0367949,0.0335647;-1.64224,0.0298793,-1.55154
-0.000257666,0.026593,0.0294473;-1.58257,-0.0521161,-1.56363
-0.00102321,0.0203303,0.02858;-1.57023,-0.1596,-1.57062
-0.00132637,0.0198355,0.0286723;-1.57531,-0.215173,-1.57225
-0.00220102,0.0193739,0.0292109;-1.59641,-0.153828,-1.58017
-0.00194848,0.025051,0.0314699;-1.62863,-0.0415779,-1.58035
0.000397063,0.0407294,0.0332131;-1.66314,0.00334022,-1.57516
0.00469843,0.0392156,0.0289392;-1.58654,-0.101744,-1.57407
0.00305199,0.0356614,0.0285985;-1.56996,-0.314555,-1.57047
0.00302657,0.0356188,0.0286001;-1.57102,-0.32873,-1.56972
0.00308066,0.0362009,0.0285802;-1.57078,-0.286079,-1.57081
0.00448905,0.0520703,0.0299223;-1.57009,-0.0668485,-1.55765
0.000794844,0.0633502,0.0322702;-1.60912,0.0137495,-1.55519
0.00481509,0.0636559,0.0306142;-1.59595,-0.0723755,-1.56372
0.00566913,0.0549282,0.0285788;-1.57057,-0.295596,-1.57075
0.00533371,0.0534384,0.0285784;-1.57078,-0.338409,-1.57075
0.00548168,0.0538059,0.0286817;-1.57475,-0.341534,-1.5733
0.00734676,0.0660744,0.0305829;-1.5678,-0.267588,-1.59766
0.00429744,0.0977792,0.0351261;-1.69149,-0.211347,-1.60874
0.00249034,0.109168,0.0356357;-1.70706,-0.230529,-1.61186
0.0115745,0.105026,0.0285589;-1.57102,-0.479422,-1.57082
0.0112665,0.104294,0.0286778;-1.56597,-0.501196,-1.56786
0.0112095,0.104395,0.0285801;-1.57081,-0.496101,-1.5709
0.0126393,0.108367,0.0285853;-1.57029,-0.302824,-1.57077
0.0119056,0.116019,0.0297841;-1.56114,-0.151326,-1.56295
0.00897761,0.126529,0.0314581;-1.60125,-0.0527516,-1.56866
0.0162367,0.120054,0.0285864;-1.57202,-0.268045,-1.56964
0.0157262,0.116137,0.0285833;-1.57104,-0.408949,-1.57076
0.0163605,0.114533,0.0286495;-1.57086,-0.486912,-1.56748
0.0160842,0.114871,0.0288707;-1.57143,-0.451864,-1.58425
0.0152129,0.12229,0.0315946;-1.62053,-0.339522,-1.60236
0.00989202,0.135656,0.0377926;-1.72125,-0.166048,-1.62251
0.0104834,0.12497,0.0299722;-1.60875,-0.179629,-1.58468
0.0105861,0.123268,0.0285711;-1.57037,-0.202586,-1.57061
0.0107395,0.123193,0.0288025;-1.58168,-0.224487,-1.57327
0.0113089,0.125091,0.0285961;-1.56959,-0.073751,-1.57051
0.0141104,0.133958,0.0296824;-1.55252,0.0372726,-1.56704
0.0146877,0.155384,0.0315337;-1.57127,0.157993,-1.56049
0.016305,0.148937,0.0284184;-1.57144,0.0943253,-1.56993
0.015426,0.144944,0.0285789;-1.57083,0.0173929,-1.57091
0.0161189,0.143218,0.0287405;-1.57585,-0.055982,-1.56851
0.0161638,0.143245,0.0285794;-1.57078,-0.123337,-1.57073
0.017953,0.148534,0.0294079;-1.56389,-0.0862405,-1.57854
0.0191785,0.17473,0.0344893;-1.61083,0.00928216,-1.58566
0.0203167,0.185724,0.0341007;-1.67987,-0.0219501,-1.58291
0.0194304,0.177493,0.0301456;-1.61071,-0.0339382,-1.57646
0.0177906,0.173858,0.0290981;-1.59424,0.0077519,-1.57356
0.0164572,0.172711,0.0285797;-1.57083,0.0362101,-1.57084
0.0172305,0.174017,0.0286568;-1.56703,0.080061,-1.57094
0.0198402,0.183975,0.031077;-1.52369,0.146565,-1.57259
0.0218128,0.224322,0.0308057;-1.5966,0.208226,-1.56245
0.0244478,0.218898,0.0302543;-1.60001,0.107605,-1.57026
0.023681,0.212734,0.0285944;-1.57047,0.0212535,-1.56913
0.0246303,0.208792,0.0286559;-1.57381,-0.15109,-1.57063
0.0250805,0.209737,0.0285756;-1.57023,-0.164456,-1.5699
0.026015,0.210598,0.0288268;-1.56112,-0.131937,-1.57189
0.0212013,0.262692,0.03645;-1.6956,-0.0168705,-1.60359
0.0218982,0.273752,0.0357823;-1.71763,-0.106948,-1.59261
0.0256114,0.270427,0.0317759;-1.64667,-0.191494,-1.59007
0.0228876,0.263459,0.0291054;-1.59484,-0.0816414,-1.57495
0.0209204,0.261031,0.0285674;-1.57234,0.080442,-1.57069
0.022768,0.260533,0.0288113;-1.55949,0.206372,-1.57291
0.0322039,0.301904,0.0348055;-1.52141,0.346941,-1.58034
0.0372264,0.318451,0.0338259;-1.67575,0.231073,-1.55552
0.0405776,0.312595,0.0287413;-1.56518,0.111852,-1.56929
0.0361528,0.306032,0.0285913;-1.57071,-0.148572,-1.57015
0.0362405,0.306003,0.0285782;-1.57044,-0.148832,-1.57042
0.0370409,0.305207,0.0286553;-1.57034,-0.0789819,-1.57414
0.0374304,0.323511,0.0342211;-1.66027,0.209821,-1.57409
0.0385826,0.330666,0.0347718;-1.68209,0.169176,-1.5672
0.0417506,0.328654,0.0314079;-1.63193,0.0859754,-1.57219
0.0397611,0.324429,0.0292488;-1.5992,0.0884378,-1.57276
0.0356331,0.320049,0.0288217;-1.57042,0.260471,-1.58254
0.035192,0.31981,0.0288303;-1.5706,0.315315,-1.5827
0.0413184,0.336533,0.0333106;-1.64846,0.60105,-1.51935
0.0424826,0.335329,0.032951;-1.66606,0.559923,-1.52345
0.0411363,0.32929,0.0290618;-1.57406,0.527642,-1.56725
0.0385426,0.325073,0.0285672;-1.57113,0.313745,-1.57043
0.0380225,0.324351,0.0286389;-1.56791,0.260687,-1.57149
0.0384743,0.324615,0.028576;-1.57107,0.293459,-1.57074
0.0412874,0.327079,0.0285853;-1.57247,0.385029,-1.56919
0.0441152,0.344768,0.035525;-1.72625,0.626279,-1.48503
0.0421595,0.341114,0.0336661;-1.69509,0.625066,-1.50658
0.0359592,0.335848,0.0290905;-1.58873,0.65531,-1.57013
0.0373312,0.335972,0.0291762;-1.59939,0.59765,-1.56008
0.0347171,0.335649,0.0288444;-1.57536,0.682475,-1.57687
0.0327128,0.33483,0.0287801;-1.57062,0.800761,-1.57992
0.0556986,0.349713,0.0336613;-1.71077,1.00802,-1.44176
0.0577246,0.347411,0.0331097;-1.71443,0.947474,-1.45351
0.0527432,0.34066,0.0285065;-1.57215,0.859275,-1.57058
0.0492669,0.339531,0.0285769;-1.5708,0.685948,-1.57102
0.0495382,0.339883,0.028579;-1.57075,0.682003,-1.57087
0.0503315,0.339987,0.0285756;-1.57062,0.710329,-1.57122
0.0655186,0.354327,0.0320344;-1.63033,0.943994,-1.51245
0.0719475,0.356829,0.0320998;-1.67081,0.872129,-1.49638
0.0707464,0.350414,0.0289279;-1.58894,0.790237,-1.56199
0.0642269,0.349521,0.0292495;-1.61434,0.874516,-1.54217
0.0615769,0.349476,0.0291637;-1.6084,0.938129,-1.54665
0.0570565,0.349339,0.0290385;-1.5784,1.05623,-1.58266
0.0952259,0.365558,0.0331347;-1.54106,1.15527,-1.60261
0.114541,0.377442,0.0315723;-1.67336,1.10062,-1.47932
0.115347,0.37315,0.0286437;-1.57633,0.970911,-1.56635
0.112954,0.373225,0.0286989;-1.56235,0.812728,-1.57686
0.112733,0.373578,0.02858;-1.57074,0.78961,-1.5708
0.113175,0.373645,0.0285793;-1.57089,0.817544,-1.57077
0.119294,0.372377,0.0301887;-1.52019,1.08857,-1.61104
0.131065,0.38079,0.0325898;-1.51027,1.15595,-1.61434
0.136118,0.383684,0.0304763;-1.63817,1.07826,-1.51387
0.136157,0.380529,0.0288183;-1.57054,0.93371,-1.58232
0.134387,0.380083,0.0290362;-1.59173,0.942844,-1.56334
0.132881,0.37988,0.0290843;-1.59962,0.988885,-1.5551
0.136739,0.38029,0.0301015;-1.57308,1.09524,-1.5922
0.154776,0.387653,0.0331521;-1.81751,1.24416,-1.35028
0.153649,0.388607,0.0326475;-1.8287,1.33244,-1.33416
0.14252,0.384786,0.0285605;-1.5724,1.13914,-1.56901
0.14097,0.38514,0.028581;-1.57125,1.04593,-1.56982
0.140221,0.384647,0.0286032;-1.57082,1.00149,-1.56959
0.14247,0.384019,0.028581;-1.57022,1.12523,-1.57177
0.150467,0.384742,0.0299076;-1.51197,1.28856,-1.625
0.15897,0.389104,0.032549;-1.58863,1.42765,-1.55154
0.144378,0.383003,0.0285636;-1.5832,1.33837,-1.56172
0.145167,0.383678,0.0287314;-1.57321,1.24685,-1.57704
0.147819,0.382989,0.0291987;-1.63158,1.16772,-1.52119
0.153734,0.383031,0.0294448;-1.57354,1.10184,-1.59053
0.172051,0.3865,0.0306544;-1.62444,1.14219,-1.54204
0.189808,0.393353,0.0361347;-2.02231,1.25818,-1.15354
0.169711,0.390912,0.0286534;-1.5539,1.30458,-1.58749
0.168777,0.390609,0.0285778;-1.57092,1.32755,-1.57042
0.168737,0.390482,0.0286706;-1.58699,1.30214,-1.55528
0.169333,0.390536,0.0285994;-1.56635,1.31061,-1.57473
0.176137,0.389267,0.0301449;-1.42354,1.3755,-1.71243
0.196873,0.393602,0.0337881;-0.921624,1.45251,-2.20442
0.205611,0.395159,0.0285518;-1.57331,1.33298,-1.56827
0.203984,0.395306,0.0285735;-1.56975,1.29457,-1.57184
0.203713,0.395019,0.0287635;-1.60018,1.26775,-1.54284
0.204466,0.393083,0.0285786;-1.5717,1.18461,-1.57041
0.206962,0.393592,0.0287253;-1.56678,1.14734,-1.58104
0.219919,0.39678,0.0316138;-1.48667,1.18741,-1.65683
0.25246,0.408927,0.0291145;-1.6004,1.15237,-1.54889
0.248237,0.406224,0.0285731;-1.57062,1.07201,-1.57081
0.247571,0.40618,0.0285782;-1.57076,1.06482,-1.57088
0.247739,0.406773,0.0285991;-1.57145,1.09913,-1.56913
0.248443,0.406563,0.0286076;-1.56805,1.14586,-1.57295
0.253997,0.407002,0.0297888;-1.50325,1.18692,-1.631
0.3036,0.428185,0.0329627;-1.80095,1.18751,-1.36572
0.303796,0.423199,0.0294553;-1.62293,1.09586,-1.52749
0.300754,0.421857,0.0285753;-1.57073,1.00431,-1.57095
0.299711,0.421526,0.0286073;-1.57108,0.948854,-1.56914
0.299986,0.421518,0.0285932;-1.57106,0.947282,-1.57115
0.299944,0.421404,0.0289105;-1.57877,0.982654,-1.5756
0.332391,0.435371,0.033912;-1.72908,1.12388,-1.44553
0.340906,0.437961,0.0309237;-1.66204,1.03764,-1.4986
0.339794,0.434469,0.0285488;-1.57034,0.904067,-1.57121
0.338155,0.434427,0.0285927;-1.5708,0.780115,-1.57016
0.338585,0.43507,0.0285614;-1.5709,0.816316,-1.57151
0.339673,0.435311,0.0285731;-1.57054,0.885178,-1.57146
0.352085,0.443636,0.0331768;-1.75826,1.17729,-1.40809
0.358924,0.446673,0.0333925;-1.76319,1.08561,-1.40987
0.358373,0.443625,0.028523;-1.57517,0.978147,-1.5681
0.356342,0.443057,0.0285774;-1.57076,0.839965,-1.57088
0.357063,0.443163,0.0286392;-1.5694,0.812194,-1.57572
0.358887,0.443206,0.0290927;-1.60351,0.788608,-1.54964
0.358887,0.443206,0.0290927;-1.60351,0.788608,-1.54964
0.361264,0.445009,0.0318706;-1.67296,0.832647,-1.49684
0.361264,0.445009,0.0318706;-1.67296,0.832647,-1.49684
