0,0,0.11;-1.57,-2.98023e-08,-1.57
0,0,0.11;-1.57,-2.98023e-08,-1.57
0,0,0.11;-1.57,-2.98023e-08,-1.57
-0.000596502,-0.000377242,0.0286042;-1.57071,-0.258862,-1.56964
-0.00101933,-0.00109857,0.02858;-1.5706,-0.299713,-1.57088
-0.00163471,-0.00239662,0.0287168;-1.57541,-0.307464,-1.57463
-0.00510684,-0.0146961,0.0342617;-1.49832,-0.281194,-1.58552
-0.0114965,-0.015813,0.0294748;-1.54445,-0.32771,-1.56819
-0.0114436,-0.0150792,0.0290605;-1.55336,-0.342561,-1.55804
-0.0111607,-0.0152565,0.029045;-1.55557,-0.355279,-1.55727
-0.0111104,-0.0150521,0.0288468;-1.56646,-0.343117,-1.56087
-0.0114172,-0.0145307,0.0288744;-1.56766,-0.327339,-1.55859
-0.0117692,-0.0138173,0.0295636;-1.55868,-0.304822,-1.56912
-0.00792042,-0.0120919,0.034553;-1.55812,-0.349198,-1.64365
-0.00924842,-0.00902308,0.03332;-1.56169,-0.393919,-1.63074
-0.00830191,-0.00121842,0.0291086;-1.59439,-0.455812,-1.58573
-0.00806222,-0.00175676,0.029288;-1.53561,-0.442424,-1.5527
-0.00816865,0.00072789,0.0303135;-1.5442,-0.423561,-1.53669
-0.00865155,0.00304347,0.0321817;-1.50699,-0.397086,-1.52125
-0.00828547,0.000327236,0.0350817;-1.47058,-0.357061,-1.55935
-0.00398186,-0.00258795,0.0369135;-1.51541,-0.364603,-1.6285
-0.00149507,-0.00156368,0.0359578;-1.55558,-0.385083,-1.65908
-0.00156519,0.00421308,0.0291278;-1.58632,-0.393983,-1.57295
-0.00157338,0.00405686,0.0288799;-1.56714,-0.382515,-1.55836
-0.00173217,0.00408943,0.0291331;-1.55178,-0.354251,-1.5551
-0.00218888,0.00513668,0.0308232;-1.53174,-0.324014,-1.5423
-0.00188206,0.00484223,0.0322229;-1.49725,-0.350788,-1.54833
0.00224572,0.0142679,0.0362947;-1.55402,-0.448978,-1.61797
0.0014119,0.0210408,0.0363056;-1.61459,-0.468989,-1.59579
-0.00429672,0.011261,0.0341767;-1.48493,-0.44774,-1.55837
-0.0049503,-0.00129247,0.0313454;-1.50779,-0.327759,-1.54215
-0.00410242,-0.00134189,0.0313897;-1.51762,-0.291464,-1.54875
-0.00314965,-0.00146837,0.0323831;-1.53309,-0.320475,-1.59056
0.00480587,0.0098728,0.0383292;-1.518,-0.399654,-1.65017
0.0082139,0.0205743,0.0415041;-1.52136,-0.434701,-1.65176
0.00487542,0.0239201,0.0420668;-1.51193,-0.442977,-1.61889
-0.00297764,0.0139505,0.039188;-1.39747,-0.383918,-1.53661
-0.0058988,0.0146857,0.0367766;-1.39196,-0.374251,-1.50039
-0.00716413,0.0153901,0.0386152;-1.3575,-0.364289,-1.48598
0.00207104,0.0313638,0.0423838;-1.37334,-0.383032,-1.55376
0.00835791,0.0484642,0.0348871;-1.54879,-0.365036,-1.62524
0.0102623,0.0505856,0.03556;-1.60761,-0.328816,-1.65814
-0.00100931,0.0351376,0.0307325;-1.56722,-0.231485,-1.58996
-0.00515345,0.0220337,0.0330355;-1.50399,-0.192834,-1.53237
-0.00818291,0.0203273,0.0344622;-1.5646,-0.185077,-1.48368
-0.00998028,0.0173654,0.0327138;-1.53275,-0.282921,-1.50645
-0.0121748,0.0156947,0.0333569;-1.46536,-0.37438,-1.53197
-0.0153329,0.0199912,0.0352288;-1.44427,-0.462717,-1.53382
-0.0149018,0.0154036,0.0431465;-1.37909,-0.47021,-1.56989
-0.0178268,0.00458914,0.0426075;-1.35477,-0.470063,-1.53617
-0.0244211,0.00136164,0.0356176;-1.44352,-0.473181,-1.49112
-0.0266843,0.00521774,0.030908;-1.55242,-0.521997,-1.52922
-0.0268852,0.00545167,0.0294982;-1.53084,-0.517435,-1.54666
-0.0285913,0.00673115,0.0293521;-1.54697,-0.537143,-1.56057
-0.0203188,-0.000319034,0.034071;-1.52088,-0.389054,-1.60776
-0.0172914,-0.00924318,0.0356691;-1.46963,-0.302658,-1.57547
-0.0181869,-0.0135754,0.0364712;-1.44167,-0.264914,-1.51291
-0.0238021,-0.00896307,0.0385573;-1.44314,-0.309119,-1.46794
-0.0211033,-0.00764133,0.0379376;-1.45319,-0.359149,-1.46693
-0.020722,-0.00748727,0.034165;-1.477,-0.377358,-1.50188
-0.0209802,-0.00667573,0.0293264;-1.54808,-0.378336,-1.55998
-0.0201408,-0.00790164,0.0291956;-1.55513,-0.344255,-1.57594
-0.019458,-0.0107228,0.0316862;-1.52957,-0.316389,-1.56763
-0.0293477,-0.0130257,0.0360372;-1.49929,-0.280975,-1.48591
-0.0289085,-0.0114435,0.0366467;-1.50722,-0.284986,-1.47771
-0.0290222,-0.0122941,0.0350387;-1.49615,-0.302722,-1.49612
-0.029386,-0.0110522,0.0329636;-1.47189,-0.305958,-1.5299
-0.0281781,-0.0137562,0.0347993;-1.43151,-0.31217,-1.52163
-0.0268315,-0.0138032,0.0356398;-1.43421,-0.276865,-1.52439
-0.0271923,-0.0137742,0.037634;-1.43076,-0.270368,-1.53166
-0.0281254,-0.00811713,0.0352297;-1.4633,-0.391396,-1.54396
-0.0300171,-0.000221842,0.0297957;-1.54307,-0.448606,-1.55845
-0.029201,0.00343212,0.0290472;-1.54712,-0.43751,-1.56145
-0.0287826,0.00356718,0.029607;-1.53201,-0.421604,-1.55849
-0.02862,0.00251739,0.0311267;-1.51234,-0.394256,-1.54425
-0.030498,-0.0118432,0.0419888;-1.48984,-0.272734,-1.54177
-0.0292383,-0.00773865,0.0436837;-1.43922,-0.295573,-1.52911
-0.0284122,-0.00486745,0.0389888;-1.36469,-0.314461,-1.51507
-0.0232953,-0.0046832,0.0354622;-1.43631,-0.306668,-1.53462
-0.0224017,-0.00279007,0.0306603;-1.51392,-0.300732,-1.55282
-0.0218741,-0.00197192,0.0291925;-1.55092,-0.2985,-1.56057
-0.0240437,-0.00136498,0.0349757;-1.47438,-0.268025,-1.52624
-0.0236061,-0.000718774,0.040763;-1.38487,-0.321942,-1.53774
-0.0239301,-0.000836364,0.0447386;-1.36155,-0.335666,-1.53698
-0.0262769,0.0103813,0.0407705;-1.3487,-0.449792,-1.49617
-0.0262209,0.0126614,0.0387703;-1.36288,-0.438749,-1.48816
-0.0255545,0.011252,0.0373129;-1.3808,-0.409027,-1.48997
-0.0224495,0.0076736,0.0381047;-1.38637,-0.336013,-1.49117
-0.0229792,0.00953721,0.0338038;-1.5161,-0.332518,-1.50748
-0.0209235,0.00311297,0.0346796;-1.48308,-0.30022,-1.53639
-0.0183155,0.00134797,0.0314913;-1.55191,-0.3683,-1.60536
-0.0197512,0.000242664,0.0294334;-1.55796,-0.3796,-1.58248
-0.0203506,0.000110868,0.0287344;-1.56842,-0.389368,-1.57506
-0.0216936,3.50092e-05,0.0291429;-1.55811,-0.437747,-1.54944
-0.0225924,-0.000639803,0.0293603;-1.56566,-0.456606,-1.55483
-0.0229235,0.000922785,0.031337;-1.56403,-0.458028,-1.54124
-0.0142259,0.00640459,0.0315212;-1.56476,-0.564877,-1.6122
-0.0147226,0.0122263,0.0310821;-1.58729,-0.63201,-1.61502
-0.0161081,0.0106555,0.028789;-1.57077,-0.608042,-1.5807
-0.0153763,0.0101008,0.0286419;-1.56692,-0.564328,-1.56788
-0.0165057,0.0117112,0.029803;-1.5731,-0.491156,-1.55264
-0.0173698,0.013114,0.0309276;-1.57312,-0.523,-1.5487
-0.0159592,0.015883,0.033534;-1.47832,-0.550127,-1.53906
-0.0102534,0.0255859,0.0375575;-1.48903,-0.661815,-1.59872
-0.0138903,0.0249507,0.0355167;-1.50362,-0.692914,-1.58726
-0.0156127,0.0197532,0.0307566;-1.54382,-0.662925,-1.57676
-0.017276,0.019569,0.033591;-1.51163,-0.581623,-1.49718
-0.0184511,0.0224014,0.0346191;-1.53106,-0.575778,-1.49092
-0.0186737,0.0280688,0.0387021;-1.49971,-0.62318,-1.49654
-0.00654234,0.0409295,0.046326;-1.61475,-0.671626,-1.59084
-0.00564631,0.0386114,0.0472558;-1.53875,-0.588663,-1.59741
-0.00950844,0.0267639,0.0428639;-1.38491,-0.527581,-1.54754
-0.0138203,0.0112431,0.0388438;-1.35907,-0.430784,-1.46861
-0.0179638,0.0139703,0.0401479;-1.40008,-0.423693,-1.44101
-0.020628,0.0198914,0.0427523;-1.4723,-0.499649,-1.44978
-0.0140661,0.0384965,0.045745;-1.49274,-0.667763,-1.52029
-0.00913911,0.036791,0.0458;-1.44675,-0.663517,-1.554
-0.00777641,0.0244017,0.0456602;-1.36758,-0.596548,-1.56668
-0.00315376,0.0153575,0.0482457;-1.28158,-0.519206,-1.51942
-0.00568077,0.0152004,0.0472798;-1.26719,-0.516198,-1.49473
-0.00882628,0.0152671,0.0447608;-1.24815,-0.495909,-1.44484
-0.0069073,0.0297857,0.0464174;-1.26917,-0.582212,-1.46607
-0.00253467,0.044647,0.0497747;-1.32019,-0.590263,-1.51377
3.19974e-05,0.0536175,0.0489118;-1.4362,-0.540585,-1.56596
0.00223372,0.0509596,0.0527324;-1.4454,-0.390962,-1.57198
0.000131286,0.0435633,0.0525545;-1.45674,-0.315097,-1.54337
-0.00448127,0.0418657,0.0531327;-1.46841,-0.292818,-1.51205
0.00164431,0.0694918,0.0468664;-1.56648,-0.358694,-1.51807
0.000305635,0.0907997,0.0372288;-1.71559,-0.35326,-1.59399
-0.00165417,0.0976097,0.0359011;-1.72644,-0.35856,-1.62928
-0.00548176,0.0939536,0.0412045;-1.75914,-0.336418,-1.67779
-0.00852576,0.0857121,0.047335;-1.70691,-0.317008,-1.63916
-0.00867443,0.0688393,0.0529178;-1.50108,-0.317537,-1.54606
-0.00544693,0.0467403,0.0460794;-1.2272,-0.418372,-1.4202
-0.00445278,0.0653561,0.0419219;-1.41769,-0.4317,-1.48028
-0.000892581,0.0772976,0.0297335;-1.55128,-0.434598,-1.55594
0.00431298,0.0676681,0.0321825;-1.53732,-0.349778,-1.59758
0.00393085,0.0567892,0.0390599;-1.4919,-0.349203,-1.56968
0.000952085,0.0456981,0.0419316;-1.41388,-0.33719,-1.51669
-0.0114285,0.0472249,0.0429142;-1.2994,-0.454963,-1.43198
-0.0140676,0.055836,0.0419676;-1.30374,-0.521812,-1.43183
-0.0141443,0.0621556,0.0395848;-1.32935,-0.550225,-1.44859
-0.0179483,0.0542045,0.0365177;-1.37709,-0.52685,-1.46874
-0.0156111,0.0502194,0.0371821;-1.39049,-0.468405,-1.48759
-0.0087016,0.0392498,0.0380001;-1.40274,-0.402877,-1.51201
0.00217988,0.0309665,0.0418089;-1.37745,-0.408709,-1.49476
0.00281048,0.0385428,0.0372127;-1.39292,-0.44567,-1.48637
0.00451776,0.0435822,0.0338514;-1.4611,-0.472839,-1.52284
0.00517549,0.0431474,0.028628;-1.56957,-0.471792,-1.57235
0.0049721,0.0431015,0.028627;-1.57109,-0.474205,-1.56824
0.00463492,0.0427231,0.0287198;-1.57744,-0.473203,-1.57518
-0.000530903,0.0482182,0.0324186;-1.58419,-0.513818,-1.59607
-0.00291304,0.0637145,0.0336327;-1.51793,-0.556971,-1.58263
-0.00330579,0.072953,0.0364224;-1.43821,-0.585321,-1.53628
-0.00527043,0.0741176,0.0335078;-1.54196,-0.621894,-1.61251
-0.00646418,0.0751512,0.0300905;-1.56849,-0.621691,-1.59888
-0.00690872,0.0707441,0.0295984;-1.6069,-0.575212,-1.59358
-0.0057758,0.0614807,0.0361962;-1.63563,-0.500876,-1.61074
-0.00303563,0.0640663,0.0429356;-1.52604,-0.511477,-1.55922
0.000998556,0.0676612,0.041375;-1.36928,-0.562765,-1.47532
0.00482898,0.0682412,0.0409381;-1.33989,-0.581697,-1.47837
0.00228528,0.0678918,0.0380705;-1.36681,-0.598991,-1.47471
-0.00145542,0.0665726,0.0369149;-1.38082,-0.642037,-1.45773
0.00138687,0.0551119,0.0403013;-1.35354,-0.598514,-1.42065
0.00591041,0.0516022,0.0436728;-1.26701,-0.633043,-1.40324
0.00787427,0.0577574,0.048128;-1.31795,-0.688102,-1.45306
0.016697,0.0732438,0.044333;-1.38417,-0.651693,-1.55337
0.0223864,0.0700554,0.0436859;-1.39401,-0.584966,-1.57681
0.0225929,0.0727854,0.0378388;-1.51695,-0.57785,-1.64916
0.0190386,0.074755,0.0416796;-1.70864,-0.503042,-1.70308
0.012084,0.0783247,0.0430405;-1.77564,-0.486545,-1.71114
0.0114959,0.0819479,0.0437311;-1.77827,-0.506728,-1.71063
0.0220569,0.0757099,0.0437215;-1.50804,-0.625483,-1.57903
0.0246122,0.071892,0.0383872;-1.44169,-0.66509,-1.55829
0.0229799,0.071691,0.0385262;-1.4265,-0.693848,-1.54182
0.0177912,0.0697279,0.0343498;-1.51598,-0.717236,-1.59951
0.0121518,0.0703641,0.0326427;-1.53189,-0.754213,-1.57152
0.00484044,0.0764574,0.0316515;-1.60414,-0.781938,-1.56485
0.00505343,0.0827224,0.0400213;-1.73461,-0.758325,-1.66967
0.0177843,0.0721762,0.0409573;-1.5013,-0.705606,-1.58625
0.0270704,0.0660593,0.0391537;-1.4196,-0.662443,-1.54394
0.0270704,0.0660593,0.0391537;-1.4196,-0.662443,-1.54394
0.0294886,0.0640983,0.0380976;-1.48335,-0.641959,-1.60813
0.0294886,0.0640983,0.0380976;-1.48335,-0.641959,-1.60813
