0,0,0.11;-1.57,-2.98023e-08,-1.57
0,0,0.11;-1.57,-2.98023e-08,-1.57
0,0,0.11;-1.57,-2.98023e-08,-1.57
-0.000977288,-0.00179494,0.0287098;-1.56681,-0.281114,-1.56692
-0.00043928,-0.000317612,0.028579;-1.57077,-0.185391,-1.57098
-0.000436447,0.000420391,0.0293505;-1.58363,-0.0262444,-1.58049
0.000139899,0.00925414,0.0367958;-1.6933,0.0651359,-1.5952
0.00417877,0.0139858,0.0288816;-1.57298,-0.118169,-1.58364
0.00316615,0.0117071,0.0286719;-1.57273,-0.113554,-1.57345
0.00311179,0.0113538,0.02863;-1.57078,-0.122998,-1.56852
0.00526089,0.0146401,0.0286101;-1.56927,0.041274,-1.57096
0.00760013,0.014426,0.0292511;-1.56551,0.19613,-1.57664
0.010495,0.0206811,0.0357392;-1.55818,0.350332,-1.59084
0.0126418,0.0213867,0.0374611;-1.69116,0.303969,-1.57964
0.0120078,0.0171694,0.0354012;-1.68451,0.238881,-1.56758
0.0106976,0.0120764,0.028751;-1.5746,0.221246,-1.57452
0.0114106,0.0137233,0.0286399;-1.57096,0.1513,-1.56781
0.0143019,0.0183778,0.0287925;-1.56554,0.223405,-1.56641
0.0212201,0.0375156,0.032586;-1.62314,0.334834,-1.54359
0.0184765,0.0436502,0.0365706;-1.73448,0.443813,-1.51661
0.0219333,0.0405316,0.0347998;-1.70375,0.359353,-1.53156
0.0246769,0.0375783,0.0309135;-1.63594,0.27559,-1.55918
0.022507,0.0353235,0.0287908;-1.57431,0.298863,-1.57642
0.0213575,0.0347261,0.0285787;-1.57046,0.434439,-1.57093
0.0224996,0.0389317,0.0296168;-1.57149,0.594415,-1.55402
0.0226155,0.0441699,0.032399;-1.65929,0.689727,-1.52145
0.0194773,0.0382922,0.0317057;-1.64305,0.682982,-1.53764
0.0218122,0.0319424,0.0298137;-1.61178,0.505652,-1.55711
0.0185427,0.0321059,0.0300967;-1.6199,0.540185,-1.54906
0.012313,0.0288022,0.0287131;-1.57078,0.698449,-1.57689
0.0181042,0.0276904,0.0313815;-1.49212,0.971393,-1.62604
0.029291,0.0361369,0.0357074;-1.48848,1.04774,-1.63887
0.0392462,0.0409449,0.0351018;-1.73455,0.95048,-1.4649
0.0585719,0.0421298,0.0293841;-1.60594,0.634388,-1.55954
0.0644177,0.0420253,0.0297251;-1.61137,0.55047,-1.55531
0.0636619,0.0422344,0.0298367;-1.60686,0.565537,-1.55995
0.0504582,0.0422272,0.0297387;-1.6015,0.845581,-1.55653
0.0577604,0.0495449,0.0338955;-1.73534,1.03396,-1.43617
0.057681,0.0506841,0.0351683;-1.82158,1.08686,-1.36249
0.0425897,0.0388964,0.028943;-1.56893,0.916947,-1.59008
0.0454937,0.0394649,0.029433;-1.60154,0.856261,-1.55903
0.0555761,0.0399785,0.0296258;-1.61279,0.729325,-1.54991
0.0626218,0.0433278,0.0309207;-1.62352,0.734248,-1.54792
0.0736226,0.0519747,0.0311868;-1.63582,0.88881,-1.53123
0.0829338,0.063631,0.0352762;-1.7408,1.00702,-1.45034
0.0757385,0.0511692,0.0286483;-1.56723,0.823354,-1.57516
0.0762151,0.0526979,0.0287584;-1.572,0.707908,-1.57769
0.0796039,0.0536076,0.0291487;-1.59538,0.615339,-1.56399
0.092512,0.0581572,0.0317333;-1.6202,0.545746,-1.56973
0.101958,0.0676399,0.0351288;-1.72815,0.618253,-1.48466
0.106113,0.0799166,0.0373081;-1.80029,0.75585,-1.42059
0.0937292,0.0742052,0.0286189;-1.55816,0.816534,-1.58398
0.0932024,0.0739621,0.0287919;-1.57436,0.797787,-1.57558
0.0912322,0.0736713,0.0289762;-1.59583,0.836581,-1.5547
0.0858653,0.0717521,0.0297855;-1.5669,1.02705,-1.60054
0.0976322,0.0747714,0.0335545;-1.55731,1.18106,-1.6161
0.114534,0.0840397,0.0413195;-2.20033,1.23461,-1.01267
0.0963529,0.0737969,0.0301642;-1.58683,1.32262,-1.58136
0.0937396,0.0734713,0.0288196;-1.56988,1.22767,-1.583
0.0934087,0.0732375,0.0286037;-1.57006,1.15191,-1.57004
0.0932657,0.0729347,0.0286996;-1.57069,1.16465,-1.57663
0.0976757,0.0722168,0.0297701;-1.56073,1.2515,-1.59565
0.119885,0.0750939,0.0357813;-2.12985,1.33826,-1.04392
0.126166,0.0764005,0.0365067;-2.04203,1.32177,-1.14747
0.134186,0.0734532,0.0301985;-1.65045,1.19584,-1.50873
0.137708,0.07151,0.0285862;-1.57023,1.04673,-1.57183
0.137428,0.0713657,0.0285794;-1.57072,1.02155,-1.57099
0.135867,0.071774,0.0288242;-1.59699,1.1256,-1.54762
0.137623,0.0719429,0.0310483;-1.72261,1.24962,-1.43524
0.142978,0.0784367,0.0436353;-2.7206,1.33588,-0.495568
0.136846,0.0790495,0.0429347;-2.80113,1.35875,-0.411144
0.122022,0.0778771,0.0294949;-1.47758,1.45703,-1.6901
0.124989,0.0739805,0.0287571;-1.59159,1.1605,-1.55161
0.124817,0.0732293,0.0285915;-1.57066,1.15988,-1.57178
0.126705,0.0728085,0.0293018;-1.57673,1.22937,-1.58131
0.159102,0.0831885,0.0439041;-2.73037,1.32885,-0.483573
0.155748,0.0842384,0.0435661;-2.78704,1.33685,-0.423336
0.138201,0.0805812,0.0362677;-2.45937,1.44245,-0.726564
0.13357,0.0798201,0.028966;-1.6181,1.23027,-1.52914
0.134692,0.0792607,0.0285743;-1.57108,1.1965,-1.5703
0.136586,0.0789977,0.0286262;-1.56783,1.20017,-1.5703
0.15693,0.0878517,0.0367539;-2.52348,1.38747,-0.64041
0.156698,0.0890232,0.0377494;-2.70846,1.37947,-0.457123
0.141761,0.0907895,0.036646;-3.08952,1.4495,-0.091356
0.122618,0.0981907,0.028914;1.66453,1.44462,1.47354
0.121861,0.0986974,0.0285787;1.57138,1.37558,1.57022
0.122869,0.098049,0.0287711;1.56453,1.36367,1.58562
0.159707,0.0874602,0.0337876;1.79257,1.18795,1.3609
0.165347,0.0838747,0.0368841;1.96181,1.19588,1.18183
0.156463,0.0853948,0.0353436;1.81265,1.20019,1.30549
0.146237,0.088202,0.0328363;1.81156,1.21518,1.32339
0.142996,0.094688,0.0321809;1.75278,1.13466,1.39933
0.13968,0.0982215,0.0288304;1.56951,1.10226,1.55959
0.164191,0.078967,0.0317847;1.60812,0.938531,1.56232
0.168902,0.0724799,0.0334411;1.73858,0.951934,1.42659
0.168583,0.0703922,0.0333516;1.73366,0.979444,1.42119
0.169044,0.0587026,0.0311179;1.71524,1.17558,1.42624
0.164736,0.0666103,0.0320643;1.73012,1.08728,1.42082
0.158953,0.0764879,0.0290583;1.57698,0.966797,1.54705
0.156377,0.077912,0.0297987;1.56224,0.837861,1.55994
0.172996,0.0596902,0.0361578;1.72035,0.597243,1.46384
0.170837,0.0607913,0.0356584;1.69258,0.608559,1.46828
0.159729,0.0704807,0.0296832;1.56209,0.657958,1.5483
0.162876,0.047734,0.0310579;1.67593,0.973771,1.47718
0.165425,0.0446182,0.0327992;1.73589,0.977235,1.43079
0.166133,0.0491556,0.0310144;1.65414,0.907105,1.49818
0.185243,0.0397525,0.0362563;1.74775,0.616741,1.45709
0.183159,0.0396234,0.0352395;1.72815,0.631347,1.46493
0.178708,0.0455451,0.030686;1.60364,0.649113,1.53115
0.181935,0.029916,0.0302818;1.62942,0.908496,1.51207
0.182901,0.0223862,0.0295779;1.62944,0.98327,1.51723
0.184686,0.0185616,0.0316296;1.69284,0.989819,1.46402
0.207713,0.00757575,0.0365005;1.77889,0.74474,1.41973
0.207224,0.0105606,0.0358903;1.75609,0.696522,1.44076
0.203196,0.0231923,0.0318025;1.62708,0.628778,1.51661
0.196216,0.0405961,0.0292519;1.58528,0.508888,1.55068
0.196917,0.0372458,0.0292582;1.58493,0.552955,1.5489
0.198457,0.0301424,0.030056;1.56926,0.612776,1.54131
0.225074,-0.0287535,0.0384103;1.79818,0.556102,1.44011
0.227082,-0.0350447,0.0373282;1.76511,0.560146,1.45202
0.224032,-0.0320745,0.0344604;1.67367,0.564597,1.48841
0.222502,-0.0304378,0.0290561;1.59265,0.639472,1.54924
0.222252,-0.0327232,0.0290707;1.59629,0.721582,1.54662
0.222051,-0.0331826,0.0288943;1.57965,0.736277,1.55338
0.229373,-0.054069,0.0350923;1.69602,0.599122,1.4778
0.238862,-0.0741432,0.0382601;1.79345,0.575719,1.43698
0.238198,-0.0774805,0.0366107;1.76156,0.60887,1.45008
0.235545,-0.0727839,0.0288436;1.57382,0.628128,1.55909
0.235617,-0.0699513,0.0288571;1.58335,0.575148,1.56114
0.236258,-0.0675467,0.0289463;1.58833,0.489791,1.56031
0.231877,-0.0669521,0.0314232;1.55583,0.231241,1.54083
0.233603,-0.0912217,0.0387716;1.58753,0.149573,1.5271
0.235871,-0.113787,0.0428964;1.80412,0.170041,1.47941
0.232342,-0.1069,0.0319234;1.59855,0.237809,1.52586
0.231543,-0.110247,0.0291496;1.58858,0.358505,1.55385
0.230437,-0.112035,0.0286407;1.57411,0.437319,1.5697
0.231905,-0.109388,0.0289631;1.57717,0.295973,1.55648
0.232704,-0.117788,0.0329054;1.63856,0.183816,1.54007
0.236369,-0.134281,0.0399568;1.77577,0.127861,1.52005
0.23638,-0.131447,0.0385201;1.72318,0.13903,1.51032
0.235807,-0.130723,0.0307579;1.58776,0.204732,1.53653
0.233191,-0.137881,0.0291467;1.5931,0.310796,1.55773
0.232076,-0.140366,0.0285893;1.57018,0.332539,1.57134
0.232591,-0.147245,0.0293965;1.57073,0.201777,1.57201
0.239312,-0.160008,0.035673;1.69249,0.0617645,1.54553
0.236662,-0.153571,0.0392578;1.70194,0.013576,1.50429
0.240699,-0.137014,0.0335113;1.5632,-0.0517283,1.49402
0.244648,-0.127741,0.0311732;1.58556,-0.0472918,1.53668
0.244317,-0.130474,0.0286459;1.57069,0.0509126,1.57429
0.243354,-0.138101,0.030058;1.54003,0.0594882,1.5781
0.242403,-0.172165,0.0347932;1.56054,0.0382196,1.56968
0.239621,-0.202817,0.0362674;1.71383,0.0978037,1.53945
0.239364,-0.198815,0.0352388;1.67239,0.09678,1.52255
0.240397,-0.198385,0.0341108;1.63355,0.102183,1.5191
0.241154,-0.198291,0.0288973;1.57501,0.112634,1.55949
0.241269,-0.199051,0.0286363;1.56834,0.0892528,1.56998
0.240069,-0.215115,0.0313559;1.52137,0.0536794,1.58325
0.242882,-0.260775,0.0349307;1.69803,0.0862621,1.55194
0.246324,-0.254228,0.034695;1.68096,0.0261178,1.54745
0.252998,-0.240337,0.0331576;1.62241,-0.0843521,1.53533
0.267055,-0.221896,0.0294392;1.59275,-0.276939,1.56417
0.268846,-0.219902,0.0288575;1.57018,-0.345508,1.55691
0.265447,-0.222605,0.0304346;1.53285,-0.4296,1.55608
0.241382,-0.276961,0.032895;1.66755,-0.441602,1.60276
0.235364,-0.280639,0.0339568;1.6594,-0.370143,1.57909
0.233906,-0.278466,0.0303933;1.56935,-0.311426,1.53362
0.226683,-0.283327,0.0313025;1.6302,-0.201803,1.57243
0.228175,-0.283737,0.0291078;1.5924,-0.232887,1.57118
0.230566,-0.282872,0.0287195;1.57031,-0.336041,1.56382
0.218259,-0.310792,0.0326048;1.62836,-0.546399,1.61271
0.211669,-0.312138,0.0318993;1.64602,-0.457179,1.59793
0.208387,-0.309676,0.0292543;1.59627,-0.384451,1.57023
0.206479,-0.310153,0.0294032;1.60226,-0.325614,1.57026
0.20447,-0.310185,0.0294702;1.60247,-0.31583,1.57581
0.204037,-0.311314,0.0291426;1.59579,-0.329866,1.57515
0.197186,-0.335942,0.0316487;1.562,-0.578418,1.57427
0.190457,-0.345665,0.0304585;1.54944,-0.530241,1.55768
0.18598,-0.347326,0.0292173;1.5689,-0.411822,1.5522
0.187679,-0.34603,0.0290333;1.58119,-0.412736,1.56286
0.185606,-0.347687,0.0291606;1.58817,-0.354588,1.56529
0.182346,-0.349513,0.0289918;1.57926,-0.275271,1.56162
0.182346,-0.349513,0.0289918;1.57926,-0.275271,1.56162
0.172439,-0.364992,0.0297238;1.56994,-0.248679,1.55913
0.172439,-0.364992,0.0297238;1.56994,-0.248679,1.55913
