0,0,0.11;-1.57,-2.98023e-08,-1.57
0,0,0.11;-1.57,-2.98023e-08,-1.57
0,0,0.11;-1.57,-2.98023e-08,-1.57
-0.000286032,-0.000764806,0.0285984;-1.5713,-0.245064,-1.572
-0.000459564,-0.00238106,0.028791;-1.57048,-0.185367,-1.58089
-5.33469e-05,-0.00655007,0.0302409;-1.5456,-0.101008,-1.57315
0.00696593,-0.0164549,0.0400614;-1.366,0.0630232,-1.58967
0.00386107,0.0011081,0.034459;-1.50069,-0.0345264,-1.61225
0.00310067,0.0130173,0.0295418;-1.57244,-0.130495,-1.59211
0.00260471,0.0165835,0.0286805;-1.57072,-0.237622,-1.57549
0.00286318,0.017109,0.0286126;-1.5709,-0.204431,-1.57217
0.00203654,0.01624,0.0287787;-1.57511,-0.141685,-1.57285
-0.000420907,0.015253,0.0326647;-1.61736,-0.0244865,-1.56474
0.00481105,-0.00929237,0.0399956;-1.3751,-0.0672553,-1.58106
0.00164372,-0.0115284,0.0402305;-1.404,-0.160255,-1.59496
-0.00386673,-0.00399362,0.0312454;-1.57655,-0.245406,-1.61991
-0.0054014,-0.000515436,0.0286471;-1.57072,-0.323671,-1.57385
-0.00513526,0.000643509,0.0286989;-1.566,-0.299694,-1.56776
-0.00615477,0.00610709,0.0295479;-1.58489,-0.208933,-1.55902
-0.0087039,0.0160275,0.0344689;-1.58175,-0.0375618,-1.554
-0.00436399,0.0200369,0.0400607;-1.49404,-0.0125731,-1.5822
-0.000786949,0.0224591,0.0381408;-1.46683,-0.0439194,-1.61246
-0.00539177,0.027035,0.0312438;-1.57099,-0.104812,-1.61327
-0.00543417,0.0263725,0.0289819;-1.564,-0.0882006,-1.58303
-0.00536761,0.0274396,0.0288935;-1.57869,-0.058138,-1.56593
-0.00518449,0.0274618,0.0290575;-1.58326,-0.0563812,-1.56581
-0.00365161,0.0216824,0.030025;-1.54838,-0.105932,-1.56445
0.00203565,0.000981369,0.0361888;-1.50292,-0.19635,-1.61888
0.0018883,-0.00537389,0.0354859;-1.55138,-0.267262,-1.65135
0.000879072,-0.00837419,0.0337749;-1.56761,-0.255536,-1.64523
-0.000215986,-0.0117378,0.0290149;-1.56674,-0.175565,-1.5677
-0.00192525,-0.00599412,0.0303894;-1.5543,-0.160887,-1.54781
-0.00256956,0.000650414,0.0337369;-1.49987,-0.152223,-1.53965
0.00422026,0.00204057,0.0360463;-1.49307,-0.147415,-1.6043
0.0104734,-0.00416074,0.0361323;-1.57748,-0.238473,-1.66416
0.0121524,-0.00610981,0.0366488;-1.58384,-0.250827,-1.6795
0.00635557,0.00320151,0.033894;-1.6259,-0.0926152,-1.5994
0.00041407,0.0128158,0.0332285;-1.6527,-0.0878055,-1.56955
-0.00703479,0.0243479,0.0348102;-1.64996,-0.17459,-1.55218
-0.0082317,0.024432,0.0306336;-1.6094,-0.33132,-1.57346
-0.00560904,0.0204878,0.0309688;-1.5879,-0.352511,-1.60108
-0.00140995,0.00719026,0.0330053;-1.56577,-0.357004,-1.62502
0.0068893,-0.000149568,0.0330252;-1.58983,-0.153401,-1.62501
0.00248519,0.0132525,0.0362201;-1.67523,-0.0346896,-1.59053
-0.00752917,0.0337067,0.0353059;-1.69775,-0.00282526,-1.57527
-0.0164373,0.0457448,0.032154;-1.58658,-0.126827,-1.53253
-0.0128193,0.0401251,0.0294842;-1.56461,-0.232792,-1.56306
-0.0111107,0.0360896,0.0299592;-1.5789,-0.285866,-1.58374
-0.00437896,0.0138433,0.0340601;-1.56242,-0.176233,-1.62714
0.000330192,0.00294259,0.0366575;-1.67397,-0.145371,-1.62767
0.0013028,-0.000100778,0.0398996;-1.74702,-0.105554,-1.6058
-0.0112717,-2.56665e-05,0.0398348;-1.74694,-0.279973,-1.58705
-0.00942921,-0.00345895,0.0319691;-1.62167,-0.330416,-1.57506
-0.00815691,-0.00718493,0.0291759;-1.56062,-0.464725,-1.55982
-0.00459014,-0.0101928,0.0303674;-1.56185,-0.346066,-1.60057
-0.00746513,-0.00292567,0.0329592;-1.61125,-0.19658,-1.60029
-0.0141717,0.00393418,0.0391308;-1.73451,-0.0447534,-1.61273
-0.0209857,0.00328944,0.0354181;-1.69954,-0.030235,-1.57795
-0.0224288,0.00206004,0.0333267;-1.6452,-0.146546,-1.57579
-0.0258435,-0.00029257,0.0293483;-1.57216,-0.235455,-1.56348
-0.0258009,0.000486348,0.0287734;-1.56289,-0.340966,-1.56574
-0.0257886,-0.00168411,0.0297748;-1.59292,-0.316352,-1.57132
-0.0247695,-0.0119391,0.0356708;-1.65407,-0.236694,-1.58435
-0.0177073,-0.0372555,0.0355964;-1.66587,-0.210169,-1.59802
-0.022048,-0.0318338,0.0404188;-1.7703,-0.222933,-1.60418
-0.0292394,-0.0251583,0.0389028;-1.74086,-0.256266,-1.59671
-0.0249385,-0.0332719,0.0293152;-1.54809,-0.4149,-1.55741
-0.0250886,-0.031062,0.028845;-1.57738,-0.390543,-1.57188
-0.0281838,-0.0286272,0.0291323;-1.59299,-0.298225,-1.57782
-0.0356667,-0.024912,0.0372598;-1.70876,-0.0885992,-1.60562
-0.0332934,-0.0312225,0.038049;-1.72986,-0.114554,-1.61338
-0.0333253,-0.0357477,0.0373534;-1.71147,-0.128561,-1.60886
-0.030707,-0.0439361,0.0373438;-1.72468,-0.282431,-1.60811
-0.0297252,-0.0523485,0.0289963;-1.574,-0.299702,-1.57316
-0.0302698,-0.0515986,0.028644;-1.57086,-0.308034,-1.57389
-0.0337569,-0.0439016,0.0363545;-1.55109,-0.279055,-1.54374
-0.0332372,-0.0448095,0.0403412;-1.64393,-0.302651,-1.57171
-0.033637,-0.0471876,0.0402092;-1.66691,-0.322972,-1.59154
-0.028809,-0.0591381,0.0355455;-1.68794,-0.40102,-1.61648
-0.0271543,-0.0691612,0.0304123;-1.56994,-0.369268,-1.59582
-0.0265973,-0.0698577,0.0290316;-1.58957,-0.303825,-1.5802
-0.0318407,-0.0614126,0.0296274;-1.58721,-0.237966,-1.56114
-0.0333546,-0.0522934,0.0314909;-1.60612,-0.330842,-1.55792
-0.0329713,-0.0497977,0.0350801;-1.56775,-0.390203,-1.55589
-0.0254134,-0.0771748,0.0321702;-1.57807,-0.419191,-1.60629
-0.0223032,-0.0863665,0.0324449;-1.60384,-0.399203,-1.59777
-0.0192042,-0.0890796,0.030043;-1.59278,-0.376131,-1.58488
-0.0235105,-0.0806898,0.0293286;-1.58068,-0.302184,-1.56576
-0.0252069,-0.0754167,0.029641;-1.57957,-0.350958,-1.55756
-0.0266432,-0.0699751,0.0306305;-1.53637,-0.375579,-1.54178
-0.0299153,-0.0734593,0.0372279;-1.45989,-0.419282,-1.54661
-0.0256193,-0.0850236,0.0374056;-1.46325,-0.4114,-1.55664
-0.0207483,-0.0796902,0.0370006;-1.55565,-0.368324,-1.58303
-0.0224553,-0.0501404,0.0338656;-1.67136,-0.25171,-1.58947
-0.0283744,-0.0395891,0.0337988;-1.61248,-0.266612,-1.53796
-0.0340106,-0.0332562,0.0354673;-1.58953,-0.300348,-1.4978
-0.0367584,-0.0354094,0.0413125;-1.50083,-0.460454,-1.48696
-0.0322656,-0.071557,0.0491707;-1.34872,-0.510768,-1.51894
-0.0223404,-0.0782418,0.0492879;-1.40868,-0.509798,-1.53146
-0.0205029,-0.0786964,0.051772;-1.52721,-0.532219,-1.55371
-0.0368872,-0.0532886,0.0452239;-1.60609,-0.378776,-1.48988
-0.0427007,-0.0353816,0.0409838;-1.60242,-0.474056,-1.46164
-0.0460645,-0.0367626,0.041485;-1.58546,-0.500971,-1.44379
-0.0405131,-0.050413,0.0487521;-1.50621,-0.598689,-1.48878
-0.0300255,-0.0631816,0.0516592;-1.43099,-0.535116,-1.50122
-0.014082,-0.0691384,0.0492495;-1.49237,-0.449008,-1.55069
-0.00897309,-0.0298172,0.0392041;-1.78216,-0.2652,-1.62514
-0.0176445,-0.0182963,0.0400772;-1.77429,-0.31405,-1.60562
-0.0219952,-0.0207619,0.0409788;-1.73804,-0.373532,-1.56904
-0.031552,-0.042705,0.0407443;-1.61669,-0.523273,-1.45351
-0.0292347,-0.0485165,0.0440035;-1.63618,-0.549863,-1.48506
-0.0237357,-0.0443618,0.0479448;-1.59306,-0.479079,-1.5147
-0.0111018,-0.0268512,0.0392832;-1.77144,-0.213465,-1.60309
-0.00818101,-0.0253198,0.0393815;-1.78343,-0.182067,-1.62223
-0.00975916,-0.0254356,0.0393014;-1.78457,-0.198446,-1.62589
-0.0149214,-0.0318736,0.0389246;-1.67773,-0.290514,-1.53622
-0.0161184,-0.0364257,0.0386577;-1.62008,-0.416655,-1.49134
-0.0141233,-0.0413462,0.0403722;-1.49093,-0.442695,-1.4758
-0.00902199,-0.0434495,0.0408119;-1.64319,-0.375374,-1.52872
-0.00863007,-0.0311288,0.0384401;-1.68592,-0.282123,-1.5492
-0.00736613,-0.0256081,0.0380142;-1.69215,-0.287637,-1.56125
-0.0144675,-0.0366608,0.036686;-1.58567,-0.330938,-1.48417
-0.0146703,-0.0507768,0.0381111;-1.51656,-0.470227,-1.44288
-0.014306,-0.0578527,0.0402769;-1.45257,-0.51846,-1.42843
-0.0105015,-0.0532248,0.0418841;-1.45233,-0.430348,-1.43714
-0.0116247,-0.0407519,0.0366618;-1.59554,-0.348559,-1.47253
-0.0124835,-0.0440486,0.037904;-1.56974,-0.375337,-1.45718
-0.0132431,-0.0506234,0.0373824;-1.56536,-0.461019,-1.46349
-0.0142451,-0.0564177,0.0370447;-1.55748,-0.50642,-1.46616
-0.0149188,-0.0638174,0.0380531;-1.54549,-0.549715,-1.44714
-0.0114549,-0.068263,0.0388512;-1.55158,-0.56,-1.44818
-0.00982827,-0.0713438,0.039677;-1.45039,-0.505719,-1.44451
-0.00806161,-0.066683,0.0392072;-1.46417,-0.46954,-1.45259
-0.0122674,-0.0665758,0.0369075;-1.54016,-0.557262,-1.44619
-0.0114936,-0.0702585,0.0388284;-1.51613,-0.577207,-1.42
-0.0122775,-0.0727308,0.0401319;-1.50289,-0.577107,-1.42156
-0.0122707,-0.0771706,0.0389913;-1.54217,-0.602635,-1.43607
-0.0122302,-0.0730593,0.0384076;-1.50657,-0.551926,-1.44068
-0.0123625,-0.0653648,0.038877;-1.48824,-0.46909,-1.44951
-0.013825,-0.0662692,0.0367627;-1.55144,-0.497976,-1.45799
-0.0122719,-0.0742363,0.0387386;-1.5325,-0.493576,-1.44601
-0.0117295,-0.0906366,0.0376353;-1.50546,-0.469067,-1.4532
-0.00655651,-0.116292,0.0370482;-1.42664,-0.248547,-1.50225
8.92761e-05,-0.112027,0.0351563;-1.52486,-0.134773,-1.4999
0.00536603,-0.103221,0.0325151;-1.56371,-0.00185403,-1.51708
0.00721915,-0.107557,0.0329485;-1.50556,-0.0160773,-1.54815
0.00372352,-0.114534,0.0336077;-1.47396,-0.104435,-1.54551
0.00040144,-0.118326,0.0332123;-1.49824,-0.173893,-1.52833
-0.000484321,-0.115748,0.0348018;-1.52176,-0.148684,-1.48987
0.00146265,-0.111958,0.0354344;-1.53688,-0.0852575,-1.48347
0.00247202,-0.107477,0.0349276;-1.54186,-0.0204884,-1.48583
-0.000415971,-0.110847,0.037081;-1.46015,-0.102094,-1.49646
-0.000353269,-0.112484,0.0377492;-1.41152,-0.182289,-1.5161
-0.000129111,-0.114686,0.0355298;-1.44467,-0.22257,-1.53033
0.000633547,-0.11886,0.0398988;-1.40089,-0.310283,-1.55388
-0.00424679,-0.126035,0.0404163;-1.39387,-0.258823,-1.5478
-0.00718028,-0.130342,0.0378054;-1.40282,-0.237824,-1.52036
-0.0027267,-0.121901,0.0377305;-1.47141,-0.118267,-1.48458
-0.000839492,-0.124232,0.036075;-1.45524,-0.14537,-1.5116
-0.00169523,-0.124854,0.0332865;-1.47696,-0.179575,-1.56003
-0.00683668,-0.121814,0.0337146;-1.51077,-0.366474,-1.57844
-0.00660602,-0.122687,0.0294484;-1.56926,-0.378119,-1.58994
-0.0072623,-0.125197,0.0292386;-1.59947,-0.338355,-1.58579
-0.00778351,-0.128787,0.028756;-1.57587,-0.297406,-1.56865
-0.00725962,-0.127413,0.0288402;-1.56232,-0.258396,-1.56436
-0.00659745,-0.125443,0.0291533;-1.54401,-0.194963,-1.56389
-0.0152577,-0.120613,0.0322461;-1.48228,-0.3178,-1.54285
-0.021726,-0.1156,0.0328141;-1.46664,-0.391612,-1.5273
-0.0221887,-0.1131,0.0333967;-1.48067,-0.358298,-1.51659
-0.023485,-0.112453,0.0358321;-1.48812,-0.38878,-1.48353
-0.0181062,-0.120932,0.034461;-1.47861,-0.527114,-1.48821
-0.0150409,-0.127159,0.0323397;-1.47247,-0.559772,-1.51286
-0.0155274,-0.129811,0.0298426;-1.53075,-0.606868,-1.54785
-0.0149732,-0.129265,0.0318871;-1.48658,-0.58115,-1.52601
-0.0113069,-0.129408,0.0338535;-1.47342,-0.528919,-1.53852
-0.0031765,-0.123703,0.0409367;-1.53315,-0.333075,-1.57606
-0.00422931,-0.122418,0.0384138;-1.54002,-0.380882,-1.58707
-0.00833518,-0.120921,0.0311595;-1.52669,-0.452039,-1.57225
-0.0162983,-0.11836,0.0344539;-1.42473,-0.559526,-1.49169
-0.0206643,-0.112333,0.0384847;-1.34703,-0.593715,-1.45396
-0.0228685,-0.10809,0.0407914;-1.29684,-0.579548,-1.42436
-0.0228685,-0.10809,0.0407914;-1.29684,-0.579548,-1.42436
-0.0235328,-0.106288,0.0391237;-1.35081,-0.605927,-1.43705
-0.0235328,-0.106288,0.0391237;-1.35081,-0.605927,-1.43705
