0,0,0.11;-1.57,-2.98023e-08,-1.57
0,0,0.11;-1.57,-2.98023e-08,-1.57
0,0,0.11;-1.57,-2.98023e-08,-1.57
-0.000678658,-0.00190924,0.0285804;-1.57087,-0.235818,-1.57091
-0.000381698,-0.00138975,0.0285908;-1.57055,-0.20502,-1.57167
0.00127064,0.00600288,0.0289511;-1.58089,-0.14619,-1.57994
0.000121614,0.0128178,0.0370987;-1.71227,0.000835657,-1.59609
-0.00246025,-0.0131974,0.0288089;-1.57051,-0.0523413,-1.5817
-0.00215752,-0.0132338,0.028659;-1.57129,-0.0795831,-1.56719
-0.00230469,-0.0128989,0.028745;-1.57477,-0.0673017,-1.56698
-0.00213109,-0.0112709,0.0285795;-1.57071,-0.0117749,-1.57078
0.000312414,-0.00275141,0.0289093;-1.57329,0.0280286,-1.57321
0.00607871,0.0261251,0.033477;-1.66418,0.0912471,-1.56911
0.0138677,0.0353013,0.0339251;-1.68256,-0.0457951,-1.58104
0.0159545,0.0352513,0.0293862;-1.59894,-0.135422,-1.57814
0.0157824,0.0339555,0.0286482;-1.57113,-0.159662,-1.57391
0.0174313,0.0359294,0.0286066;-1.57095,0.00187528,-1.56921
0.0196369,0.0383637,0.0287634;-1.56361,0.124259,-1.56912
0.0214843,0.0453221,0.0300742;-1.57578,0.262246,-1.56612
0.0237938,0.0512139,0.0360766;-1.69615,0.23509,-1.56514
0.0260314,0.0501036,0.0359061;-1.70791,0.198766,-1.56124
0.0222908,0.0386829,0.0298385;-1.56258,0.143894,-1.60205
0.0213586,0.0386922,0.0285741;-1.57071,0.11872,-1.5706
0.0222618,0.0402368,0.0285765;-1.57064,0.177771,-1.57106
0.0263127,0.0466616,0.0290547;-1.56943,0.277101,-1.56991
0.027898,0.0548735,0.0319167;-1.62758,0.350418,-1.5519
0.0286712,0.0494357,0.0315597;-1.63557,0.305137,-1.55964
0.0275136,0.0464018,0.0295815;-1.59857,0.27538,-1.57321
0.0243868,0.0442155,0.0287651;-1.57437,0.368463,-1.57494
0.0244703,0.0436005,0.0285724;-1.57093,0.423682,-1.57036
0.0348806,0.0549429,0.0297189;-1.5792,0.612733,-1.56208
0.0412685,0.0649631,0.0339071;-1.69981,0.668631,-1.49467
0.045337,0.0647201,0.0346749;-1.72216,0.601041,-1.49203
0.0356529,0.0552968,0.0294243;-1.57757,0.563824,-1.58563
0.0395591,0.0567678,0.0293245;-1.59438,0.518427,-1.56831
0.0420034,0.057701,0.0290732;-1.58733,0.510061,-1.57203
0.0481683,0.0643825,0.0289319;-1.57073,0.548797,-1.57461
0.059332,0.0820009,0.0318144;-1.62736,0.648713,-1.53561
0.0640615,0.0871696,0.0342835;-1.70459,0.628142,-1.49721
0.0627466,0.0762622,0.0288942;-1.57047,0.500526,-1.58727
0.0604102,0.0750099,0.0292002;-1.59065,0.53181,-1.57025
0.0566775,0.0730008,0.0289049;-1.57685,0.643378,-1.5778
0.0558489,0.0709395,0.0294129;-1.56492,0.78285,-1.59202
0.0636627,0.0762042,0.0306677;-1.55054,0.905037,-1.60008
0.0791002,0.0901467,0.0341123;-1.75042,0.997016,-1.43488
0.0834941,0.087474,0.0308408;-1.64232,0.805167,-1.52579
0.0855585,0.0874719,0.0288989;-1.57892,0.668706,-1.57456
0.0885042,0.0883024,0.0290233;-1.59205,0.58893,-1.5628
0.0899034,0.0873682,0.0292884;-1.56893,0.652566,-1.59147
0.0969709,0.0943895,0.0304557;-1.62519,0.779321,-1.53428
0.102642,0.106015,0.035029;-1.76732,0.906767,-1.41981
0.0899097,0.0916213,0.0328988;-1.71084,0.875076,-1.4714
0.0744294,0.0853876,0.0289584;-1.5803,0.937111,-1.57625
0.0720422,0.0859805,0.0291169;-1.60915,0.972422,-1.54364
0.0722701,0.0850633,0.0288354;-1.56133,1.04114,-1.58633
0.0896129,0.0910922,0.031249;-1.53553,1.05195,-1.62511
0.124646,0.105668,0.0358278;-1.87093,1.07917,-1.31608
0.134811,0.0995643,0.0321655;-1.70084,0.894318,-1.47382
0.135175,0.0985048,0.0290823;-1.59799,0.822701,-1.55669
0.13681,0.0988057,0.0290382;-1.59794,0.752804,-1.55475
0.136384,0.0994177,0.028581;-1.57056,0.930799,-1.57106
0.135308,0.0980007,0.0294163;-1.56763,1.06887,-1.58406
0.139807,0.0996686,0.0345554;-1.69016,1.23497,-1.48725
0.141819,0.0985701,0.0357428;-1.81109,1.15953,-1.38344
0.140026,0.0981586,0.0329153;-1.72321,1.07198,-1.45271
0.137293,0.0973104,0.0290322;-1.58453,1.02778,-1.57345
0.13738,0.0975228,0.0285802;-1.57095,1.02717,-1.57065
0.138537,0.0977131,0.0285831;-1.57049,1.06215,-1.57102
0.14655,0.0988652,0.0288299;-1.56458,1.13613,-1.57257
0.159879,0.106241,0.0364443;-2.07449,1.25921,-1.10079
0.15644,0.104542,0.035765;-2.04048,1.25848,-1.13275
0.151353,0.103548,0.0328534;-1.87787,1.27114,-1.28849
0.145784,0.10564,0.0290465;-1.66125,1.3515,-1.48557
0.143762,0.106279,0.0285464;-1.56935,1.48932,-1.57084
0.147923,0.103851,0.0288925;1.40304,1.53932,1.74842
0.177112,0.101515,0.0366049;2.19461,1.3031,0.953134
0.182503,0.0953397,0.0371349;2.56629,1.3628,0.57685
0.182531,0.0907611,0.0357705;2.92197,1.42978,0.208771
0.179789,0.0922137,0.0291682;-1.96074,1.50939,-1.18678
0.18032,0.0915513,0.0285901;-1.57211,1.50808,-1.56826
0.184176,0.0887763,0.0293991;0.91347,1.53004,2.23321
0.209689,0.0860168,0.0330507;1.71714,1.34838,1.45005
0.217852,0.0847286,0.0356089;2.31769,1.37414,0.828062
0.212743,0.0801203,0.0357725;2.72588,1.40617,0.417437
0.199313,0.0879412,0.0296229;1.83186,1.49683,1.29871
0.19779,0.089593,0.0285493;1.5663,1.43126,1.57612
0.202084,0.0871059,0.0293273;1.52456,1.34635,1.63183
0.222303,0.0868357,0.03493;1.68867,1.08282,1.50964
0.221062,0.0849942,0.0361517;1.85637,1.12693,1.32318
0.210549,0.0834299,0.0326879;1.82513,1.23361,1.3246
0.209359,0.0742219,0.031551;2.10136,1.44538,1.03392
0.213225,0.0727511,0.0307061;2.10187,1.47201,1.04125
0.217463,0.072969,0.0288957;1.59131,1.45475,1.56335
0.239436,0.0681408,0.0335507;1.62924,1.2318,1.57866
0.23665,0.0667193,0.0330477;1.70575,1.27456,1.49224
0.23237,0.067011,0.0322528;1.72779,1.30168,1.45161
0.205064,0.0744739,0.0312237;1.73047,1.3537,1.3909
0.190041,0.0835518,0.0315191;1.67762,1.36151,1.43729
0.191388,0.0836142,0.0291938;1.47462,1.33056,1.6599
0.200357,0.0799776,0.0324412;1.30232,1.28394,1.84145
0.246988,0.0642785,0.0339745;1.73405,1.26103,1.45554
0.243715,0.0614413,0.0342103;1.86114,1.31939,1.32184
0.226945,0.0658554,0.0297653;1.68482,1.37533,1.47001
0.211607,0.0739204,0.0290587;1.47163,1.48723,1.68433
0.2134,0.0722127,0.0290722;1.51532,1.42425,1.6413
0.219725,0.0668474,0.0300907;1.50804,1.30955,1.65414
0.235506,0.0583926,0.0363547;1.47241,1.04808,1.73056
0.229661,0.0593778,0.034893;1.47872,1.10629,1.71818
0.221438,0.063726,0.0305533;1.5296,1.22973,1.64037
0.21096,0.0697253,0.0288094;1.58782,1.44608,1.56337
0.211508,0.0685312,0.0290809;1.47748,1.38327,1.66937
0.217165,0.0633852,0.0298337;1.46204,1.30799,1.68277
0.24856,0.0518139,0.0343769;1.63182,1.1368,1.58412
0.245162,0.0517994,0.0335766;1.62576,1.17831,1.58163
0.231534,0.0570905,0.0303291;1.53638,1.24928,1.63263
0.220707,0.0617516,0.0289634;1.64801,1.37744,1.49884
0.220197,0.0620222,0.028701;1.5704,1.36197,1.57711
0.222547,0.0596217,0.0293113;1.49783,1.28834,1.65449
0.249962,0.0477982,0.0374556;1.36305,1.12347,1.80241
0.264157,0.042176,0.034166;1.50225,1.2006,1.67575
0.261821,0.0376652,0.0305394;1.61862,1.31672,1.5453
0.250636,0.0428602,0.0288283;1.51809,1.46231,1.62938
0.247774,0.0437144,0.0287271;1.49814,1.48272,1.64384
0.247187,0.0426736,0.0291396;1.45919,1.42756,1.67418
0.263197,0.0303882,0.0369849;1.42212,1.20544,1.70808
0.282093,0.0274727,0.0388222;2.02586,1.09515,1.14357
0.288978,0.0194835,0.0384062;2.15759,1.20475,1.01141
0.276957,0.0182798,0.0289091;1.61856,1.46594,1.51205
0.27549,0.0191649,0.0290907;1.84886,1.50144,1.28767
0.274548,0.0202237,0.0287916;1.65501,1.47341,1.48501
0.282093,0.0157066,0.0304027;1.62527,1.26349,1.53274
0.292491,0.0151277,0.0343588;1.76619,1.10289,1.40917
0.295286,0.0151303,0.0386725;1.96533,1.03902,1.21119
0.283566,0.0158827,0.0306387;1.63852,1.21839,1.48665
0.285655,0.0128494,0.0295549;1.66516,1.31608,1.46796
0.287665,0.011802,0.0293858;1.68634,1.34862,1.45199
0.28629,0.0127506,0.0289099;1.53816,1.19166,1.59866
0.297744,0.00370875,0.0304662;1.61307,1.05218,1.54204
0.310198,-0.00166476,0.0346809;1.76501,0.952831,1.40814
0.307135,-0.0139864,0.0328279;1.74941,1.15738,1.38741
0.303447,-0.0101017,0.0315814;1.58418,1.19918,1.51193
0.300735,-0.0050342,0.03226;1.64082,1.16192,1.46418
0.29707,0.000391442,0.0287385;1.57099,0.949705,1.56221
0.296676,-0.00281307,0.0296318;1.55267,0.811168,1.58239
0.313736,-0.017469,0.03274;1.51645,0.745388,1.61044
0.316315,-0.0323306,0.030908;1.61539,1.00249,1.51016
0.310446,-0.029322,0.0316342;1.57895,1.05772,1.51639
0.308873,-0.0210395,0.0340003;1.62072,1.06632,1.46622
0.319456,-0.0315714,0.028938;1.57795,1.01443,1.55171
0.32559,-0.0357999,0.0292205;1.57437,0.874972,1.57375
0.336423,-0.037801,0.0321042;1.60647,0.703734,1.57225
0.320559,-0.0274105,0.0308839;1.61712,0.756713,1.52375
0.310392,-0.0197994,0.0293463;1.56998,0.801643,1.5501
0.310468,-0.0217823,0.0324416;1.62017,0.831768,1.49396
0.314669,-0.0278562,0.0321665;1.56163,0.776945,1.52457
0.321997,-0.0371204,0.0300262;1.56041,0.761154,1.55954
0.336572,-0.0592576,0.0300125;1.58498,0.671956,1.57379
0.335641,-0.0658978,0.0293091;1.58317,0.727698,1.56848
0.330224,-0.0609002,0.0287488;1.56518,0.79364,1.56301
0.325931,-0.0541653,0.029304;1.58615,0.763156,1.54512
0.317688,-0.0443378,0.035916;1.57503,0.546588,1.4754
0.316324,-0.0431591,0.0345866;1.54114,0.445873,1.51113
0.318375,-0.0496536,0.0322701;1.52885,0.343238,1.55646
0.339165,-0.0935688,0.0299979;1.58465,0.372776,1.57165
0.33469,-0.0925098,0.0286502;1.57236,0.506339,1.57214
0.333125,-0.0904989,0.0285755;1.57065,0.624667,1.57088
0.333109,-0.088946,0.0289863;1.58303,0.629724,1.55416
0.333171,-0.0889823,0.0286977;1.57051,0.598346,1.56515
0.333598,-0.0914728,0.0286813;1.57299,0.539666,1.5734
0.3444,-0.10726,0.0328104;1.58936,0.27663,1.61176
0.339559,-0.102854,0.0295097;1.57162,0.355258,1.58311
0.336631,-0.0959411,0.0286415;1.57095,0.465689,1.57363
0.337156,-0.0930724,0.0286397;1.57209,0.657109,1.56723
0.337158,-0.0929426,0.0290283;1.57986,0.616666,1.55175
0.3373,-0.0931464,0.0289925;1.57451,0.569057,1.55248
0.349153,-0.112273,0.0321073;1.5947,0.326535,1.60349
0.3469,-0.110835,0.03094;1.58367,0.396657,1.593
0.344935,-0.103662,0.0286982;1.5729,0.477993,1.57366
0.345015,-0.098769,0.0287377;1.58054,0.651178,1.5647
0.34518,-0.0991579,0.0291795;1.59599,0.618197,1.54773
0.345175,-0.0990393,0.0296658;1.57496,0.586179,1.54498
0.345175,-0.0990393,0.0296658;1.57496,0.586179,1.54498
0.350356,-0.110551,0.0298339;1.57078,0.459062,1.56128
0.350356,-0.110551,0.0298339;1.57078,0.459062,1.56128
