0,0,0.11;-1.57,-2.98023e-08,-1.57
0,0,0.11;-1.57,-2.98023e-08,-1.57
0,0,0.11;-1.57,-2.98023e-08,-1.57
-0.000351288,-0.00157777,0.028677;-1.57233,-0.222122,-1.57513
-0.000413683,-0.00296073,0.028589;-1.57088,-0.197065,-1.57126
-0.000452996,-0.00339156,0.0286074;-1.57081,-0.208453,-1.56953
0.00143986,-0.00139289,0.029795;-1.53723,-0.156524,-1.5647
0.00307332,0.0041308,0.031166;-1.5129,-0.167694,-1.56897
0.00239144,0.00954737,0.0287473;-1.57035,-0.228335,-1.57834
0.00229125,0.0109142,0.0287177;-1.57082,-0.258464,-1.57728
0.00387129,0.00842571,0.0285916;-1.57076,-0.153347,-1.57131
0.0042143,0.00776216,0.0286182;-1.57091,-0.190912,-1.56916
0.00504391,0.00584882,0.0288263;-1.57659,-0.245656,-1.56548
0.00714481,0.00219248,0.0286139;-1.57083,-0.399952,-1.56922
0.00679099,0.000859688,0.0285797;-1.57076,-0.460102,-1.57083
0.00671094,0.000773601,0.0286514;-1.56834,-0.462861,-1.57157
0.00919444,-0.00056602,0.0292351;-1.54464,-0.396541,-1.56797
0.0101409,-0.00259106,0.0291524;-1.55569,-0.360319,-1.5642
0.0117596,-0.000932812,0.0288686;-1.56525,-0.295291,-1.56058
0.0120708,0.00256905,0.0294765;-1.56956,-0.270614,-1.55396
0.0122997,0.00413097,0.0288147;-1.57066,-0.274826,-1.56205
0.012435,0.00504668,0.0287353;-1.5711,-0.270924,-1.56334
0.0125426,0.00580835,0.0287385;-1.57096,-0.295952,-1.56308
0.0123459,0.00352642,0.0291766;-1.56751,-0.303341,-1.5535
0.0112381,-0.00337603,0.0309455;-1.53711,-0.279395,-1.5432
0.0141495,-0.0123493,0.0334254;-1.49205,-0.214768,-1.56868
0.0125529,-0.00932584,0.0293242;-1.57417,-0.248589,-1.5929
0.0103667,-0.00348761,0.0291251;-1.58671,-0.336223,-1.58718
0.0110767,-0.00193082,0.028899;-1.5727,-0.359899,-1.58503
0.0112054,-0.0023631,0.0290258;-1.5773,-0.346067,-1.58803
0.00845433,-0.00116556,0.0295267;-1.57038,-0.142521,-1.57406
0.00693963,-0.00129167,0.0302455;-1.5342,-0.0595902,-1.56431
0.00756655,-0.00248474,0.0345482;-1.46097,-0.0855044,-1.56762
0.0031713,0.00655459,0.034447;-1.47588,-0.205345,-1.57075
0.00117093,0.0138885,0.0291137;-1.54469,-0.289181,-1.55752
0.000375058,0.012527,0.0294926;-1.53475,-0.330902,-1.55204
-0.00106683,0.00533287,0.0308141;-1.51757,-0.356879,-1.53693
-0.00337384,0.00159563,0.0333287;-1.46726,-0.3557,-1.51925
-0.00548959,-0.00226961,0.0341821;-1.4505,-0.393663,-1.50665
-0.0042498,-0.00280608,0.0303992;-1.51813,-0.42137,-1.53969
-0.00409374,-0.00131366,0.0293431;-1.53821,-0.40231,-1.55069
-0.00411066,-0.000949395,0.0294664;-1.53185,-0.397752,-1.54803
-0.0025708,0.00146673,0.0289308;-1.56232,-0.327498,-1.55931
-0.0025567,0.00168146,0.0287297;-1.57122,-0.325594,-1.56353
-0.00183301,0.000527987,0.0289971;-1.57522,-0.34947,-1.56194
0.0022839,-0.00419373,0.0287585;-1.57088,-0.500911,-1.56226
0.00264787,-0.00588596,0.0286837;-1.57088,-0.563102,-1.56591
0.00270319,-0.00727787,0.0289004;-1.56376,-0.608073,-1.55698
0.00292165,-0.00759915,0.0302338;-1.53896,-0.583679,-1.53005
0.00371999,-0.0071242,0.0303217;-1.52803,-0.559334,-1.53345
0.00529478,-0.00181432,0.0321798;-1.50325,-0.484089,-1.51818
0.00851746,0.00576243,0.0292535;-1.54884,-0.459823,-1.56983
0.00783288,0.013381,0.0307821;-1.54599,-0.493442,-1.58907
0.00898315,0.0211594,0.0328764;-1.53373,-0.499881,-1.60527
0.00817816,0.0249633,0.0305635;-1.55463,-0.493645,-1.59467
0.0113621,0.0204461,0.0339272;-1.48229,-0.435818,-1.55621
0.0148237,0.014364,0.0368614;-1.40098,-0.364518,-1.51171
0.0120839,0.0143136,0.0350449;-1.42123,-0.437342,-1.50723
0.00694022,0.0165923,0.0334595;-1.45083,-0.507303,-1.50806
0.00329763,0.0176867,0.030683;-1.50437,-0.55769,-1.52986
0.00220072,0.0164972,0.0332276;-1.44988,-0.56678,-1.49947
0.00501632,0.0151364,0.0340405;-1.442,-0.502108,-1.50592
0.00833516,0.0124356,0.0349903;-1.42952,-0.419963,-1.51054
0.0125117,0.0124331,0.0338087;-1.47498,-0.380266,-1.54913
0.00869411,0.0174265,0.0324422;-1.4755,-0.435984,-1.53296
0.00213033,0.0228292,0.0309771;-1.50264,-0.513695,-1.53702
-0.00383473,0.0276165,0.0296491;-1.52774,-0.616848,-1.54967
-0.00246322,0.0246743,0.0315698;-1.5064,-0.603702,-1.54416
0.00344122,0.0165381,0.0356455;-1.44265,-0.521278,-1.52558
0.0165733,0.00695326,0.0362126;-1.43725,-0.431731,-1.5381
0.0162759,0.0120165,0.035888;-1.47097,-0.4742,-1.5701
0.0129292,0.0167379,0.0344725;-1.51956,-0.528506,-1.60909
-0.00285593,0.0334473,0.0322524;-1.54366,-0.685507,-1.60038
-0.000359836,0.0332891,0.0321917;-1.54104,-0.639716,-1.60028
0.00717649,0.026777,0.0359701;-1.47611,-0.542333,-1.5802
0.0176608,0.0155837,0.040246;-1.33532,-0.390789,-1.48213
0.0141493,0.018403,0.0422648;-1.30071,-0.446481,-1.46423
0.0124038,0.0219982,0.040013;-1.35142,-0.459762,-1.4989
0.00569814,0.0347021,0.0351184;-1.49302,-0.555816,-1.5902
0.00319063,0.035505,0.0360924;-1.46,-0.567072,-1.56758
0.00299262,0.0331478,0.0349324;-1.45856,-0.565593,-1.52932
0.00958885,-0.00342485,0.0364187;-1.42379,-0.612138,-1.45291
0.0120248,-0.00832588,0.035045;-1.41316,-0.627167,-1.46675
0.0113689,-0.00561192,0.0339227;-1.43837,-0.630647,-1.48366
0.00865774,0.00319797,0.0315549;-1.50545,-0.659078,-1.5511
0.0124782,0.00329057,0.0335657;-1.4709,-0.61263,-1.54458
0.0191385,-0.00206178,0.0404219;-1.31172,-0.532768,-1.44657
0.0216843,-0.011761,0.0416591;-1.27703,-0.547883,-1.40179
0.0233884,-0.0121862,0.0431277;-1.24034,-0.564926,-1.38233
0.0232123,-0.0099394,0.0432612;-1.24069,-0.578329,-1.39116
0.0160525,-0.00201656,0.0427429;-1.29597,-0.674399,-1.44202
0.00984985,-0.000555079,0.0408442;-1.33177,-0.748855,-1.45201
0.00391101,-0.000344733,0.0367563;-1.37759,-0.812505,-1.45242
0.0159322,-0.00723034,0.0421717;-1.24232,-0.643536,-1.36348
0.0198257,-0.00740786,0.0430626;-1.22942,-0.603476,-1.36941
0.0197348,-0.00400565,0.041748;-1.26742,-0.601304,-1.3982
0.019564,0.00730191,0.0420064;-1.28197,-0.573103,-1.43306
0.019943,0.00982265,0.0459184;-1.22916,-0.522519,-1.43785
0.0173253,0.0104748,0.0431051;-1.29811,-0.501131,-1.46795
0.014569,0.00852058,0.03996;-1.36289,-0.498774,-1.48933
0.0200627,-0.0174426,0.0404138;-1.33288,-0.550103,-1.43369
0.0196253,-0.0201393,0.0380843;-1.36795,-0.585938,-1.45557
0.0120312,-0.0131641,0.0340827;-1.45287,-0.643353,-1.51218
-0.00475014,0.00117786,0.0291521;-1.57048,-0.887493,-1.58114
-0.0051906,0.00271665,0.0296662;-1.55736,-0.919858,-1.57855
-0.0045813,-8.48373e-05,0.0299884;-1.52665,-0.911106,-1.54617
0.00741959,-0.0195613,0.037218;-1.38919,-0.647524,-1.44096
0.00862074,-0.0192259,0.0350706;-1.4351,-0.608385,-1.48
0.00498651,-0.0130661,0.0308783;-1.53226,-0.574741,-1.53493
-0.00491751,0.00282259,0.0357577;-1.42985,-0.705602,-1.49855
-0.0129882,0.0149638,0.0309072;-1.54553,-0.756613,-1.54851
-0.0141955,0.0158836,0.0303776;-1.55776,-0.770373,-1.55393
-0.0011885,-0.00342155,0.0303328;-1.53996,-0.618657,-1.54625
0.00355494,-0.00951333,0.0304647;-1.53467,-0.619575,-1.53605
0.00446834,-0.00993217,0.0287876;-1.57078,-0.636412,-1.56067
0.00470696,-0.0195704,0.0290848;-1.53785,-0.965332,-1.53791
0.00462848,-0.0201681,0.0290979;-1.53555,-0.994811,-1.53525
0.00368535,-0.0178474,0.0292628;-1.5283,-0.954907,-1.52733
-0.00883256,0.00416794,0.029155;-1.57157,-0.637251,-1.55131
-0.011966,0.00844065,0.0289749;-1.55811,-0.544092,-1.55366
-0.013506,0.0106739,0.0295249;-1.53658,-0.553418,-1.55473
-0.0195668,0.0140758,0.02882;-1.55582,-0.69613,-1.56098
-0.0193203,0.0118904,0.0289842;-1.55457,-0.796896,-1.55107
-0.0185696,0.00991546,0.0292122;-1.54636,-0.83482,-1.53851
-0.0158772,0.00520119,0.0288704;-1.56893,-0.922642,-1.55661
-0.013485,0.000348188,0.029166;-1.5722,-0.990538,-1.558
-0.0102038,-0.00385853,0.0291045;-1.57199,-1.05613,-1.55993
-0.0100933,-0.00423041,0.0286727;-1.57155,-1.07026,-1.56695
-0.0122768,-0.00326478,0.0290084;-1.56904,-1.08034,-1.56973
-0.0152705,-0.00137297,0.029189;-1.56259,-1.09311,-1.56383
-0.0308748,0.00352363,0.0316393;-1.59501,-0.911961,-1.54322
-0.0331129,0.00139863,0.0333778;-1.59091,-0.847914,-1.51973
-0.0330983,0.000870672,0.0337748;-1.59254,-0.819835,-1.51928
-0.0365686,0.00223002,0.0288972;-1.58014,-0.780293,-1.56872
-0.0371034,0.00210904,0.0286681;-1.57106,-0.770992,-1.5666
-0.0380818,0.00270869,0.028627;-1.5702,-0.730618,-1.56747
-0.03816,0.00236211,0.0287385;-1.56274,-0.699495,-1.5672
-0.0351646,-0.000172586,0.0291073;-1.54634,-0.646446,-1.5615
-0.0335897,-0.00245706,0.0311202;-1.50279,-0.601032,-1.52951
-0.0337242,0.000845979,0.0290573;-1.55228,-0.570512,-1.55334
-0.0340763,0.00194465,0.0289982;-1.55956,-0.56438,-1.55397
-0.0339202,0.00273227,0.0289579;-1.55554,-0.542682,-1.5574
-0.0336195,0.00400672,0.028582;-1.57056,-0.481758,-1.57081
-0.032715,0.00274453,0.0287896;-1.56124,-0.43885,-1.56516
-0.0309473,0.00034488,0.0294845;-1.54994,-0.416618,-1.55881
-0.0257699,-0.00499951,0.0337308;-1.46038,-0.47616,-1.52615
-0.0232612,-0.00667294,0.0354269;-1.42423,-0.515116,-1.51045
-0.0248667,-0.0067753,0.0379683;-1.3745,-0.578198,-1.48504
-0.0335203,-0.0110085,0.0401745;-1.30195,-0.662939,-1.41496
-0.0326874,-0.018142,0.0407234;-1.3138,-0.565714,-1.4347
-0.0315829,-0.0219203,0.0373654;-1.39895,-0.450036,-1.48274
-0.0328548,-0.0121188,0.0350391;-1.44272,-0.379449,-1.50944
-0.0324777,-0.0100397,0.0311061;-1.50583,-0.395818,-1.54621
-0.0354131,-0.00764166,0.0287222;-1.56582,-0.48188,-1.5707
-0.0385145,-0.00532463,0.0287049;-1.56368,-0.583085,-1.56671
-0.0387875,-0.00453658,0.0287212;-1.56834,-0.552822,-1.56428
-0.0384614,-0.00520598,0.0288519;-1.56763,-0.555339,-1.55877
-0.0331093,-0.0141307,0.0287622;-1.57158,-0.686102,-1.56246
-0.0324752,-0.0150702,0.028706;-1.57092,-0.715982,-1.56486
-0.0323601,-0.0154718,0.0286115;-1.57082,-0.726284,-1.56934
-0.0329007,-0.0145965,0.0286372;-1.56922,-0.689139,-1.56808
-0.0324015,-0.013456,0.0287199;-1.56401,-0.62655,-1.5654
-0.0318149,-0.0103095,0.0288333;-1.5594,-0.514301,-1.5628
-0.0334835,-0.00139765,0.0311325;-1.52706,-0.321891,-1.54068
-0.0351566,0.000962566,0.0300719;-1.54669,-0.321751,-1.54969
-0.0355986,0.00213693,0.0289121;-1.55987,-0.31094,-1.56184
-0.0366863,0.000618942,0.0287717;-1.56125,-0.416827,-1.5663
-0.0365087,9.46026e-05,0.0287031;-1.56423,-0.425022,-1.56784
-0.0366471,-0.000678958,0.0287315;-1.56735,-0.450226,-1.56515
-0.0375653,-0.00535608,0.0288716;-1.56552,-0.539537,-1.55851
-0.0374678,-0.00776562,0.028746;-1.56742,-0.608824,-1.56369
-0.037292,-0.0089643,0.0288396;-1.55593,-0.64216,-1.56119
-0.0378617,-0.00777696,0.0298615;-1.52444,-0.642706,-1.54703
-0.0389988,-0.00704295,0.0289502;-1.5496,-0.657628,-1.55876
-0.0389264,-0.00570581,0.0285966;-1.56966,-0.606279,-1.56996
-0.0399464,-0.00357814,0.0288327;-1.57256,-0.46276,-1.56264
-0.0400313,-0.0033368,0.0287241;-1.57186,-0.457384,-1.56512
-0.0403022,-0.00298496,0.0286781;-1.57081,-0.445319,-1.56599
-0.0404653,-0.00331167,0.0285798;-1.57078,-0.462423,-1.5708
-0.0405736,-0.00315768,0.0286396;-1.57064,-0.459906,-1.56789
-0.0405393,-0.00453462,0.0289257;-1.56422,-0.47451,-1.55686
-0.0405393,-0.00453462,0.0289257;-1.56422,-0.47451,-1.55686
-0.0402673,-0.00837996,0.0306943;-1.55416,-0.463388,-1.54041
-0.0402673,-0.00837996,0.0306943;-1.55416,-0.463388,-1.54041
