0,0,0.11;-1.57,-2.98023e-08,-1.57
0,0,0.11;-1.57,-2.98023e-08,-1.57
0,0,0.11;-1.57,-2.98023e-08,-1.57
-0.000718717,-0.000895502,0.0285995;-1.57047,-0.268923,-1.56988
-0.000740983,-0.00270819,0.0286502;-1.57122,-0.151047,-1.57414
-0.000266081,-0.00782947,0.0302982;-1.57603,0.0202746,-1.59315
0.00343895,-0.00865636,0.0369682;-1.645,0.136946,-1.6056
0.00302347,-0.00506684,0.0288776;-1.57183,-0.120084,-1.58413
0.00411968,-0.0019781,0.0286325;-1.5711,-0.25282,-1.57332
0.00437105,-0.00194171,0.0285809;-1.57091,-0.32792,-1.57066
0.00340492,-0.00681723,0.0288774;-1.57067,-0.109358,-1.58475
0.00469515,-0.0126836,0.0313072;-1.56714,0.0527699,-1.60698
0.0077009,-0.0105224,0.0393895;-1.59536,0.233543,-1.60751
0.00610969,-0.0142545,0.0354748;-1.64524,0.1591,-1.60284
0.00325295,-0.0192,0.029191;-1.5657,0.0402628,-1.59192
0.00307597,-0.0150991,0.0289224;-1.58412,-0.109662,-1.57896
0.00343939,-0.0132305,0.0286073;-1.57031,-0.17609,-1.57231
0.00307014,-0.0158033,0.0294832;-1.58361,-0.0552221,-1.58364
0.00498951,-0.0133815,0.0368543;-1.64628,0.13703,-1.5907
0.0061532,-0.0157587,0.0423092;-1.74516,0.25686,-1.59252
0.00255767,-0.0232867,0.0396181;-1.73395,0.149522,-1.58823
-0.000721755,-0.0273667,0.0291066;-1.56553,0.00849683,-1.59113
0.000125045,-0.0211058,0.0285776;-1.57095,-0.183926,-1.57079
0.000600357,-0.0230959,0.0288613;-1.57135,-0.0760558,-1.58476
0.00199804,-0.0275647,0.031195;-1.57214,0.0850522,-1.60208
0.00415074,-0.0268281,0.0375044;-1.64265,0.21652,-1.59606
0.00484352,-0.0335192,0.0350967;-1.64228,0.185599,-1.60118
0.00127839,-0.0337,0.0291369;-1.59018,0.00795373,-1.57809
0.00254847,-0.0321812,0.0286862;-1.57342,-0.0288977,-1.57331
0.0029378,-0.031687,0.0285813;-1.57095,-0.0307646,-1.57086
0.00508228,-0.0342068,0.0340824;-1.61993,0.255863,-1.58674
0.00586932,-0.0306966,0.0422985;-1.72892,0.398756,-1.56397
0.00679886,-0.0370677,0.0415086;-1.75239,0.366716,-1.56515
-0.00279584,-0.0492132,0.0289091;-1.57561,0.181921,-1.58218
-0.000710714,-0.045762,0.0290289;-1.58956,0.113835,-1.57187
0.000356105,-0.0445496,0.0285827;-1.57104,0.0956662,-1.57112
0.00136315,-0.0474021,0.0309598;-1.57711,0.318251,-1.60045
0.00579561,-0.0396286,0.0390353;-1.73391,0.488352,-1.53935
0.0052578,-0.0382306,0.0446812;-1.83217,0.536097,-1.5025
-0.00963635,-0.0565338,0.0397785;-1.69451,0.428883,-1.59466
-0.0183318,-0.0569502,0.0327359;-1.58711,0.331549,-1.61765
-0.016577,-0.0524623,0.0290629;-1.58494,0.277049,-1.57645
-0.0148249,-0.0513869,0.0291765;-1.5734,0.307178,-1.58483
-0.00906252,-0.0449899,0.0334049;-1.64108,0.487212,-1.56477
-0.00802878,-0.0371746,0.0435306;-1.83116,0.627364,-1.47736
-0.0142941,-0.0501002,0.0374197;-1.70554,0.606757,-1.54207
-0.0177941,-0.0517713,0.0290041;-1.57922,0.542111,-1.57917
-0.0151995,-0.049555,0.029082;-1.59068,0.452341,-1.56859
-0.0137366,-0.0485487,0.0287104;-1.57034,0.432608,-1.57754
-0.011175,-0.0464605,0.0305088;-1.59751,0.588865,-1.57328
-0.00868125,-0.0389394,0.0402203;-1.79281,0.762396,-1.4665
-0.0107039,-0.0504404,0.0362004;-1.69599,0.731533,-1.53544
-0.0135854,-0.0517022,0.0301384;-1.57958,0.654819,-1.59275
-0.0126964,-0.0502516,0.0294632;-1.59963,0.605106,-1.56399
-0.0122567,-0.0499581,0.0287194;-1.57013,0.619939,-1.57815
-0.00692296,-0.0465007,0.0303777;-1.59376,0.738978,-1.57412
0.000967201,-0.0362061,0.0399524;-1.83948,0.861066,-1.40471
-0.00294851,-0.0454655,0.0369803;-1.73911,0.870531,-1.48782
-0.013209,-0.0543125,0.0304071;-1.56763,0.851043,-1.60874
-0.0138214,-0.0539766,0.029399;-1.59814,0.825587,-1.56234
-0.0117441,-0.0515884,0.0287739;-1.57049,0.756096,-1.58018
-0.00207873,-0.0468727,0.0302372;-1.56715,0.798294,-1.59656
0.0185721,-0.0329924,0.03665;-1.81267,0.88943,-1.39585
0.00963164,-0.0386889,0.0394741;-1.85225,0.985675,-1.38331
0.000420711,-0.0477417,0.0369289;-1.77357,0.994157,-1.44614
-0.00813979,-0.0556463,0.0292383;-1.57394,0.988504,-1.58569
-0.00209986,-0.0509803,0.0289159;-1.57852,0.843944,-1.57717
-0.00122011,-0.0503834,0.0289184;-1.56768,0.855295,-1.58859
0.0136306,-0.0429835,0.0298999;-1.57017,0.925648,-1.58207
0.0181728,-0.0359836,0.0409762;-1.98208,1.10662,-1.25101
0.0142612,-0.0419106,0.0404864;-1.93812,1.08612,-1.29452
0.00300866,-0.0542424,0.0345116;-1.69508,1.06329,-1.50858
-1.43394e-05,-0.0537431,0.0295016;-1.61355,0.956917,-1.54579
-0.000393258,-0.0533912,0.0288994;-1.57165,0.962247,-1.58457
0.00207726,-0.0532372,0.0288421;-1.56868,1.01274,-1.58379
0.0239752,-0.0456889,0.0413063;-2.1416,1.21481,-1.07518
0.0263452,-0.0462109,0.0430805;-2.18884,1.17277,-1.04078
0.0179481,-0.0540488,0.0378954;-1.91451,1.16604,-1.29776
0.00428448,-0.0564889,0.0297501;-1.63133,1.10914,-1.52794
0.00312182,-0.056437,0.0288162;-1.56971,1.12969,-1.58301
0.00445036,-0.0559937,0.0288719;-1.55949,1.12678,-1.59062
0.041129,-0.044899,0.0389179;-2.08134,1.22513,-1.11633
0.0466692,-0.0443926,0.0413685;-2.16728,1.1716,-1.04389
0.0356797,-0.0502851,0.0372715;-1.96867,1.19975,-1.23141
0.0167528,-0.0527277,0.0300391;-1.66118,1.25301,-1.50024
0.0198921,-0.0514194,0.0290313;-1.58834,1.22118,-1.56948
0.0233076,-0.049599,0.0293253;-1.56369,1.18587,-1.59523
0.0697365,-0.0333413,0.0367909;-1.98896,1.273,-1.1859
0.0763078,-0.0305325,0.0386936;-2.14976,1.23083,-1.03553
0.0649862,-0.0331215,0.0349154;-1.93437,1.26266,-1.24539
0.0491295,-0.0381668,0.0304925;-1.6823,1.28564,-1.48203
0.0543508,-0.0372893,0.0307298;-1.60557,1.26404,-1.57112
0.056175,-0.0364356,0.0303466;-1.56661,1.2546,-1.60798
0.0939529,-0.0276477,0.0352084;-1.62006,1.35032,-1.52847
0.110547,-0.0237472,0.0351865;-2.06445,1.29217,-1.10035
0.108129,-0.0249062,0.0347704;-1.99358,1.29746,-1.17706
0.0941196,-0.0298784,0.0297915;-1.62862,1.29915,-1.53475
0.0936634,-0.0281359,0.031382;-1.75938,1.31285,-1.40663
0.0927402,-0.0274056,0.0290356;-1.58187,1.31964,-1.57797
0.0942545,-0.027675,0.0299315;-1.53411,1.35016,-1.62612
0.138575,-0.0225597,0.0379816;-2.62157,1.39272,-0.557638
0.142928,-0.0246407,0.0382181;-2.40852,1.34107,-0.767601
0.134845,-0.0262889,0.0343878;-2.05805,1.37131,-1.11967
0.122983,-0.0241712,0.0313447;-1.92524,1.45074,-1.24096
0.123655,-0.0229656,0.0296856;-1.66902,1.46988,-1.49397
0.125034,-0.0223803,0.0298383;-1.53673,1.47038,-1.63127
0.162643,-0.0210541,0.0373315;2.7407,1.47675,0.381664
0.174813,-0.0218313,0.037365;-2.99519,1.4022,-0.15988
0.170079,-0.0230899,0.0341384;-2.60635,1.44062,-0.554286
0.158375,-0.0229069,0.031083;-2.5973,1.52557,-0.566589
0.157689,-0.021287,0.0317294;2.31785,1.54122,0.784402
0.156065,-0.0201309,0.0302285;1.51317,1.50093,1.59589
0.198267,-0.0231307,0.0368275;1.70899,1.37434,1.41996
0.214263,-0.0254654,0.0364959;2.39342,1.37978,0.739901
0.211185,-0.027482,0.032943;2.38613,1.45218,0.742901
0.198625,-0.0242557,0.0299399;1.73415,1.40881,1.39431
0.196909,-0.0229228,0.0299741;1.67168,1.37617,1.45287
0.192508,-0.0217431,0.029371;1.55678,1.2963,1.56251
0.216746,-0.0314873,0.0368802;1.23938,1.11804,1.87876
0.241947,-0.0392585,0.0358188;1.70448,1.17403,1.42164
0.246602,-0.0415073,0.0357123;1.90427,1.18617,1.23878
0.234265,-0.0372816,0.0296954;1.63134,1.18329,1.50016
0.234613,-0.0371694,0.0303416;1.65201,1.19352,1.47788
0.232254,-0.0351763,0.0290717;1.58536,1.15173,1.53956
0.240391,-0.0413617,0.0330432;1.42721,0.992783,1.6978
0.255868,-0.0498119,0.0360283;1.38801,0.906894,1.74168
0.254476,-0.050849,0.0309963;1.5506,0.89309,1.58996
0.247142,-0.0487791,0.0288694;1.57468,0.956211,1.55583
0.247341,-0.049766,0.0290947;1.59955,0.986683,1.53791
0.247135,-0.0496418,0.0289851;1.59635,0.992613,1.54381
0.249452,-0.0549292,0.0296701;1.53485,0.868439,1.6045
0.260438,-0.0651377,0.0340795;1.45961,0.782698,1.67165
0.269952,-0.0733256,0.0335969;1.4885,0.738439,1.64836
0.265334,-0.0683223,0.0286271;1.5706,0.853368,1.57322
0.264277,-0.0676101,0.0285784;1.5707,0.910641,1.57067
0.263982,-0.0676592,0.02858;1.5708,0.953575,1.57072
0.265281,-0.0707887,0.0288752;1.55671,0.827298,1.58608
0.270238,-0.0770356,0.0315112;1.49896,0.743052,1.63139
0.283282,-0.0867954,0.036448;1.43915,0.667903,1.68646
0.278785,-0.0850447,0.0286748;1.57104,0.760276,1.5755
0.278529,-0.0837529,0.0285791;1.57035,0.823274,1.57103
0.278547,-0.0847987,0.0290123;1.58982,0.881999,1.54747
0.279586,-0.0891559,0.0290713;1.57995,0.922185,1.54581
0.285384,-0.0947966,0.0321938;1.61584,0.799742,1.51358
0.301955,-0.100901,0.0415799;1.69074,0.685667,1.46137
0.30077,-0.0955946,0.0287283;1.56369,0.841454,1.57123
0.298866,-0.0935935,0.0285582;1.56929,0.918963,1.57179
0.298,-0.0933092,0.0285797;1.57073,0.948333,1.57076
0.295775,-0.0932427,0.0287727;1.57007,0.83721,1.56242
0.291471,-0.0970007,0.030452;1.52313,0.696225,1.60675
0.294973,-0.108795,0.0344043;1.47418,0.564328,1.64468
0.29829,-0.114375,0.0287899;1.56427,0.60996,1.57935
0.297982,-0.111412,0.028575;1.57081,0.724711,1.57053
0.297759,-0.111085,0.0286185;1.57229,0.739892,1.57135
0.298077,-0.111222,0.0287718;1.57064,0.686203,1.56195
0.296105,-0.111914,0.0290763;1.54829,0.615234,1.58439
0.297078,-0.120886,0.0322827;1.50228,0.513608,1.6187
0.305657,-0.136224,0.0297687;1.55583,0.488271,1.59094
0.306004,-0.13198,0.0286919;1.57105,0.59627,1.57618
0.305951,-0.130101,0.0285785;1.57101,0.668871,1.57073
0.306161,-0.13023,0.0286837;1.57576,0.620727,1.56704
0.305805,-0.13077,0.028644;1.56662,0.570009,1.57293
0.305871,-0.135828,0.0300931;1.53764,0.498949,1.59365
0.315855,-0.156186,0.0322678;1.53986,0.375309,1.60968
0.317447,-0.153477,0.0287895;1.56374,0.455192,1.57752
0.318402,-0.149482,0.0285719;1.57105,0.59306,1.5705
0.318207,-0.148597,0.0287082;1.57873,0.63474,1.56588
0.317334,-0.148232,0.0286814;1.57083,0.56684,1.56496
0.313954,-0.149446,0.0290653;1.54747,0.450138,1.58359
0.319044,-0.172052,0.0345837;1.51174,0.271272,1.62293
0.323454,-0.176262,0.0304954;1.5519,0.368457,1.59527
0.325153,-0.171945,0.0286667;1.57023,0.528406,1.57509
0.323833,-0.168865,0.0286321;1.57122,0.704214,1.57307
0.324455,-0.169449,0.0285637;1.56976,0.608293,1.57048
0.320855,-0.168383,0.0290039;1.56239,0.474104,1.56179
0.315441,-0.181199,0.0338229;1.50854,0.196799,1.60724
0.31543,-0.184911,0.0310217;1.5553,0.233077,1.58942
0.31478,-0.182421,0.0286713;1.57136,0.346616,1.57559
0.314813,-0.179711,0.0286469;1.57098,0.472301,1.57392
0.315392,-0.180586,0.0285725;1.57045,0.394742,1.57054
0.312022,-0.179926,0.0289446;1.55947,0.271913,1.56734
0.312022,-0.179926,0.0289446;1.55947,0.271913,1.56734
0.306653,-0.184814,0.0308896;1.5239,0.15187,1.58382
0.306653,-0.184814,0.0308896;1.5239,0.15187,1.58382
