0,0,0.11;-1.57,-2.98023e-08,-1.57
0,0,0.11;-1.57,-2.98023e-08,-1.57
0,0,0.11;-1.57,-2.98023e-08,-1.57
-0.000777995,-0.000671857,0.0286039;-1.57088,-0.251997,-1.56953
-0.000972554,-0.00240061,0.0286104;-1.57143,-0.131123,-1.57199
-0.000432491,-0.00658986,0.0299206;-1.57799,0.0336549,-1.59112
0.00252309,-0.00911284,0.033941;-1.62039,0.181773,-1.59688
0.000655451,-0.00950213,0.0285798;-1.57083,-0.0796846,-1.57099
0.00109447,-0.0103406,0.0285801;-1.57091,-0.183482,-1.57077
0.00110997,-0.010405,0.0285794;-1.57074,-0.194639,-1.5708
0.00153294,-0.00940435,0.0285803;-1.57085,0.0108044,-1.5707
-0.000148326,-0.0123336,0.0293235;-1.5795,0.184175,-1.58224
0.000414927,-0.0124979,0.0340432;-1.60996,0.350729,-1.59034
0.000466013,-0.0177628,0.0308701;-1.57559,0.281168,-1.60229
-0.00198329,-0.0181762,0.0288893;-1.57056,0.143481,-1.58555
-0.0016802,-0.0161268,0.0285949;-1.57152,-0.0293391,-1.57061
-0.00140253,-0.0152278,0.0286317;-1.57083,-0.0087355,-1.5683
-0.000270619,-0.0125053,0.0286213;-1.57082,0.116484,-1.56889
0.000731224,-0.00582772,0.0319515;-1.63623,0.277707,-1.5625
0.00167036,-0.0108997,0.0387355;-1.68824,0.348875,-1.5912
-0.000645542,-0.0152243,0.0344325;-1.639,0.257378,-1.59126
-0.00144685,-0.0155033,0.028864;-1.57056,0.132358,-1.58436
-0.000588187,-0.0141933,0.0285793;-1.57086,0.0313854,-1.57076
0.000517983,-0.0123411,0.0286109;-1.57078,0.133306,-1.56931
0.00267109,-0.00916474,0.0289386;-1.58357,0.289002,-1.57226
0.002836,-0.0126344,0.0326089;-1.61655,0.38738,-1.58282
0.00295599,-0.0197882,0.0305106;-1.56163,0.321387,-1.61159
0.00332,-0.0167282,0.0286842;-1.57664,0.111591,-1.56921
0.00358356,-0.0170223,0.0286011;-1.5709,0.0857352,-1.5697
0.00377692,-0.0166345,0.0285803;-1.57105,0.117943,-1.57047
0.00640384,-0.0112144,0.0298899;-1.5945,0.345502,-1.5722
0.00952341,-0.0036082,0.0364136;-1.68058,0.445458,-1.56401
0.0140763,0.000766899,0.038502;-1.69184,0.360633,-1.58541
0.0129915,-0.00337862,0.028847;-1.57299,0.206268,-1.58168
0.014295,-0.00278347,0.028631;-1.57232,0.165347,-1.56955
0.0144179,-0.00234192,0.0286238;-1.57086,0.229463,-1.56864
0.0172469,0.000297417,0.0289978;-1.56881,0.423863,-1.57751
0.022903,0.00826607,0.0329803;-1.5556,0.576445,-1.59643
0.0302389,0.0191946,0.0384015;-1.70244,0.536713,-1.5605
0.0323476,0.0207294,0.0288823;-1.57048,0.313007,-1.58524
0.0336808,0.0222087,0.0286972;-1.57632,0.203046,-1.56938
0.033761,0.0217361,0.0285926;-1.57078,0.195376,-1.57015
0.0343373,0.0218259,0.0286958;-1.57067,0.343903,-1.57675
0.0382379,0.0244917,0.0313624;-1.54752,0.474174,-1.59906
0.0459383,0.0391013,0.0375001;-1.64772,0.574756,-1.57114
0.0582321,0.0532755,0.0295892;-1.56525,0.346792,-1.5993
0.0580753,0.0545174,0.0287486;-1.57079,0.287783,-1.57893
0.0592414,0.0549939,0.0285843;-1.56999,0.253572,-1.56968
0.0622423,0.0566747,0.0286219;-1.57171,0.479034,-1.56595
0.0660979,0.0605367,0.029225;-1.56423,0.593482,-1.57562
0.0714874,0.0703539,0.0328951;-1.56188,0.707386,-1.58945
0.0845376,0.079141,0.0333055;-1.57689,0.460887,-1.63428
0.0818607,0.0799416,0.0305224;-1.57045,0.370268,-1.60528
0.0843121,0.0834946,0.028934;-1.58091,0.264831,-1.57536
0.0860406,0.084296,0.0286962;-1.57097,0.421045,-1.56498
0.0898905,0.090187,0.0289422;-1.58213,0.553658,-1.55817
0.0929853,0.0985236,0.0314487;-1.64083,0.700975,-1.53442
0.102228,0.104283,0.0332838;-1.57237,0.496509,-1.63663
0.100701,0.107623,0.0313673;-1.5679,0.365012,-1.6189
0.103787,0.114064,0.0290797;-1.58461,0.267849,-1.57777
0.103617,0.113714,0.0286316;-1.57081,0.441673,-1.56834
0.105926,0.116893,0.028765;-1.57568,0.601097,-1.56341
0.106995,0.121406,0.0317471;-1.65016,0.780034,-1.52545
0.108929,0.116109,0.0345139;-1.59355,0.667806,-1.6167
0.10705,0.115574,0.0309627;-1.55923,0.525886,-1.62123
0.108645,0.123057,0.0289129;-1.57233,0.410563,-1.5843
0.110121,0.12442,0.0285789;-1.57078,0.338516,-1.57077
0.110575,0.124316,0.0285598;-1.57038,0.461387,-1.57077
0.110988,0.124398,0.0289996;-1.59146,0.637631,-1.56239
0.114794,0.122509,0.0384201;-1.70055,0.829244,-1.53174
0.114861,0.122332,0.0369248;-1.67385,0.730252,-1.55226
0.115687,0.123426,0.0305081;-1.56186,0.601991,-1.61358
0.122021,0.132017,0.0285764;-1.57077,0.385247,-1.57064
0.121915,0.1319,0.0285466;-1.56951,0.481423,-1.56996
0.124884,0.133416,0.0286944;-1.57126,0.643398,-1.56407
0.126054,0.135697,0.0368149;-1.75332,0.965437,-1.45805
0.131014,0.136443,0.0408341;-1.78475,0.852274,-1.47347
0.130626,0.130246,0.0351752;-1.62535,0.715701,-1.6021
0.130126,0.136676,0.0290224;-1.5845,0.449158,-1.5737
0.130446,0.136545,0.0285792;-1.57079,0.475571,-1.57078
0.131928,0.137669,0.0287207;-1.57075,0.568564,-1.5641
0.135576,0.150245,0.0350427;-1.74072,0.887489,-1.45482
0.140167,0.149467,0.0381654;-1.74339,0.844764,-1.49264
0.14244,0.141591,0.0351327;-1.61129,0.729302,-1.61472
0.145208,0.147364,0.029081;-1.58857,0.470506,-1.57107
0.144632,0.146704,0.0285485;-1.56963,0.53767,-1.57093
0.146867,0.148048,0.0287046;-1.57073,0.644616,-1.5648
0.153624,0.163104,0.0349435;-1.7629,0.925539,-1.42989
0.155987,0.160854,0.039043;-1.79187,0.874349,-1.44772
0.152811,0.147827,0.035813;-1.63344,0.782061,-1.59666
0.14347,0.145433,0.0290362;-1.58054,0.602181,-1.57733
0.143734,0.145755,0.0286901;-1.57025,0.600544,-1.57679
0.144001,0.145909,0.0286508;-1.5711,0.581204,-1.56712
0.152083,0.15986,0.0329531;-1.6961,0.833176,-1.4682
0.156162,0.161896,0.0354819;-1.73685,0.815444,-1.46989
0.156451,0.158104,0.034447;-1.65479,0.794434,-1.55376
0.153358,0.152502,0.0313267;-1.57465,0.646851,-1.611
0.158266,0.157546,0.0287912;-1.5816,0.582325,-1.56606
0.158608,0.157929,0.0285965;-1.57051,0.617917,-1.56962
0.161762,0.160164,0.0286834;-1.56911,0.728989,-1.5664
0.171996,0.169803,0.0367488;-1.75353,0.937973,-1.4578
0.177198,0.169143,0.0378912;-1.72421,0.826661,-1.51364
0.174118,0.160515,0.0343454;-1.55185,0.713173,-1.67307
0.167256,0.163551,0.031089;-1.59132,0.537432,-1.59169
0.164143,0.162088,0.0288174;-1.57203,0.620463,-1.58021
0.164567,0.161727,0.0286302;-1.57345,0.714495,-1.56367
0.178917,0.175061,0.034736;-1.70662,0.975029,-1.48486
0.18943,0.179668,0.0389684;-1.75862,0.882717,-1.48523
0.195785,0.176467,0.0362125;-1.61768,0.755152,-1.62052
0.188263,0.175703,0.0333092;-1.59722,0.588941,-1.61171
0.184646,0.174375,0.0288446;-1.57181,0.679757,-1.5816
0.184634,0.170423,0.0285745;-1.56914,0.826589,-1.57054
0.201175,0.185183,0.0324191;-1.67058,1.06241,-1.49778
0.209362,0.189081,0.0393511;-1.80369,0.94932,-1.43059
0.212264,0.185226,0.0344755;-1.59842,0.811631,-1.62063
0.204841,0.182547,0.035941;-1.59312,0.617802,-1.64771
0.204413,0.185067,0.0323664;-1.57991,0.629222,-1.6176
0.200204,0.181578,0.0289747;-1.56674,0.729199,-1.58949
0.211327,0.188114,0.0312857;-1.66198,1.02561,-1.48402
0.217198,0.192947,0.0351779;-1.72643,0.99732,-1.46665
0.22274,0.192747,0.0343253;-1.64488,0.890971,-1.56245
0.228048,0.191888,0.036541;-1.59393,0.649094,-1.65414
0.231206,0.196774,0.0359791;-1.59863,0.633459,-1.64158
0.228123,0.197522,0.030133;-1.56962,0.71794,-1.60141
0.230928,0.194733,0.0296413;-1.61023,1.06105,-1.52778
0.23697,0.200142,0.0322677;-1.69867,1.14957,-1.46232
0.240117,0.199648,0.036829;-1.75406,1.06002,-1.45427
0.243166,0.197758,0.0349646;-1.56591,0.755563,-1.66605
0.243886,0.201927,0.0360532;-1.59654,0.635535,-1.64492
0.244563,0.203916,0.0324363;-1.58905,0.636268,-1.6087
0.241037,0.201355,0.0288802;-1.58116,0.928658,-1.55409
0.244896,0.20685,0.0313445;-1.68316,1.10307,-1.46786
0.246072,0.204958,0.0359328;-1.77104,1.1467,-1.42258
0.248626,0.198542,0.0338494;-1.55402,0.881137,-1.66232
0.248059,0.202222,0.0362052;-1.58737,0.758583,-1.65444
0.253641,0.208034,0.0341536;-1.59695,0.671144,-1.62131
0.251065,0.204421,0.0286462;-1.57064,0.911057,-1.57411
0.255205,0.204554,0.0296234;-1.62109,1.0964,-1.51887
0.256492,0.20516,0.0338136;-1.79533,1.2407,-1.37235
0.254561,0.198229,0.0326325;-1.53522,0.998897,-1.65982
0.256162,0.200604,0.035123;-1.56304,0.850731,-1.66826
0.256719,0.205015,0.036366;-1.59743,0.728888,-1.64703
0.256013,0.210805,0.029025;-1.57086,0.815904,-1.58451
0.255871,0.2106,0.0293353;-1.59451,1.00946,-1.54422
0.26142,0.218957,0.0334676;-1.81823,1.17796,-1.337
0.252399,0.201627,0.0308695;-1.54461,1.04812,-1.63252
0.253137,0.203323,0.0333128;-1.56336,0.9138,-1.64751
0.258267,0.207835,0.037189;-1.60165,0.81004,-1.6514
0.27346,0.220867,0.0303211;-1.56156,0.891586,-1.61108
0.278697,0.223161,0.0288848;-1.57838,1.05648,-1.56403
0.284372,0.229149,0.0315281;-1.72471,1.20581,-1.41699
0.27361,0.217166,0.0323704;-1.61068,1.14557,-1.57475
0.267891,0.212322,0.0323538;-1.55095,1.05486,-1.64618
0.27143,0.212865,0.0361299;-1.60078,0.94281,-1.63954
0.282485,0.223653,0.0313063;-1.567,0.866034,-1.61851
0.282123,0.225383,0.0293333;-1.57067,0.959415,-1.58219
0.289299,0.22982,0.0306538;-1.65292,1.13134,-1.4782
0.294716,0.231535,0.0352565;-1.8325,1.18905,-1.35544
0.287623,0.221588,0.0318534;-1.55039,1.09145,-1.64337
0.287353,0.218299,0.0343861;-1.57561,0.980665,-1.64738
0.301716,0.225453,0.0353456;-1.56758,0.958689,-1.66091
0.305769,0.229467,0.0299459;-1.55832,1.02142,-1.60889
0.311006,0.230896,0.0289948;-1.56097,1.15128,-1.57917
0.324608,0.236765,0.0346713;-1.99491,1.2811,-1.16804
0.322742,0.233065,0.0340136;-1.76021,1.20974,-1.42509
0.315827,0.227476,0.0322095;-1.55777,1.11119,-1.64062
0.324097,0.227527,0.0364385;-1.60972,0.970338,-1.63175
0.322124,0.230948,0.0331287;-1.5578,1.02513,-1.64687
0.321187,0.232627,0.030351;-1.54374,1.11817,-1.62011
0.338169,0.240853,0.0343846;-2.16674,1.37521,-0.976164
0.344046,0.240094,0.0337144;-1.88922,1.29818,-1.27555
0.34616,0.235632,0.0313467;-1.58664,1.19534,-1.59811
0.350267,0.230343,0.0361066;-1.62416,1.08374,-1.61291
0.350308,0.232289,0.0361059;-1.54231,1.20423,-1.69727
0.348111,0.232121,0.0311253;-1.50659,1.31813,-1.67117
0.365202,0.233007,0.0306985;2.80396,1.5276,0.349199
0.375339,0.236036,0.0329665;-2.25674,1.46428,-0.896102
0.376898,0.235028,0.0300702;-1.53185,1.34671,-1.63776
0.379262,0.230896,0.0360873;-1.63462,1.1786,-1.60182
0.380698,0.23278,0.0367354;-1.54731,1.21979,-1.69915
0.377057,0.235356,0.0320039;-1.50287,1.32922,-1.68603
0.377057,0.235356,0.0320039;-1.50287,1.32922,-1.68603
0.381088,0.234082,0.0305356;-1.44899,1.47035,-1.70611
0.381088,0.234082,0.0305356;-1.44899,1.47035,-1.70611
