0,0,0.11;-1.57,-2.98023e-08,-1.57
0,0,0.11;-1.57,-2.98023e-08,-1.57
0,0,0.11;-1.57,-2.98023e-08,-1.57
-0.00130089,-0.00212175,0.0287231;-1.56671,-0.290971,-1.56631
-1.45109e-05,0.000927837,0.0286951;-1.57072,-0.183387,-1.56526
-0.000118314,0.00773417,0.0296114;-1.57486,-0.0487377,-1.55784
-0.00175237,0.0138899,0.03364;-1.66916,0.0647315,-1.57162
0.000839095,0.0144956,0.0288819;-1.57134,-0.165434,-1.58592
0.00228945,0.0171379,0.0287064;-1.57242,-0.283585,-1.57569
0.00192893,0.0187348,0.0285791;-1.57073,-0.429153,-1.57072
0.0025025,0.0199607,0.0285852;-1.57241,-0.319448,-1.56978
0.00140287,0.0252935,0.0300205;-1.58105,-0.138646,-1.55468
-0.00472562,0.0323609,0.0327214;-1.62012,0.0282618,-1.54213
-0.00311921,0.0120169,0.0294209;-1.56111,0.00592953,-1.56577
-0.00506839,0.006918,0.028991;-1.55498,-0.0966625,-1.57309
-0.0071782,0.00854427,0.0286142;-1.57341,-0.246599,-1.57151
-0.00632722,0.0165606,0.0289282;-1.57021,-0.36876,-1.58743
-0.00648749,0.0243233,0.0303291;-1.60895,-0.262574,-1.58494
-0.0101006,0.0349156,0.0341456;-1.66485,-0.132903,-1.57224
-0.014355,0.0364106,0.0329326;-1.6375,-0.0171015,-1.5513
-0.00996453,0.0252849,0.029426;-1.57876,-0.136708,-1.56666
-0.00995562,0.0194821,0.0285849;-1.57012,-0.259909,-1.56983
-0.0114479,0.0190944,0.0285815;-1.57064,-0.396752,-1.57058
-0.0104443,0.0208235,0.0285934;-1.56977,-0.323632,-1.5708
-0.0100883,0.0290269,0.0296938;-1.57505,-0.196633,-1.56791
-0.0132914,0.0376132,0.0329377;-1.65424,-0.0980274,-1.57481
-0.0122834,0.034067,0.0326676;-1.6561,-0.126873,-1.58751
-0.0149167,0.0192006,0.0285798;-1.57053,-0.0235909,-1.57114
-0.0149293,0.0198992,0.0285932;-1.57161,-0.0712112,-1.5709
-0.0146336,0.0203845,0.0286456;-1.56669,-0.0811609,-1.57079
-0.00963443,0.0349018,0.0308493;-1.58776,0.119434,-1.55109
-0.0124967,0.0428582,0.0328415;-1.62868,0.227695,-1.53896
-0.0104618,0.0372248,0.0314754;-1.612,0.157284,-1.55775
-0.0145546,0.0150333,0.0290299;-1.5781,0.123333,-1.58483
-0.0153876,0.012742,0.0292034;-1.5892,0.1361,-1.58008
-0.0147629,0.0142713,0.0293966;-1.58264,0.123722,-1.58516
-0.00864272,0.0261999,0.0291987;-1.5697,0.134041,-1.57056
-0.00750553,0.0396865,0.0327284;-1.6112,0.296699,-1.52466
-0.00921496,0.0414891,0.0326219;-1.6196,0.351113,-1.53299
-0.0114878,0.0229302,0.0286528;-1.56971,0.198337,-1.57661
-0.0117697,0.0216972,0.0286395;-1.57344,0.213585,-1.57055
-0.0118792,0.0220797,0.0286533;-1.57071,0.189391,-1.57429
-0.00878875,0.0343913,0.0308268;-1.56014,0.0910061,-1.60997
0.003734,0.0657495,0.0350018;-1.67415,0.146005,-1.5777
0.00895679,0.0836121,0.0397688;-1.7937,0.195575,-1.53536
0.00620471,0.0651755,0.0286803;-1.5517,0.100247,-1.5738
0.00444579,0.0624399,0.028583;-1.57042,0.0395028,-1.57053
0.00493439,0.061448,0.0286972;-1.571,-0.00041914,-1.5652
0.00641788,0.0632741,0.0286748;-1.56829,-0.00982929,-1.56867
0.0113109,0.0764205,0.0295522;-1.55626,0.0728737,-1.56711
0.0153582,0.100169,0.0334792;-1.6383,0.170547,-1.55123
0.017004,0.0867516,0.0293225;-1.59551,0.0554554,-1.57326
0.0148222,0.078867,0.0289129;-1.57657,0.0793517,-1.58066
0.0123653,0.0759636,0.0293238;-1.59778,0.133538,-1.57114
0.0107864,0.0706465,0.0287626;-1.56306,0.372128,-1.57503
0.0173499,0.0806778,0.03061;-1.53279,0.428512,-1.58248
0.0322092,0.110571,0.0319513;-1.62629,0.509826,-1.53419
0.0345508,0.10141,0.0287892;-1.56302,0.371135,-1.577
0.0288876,0.0917267,0.0286193;-1.56754,0.364555,-1.57185
0.0285903,0.090245,0.0287054;-1.57246,0.330311,-1.56578
0.0285675,0.0892182,0.0289638;-1.56737,0.411501,-1.58863
0.0348066,0.098295,0.032522;-1.51877,0.448575,-1.61629
0.0494794,0.128434,0.0380052;-1.57616,0.515883,-1.59483
0.0592414,0.137606,0.0303685;-1.59812,0.379607,-1.5623
0.0574917,0.13132,0.0286308;-1.57232,0.329518,-1.56731
0.0555403,0.129226,0.0285805;-1.57053,0.264872,-1.57076
0.0553994,0.12869,0.0286247;-1.57072,0.254148,-1.56867
0.0567302,0.130541,0.0287657;-1.56091,0.313208,-1.57378
0.0609521,0.138887,0.0320239;-1.50048,0.373141,-1.58982
0.0724961,0.171225,0.0372878;-1.67188,0.423118,-1.5656
0.0757848,0.175484,0.035248;-1.69852,0.343754,-1.5412
0.0747715,0.167427,0.0285213;-1.57087,0.232648,-1.57051
0.0744314,0.163244,0.0286807;-1.57181,0.0980413,-1.56618
0.0747537,0.164349,0.0285806;-1.57066,0.138196,-1.57064
0.0771206,0.166671,0.0292863;-1.54862,0.216767,-1.57443
0.0855567,0.203813,0.0379918;-1.46145,0.369545,-1.59744
0.0873932,0.212416,0.038214;-1.73629,0.290183,-1.55827
0.0877894,0.204727,0.0324151;-1.62678,0.207432,-1.5794
0.0875428,0.198874,0.0288553;-1.5805,0.00844876,-1.57422
0.0878816,0.199105,0.0288203;-1.57326,0.016702,-1.57964
0.0886798,0.199089,0.0299997;-1.56911,0.0771455,-1.59885
0.0997222,0.243313,0.0435601;-1.82118,0.194938,-1.56684
0.106619,0.249719,0.038174;-1.76008,0.0777692,-1.56127
0.110242,0.236208,0.0287696;-1.57916,-0.0186147,-1.57167
0.110922,0.233131,0.0286605;-1.57096,-0.126575,-1.56706
0.110738,0.233566,0.0285791;-1.57127,-0.0935737,-1.57115
0.11119,0.234312,0.029005;-1.56922,-0.042898,-1.58526
0.113984,0.26808,0.0419657;-1.80794,0.133006,-1.57328
0.119355,0.273736,0.0380308;-1.76154,0.0242717,-1.57208
0.12173,0.268019,0.0321942;-1.64009,-0.0591433,-1.5854
0.121041,0.260464,0.0287016;-1.57089,-0.157678,-1.56489
0.120374,0.261274,0.0285785;-1.57072,-0.0987566,-1.57067
0.120139,0.262448,0.028578;-1.57095,-0.0391149,-1.57064
0.119863,0.286095,0.036192;-1.72348,0.185786,-1.5494
0.123479,0.284977,0.0350464;-1.70252,0.105046,-1.55755
0.125028,0.277735,0.0291153;-1.56087,0.0525104,-1.57014
0.118853,0.276879,0.0327501;-1.51687,-0.0661048,-1.60103
0.115096,0.279323,0.0352485;-1.53048,-0.123143,-1.63903
0.119717,0.276678,0.0292513;-1.55037,-0.0468733,-1.58152
0.121344,0.280806,0.0291232;-1.57191,0.0464751,-1.57561
0.121152,0.304742,0.0390201;-1.78541,0.228393,-1.52837
0.124672,0.298346,0.0349318;-1.6965,0.137688,-1.55325
0.125676,0.290023,0.0285533;-1.57523,0.021843,-1.57083
0.124652,0.290165,0.0289532;-1.55727,-0.0896215,-1.57406
0.125461,0.290413,0.0295102;-1.54616,-0.0646134,-1.58107
0.126912,0.290885,0.0320965;-1.52606,-0.0211775,-1.60017
0.131275,0.312436,0.041656;-1.54764,0.221782,-1.59867
0.133065,0.316671,0.0433332;-1.59242,0.142952,-1.6138
0.134094,0.305281,0.0360404;-1.45655,0.046588,-1.613
0.133158,0.304766,0.0293318;-1.5413,0.0225719,-1.57795
0.134558,0.305205,0.0303796;-1.54189,0.0430295,-1.59374
0.13597,0.305263,0.0331016;-1.51421,0.0756195,-1.61606
0.143402,0.333257,0.0453789;-1.57586,0.296439,-1.62258
0.146645,0.342546,0.0498951;-1.58614,0.208171,-1.65857
0.15021,0.325995,0.046584;-1.34804,0.0715556,-1.70133
0.146637,0.322492,0.0420859;-1.49954,0.06431,-1.71744
0.147377,0.323235,0.0405517;-1.49832,0.0717974,-1.69633
0.151505,0.320603,0.0391593;-1.44696,0.131224,-1.65854
0.159024,0.330931,0.0462029;-1.33065,0.336328,-1.68685
0.160904,0.33581,0.0501234;-1.40254,0.329694,-1.68613
0.16106,0.328688,0.0481874;-1.25267,0.235221,-1.72588
0.156225,0.334175,0.0442485;-1.4766,0.185885,-1.74519
0.152681,0.337271,0.0442914;-1.49198,0.108067,-1.74732
0.156767,0.341991,0.0465669;-1.44533,0.112076,-1.75917
0.170169,0.351031,0.0518707;-1.29181,0.285169,-1.75806
0.174201,0.367406,0.0545811;-1.57987,0.416498,-1.65516
0.177322,0.375649,0.0549619;-1.8113,0.407652,-1.61766
0.168959,0.337803,0.04825;-1.36755,0.175008,-1.75399
0.169731,0.337259,0.0465235;-1.44254,0.189334,-1.75812
0.168999,0.339461,0.0439968;-1.50426,0.207303,-1.75285
0.175898,0.33365,0.0424553;-1.38747,0.356776,-1.71929
0.181422,0.346786,0.0440987;-1.50659,0.517898,-1.6489
0.187024,0.362181,0.0481599;-1.65491,0.531436,-1.61121
0.181345,0.335431,0.0355207;-1.44019,0.434748,-1.6531
0.181616,0.335358,0.0287478;-1.56758,0.437655,-1.57725
0.181801,0.335455,0.0288487;-1.58158,0.424934,-1.56944
0.183871,0.335874,0.0298629;-1.53477,0.467221,-1.59508
0.189883,0.342891,0.0340886;-1.46345,0.585505,-1.63114
0.194375,0.358241,0.0397856;-1.58498,0.693734,-1.57159
0.190341,0.346453,0.03558;-1.44711,0.512126,-1.66507
0.189453,0.346726,0.0338832;-1.50032,0.493816,-1.64651
0.18869,0.345936,0.0322351;-1.53352,0.481709,-1.62929
0.193193,0.344822,0.02987;-1.54509,0.562911,-1.60476
0.201216,0.353333,0.0309985;-1.62745,0.698624,-1.52521
0.204152,0.366902,0.0368154;-1.81846,0.833541,-1.39292
0.194146,0.349133,0.0288077;-1.57258,0.711408,-1.57901
0.190742,0.346038,0.0287362;-1.57125,0.647349,-1.57891
0.188104,0.344022,0.0287275;-1.56989,0.647579,-1.57894
0.189695,0.344427,0.0292696;-1.558,0.677876,-1.6003
0.19653,0.346789,0.0304625;-1.52248,0.787464,-1.59858
0.211354,0.363997,0.0344974;-1.5131,0.858747,-1.61261
0.219724,0.367201,0.0304693;-1.62839,0.755646,-1.5372
0.214772,0.364178,0.0285545;-1.5718,0.658301,-1.57084
0.215548,0.364815,0.0287635;-1.58136,0.581818,-1.56498
0.216898,0.365597,0.02858;-1.57089,0.637742,-1.57081
0.220732,0.367491,0.0290798;-1.54887,0.704283,-1.58541
0.238573,0.384177,0.0321146;-1.50025,0.782828,-1.61573
0.248831,0.395413,0.0341388;-1.72269,0.803958,-1.47113
0.237717,0.379643,0.0289138;-1.57316,0.734847,-1.58324
0.2408,0.378194,0.0291591;-1.59936,0.602574,-1.55924
0.243106,0.378699,0.0286326;-1.57371,0.57362,-1.56935
0.244266,0.378805,0.0288763;-1.55275,0.654265,-1.58148
0.251763,0.385205,0.0312996;-1.50339,0.709097,-1.61123
0.280494,0.423751,0.0321716;-1.65704,0.72479,-1.52478
0.275993,0.413804,0.0301816;-1.61215,0.667673,-1.54991
0.269264,0.403286,0.0285939;-1.56977,0.617013,-1.57139
0.268738,0.402145,0.0286997;-1.57695,0.575045,-1.56698
0.268421,0.402595,0.0285893;-1.571,0.628723,-1.5709
0.268898,0.401385,0.0291111;-1.5539,0.718319,-1.58977
0.292348,0.427116,0.0362637;-1.45697,0.836328,-1.64088
0.2989,0.434609,0.0313512;-1.63985,0.740087,-1.52938
0.294659,0.428319,0.0285638;-1.57091,0.616409,-1.57088
0.294318,0.427366,0.0286773;-1.57602,0.493558,-1.5684
0.294692,0.427626,0.0288095;-1.57635,0.507162,-1.57404
0.294708,0.426885,0.0292634;-1.57236,0.556875,-1.58977
0.32228,0.457256,0.040644;-1.80415,0.72278,-1.46338
0.330957,0.462142,0.0399657;-1.81458,0.616849,-1.458
0.331615,0.459467,0.0373448;-1.76942,0.566294,-1.48271
0.320406,0.455077,0.0309825;-1.62816,0.62742,-1.55283
0.318547,0.454728,0.0292166;-1.59943,0.66835,-1.56152
0.317148,0.454311,0.0290129;-1.57326,0.733856,-1.58791
0.317148,0.454311,0.0290129;-1.57326,0.733856,-1.58791
0.328198,0.461396,0.0309444;-1.5251,0.814455,-1.61164
0.328198,0.461396,0.0309444;-1.5251,0.814455,-1.61164
