0,0,0.11;-1.57,-2.98023e-08,-1.57
0,0,0.11;-1.57,-2.98023e-08,-1.57
0,0,0.11;-1.57,-2.98023e-08,-1.57
-0.00052009,-0.000371082,0.0285883;-1.57107,-0.261817,-1.57057
-8.45908e-05,-0.0011065,0.0285955;-1.571,-0.154327,-1.57148
0.00116494,-0.000553784,0.0299025;-1.57876,-0.0184215,-1.5867
0.00156361,0.00400858,0.0374747;-1.70265,0.177151,-1.58469
-0.00382194,-0.0134626,0.0286805;-1.57058,0.0260817,-1.57564
-0.00352785,-0.0138362,0.0286158;-1.57093,-0.0745018,-1.56912
-0.00363136,-0.0146616,0.0286412;-1.57096,-0.125466,-1.56785
-0.00357884,-0.014447,0.0287266;-1.57295,-0.0573149,-1.57682
-0.00347105,-0.0143531,0.0314551;-1.6035,0.0873466,-1.58556
-0.00047231,-0.00526479,0.0396015;-1.72772,0.267003,-1.56602
-0.00757019,-0.0184866,0.0336564;-1.62514,0.408443,-1.58535
-0.0126962,-0.0383945,0.0290335;-1.55964,0.358401,-1.5859
-0.0126551,-0.0373969,0.0286162;-1.57236,0.268879,-1.57049
-0.0128407,-0.0319372,0.0287427;-1.57084,0.0529538,-1.57858
-0.0080241,-0.0221308,0.030672;-1.56028,0.0450705,-1.59964
0.00316681,0.00336409,0.035498;-1.64071,0.112095,-1.59409
0.0101302,0.0317093,0.0383876;-1.76083,0.204696,-1.54598
0.0107501,0.03067,0.0343972;-1.69506,0.175984,-1.55457
0.0080972,0.0230438,0.0288291;-1.56487,0.178407,-1.58321
0.00786195,0.0231499,0.0285808;-1.57079,0.139265,-1.57092
0.00847957,0.0239037,0.0287719;-1.57054,0.125268,-1.58038
0.0157386,0.0323172,0.0309951;-1.59699,0.156217,-1.58213
0.0275379,0.0499068,0.0363724;-1.72455,0.237408,-1.53003
0.03199,0.0551032,0.0318638;-1.64577,0.239515,-1.55494
0.0311636,0.0528056,0.028788;-1.56322,0.24196,-1.57536
0.0318319,0.0529141,0.0286128;-1.5708,0.287184,-1.56924
0.0317062,0.0526612,0.0285801;-1.57109,0.311591,-1.57092
0.0438344,0.0617364,0.033748;-1.5683,0.472241,-1.61699
0.0581037,0.0820354,0.0414952;-1.78936,0.566804,-1.48606
0.0620238,0.092674,0.0379257;-1.76766,0.602973,-1.47734
0.0503982,0.0850668,0.0286845;-1.57055,0.695611,-1.57597
0.0503299,0.085022,0.0285779;-1.57102,0.685779,-1.57039
0.0504704,0.0851526,0.0285901;-1.57111,0.695931,-1.56985
0.0533316,0.085668,0.0312936;-1.55048,0.734735,-1.6166
0.0687493,0.0961549,0.0359371;-1.59301,0.786495,-1.60493
0.0883659,0.115065,0.0397809;-1.80143,0.766598,-1.43538
0.0929545,0.125029,0.0287834;-1.56833,0.786446,-1.58379
0.0928363,0.125163,0.0287284;-1.56282,0.760126,-1.5775
0.0924288,0.125938,0.0286083;-1.56911,0.711199,-1.57179
0.092149,0.125915,0.0290257;-1.58338,0.746775,-1.57549
0.095997,0.126755,0.0334757;-1.67448,0.808304,-1.51088
0.111887,0.133882,0.0400929;-1.92784,0.876975,-1.2906
0.114919,0.141987,0.0293406;-1.61267,0.926069,-1.54085
0.113382,0.141441,0.0286093;-1.57036,0.959994,-1.57265
0.112949,0.140954,0.0286971;-1.56078,0.97047,-1.57904
0.112834,0.140956,0.0289079;-1.57166,0.993936,-1.58539
0.113269,0.139796,0.031881;-1.56482,1.04975,-1.61194
0.12258,0.141951,0.0399633;-1.90431,1.11247,-1.30517
0.119881,0.149791,0.0288212;-1.56302,1.16389,-1.59213
0.118025,0.149046,0.0285757;-1.57104,1.22584,-1.57028
0.117988,0.14895,0.0285935;-1.57253,1.21714,-1.56874
0.117317,0.148467,0.0289476;-1.56421,1.25874,-1.59332
0.122579,0.148574,0.0318744;-1.51812,1.22825,-1.65674
0.136802,0.149299,0.0374514;-1.74297,1.22196,-1.45882
0.158372,0.154398,0.0323694;-1.74172,1.09644,-1.42463
0.157658,0.154747,0.0288179;-1.57026,1.05954,-1.58285
0.157649,0.154807,0.0286742;-1.56258,1.04871,-1.57829
0.154492,0.154846,0.0286833;-1.57074,1.17518,-1.57567
0.15417,0.154407,0.0301961;-1.61292,1.2221,-1.55029
0.158855,0.152016,0.0371508;-1.89177,1.24219,-1.29851
0.176005,0.153853,0.0363327;-1.91891,1.1223,-1.26401
0.184673,0.153321,0.0310041;-1.68021,1.03242,-1.48009
0.185158,0.152937,0.0287541;-1.57019,0.977785,-1.57989
0.184715,0.15233,0.0285759;-1.5707,1.02733,-1.5708
0.181708,0.152275,0.0287911;-1.58027,1.1351,-1.56853
0.172839,0.151776,0.0318511;-1.6483,1.25894,-1.52236
0.17347,0.149561,0.0411568;-2.09765,1.32313,-1.11769
0.173769,0.151274,0.0401668;-2.16039,1.26781,-1.03831
0.169555,0.151363,0.0291426;-1.54383,1.2865,-1.61621
0.171462,0.152089,0.028618;-1.57108,1.12008,-1.56868
0.171074,0.151863,0.0285711;-1.57202,1.13446,-1.56949
0.169069,0.151922,0.0291965;-1.60776,1.20332,-1.54675
0.168235,0.150899,0.0444461;-2.33479,1.29455,-0.885055
0.175095,0.152294,0.0458923;-2.61482,1.22313,-0.599626
0.165002,0.15155,0.0330617;-1.87278,1.37259,-1.29852
0.163016,0.15477,0.0287001;-1.55933,1.178,-1.57992
0.16296,0.154815,0.0285876;-1.5705,1.09097,-1.57141
0.167414,0.153291,0.0296058;-1.62826,0.989491,-1.52471
0.167886,0.154112,0.0417131;-2.12064,1.0677,-1.07457
0.166628,0.156678,0.0416873;-2.18414,1.11201,-1.01061
0.152683,0.157308,0.0335099;-1.89101,1.23164,-1.27713
0.142844,0.15564,0.0285863;-1.57137,1.34788,-1.56984
0.143591,0.155807,0.028588;-1.57085,1.29632,-1.57115
0.147525,0.157724,0.028967;-1.57865,1.22036,-1.5768
0.172988,0.150056,0.0408896;-2.07938,1.10158,-1.10649
0.170321,0.150108,0.0402546;-2.08648,1.1265,-1.09716
0.149319,0.150278,0.0350872;-1.919,1.19639,-1.25353
0.130072,0.149176,0.0285816;-1.57099,1.41599,-1.57062
0.1299,0.149202,0.0285808;-1.57273,1.44102,-1.56903
0.130054,0.149133,0.0287039;-1.54399,1.46486,-1.60141
0.160895,0.150133,0.0384536;-2.02781,1.29817,-1.15902
0.175722,0.147526,0.038047;-2.06034,1.19153,-1.11111
0.174547,0.14587,0.0365682;-1.96228,1.17124,-1.21016
0.167081,0.147039,0.0287108;-1.57833,1.26749,-1.56749
0.165183,0.144899,0.0286945;-1.55019,1.42241,-1.58865
0.164769,0.144659,0.0286617;-1.57023,1.44186,-1.57515
0.165649,0.143702,0.0297746;-1.6385,1.41645,-1.52158
0.189623,0.131009,0.0398432;-2.15273,1.1785,-1.01827
0.190849,0.12835,0.0378451;-1.98559,1.141,-1.18253
0.183685,0.126357,0.0291161;-1.61727,1.09496,-1.53431
0.182982,0.12587,0.02864;-1.56553,1.09619,-1.57606
0.181743,0.125051,0.0286622;-1.57067,1.17657,-1.57477
0.177628,0.125812,0.029231;-1.60711,1.30807,-1.55124
0.171263,0.121023,0.0434267;-2.41566,1.27453,-0.782348
0.164922,0.121404,0.0403047;-2.23081,1.22128,-0.943142
0.152083,0.120266,0.0315319;-1.74586,1.20479,-1.41249
0.148488,0.119949,0.0285525;-1.56685,1.22752,-1.57455
0.148304,0.120007,0.0285852;-1.5713,1.26175,-1.57035
0.147439,0.120185,0.0289501;-1.57793,1.34583,-1.57834
0.145545,0.117758,0.0405069;-2.23069,1.37347,-0.969028
0.144866,0.118251,0.0415977;-2.20041,1.24917,-0.995744
0.140471,0.120184,0.0347204;-1.82942,1.18863,-1.34758
0.143488,0.120941,0.0287513;-1.58752,1.05473,-1.55637
0.14378,0.120476,0.0285836;-1.57031,1.11058,-1.57132
0.143491,0.12037,0.0287292;-1.57043,1.16068,-1.57823
0.158696,0.121592,0.0373284;-2.1344,1.23985,-1.04021
0.161784,0.119941,0.0386847;-2.14202,1.18611,-1.03881
0.155713,0.120325,0.0381503;-2.05048,1.15717,-1.12799
0.142507,0.123057,0.0288075;-1.59061,1.12204,-1.55532
0.142423,0.123271,0.0285989;-1.57141,1.15902,-1.56904
0.142668,0.123401,0.0285777;-1.56914,1.1827,-1.57286
0.156588,0.123896,0.0329581;-1.9344,1.39291,-1.23445
0.159892,0.124418,0.0409923;-2.55087,1.32818,-0.641821
0.15659,0.123582,0.0420432;-2.45039,1.26243,-0.735936
0.135451,0.128862,0.0289546;-1.5864,1.2534,-1.56885
0.136108,0.128582,0.028812;-1.6063,1.25144,-1.53723
0.136975,0.128511,0.0287037;-1.58519,1.26624,-1.55535
0.14242,0.129429,0.030405;-1.52586,1.39658,-1.63703
0.162993,0.1361,0.0370092;-2.07983,1.44021,-1.11171
0.17958,0.139118,0.0402623;-2.28909,1.3067,-0.91509
0.185096,0.136159,0.0290204;-1.60222,1.14143,-1.55022
0.184288,0.136301,0.0287158;-1.58307,1.13391,-1.56097
0.184058,0.136484,0.0285825;-1.57049,1.16571,-1.57078
0.184161,0.1367,0.0292002;-1.59559,1.29165,-1.5616
0.192152,0.13664,0.0351122;-2.28076,1.41351,-0.889377
0.199838,0.137842,0.0413832;-2.89942,1.36022,-0.290736
0.204767,0.131472,0.0313122;-1.81373,1.33231,-1.34254
0.204271,0.131813,0.0287559;-1.57027,1.23724,-1.57996
0.204561,0.132114,0.0285866;-1.57053,1.19951,-1.57137
0.204812,0.132449,0.0288566;-1.58783,1.2744,-1.56271
0.208992,0.132905,0.0334195;-2.12465,1.39891,-1.03003
0.213915,0.137459,0.0413123;3.00485,1.35271,0.106291
0.195557,0.144923,0.0356208;2.30055,1.42566,0.811075
0.181776,0.148997,0.0287713;1.57103,1.45549,1.56021
0.181141,0.149874,0.0287617;1.6338,1.43202,1.50826
0.182681,0.149281,0.0287897;1.5411,1.43433,1.59392
0.198156,0.142433,0.0316201;1.44859,1.43095,1.66204
0.228918,0.132216,0.0382746;2.03457,1.3314,1.08856
0.238512,0.133763,0.0371047;1.99972,1.26442,1.12469
0.229201,0.139465,0.0288962;1.55826,1.25599,1.566
0.226673,0.14147,0.0287129;1.57604,1.18491,1.56079
0.226659,0.141721,0.0285776;1.57147,1.15431,1.57004
0.230669,0.13812,0.0293344;1.55879,1.19976,1.56875
0.251526,0.116474,0.0334071;1.75696,1.17969,1.3937
0.273684,0.0898956,0.0364035;1.93189,1.10753,1.24049
0.27129,0.0941262,0.032797;1.76708,1.11261,1.38677
0.264095,0.105779,0.0289552;1.58137,1.0206,1.54947
0.261586,0.109944,0.0285989;1.57117,0.745658,1.57151
0.262489,0.108937,0.0287536;1.56691,0.760013,1.56766
0.269879,0.0951437,0.0315915;1.5462,0.777821,1.55628
0.295795,0.0404275,0.0383349;1.80587,0.692653,1.40956
0.296572,0.0343361,0.0353003;1.73727,0.743857,1.44514
0.294435,0.0388861,0.0290038;1.58258,0.733248,1.5515
0.294906,0.0442736,0.028609;1.57086,0.543275,1.57254
0.29624,0.0445883,0.0286324;1.57092,0.436701,1.56789
0.293293,0.0450296,0.0297663;1.55677,0.365395,1.557
0.30625,-0.00223322,0.0421983;1.64002,0.341672,1.49391
0.318238,-0.034765,0.0380435;1.74019,0.37757,1.49141
0.319784,-0.0427272,0.0309087;1.62495,0.438563,1.54065
0.31975,-0.042592,0.0286013;1.57064,0.482738,1.56969
0.319473,-0.0422962,0.0285616;1.56957,0.42067,1.5711
0.319124,-0.0403095,0.0289153;1.57186,0.347104,1.55541
0.314427,-0.0450378,0.0388511;1.65243,0.064531,1.51721
0.314666,-0.0698451,0.0404592;1.77098,0.107158,1.52954
0.317553,-0.0802448,0.0328319;1.64387,0.172805,1.54337
0.316607,-0.0837978,0.02869;1.57072,0.318962,1.56565
0.316384,-0.084294,0.0285788;1.57105,0.30258,1.57067
0.316753,-0.0832727,0.0286908;1.57124,0.250044,1.56594
0.316753,-0.0832727,0.0286908;1.57124,0.250044,1.56594
0.31843,-0.0775922,0.0313373;1.61764,0.131749,1.55389
0.31843,-0.0775922,0.0313373;1.61764,0.131749,1.55389
