0,0,0.11;-1.57,-2.98023e-08,-1.57
0,0,0.11;-1.57,-2.98023e-08,-1.57
0,0,0.11;-1.57,-2.98023e-08,-1.57
-0.000953548,-0.00175391,0.0286369;-1.56957,-0.244917,-1.5688
-0.000328185,-0.00044915,0.0286024;-1.56992,-0.178658,-1.5704
0.000481032,0.00355319,0.0290669;-1.56527,-0.114995,-1.56614
-0.000182393,0.0200589,0.0312628;-1.60712,0.0530884,-1.56615
0.00120602,0.0166299,0.0285786;-1.57065,-0.0493579,-1.57076
0.00118178,0.015867,0.0286259;-1.57116,-0.0741401,-1.56838
0.00141323,0.0143512,0.0286028;-1.57054,-0.13661,-1.56939
0.00129467,0.0133366,0.0285838;-1.57046,-0.195388,-1.57032
0.00248732,0.0154104,0.0292244;-1.55453,-0.172777,-1.56952
0.00596554,0.0271486,0.0333834;-1.49882,-0.0779104,-1.56749
0.00867513,0.044941,0.0291011;-1.56868,-0.0592558,-1.57302
0.00831824,0.0466119,0.0285781;-1.57088,-0.119793,-1.57075
0.00789465,0.0467199,0.0285922;-1.57047,-0.174339,-1.5696
0.00746791,0.0459714,0.0285818;-1.5705,-0.240263,-1.57052
0.00760951,0.045313,0.0287502;-1.56566,-0.194618,-1.57051
0.00699107,0.0445726,0.0301614;-1.55666,-0.122821,-1.565
0.00746391,0.0314486,0.033044;-1.51069,0.0276242,-1.58167
0.00691141,0.0274235,0.0304088;-1.53992,0.0254728,-1.57535
0.00664,0.0284522,0.028575;-1.57109,0.0108897,-1.5709
0.00595795,0.0287296,0.028579;-1.57085,-0.0623969,-1.57073
0.00576915,0.028684,0.0285792;-1.57076,-0.0616312,-1.57072
0.00550559,0.0289214,0.0291358;-1.56349,-0.0874048,-1.56983
0.00527515,0.0282196,0.0296856;-1.58188,-0.119302,-1.57484
0.00325869,0.0232836,0.029165;-1.57548,-0.148962,-1.58442
0.00306066,0.0242772,0.0288008;-1.57554,-0.187507,-1.57835
0.00351818,0.0256319,0.0286537;-1.56997,-0.21962,-1.57475
0.00354279,0.0267172,0.0287873;-1.57083,-0.242284,-1.58058
0.00125838,0.0198019,0.0328912;-1.64965,-0.0984384,-1.58883
0.000438133,0.0118855,0.0389967;-1.68015,-0.0463857,-1.59526
0.00238219,-0.00637833,0.0396659;-1.6294,-0.0811105,-1.61253
-0.00142968,-0.0241082,0.0294617;-1.57031,-0.191237,-1.59196
-0.00116924,-0.0210218,0.0291624;-1.59043,-0.229327,-1.5842
-0.000550022,-0.018992,0.0291088;-1.58708,-0.259826,-1.58467
0.00124055,-0.0100101,0.0301418;-1.58815,-0.255847,-1.59311
0.0022007,0.000258556,0.0352552;-1.6981,-0.163981,-1.59505
0.00285595,0.0010078,0.0384191;-1.76003,-0.135546,-1.60073
-0.0007964,-0.0220134,0.0289592;-1.56713,-0.300991,-1.58831
-0.00101401,-0.0222176,0.0287282;-1.57208,-0.299626,-1.57686
-0.00101235,-0.0223026,0.0286249;-1.57266,-0.279978,-1.57228
0.000693859,-0.0229732,0.0289614;-1.56803,-0.202348,-1.58602
0.00492043,-0.0186677,0.0321322;-1.52575,-0.0657315,-1.58007
0.00617646,-0.00363791,0.0356655;-1.5154,0.0573591,-1.57879
0.00651747,0.0015284,0.0288363;-1.56436,-0.165189,-1.57564
0.00532148,0.00264816,0.0285896;-1.57074,-0.273326,-1.57124
0.00751728,0.00241122,0.0286631;-1.57098,-0.385383,-1.56685
0.00768875,0.00295899,0.0285954;-1.56943,-0.367455,-1.56994
0.00962203,0.00687363,0.0296174;-1.55709,-0.267761,-1.56372
0.0129121,0.0239293,0.0314671;-1.5984,-0.152509,-1.556
0.0148605,0.0310048,0.028871;-1.57117,-0.0813152,-1.58132
0.0139418,0.0300948,0.0287356;-1.57045,-0.105985,-1.57814
0.0135997,0.0290992,0.0286133;-1.5715,-0.0886287,-1.57192
0.0137218,0.0285148,0.0286979;-1.5709,-0.117244,-1.56514
0.0135252,0.0285927,0.0293415;-1.55798,-0.131319,-1.56523
0.0131295,0.0316483,0.0318569;-1.52568,-0.0908184,-1.56458
0.0135622,0.0397999,0.0303914;-1.55257,-0.129046,-1.57968
0.0116079,0.0424058,0.0288221;-1.56765,-0.186591,-1.57868
0.0100123,0.0442519,0.028672;-1.57078,-0.272752,-1.57513
0.00942782,0.0455472,0.0285806;-1.57098,-0.390793,-1.5708
0.00934002,0.0451993,0.0286646;-1.56897,-0.435862,-1.57183
0.00947372,0.0436509,0.0299781;-1.5691,-0.44691,-1.56637
0.00880895,0.0309807,0.0308623;-1.58257,-0.397429,-1.57303
0.00988862,0.0277525,0.0291952;-1.57158,-0.407135,-1.57918
0.01105,0.0253397,0.0286832;-1.56973,-0.34799,-1.57497
0.0110166,0.0247659,0.0285782;-1.5709,-0.240842,-1.57059
0.0104402,0.0251246,0.0285788;-1.57076,-0.296999,-1.57074
0.00992833,0.0259259,0.0291174;-1.56361,-0.331632,-1.57109
0.00668139,0.0243038,0.0347437;-1.58303,-0.401261,-1.58001
0.00501164,0.0243644,0.0337285;-1.62861,-0.466341,-1.59901
0.00669504,0.0223828,0.0290633;-1.5782,-0.492017,-1.59113
0.0067572,0.0208715,0.029017;-1.58867,-0.446334,-1.58352
0.00690551,0.0216977,0.0289573;-1.57273,-0.45549,-1.58775
0.0068274,0.0261737,0.029029;-1.58025,-0.460746,-1.58781
0.0047357,0.0309771,0.0387118;-1.75619,-0.43477,-1.63735
0.00916843,0.0154931,0.0399509;-1.75273,-0.469626,-1.66154
0.01874,-0.0164473,0.0334882;-1.59141,-0.505433,-1.63999
0.0259108,-0.0335731,0.0290872;-1.57869,-0.393459,-1.58846
0.0259159,-0.0314353,0.0289621;-1.57392,-0.409673,-1.58942
0.026376,-0.0306328,0.0289033;-1.57595,-0.392202,-1.58686
0.0200201,0.0221963,0.0376233;-1.75332,-0.277103,-1.61762
0.0227206,0.0238058,0.0371432;-1.75055,-0.314815,-1.62979
0.0289572,0.0129613,0.0348561;-1.70061,-0.391568,-1.63167
0.026625,-0.00830921,0.0290126;-1.58671,-0.436837,-1.58754
0.0267364,-0.0108647,0.0288571;-1.57097,-0.341446,-1.58391
0.0271114,-0.0109324,0.0287411;-1.57075,-0.30856,-1.5784
0.0287324,0.00835203,0.0330843;-1.54724,-0.144991,-1.5771
0.0298654,0.0216969,0.0337953;-1.6561,-0.0842718,-1.58832
0.0323899,0.015044,0.0304863;-1.57994,-0.0290632,-1.59628
0.0298648,0.00871279,0.0286878;-1.57017,-0.160488,-1.5755
0.0297734,0.00928689,0.0286132;-1.57074,-0.178983,-1.5723
0.029844,0.00909698,0.0285795;-1.57079,-0.240558,-1.57079
0.0306473,0.0145846,0.0298138;-1.5519,-0.250582,-1.56726
0.0321047,0.0195166,0.0300539;-1.58133,-0.257749,-1.56548
0.03398,0.0242301,0.0311345;-1.59115,-0.220126,-1.56646
0.0354701,0.0271838,0.0287576;-1.56683,-0.245751,-1.57512
0.0350906,0.0261575,0.0285792;-1.57077,-0.259896,-1.57083
0.0350854,0.0260914,0.0285828;-1.57051,-0.250887,-1.57064
0.0351177,0.0258364,0.0286208;-1.57042,-0.254521,-1.56894
0.0349659,0.0279721,0.0328509;-1.51867,-0.147946,-1.56331
0.0370868,0.0272826,0.0342395;-1.49445,-0.167304,-1.57904
0.0389496,0.0278097,0.034172;-1.49007,-0.169093,-1.59231
0.0322319,0.0345448,0.028869;-1.56636,-0.266674,-1.57908
0.0322554,0.0346972,0.0286533;-1.57073,-0.243866,-1.57429
0.0325071,0.0347903,0.0286639;-1.5707,-0.214094,-1.56652
0.0296464,0.0511232,0.0324708;-1.56343,-0.165744,-1.55948
0.0305428,0.0500552,0.0359565;-1.61562,-0.178544,-1.58697
0.0373202,0.0363332,0.0334699;-1.50768,-0.220068,-1.58122
0.0370787,0.028387,0.0296353;-1.54148,-0.158262,-1.57592
0.0378548,0.0282037,0.0291709;-1.55178,-0.128203,-1.57768
0.0382177,0.0296158,0.028608;-1.57014,-0.0939508,-1.56985
0.0382763,0.0409711,0.0344084;-1.51172,-0.0288489,-1.55798
0.0364369,0.0402251,0.0376004;-1.48675,-0.0855255,-1.55798
0.0377869,0.0367501,0.0363785;-1.46959,-0.171264,-1.57737
0.0346048,0.0334209,0.0348789;-1.49694,-0.255627,-1.60539
0.0313083,0.0376377,0.0314874;-1.53535,-0.307261,-1.593
0.0309538,0.0434497,0.0292489;-1.56016,-0.285755,-1.57856
0.0237071,0.0762307,0.0345125;-1.66364,-0.0494857,-1.57448
0.0218279,0.0790606,0.0393998;-1.75089,-0.0245641,-1.60436
0.0255214,0.0717488,0.0400275;-1.74995,-0.0689215,-1.61263
0.047691,0.0312555,0.0366037;-1.43489,-0.0489748,-1.57561
0.0473272,0.0245023,0.0351106;-1.45329,0.00867065,-1.58987
0.0479115,0.0241753,0.0314642;-1.5107,0.0451064,-1.58741
0.0533944,0.0453888,0.0312248;-1.57966,0.185143,-1.53832
0.0538628,0.0643793,0.0345119;-1.65758,0.316423,-1.52515
0.0531317,0.0764894,0.0360122;-1.71095,0.340775,-1.53432
0.0684791,0.0656128,0.0357771;-1.46688,0.0936392,-1.60108
0.0632579,0.0629571,0.0362029;-1.4485,-0.000316024,-1.59888
0.0589355,0.0723047,0.0288687;-1.56557,-0.106909,-1.57766
0.0584675,0.0821617,0.0308399;-1.58512,-0.0300888,-1.5425
0.0558918,0.0925163,0.0352901;-1.64856,0.0902894,-1.52883
0.0519511,0.102516,0.0397658;-1.78322,0.183032,-1.54914
0.0620764,0.0933053,0.0357432;-1.65179,0.218604,-1.58964
0.0642361,0.0739508,0.0352928;-1.46296,0.219353,-1.60956
0.0628226,0.0671681,0.0326777;-1.49774,0.25362,-1.6061
0.0613262,0.0678666,0.0299557;-1.57408,0.315207,-1.54854
0.0600901,0.0700829,0.0322258;-1.60169,0.379631,-1.52207
0.0597908,0.0758293,0.035908;-1.64197,0.413823,-1.50618
0.0743966,0.0967587,0.0362099;-1.58228,0.310528,-1.57487
0.0807947,0.0947162,0.0332962;-1.5062,0.25621,-1.60124
0.0776449,0.0936529,0.0322749;-1.51511,0.214994,-1.59748
0.0744364,0.0920143,0.0293389;-1.56841,0.226562,-1.56571
0.0732462,0.0914003,0.0312848;-1.59759,0.28067,-1.5332
0.0727267,0.0895921,0.0346;-1.6479,0.345495,-1.50838
0.0811096,0.0839612,0.0348468;-1.57556,0.352482,-1.53901
0.0942268,0.0785537,0.0323354;-1.5079,0.322608,-1.58399
0.0974283,0.0750291,0.0349325;-1.45491,0.289003,-1.60271
0.0969519,0.0710753,0.0327308;-1.49624,0.362442,-1.58841
0.0931055,0.0730978,0.0308264;-1.57007,0.361302,-1.54245
0.087476,0.0738782,0.0331699;-1.59925,0.331455,-1.51231
0.0817746,0.0731653,0.0342359;-1.57749,0.200271,-1.51499
0.0862168,0.069712,0.0332952;-1.52462,0.151695,-1.5581
0.0926454,0.0672818,0.0320419;-1.51538,0.122942,-1.57317
0.0951539,0.0575365,0.0321895;-1.50423,0.213797,-1.59579
0.095986,0.0592214,0.0305277;-1.53787,0.272938,-1.57051
0.0959588,0.0622695,0.0314775;-1.57897,0.321507,-1.53541
0.0881706,0.0640896,0.0348513;-1.56756,0.24324,-1.51432
0.0891938,0.062946,0.035211;-1.52234,0.172255,-1.54159
0.0921073,0.0614136,0.0321577;-1.51376,0.110347,-1.57066
0.0852111,0.0626918,0.030589;-1.52985,-0.0124923,-1.58358
0.0853889,0.0659117,0.0301224;-1.54651,0.0199238,-1.5713
0.0889241,0.0748483,0.0307018;-1.55493,0.097299,-1.55285
0.0931131,0.112811,0.0360984;-1.67425,0.212301,-1.52323
0.0956941,0.111737,0.0404451;-1.75747,0.144058,-1.5382
0.103696,0.0944731,0.0334918;-1.56796,0.0627938,-1.5792
0.114587,0.069629,0.032482;-1.50181,0.190316,-1.60139
0.120821,0.0641147,0.0309774;-1.52886,0.317998,-1.58692
0.12368,0.0643562,0.0315233;-1.52654,0.41461,-1.57705
0.132302,0.0848737,0.0373374;-1.56071,0.575626,-1.50973
0.131058,0.0933001,0.0380884;-1.56579,0.53087,-1.50392
0.133533,0.095197,0.0349933;-1.52058,0.41551,-1.5538
0.130445,0.0977644,0.0345558;-1.4672,0.163782,-1.60341
0.125164,0.103935,0.0353371;-1.47016,0.0526803,-1.60816
0.123459,0.106784,0.032967;-1.51087,0.0649439,-1.58788
0.121333,0.124519,0.0344535;-1.61716,0.312485,-1.50284
0.118054,0.138072,0.0359483;-1.6693,0.294601,-1.50488
0.121791,0.144065,0.0357607;-1.65897,0.290522,-1.52231
0.146641,0.129771,0.0322889;-1.5047,0.414669,-1.59509
0.15143,0.11843,0.0325633;-1.49758,0.454812,-1.60819
0.148615,0.111245,0.0304101;-1.54292,0.449664,-1.57969
0.148615,0.111245,0.0304101;-1.54292,0.449664,-1.57969
0.142346,0.107493,0.0313319;-1.58248,0.442691,-1.5328
0.142346,0.107493,0.0313319;-1.58248,0.442691,-1.5328
