0,0,0.11;-1.57,-2.98023e-08,-1.57
0,0,0.11;-1.57,-2.98023e-08,-1.57
0,0,0.11;-1.57,-2.98023e-08,-1.57
-0.00102575,-0.00308063,0.0286338;-1.56973,-0.226471,-1.56899
-0.000996459,-0.00301756,0.0285783;-1.57095,-0.199937,-1.57071
-0.000456619,-0.000374585,0.029376;-1.58055,-0.139517,-1.58425
-0.00128485,0.0154605,0.0357115;-1.69758,-0.0252581,-1.58965
0.000619251,0.011586,0.0285793;-1.57066,-0.152878,-1.57083
0.000451256,0.0107998,0.0286574;-1.57085,-0.192617,-1.56706
0.000524699,0.00966279,0.0286279;-1.57086,-0.233616,-1.56858
0.000499703,0.00993453,0.0286893;-1.57105,-0.185838,-1.57607
0.00380914,0.0157986,0.0302227;-1.57724,-0.0905082,-1.59503
0.00724459,0.0343396,0.0385788;-1.76483,0.0317271,-1.57393
0.00127207,0.0276425,0.0321486;-1.63577,0.111233,-1.58005
-0.000315912,0.022118,0.0286865;-1.56808,0.117478,-1.57853
-0.00014363,0.0220472,0.0286016;-1.57109,0.0840571,-1.56955
-0.000136549,0.0227082,0.0286489;-1.57076,0.0448541,-1.57399
0.00166512,0.0258986,0.0297422;-1.57111,0.0799309,-1.59151
0.0109053,0.0456215,0.0341727;-1.68001,0.138515,-1.56546
0.0136486,0.0536102,0.0374945;-1.75179,0.141045,-1.55126
0.0138869,0.0512231,0.0339187;-1.68204,0.110414,-1.56397
0.0124113,0.0448321,0.0285948;-1.57292,0.0972225,-1.57416
0.0122888,0.0443501,0.0285798;-1.57081,0.0808527,-1.57084
0.0121571,0.0444835,0.0287651;-1.57087,0.0696539,-1.57972
0.013279,0.0466878,0.0307004;-1.5634,0.078241,-1.60115
0.0207785,0.0597195,0.0341574;-1.56065,0.08704,-1.60977
0.0265881,0.0714207,0.0320601;-1.64794,0.0679351,-1.56642
0.0257557,0.0695376,0.0288695;-1.55843,-0.00016427,-1.5689
0.0245734,0.0685818,0.0286327;-1.56865,-0.062332,-1.57012
0.024687,0.0685874,0.0285802;-1.5707,-0.0673574,-1.57084
0.0274496,0.0718334,0.0318743;-1.60135,-0.0110674,-1.59422
0.0328631,0.0878298,0.0386206;-1.65891,0.0264588,-1.5852
0.0375501,0.102918,0.0339792;-1.67976,0.00893492,-1.57331
0.0370832,0.100517,0.0285775;-1.57064,0.0478319,-1.57073
0.0363384,0.0991532,0.028826;-1.5591,0.022572,-1.57074
0.0362025,0.0992664,0.0286934;-1.56539,0.0250711,-1.57089
0.0330999,0.095421,0.0303395;-1.60538,0.173218,-1.57529
0.0328002,0.0945905,0.0378028;-1.66568,0.305868,-1.57561
0.0359899,0.103236,0.038537;-1.74811,0.320647,-1.54254
0.0387428,0.107247,0.0286519;-1.57037,0.199685,-1.57448
0.0375581,0.106364,0.0289088;-1.55638,0.127663,-1.57064
0.0360666,0.105192,0.0287696;-1.5625,0.0644144,-1.57036
0.0357546,0.104735,0.0292406;-1.59281,0.0828275,-1.57239
0.033552,0.102432,0.0341725;-1.67518,0.131615,-1.55932
0.0292005,0.0991932,0.0420829;-1.81517,0.220643,-1.51651
0.0148347,0.0795129,0.0289746;-1.56087,0.296225,-1.58455
0.0149676,0.079683,0.028576;-1.57091,0.284878,-1.57065
0.0144497,0.0790814,0.0286567;-1.57074,0.244809,-1.56708
0.0141528,0.0792024,0.0288059;-1.57258,0.0958752,-1.57946
0.0170906,0.0809554,0.0317281;-1.63465,0.0776351,-1.57201
0.0227498,0.0847805,0.0388186;-1.75001,0.0935634,-1.54081
0.0253751,0.0836019,0.0287446;-1.56986,0.0657506,-1.57933
0.0255931,0.0838189,0.0285779;-1.57085,0.0550206,-1.5707
0.0258322,0.0843263,0.0286104;-1.57073,0.0575538,-1.56926
0.0259868,0.0843088,0.0287681;-1.57374,0.0373157,-1.57682
0.0279548,0.0863225,0.0315685;-1.63111,0.0255422,-1.57483
0.0323339,0.0902497,0.0383249;-1.7372,0.0285539,-1.54741
0.0341428,0.0817445,0.0292769;-1.59281,-0.0491815,-1.57689
0.0333471,0.0792006,0.0286035;-1.57017,0.00106388,-1.57245
0.034129,0.0797632,0.0286884;-1.56664,0.0685789,-1.56997
0.0338767,0.0791723,0.0286398;-1.57078,0.230057,-1.57367
0.0344673,0.0797075,0.0297182;-1.592,0.236316,-1.58059
0.0397593,0.0854317,0.0360295;-1.70634,0.18878,-1.55804
0.0407926,0.082917,0.0348006;-1.6939,0.0858906,-1.56226
0.0398557,0.0797806,0.0290641;-1.58803,0.0585051,-1.57571
0.0395544,0.0793738,0.0285727;-1.57065,0.0437693,-1.57054
0.0396302,0.0786848,0.0285796;-1.57066,0.141084,-1.57074
0.0391983,0.0777569,0.0287415;-1.57139,0.187976,-1.57769
0.0380334,0.0732502,0.0311705;-1.60237,0.26689,-1.58336
0.0441969,0.0776523,0.0402403;-1.74992,0.158995,-1.56104
0.0453049,0.0791517,0.0370441;-1.73938,0.105245,-1.55494
0.0445815,0.0723026,0.0288094;-1.57105,0.0381874,-1.5834
0.046174,0.0738551,0.0286222;-1.57081,0.107718,-1.56867
0.0464733,0.074157,0.0285535;-1.57163,0.142059,-1.57285
0.046353,0.0750329,0.029042;-1.57601,0.225485,-1.58417
0.0516113,0.0854137,0.0416674;-1.79149,0.320034,-1.53669
0.0534015,0.0887697,0.0383743;-1.76269,0.256827,-1.53287
0.0528979,0.080067,0.0298599;-1.6032,0.173805,-1.5708
0.0528492,0.079512,0.0286423;-1.56986,0.12755,-1.56843
0.0529405,0.0794648,0.0285786;-1.57102,0.148934,-1.57072
0.0521755,0.0796185,0.0290786;-1.59132,0.212319,-1.57067
0.0499114,0.0804471,0.0393872;-1.76893,0.334224,-1.528
0.0480259,0.0797043,0.038659;-1.77066,0.334129,-1.5176
0.0411729,0.0678147,0.0307819;-1.622,0.323788,-1.56291
0.0386368,0.0644481,0.028697;-1.57087,0.255893,-1.56514
0.0386729,0.0649705,0.0285765;-1.57066,0.289065,-1.57084
0.0393009,0.0652476,0.028966;-1.57413,0.312791,-1.58393
0.0553133,0.0892105,0.041292;-1.79997,0.485954,-1.50084
0.0540514,0.0902053,0.0430583;-1.84266,0.497168,-1.47944
0.0432443,0.0766956,0.0313389;-1.62616,0.490893,-1.55844
0.0374375,0.0685743,0.0287073;-1.57189,0.485733,-1.56513
0.0378397,0.0692746,0.028555;-1.57041,0.500359,-1.57276
0.0387567,0.0698549,0.0286923;-1.56857,0.516065,-1.57588
0.062148,0.102497,0.037341;-1.58415,0.657008,-1.59215
0.0699238,0.115674,0.0409959;-1.81766,0.618593,-1.46429
0.0680063,0.1116,0.0344758;-1.67216,0.618591,-1.54016
0.0645496,0.107199,0.0286026;-1.57262,0.542651,-1.56879
0.0640091,0.105577,0.0287164;-1.57595,0.478207,-1.56648
0.0645436,0.105813,0.0285875;-1.57102,0.479035,-1.57123
0.0689606,0.110306,0.0298294;-1.56162,0.484993,-1.59286
0.0959217,0.150401,0.0392865;-1.78357,0.524642,-1.48845
0.100569,0.153458,0.0346665;-1.70754,0.445457,-1.5172
0.101157,0.149684,0.028635;-1.56946,0.373059,-1.57501
0.100267,0.148721,0.0286231;-1.57126,0.328994,-1.56831
0.10017,0.148959,0.0285791;-1.5709,0.348618,-1.57068
0.0998996,0.147616,0.0288724;-1.57268,0.430153,-1.5824
0.114737,0.162443,0.0409065;-1.61722,0.628626,-1.57905
0.121064,0.180529,0.0377852;-1.72982,0.628003,-1.51047
0.117256,0.177815,0.0287836;-1.57227,0.624467,-1.57826
0.115982,0.176184,0.0286398;-1.57098,0.574738,-1.56799
0.115964,0.176404,0.0285776;-1.57114,0.592226,-1.57076
0.11591,0.175623,0.0289449;-1.56566,0.630554,-1.58726
0.131195,0.177602,0.0390739;-1.31899,0.814543,-1.76122
0.127061,0.172907,0.0364129;-1.49409,0.805555,-1.6465
0.120624,0.166479,0.0290222;-1.55337,0.786785,-1.59055
0.12008,0.16607,0.0287959;-1.58265,0.689705,-1.56201
0.119827,0.165715,0.0286049;-1.57099,0.679223,-1.56943
0.120175,0.165723,0.0286507;-1.56987,0.691045,-1.57405
0.129172,0.169605,0.0376081;-1.39165,0.710214,-1.72378
0.130976,0.166851,0.0376234;-1.36102,0.771345,-1.74437
0.127698,0.162417,0.0317973;-1.48003,0.822565,-1.64639
0.12692,0.16093,0.029032;-1.59972,0.805932,-1.55209
0.127853,0.159451,0.0288244;-1.58629,0.709362,-1.56095
0.128022,0.159007,0.0285771;-1.57083,0.692806,-1.57096
0.133346,0.167111,0.0336253;-1.50486,0.602831,-1.64836
0.144952,0.171175,0.0396431;-1.40704,0.645261,-1.73409
0.152693,0.174945,0.0363367;-1.44195,0.716198,-1.69932
0.15292,0.179488,0.0285476;-1.57094,0.57857,-1.56953
0.152493,0.179589,0.0286865;-1.57095,0.593224,-1.5655
0.152468,0.179703,0.0287081;-1.57485,0.592459,-1.56576
0.153506,0.178536,0.0304191;-1.55107,0.668835,-1.60757
0.158613,0.178828,0.0358294;-1.45285,0.710634,-1.6909
0.161737,0.177585,0.0376813;-1.40564,0.750842,-1.72914
0.152608,0.174949,0.028794;-1.57145,0.720119,-1.5813
0.152511,0.174522,0.0288402;-1.58887,0.695466,-1.55893
0.152315,0.174161,0.0287925;-1.58237,0.6914,-1.5623
0.153586,0.172903,0.0293234;-1.54311,0.756948,-1.59632
0.155563,0.175309,0.0334771;-1.44782,0.73468,-1.66409
0.15906,0.180216,0.0381389;-1.35981,0.698337,-1.73273
0.15646,0.178557,0.0293087;-1.54306,0.724456,-1.59531
0.156487,0.179776,0.0285656;-1.57106,0.671674,-1.57042
0.156391,0.179744,0.0288522;-1.58742,0.666393,-1.56042
0.156885,0.177615,0.0291646;-1.54651,0.742908,-1.59301
0.160468,0.177684,0.0327221;-1.45911,0.777687,-1.65803
0.16285,0.18119,0.0371318;-1.36285,0.741998,-1.72754
0.159962,0.184245,0.0295292;-1.5404,0.705032,-1.59744
0.160448,0.185718,0.0285765;-1.57145,0.652771,-1.57083
0.160969,0.18575,0.028811;-1.58309,0.624325,-1.56269
0.161148,0.185494,0.0288302;-1.56519,0.622602,-1.58144
0.162964,0.185452,0.0318969;-1.51163,0.638094,-1.62589
0.169977,0.189871,0.0372333;-1.42175,0.64988,-1.69735
0.168187,0.196354,0.0308248;-1.54044,0.567064,-1.60949
0.167475,0.196274,0.0287422;-1.5707,0.566951,-1.57858
0.167583,0.196167,0.0288451;-1.58488,0.550682,-1.56288
0.167593,0.196074,0.0285779;-1.57106,0.575101,-1.57055
0.168314,0.196658,0.0290647;-1.56237,0.576474,-1.58534
0.172164,0.197832,0.0333623;-1.50369,0.590358,-1.63206
0.165591,0.181102,0.033222;-1.45981,0.640233,-1.65948
0.161221,0.175798,0.0290057;-1.55543,0.653901,-1.58827
0.161351,0.175735,0.0285702;-1.5709,0.630433,-1.5701
0.1615,0.175496,0.0286097;-1.57251,0.592611,-1.56981
0.161875,0.175921,0.0286333;-1.56896,0.597537,-1.57314
0.163169,0.178887,0.0316183;-1.50951,0.566571,-1.61345
0.164284,0.183342,0.0365482;-1.45083,0.489907,-1.67075
0.160214,0.183067,0.0319909;-1.52654,0.443698,-1.61815
0.159027,0.184579,0.0288337;-1.57054,0.396845,-1.58305
0.159582,0.185655,0.0286355;-1.57095,0.440323,-1.56801
0.159685,0.18585,0.0285787;-1.57076,0.455215,-1.57082
0.161642,0.187338,0.0290148;-1.5663,0.489677,-1.58479
0.187208,0.215571,0.0419406;-1.85708,0.480275,-1.45395
0.190098,0.217175,0.0409979;-1.84825,0.423851,-1.4579
0.18448,0.207274,0.0289697;-1.56346,0.369775,-1.58843
0.184014,0.207352,0.0286531;-1.5708,0.355302,-1.5672
0.183993,0.20758,0.0285707;-1.57109,0.364248,-1.5717
0.184383,0.207305,0.0288932;-1.5709,0.422346,-1.58544
0.203802,0.238152,0.0392533;-1.76383,0.545003,-1.50621
0.210054,0.245444,0.0367692;-1.74903,0.464646,-1.49982
0.210494,0.239913,0.0293468;-1.59721,0.408594,-1.56518
0.208957,0.238245,0.028627;-1.57144,0.315484,-1.56781
0.209113,0.238409,0.0285792;-1.57092,0.346842,-1.57058
0.208801,0.237693,0.028899;-1.57188,0.436729,-1.58458
0.208801,0.237693,0.028899;-1.57188,0.436729,-1.58458
0.215703,0.243053,0.0310323;-1.59116,0.561679,-1.58449
0.215703,0.243053,0.0310323;-1.59116,0.561679,-1.58449
