0,0,0.11;-1.57,-2.98023e-08,-1.57
0,0,0.11;-1.57,-2.98023e-08,-1.57
0,0,0.11;-1.57,-2.98023e-08,-1.57
-0.000644148,-0.000332395,0.0285799;-1.57084,-0.261919,-1.57088
0.000507651,0.00105016,0.0285794;-1.5707,-0.134389,-1.57106
0.0019673,0.00375932,0.0291337;-1.56555,0.0136142,-1.57057
0.00167807,-0.000587723,0.030248;-1.56407,0.155789,-1.58364
0.000159075,-0.00137529,0.0288883;-1.57194,-0.104256,-1.58503
0.00245855,0.00276082,0.0291346;-1.59525,-0.238552,-1.5799
0.00359513,0.00468968,0.0291217;-1.59544,-0.293036,-1.58082
0.0030645,0.00334505,0.0285801;-1.57081,-0.1444,-1.57073
0.00532808,0.00547009,0.0289635;-1.56527,0.000117958,-1.5693
0.00578009,0.0110537,0.0303723;-1.58087,0.189721,-1.56483
0.00721079,0.00894318,0.0292132;-1.56506,0.0788831,-1.57374
0.00635129,0.00649882,0.02858;-1.5708,-0.0171472,-1.5708
0.00526384,0.00567034,0.0286002;-1.57148,-0.0996016,-1.56966
0.00581635,0.00752055,0.0286372;-1.57088,-0.0144624,-1.56805
0.00781199,0.0100524,0.0287655;-1.56374,0.0920371,-1.56916
0.010897,0.0158044,0.0312565;-1.55043,0.232602,-1.58913
0.0148758,0.0281098,0.0382513;-1.67713,0.264725,-1.59163
0.0153358,0.0306354,0.0331255;-1.63433,0.116956,-1.58137
0.0160275,0.0312723,0.028853;-1.5707,-0.028676,-1.58478
0.0165365,0.0323497,0.0285831;-1.571,-0.0846757,-1.57053
0.0186957,0.0349086,0.0286649;-1.57087,0.0400111,-1.56671
0.0211103,0.037852,0.0290409;-1.56547,0.203812,-1.56822
0.0214181,0.0374859,0.0294791;-1.56385,0.322644,-1.57302
0.0212274,0.0341851,0.0291786;-1.5596,0.270503,-1.58002
0.019954,0.0390073,0.0285843;-1.57092,-0.00364176,-1.57178
0.0209898,0.0397099,0.028802;-1.58069,-0.0374461,-1.57232
0.019616,0.0377051,0.0287978;-1.57206,0.0536918,-1.58242
0.0175017,0.039895,0.032704;-1.64082,0.362484,-1.55768
0.0178531,0.0446734,0.0365407;-1.7179,0.510932,-1.52359
0.0159726,0.0323914,0.0350338;-1.65964,0.515555,-1.55401
0.00935905,0.0184242,0.0286139;-1.57069,0.386894,-1.57245
0.00987873,0.0183331,0.0285983;-1.57091,0.326257,-1.56987
0.0102395,0.0192699,0.0286404;-1.57091,0.366438,-1.56773
0.0160788,0.0232905,0.0289667;-1.56531,0.57314,-1.57117
0.0200605,0.0293628,0.0303516;-1.58071,0.755342,-1.55946
0.0201193,0.0276934,0.0339002;-1.65484,0.818758,-1.53386
0.0192723,0.0244006,0.0294356;-1.57189,0.597273,-1.59219
0.0219782,0.0261883,0.0291878;-1.59292,0.532143,-1.56973
0.0247776,0.0275963,0.0291768;-1.59925,0.475694,-1.5616
0.0232882,0.026023,0.0287317;-1.56204,0.63878,-1.57611
0.0293388,0.0289092,0.0306137;-1.52607,0.743956,-1.59758
0.0405085,0.0426457,0.0353382;-1.43466,0.827758,-1.64945
0.0486951,0.0502011,0.0287072;-1.57024,0.556085,-1.57673
0.0505592,0.052593,0.0285775;-1.5708,0.389908,-1.57072
0.051111,0.0513957,0.0285849;-1.57085,0.307041,-1.57052
0.0565133,0.0541641,0.0286725;-1.57082,0.546072,-1.56635
0.0591315,0.0565351,0.0292005;-1.57413,0.722051,-1.56988
0.0586774,0.0586291,0.0355316;-1.71877,0.906015,-1.4849
0.0488965,0.0367259,0.0310868;-1.53884,0.791078,-1.63159
0.0484247,0.0431268,0.0289037;-1.57278,0.639685,-1.583
0.0518935,0.0447974,0.0285733;-1.57023,0.510532,-1.57097
0.0539742,0.0461965,0.0286999;-1.56794,0.58021,-1.56899
0.0581721,0.050079,0.0291483;-1.56702,0.695132,-1.56554
0.0595374,0.0588277,0.031724;-1.59771,0.8665,-1.5314
0.0476626,0.0387671,0.0290074;-1.56119,0.914909,-1.59299
0.0424584,0.0348314,0.0289988;-1.55765,0.87957,-1.59266
0.0424272,0.0349994,0.0287657;-1.57559,0.86406,-1.57276
0.0427147,0.0351074,0.0290591;-1.59911,0.89576,-1.55412
0.0406081,0.0348252,0.0292887;-1.57591,1.01398,-1.57835
0.0514229,0.0376652,0.0322023;-1.58057,1.1473,-1.58322
0.0576521,0.0384504,0.0313498;-1.67316,1.22568,-1.49065
0.0529499,0.0361942,0.0287848;-1.56779,1.12812,-1.58205
0.0532443,0.0375664,0.0286745;-1.57051,1.04668,-1.57544
0.0532157,0.0377725,0.0286082;-1.57115,1.03243,-1.56899
0.0559781,0.0369124,0.0286542;-1.56292,1.14006,-1.57774
0.0609987,0.0357386,0.0289318;-1.54311,1.26323,-1.59258
0.0814424,0.0379825,0.0324351;-1.32345,1.42171,-1.82164
0.0850437,0.0363485,0.0343188;-1.69762,1.31489,-1.48759
0.0886872,0.0354404,0.0314921;-1.57497,1.12465,-1.61231
0.10751,0.0363785,0.0291786;-1.60862,0.885508,-1.54669
0.104109,0.03627,0.0285707;-1.56834,1.0126,-1.57364
0.107963,0.0349035,0.0287137;-1.56799,1.16944,-1.56802
0.117521,0.0456178,0.0330972;-2.10433,1.46875,-1.0324
0.112962,0.0416115,0.0363972;-2.42772,1.41115,-0.748147
0.087162,0.0265701,0.0294651;-1.36916,1.42872,-1.78439
0.0872118,0.0292663,0.0286762;-1.57527,1.20965,-1.56975
0.0880258,0.0291155,0.0285756;-1.57148,1.23131,-1.5701
0.0896665,0.0285866,0.028712;-1.54907,1.30407,-1.59263
0.102627,0.0347499,0.0376083;2.97432,1.40999,0.147555
0.0969471,0.0341628,0.0394519;2.9896,1.39975,0.117951
0.0796396,0.0278688,0.0345888;-2.40283,1.51474,-0.788919
0.0720872,0.0281105,0.0286261;-1.57068,1.4091,-1.57302
0.0726092,0.0279737,0.0285785;-1.56817,1.50102,-1.5734
0.0740489,0.0275741,0.0286936;-1.54943,1.5435,-1.58728
0.105599,0.0260519,0.0309773;1.54897,1.45976,1.61083
0.118843,0.0238851,0.0353345;2.61076,1.43051,0.520551
0.118525,0.0180334,0.0291005;1.99872,1.56643,1.12801
0.121679,0.0173793,0.0292082;-1.67982,1.37975,-1.47341
0.120086,0.0181202,0.0291679;-1.71453,1.43107,-1.43704
0.11712,0.0189016,0.028968;-1.60998,1.49443,-1.54715
0.12186,0.0179546,0.030346;1.58629,1.3733,1.55331
0.127258,0.0167911,0.029816;1.61212,1.35335,1.52636
0.12675,0.0160444,0.0293136;1.52476,1.32371,1.61173
0.128974,0.0169182,0.0288761;1.58317,1.50484,1.54529
0.137366,0.012818,0.0287379;-1.60637,1.35868,-1.53567
0.137918,0.0124503,0.0285849;-1.56965,1.40039,-1.57187
0.141561,0.0110386,0.028758;-1.50941,1.5015,-1.6273
0.154725,0.0156676,0.0344176;1.97069,1.3139,1.16481
0.145474,0.0122943,0.0365034;2.01805,1.33702,1.09073
0.118958,0.00675423,0.0318526;1.43497,1.41218,1.65121
0.121004,0.0115219,0.0319105;-1.88953,1.49319,-1.29075
0.123246,0.0104512,0.0287916;-1.56984,1.50258,-1.58167
0.124579,0.00966887,0.028652;-1.55508,1.54375,-1.5832
0.144947,0.00980368,0.0314929;1.66095,1.33368,1.49398
0.14585,0.00717034,0.0324189;1.86454,1.35249,1.27149
0.132772,0.00292272,0.029433;1.53932,1.40062,1.57821
0.119668,0.00948714,0.028876;1.58653,1.35976,1.54473
0.11259,0.0109122,0.0287295;1.56925,1.16599,1.56452
0.109777,0.00968988,0.0287528;1.56488,1.04824,1.56994
0.133585,-0.00637767,0.0339538;1.61044,0.881899,1.52042
0.149962,-0.017643,0.0380081;1.81359,0.896321,1.34715
0.143489,-0.0179144,0.0333221;1.64735,0.988597,1.46633
0.147591,-0.0316608,0.0297539;1.63578,1.2235,1.49482
0.147788,-0.0308487,0.0290072;1.61043,1.20661,1.5273
0.145175,-0.0293136,0.0287012;1.56687,1.09527,1.56887
0.152503,-0.0405145,0.0303536;1.55733,0.863372,1.59891
0.159134,-0.044242,0.0303881;1.58136,0.781258,1.57434
0.155514,-0.0452281,0.0293437;1.55161,0.777752,1.58105
0.161179,-0.0507295,0.0321224;1.5842,0.946687,1.51026
0.170703,-0.0582089,0.0341447;1.64257,1.10718,1.44645
0.173587,-0.0611601,0.0314662;1.68221,1.12236,1.45232
0.182993,-0.0675126,0.0293614;1.57097,0.951397,1.56734
0.193673,-0.0721814,0.0329261;1.66539,0.801949,1.50026
0.195521,-0.0731869,0.0318838;1.65234,0.764858,1.50567
0.168961,-0.0621523,0.0291576;1.56436,0.716901,1.55536
0.164949,-0.0567694,0.0291672;1.56464,0.664739,1.56174
0.165071,-0.0559734,0.0287711;1.56879,0.651716,1.56445
0.168554,-0.0622557,0.028885;1.55711,0.634744,1.58321
0.180108,-0.0800107,0.0296633;1.55901,0.542416,1.58624
0.189738,-0.092987,0.0332253;1.6605,0.483454,1.51934
0.179327,-0.0926962,0.0343776;1.63576,0.628474,1.48356
0.176402,-0.0917288,0.0336199;1.60086,0.710406,1.4883
0.177669,-0.0915276,0.0339096;1.63121,0.718734,1.48103
0.169225,-0.0782095,0.0289375;1.55436,0.415441,1.57549
0.172256,-0.0872838,0.0293567;1.55846,0.343619,1.58243
0.185815,-0.110069,0.0319401;1.54609,0.31273,1.6033
0.188482,-0.124946,0.0289543;1.56155,0.458249,1.56412
0.189717,-0.126989,0.0290665;1.57104,0.552574,1.55416
0.189198,-0.13551,0.0294113;1.59193,0.657356,1.54381
0.189863,-0.131027,0.0294388;1.56908,0.538452,1.55188
0.186352,-0.132056,0.0308847;1.55685,0.381808,1.55605
0.188049,-0.14311,0.0322782;1.60132,0.247404,1.55428
0.186259,-0.145288,0.0293756;1.55679,0.263144,1.54971
0.186199,-0.146266,0.0293079;1.5676,0.308361,1.55204
0.189081,-0.153294,0.0299058;1.57238,0.428981,1.54501
0.197872,-0.161488,0.0288007;1.56488,0.613973,1.56849
0.202156,-0.168957,0.0293687;1.55407,0.614489,1.58223
0.210885,-0.182987,0.0316483;1.53543,0.518345,1.60793
0.219238,-0.195802,0.0290464;1.56422,0.502535,1.57077
0.216939,-0.192773,0.0289997;1.57284,0.4958,1.55127
0.213282,-0.18641,0.031303;1.58525,0.454121,1.52524
0.211761,-0.172728,0.0317391;1.5712,0.316603,1.52017
0.212724,-0.173393,0.0307287;1.55889,0.269821,1.54473
0.216555,-0.188237,0.0307171;1.55398,0.203859,1.56532
0.228625,-0.228113,0.0294789;1.57523,0.201022,1.57621
0.22491,-0.223594,0.028744;1.56775,0.282578,1.56665
0.224419,-0.222442,0.0288634;1.57531,0.314322,1.55633
0.229329,-0.208682,0.0301522;1.57915,0.178688,1.54463
0.227837,-0.201458,0.0291852;1.55522,0.0652872,1.55947
0.223374,-0.201811,0.029581;1.55125,-0.0606099,1.56917
0.224748,-0.235238,0.0306213;1.58376,-0.156912,1.57478
0.222276,-0.243545,0.0334648;1.63724,-0.0739534,1.54917
0.219581,-0.239918,0.0308685;1.56579,0.0296457,1.52947
0.20969,-0.262622,0.0324795;1.63419,0.311779,1.52564
0.212124,-0.262558,0.0299499;1.57986,0.291411,1.54505
0.210892,-0.261031,0.0289137;1.55937,0.191672,1.56836
0.212272,-0.277798,0.0324874;1.54037,-0.0363619,1.60122
0.213731,-0.291845,0.0288673;1.56895,0.0354395,1.57268
0.212102,-0.289701,0.0289447;1.55886,0.0491304,1.5659
0.212923,-0.290794,0.0296695;1.56354,0.10711,1.55097
0.216758,-0.295488,0.0310993;1.56826,0.134416,1.5309
0.220019,-0.303727,0.0300555;1.56365,0.186111,1.54517
0.226643,-0.349884,0.0327895;1.61005,0.126443,1.55941
0.230567,-0.368465,0.0338535;1.67442,0.134251,1.54803
0.229672,-0.363658,0.0293764;1.58263,0.145467,1.55558
0.227911,-0.351773,0.0292477;1.57536,0.0759687,1.55466
0.222461,-0.338527,0.0292657;1.56341,-0.0981821,1.55441
0.219497,-0.333281,0.0293564;1.5483,-0.179262,1.55689
0.219497,-0.333281,0.0293564;1.5483,-0.179262,1.55689
0.220064,-0.338781,0.0305546;1.53069,-0.181432,1.56281
0.220064,-0.338781,0.0305546;1.53069,-0.181432,1.56281
