0,0,0.11;-1.57,-2.98023e-08,-1.57
0,0,0.11;-1.57,-2.98023e-08,-1.57
0,0,0.11;-1.57,-2.98023e-08,-1.57
-0.000642285,0.0013447,0.028591;-1.57184,-0.259144,-1.57112
-0.000599145,0.00153572,0.0286226;-1.57086,-0.272111,-1.56862
-0.000442291,0.00201716,0.0288009;-1.56924,-0.267205,-1.56128
-0.000391197,0.00452519,0.0295818;-1.56582,-0.259333,-1.54803
-5.53901e-05,0.00233517,0.0303006;-1.56607,-0.321901,-1.53969
-0.000233266,-0.000956147,0.0290625;-1.56057,-0.38042,-1.55322
-0.000436786,-0.00203756,0.0287483;-1.56901,-0.412906,-1.56367
-0.000836312,-0.000901472,0.0290822;-1.59497,-0.339576,-1.58066
-0.00072685,0.000230505,0.0292807;-1.59894,-0.321252,-1.5804
-0.00110319,0.00369885,0.0329273;-1.63988,-0.282238,-1.57182
-0.00264042,0.00928031,0.0382771;-1.70997,-0.229894,-1.56013
-0.00176236,0.00840653,0.0391015;-1.73025,-0.238778,-1.57034
-0.000853888,0.00531987,0.0392601;-1.73377,-0.273822,-1.57664
0.00051859,-0.00106512,0.0333128;-1.67414,-0.268386,-1.60242
-0.00177362,-0.0057379,0.0335126;-1.67374,-0.190195,-1.59856
-0.00378261,-0.0103214,0.0324767;-1.62276,-0.138334,-1.61031
-0.00723044,-0.0151119,0.0310188;-1.61624,-0.0713914,-1.58973
-0.00822251,-0.0156539,0.030974;-1.62607,-0.0732947,-1.58119
-0.00817266,-0.018618,0.0301028;-1.60949,-0.0935213,-1.57808
-0.0114881,-0.0316637,0.0293837;-1.57273,-0.203791,-1.55856
-0.00983824,-0.0335095,0.028976;-1.56406,-0.152727,-1.5574
-0.00858204,-0.0314342,0.0286812;-1.57091,-0.0720626,-1.56588
-0.00774917,-0.0295735,0.0287002;-1.57101,0.0128627,-1.56494
-0.0077244,-0.0297273,0.0286851;-1.57097,0.00788783,-1.56595
-0.00557494,-0.0395754,0.0303446;-1.58232,-0.131991,-1.54535
-0.00630037,-0.0434515,0.0312537;-1.57305,-0.178026,-1.52944
-0.00686188,-0.0422809,0.0324501;-1.56741,-0.170482,-1.51119
-0.00263852,-0.0408357,0.0296856;-1.57107,-0.122579,-1.5518
-0.00161473,-0.041144,0.0287012;-1.57631,-0.129179,-1.57131
-0.00156053,-0.0410518,0.0288989;-1.57061,-0.160403,-1.58603
-0.00298444,-0.0369477,0.0306736;-1.58163,-0.253896,-1.60428
-0.00341388,-0.0354721,0.0308474;-1.57175,-0.29598,-1.60885
-0.00521061,-0.0324957,0.031309;-1.56568,-0.345184,-1.61222
-0.00572823,-0.0279699,0.032259;-1.54729,-0.259199,-1.60156
-0.00394633,-0.0302613,0.0327194;-1.54168,-0.226141,-1.60388
-0.00079918,-0.0324276,0.0332204;-1.54261,-0.220407,-1.61306
-0.00300156,-0.0284866,0.0325335;-1.55618,-0.313496,-1.62369
-0.00639887,-0.0231865,0.0330338;-1.5653,-0.404152,-1.62887
-0.00865338,-0.0165442,0.0319014;-1.56262,-0.439731,-1.61608
-0.0127575,0.00290373,0.0318417;-1.6212,-0.345972,-1.58637
-0.0176371,0.008615,0.0344348;-1.65236,-0.238812,-1.57311
-0.023318,0.0142021,0.0358957;-1.66519,-0.13565,-1.55577
-0.0200416,0.00892971,0.0312053;-1.59059,-0.126879,-1.55476
-0.0182604,0.00617148,0.0290755;-1.56343,-0.15604,-1.57141
-0.0191301,0.00706447,0.0290445;-1.55903,-0.165672,-1.57935
-0.019661,0.0114627,0.0292425;-1.55445,-0.164675,-1.58432
-0.0200768,0.0124014,0.0291158;-1.56219,-0.158594,-1.58688
-0.0194139,0.0116143,0.029496;-1.55976,-0.118747,-1.58391
-0.018227,-0.00067954,0.0304985;-1.56088,-0.0488427,-1.58251
-0.012821,-0.00716496,0.0311784;-1.57461,-0.119519,-1.5983
-0.0112729,-0.0116049,0.0307823;-1.57519,-0.211753,-1.59818
-0.00870643,-0.0158424,0.0329867;-1.5942,-0.230895,-1.6283
-0.00812407,-0.0190789,0.0340865;-1.61182,-0.194307,-1.63534
-0.00777065,-0.0191546,0.0352739;-1.63047,-0.196617,-1.63977
-0.00271612,-0.0265765,0.0391282;-1.72238,-0.148207,-1.62723
-0.00419862,-0.0305428,0.0387808;-1.75824,-0.227234,-1.60577
-0.00618709,-0.0334541,0.0394665;-1.76103,-0.290457,-1.60149
-0.00559276,-0.0375564,0.0371784;-1.73628,-0.382876,-1.61774
-0.0042703,-0.0400315,0.0331943;-1.66958,-0.40077,-1.6034
-0.00377333,-0.0412177,0.0293596;-1.60179,-0.401664,-1.58371
-0.00450391,-0.0438653,0.028905;-1.58072,-0.337498,-1.58022
-0.00423208,-0.0444598,0.028655;-1.5744,-0.365447,-1.57171
-0.00379985,-0.0456836,0.0287031;-1.57087,-0.403926,-1.56486
-0.00473821,-0.0465281,0.0291609;-1.56942,-0.431728,-1.55608
-0.00383365,-0.0440529,0.0290162;-1.56878,-0.410369,-1.55919
-0.00301946,-0.0408404,0.0288661;-1.56676,-0.371942,-1.55936
-0.00177014,-0.035982,0.028582;-1.57091,-0.226923,-1.57061
-0.00179238,-0.0359223,0.0286178;-1.57086,-0.22484,-1.57262
-0.00185668,-0.0358666,0.0286574;-1.57083,-0.238409,-1.57447
-0.00218299,-0.03489,0.0289784;-1.58436,-0.264375,-1.56771
-0.00445633,-0.0322252,0.0306797;-1.60546,-0.220311,-1.56684
-0.00810773,-0.0245313,0.0342968;-1.65499,-0.13963,-1.55848
-0.00940406,-0.0121486,0.0359462;-1.70151,-0.0212958,-1.56469
-0.00482426,-0.0086208,0.0351202;-1.69845,-0.0250528,-1.58112
-0.00243065,-0.00741569,0.0353393;-1.69235,-0.0569335,-1.59315
-0.00172076,-0.00971462,0.0324339;-1.62156,-0.0288334,-1.60151
-0.00310467,-0.0162717,0.030465;-1.57381,0.0451697,-1.60303
-0.00170856,-0.0156779,0.0295868;-1.56971,0.0994152,-1.58639
-0.00116092,-0.00893078,0.0297756;-1.57573,0.286387,-1.56942
-0.00123554,-0.0103945,0.0293463;-1.57836,0.322082,-1.56513
-0.00161804,-0.0119884,0.0290854;-1.58033,0.317716,-1.56593
-0.00262494,-0.0141325,0.0285797;-1.57058,0.238742,-1.57108
-0.00261763,-0.0141212,0.0285815;-1.57107,0.232948,-1.57068
-0.0025647,-0.014236,0.02858;-1.57083,0.2158,-1.57079
-0.00199255,-0.0123498,0.0290051;-1.57492,0.243134,-1.55678
-0.00207003,-0.00904977,0.0303471;-1.57603,0.287147,-1.53964
-0.0025697,-0.00739198,0.0328046;-1.58174,0.319237,-1.5084
-0.00600679,-0.0171497,0.0303785;-1.57156,0.213785,-1.5392
-0.00763495,-0.0212761,0.0289687;-1.57481,0.13708,-1.55889
-0.00788032,-0.0223732,0.0287958;-1.57608,0.106773,-1.56488
-0.00621645,-0.0214722,0.0289939;-1.59129,0.0639747,-1.57357
-0.00556079,-0.0211899,0.0290773;-1.59562,0.0599985,-1.57431
-0.00607301,-0.0210775,0.0295456;-1.60186,0.0740104,-1.57072
-0.00554697,-0.0199438,0.0342484;-1.67178,0.0399053,-1.55483
-0.00163172,-0.0193827,0.0338726;-1.66843,-0.0653321,-1.56847
0.00446758,-0.0157914,0.0323732;-1.64826,-0.0906872,-1.57934
0.00923431,-0.0105724,0.0324459;-1.6535,-0.069007,-1.58077
0.0058671,-0.0130781,0.0325117;-1.59535,0.00755696,-1.61699
0.00414559,-0.0161932,0.0314228;-1.59381,0.0455572,-1.60313
0.00385372,-0.019898,0.0306776;-1.61122,0.0668129,-1.57918
0.00212372,-0.0249699,0.0315456;-1.60418,0.0194247,-1.55306
0.000660606,-0.0237842,0.0326668;-1.58597,0.000669301,-1.52458
0.000591579,-0.0185073,0.0325862;-1.5803,-0.0018186,-1.52479
-0.00218005,-0.0054646,0.0298518;-1.57769,0.0643774,-1.56076
-0.00134268,-0.00517147,0.0293129;-1.57119,0.076303,-1.57095
-0.000138362,-0.00742898,0.0291841;-1.56887,0.079287,-1.57354
0.000569872,-0.0165579,0.029067;-1.5526,0.0969075,-1.5775
-0.000730666,-0.0184254,0.0298248;-1.53949,0.0746269,-1.57457
-0.00203923,-0.0183347,0.0315264;-1.5063,0.0699086,-1.57363
-0.00256036,-0.0128408,0.0350881;-1.45577,0.111979,-1.5692
-0.00514065,-0.00579178,0.0303234;-1.56262,0.190487,-1.55109
-0.00737909,-0.00589597,0.0318294;-1.58602,0.226228,-1.52811
0.00424243,-0.0302399,0.0309873;-1.55322,0.235229,-1.54939
0.00379709,-0.0356813,0.0296296;-1.55839,0.17018,-1.56257
0.00219711,-0.0364809,0.0294881;-1.54691,0.127587,-1.57173
0.00300755,-0.0327504,0.029085;-1.54881,0.153004,-1.57107
0.00368355,-0.0303276,0.0292951;-1.56111,0.206084,-1.56482
0.00292101,-0.0280032,0.0294272;-1.57495,0.255772,-1.55746
0.00364826,-0.0301859,0.0287572;-1.57085,0.276675,-1.56221
0.00354186,-0.0308601,0.0290143;-1.57862,0.263505,-1.55516
0.00286755,-0.0323287,0.0289944;-1.5782,0.233826,-1.55559
0.00197895,-0.0304575,0.030067;-1.56692,0.244925,-1.54494
0.00177805,-0.0268691,0.0312656;-1.56387,0.274304,-1.5322
-0.00033709,-0.0249509,0.0326026;-1.57364,0.306365,-1.51313
0.00624539,-0.0268423,0.0336436;-1.58202,0.295537,-1.50408
0.0116926,-0.0339631,0.0304732;-1.56946,0.250192,-1.54133
0.00855622,-0.0419123,0.0290055;-1.56828,0.151412,-1.56005
0.00958256,-0.0414359,0.0288345;-1.56681,0.192641,-1.56322
0.0126338,-0.0371894,0.0290582;-1.55893,0.298318,-1.56205
0.015571,-0.0306753,0.0294326;-1.56099,0.397073,-1.5587
0.011135,-0.0345433,0.0337387;-1.56422,0.347251,-1.50461
0.00877337,-0.0393854,0.0353808;-1.56109,0.282732,-1.48366
0.0118397,-0.04402,0.0347372;-1.5832,0.235204,-1.48952
0.0142692,-0.0481317,0.0318549;-1.59652,0.169148,-1.53114
0.0149054,-0.0468745,0.0300382;-1.60324,0.182136,-1.55645
0.0157269,-0.0463609,0.0299158;-1.60983,0.179499,-1.56047
0.018381,-0.0504513,0.0319388;-1.61219,0.128017,-1.53883
0.0194846,-0.0551441,0.0326049;-1.60091,0.0760848,-1.5275
0.0169669,-0.058613,0.0326665;-1.58587,0.0483603,-1.51899
0.0161062,-0.0640824,0.0331181;-1.56552,-0.0353065,-1.51168
0.0181192,-0.0599303,0.0307144;-1.56083,0.0254724,-1.53877
0.0203222,-0.0530822,0.0290525;-1.56245,0.117505,-1.55716
0.0219773,-0.0515628,0.0289643;-1.56294,0.194141,-1.56154
0.0204901,-0.0545954,0.028967;-1.56826,0.150518,-1.55528
0.0183455,-0.0612233,0.0304896;-1.56695,0.0791191,-1.53947
0.00976736,-0.0721719,0.0329244;-1.5518,-0.0420973,-1.5134
0.011497,-0.0686668,0.034715;-1.54967,0.00275332,-1.49648
0.0177873,-0.0605469,0.034924;-1.55603,0.0958107,-1.49347
0.0228132,-0.0470387,0.0327277;-1.57181,0.234269,-1.51054
0.0225117,-0.0478806,0.0319711;-1.57621,0.254808,-1.51955
0.0225531,-0.051296,0.0320453;-1.57758,0.241915,-1.51888
0.0215163,-0.0555826,0.0333258;-1.5772,0.2318,-1.50228
0.0193337,-0.0542291,0.0340216;-1.56786,0.223654,-1.49585
0.0175416,-0.0538018,0.0346713;-1.56223,0.232092,-1.49166
0.0204534,-0.0414668,0.0341967;-1.60897,0.325015,-1.50025
0.0196306,-0.039249,0.0316524;-1.61193,0.357865,-1.5307
0.0201501,-0.0429943,0.0293353;-1.5982,0.341418,-1.55543
0.0192939,-0.0470962,0.0289073;-1.58782,0.348836,-1.56523
0.0179151,-0.0481718,0.0292453;-1.58055,0.354169,-1.56084
0.0159171,-0.0485169,0.0325543;-1.53439,0.352394,-1.55078
0.0121759,-0.0432598,0.0369388;-1.4691,0.37603,-1.54516
0.00978964,-0.0419765,0.0360212;-1.53099,0.385909,-1.50429
0.00576992,-0.0490023,0.0379495;-1.50137,0.406096,-1.50017
0.00813989,-0.0674275,0.0348517;-1.53295,0.332917,-1.51011
0.00584586,-0.0673928,0.0352874;-1.52279,0.300855,-1.50716
0.00899419,-0.0632185,0.0358561;-1.51579,0.352549,-1.50802
0.0153842,-0.0462641,0.0357693;-1.52959,0.445202,-1.50472
0.022551,-0.033413,0.0328017;-1.58797,0.504132,-1.50822
0.0246566,-0.0295083,0.0313738;-1.58713,0.528578,-1.52623
0.0191288,-0.043601,0.0342425;-1.57349,0.46139,-1.49598
0.0185766,-0.0585866,0.0325138;-1.54715,0.393717,-1.52833
0.018455,-0.0610668,0.0314083;-1.55082,0.360243,-1.54329
0.0243821,-0.0494515,0.0301846;-1.58341,0.470884,-1.54428
0.0253982,-0.0444988,0.0317011;-1.61103,0.498622,-1.52619
0.0247627,-0.0433317,0.0338268;-1.64669,0.499383,-1.50458
0.0252366,-0.0532511,0.0427281;-1.7568,0.356416,-1.43498
0.029544,-0.0590222,0.0464053;-1.79204,0.277788,-1.4164
0.0354957,-0.0620037,0.0453696;-1.77754,0.260066,-1.43784
0.0354957,-0.0620037,0.0453696;-1.77754,0.260066,-1.43784
0.0404614,-0.055554,0.0409233;-1.7424,0.278375,-1.46715
0.0404614,-0.055554,0.0409233;-1.7424,0.278375,-1.46715
