0,0,0.11;-1.57,-2.98023e-08,-1.57
0,0,0.11;-1.57,-2.98023e-08,-1.57
0,0,0.11;-1.57,-2.98023e-08,-1.57
-0.00121441,-0.00262519,0.0287212;-1.56737,-0.250019,-1.56604
-0.00103561,-0.00268101,0.0285795;-1.57081,-0.180787,-1.57067
-0.000233101,-0.00660629,0.0299952;-1.56575,-0.0659082,-1.58834
0.00890178,-0.00570808,0.0377726;-1.50749,0.104368,-1.62991
0.0118971,0.0121512,0.0299277;-1.56389,-0.0336479,-1.60152
0.0125904,0.015704,0.0287285;-1.57069,-0.114529,-1.57786
0.0114469,0.0162361,0.0285997;-1.57061,-0.227015,-1.56973
0.011138,0.0136168,0.0288041;-1.57075,-0.140296,-1.58116
0.0120118,0.00855747,0.0306732;-1.56755,-0.028833,-1.60358
0.0145687,0.00308282,0.0367185;-1.49698,0.096116,-1.61937
0.0213119,0.0169096,0.0382214;-1.64359,0.0532643,-1.63899
0.0214907,0.0242843,0.0374007;-1.66722,-0.0154573,-1.62824
0.0218353,0.0246964,0.0310366;-1.57523,-0.0776115,-1.60978
0.0217386,0.0254161,0.0285792;-1.5706,-0.086177,-1.57055
0.0204412,0.0242735,0.0290176;-1.58298,0.00945421,-1.57911
0.0171047,0.0209975,0.0335527;-1.6256,0.156049,-1.59523
0.0179234,0.0206789,0.0406656;-1.69163,0.234041,-1.62576
0.0217928,0.0219752,0.0397199;-1.68797,0.131332,-1.62698
0.0250717,0.0192228,0.0331205;-1.57213,-0.0016762,-1.6366
0.022481,0.0229081,0.0288417;-1.57557,-0.170048,-1.58262
0.0220648,0.0216727,0.0288532;-1.57321,-0.132471,-1.58602
0.0224112,0.0172487,0.029508;-1.56857,-0.0292238,-1.58366
0.0258131,0.0163035,0.0337711;-1.52004,0.113357,-1.60711
0.0327661,0.0239861,0.0332851;-1.59872,0.131236,-1.61956
0.0399242,0.0379534,0.034712;-1.58059,-0.00168935,-1.65216
0.0371721,0.0393725,0.0334823;-1.57796,-0.095966,-1.63733
0.0379272,0.0419035,0.0289856;-1.57413,-0.129562,-1.58702
0.03418,0.0316142,0.0319366;-1.6312,-0.00265482,-1.58379
0.0344335,0.0277844,0.0387956;-1.71347,0.110898,-1.5968
0.0376685,0.0265464,0.0400738;-1.71668,0.104609,-1.61357
0.0459015,0.0299314,0.0364545;-1.6124,-0.0571604,-1.65713
0.0445769,0.0298199,0.0371867;-1.58803,-0.0857342,-1.67816
0.0420298,0.0337182,0.0348973;-1.58185,-0.112244,-1.65379
0.037977,0.0298331,0.0298364;-1.5817,0.0568816,-1.58756
0.0328442,0.0297744,0.0320413;-1.62013,0.224918,-1.5797
0.0315846,0.0322779,0.0363832;-1.66011,0.304461,-1.59388
0.0441615,0.0371669,0.0366268;-1.64896,0.145813,-1.62816
0.0475422,0.0386943,0.0363444;-1.59215,0.0793487,-1.66402
0.0490906,0.0394991,0.0372092;-1.58815,0.0419143,-1.67699
0.0422253,0.0398651,0.0306681;-1.56341,0.0415413,-1.60601
0.0400496,0.0367107,0.0319524;-1.56053,0.154401,-1.60825
0.0390724,0.0375576,0.035531;-1.62194,0.295741,-1.5795
0.0503226,0.0450129,0.036359;-1.64565,0.296675,-1.61137
0.0529278,0.0489352,0.0354122;-1.58098,0.238386,-1.65887
0.0539965,0.0520226,0.0371815;-1.58002,0.19901,-1.67541
0.0541538,0.0552163,0.0323644;-1.5792,0.158829,-1.619
0.0502906,0.054147,0.0350237;-1.63882,0.178941,-1.59313
0.0455949,0.0473664,0.0368985;-1.67663,0.265828,-1.5645
0.0448207,0.0283044,0.0323775;-1.6173,0.205005,-1.58863
0.0484946,0.0305153,0.0325489;-1.59832,0.120674,-1.61328
0.0522806,0.0343555,0.0352212;-1.60808,0.0645846,-1.64007
0.0568153,0.0429783,0.0342415;-1.55961,0.134003,-1.64924
0.0561372,0.0558683,0.0370693;-1.61924,0.257043,-1.61479
0.050971,0.067971,0.0364254;-1.64333,0.423078,-1.57572
0.0456556,0.0743589,0.0322239;-1.63602,0.504334,-1.55734
0.0509673,0.0748089,0.032727;-1.61863,0.438304,-1.58716
0.053405,0.0718885,0.0338064;-1.61194,0.415296,-1.60989
0.0560137,0.0779062,0.0343461;-1.56531,0.342029,-1.64942
0.0524365,0.0752281,0.0347592;-1.53568,0.353475,-1.65418
0.0495769,0.0748827,0.0351246;-1.50333,0.381721,-1.65315
0.0529301,0.0896552,0.0357719;-1.63363,0.540829,-1.56869
0.0567172,0.092657,0.0343817;-1.67132,0.50432,-1.54268
0.0566439,0.0874887,0.0315229;-1.6123,0.449398,-1.58058
0.0629838,0.0906262,0.0354038;-1.59768,0.320874,-1.64489
0.0609548,0.0892487,0.0362112;-1.55836,0.33592,-1.67479
0.0639264,0.091481,0.0358717;-1.54289,0.361363,-1.66552
0.0544509,0.0918613,0.0375972;-1.45333,0.433747,-1.67353
0.0493839,0.0870276,0.0333113;-1.54378,0.396487,-1.63756
0.050159,0.0828321,0.0312014;-1.56955,0.403443,-1.61484
0.0569248,0.0887663,0.0297624;-1.60561,0.296647,-1.56649
0.0552325,0.0875074,0.029055;-1.57674,0.314978,-1.58581
0.0557172,0.0878065,0.0297781;-1.5627,0.341205,-1.59623
0.0591541,0.0827288,0.0363572;-1.41851,0.596416,-1.65664
0.0588333,0.0793712,0.0358094;-1.411,0.646675,-1.64856
0.0631324,0.0827769,0.0291505;-1.56497,0.668958,-1.56747
0.0654627,0.0834629,0.0291772;-1.59688,0.595512,-1.56347
0.0644561,0.0830598,0.0288949;-1.58798,0.620195,-1.56211
0.0637481,0.082887,0.0286706;-1.57058,0.647602,-1.57525
0.0641459,0.0777648,0.036265;-1.39834,0.742714,-1.69142
0.0631915,0.0713599,0.037095;-1.37233,0.733901,-1.71601
0.0651019,0.0703468,0.0333089;-1.5097,0.752106,-1.64935
0.0584059,0.066833,0.0297086;-1.57089,0.709283,-1.59456
0.0588599,0.0667462,0.0324964;-1.5567,0.69941,-1.63732
0.0601727,0.0680643,0.0343483;-1.54073,0.68053,-1.66274
0.0725397,0.0722441,0.0407156;-1.39214,0.795537,-1.74604
0.0766051,0.0750045,0.0443003;-1.45257,0.811668,-1.67525
0.0808587,0.0770061,0.0413065;-1.65332,0.838659,-1.55281
0.0669858,0.0681196,0.0328692;-1.54728,0.727513,-1.64316
0.0569881,0.0653271,0.0340505;-1.55252,0.693165,-1.65725
0.0520343,0.0641062,0.0332657;-1.56782,0.666774,-1.64177
0.0689187,0.0724197,0.0384023;-1.47414,0.741613,-1.71388
0.0800903,0.0824287,0.0446418;-1.63172,0.799596,-1.56391
0.0879195,0.0949133,0.041936;-1.82121,0.858927,-1.40231
0.0905585,0.0954681,0.0418631;-1.94031,0.755486,-1.31963
0.0798702,0.0864996,0.0379859;-1.82595,0.750122,-1.39901
0.0797058,0.0890799,0.0398218;-1.85698,0.75226,-1.36324
0.0832485,0.0954059,0.0437147;-1.95502,0.78568,-1.26775
0.0879879,0.100843,0.0472548;-1.99708,1.03163,-1.2112
0.0762686,0.0917508,0.0506605;-1.84796,1.04183,-1.32556
0.0612817,0.080479,0.045474;-1.66087,0.976338,-1.49638
0.0301742,0.070288,0.0397506;-1.36598,0.960162,-1.8165
0.0321661,0.0614422,0.0431418;-1.42171,1.00633,-1.78008
0.0474362,0.0605634,0.0445039;-1.57987,1.05857,-1.62469
0.0866176,0.0730684,0.0494391;-1.6191,1.18675,-1.5588
0.0945698,0.0737604,0.0496486;-1.6363,1.20526,-1.52473
0.0936415,0.0677223,0.0420525;-1.887,1.1387,-1.33626
0.0632917,0.0574096,0.0337501;-1.54618,0.971941,-1.66057
0.0540838,0.0568581,0.0337704;-1.55617,0.95296,-1.65755
0.0510475,0.0556674,0.0331816;-1.54918,1.00388,-1.65209
0.0772688,0.064535,0.0410736;-1.84465,1.1757,-1.32726
0.0965556,0.0733316,0.038879;-2.05687,1.24822,-1.10985
0.106592,0.0760125,0.036647;-2.11221,1.26277,-1.05751
0.106742,0.0699048,0.0310995;-1.678,1.3235,-1.4917
0.107065,0.0697262,0.0328178;-1.65935,1.30154,-1.53489
0.0998929,0.0704028,0.0340341;-1.76983,1.29305,-1.42029
0.093426,0.0646743,0.04054;-2.16914,1.27913,-1.00902
0.0972369,0.0670676,0.040659;-2.40262,1.29359,-0.754702
0.0998835,0.0709883,0.0389086;-2.41934,1.32727,-0.731728
0.0841337,0.0581207,0.029411;-1.61846,1.2719,-1.53458
0.0783125,0.0529721,0.0312233;-1.5994,1.28071,-1.58061
0.0786844,0.04715,0.0339701;-1.52012,1.34068,-1.69882
0.0991476,0.0476661,0.0401464;2.79785,1.4603,0.290813
0.11475,0.0497196,0.0401499;2.50687,1.39266,0.608311
0.123407,0.051526,0.0376829;2.4948,1.36487,0.65035
0.116167,0.0412849,0.0337727;-2.95053,1.46085,-0.195473
0.103916,0.0349598,0.029721;-1.7584,1.46768,-1.39746
0.0936245,0.0319861,0.0320834;-1.65696,1.43124,-1.5313
0.0759795,0.0353131,0.0348298;-1.04235,1.53016,-2.16683
0.0860439,0.0332402,0.0414629;2.16407,1.49003,0.933162
0.114952,0.0324489,0.0447647;2.38516,1.31882,0.753031
0.133972,0.0298061,0.0345341;2.09451,1.32043,1.05843
0.130779,0.030627,0.0290024;1.64313,1.33493,1.49699
0.130576,0.03088,0.0290991;1.58282,1.31194,1.54623
0.121262,0.0272876,0.035785;1.70847,1.28255,1.3822
0.114092,0.0264091,0.0422034;1.85764,1.24441,1.23922
0.113436,0.0274608,0.0460274;1.96193,1.2413,1.15959
0.129667,0.0329466,0.0382492;2.35637,1.32274,0.812622
0.121326,0.0312313,0.0311083;1.98985,1.43377,1.15419
0.116261,0.0312527,0.0289869;1.60473,1.47364,1.52934
0.109645,0.0264575,0.0330419;1.49463,1.35436,1.5888
0.116384,0.0205387,0.0376999;1.60405,1.25181,1.4698
0.135077,0.0205189,0.0458256;1.81331,1.10815,1.29077
0.175313,0.0230381,0.0371198;1.96675,1.14278,1.19965
0.17416,0.0212186,0.0356075;1.94764,1.19255,1.21947
0.166422,0.0209917,0.0306786;1.74354,1.25467,1.40534
0.157396,0.0236562,0.0293761;1.58002,1.29583,1.54274
0.146426,0.0280085,0.0333875;1.49173,1.2228,1.59117
0.144643,0.023356,0.0371464;1.42925,1.16435,1.63182
0.180377,0.0111124,0.0444987;1.92309,1.05028,1.23141
0.20265,0.00375766,0.0400276;2.0311,1.0487,1.16794
0.204759,0.00527931,0.0348429;1.80819,1.01441,1.36464
0.203653,0.00767922,0.0288203;1.57019,0.984378,1.55966
0.200061,0.00963594,0.0305392;1.59246,0.951306,1.52729
0.189735,0.0105644,0.0378057;1.66284,0.900726,1.44841
0.188223,0.00605482,0.0475917;1.83612,0.89969,1.30984
0.199146,0.0055816,0.0424919;1.99377,1.01479,1.18669
0.199646,0.00464427,0.0381037;1.97584,1.09801,1.20779
0.187555,0.0110529,0.0286324;1.5695,1.17346,1.56904
0.186925,0.0116351,0.0287573;1.58139,1.11896,1.55845
0.184704,0.00959206,0.0313422;1.5551,0.986528,1.56386
0.210753,-0.00956446,0.0444529;1.74851,0.729339,1.3894
0.229863,-0.0191609,0.0422582;1.78092,0.724129,1.36478
0.238649,-0.0273498,0.0385055;1.80686,0.808338,1.37072
0.237128,-0.0241263,0.0301485;1.62764,0.821206,1.5234
0.23629,-0.021362,0.0288271;1.58776,0.791701,1.55847
0.234366,-0.0178557,0.0289442;1.57913,0.759463,1.56354
0.22311,-0.0118265,0.0376341;1.47612,0.604996,1.592
0.229512,-0.0279315,0.0471499;1.56802,0.592326,1.54421
0.254988,-0.0469478,0.0428209;1.80801,0.625839,1.42542
0.259788,-0.0690131,0.0373971;1.76782,0.634026,1.45361
0.266167,-0.0719897,0.0333316;1.67465,0.545373,1.51837
0.266702,-0.0628239,0.0318415;1.63108,0.45272,1.54677
0.2548,-0.0531118,0.0399006;1.59518,0.204568,1.53652
0.254403,-0.0573839,0.0465221;1.63763,0.266422,1.51755
0.261552,-0.0708131,0.0443465;1.77041,0.38394,1.43598
0.266828,-0.0829335,0.0394853;1.82832,0.654166,1.41193
0.267572,-0.0796546,0.0341604;1.69955,0.611031,1.49779
0.266407,-0.0703796,0.0288871;1.57917,0.528578,1.55911
0.266407,-0.0703796,0.0288871;1.57917,0.528578,1.55911
0.264793,-0.0628572,0.0293947;1.57427,0.356606,1.57329
0.264793,-0.0628572,0.0293947;1.57427,0.356606,1.57329
