0,0,0.11;-1.57,-2.98023e-08,-1.57
0,0,0.11;-1.57,-2.98023e-08,-1.57
0,0,0.11;-1.57,-2.98023e-08,-1.57
-0.00187116,0.000751882,0.0285802;-1.57094,-0.273594,-1.57039
-0.00235244,-0.000625103,0.0285795;-1.57095,-0.257756,-1.57039
-0.00496883,-0.0104688,0.0286948;-1.57216,-0.21687,-1.5731
-0.00810107,-0.0269897,0.0309865;-1.54239,-0.153682,-1.57443
-0.0116065,-0.0309087,0.0298515;-1.56535,-0.230417,-1.58895
-0.012386,-0.0240503,0.0289028;-1.56996,-0.315078,-1.58337
-0.0118512,-0.0192494,0.0288047;-1.57078,-0.401498,-1.58158
-0.0104544,-0.0185173,0.0287298;-1.56307,-0.369338,-1.56792
-0.00796915,-0.0153323,0.0288316;-1.56343,-0.214913,-1.56406
-0.00658686,-0.0145883,0.0291293;-1.57349,-0.0982901,-1.56166
-0.00491006,-0.0130334,0.0328732;-1.65168,-0.00224382,-1.568
-0.00345309,-0.00698084,0.035209;-1.70373,0.0383356,-1.56972
-0.00375905,-0.00917089,0.0326985;-1.65635,0.0553049,-1.57107
-0.00442226,-0.0107627,0.0287466;-1.57073,0.0606588,-1.5787
-0.00476761,-0.0110939,0.0286507;-1.56925,0.0637365,-1.56855
-0.00527182,-0.0121726,0.0288934;-1.56661,0.0501238,-1.56021
-0.00502369,-0.0156385,0.0289445;-1.5737,0.00991194,-1.56293
-0.00405742,-0.0188498,0.0291051;-1.5932,-0.0533269,-1.57152
-0.00472429,-0.0200767,0.0303127;-1.6142,-0.0602918,-1.57534
-0.00655654,-0.0238139,0.0320045;-1.64703,-0.0690343,-1.57748
-0.0180787,-0.0397403,0.0293574;-1.5923,-0.0245969,-1.57601
-0.0227221,-0.0489157,0.0286927;-1.56611,0.0580672,-1.5716
-0.0244279,-0.0513491,0.0288771;-1.56585,0.058205,-1.56173
-0.0256564,-0.0524403,0.0286985;-1.57109,0.00804782,-1.56501
-0.0229992,-0.0480393,0.0290021;-1.58237,-0.150649,-1.58141
-0.0209452,-0.0441955,0.0292135;-1.59422,-0.19939,-1.58319
-0.0220419,-0.0468444,0.0301914;-1.60706,-0.157838,-1.58302
-0.0279222,-0.0633972,0.0288587;-1.56381,0.0451278,-1.57715
-0.02655,-0.0661928,0.0290004;-1.5593,0.143954,-1.56829
-0.0252359,-0.06617,0.0288929;-1.56403,0.186015,-1.56369
-0.0258144,-0.0649269,0.0285809;-1.57092,0.130539,-1.57084
-0.0253638,-0.0618989,0.0287657;-1.57158,0.0185707,-1.57958
-0.0225378,-0.0582449,0.0288957;-1.5778,-0.116971,-1.57969
-0.0272261,-0.0598563,0.0337376;-1.67317,-0.00619684,-1.56575
-0.0307343,-0.0587166,0.0348715;-1.68831,0.0583343,-1.55847
-0.0341339,-0.0637603,0.0309657;-1.62569,0.128551,-1.56545
-0.0355521,-0.0656253,0.0285782;-1.57082,0.0689667,-1.57073
-0.0371162,-0.0630563,0.0286006;-1.57009,-0.046368,-1.57126
-0.0386046,-0.0603074,0.0286639;-1.5708,-0.15343,-1.57469
-0.0387968,-0.0587365,0.0288311;-1.57974,-0.230256,-1.57607
-0.0369516,-0.0600414,0.0308182;-1.62152,-0.280264,-1.583
-0.0354038,-0.0646661,0.0365974;-1.67652,-0.281335,-1.56809
-0.0370381,-0.0817741,0.0287956;-1.57357,-0.357901,-1.5793
-0.0372408,-0.0820383,0.0288337;-1.57697,-0.351914,-1.57916
-0.0368431,-0.0815351,0.0285735;-1.57075,-0.36418,-1.57041
-0.0366171,-0.081221,0.0285809;-1.57062,-0.376529,-1.57051
-0.0362041,-0.0813325,0.0286972;-1.56875,-0.357419,-1.5741
-0.0358567,-0.0813415,0.0294398;-1.55329,-0.339081,-1.57325
-0.0284912,-0.0707369,0.0311341;-1.61124,-0.402642,-1.60297
-0.026047,-0.0615533,0.0319564;-1.64321,-0.45659,-1.61435
-0.0263906,-0.0578925,0.0290893;-1.58855,-0.496669,-1.588
-0.0262723,-0.0567767,0.0286789;-1.57058,-0.505428,-1.57549
-0.0249184,-0.0586499,0.0286315;-1.56999,-0.40004,-1.57256
-0.0242207,-0.0617767,0.0289562;-1.56005,-0.325758,-1.55979
-0.0220848,-0.0677614,0.0294702;-1.58251,-0.164703,-1.58855
-0.0219456,-0.0624776,0.0325306;-1.61667,-0.215882,-1.61117
-0.0202377,-0.0508601,0.0339783;-1.65806,-0.330446,-1.62409
-0.0180866,-0.0368861,0.029668;-1.5987,-0.486647,-1.59348
-0.0183187,-0.0406618,0.0291445;-1.58399,-0.455843,-1.59005
-0.0187538,-0.0493638,0.0292287;-1.57363,-0.366445,-1.57368
-0.00639577,-0.079146,0.0290878;-1.55142,-0.188198,-1.5704
-0.0104246,-0.0755984,0.0301374;-1.56451,-0.297465,-1.60096
-0.0132649,-0.0692316,0.0317005;-1.56561,-0.391673,-1.62081
-0.0121302,-0.0479925,0.0334125;-1.64022,-0.608757,-1.64533
-0.0130846,-0.0474003,0.0341822;-1.69049,-0.633868,-1.65681
-0.0127544,-0.0520249,0.0312703;-1.57206,-0.635362,-1.6156
-0.00792142,-0.0685274,0.0309641;-1.53352,-0.443119,-1.57483
-0.00504841,-0.0726203,0.0308134;-1.55163,-0.406086,-1.59386
-0.0045217,-0.0738364,0.0307026;-1.56669,-0.394143,-1.60684
-0.00690386,-0.0646807,0.0331161;-1.56613,-0.495836,-1.63708
-0.00577182,-0.0525774,0.0346853;-1.55779,-0.534137,-1.65543
-0.00552978,-0.0370556,0.0344721;-1.55584,-0.561861,-1.6464
-0.00624229,-0.00696486,0.0328291;-1.60445,-0.488036,-1.61367
-0.00108901,-0.0116272,0.0323759;-1.5522,-0.345022,-1.61042
0.00580811,-0.0199767,0.0312591;-1.5371,-0.230459,-1.58765
0.00171235,-0.0140851,0.0321126;-1.55795,-0.275004,-1.61931
-0.000265084,-0.00874751,0.0320112;-1.56131,-0.321387,-1.62565
-0.000428825,-0.00304219,0.0330485;-1.5917,-0.362577,-1.63111
-0.00174198,0.00195974,0.0385244;-1.74754,-0.361077,-1.65849
0.00296766,0.00201509,0.038074;-1.72011,-0.380946,-1.66251
0.013349,-0.0104465,0.0332739;-1.58694,-0.346445,-1.63441
0.0141905,-0.0147098,0.0312025;-1.55806,-0.422673,-1.60712
0.0117876,-0.0104404,0.0313373;-1.56781,-0.479904,-1.61514
0.00990203,-0.00620719,0.0308708;-1.56396,-0.537043,-1.60855
0.00968305,-0.0306041,0.0346179;-1.51568,-0.462314,-1.60024
0.00959642,-0.0377584,0.0347591;-1.52997,-0.480686,-1.61748
0.00812544,-0.0390314,0.0345984;-1.55793,-0.496843,-1.6445
0.00323515,-0.0254756,0.0327129;-1.5678,-0.663348,-1.63197
0.000969615,-0.0201493,0.0310419;-1.56781,-0.727559,-1.60973
-0.00135701,-0.0154369,0.0292916;-1.56179,-0.779219,-1.58418
-0.00052273,-0.0193722,0.0314205;-1.55176,-0.724024,-1.59769
0.0055473,-0.0254715,0.0327417;-1.55098,-0.617469,-1.6138
0.014883,-0.0319569,0.03352;-1.54177,-0.484967,-1.61977
0.0222662,-0.0275109,0.0335526;-1.56067,-0.378161,-1.63242
0.00951161,0.001164,0.031106;-1.56457,-0.521398,-1.60941
0.00604871,0.0121828,0.029486;-1.57025,-0.602512,-1.59123
0.00534677,0.0151335,0.0288256;-1.56514,-0.631585,-1.57638
0.00668492,0.00148502,0.0303297;-1.59805,-0.427992,-1.59045
0.0143139,-0.010786,0.0323989;-1.62473,-0.331198,-1.60966
0.0233406,-0.0230438,0.034793;-1.64286,-0.247487,-1.62831
0.0239949,-0.0194062,0.0396194;-1.73503,-0.329507,-1.67095
0.0241602,-0.0162396,0.038395;-1.74171,-0.380948,-1.66394
0.024924,-0.0134435,0.0313035;-1.61508,-0.473269,-1.60775
0.0245379,-0.0210925,0.0290075;-1.57013,-0.482478,-1.56357
0.0262236,-0.0252463,0.0286714;-1.56796,-0.473426,-1.56772
0.0269501,-0.0280741,0.0288274;-1.57111,-0.44277,-1.58303
0.0233376,-0.0310019,0.0325844;-1.63733,-0.415365,-1.61608
0.0206462,-0.0302543,0.0353347;-1.68943,-0.39039,-1.62841
0.019084,-0.0336441,0.0379015;-1.74807,-0.353928,-1.62117
0.0145075,-0.0507693,0.0296789;-1.55325,-0.254957,-1.5776
0.0146732,-0.0524997,0.0287592;-1.56505,-0.249081,-1.57322
0.0153486,-0.052149,0.0288418;-1.57668,-0.242946,-1.56533
0.0167661,-0.0494956,0.0291601;-1.59659,-0.276061,-1.58154
0.0169026,-0.0481825,0.0300973;-1.61207,-0.278712,-1.58495
0.015826,-0.0436628,0.034146;-1.67225,-0.218715,-1.58497
0.0102853,-0.0292832,0.0409178;-1.77497,-0.0125245,-1.54559
0.00639647,-0.028403,0.0382709;-1.74609,0.102268,-1.54454
0.00369555,-0.0367084,0.0311905;-1.61916,0.19112,-1.55794
0.00343154,-0.0390401,0.0286223;-1.57076,0.227833,-1.57279
0.00392688,-0.036897,0.0287198;-1.57151,0.155383,-1.57741
0.00663877,-0.0339878,0.0290303;-1.58942,0.0502984,-1.57306
0.00689976,-0.0322451,0.0357716;-1.70602,0.0208934,-1.54918
0.0028291,-0.0372063,0.0403218;-1.76829,0.0509596,-1.5327
0.00344034,-0.0412201,0.043599;-1.83994,0.0473148,-1.5365
0.00118765,-0.0917175,0.0300031;-1.59918,0.0878788,-1.57763
0.000658802,-0.0936565,0.0286683;-1.57114,0.0354888,-1.57547
0.00199755,-0.092245,0.0287679;-1.57987,-0.0359035,-1.57107
0.00501496,-0.085846,0.0287792;-1.57778,-0.263632,-1.57539
0.00561744,-0.0830357,0.0296165;-1.58564,-0.273732,-1.56845
0.0064023,-0.0834933,0.0329399;-1.63679,-0.239,-1.57115
0.00853217,-0.0952857,0.0402976;-1.75274,-0.160673,-1.5951
0.00446012,-0.106467,0.034352;-1.67395,-0.120888,-1.59894
0.00135511,-0.114024,0.0289076;-1.58144,-0.0626284,-1.57651
0.00156165,-0.115263,0.0288874;-1.56481,0.00303528,-1.56211
0.00108849,-0.114479,0.0286981;-1.56502,-0.0336091,-1.57051
0.00230472,-0.110329,0.029344;-1.57086,-0.0010795,-1.56687
0.0191796,-0.0928815,0.0356186;-1.69589,0.0750833,-1.55713
0.0277553,-0.0828705,0.037785;-1.73912,0.135894,-1.55883
0.0274294,-0.0798347,0.0373039;-1.73065,0.135538,-1.56247
0.0200608,-0.080046,0.0288256;-1.5825,0.178297,-1.56907
0.0195762,-0.0808097,0.0286771;-1.57082,0.20904,-1.56605
0.0194461,-0.0807628,0.0288589;-1.56894,0.212862,-1.55961
0.0203701,-0.0808677,0.0288659;-1.58458,0.189536,-1.56862
0.024406,-0.077139,0.0297488;-1.60122,0.101755,-1.57379
0.032673,-0.0664885,0.0339121;-1.66935,-0.00950398,-1.58406
0.0312014,-0.0579929,0.0368281;-1.72203,-0.185101,-1.58717
0.0295865,-0.0641512,0.0332257;-1.65338,-0.227521,-1.57754
0.0265356,-0.071704,0.029099;-1.57785,-0.253364,-1.56634
0.0254556,-0.079569,0.028728;-1.57097,-0.225958,-1.56357
0.0251897,-0.0801271,0.0286154;-1.57113,-0.264995,-1.57286
0.0252458,-0.0779341,0.0289323;-1.5807,-0.314904,-1.584
0.0248485,-0.0466392,0.033797;-1.67435,-0.566343,-1.62244
0.0246677,-0.033921,0.0358763;-1.71693,-0.639354,-1.64064
0.0240168,-0.0299217,0.0352726;-1.69316,-0.660708,-1.6213
0.0232373,-0.0365668,0.0287303;-1.57618,-0.514883,-1.57089
0.0248718,-0.0389713,0.028627;-1.57101,-0.373554,-1.56818
0.0262281,-0.0402724,0.0285816;-1.57071,-0.249324,-1.57148
0.0252332,-0.0384957,0.0288664;-1.57161,-0.196363,-1.58263
0.0199842,-0.0235302,0.029734;-1.58643,-0.261171,-1.58863
0.0132734,-0.00123214,0.0360297;-1.72409,-0.312217,-1.61431
0.0093665,0.0143652,0.0359614;-1.71378,-0.312835,-1.60374
0.00895295,0.0130611,0.0321642;-1.64549,-0.278507,-1.59366
0.00857539,0.00588517,0.0288978;-1.57253,-0.186292,-1.58458
0.0143368,-0.00594605,0.0289141;-1.56633,0.0403459,-1.58257
0.0140043,-0.00608882,0.0291236;-1.56251,0.0371076,-1.58899
0.0117917,-0.00284388,0.0294223;-1.56275,-0.030504,-1.58574
0.0064814,0.0176014,0.037092;-1.72686,-0.257238,-1.60237
0.00795733,0.0161483,0.0407429;-1.79643,-0.308361,-1.63119
0.0108008,0.00704725,0.0351459;-1.67562,-0.366199,-1.62094
0.0137549,-0.00967041,0.0298509;-1.56942,-0.319403,-1.59463
0.013144,-0.0103485,0.0290815;-1.55382,-0.331641,-1.57526
0.0112489,-0.00931922,0.0291964;-1.54928,-0.364444,-1.57618
0.00558944,0.000291829,0.0319233;-1.53563,-0.445028,-1.59592
0.00859616,0.000379406,0.0337142;-1.54039,-0.43741,-1.61713
0.0114456,-0.000248412,0.0351842;-1.54188,-0.425793,-1.63963
0.0176253,0.000930863,0.0340096;-1.55683,-0.395632,-1.63887
0.0184682,0.00854302,0.032539;-1.54419,-0.429938,-1.60835
0.0154346,0.0150278,0.0307171;-1.55195,-0.472251,-1.59198
0.0154346,0.0150278,0.0307171;-1.55195,-0.472251,-1.59198
0.013012,0.0187951,0.0304781;-1.53759,-0.48594,-1.57423
0.013012,0.0187951,0.0304781;-1.53759,-0.48594,-1.57423
