0,0,0.11;-1.57,-2.98023e-08,-1.57
0,0,0.11;-1.57,-2.98023e-08,-1.57
0,0,0.11;-1.57,-2.98023e-08,-1.57
-0.000499562,-0.000382277,0.028616;-1.57079,-0.262596,-1.56879
-0.000103704,-2.93583e-05,0.0285814;-1.57068,-0.235971,-1.57047
0.000774527,0.00277324,0.0287631;-1.56712,-0.166732,-1.56841
-0.000163777,0.00909094,0.031153;-1.56476,-0.0555685,-1.54255
0.00117706,-0.000684242,0.028825;-1.57069,-0.200873,-1.58252
0.00140906,-6.05952e-05,0.0289563;-1.58078,-0.239915,-1.5815
0.000929138,-0.000467403,0.02858;-1.57082,-0.209646,-1.57061
0.000522151,-0.00131553,0.0285848;-1.57056,-0.127533,-1.57124
0.0020526,-1.82912e-05,0.0290499;-1.55687,-0.090541,-1.56761
0.00599187,0.00702046,0.0316542;-1.5294,0.0161347,-1.55439
0.00646306,0.000121346,0.0319696;-1.51075,-0.00228191,-1.56719
0.00374413,-0.00505162,0.0295214;-1.54508,-0.0665545,-1.57015
0.00165682,-0.00506373,0.0286491;-1.56754,-0.156903,-1.57055
0.00189914,-0.00555211,0.0285811;-1.57078,-0.0905273,-1.57091
0.0017733,-0.00619398,0.0286454;-1.57022,-0.00757451,-1.57415
0.0035031,0.00449098,0.0309429;-1.5755,0.103847,-1.54938
0.0061125,0.0120575,0.0323096;-1.6314,0.154939,-1.58138
0.00799933,0.0134957,0.0304208;-1.56949,0.0451873,-1.59996
0.00720455,0.0124995,0.0290043;-1.56939,-0.029467,-1.58463
0.00736601,0.0151862,0.0285791;-1.5709,-0.137017,-1.57074
0.00764127,0.0158259,0.028585;-1.57057,-0.151179,-1.57076
0.00802399,0.0167746,0.0287657;-1.56836,-0.135776,-1.56329
0.00696018,0.0207757,0.0308554;-1.57867,-0.0534346,-1.53909
0.00331841,0.0156408,0.0330698;-1.60106,-0.0439846,-1.53709
-0.0108521,-0.01444,0.0289206;-1.57446,-0.124847,-1.58514
-0.0118563,-0.014659,0.0287948;-1.5734,-0.144307,-1.57969
-0.0115334,-0.0141059,0.0285819;-1.57078,-0.133077,-1.57067
-0.00977798,-0.0121436,0.0294997;-1.5538,-0.115184,-1.56084
-0.00614979,-0.00521162,0.0314087;-1.54452,-0.0433598,-1.54683
-0.00422565,-0.00783895,0.0314873;-1.58002,-0.0418679,-1.54968
-0.012648,-0.0336275,0.0293212;-1.55982,-0.185376,-1.5801
-0.016862,-0.0417421,0.0288999;-1.57109,-0.189299,-1.57928
-0.017548,-0.0426195,0.0287105;-1.57076,-0.177574,-1.57701
-0.017249,-0.0414794,0.0286039;-1.57114,-0.145377,-1.57236
-0.0166467,-0.0392227,0.0293822;-1.56352,-0.0921055,-1.56266
-0.0157221,-0.0349123,0.0300262;-1.55677,-0.0401098,-1.55594
-0.0145364,-0.0457311,0.029404;-1.55679,-0.111028,-1.57693
-0.0194229,-0.049208,0.0297896;-1.54078,-0.164256,-1.56947
-0.0228867,-0.0526057,0.0290746;-1.55173,-0.178263,-1.572
-0.0192255,-0.0502681,0.0306807;-1.52378,-0.103503,-1.56898
-0.0158577,-0.0362542,0.0353214;-1.45442,-0.0416612,-1.55145
-0.0129241,-0.0147037,0.0366397;-1.50779,0.0377041,-1.52531
-0.00284409,-0.0285466,0.0334101;-1.52963,-0.042972,-1.6192
-0.00493727,-0.0379741,0.0350039;-1.53917,-0.0971766,-1.64168
-0.00711901,-0.0428028,0.0332773;-1.58706,-0.0887269,-1.63183
-0.00158441,-0.0317012,0.032546;-1.61075,-0.139268,-1.61085
-0.00208815,-0.0325334,0.0317663;-1.62722,-0.102576,-1.59213
-0.0042041,-0.0347846,0.0324267;-1.63688,-0.0222349,-1.585
0.000712708,-0.0425736,0.0362541;-1.64341,-0.104318,-1.61778
-0.00253328,-0.0604149,0.0338535;-1.59299,-0.181765,-1.635
-0.00536792,-0.0718941,0.0325632;-1.56878,-0.203925,-1.63105
-0.00530537,-0.0738643,0.0311293;-1.57996,-0.163145,-1.60906
-0.00893221,-0.0673506,0.029707;-1.58465,-0.137082,-1.58572
-0.0115424,-0.0607241,0.0303725;-1.57366,-0.0582707,-1.56419
-0.0128631,-0.0506484,0.0342292;-1.55554,-0.101472,-1.58058
-0.0116191,-0.0543655,0.033264;-1.50593,-0.176292,-1.57705
-0.0124733,-0.0627413,0.0361103;-1.45233,-0.213593,-1.57544
-0.00637443,-0.0706141,0.0379028;-1.42246,-0.139929,-1.58638
-0.00388035,-0.0671684,0.0389056;-1.41513,-0.107843,-1.57882
-0.00336808,-0.0563243,0.0402055;-1.43645,-0.0342309,-1.5724
-0.0190587,-0.0474197,0.0428348;-1.53653,0.0267992,-1.5352
-0.0190519,-0.052148,0.0383364;-1.51131,-0.0787727,-1.55241
-0.0197029,-0.0532068,0.0320887;-1.51592,-0.152759,-1.57048
-0.0253079,-0.0514171,0.0296421;-1.5605,-0.296002,-1.58648
-0.0217889,-0.0479748,0.0312835;-1.56913,-0.280303,-1.61089
-0.0139476,-0.0358957,0.0349688;-1.58688,-0.203201,-1.61589
-0.00815127,-0.0119899,0.0384265;-1.699,0.0048856,-1.5661
-0.00897625,-0.0101388,0.0434399;-1.7212,-0.0579174,-1.54762
-0.00703635,-0.0109535,0.0412641;-1.6826,-0.0923818,-1.5605
-0.0176232,-0.027401,0.0353801;-1.45987,-0.172571,-1.57631
-0.0151707,-0.0315666,0.0367032;-1.43557,-0.108761,-1.57452
-0.0123913,-0.0320626,0.0368812;-1.42573,-0.0300842,-1.55827
-0.0220509,-0.0167398,0.0395966;-1.50949,0.11545,-1.46865
-0.0241729,-0.0107383,0.0399052;-1.51275,0.0465027,-1.47303
-0.0234334,-0.0126048,0.0374778;-1.4877,0.00335271,-1.49822
-0.0262372,-0.0242858,0.0362201;-1.40728,-0.131332,-1.55256
-0.0218616,-0.0248458,0.0387933;-1.37275,-0.0750178,-1.55492
-0.0182006,-0.0216776,0.0401831;-1.36114,-0.00359879,-1.56161
-0.0246017,-0.00155365,0.0396512;-1.48557,0.204289,-1.49836
-0.0292335,-0.00133943,0.0393875;-1.48696,0.137538,-1.50003
-0.0303292,-0.00619223,0.0383839;-1.44202,0.0964983,-1.53575
-0.0384538,-0.014329,0.0349491;-1.43373,-0.09595,-1.55364
-0.0371768,-0.0143283,0.0379464;-1.38558,-0.0916266,-1.546
-0.0371254,-0.012385,0.0369754;-1.41073,-0.0947094,-1.54256
-0.0324151,0.0106409,0.0421891;-1.48136,0.113271,-1.48062
-0.0327722,0.0138322,0.0397977;-1.51062,0.0934769,-1.48682
-0.0338161,0.00846543,0.0397909;-1.47602,0.0762361,-1.51221
-0.0341592,-0.0119891,0.0361636;-1.41888,-0.0242766,-1.57022
-0.0348852,-0.0110048,0.0372597;-1.40943,-0.0398156,-1.57772
-0.0344029,-0.010008,0.0347751;-1.46761,-0.0320405,-1.58782
-0.0287897,0.00553446,0.0365117;-1.47334,0.0603253,-1.56455
-0.0294963,0.0138843,0.0406222;-1.51418,0.171592,-1.54562
-0.0302721,0.0182263,0.0449483;-1.51469,0.194737,-1.53521
-0.0247062,-0.00491683,0.0450017;-1.4469,0.050285,-1.63011
-0.0292575,-0.0214093,0.0405245;-1.42697,0.0187348,-1.64229
-0.0258124,-0.0195039,0.0389918;-1.43697,0.035248,-1.63273
-0.0235968,-0.0140465,0.0383711;-1.4109,0.0987187,-1.6009
-0.0262196,0.0137011,0.0434793;-1.47305,0.261605,-1.52627
-0.0269919,0.0207218,0.0417539;-1.51576,0.213606,-1.50015
-0.0311087,0.0126627,0.0372328;-1.49886,0.177557,-1.5055
-0.0371099,-0.0149072,0.0349813;-1.44229,0.129403,-1.58614
-0.0375854,-0.0117162,0.0321719;-1.49002,0.0877254,-1.57362
-0.0350161,-0.0083489,0.0341494;-1.46202,0.0956134,-1.56542
-0.0330473,0.00334379,0.0352936;-1.49485,0.288673,-1.56165
-0.0343873,0.00749868,0.0358365;-1.54034,0.18556,-1.52399
-0.0312613,0.00859317,0.0335335;-1.52937,0.0832518,-1.52717
-0.0366462,-0.00315758,0.0341238;-1.45285,0.0279058,-1.57002
-0.0388776,-0.00584763,0.0344178;-1.45145,0.0860721,-1.57217
-0.0352395,-0.00308756,0.0358474;-1.45198,0.171139,-1.55767
-0.028566,0.0155607,0.0393267;-1.5166,0.314923,-1.46415
-0.0292768,0.0256087,0.0400763;-1.53042,0.285718,-1.44582
-0.0253833,0.0303548,0.0402206;-1.53631,0.253351,-1.44995
-0.0333178,0.0163644,0.0358069;-1.46865,0.13306,-1.53709
-0.0358772,0.012852,0.0353782;-1.46627,0.0888367,-1.53967
-0.0328948,0.0145824,0.0352189;-1.48687,0.111881,-1.52657
-0.0281028,0.0237777,0.0323841;-1.56561,0.179322,-1.51143
-0.0281603,0.028212,0.0334505;-1.55289,0.232072,-1.51538
-0.0264489,0.0301042,0.0370194;-1.55897,0.193489,-1.51992
-0.0164636,0.0205628,0.0401626;-1.45914,0.0906288,-1.61838
-0.0171824,0.0123612,0.0385295;-1.44081,0.0277205,-1.62346
-0.0181897,0.00700459,0.0375528;-1.46302,0.0452586,-1.62507
-0.0126854,0.00306229,0.0372184;-1.46412,0.218146,-1.6092
-0.0158157,0.00689595,0.0416953;-1.49901,0.314081,-1.58323
-0.0130888,0.018731,0.0485022;-1.50521,0.327365,-1.58895
0.00465031,0.0210232,0.0504027;-1.48051,0.230221,-1.63483
0.00361826,0.00989247,0.0487474;-1.42772,0.126536,-1.66245
-0.00149108,-0.00668143,0.0433867;-1.39644,0.121908,-1.69185
-0.0102891,-0.0114926,0.0470143;-1.46108,0.187945,-1.65647
-0.00832896,-0.00275671,0.0488529;-1.47,0.255461,-1.62874
-0.00265186,0.00405069,0.0558116;-1.51148,0.339066,-1.59764
-0.00478357,0.0097935,0.0517128;-1.49187,0.291407,-1.61186
-0.00763775,0.00906789,0.0437835;-1.42268,0.267265,-1.64245
-0.0131568,0.00198894,0.0408886;-1.39514,0.210583,-1.66959
-0.0224876,-0.00333191,0.0425666;-1.42234,0.213228,-1.6413
-0.0226621,0.000764543,0.0425973;-1.44352,0.268094,-1.61891
-0.0210294,0.00676108,0.0472304;-1.47797,0.322631,-1.59543
-0.00948675,0.0144399,0.0484945;-1.46314,0.294136,-1.64029
-0.00485846,0.0138991,0.0446057;-1.42473,0.245086,-1.65593
-0.00693457,0.00666722,0.0410231;-1.40335,0.207223,-1.67946
-0.0119662,0.00502562,0.0407701;-1.36632,0.279524,-1.64061
-0.0187832,0.0092085,0.0396185;-1.39502,0.374061,-1.5997
-0.024497,0.0160733,0.0395886;-1.44947,0.447576,-1.56847
-0.0271262,0.0218084,0.0393388;-1.44873,0.504321,-1.57699
-0.0193246,0.024198,0.0398552;-1.39735,0.415843,-1.61685
-0.0180387,0.0156527,0.0373891;-1.3901,0.355941,-1.62736
-0.0204014,0.0186526,0.0378076;-1.41946,0.304688,-1.58029
-0.017596,0.0215964,0.0405897;-1.43929,0.35236,-1.5393
-0.0150628,0.0251674,0.0399886;-1.50234,0.418398,-1.49822
-0.0122139,0.0327371,0.0375358;-1.54824,0.432019,-1.49787
-0.00788974,0.0338554,0.0399655;-1.5447,0.383789,-1.50038
-0.00803779,0.0348895,0.0370093;-1.5007,0.327097,-1.53953
-0.0109857,0.0313375,0.03787;-1.41287,0.289418,-1.58647
-0.00734027,0.0291966,0.0397603;-1.40394,0.319648,-1.5921
-0.00323717,0.0308124,0.043525;-1.47477,0.329607,-1.58994
0.00290895,0.0430206,0.0460876;-1.49467,0.382782,-1.59122
0.00908557,0.0533402,0.0500085;-1.48241,0.390644,-1.61455
0.0119826,0.0577858,0.0522532;-1.48095,0.3259,-1.63236
0.00883395,0.0540236,0.0435858;-1.40252,0.256345,-1.64994
0.0124169,0.0460574,0.0446514;-1.35891,0.290973,-1.65511
0.0136411,0.042532,0.0452563;-1.37878,0.345115,-1.64833
-0.00563375,0.0463173,0.0480764;-1.51915,0.45047,-1.57974
-0.00276489,0.0490758,0.0504636;-1.52373,0.50532,-1.60135
0.00672994,0.045002,0.0485137;-1.47846,0.463394,-1.65442
0.0151999,0.0304643,0.0423697;-1.36164,0.273688,-1.66748
0.0149653,0.0190945,0.04167;-1.30246,0.308507,-1.64901
0.0143321,0.0189386,0.0411913;-1.32089,0.337322,-1.64197
0.00746988,0.0379448,0.0357079;-1.46126,0.412804,-1.60019
0.00328462,0.0563674,0.032057;-1.54027,0.422764,-1.6073
0.00706565,0.0612245,0.0329943;-1.51871,0.342519,-1.61619
0.00862341,0.0470858,0.0374593;-1.3852,0.342147,-1.6339
0.0107974,0.0475066,0.0377486;-1.37198,0.352261,-1.64415
0.00943295,0.046819,0.0392568;-1.34928,0.348279,-1.64756
0.00560272,0.055164,0.0345941;-1.48951,0.355401,-1.62651
0.00407014,0.0626018,0.0318998;-1.54163,0.340299,-1.60674
0.0034375,0.0672324,0.0327614;-1.4933,0.24708,-1.59788
0.00502107,0.0630729,0.0373982;-1.4263,0.203502,-1.63638
0.00474961,0.0616247,0.0406999;-1.38022,0.20592,-1.65162
0.0045548,0.0555909,0.0411807;-1.33835,0.254989,-1.65868
0.0045548,0.0555909,0.0411807;-1.33835,0.254989,-1.65868
0.00591026,0.0580814,0.0384897;-1.39847,0.304499,-1.64267
0.00591026,0.0580814,0.0384897;-1.39847,0.304499,-1.64267
