0,0,0.11;-1.57,-2.98023e-08,-1.57
0,0,0.11;-1.57,-2.98023e-08,-1.57
0,0,0.11;-1.57,-2.98023e-08,-1.57
-0.00122113,-0.00209888,0.0287358;-1.56574,-0.298337,-1.5658
-0.000753224,1.25542e-05,0.0285889;-1.5706,-0.22709,-1.57048
0.000432787,0.00784707,0.029557;-1.58965,-0.115219,-1.57173
0.00164708,0.0242839,0.0357745;-1.71813,-0.0336578,-1.57899
0.00957502,0.0292049,0.0288422;-1.57162,-0.255191,-1.58236
0.0102968,0.0303294,0.0287305;-1.57571,-0.321832,-1.57512
0.010062,0.0297415,0.0285775;-1.57059,-0.332071,-1.57065
0.011224,0.0325951,0.0286736;-1.57067,-0.189342,-1.56636
0.010177,0.0381896,0.0296091;-1.5753,-0.00635262,-1.5565
0.00671457,0.0463997,0.034697;-1.69358,0.132895,-1.55876
0.00972281,0.0467399,0.0362032;-1.69461,0.113488,-1.58761
0.0107378,0.0432906,0.0328561;-1.62639,0.0579501,-1.59554
0.0129004,0.0459649,0.0291209;-1.58474,-0.0616049,-1.58366
0.0136772,0.0456132,0.0286195;-1.56897,-0.0635011,-1.57095
0.015273,0.0473458,0.0295971;-1.55016,0.000481635,-1.56891
0.0177222,0.0557685,0.03442;-1.50611,0.0953523,-1.56146
0.0163505,0.0824665,0.0339586;-1.67254,0.147594,-1.5657
0.0207882,0.0892588,0.0327154;-1.63984,0.0299506,-1.58482
0.0264412,0.096343,0.0302369;-1.58572,-0.110805,-1.59651
0.0294261,0.102664,0.0287503;-1.57477,-0.280046,-1.57648
0.0285848,0.102395,0.0287284;-1.57547,-0.23522,-1.57452
0.0271188,0.106177,0.0296162;-1.56391,-0.131091,-1.55659
0.0242581,0.115471,0.0344702;-1.65826,-0.00455605,-1.56299
0.0244537,0.11748,0.0313428;-1.62202,-0.00470112,-1.58056
0.0297096,0.121315,0.0290771;-1.58822,-0.239976,-1.5822
0.0312159,0.122254,0.0293054;-1.60095,-0.286233,-1.58411
0.0297865,0.120726,0.0297559;-1.60783,-0.264122,-1.58238
0.0241316,0.125554,0.0325746;-1.63093,-0.0381697,-1.57303
0.0216656,0.134106,0.0354967;-1.6817,0.0796991,-1.56226
0.0204777,0.13668,0.0312243;-1.60633,0.0894118,-1.56033
0.0215597,0.1327,0.0285899;-1.57018,-0.0315076,-1.57245
0.0250112,0.136138,0.0290927;-1.59337,-0.194127,-1.57882
0.0263386,0.13754,0.0297677;-1.60828,-0.229895,-1.58504
0.0228523,0.141193,0.0334344;-1.60055,-0.0707401,-1.59818
0.0202034,0.155944,0.0373432;-1.54704,0.0416378,-1.58016
0.0169368,0.168277,0.0375856;-1.56437,0.0590448,-1.5756
0.0154008,0.169869,0.0287543;-1.5706,-0.108633,-1.56231
0.0155531,0.168247,0.0286294;-1.57101,-0.192478,-1.56859
0.017322,0.167981,0.0287425;-1.57873,-0.273079,-1.5731
0.0168088,0.16604,0.0304768;-1.5821,-0.175572,-1.59856
0.0168459,0.178932,0.0357923;-1.61594,-0.0695398,-1.59855
0.011904,0.200822,0.0395758;-1.66337,0.0031226,-1.5937
0.015273,0.209606,0.0286509;-1.56128,-0.161403,-1.5663
0.0145398,0.207473,0.0286747;-1.5682,-0.250812,-1.56649
0.0141242,0.205529,0.0286698;-1.57107,-0.318197,-1.56613
0.0121998,0.205566,0.0291904;-1.59644,-0.229289,-1.57777
0.0102688,0.209162,0.0331389;-1.65942,-0.148523,-1.59211
0.00761328,0.221921,0.0416498;-1.77788,-0.0294194,-1.61659
0.00830277,0.230476,0.0298692;-1.60942,-0.114672,-1.58032
0.00861686,0.229462,0.0285774;-1.57088,-0.171889,-1.57067
0.00764694,0.226997,0.0286511;-1.57089,-0.283018,-1.567
0.00742194,0.227846,0.0286006;-1.57055,-0.225025,-1.56989
0.00877387,0.228715,0.0302338;-1.55543,-0.126011,-1.57776
0.0108639,0.233335,0.0382919;-1.48731,-0.0044107,-1.58397
0.0151739,0.257191,0.035904;-1.69573,-0.096258,-1.61015
0.0168191,0.255888,0.0295988;-1.58653,-0.17571,-1.59264
0.0180498,0.257155,0.0287548;-1.57409,-0.256915,-1.57678
0.0179515,0.257455,0.0286679;-1.57083,-0.220168,-1.56656
0.0184293,0.261166,0.0289125;-1.56583,-0.161233,-1.56993
0.0192461,0.279278,0.0326026;-1.63213,-0.0627779,-1.57114
0.022587,0.293415,0.03392;-1.6807,-0.128894,-1.59033
0.0288802,0.300475,0.0314088;-1.6486,-0.270516,-1.59656
0.0328851,0.302735,0.0291905;-1.58757,-0.360154,-1.59067
0.0338354,0.303837,0.0286786;-1.57079,-0.409406,-1.57535
0.0323741,0.30476,0.0286497;-1.57118,-0.341193,-1.56776
0.0300322,0.310586,0.0301616;-1.57925,-0.230328,-1.54895
0.0239657,0.323088,0.03535;-1.70474,-0.0757131,-1.5793
0.0273912,0.324435,0.0335281;-1.67663,-0.12677,-1.58676
0.0306952,0.323569,0.029996;-1.6222,-0.173057,-1.58402
0.0309297,0.321302,0.029158;-1.59328,-0.195964,-1.58123
0.0284826,0.319178,0.0291949;-1.5999,-0.119234,-1.57549
0.0258068,0.315948,0.0290429;-1.58805,-0.00484531,-1.57601
0.0270295,0.315357,0.0397615;-1.41607,0.257134,-1.57406
0.0275079,0.32259,0.0377397;-1.42985,0.226593,-1.5782
0.030295,0.33509,0.0294944;-1.5953,0.156396,-1.57302
0.0365291,0.340896,0.0290167;-1.5832,-0.145628,-1.58116
0.0370525,0.342498,0.0292388;-1.60024,-0.174372,-1.57912
0.0348436,0.338024,0.0302763;-1.5997,-0.122386,-1.58763
0.0338729,0.359217,0.0373418;-1.58116,0.0746426,-1.57563
0.0341146,0.379436,0.0351798;-1.69476,0.0401994,-1.5671
0.0357634,0.38063,0.0287543;-1.57019,0.000863701,-1.56161
0.0353446,0.37753,0.028582;-1.5724,-0.270623,-1.57365
0.0358033,0.377937,0.0289808;-1.59007,-0.292368,-1.57745
0.0358022,0.376437,0.0306706;-1.62002,-0.268666,-1.58983
0.030426,0.392285,0.0364375;-1.69168,-0.0466108,-1.59246
0.0278801,0.403809,0.0346317;-1.68554,-0.0284887,-1.5823
0.0265316,0.402701,0.0285969;-1.56549,-0.00308088,-1.56992
0.0250295,0.398182,0.0286487;-1.56986,-0.191362,-1.56776
0.0245905,0.397296,0.0285783;-1.57077,-0.213124,-1.57077
0.0238823,0.396299,0.0288165;-1.57714,-0.178478,-1.57843
0.0246293,0.391527,0.0401312;-1.57649,0.00626652,-1.60652
0.0230391,0.39789,0.041245;-1.67808,0.0653829,-1.60042
0.0201332,0.404102,0.0333698;-1.636,0.110301,-1.58805
0.0193969,0.403101,0.0286456;-1.57071,0.0373615,-1.56745
0.0181675,0.399543,0.028658;-1.57089,-0.1137,-1.56707
0.0180965,0.399302,0.0285796;-1.57087,-0.114138,-1.57077
0.0186291,0.399076,0.0293487;-1.56499,-0.0659337,-1.58216
0.0175699,0.426101,0.0434701;-1.60802,0.0437094,-1.60922
0.0144967,0.450207,0.0395172;-1.75227,0.0323859,-1.60229
0.0137028,0.445758,0.0287874;-1.56454,0.0107361,-1.58226
0.0122814,0.444085,0.0286798;-1.56957,-0.23882,-1.56672
0.0120401,0.443672,0.0286816;-1.56967,-0.257971,-1.56602
0.0122003,0.444125,0.0287168;-1.57004,-0.241478,-1.56447
0.00862895,0.460666,0.0369875;-1.72254,-0.078151,-1.59256
0.00982649,0.473084,0.0363413;-1.72553,-0.136339,-1.59931
0.0131639,0.476649,0.0323215;-1.65191,-0.21249,-1.59309
0.0160955,0.478478,0.0286523;-1.57056,-0.331803,-1.57428
0.0161589,0.478354,0.0285798;-1.57067,-0.296976,-1.57097
0.0161917,0.479297,0.0287975;-1.57198,-0.241269,-1.56166
0.0111945,0.484875,0.0357776;-1.70342,-0.0546038,-1.57749
0.0109166,0.4895,0.0368371;-1.73878,-0.0552526,-1.58429
0.0120386,0.487617,0.0310659;-1.61291,-0.0889458,-1.59088
0.0156129,0.492927,0.029055;-1.58299,-0.250296,-1.58478
0.0160842,0.494183,0.0288464;-1.58126,-0.277646,-1.57642
0.01474,0.491512,0.028675;-1.57173,-0.197561,-1.5748
0.0142918,0.488161,0.0335149;-1.4976,-0.0515795,-1.55424
0.0145037,0.49013,0.0358471;-1.44436,-0.0302153,-1.55453
0.0136032,0.501479,0.031411;-1.52777,-0.0676451,-1.57288
0.0158177,0.513581,0.0289662;-1.5792,-0.25695,-1.58352
0.0180907,0.518223,0.0291228;-1.58725,-0.394442,-1.588
0.0172518,0.518695,0.0291615;-1.59078,-0.382558,-1.58764
0.0141246,0.520109,0.0322851;-1.63087,-0.295314,-1.57703
0.0118793,0.525915,0.0348623;-1.66133,-0.243152,-1.56794
0.013087,0.533443,0.030817;-1.58889,-0.279442,-1.55128
0.0156189,0.53629,0.0285954;-1.57023,-0.411575,-1.57104
0.0165905,0.535639,0.0287969;-1.57517,-0.455449,-1.57909
0.0161766,0.53355,0.0291551;-1.59396,-0.407168,-1.58697
0.0101889,0.528752,0.0341798;-1.67949,-0.257257,-1.60337
0.00453674,0.535883,0.0376078;-1.73367,-0.123247,-1.59471
0.00231808,0.539767,0.0385766;-1.75631,-0.0536904,-1.59484
0.00349943,0.534337,0.028694;-1.56611,-0.0635961,-1.5713
0.00326317,0.53322,0.0286982;-1.57162,-0.104162,-1.57651
0.00458387,0.533668,0.0290205;-1.57978,-0.17065,-1.5846
0.00450938,0.52301,0.0323831;-1.57331,-0.0582033,-1.6245
0.00242187,0.522691,0.0397268;-1.48113,0.0324838,-1.6214
0.00141413,0.520536,0.0436113;-1.27409,0.145459,-1.60565
0.00157489,0.525924,0.0339766;-1.46193,0.112959,-1.58352
-0.000443146,0.531781,0.0289974;-1.55698,0.0496172,-1.57752
-0.00149422,0.531621,0.0286213;-1.57048,-0.116096,-1.56679
-0.00315571,0.529836,0.0291771;-1.59246,-0.0509869,-1.57947
-0.00320375,0.52967,0.0342767;-1.64441,-0.0106604,-1.60021
-0.00249724,0.539229,0.0419284;-1.71959,0.0415341,-1.60685
-0.00468092,0.554922,0.0311983;-1.62225,0.0173206,-1.57936
-0.00423309,0.554818,0.0285822;-1.57052,-0.0553021,-1.57089
-0.0059669,0.551479,0.0287045;-1.56867,-0.232743,-1.5662
-0.00702483,0.550117,0.0285817;-1.57052,-0.249541,-1.57008
-0.00771628,0.551918,0.0302524;-1.60367,-0.195766,-1.58117
-0.00657172,0.557175,0.037376;-1.67072,-0.161113,-1.5975
-0.00706352,0.567028,0.0364362;-1.69314,-0.111918,-1.61333
-0.00943862,0.563815,0.0295577;-1.58771,-0.102883,-1.58667
-0.00906598,0.564081,0.0287737;-1.57785,-0.130529,-1.57405
-0.00643148,0.563419,0.0286913;-1.57064,-0.274809,-1.56555
-0.00569927,0.564133,0.0288364;-1.56002,-0.228886,-1.56625
-0.00270556,0.562813,0.0326813;-1.50971,-0.177955,-1.56533
0.00367789,0.563522,0.0360076;-1.47536,-0.125968,-1.58199
0.00358722,0.578351,0.032675;-1.60915,-0.161091,-1.61354
0.0027291,0.583198,0.0290089;-1.5794,-0.200757,-1.58441
0.00589916,0.588384,0.0285849;-1.5701,-0.439393,-1.56957
0.0062054,0.588752,0.0287008;-1.5697,-0.417501,-1.56561
0.006843,0.588164,0.0294592;-1.55231,-0.431512,-1.55724
0.00229473,0.602517,0.0361144;-1.44802,-0.44416,-1.52832
-0.00554902,0.622444,0.0308188;-1.62178,-0.504363,-1.60768
-0.00586083,0.630642,0.0290513;-1.57498,-0.579629,-1.59185
-0.00695493,0.636832,0.0287916;-1.57529,-0.735288,-1.58052
-0.00671522,0.636865,0.0286071;-1.57078,-0.743304,-1.57197
-0.00696578,0.636733,0.0288094;-1.57332,-0.71051,-1.56317
-0.00636652,0.634818,0.0340201;-1.64191,-0.672855,-1.57567
-0.00665495,0.637293,0.0322762;-1.63538,-0.689045,-1.58974
-0.00606408,0.637693,0.0285911;-1.56889,-0.71555,-1.57154
-0.00615666,0.638966,0.0289312;-1.58318,-0.766647,-1.58713
-0.00626426,0.639768,0.0289728;-1.59151,-0.783156,-1.58965
-0.00652853,0.634241,0.029205;-1.60358,-0.670778,-1.59446
0.00369069,0.61268,0.0346849;-1.46141,-0.486325,-1.50745
0.00548719,0.610201,0.0334925;-1.47028,-0.516833,-1.51414
0.00398204,0.615124,0.0286663;-1.57201,-0.485191,-1.56624
0.00435858,0.616451,0.0286565;-1.57477,-0.562344,-1.57307
0.00531064,0.617609,0.0289299;-1.58804,-0.596339,-1.58338
0.00646862,0.612549,0.031094;-1.61262,-0.509377,-1.61178
0.00646862,0.612549,0.031094;-1.61262,-0.509377,-1.61178
0.00642088,0.606588,0.0353033;-1.65276,-0.411211,-1.63144
0.00642088,0.606588,0.0353033;-1.65276,-0.411211,-1.63144
