0,0,0.11;-1.57,-2.98023e-08,-1.57
0,0,0.11;-1.57,-2.98023e-08,-1.57
0,0,0.11;-1.57,-2.98023e-08,-1.57
-0.000852833,-0.00233895,0.0285891;-1.57093,-0.252848,-1.57029
0.000447256,0.000526203,0.028797;-1.56875,-0.141743,-1.56209
0.00207177,0.00823397,0.0296215;-1.55919,0.00392322,-1.55544
0.000893419,0.00987834,0.0309336;-1.57159,0.109212,-1.53988
0.00180668,-0.00114423,0.0287415;-1.57091,-0.151796,-1.56302
0.000678641,-0.00417039,0.0287213;-1.57085,-0.276612,-1.56386
0.000352743,-0.00611037,0.0286819;-1.57068,-0.360899,-1.56584
0.00198796,-0.00174499,0.0288508;-1.56434,-0.198996,-1.56288
0.00372973,0.00601463,0.0296233;-1.56249,-0.05253,-1.5555
0.000114041,0.0134615,0.0320239;-1.57546,0.11741,-1.53209
0.000749678,0.00153218,0.0299145;-1.56908,0.0465633,-1.54992
0.000285194,-0.00425273,0.0287966;-1.57094,-0.078571,-1.56027
-0.00169414,-0.00801974,0.0287032;-1.56909,-0.222914,-1.56578
-0.00152231,-0.00614111,0.0287739;-1.56833,-0.190748,-1.56322
0.000291149,0.000737998,0.0292756;-1.55719,-0.0788628,-1.56013
-0.00241911,0.0116871,0.0315582;-1.57327,0.102483,-1.5375
-0.0058681,-0.0013111,0.0328324;-1.54356,0.18932,-1.53744
-0.00704744,-0.00948498,0.0297297;-1.56429,0.0876981,-1.5532
-0.00948892,-0.0146549,0.0287895;-1.5708,-0.0531566,-1.56058
-0.0113946,-0.0176896,0.028585;-1.5707,-0.215213,-1.57034
-0.0106006,-0.0160616,0.0286301;-1.56941,-0.151622,-1.56955
-0.00826731,-0.00760686,0.0294007;-1.56508,-0.0154793,-1.55858
-0.0114675,-0.00081398,0.0315627;-1.59506,0.110544,-1.54769
-0.00987309,-0.00605676,0.0287556;-1.57937,0.0663466,-1.57023
-0.0112708,-0.0133065,0.0290983;-1.59236,0.0125988,-1.57439
-0.0124292,-0.0153842,0.0289848;-1.58293,0.0686315,-1.57723
-0.0131133,-0.0171232,0.0288377;-1.57057,0.125614,-1.58305
-0.00378928,0.00331548,0.0317329;-1.61651,0.315252,-1.55578
-0.00468514,0.0166448,0.0374775;-1.74872,0.419412,-1.51312
-0.00344236,0.0142963,0.035532;-1.71353,0.388801,-1.52745
-0.00260525,0.00296405,0.0295777;-1.60502,0.272898,-1.56582
-0.00911395,-0.00208305,0.0303294;-1.61872,0.346619,-1.56136
-0.0205653,-0.0108437,0.0295124;-1.58873,0.496177,-1.57748
-0.0167243,-0.00941998,0.0304335;-1.57943,0.688224,-1.58238
-0.00580158,0.00690694,0.0369408;-1.78897,0.807285,-1.42775
-0.00471947,0.00983528,0.0393429;-1.83639,0.81919,-1.40263
0.00214391,0.0054361,0.0315194;-1.65692,0.632886,-1.52314
0.000312164,0.00384556,0.029693;-1.61065,0.620282,-1.55478
-0.00960688,0.00151564,0.0304284;-1.62821,0.723663,-1.54421
-0.0208951,-0.00403287,0.029067;-1.58048,0.959281,-1.57801
-0.0109094,0.000445888,0.0309967;-1.59058,1.10835,-1.55224
-6.73387e-05,0.0112986,0.0370705;-1.98903,1.19095,-1.19598
0.00549029,0.00506083,0.0307424;-1.66577,1.00606,-1.49375
0.00668984,0.00318582,0.0288818;-1.57954,0.866511,-1.57264
0.00823564,0.00302619,0.0290953;-1.60394,0.811583,-1.54913
0.000427029,0.0025968,0.0287382;-1.57023,1.0888,-1.57895
0.00565634,0.00329563,0.0297589;-1.55764,1.25706,-1.57181
0.0115297,0.00670795,0.0320366;-1.70159,1.42983,-1.41553
0.0105991,0.00397887,0.0286772;-1.5713,1.2083,-1.56554
0.00618791,0.00460824,0.0285792;-1.57102,1.02064,-1.57057
0.00348668,0.00434479,0.0285994;-1.57087,0.900187,-1.56972
0.00625798,0.00362409,0.0289039;-1.54866,1.02549,-1.58263
0.0190137,0.0052785,0.030286;-1.54471,1.18182,-1.57455
0.0246674,0.0116095,0.0322986;-1.59666,1.3649,-1.50214
0.0124721,0.00521359,0.0293893;-1.56943,1.23211,-1.55684
0.00704279,0.00382633,0.0287729;-1.56741,1.08688,-1.56545
0.00401393,0.00390038,0.0287271;-1.56709,0.974924,-1.56817
0.00472308,0.00369607,0.0289497;-1.53886,0.996064,-1.59679
0.0116404,0.00434257,0.0293626;-1.54246,1.14024,-1.58636
0.0185477,0.0101796,0.0318764;-1.58473,1.30741,-1.52065
0.00457372,0.00693795,0.0308872;-1.56072,1.34517,-1.5497
-0.00443711,0.00401415,0.0288701;-1.56909,1.23026,-1.56257
-0.00741175,0.00379397,0.0287463;-1.57103,1.11357,-1.56254
-0.0101166,0.00403182,0.0286784;-1.57089,0.995786,-1.56601
-0.00646518,0.00329188,0.0288259;-1.5604,1.10775,-1.57305
0.000259087,0.00384763,0.0300769;-1.53711,1.26478,-1.5858
-0.00551115,0.010761,0.0318946;-1.44903,1.51961,-1.65024
-0.0143368,0.00764926,0.0302088;-1.50038,1.44056,-1.61661
-0.0199094,0.00828113,0.0289113;-1.54739,1.32688,-1.58324
-0.0237927,0.00913493,0.0285798;-1.57066,1.17318,-1.57098
-0.0238038,0.00907061,0.028578;-1.57097,1.19409,-1.57058
-0.0219733,0.00879544,0.0285957;-1.57134,1.24119,-1.56908
-0.00329144,0.0183532,0.0339395;-2.579,1.50276,-0.542317
-0.00493912,0.0164819,0.0331823;-2.44738,1.47278,-0.692224
-0.0125245,0.0101532,0.0289347;-1.66016,1.39616,-1.48469
-0.0168281,0.00859642,0.029177;-1.66142,1.29408,-1.48662
-0.0220363,0.0107668,0.0291108;-1.71782,1.44369,-1.43198
-0.0257464,0.0128909,0.029;2.7452,1.56048,0.385462
-0.000106169,0.0126059,0.0361691;2.04719,1.27685,1.0957
0.00142912,0.0106998,0.036906;2.13508,1.29919,1.00367
0.00125199,0.00634764,0.0337363;2.23688,1.39594,0.904846
-0.00646167,0.00793209,0.0301979;1.89629,1.44686,1.2396
-0.0163265,0.0175022,0.0295805;1.61575,1.29703,1.50774
-0.0218911,0.0208234,0.0298036;1.5709,1.19627,1.54705
0.00396205,0.0104806,0.0390351;1.86992,0.917463,1.30708
0.0080697,0.00561966,0.0387812;1.88015,0.987549,1.28155
0.00828716,0.000956651,0.0350019;1.84306,1.07941,1.32129
0.00423055,0.000805944,0.0296528;1.65148,1.16918,1.48986
0.00193366,0.00530946,0.029158;1.60552,1.10539,1.52762
0.00124134,0.00687109,0.0291923;1.605,1.07285,1.52774
0.0112627,0.00525856,0.034956;1.71187,0.779234,1.46839
0.0135024,0.00412007,0.0357979;1.75781,0.771651,1.42863
0.0110015,0.00528648,0.0327573;1.68205,0.802921,1.4821
0.00797136,0.000768858,0.0288214;1.58829,1.05522,1.55269
0.00763689,0.000276884,0.0289302;1.5981,1.10591,1.54177
0.0061327,0.00361878,0.0286619;1.57347,0.993297,1.56578
0.00645342,0.00427411,0.0286886;1.5771,0.883527,1.56695
0.0125711,0.00249498,0.0323124;1.59244,0.570231,1.59176
0.00857166,0.00454226,0.0300188;1.56144,0.676849,1.59871
0.00487818,0.00917555,0.0288017;1.56841,0.817298,1.5815
0.00237125,0.0147348,0.0286833;1.56658,1.08173,1.57793
0.00243635,0.014264,0.0286939;1.55917,1.05467,1.58149
0.00331636,0.0109637,0.0290329;1.5407,0.947331,1.59993
0.0180013,-0.00144592,0.0324575;1.57368,0.616481,1.61187
0.0110093,0.00427402,0.0319264;1.55254,0.647907,1.61518
0.00391943,0.0117295,0.0288444;1.56657,0.781214,1.58327
0.00189355,0.0181424,0.0286855;1.56962,1.01988,1.57638
0.00176005,0.0187368,0.0286574;1.56486,1.04054,1.57665
0.00219305,0.0160251,0.0290442;1.53752,0.94546,1.60116
0.0130674,0.00812084,0.0326032;1.56974,0.623638,1.61277
0.00738212,0.0136607,0.0317164;1.56029,0.611331,1.61137
-0.000528253,0.0219303,0.0289562;1.56839,0.717435,1.58303
-0.00171834,0.0281058,0.028716;1.56985,0.926133,1.57776
-0.00205978,0.02835,0.0287404;1.56263,0.942891,1.58034
-0.0015964,0.0266216,0.0288501;1.55844,0.892979,1.58571
0.00790136,0.0142956,0.0316802;1.57259,0.606263,1.60511
0.00872621,0.019638,0.0320063;1.58513,0.510282,1.59939
0.000744021,0.0297026,0.0296289;1.55891,0.547308,1.59488
-0.0022022,0.0361356,0.028588;1.57104,0.6778,1.57125
-0.00246964,0.0365721,0.028583;1.57115,0.681792,1.57022
-0.00253463,0.036967,0.0286372;1.57083,0.657594,1.56808
0.00147401,0.0291642,0.0302821;1.58527,0.541924,1.57009
0.0122574,0.0205628,0.0356821;1.68655,0.372492,1.53082
0.0136751,0.0231963,0.0342879;1.67943,0.327738,1.52684
0.00883888,0.0296738,0.0292278;1.60134,0.393673,1.55538
0.00822417,0.0308524,0.029323;1.60359,0.408014,1.55206
0.00905891,0.0361581,0.0302149;1.60603,0.342351,1.54668
0.0103433,0.0409888,0.0321825;1.61718,0.200303,1.53877
0.012624,0.0246328,0.0365504;1.71539,0.0634867,1.54761
0.0154971,0.0210746,0.0385178;1.74453,-0.00674137,1.55031
0.00907821,0.0213578,0.0319671;1.64808,0.112628,1.55977
0.00875384,0.024644,0.0298792;1.60492,0.121323,1.55754
0.0127278,0.0325115,0.0307385;1.61331,0.0451763,1.55203
0.0192801,0.0487444,0.0293659;1.57274,-0.170211,1.55433
0.0159492,0.0369206,0.0323867;1.61353,-0.294031,1.56989
0.0149453,0.0209464,0.0389841;1.76628,-0.392675,1.62413
0.00752395,0.0171478,0.0338055;1.68777,-0.250515,1.5914
0.00589276,0.0191384,0.0292781;1.59753,-0.199991,1.56823
0.00766707,0.021092,0.0297077;1.60574,-0.206269,1.57286
0.0199022,0.031135,0.029034;1.58188,-0.445643,1.56352
0.0202849,0.0301876,0.0300522;1.58605,-0.602004,1.58126
0.0171385,0.0218094,0.0335981;1.65976,-0.750924,1.63769
0.0133461,0.0235587,0.0293386;1.60058,-0.60907,1.58368
0.0121488,0.0238769,0.0287429;1.57304,-0.494326,1.56574
0.00868153,0.0223793,0.028808;1.58055,-0.363936,1.57232
0.0109403,0.0237563,0.0285845;1.57089,-0.47627,1.57065
0.00843813,0.0207902,0.0294963;1.56651,-0.605205,1.58086
0.00776735,0.0160634,0.0318389;1.58159,-0.76742,1.6087
0.0171917,0.0270705,0.0296742;1.56434,-0.743137,1.58627
0.0214322,0.0300331,0.0288187;1.5706,-0.624498,1.58218
0.0233356,0.0312334,0.0287028;1.57093,-0.529637,1.57684
0.0236789,0.0314045,0.0287198;1.56448,-0.500729,1.56908
0.0203803,0.0300854,0.0289512;1.56042,-0.615782,1.57457
0.015634,0.0235673,0.0311732;1.57102,-0.757322,1.60187
0.0242164,0.0260503,0.0312972;1.58549,-0.914599,1.61617
0.0317118,0.0341838,0.0290043;1.57226,-0.83027,1.58376
0.0344968,0.0360245,0.0287383;1.57104,-0.731512,1.57856
0.034698,0.0366855,0.0287355;1.56548,-0.681031,1.5708
0.0320546,0.036188,0.0287564;1.56813,-0.7669,1.57545
0.0262938,0.0345026,0.0294387;1.55808,-0.904476,1.57391
0.0315845,0.0316455,0.0324558;1.57642,-1.14912,1.61721
0.0433128,0.0400794,0.0301001;1.56526,-1.0934,1.58931
0.0495832,0.042057,0.0287823;1.57156,-0.975144,1.58135
0.0519229,0.042268,0.0287047;1.57091,-0.871222,1.57698
0.0504817,0.0417715,0.0286747;1.57078,-0.921795,1.57532
0.0474454,0.0418246,0.0290163;1.54943,-1.01508,1.56268
0.0389705,0.0360386,0.0325254;1.64784,-1.32302,1.68111
0.0451769,0.0391992,0.0306299;1.59726,-1.31054,1.61792
0.0542653,0.0425631,0.0286643;1.57126,-1.21523,1.57529
0.0559829,0.0422984,0.0286481;1.57599,-1.16445,1.57437
0.0555703,0.0423372,0.0287044;1.57062,-1.17117,1.5648
0.053202,0.0424138,0.0287263;1.56826,-1.22127,1.56075
0.0312232,0.0338853,0.0352753;2.20818,-1.41563,2.21224
0.031371,0.0338245,0.035779;2.4476,-1.39762,2.42845
0.036975,0.0369536,0.0315938;1.96517,-1.40064,1.95609
0.0463175,0.0351689,0.0297109;1.8684,-1.46416,1.85909
0.0532386,0.0336487,0.02913;2.56246,-1.55491,2.54851
0.0561444,0.0332072,0.029057;-1.63477,-1.51622,-1.65413
0.0561444,0.0332072,0.029057;-1.63477,-1.51622,-1.65413
0.049026,0.0350375,0.0302616;-1.67947,-1.42884,-1.69209
0.049026,0.0350375,0.0302616;-1.67947,-1.42884,-1.69209
