0,0,0.11;-1.57,-2.98023e-08,-1.57
0,0,0.11;-1.57,-2.98023e-08,-1.57
0,0,0.11;-1.57,-2.98023e-08,-1.57
-0.000911692,-0.00216755,0.0287822;-1.56441,-0.274961,-1.56529
0.000266099,0.000818214,0.0286139;-1.5706,-0.151247,-1.56917
0.00149287,0.00596471,0.0292648;-1.57776,-0.0301969,-1.57555
-0.00144369,0.00426612,0.0377494;-1.71134,0.165037,-1.57909
-0.00478029,-0.0262458,0.0286284;-1.57216,0.0180465,-1.56693
-0.00497654,-0.0287562,0.0287338;-1.57154,-0.103682,-1.56292
-0.00540116,-0.0306602,0.028745;-1.56967,-0.191118,-1.56358
-0.00338687,-0.0267646,0.0285756;-1.57089,-0.0618191,-1.57039
0.00144956,-0.0155234,0.0291622;-1.5807,0.0309956,-1.57513
0.00437572,0.00472163,0.0376939;-1.75362,0.133274,-1.55175
0.0012582,-0.000502325,0.0334741;-1.67023,0.160519,-1.56001
-0.000766511,-0.0110833,0.0287312;-1.55772,0.1189,-1.57209
-0.00186844,-0.0136558,0.0287046;-1.57074,0.0268595,-1.56467
-0.00191028,-0.0141335,0.028581;-1.57079,-0.0251344,-1.57074
0.000782013,-0.00851279,0.0311505;-1.52865,0.0287513,-1.58055
0.00652352,0.0133971,0.039339;-1.42202,0.0966447,-1.60187
0.0127944,0.0484225,0.0369348;-1.74001,0.0407385,-1.56869
0.0166029,0.0465726,0.0329936;-1.66507,-0.04482,-1.57573
0.0180814,0.0385126,0.0287445;-1.56342,-0.148368,-1.56744
0.0177328,0.0358754,0.0287123;-1.57083,-0.210344,-1.56442
0.0192395,0.0363771,0.0286196;-1.56964,-0.0966401,-1.57195
0.0240523,0.0347933,0.0320168;-1.51235,0.0356816,-1.57496
0.027764,0.0370708,0.0361342;-1.44225,0.123425,-1.57822
0.0275277,0.0390315,0.0298435;-1.54665,0.153347,-1.57688
0.0245143,0.0349522,0.0287234;-1.57083,-0.113927,-1.56334
0.0241968,0.0330848,0.0287116;-1.57083,-0.16337,-1.56442
0.0242845,0.0341094,0.0286176;-1.57074,-0.111339,-1.56909
0.0344462,0.0426603,0.0331088;-1.50734,0.198964,-1.57397
0.0366838,0.0462861,0.0361782;-1.48092,0.289476,-1.57283
0.0364818,0.0445414,0.0332498;-1.5096,0.332926,-1.56856
0.0354171,0.0419664,0.0286057;-1.57058,0.19063,-1.56937
0.0363582,0.0382163,0.0286471;-1.57073,0.0259253,-1.56753
0.0357012,0.0364051,0.0285956;-1.57086,-0.0382503,-1.57003
0.0386472,0.0439962,0.0311075;-1.52895,0.152716,-1.57637
0.035955,0.055846,0.0349676;-1.49325,0.276235,-1.57124
0.0326707,0.0605447,0.0365027;-1.52739,0.335336,-1.57394
0.029027,0.0499751,0.0286333;-1.57103,0.189621,-1.56787
0.0287721,0.0470734,0.0286896;-1.5704,0.0623949,-1.5653
0.02813,0.0450997,0.0286296;-1.57071,-0.0346098,-1.56854
0.0297171,0.0481784,0.0292676;-1.55353,0.0662624,-1.57542
0.0294592,0.0603034,0.0334448;-1.5027,0.163966,-1.58854
0.029983,0.0856145,0.0407239;-1.61975,0.180196,-1.59814
0.0348312,0.103914,0.0285304;-1.56832,0.019305,-1.57069
0.0339665,0.101243,0.0287947;-1.56812,-0.0459793,-1.5628
0.0321736,0.0981509,0.0287117;-1.57103,-0.146108,-1.56437
0.0327726,0.0985131,0.0287507;-1.56304,-0.0949596,-1.57049
0.0320709,0.106305,0.032226;-1.50858,-0.023727,-1.57234
0.0247802,0.12643,0.0402904;-1.52851,0.0506361,-1.59141
0.0195365,0.156428,0.0285521;-1.56949,-0.121651,-1.57077
0.0188217,0.153953,0.0288093;-1.56821,-0.255807,-1.56067
0.0177264,0.148418,0.0289839;-1.55485,-0.368711,-1.56032
0.0180991,0.14756,0.0285772;-1.57082,-0.284198,-1.57058
0.0183209,0.143689,0.0306256;-1.56664,-0.0998032,-1.58256
0.0183685,0.142514,0.0391447;-1.58352,0.0625051,-1.59662
0.0110735,0.145407,0.0286533;-1.5706,0.0898274,-1.57436
0.00896461,0.143561,0.0287389;-1.57082,-0.0584167,-1.56294
0.00691202,0.139368,0.0288808;-1.56543,-0.223146,-1.56036
0.00574327,0.13637,0.0285775;-1.57103,-0.353794,-1.57085
0.00538003,0.137802,0.0292581;-1.58845,-0.252965,-1.58167
0.00380367,0.14619,0.0358498;-1.69579,-0.118429,-1.60194
-0.000690775,0.138379,0.0332689;-1.63116,0.0765748,-1.59174
-0.00062545,0.123006,0.0287171;-1.5619,0.064277,-1.57254
-0.00111813,0.120449,0.0287011;-1.57079,-0.00406535,-1.5648
-0.00235347,0.115986,0.0286362;-1.57046,-0.253942,-1.56799
-0.00177371,0.116485,0.02861;-1.57051,-0.212334,-1.57255
1.37521e-05,0.122355,0.0306842;-1.56083,-0.1615,-1.5822
0.00364829,0.159052,0.0372118;-1.74257,-0.0971576,-1.59399
0.00275523,0.158189,0.0337843;-1.67616,-0.112879,-1.58717
0.00138685,0.152747,0.0285661;-1.57008,-0.0897154,-1.5701
9.37869e-05,0.149103,0.0287065;-1.57089,-0.206402,-1.56464
-0.000318118,0.1484,0.028589;-1.57029,-0.241755,-1.57051
0.000306848,0.148387,0.0293155;-1.55483,-0.226372,-1.57086
-0.00811738,0.1835,0.0439865;-1.58743,-0.149726,-1.60224
-0.0141205,0.21396,0.0368977;-1.74332,-0.238847,-1.61785
-0.0112424,0.214448,0.0290446;-1.59207,-0.34083,-1.58057
-0.0108355,0.209263,0.0289989;-1.55446,-0.466013,-1.55772
-0.0110165,0.209518,0.0286103;-1.57073,-0.454061,-1.56933
-0.00903366,0.207909,0.0286721;-1.57109,-0.360728,-1.57544
-0.00129899,0.203555,0.0390239;-1.47636,-0.0538975,-1.56108
-0.000326984,0.202418,0.0409188;-1.5769,0.00656446,-1.58563
-0.00155075,0.198583,0.028619;-1.56911,0.0374503,-1.57108
-0.00170113,0.194612,0.028676;-1.57086,-0.111062,-1.56615
-0.00220435,0.19257,0.0285789;-1.57063,-0.179502,-1.57067
-0.00180654,0.192146,0.029143;-1.55482,-0.180977,-1.56984
-0.00580987,0.205873,0.037777;-1.49116,0.00274414,-1.55496
-0.0112338,0.208524,0.0405971;-1.55672,0.0263868,-1.56801
-0.0170061,0.206093,0.0287772;-1.56183,0.0106516,-1.57101
-0.0193799,0.203357,0.0287422;-1.57132,-0.167358,-1.5627
-0.0198528,0.201924,0.02858;-1.57072,-0.223558,-1.57067
-0.0215117,0.201516,0.0288337;-1.55775,-0.314749,-1.56665
-0.0217662,0.212361,0.0378443;-1.55489,-0.282665,-1.5969
-0.0239829,0.218267,0.0387448;-1.59663,-0.216165,-1.59826
-0.0237564,0.217096,0.0293715;-1.56072,-0.151337,-1.57606
-0.0237336,0.213462,0.0286568;-1.57033,-0.150414,-1.56659
-0.0234457,0.210465,0.0287262;-1.56661,-0.281348,-1.56506
-0.0241251,0.209736,0.0287498;-1.56221,-0.319883,-1.56806
-0.0250672,0.209615,0.0302166;-1.5375,-0.34085,-1.56158
-0.0369217,0.232621,0.0407925;-1.53585,-0.251789,-1.58117
-0.0512714,0.257206,0.0335385;-1.62473,-0.299429,-1.60259
-0.0540159,0.260708,0.0285799;-1.57101,-0.333351,-1.57073
-0.054491,0.257144,0.0287739;-1.56699,-0.440617,-1.562
-0.0546608,0.256917,0.0286238;-1.57102,-0.43726,-1.5686
-0.0524952,0.256906,0.0288035;-1.56085,-0.359504,-1.56881
-0.0523948,0.268423,0.0377495;-1.47097,-0.181534,-1.5427
-0.0580176,0.276888,0.0399816;-1.54779,-0.163863,-1.57189
-0.0618064,0.281344,0.0285317;-1.57349,-0.184753,-1.57086
-0.0626044,0.27398,0.0288176;-1.56596,-0.42691,-1.5618
-0.0628293,0.273252,0.0286062;-1.57154,-0.434299,-1.56916
-0.0622995,0.273259,0.0286126;-1.56884,-0.40113,-1.57034
-0.052679,0.266826,0.0359337;-1.49955,-0.178578,-1.54886
-0.0488099,0.262015,0.0359447;-1.52924,-0.106401,-1.55364
-0.0509742,0.261457,0.0286888;-1.56519,-0.127211,-1.5704
-0.0521609,0.256326,0.0287455;-1.57076,-0.344296,-1.56264
-0.0526147,0.254774,0.0287159;-1.57028,-0.403468,-1.56461
-0.0532065,0.254262,0.0286113;-1.569,-0.439786,-1.56986
-0.0474794,0.257508,0.03772;-1.5804,-0.375069,-1.59714
-0.0460204,0.25867,0.0404425;-1.60105,-0.285152,-1.60262
-0.044562,0.253758,0.0299902;-1.53344,-0.244308,-1.56084
-0.0445488,0.254343,0.0287463;-1.57093,-0.196307,-1.56284
-0.0446369,0.252018,0.0287135;-1.57041,-0.296339,-1.56452
-0.0450291,0.251063,0.0285901;-1.5707,-0.341115,-1.57031
-0.0490575,0.252235,0.0332131;-1.49127,-0.494692,-1.5435
-0.0556159,0.26472,0.0411452;-1.51797,-0.537195,-1.56475
-0.0604019,0.271164,0.0411053;-1.63564,-0.503226,-1.62355
-0.0623152,0.272097,0.028599;-1.57041,-0.535996,-1.56936
-0.0617648,0.271122,0.0287389;-1.56993,-0.566293,-1.56347
-0.0615865,0.271093,0.0287102;-1.569,-0.553677,-1.56518
-0.0577096,0.272723,0.0304756;-1.53354,-0.434492,-1.55567
-0.0584476,0.275565,0.0352312;-1.45741,-0.389519,-1.51767
-0.0615251,0.279236,0.0367369;-1.43138,-0.381281,-1.50034
-0.0655823,0.286831,0.0285693;-1.57178,-0.398066,-1.57099
-0.0652732,0.284849,0.0288092;-1.56562,-0.464778,-1.56218
-0.065736,0.282658,0.0287811;-1.56589,-0.532657,-1.5629
-0.0646841,0.283101,0.028601;-1.56967,-0.476886,-1.57042
-0.0601687,0.281226,0.030593;-1.55057,-0.385278,-1.56888
-0.0573638,0.280217,0.0389141;-1.53678,-0.298558,-1.56924
-0.0674101,0.284906,0.0285834;-1.57052,-0.305914,-1.57061
-0.0689815,0.281168,0.0287397;-1.5709,-0.462129,-1.56303
-0.0695437,0.276596,0.0288173;-1.56547,-0.607922,-1.56077
-0.0699758,0.27503,0.0285802;-1.571,-0.685207,-1.57114
-0.0684425,0.275624,0.0305213;-1.61014,-0.658392,-1.60548
-0.0645221,0.275602,0.0402762;-1.67423,-0.557754,-1.64807
-0.0589443,0.260091,0.0288336;-1.55868,-0.365926,-1.56713
-0.0587825,0.261404,0.0286767;-1.57081,-0.295213,-1.56608
-0.0588935,0.260902,0.0287404;-1.57064,-0.319625,-1.56313
-0.0601989,0.256366,0.0286142;-1.56881,-0.497581,-1.56973
-0.0622911,0.258094,0.0296214;-1.56978,-0.596089,-1.57835
-0.0634369,0.265845,0.0381407;-1.61826,-0.665373,-1.61168
-0.0726381,0.279788,0.0288957;-1.58719,-0.717024,-1.58447
-0.0712156,0.279218,0.0287544;-1.56028,-0.612758,-1.56447
-0.070739,0.282509,0.0288568;-1.56359,-0.509631,-1.56028
-0.0696282,0.284357,0.028608;-1.57065,-0.439181,-1.56939
-0.0681731,0.284789,0.029095;-1.55578,-0.397562,-1.56882
-0.0661783,0.287075,0.0330625;-1.52807,-0.412735,-1.56371
-0.0726903,0.298784,0.0367849;-1.56906,-0.504939,-1.57579
-0.0774221,0.30429,0.0285632;-1.57051,-0.548602,-1.56919
-0.0778699,0.303909,0.0286814;-1.57069,-0.584257,-1.5658
-0.0773326,0.301988,0.0288341;-1.56516,-0.609075,-1.5601
-0.0760029,0.301983,0.0285829;-1.57124,-0.535076,-1.5722
-0.0694438,0.298568,0.0299319;-1.5586,-0.394275,-1.57554
-0.0498752,0.292029,0.0371228;-1.51723,-0.27732,-1.55556
-0.0486042,0.28809,0.0317605;-1.5111,-0.31256,-1.546
-0.0520697,0.28955,0.0286159;-1.571,-0.384216,-1.56893
-0.0525382,0.285167,0.028841;-1.56499,-0.549626,-1.56024
-0.0523776,0.284838,0.0287009;-1.56897,-0.55692,-1.56564
-0.0511269,0.284623,0.028719;-1.57063,-0.509007,-1.57639
-0.0306973,0.277876,0.0413622;-1.57315,-0.305624,-1.59018
-0.0202003,0.269275,0.0352628;-1.53374,-0.221083,-1.55592
-0.0177395,0.267616,0.0288083;-1.55924,-0.199432,-1.56704
-0.0182437,0.265561,0.0287482;-1.56922,-0.298913,-1.56315
-0.0185885,0.26343,0.0287143;-1.5706,-0.370569,-1.56431
-0.0195288,0.262193,0.0286672;-1.56579,-0.45065,-1.5689
-0.0204847,0.274223,0.0395142;-1.6356,-0.582665,-1.62626
-0.0209304,0.277079,0.0388376;-1.66341,-0.562771,-1.62947
-0.0158858,0.270638,0.028862;-1.55646,-0.49891,-1.5647
-0.0151961,0.274655,0.0287404;-1.57042,-0.334895,-1.56296
-0.0150702,0.274743,0.0286815;-1.57024,-0.31515,-1.56582
-0.0143961,0.274772,0.0288235;-1.55859,-0.294167,-1.56717
-0.0143961,0.274772,0.0288235;-1.55859,-0.294167,-1.56717
-0.0145454,0.275292,0.0310201;-1.52764,-0.323971,-1.5615
-0.0145454,0.275292,0.0310201;-1.52764,-0.323971,-1.5615
