0,0,0.11;-1.57,-2.98023e-08,-1.57
0,0,0.11;-1.57,-2.98023e-08,-1.57
0,0,0.11;-1.57,-2.98023e-08,-1.57
-0.00111303,-0.00233279,0.0286298;-1.56988,-0.241943,-1.56886
-0.000941887,-0.00213686,0.0285804;-1.57094,-0.170055,-1.57093
-0.000566671,0.000189397,0.0288302;-1.5771,-0.0474384,-1.57664
-0.00126474,0.015618,0.0349348;-1.68934,0.0679474,-1.5764
0.00299061,0.0172251,0.0287956;-1.57064,-0.0862367,-1.58121
0.00344453,0.01767,0.0286174;-1.57075,-0.12819,-1.57269
0.00335578,0.017629,0.028582;-1.57065,-0.136428,-1.57078
0.00330714,0.0177921,0.0285794;-1.57081,-0.0885475,-1.5708
0.00442129,0.0221025,0.0288414;-1.57154,0.0558429,-1.57134
0.0033336,0.0325133,0.0315415;-1.6166,0.224196,-1.56388
0.0047279,0.037486,0.0312573;-1.62846,0.22765,-1.56528
0.00720123,0.0365233,0.0288921;-1.57862,0.139105,-1.57664
0.00810459,0.0368917,0.028805;-1.5776,0.0845021,-1.57426
0.00775751,0.0366738,0.0285879;-1.57068,0.0787178,-1.57048
0.00933353,0.0387643,0.0287627;-1.56699,0.153502,-1.57005
0.0119224,0.0479734,0.0310318;-1.59431,0.313801,-1.55258
0.0135734,0.0604391,0.0324228;-1.6363,0.459548,-1.53792
0.0159056,0.0580559,0.0296476;-1.59723,0.373394,-1.5642
0.01749,0.0565889,0.028736;-1.57194,0.277406,-1.57845
0.0173098,0.0564727,0.0286937;-1.57176,0.24434,-1.5762
0.0153639,0.0560417,0.028601;-1.57114,0.333081,-1.57125
0.0171598,0.0599402,0.0291561;-1.57155,0.452038,-1.56453
0.0208177,0.0694976,0.0314193;-1.61587,0.59109,-1.53335
0.0201824,0.0715881,0.0285832;-1.56951,0.62021,-1.57024
0.0187107,0.0715829,0.0287329;-1.56449,0.515023,-1.57645
0.0188215,0.0718894,0.0286826;-1.57074,0.503063,-1.57565
0.0184031,0.0715565,0.0289664;-1.57405,0.509881,-1.5847
0.0190499,0.0746598,0.0304009;-1.60284,0.703856,-1.5494
0.0254579,0.0854394,0.0354546;-1.74102,0.835428,-1.4325
0.0280935,0.0900093,0.0327195;-1.67652,0.863777,-1.48229
0.0262379,0.0885653,0.0285829;-1.56954,0.77841,-1.57123
0.0250003,0.0885625,0.0286515;-1.56621,0.722886,-1.57371
0.0251186,0.0887315,0.0285785;-1.57093,0.715996,-1.57067
0.0205598,0.0855897,0.0305372;-1.58436,0.82398,-1.58436
0.0199721,0.0848392,0.0345042;-1.6493,0.985754,-1.52818
0.0271344,0.0910851,0.0360686;-1.7829,1.05763,-1.3913
0.0278702,0.094518,0.0285922;-1.57105,1.06994,-1.56998
0.0264405,0.094158,0.0286831;-1.5631,0.989824,-1.57622
0.0254521,0.0946029,0.0285897;-1.57088,0.941568,-1.57024
0.0252617,0.0943347,0.0286428;-1.57127,1.01002,-1.57318
0.022969,0.0940338,0.0314992;-1.65754,1.12899,-1.50566
0.0267936,0.0962383,0.0400659;-2.05178,1.26873,-1.14443
0.0198771,0.10107,0.02858;-1.57082,1.36132,-1.57085
0.0194257,0.100907,0.0285788;-1.57141,1.31266,-1.57042
0.018219,0.100685,0.0285938;-1.57069,1.24804,-1.57028
0.0188242,0.100593,0.0286141;-1.57073,1.27336,-1.56905
0.0214073,0.101528,0.0291175;-1.58656,1.37759,-1.55196
0.0208762,0.105321,0.0350216;-2.69903,1.43879,-0.457706
0.00453139,0.104487,0.0289394;-1.44017,1.56,-1.71726
0.00469189,0.104728,0.0287399;-1.56747,1.54334,-1.58175
0.00576304,0.105384,0.0285759;-1.57121,1.49284,-1.57026
0.00439336,0.105476,0.0286346;-1.57217,1.38557,-1.56695
0.00412659,0.106029,0.029329;-1.6161,1.41333,-1.52072
0.00366178,0.109083,0.0320651;-2.51478,1.51199,-0.62312
0.00502296,0.111501,0.0287807;1.6083,1.54174,1.52373
0.00612286,0.111664,0.0288806;-1.55929,1.55438,-1.5966
0.00672497,0.111181,0.0288622;-1.64721,1.53117,-1.50475
0.00924088,0.111446,0.0285763;-1.57701,1.41201,-1.5646
0.00949456,0.111292,0.0289532;-1.58517,1.43024,-1.5509
0.0111251,0.112564,0.0309151;-1.86945,1.4824,-1.26507
0.0181772,0.11264,0.0295043;-1.98785,1.53747,-1.14864
0.0174856,0.112202,0.0285857;-1.57016,1.51152,-1.57185
0.0175741,0.112371,0.0287181;-1.56734,1.50265,-1.5807
0.0200873,0.111737,0.0289891;-1.60616,1.4016,-1.54931
0.020185,0.111967,0.0291112;-1.7198,1.40417,-1.42531
0.0195361,0.113174,0.0301223;-1.74636,1.41633,-1.393
0.0210029,0.115449,0.0334861;-2.20619,1.43844,-0.927165
0.0209793,0.113945,0.0307503;-1.84265,1.42482,-1.29664
0.0201169,0.113583,0.028617;-1.55512,1.41672,-1.58681
0.0199311,0.113645,0.028708;-1.57117,1.38624,-1.5766
0.0199579,0.11366,0.0288972;-1.58142,1.37339,-1.57346
0.0205863,0.113261,0.0305781;-1.81557,1.36498,-1.33243
0.0197048,0.116073,0.035561;-2.17022,1.36977,-0.962377
0.0190731,0.115479,0.0328799;-1.94089,1.37351,-1.19499
0.0172474,0.114191,0.0285989;-1.57777,1.36049,-1.56458
0.0168726,0.114128,0.0288874;-1.49486,1.37925,-1.64556
0.0172863,0.114212,0.0285788;-1.57085,1.35548,-1.57071
0.0178703,0.114261,0.0293141;-1.69212,1.3614,-1.45469
0.0124134,0.116457,0.038138;-2.28188,1.30482,-0.866524
0.0101115,0.114566,0.0352712;-2.02858,1.30523,-1.11626
0.00597292,0.112303,0.0285829;-1.56669,1.28646,-1.57462
0.00541915,0.112029,0.0287826;-1.52986,1.33027,-1.61044
0.00606692,0.112036,0.0286265;-1.56164,1.33205,-1.57966
0.00637957,0.112013,0.0285873;-1.57249,1.32762,-1.56853
0.00424194,0.113371,0.0377442;-2.31503,1.30642,-0.842643
-0.00254755,0.111886,0.0375632;-2.11987,1.25027,-1.03819
-0.0170725,0.111311,0.0318464;-1.76953,1.2048,-1.38542
-0.0244154,0.110951,0.028577;-1.56977,1.3416,-1.5718
-0.0235957,0.110941,0.0285794;-1.57108,1.37349,-1.57048
-0.0229954,0.111004,0.0285821;-1.57289,1.37159,-1.56851
-0.0182063,0.112128,0.032115;-1.87657,1.39891,-1.2646
-0.017727,0.111084,0.0344767;-2.03471,1.32784,-1.1109
-0.0297736,0.112418,0.0319873;-1.86629,1.34017,-1.28574
-0.044368,0.112186,0.0286759;-1.58662,1.46297,-1.5579
-0.0452946,0.112428,0.0285791;-1.57133,1.50837,-1.57028
-0.0447973,0.112398,0.0285782;-1.57186,1.51383,-1.56965
-0.0424438,0.112172,0.0286745;-1.40413,1.54886,-1.7361
-0.0394324,0.112197,0.0332715;2.82902,1.49,0.309798
-0.0494344,0.115197,0.0340648;-2.88969,1.48261,-0.26064
-0.0620116,0.116589,0.0289597;-1.54442,1.51367,-1.61399
-0.0628982,0.116326,0.0289333;-2.02155,1.54689,-1.12667
-0.063181,0.116803,0.0286969;0,1.56976,3.13528
-0.0619993,0.116712,0.028684;1.03042,1.56728,2.1072
-0.0479594,0.116303,0.0322901;2.74252,1.51815,0.400631
-0.050933,0.116362,0.0331171;-2.46205,1.46958,-0.678974
-0.062662,0.118434,0.0285593;-1.57541,1.45639,-1.56756
-0.0651017,0.118627,0.0289329;-1.97,1.54036,-1.1769
-0.0646075,0.118444,0.0288584;-1.62874,1.53378,-1.52388
-0.061603,0.11855,0.0294987;-1.26501,1.53971,-1.89665
-0.0202879,0.122955,0.0367971;-2.98571,1.41737,-0.157683
-0.021483,0.120434,0.0347082;-2.53587,1.43173,-0.6066
-0.0341645,0.119467,0.0285107;-1.56075,1.42764,-1.58056
-0.0377167,0.120399,0.0287148;-1.60036,1.3575,-1.54181
-0.0368657,0.119955,0.0287134;-1.58728,1.33113,-1.55733
-0.0344121,0.120293,0.0291942;-1.55605,1.29028,-1.60455
0.0118457,0.124837,0.0372566;-2.31137,1.31735,-0.852823
0.0169455,0.124996,0.0367363;-2.29048,1.32229,-0.870414
0.0115402,0.123034,0.0307348;-1.788,1.33757,-1.3616
0.00815917,0.122487,0.0286438;-1.571,1.29582,-1.56757
0.0084292,0.122498,0.02864;-1.57125,1.30204,-1.56744
0.00881089,0.122551,0.0285938;-1.57199,1.29815,-1.57037
0.02729,0.119935,0.0328622;-1.85837,1.25452,-1.30457
0.0392631,0.117835,0.0384339;-2.17193,1.21284,-1.00315
0.0397171,0.116718,0.0362216;-2.02574,1.20999,-1.14426
0.0355465,0.114238,0.0285897;-1.56903,1.14346,-1.57277
0.0365726,0.114012,0.0286023;-1.57217,1.18639,-1.56788
0.0371471,0.113926,0.0286651;-1.57061,1.22645,-1.56693
0.0423446,0.113782,0.028814;-1.56917,1.24999,-1.57465
0.0628357,0.115466,0.0340566;-1.94982,1.29651,-1.2041
0.0697412,0.116498,0.0362114;-2.14897,1.28523,-1.01479
0.0660227,0.112492,0.0289183;-1.60799,1.2395,-1.53995
0.0655365,0.112593,0.0285949;-1.57244,1.236,-1.57008
0.0650476,0.112595,0.0286487;-1.5706,1.22146,-1.56763
0.0682154,0.111804,0.0287466;-1.56116,1.30562,-1.57445
0.0809763,0.110777,0.0302625;-1.61447,1.39958,-1.51079
0.094767,0.112475,0.0349243;-2.4314,1.43428,-0.702296
0.0884151,0.105314,0.0306951;-1.81846,1.34959,-1.33006
0.0853812,0.105481,0.0289997;-1.63963,1.35167,-1.50895
0.0836756,0.107033,0.0289524;-1.67559,1.39836,-1.46785
0.0857799,0.10664,0.0289171;-1.46102,1.48387,-1.6734
0.0979743,0.104229,0.0314189;-0.699404,1.50632,-2.43374
0.126529,0.101837,0.0323586;-2.99184,1.53003,-0.121019
0.129517,0.0955239,0.0287079;-1.5603,1.43066,-1.57336
0.127233,0.0955935,0.0286278;-1.56952,1.38168,-1.57481
0.124886,0.0959804,0.0289461;-1.66124,1.40772,-1.48449
0.122467,0.097451,0.0287014;-1.58053,1.48072,-1.56608
0.128631,0.0962238,0.0298464;-0.931985,1.5467,-2.19938
0.142718,0.0940734,0.0347015;2.52243,1.48716,0.657043
0.153714,0.0937634,0.0297589;1.64423,1.47562,1.52008
0.15146,0.0947373,0.0288906;1.56474,1.49252,1.59122
0.150167,0.0954486,0.0287056;1.56028,1.50015,1.58665
0.147042,0.0949117,0.028826;1.54071,1.56328,1.58897
0.148945,0.0937531,0.0312742;0.924953,1.50914,2.20337
0.161807,0.0911231,0.03836;0.606729,1.36834,2.5259
0.190043,0.086859,0.0343832;2.13569,1.40297,1.03681
0.176074,0.0871635,0.0291913;1.5912,1.47529,1.56895
0.169961,0.0884009,0.0289569;1.46396,1.53333,1.69181
0.166075,0.0898456,0.0286889;-1.57626,1.50661,-1.55982
0.165659,0.0895638,0.0299517;-1.21575,1.48439,-1.92988
0.16781,0.0885799,0.0356011;-0.64686,1.41696,-2.49655
0.17738,0.0922008,0.0388321;-0.413026,1.37379,-2.72014
0.175148,0.0925393,0.0345766;-0.75623,1.42033,-2.38155
0.171859,0.093701,0.0296135;-1.42208,1.42663,-1.725
0.16899,0.0943739,0.0287736;-1.60871,1.40802,-1.53004
0.168663,0.0932049,0.0294831;-1.47514,1.40734,-1.67701
0.168984,0.0917837,0.0339715;-1.05886,1.38266,-2.09393
0.179216,0.0930682,0.0431652;-0.557949,1.37218,-2.59079
0.176027,0.0913054,0.0379363;-0.871881,1.38356,-2.2911
0.172331,0.0918182,0.0335637;-1.17849,1.37967,-1.98429
0.177423,0.0872395,0.0304148;-1.48297,1.40738,-1.6785
0.177159,0.0849062,0.0332476;-1.02627,1.48609,-2.15248
0.178303,0.0833735,0.0336013;-0.513941,1.47121,-2.64391
0.189208,0.0859809,0.0420139;0.0516594,1.35793,3.08257
0.190707,0.0871336,0.0412392;-0.511642,1.40854,-2.65614
0.188932,0.0869753,0.0357009;-1.02264,1.39735,-2.1553
0.192521,0.0846552,0.0326864;-1.46763,1.4354,-1.71279
0.192436,0.0834852,0.0356248;-0.852989,1.48755,-2.34796
0.188975,0.0839574,0.0330354;-0.397811,1.48504,-2.75668
0.188975,0.0839574,0.0330354;-0.397811,1.48504,-2.75668
0.188106,0.0843353,0.0367337;-0.116107,1.42191,-3.02664
0.188106,0.0843353,0.0367337;-0.116107,1.42191,-3.02664
