0,0,0.11;-1.57,-2.98023e-08,-1.57
0,0,0.11;-1.57,-2.98023e-08,-1.57
0,0,0.11;-1.57,-2.98023e-08,-1.57
-0.000470079,4.46837e-05,0.0285874;-1.57124,-0.253573,-1.57082
-0.000383422,0.000327327,0.0286505;-1.57127,-0.230728,-1.57401
0.000787297,0.00582186,0.0300376;-1.60133,-0.145142,-1.58315
0.000493864,0.00885909,0.0367029;-1.67554,0.0295484,-1.60617
-0.000295438,0.00420216,0.0288429;-1.57046,-0.149374,-1.58328
-0.000550147,0.003875,0.0286356;-1.57065,-0.158796,-1.57337
-0.000458163,0.00406174,0.028602;-1.57079,-0.136528,-1.56971
0.000884159,0.00248819,0.0291804;-1.56406,0.0261764,-1.592
0.00527808,0.00627988,0.0329014;-1.54346,0.134521,-1.6205
0.0105397,0.0215994,0.0377593;-1.60319,0.274679,-1.62123
0.0168348,0.0416259,0.033511;-1.63961,0.105353,-1.59039
0.0197388,0.0418505,0.0287743;-1.56965,-0.0168162,-1.5852
0.0193695,0.0427015,0.0286556;-1.57146,-0.0981159,-1.57568
0.0192355,0.0412267,0.0287353;-1.57054,0.0286658,-1.58136
0.018541,0.0375721,0.0300975;-1.56873,0.175776,-1.59334
0.0201644,0.0377655,0.0359783;-1.60079,0.344401,-1.60592
0.0221159,0.0430965,0.0417072;-1.74119,0.397029,-1.57814
0.020132,0.0348732,0.0396966;-1.72986,0.322662,-1.56879
0.0145601,0.0171543,0.0292097;-1.559,0.249027,-1.59388
0.0146757,0.0192407,0.0286369;-1.57079,0.185437,-1.57346
0.0154081,0.0195457,0.0289971;-1.56668,0.220504,-1.5885
0.0221318,0.0282006,0.0315726;-1.55483,0.311889,-1.60848
0.0322034,0.0508555,0.0359099;-1.68991,0.34728,-1.55999
0.0390249,0.0587373,0.0342146;-1.67571,0.226042,-1.56157
0.0437565,0.0594199,0.0286129;-1.5697,0.0136327,-1.56946
0.0433066,0.0589732,0.0287386;-1.56593,0.0124849,-1.56808
0.0444787,0.0605691,0.028578;-1.57075,0.103182,-1.57097
0.0421712,0.0615107,0.03729;-1.63891,0.455321,-1.5559
0.0399007,0.0573804,0.0456415;-1.61882,0.587302,-1.57379
0.0385401,0.053603,0.0453304;-1.63157,0.524086,-1.56699
0.033627,0.04727,0.0291528;-1.54706,0.266849,-1.57195
0.0309324,0.0451828,0.0292864;-1.55012,0.158264,-1.5603
0.0306757,0.0451275,0.0292128;-1.54662,0.147418,-1.56742
0.0413867,0.0558757,0.0337931;-1.53734,0.31562,-1.5709
0.0454326,0.0660237,0.0429518;-1.64372,0.458158,-1.53987
0.0483264,0.0719435,0.0434954;-1.70314,0.469179,-1.51959
0.0483192,0.0682553,0.0360507;-1.72099,0.295092,-1.51682
0.0441609,0.0624047,0.0322149;-1.6557,0.276957,-1.54647
0.032112,0.0508016,0.0292172;-1.58947,0.298582,-1.56738
0.0224171,0.0383767,0.0320385;-1.49077,0.594872,-1.61413
0.0212393,0.0310074,0.0408176;-1.27735,0.725859,-1.75957
0.0267288,0.0298596,0.0466514;-1.24884,0.808197,-1.78593
0.028952,0.0379483,0.0347337;-1.42459,0.606161,-1.66146
0.0268309,0.0404228,0.0289476;-1.55992,0.463948,-1.56747
0.0231052,0.0384704,0.0291207;-1.55436,0.326564,-1.56546
0.0289806,0.0412491,0.0294301;-1.54347,0.434358,-1.58079
0.0412092,0.0517975,0.0311416;-1.61652,0.565784,-1.5466
0.044995,0.0630138,0.0388923;-1.79892,0.718669,-1.44547
0.0443029,0.061849,0.0343196;-1.70785,0.649326,-1.49891
0.0442836,0.06018,0.028939;-1.57693,0.58638,-1.57925
0.0448392,0.0595633,0.0285704;-1.57056,0.532212,-1.57074
0.0445344,0.0524218,0.0292606;-1.55303,0.771764,-1.6009
0.0463338,0.0464513,0.0332624;-1.46828,0.907097,-1.67171
0.0545697,0.0500672,0.0377379;-1.43779,1.03322,-1.70418
0.0533092,0.0539185,0.0332359;-1.61057,0.872806,-1.58204
0.0500836,0.055689,0.0293372;-1.57058,0.741369,-1.59116
0.0512028,0.0574951,0.0289187;-1.58444,0.677103,-1.56787
0.0517519,0.0566781,0.0291614;-1.55449,0.734166,-1.5974
0.0542658,0.053278,0.0317523;-1.52512,0.851053,-1.63736
0.0617532,0.0533541,0.0366208;-1.45561,1.00038,-1.70532
0.0625807,0.0509807,0.0371798;-1.67019,1.04321,-1.5446
0.0532956,0.046975,0.0324747;-1.58481,0.959863,-1.59888
0.0481801,0.0464197,0.0288212;-1.57208,0.920534,-1.58213
0.0475624,0.045864,0.0286728;-1.57058,0.942064,-1.57531
0.0466663,0.0414701,0.029269;-1.52225,1.0741,-1.62375
0.050466,0.0358097,0.0320135;-1.39711,1.18472,-1.73222
0.0753051,0.0482539,0.042135;-1.37568,1.21278,-1.78887
0.0759955,0.0522614,0.0350106;-1.57267,1.11637,-1.61866
0.0721997,0.0543556,0.029344;-1.55498,1.02827,-1.60299
0.0719083,0.055408,0.028599;-1.5715,0.965561,-1.56952
0.0706686,0.0543716,0.0287389;-1.56904,1.09103,-1.58002
0.0693821,0.0478571,0.029563;-1.4741,1.25653,-1.66977
0.0877822,0.0447591,0.0396378;-0.52571,1.36628,-2.57039
0.0860203,0.0441253,0.041816;-1.12545,1.33859,-2.01548
0.075982,0.0414689,0.031542;-1.38226,1.29118,-1.76503
0.0742788,0.0467462,0.0287017;-1.57101,1.0456,-1.56451
0.0745002,0.046002,0.0288965;-1.54129,1.07046,-1.59753
0.075936,0.0425571,0.0318309;-1.40531,1.14555,-1.72515
0.103709,0.0510659,0.0438808;-0.900402,1.27715,-2.18738
0.11096,0.0566965,0.0480313;-1.26312,1.21956,-1.85975
0.111451,0.0573072,0.0359992;-1.51296,1.11901,-1.62891
0.101073,0.0562061,0.0291011;-1.55087,0.939994,-1.57356
0.101716,0.0551922,0.0293137;-1.51829,0.985224,-1.61112
0.101943,0.0506675,0.033159;-1.35743,1.11683,-1.75871
0.105099,0.0444315,0.0440291;-0.611141,1.35278,-2.45113
0.0965219,0.042346,0.0440793;-0.685749,1.35072,-2.3834
0.0836084,0.0396341,0.0358996;-1.00577,1.35875,-2.09535
0.066434,0.0437363,0.0292507;-1.5366,1.2084,-1.58304
0.0681293,0.0437636,0.0309892;-1.3893,1.20835,-1.73225
0.0704356,0.0440839,0.034761;-1.20539,1.20913,-1.90392
0.0879882,0.0459587,0.0448758;-0.623889,1.2703,-2.43606
0.0900769,0.0473012,0.0437774;-0.686387,1.23409,-2.3815
0.0887296,0.0466269,0.0432596;-0.692764,1.22044,-2.3967
0.0843405,0.0499667,0.0324473;-1.32066,1.23745,-1.79493
0.0792971,0.0513817,0.0293949;-1.51027,1.18504,-1.6101
0.085266,0.0487376,0.0320549;-1.29463,1.27233,-1.82912
0.0939233,0.0445666,0.0364022;-0.828787,1.36033,-2.28244
0.106594,0.0392193,0.043572;-0.0514443,1.34003,-3.02695
0.104514,0.0372021,0.0440271;-0.470516,1.3683,-2.6432
0.0983383,0.0365989,0.0341174;-1.08729,1.3307,-2.04897
0.0934312,0.0430556,0.0292297;-1.52981,1.10201,-1.59449
0.0954759,0.0419405,0.0292921;-1.4899,1.16537,-1.6435
0.0977698,0.0376784,0.0328564;-1.28893,1.24529,-1.84204
0.117317,0.0361004,0.0429965;-0.489836,1.36651,-2.62215
0.123934,0.0366428,0.0465219;-1.17475,1.41153,-1.97616
0.11705,0.0341211,0.0331309;-1.81279,1.3536,-1.35812
0.111173,0.0350938,0.0286664;-1.57146,1.15722,-1.56503
0.11134,0.0341931,0.028704;-1.56272,1.20465,-1.58123
0.108778,0.0291808,0.0299257;-1.43511,1.32912,-1.71121
0.118021,0.0195462,0.0407168;0.363287,1.39454,2.80593
0.116406,0.0192992,0.0391651;0.175764,1.4452,2.96936
0.109874,0.0210952,0.0306319;-1.04895,1.5245,-2.11255
0.110715,0.0251837,0.0285566;-1.56805,1.34301,-1.57296
0.110861,0.0251699,0.0285849;-1.57118,1.35212,-1.5707
0.110928,0.0234437,0.0293635;-1.42733,1.40591,-1.7198
0.120729,0.0115241,0.0396194;0.628415,1.35246,2.52365
0.127008,0.0102018,0.0402912;0.554636,1.35487,2.59068
0.122391,0.0109697,0.0350549;0.591462,1.43099,2.54056
0.120588,0.0143654,0.0286666;-1.57084,1.45651,-1.57529
0.120126,0.0145575,0.02861;-1.57513,1.43724,-1.56523
0.120119,0.0140166,0.0287341;-1.502,1.46463,-1.63913
0.126448,0.00366897,0.037581;0.566081,1.37342,2.57504
0.140867,0.000240279,0.0426221;0.752917,1.28717,2.4002
0.144032,-0.000317844,0.0404669;0.526136,1.32668,2.61351
0.149874,0.00449547,0.0289203;-1.59535,1.43842,-1.55908
0.149389,0.00400512,0.0287653;-1.54019,1.34355,-1.59786
0.148561,0.00433589,0.0287133;-1.57182,1.32478,-1.56326
0.140361,-0.00564731,0.0361885;0.265146,1.42702,2.8717
0.141061,-0.0109783,0.0416801;0.853787,1.29244,2.30384
0.14377,-0.0130623,0.0433112;0.892305,1.24541,2.26983
0.126456,-0.00752639,0.031743;1.08942,1.43244,2.05212
0.120205,-0.00317939,0.0293412;0.914465,1.53235,2.24037
0.116236,-0.000533268,0.0292583;-1.24927,1.52815,-1.87283
0.120366,-0.00750426,0.03517;0.535251,1.41446,2.60772
0.127781,-0.0137447,0.0403873;0.877967,1.30214,2.2834
0.137606,-0.0158998,0.0451634;0.924834,1.22194,2.25908
0.122073,-0.00715753,0.0363081;1.08948,1.30709,2.07373
0.115437,-0.000696974,0.0327845;1.1733,1.39581,1.98773
0.110547,0.00365003,0.0311242;1.31539,1.47171,1.86535
0.114164,0.00056076,0.036342;0.818487,1.3503,2.32867
0.122354,-0.00456006,0.040976;0.900043,1.25281,2.25604
0.133296,-0.00982378,0.0464709;1.02599,1.15226,2.15489
0.125762,-0.00481972,0.0393772;0.984446,1.24906,2.17522
0.120409,-0.000918497,0.0353084;1.09673,1.34861,2.06906
0.117342,0.00264509,0.0335209;1.31242,1.4449,1.89235
0.118735,0.00122172,0.0368533;0.793994,1.33317,2.3476
0.125096,-0.00411762,0.0409453;0.903096,1.24264,2.24382
0.133718,-0.0111565,0.0460199;1.02849,1.13839,2.13998
0.132021,-0.013475,0.0416089;0.797921,1.22287,2.34824
0.127592,-0.00944813,0.0359341;0.897511,1.34466,2.25489
0.123285,-0.00622949,0.0324773;1.20801,1.45419,1.97268
0.123942,-0.00735852,0.0329005;0.948337,1.39883,2.1978
0.127735,-0.0140491,0.0377657;0.99234,1.27584,2.14876
0.133249,-0.0204636,0.041922;1.11363,1.15676,2.04446
0.137445,-0.0253362,0.0429051;1.07084,1.13364,2.08481
0.129409,-0.0226528,0.0359347;1.15349,1.22394,1.99338
0.123201,-0.0146933,0.0310964;1.36653,1.35153,1.77856
0.118334,-0.00833756,0.0294679;1.2586,1.45931,1.89051
0.120138,-0.0122274,0.03337;1.00544,1.37779,2.12925
0.123603,-0.0192933,0.038365;0.958589,1.24928,2.16171
0.14602,-0.0292704,0.0458217;1.04403,1.17204,2.08238
0.141608,-0.0275555,0.0417694;1.21165,1.22723,1.90827
0.129758,-0.0191337,0.0295297;1.48233,1.2947,1.65238
0.122912,-0.0144793,0.0288265;1.54768,1.44966,1.60329
0.123081,-0.0165781,0.0294427;1.39994,1.36508,1.73943
0.123879,-0.0220437,0.0345245;1.20669,1.24269,1.91501
0.13828,-0.0366485,0.0439226;1.1863,1.01809,1.94942
0.136511,-0.0356004,0.041096;1.11327,1.08312,2.00919
0.135476,-0.0297782,0.0337334;1.25789,1.22971,1.86362
0.13957,-0.029398,0.028656;1.38757,1.56521,1.75885
0.138943,-0.0295278,0.0287579;1.42694,1.52436,1.71274
0.134567,-0.032847,0.0319851;1.1887,1.39927,1.935
0.136309,-0.0427271,0.0441544;1.09021,1.08412,2.02456
0.138749,-0.0445061,0.0446976;1.06278,1.14534,2.04245
0.135073,-0.0428556,0.0344633;1.23099,1.24257,1.88303
0.130574,-0.0380953,0.0291905;1.68977,1.38063,1.45303
0.129569,-0.0375416,0.028647;1.55426,1.37452,1.58708
0.127335,-0.039722,0.0310425;1.3374,1.29933,1.79552
0.127335,-0.039722,0.0310425;1.3374,1.29933,1.79552
0.127572,-0.046683,0.0384828;1.12745,1.13946,1.97689
0.127572,-0.046683,0.0384828;1.12745,1.13946,1.97689
