0,0,0.11;-1.57,-2.98023e-08,-1.57
0,0,0.11;-1.57,-2.98023e-08,-1.57
0,0,0.11;-1.57,-2.98023e-08,-1.57
-0.000617033,-0.000718411,0.0285973;-1.57101,-0.257509,-1.56982
-0.000458892,-0.000421663,0.0285792;-1.57102,-0.238989,-1.57059
-0.00084569,0.00439533,0.0293643;-1.58502,-0.163991,-1.566
-0.00159642,0.015364,0.034553;-1.69081,-0.0784096,-1.58162
0.00201708,0.0122225,0.0287876;-1.57061,-0.225545,-1.58078
0.00219066,0.0127873,0.0286656;-1.575,-0.238453,-1.57175
0.00220862,0.0126826,0.0285793;-1.57074,-0.232028,-1.57087
0.00187565,0.01175,0.0288629;-1.57169,-0.098382,-1.58315
0.00360666,0.0155402,0.0295806;-1.58639,0.0111335,-1.57989
0.00580175,0.0312001,0.0360811;-1.70549,0.142071,-1.54719
0.00999456,0.0377622,0.0335996;-1.66564,0.0479093,-1.56647
0.0130518,0.0351507,0.0288853;-1.57541,-0.0848344,-1.58091
0.0131092,0.0364419,0.028697;-1.5724,-0.198491,-1.57538
0.012761,0.0359075,0.0288686;-1.57695,-0.142557,-1.57923
0.0127773,0.0381452,0.0299638;-1.59793,-0.0518114,-1.57449
0.0125778,0.0493735,0.0359654;-1.70194,0.0927366,-1.54813
0.0113671,0.0552099,0.03694;-1.7234,0.148814,-1.54475
0.0147168,0.0520318,0.0339973;-1.67106,0.0640905,-1.56189
0.0166922,0.045392,0.0288127;-1.56772,-0.0493617,-1.58254
0.0156728,0.0441424,0.0287923;-1.57325,-0.0164136,-1.57837
0.0151595,0.0418204,0.0288659;-1.572,0.0883906,-1.58334
0.0195704,0.0445098,0.0302747;-1.57408,0.232547,-1.59011
0.0256977,0.0583568,0.0355131;-1.70348,0.303506,-1.53172
0.0253633,0.0600962,0.0342226;-1.6836,0.248596,-1.54442
0.0224354,0.0595032,0.0293563;-1.58826,0.1093,-1.5773
0.0223586,0.0591539,0.0287267;-1.57559,0.118701,-1.5726
0.0221401,0.0587579,0.0287191;-1.56977,0.138897,-1.57871
0.0256559,0.0683536,0.034314;-1.6734,0.303214,-1.53228
0.0255852,0.0802978,0.0379808;-1.75521,0.423338,-1.48548
0.0277213,0.0802389,0.036411;-1.7238,0.364988,-1.51062
0.0284506,0.070746,0.0287257;-1.57079,0.160464,-1.57792
0.0281975,0.0706678,0.0285763;-1.57059,0.164848,-1.57083
0.0268155,0.0700058,0.0288144;-1.57937,0.241243,-1.57172
0.02643,0.0682104,0.0300169;-1.59324,0.421621,-1.57748
0.0356707,0.0790787,0.0356803;-1.73007,0.540394,-1.49679
0.0383644,0.0832799,0.0382591;-1.79689,0.535974,-1.4595
0.0338154,0.0772634,0.028894;-1.57011,0.397642,-1.58598
0.0343554,0.0788723,0.0292611;-1.58484,0.341499,-1.57591
0.0341269,0.0790609,0.0290458;-1.5864,0.349492,-1.57316
0.0342687,0.0786565,0.0287944;-1.57641,0.403664,-1.57381
0.0400301,0.085531,0.0329613;-1.6382,0.495625,-1.52026
0.0436362,0.096328,0.0382555;-1.76509,0.606877,-1.43869
0.0436776,0.0853267,0.0292406;-1.57885,0.405686,-1.56168
0.0405628,0.0839255,0.0286747;-1.5658,0.317571,-1.57239
0.0401553,0.0838513,0.0288574;-1.56577,0.305625,-1.5635
0.0456525,0.0867986,0.0291091;-1.56507,0.52578,-1.57678
0.0514978,0.0933197,0.0336862;-1.65071,0.660123,-1.49751
0.0544729,0.102478,0.0389248;-1.83662,0.799991,-1.3751
0.0497408,0.0975174,0.0326022;-1.65278,0.714065,-1.50415
0.039531,0.0912766,0.0300989;-1.52793,0.617936,-1.59428
0.0362522,0.0867735,0.029331;-1.55287,0.50281,-1.5765
0.0370764,0.0869229,0.0311517;-1.50921,0.524135,-1.60059
0.0438595,0.0919403,0.0346623;-1.47844,0.602991,-1.60134
0.0563393,0.102918,0.0384372;-1.65677,0.681434,-1.47111
0.0544107,0.101407,0.0328613;-1.60528,0.574068,-1.50768
0.0433749,0.0939871,0.0303955;-1.51699,0.445953,-1.59179
0.0391692,0.0921921,0.0293801;-1.53684,0.366957,-1.57537
0.0453125,0.0935947,0.0317053;-1.49489,0.525948,-1.60994
0.0479389,0.0934283,0.0343948;-1.47119,0.659949,-1.62123
0.0471904,0.0940907,0.0420009;-1.47432,0.78909,-1.62203
0.0500654,0.0990143,0.0421952;-1.4927,0.692931,-1.59829
0.0458739,0.0956697,0.0353836;-1.4837,0.60894,-1.60333
0.0383854,0.0919733,0.0310759;-1.50568,0.515142,-1.59891
0.0383292,0.091532,0.0302562;-1.52175,0.5186,-1.59373
0.0409534,0.0886859,0.0334032;-1.45575,0.595024,-1.64195
0.0452717,0.0868373,0.0381144;-1.34596,0.708691,-1.71702
0.0505182,0.0930272,0.0462893;-1.3878,0.798767,-1.67667
0.0479729,0.0929151,0.0448071;-1.3973,0.709513,-1.67688
0.0408589,0.0901987,0.0359426;-1.39351,0.606389,-1.67468
0.0407321,0.0930587,0.0297412;-1.52549,0.560256,-1.59076
0.0434128,0.0915567,0.0312666;-1.49891,0.602866,-1.61591
0.0450421,0.0879407,0.0356555;-1.39965,0.664006,-1.6824
0.0536203,0.0879666,0.0438871;-1.26193,0.889676,-1.78038
0.0514694,0.0885021,0.049305;-1.4745,0.848873,-1.6387
0.039619,0.0804335,0.0374324;-1.35287,0.758666,-1.75375
0.036486,0.0878559,0.0292333;-1.53894,0.64263,-1.58334
0.0389602,0.087542,0.0307497;-1.50197,0.656682,-1.61393
0.0416704,0.0862457,0.0349924;-1.41684,0.691968,-1.67803
0.0586921,0.0966634,0.0454798;-1.42298,0.85174,-1.67015
0.0647547,0.103073,0.0501515;-1.54813,0.776436,-1.59399
0.0617725,0.101358,0.0350281;-1.46178,0.648147,-1.65265
0.0586036,0.102667,0.0300255;-1.52434,0.578449,-1.5995
0.0626376,0.101427,0.0304335;-1.5124,0.639189,-1.6119
0.0650663,0.0989159,0.0332463;-1.45642,0.694058,-1.65171
0.0776177,0.106895,0.044691;-1.44264,0.892913,-1.65591
0.0827285,0.111024,0.0445214;-1.54629,0.836162,-1.5741
0.075246,0.106412,0.0317318;-1.50822,0.727926,-1.60621
0.0674291,0.105695,0.0297256;-1.53025,0.603697,-1.5956
0.0694269,0.103987,0.0306271;-1.50852,0.653213,-1.61171
0.070975,0.102481,0.0318226;-1.48745,0.690537,-1.63187
0.0836776,0.108034,0.0421931;-1.42409,0.877903,-1.67826
0.0845712,0.112108,0.0439605;-1.5936,0.833774,-1.54017
0.0796371,0.110064,0.0401306;-1.55549,0.806767,-1.57076
0.0684453,0.10652,0.0297481;-1.53156,0.652115,-1.59465
0.0688878,0.104879,0.0296144;-1.53925,0.635031,-1.593
0.0710577,0.103328,0.0306916;-1.50993,0.672968,-1.61346
0.0767103,0.10233,0.0344018;-1.42998,0.760797,-1.67287
0.0950641,0.117352,0.0451841;-1.65567,0.905776,-1.48957
0.0980246,0.119884,0.0435286;-1.70812,0.833022,-1.44011
0.0906562,0.116331,0.0296879;-1.56329,0.735093,-1.56278
0.0818792,0.111919,0.0290523;-1.5502,0.613212,-1.58823
0.0827029,0.110669,0.030131;-1.52276,0.662447,-1.60372
0.0883268,0.11002,0.0328588;-1.46228,0.758399,-1.64704
0.106726,0.122491,0.0439947;-1.63023,0.960087,-1.50043
0.112032,0.127568,0.0442934;-1.73411,0.895223,-1.40809
0.104151,0.126088,0.0314033;-1.58629,0.8044,-1.52619
0.0956119,0.121406,0.029016;-1.55103,0.648111,-1.58754
0.0953998,0.120247,0.0305067;-1.51314,0.697472,-1.61069
0.0997165,0.1197,0.0331932;-1.44822,0.782871,-1.65377
0.116823,0.129568,0.0430968;-1.61675,0.976658,-1.50651
0.11919,0.133318,0.0459438;-1.70891,0.911538,-1.42511
0.119036,0.133863,0.0363793;-1.63416,0.798541,-1.47271
0.105966,0.127588,0.0298034;-1.52988,0.631689,-1.59698
0.106943,0.126706,0.0308894;-1.50784,0.639001,-1.61197
0.110318,0.125738,0.0343031;-1.42417,0.704205,-1.66923
0.127656,0.134287,0.0414429;-1.59875,0.907043,-1.49892
0.131163,0.138189,0.0447106;-1.70648,0.891693,-1.41489
0.129177,0.139925,0.0451424;-1.6711,0.858118,-1.4378
0.113831,0.134823,0.0326162;-1.46817,0.678976,-1.6356
0.112622,0.134019,0.0318189;-1.48745,0.656812,-1.62534
0.11372,0.132451,0.0330857;-1.45254,0.691794,-1.65152
0.127962,0.136768,0.0392867;-1.4224,0.867416,-1.65056
0.136462,0.144546,0.0437899;-1.62967,0.957759,-1.46203
0.134446,0.145126,0.0455929;-1.69825,0.908227,-1.41363
0.126546,0.141183,0.0327131;-1.49271,0.750428,-1.60424
0.120758,0.137672,0.0326515;-1.46926,0.671153,-1.63545
0.121623,0.137154,0.0322492;-1.47955,0.672315,-1.63349
0.132733,0.138547,0.0382211;-1.36802,0.801295,-1.70026
0.14316,0.144364,0.0412802;-1.51553,0.90102,-1.55543
0.14606,0.149079,0.0443086;-1.61103,0.898665,-1.48041
0.139901,0.150739,0.0367487;-1.51059,0.807531,-1.56473
0.12992,0.14696,0.0342179;-1.43111,0.713237,-1.66409
0.128599,0.147317,0.0326722;-1.46648,0.696184,-1.64136
0.134634,0.147346,0.0384602;-1.31024,0.792371,-1.75776
0.144378,0.151694,0.0418753;-1.37384,0.883261,-1.68306
0.151884,0.155908,0.0474945;-1.5255,0.969178,-1.54897
0.154651,0.150444,0.0459113;-1.48441,0.811908,-1.62108
0.152059,0.147133,0.0354183;-1.41505,0.697514,-1.68026
0.149394,0.149037,0.0337988;-1.44868,0.671827,-1.65425
0.154739,0.150665,0.0395399;-1.30644,0.780043,-1.761
0.163146,0.154575,0.0432652;-1.36181,0.888138,-1.68631
0.170612,0.157572,0.0459837;-1.4285,0.973315,-1.61776
0.165653,0.161942,0.0449164;-1.43735,0.840588,-1.61645
0.158186,0.15954,0.0368091;-1.36958,0.735094,-1.71878
0.157042,0.16028,0.035328;-1.41367,0.708381,-1.68235
0.160479,0.159275,0.0374076;-1.3325,0.790251,-1.74477
0.164548,0.160987,0.0408982;-1.30775,0.919302,-1.74873
0.166812,0.16315,0.0471678;-1.40919,1.04053,-1.6572
0.16361,0.16645,0.0492716;-1.46246,0.960066,-1.60873
0.155707,0.166069,0.0372623;-1.33152,0.880901,-1.73148
0.154064,0.163342,0.0362217;-1.35685,0.801604,-1.72475
0.154449,0.162974,0.0372701;-1.32253,0.823268,-1.7587
0.15885,0.163601,0.0411093;-1.21399,0.876994,-1.84994
0.164873,0.167483,0.0454573;-1.27414,0.975097,-1.7827
0.181396,0.177372,0.0529405;-1.5093,0.882737,-1.56596
0.189178,0.177275,0.0450741;-1.49848,0.780332,-1.55274
0.186436,0.176671,0.0351523;-1.43962,0.719848,-1.61118
0.182268,0.173821,0.0353356;-1.38475,0.737545,-1.69308
0.185825,0.172968,0.0379242;-1.31655,0.796814,-1.75881
0.192871,0.173034,0.0427832;-1.32267,0.885878,-1.7504
0.196674,0.175891,0.0514691;-1.48152,1.01699,-1.59622
0.193906,0.174008,0.0538034;-1.38522,0.95345,-1.69438
0.190436,0.166186,0.0458884;-1.26834,0.794923,-1.82732
0.190718,0.164602,0.0358373;-1.38121,0.748278,-1.70435
0.189796,0.163796,0.037232;-1.32748,0.790581,-1.74705
0.193101,0.163284,0.0408779;-1.21532,0.844527,-1.84088
0.21084,0.172229,0.0523895;-1.44756,0.994108,-1.62629
0.219156,0.175592,0.054252;-1.51519,0.892011,-1.56398
0.223071,0.176194,0.0416477;-1.47949,0.788231,-1.57344
0.213487,0.174842,0.033555;-1.43123,0.69787,-1.65413
0.216147,0.174015,0.035339;-1.38007,0.758232,-1.69972
0.220255,0.171978,0.039076;-1.28115,0.863734,-1.78705
0.229714,0.173492,0.0476446;-1.42693,1.06816,-1.63351
0.232919,0.175953,0.0505286;-1.53668,1.03484,-1.53699
0.225626,0.177497,0.0417262;-1.42762,0.966752,-1.6268
0.211481,0.176253,0.0335988;-1.4206,0.820134,-1.67805
0.211809,0.174692,0.0340984;-1.39911,0.846183,-1.70136
0.21364,0.173044,0.0374759;-1.28115,0.905279,-1.79559
0.21364,0.173044,0.0374759;-1.28115,0.905279,-1.79559
0.220746,0.173607,0.0405888;-1.19873,0.98691,-1.85774
0.220746,0.173607,0.0405888;-1.19873,0.98691,-1.85774
