0,0,0.11;-1.57,-2.98023e-08,-1.57
0,0,0.11;-1.57,-2.98023e-08,-1.57
0,0,0.11;-1.57,-2.98023e-08,-1.57
-0.000217486,0.00126079,0.0285801;-1.57073,-0.277526,-1.57084
-0.000586857,-0.00168624,0.0288445;-1.57114,-0.136885,-1.58348
0.00140959,-0.00575653,0.0311294;-1.56505,0.0357054,-1.60446
0.00669578,-0.00494076,0.0404391;-1.68558,0.158534,-1.6241
-0.000954916,-0.00866784,0.0297126;-1.56951,-0.0981524,-1.59579
-0.000711739,-0.00301967,0.0289554;-1.58462,-0.230079,-1.57864
0.00102427,-0.00203334,0.0285797;-1.57103,-0.320351,-1.57093
-0.000842615,-0.0110515,0.0298639;-1.5732,-0.126382,-1.59864
0.00405539,-0.0130675,0.0336141;-1.56551,0.0638145,-1.63127
0.008372,-0.00137023,0.0421261;-1.70663,0.243883,-1.61915
0.00868011,-0.0070865,0.0431324;-1.7486,0.187674,-1.61159
0.00248948,-0.0174506,0.036726;-1.66838,0.0395411,-1.61395
-0.003145,-0.0172926,0.0294509;-1.58575,-0.0957666,-1.58565
0.000600542,-0.00203756,0.0289793;-1.57048,-0.204125,-1.58984
0.00195974,-0.00120293,0.0324608;-1.6075,-0.0729562,-1.60566
0.00373129,0.00605649,0.0398637;-1.69763,0.137683,-1.61362
0.00418486,-0.00335584,0.0455248;-1.76391,0.247009,-1.61711
0.000850547,-0.008088,0.0448557;-1.80051,0.118271,-1.60701
-0.00546519,-0.0135626,0.0344151;-1.63994,-0.0227104,-1.61027
-0.00523536,-0.00551977,0.0288924;-1.57758,-0.231402,-1.58056
-0.00614503,-0.00892722,0.0295406;-1.5726,-0.139729,-1.59462
-0.00205003,-0.00491113,0.0336984;-1.59991,0.0298409,-1.61687
-0.000645072,0.00213167,0.0415667;-1.75023,0.137213,-1.60389
-0.000402528,-0.00623437,0.0416077;-1.75236,0.109142,-1.60796
-0.0110319,-0.02166,0.0300506;-1.59649,-0.00293014,-1.58499
-0.00983645,-0.0172346,0.0289465;-1.58487,-0.0605375,-1.57941
-0.00848581,-0.0147723,0.0289365;-1.57143,-0.113044,-1.58737
-0.00325669,-0.0078062,0.0378855;-1.67418,0.151178,-1.60552
-0.00298615,-0.00227641,0.0442768;-1.77612,0.278301,-1.59505
-0.00258151,-0.0111211,0.0466027;-1.81407,0.247023,-1.59746
-0.016028,-0.0460546,0.0307324;-1.57198,0.10248,-1.60717
-0.0210151,-0.0410783,0.0291152;-1.58971,0.00804475,-1.57748
-0.0186962,-0.0359237,0.0289681;-1.58176,-0.0605193,-1.57916
-0.0123099,-0.0271235,0.0338095;-1.61134,0.0497047,-1.6136
-0.0104272,-0.014796,0.0428957;-1.76653,0.228501,-1.59295
-0.0119671,-0.0180923,0.0463006;-1.80785,0.278361,-1.59269
-0.0235486,-0.0564282,0.0365666;-1.65743,0.169156,-1.60925
-0.0316426,-0.064245,0.0291136;-1.58211,0.092968,-1.58068
-0.0314695,-0.0612556,0.0290544;-1.58818,0.0194288,-1.57614
-0.0262329,-0.0509433,0.0310466;-1.56649,-0.0267061,-1.61155
-0.018435,-0.031606,0.0373554;-1.67082,0.119777,-1.60877
-0.0179086,-0.0222925,0.0439683;-1.76423,0.265757,-1.60226
-0.0162594,-0.0466467,0.041951;-1.75333,0.130076,-1.60818
-0.0238721,-0.0670944,0.0301596;-1.56504,0.0884141,-1.60476
-0.0285849,-0.0678999,0.0290713;-1.58632,0.0545323,-1.57804
-0.0239045,-0.0546326,0.0299268;-1.5668,-0.047792,-1.59819
-0.0177369,-0.0388985,0.0331594;-1.59095,0.0567072,-1.61301
-0.0158022,-0.0203428,0.0423416;-1.75268,0.208514,-1.59791
-0.0137548,-0.0398218,0.0412764;-1.74904,0.0974493,-1.60833
-0.0192278,-0.0577566,0.0337199;-1.57915,0.0402547,-1.63954
-0.0253569,-0.0655473,0.030887;-1.59685,0.0565126,-1.59313
-0.0224715,-0.0532755,0.0298035;-1.56486,0.0127944,-1.59767
-0.0153534,-0.0369217,0.0331249;-1.57979,0.116052,-1.61635
-0.00999116,-0.0139933,0.0415996;-1.76655,0.225015,-1.57736
-0.0124267,-0.0371303,0.0404339;-1.72073,0.221233,-1.59977
-0.0204933,-0.0576246,0.0381375;-1.69212,0.186347,-1.60223
-0.0312545,-0.074549,0.0300233;-1.58011,0.221948,-1.59187
-0.0307509,-0.0711319,0.0292185;-1.56451,0.243,-1.59033
-0.0235981,-0.0568698,0.0328166;-1.54928,0.281773,-1.62732
-0.0122526,-0.0256719,0.0389006;-1.69656,0.376063,-1.57813
-0.00907203,-0.0257084,0.0411606;-1.74696,0.357688,-1.56898
-0.0150847,-0.0367081,0.0411548;-1.76523,0.317319,-1.55797
-0.0254204,-0.0502787,0.0336808;-1.63058,0.373962,-1.5895
-0.0303347,-0.0586209,0.0289088;-1.57381,0.44414,-1.58208
-0.0263383,-0.0538604,0.0302743;-1.56304,0.440663,-1.60603
-0.011421,-0.0377883,0.03273;-1.55925,0.533346,-1.62249
0.00124581,-0.0185379,0.0424249;-1.79455,0.684335,-1.49865
-0.00270193,-0.0302483,0.0423641;-1.81033,0.619751,-1.49005
-0.0117086,-0.0459462,0.0385923;-1.7241,0.559919,-1.54115
-0.0339558,-0.0618659,0.029532;-1.58741,0.637697,-1.57578
-0.0348393,-0.0625738,0.0289954;-1.5721,0.674919,-1.58903
-0.0302066,-0.0612922,0.0302997;-1.55588,0.715506,-1.60585
0.000142696,-0.0341426,0.0415691;-1.78425,0.930872,-1.47188
0.0050547,-0.0301495,0.0430393;-1.87308,0.828175,-1.40223
-0.000413494,-0.0400316,0.039891;-1.79835,0.730917,-1.46036
-0.0286591,-0.0526986,0.0289331;-1.58182,0.870179,-1.57198
-0.0305423,-0.053351,0.0290385;-1.5802,0.953163,-1.58003
-0.0276518,-0.0535,0.0296739;-1.55177,0.981482,-1.60829
0.0164711,-0.0314333,0.0410958;-1.9341,1.14478,-1.30042
0.023052,-0.0272163,0.0419262;-1.99841,1.05254,-1.23825
0.0168108,-0.0340921,0.0392843;-1.88188,0.988826,-1.34512
-0.0106253,-0.0350349,0.0294617;-1.61158,1.12004,-1.54792
-0.0136693,-0.0353956,0.0295112;-1.57687,1.18718,-1.58652
-0.00971419,-0.0360555,0.0301421;-1.54546,1.21786,-1.62178
0.0327495,-0.029628,0.0406849;-2.58477,1.39826,-0.621151
0.0242923,-0.0287302,0.0422801;-2.71115,1.38218,-0.495775
0.00294087,-0.0318426,0.0390396;-2.34689,1.35896,-0.850366
-0.0205547,-0.029654,0.0319534;-1.81093,1.44079,-1.3695
-0.0253958,-0.0278946,0.0314089;-1.54551,1.54494,-1.64239
-0.0263044,-0.0282727,0.0312246;1.38036,1.53044,1.71757
-0.00481471,-0.034289,0.0355604;1.70901,1.23839,1.39857
-0.0111308,-0.0332463,0.0392236;1.91233,1.22665,1.19505
-0.0241524,-0.0312337,0.035457;1.75665,1.279,1.3404
-0.0324921,-0.0320177,0.0340603;2.03366,1.37874,1.08546
-0.043887,-0.019596,0.0316411;1.63242,1.21526,1.47628
-0.0465495,-0.0181688,0.0297782;1.56714,1.15977,1.5475
-0.0460271,-0.0220293,0.0311816;1.54269,1.05874,1.56165
-0.0248582,-0.0393358,0.0416823;1.76133,0.813845,1.35889
-0.0310263,-0.0353385,0.0409656;1.8268,0.888486,1.31572
-0.0407268,-0.0301615,0.0376408;1.80263,0.990371,1.33282
-0.0464117,-0.0200188,0.0320604;1.62804,0.96459,1.48842
-0.050479,-0.013367,0.0300241;1.57529,0.859636,1.53991
-0.0533694,-0.012848,0.0304963;1.55531,0.786279,1.54721
-0.0409111,-0.0336569,0.0395018;1.68301,0.466236,1.45871
-0.0466053,-0.026247,0.0417861;1.73061,0.475587,1.43126
-0.0565146,-0.0110927,0.0366507;1.70309,0.58681,1.45677
-0.05975,0.000401363,0.0349574;1.71593,0.547842,1.48267
-0.0602516,0.0125824,0.0314217;1.57261,0.426249,1.52457
-0.0621251,0.0155426,0.031215;1.56107,0.337422,1.53101
-0.0576927,-0.0128381,0.037638;1.66528,0.0495288,1.51826
-0.0594217,-0.00491875,0.0414926;1.71854,0.0279544,1.50646
-0.0637739,0.0209723,0.0347583;1.63792,0.131431,1.51651
-0.0657264,0.0284742,0.0354822;1.71359,0.167712,1.53906
-0.0610727,0.0356517,0.0359369;1.70229,0.039337,1.54717
-0.0580133,0.0451367,0.0318963;1.56407,-0.0580885,1.51742
-0.0667661,0.015017,0.0377492;1.70194,-0.342971,1.5769
-0.0646476,0.0199964,0.0411086;1.73705,-0.412252,1.58078
-0.0586673,0.0522567,0.0379102;1.68055,-0.400983,1.55728
-0.0517599,0.0697553,0.0345372;1.69381,-0.293751,1.59296
-0.0474486,0.0710999,0.0378551;1.77168,-0.377565,1.63923
-0.0345294,0.081315,0.0310976;1.55457,-0.510361,1.51335
-0.0449874,0.0748495,0.0328473;1.55689,-0.77412,1.52572
-0.0553544,0.0622782,0.0403534;1.80772,-0.88338,1.69827
-0.0447994,0.0747077,0.0419705;1.82658,-0.93357,1.71213
-0.020973,0.0992181,0.0328718;1.6618,-0.761089,1.60358
-0.0216865,0.0999818,0.0356513;1.7699,-0.755827,1.70153
-0.0143159,0.10032,0.0364445;1.79456,-0.858963,1.72605
-0.0079497,0.106618,0.0324197;1.52736,-1.12187,1.48686
-0.0230101,0.100161,0.034809;1.70323,-1.27482,1.65853
-0.0267481,0.097488,0.0414713;2.21293,-1.29346,2.13316
0.0177899,0.115289,0.0311437;1.56844,-1.20931,1.52379
0.0144704,0.117046,0.0329631;1.75951,-1.14574,1.72172
0.0116241,0.1169,0.0369064;1.97459,-1.12973,1.93337
0.0325896,0.114982,0.0318517;1.47173,-1.4331,1.42311
0.0182482,0.114976,0.0336791;0.461297,-1.54274,0.420976
-0.0034737,0.112067,0.0392067;-2.48108,-1.38871,-2.52198
0.0414811,0.115045,0.0337628;-2.20075,-1.50134,-2.24782
0.0518562,0.11393,0.0313129;-2.88837,-1.54415,-2.92145
0.0503531,0.115751,0.034773;3.12853,-1.4413,3.1219
0.060336,0.106935,0.0319244;-1.47672,-1.35959,-1.53421
0.0528406,0.111473,0.0329019;-1.54656,-1.21172,-1.59379
0.0316516,0.11737,0.0381642;-1.83395,-1.07968,-1.84431
0.0486358,0.114193,0.035218;-1.76124,-1.2145,-1.79886
0.0547773,0.113524,0.031234;-1.63957,-1.34771,-1.6769
0.0485301,0.119659,0.0344234;-2.27098,-1.38752,-2.27264
0.050416,0.114719,0.0375826;-2.03217,-1.26699,-2.04806
0.0556015,0.11116,0.0337772;-1.58978,-1.11513,-1.63941
0.0438892,0.116132,0.0386424;-1.77044,-0.961102,-1.78206
0.0517998,0.113308,0.0367661;-1.78036,-1.05825,-1.79791
0.0624073,0.10695,0.0304238;-1.56826,-1.19212,-1.60309
0.054864,0.117572,0.0317756;-1.81197,-1.33608,-1.8256
0.0471997,0.124291,0.0382828;-2.32206,-1.29085,-2.31248
0.0539238,0.117556,0.0375137;-1.8293,-1.18791,-1.86279
0.0490426,0.119239,0.0372924;-1.72826,-1.02235,-1.75539
0.0391817,0.124943,0.0382544;-1.84955,-1.04054,-1.84933
0.0523113,0.120004,0.0321494;-1.63667,-1.17267,-1.66887
0.0544781,0.120862,0.0302936;-1.62304,-1.27589,-1.64649
0.0489924,0.129764,0.0366865;-2.12496,-1.26715,-2.11593
0.0480933,0.126815,0.038962;-2.01509,-1.20904,-2.0292
0.0470437,0.126494,0.0380005;-1.74222,-1.04212,-1.77496
0.031169,0.132962,0.040028;-1.82024,-0.917488,-1.81521
0.0428771,0.129084,0.0371174;-1.77144,-1.00988,-1.78375
0.0554477,0.120873,0.0305367;-1.56762,-1.13689,-1.6044
0.0463982,0.135156,0.0356002;-2.04807,-1.26075,-2.03794
0.0430578,0.135439,0.0388198;-2.1326,-1.22336,-2.12576
0.0396687,0.133407,0.036844;-1.8162,-1.1704,-1.84401
0.0259896,0.138423,0.0402496;-1.79395,-0.895522,-1.80124
0.0305525,0.137131,0.0400307;-1.85407,-0.983565,-1.85342
0.0445886,0.130555,0.0321211;-1.60023,-1.12315,-1.64227
0.0404694,0.138393,0.0328526;-1.9047,-1.29052,-1.8999
0.0377655,0.142158,0.0371901;-2.12791,-1.24778,-2.11504
0.0363192,0.139491,0.0384761;-1.95967,-1.22227,-1.98587
0.016461,0.146311,0.0411519;-1.7955,-0.92904,-1.81797
0.016223,0.147207,0.0402064;-1.86515,-1.00513,-1.86433
0.0288549,0.14288,0.0307704;-1.58156,-1.16699,-1.61408
0.0246002,0.148167,0.0307658;-1.76939,-1.32316,-1.77287
0.0221509,0.153179,0.0344375;-1.98905,-1.29702,-1.98965
0.024166,0.152701,0.0374666;-1.89177,-1.22953,-1.92582
0.024166,0.152701,0.0374666;-1.89177,-1.22953,-1.92582
0.012601,0.158147,0.0401324;-1.83437,-1.10123,-1.87127
0.012601,0.158147,0.0401324;-1.83437,-1.10123,-1.87127
