0,0,0.11;-1.57,-2.98023e-08,-1.57
0,0,0.11;-1.57,-2.98023e-08,-1.57
0,0,0.11;-1.57,-2.98023e-08,-1.57
-0.00059884,-0.000357917,0.0286;-1.57095,-0.261161,-1.56961
-0.000104123,0.000579335,0.0285797;-1.57083,-0.222669,-1.57083
0.00145604,0.00545941,0.0288353;-1.56524,-0.119595,-1.56603
0.000598376,0.0130639,0.0317019;-1.61842,-0.00825066,-1.57242
0.00497103,0.00659729,0.0288413;-1.57961,-0.138553,-1.57579
0.00517572,0.00725855,0.0292133;-1.59722,-0.170843,-1.58015
0.00495525,0.00682386,0.0294297;-1.59933,-0.165604,-1.58105
0.0056147,0.00845419,0.0286026;-1.5696,-0.117374,-1.57183
0.00959475,0.0200366,0.0308306;-1.56661,-0.0143807,-1.53528
0.00888615,0.030456,0.0337707;-1.57815,0.0988484,-1.49559
0.0065155,0.022632,0.0330767;-1.58462,0.0649565,-1.50908
-0.00403885,0.00697549,0.0317538;-1.51968,0.0284587,-1.55078
-0.0112382,-0.00466571,0.0302007;-1.53202,-0.0255857,-1.55744
-0.00539178,0.00247895,0.0310418;-1.53408,0.0655739,-1.54732
-0.000995401,0.00987961,0.0328059;-1.5161,0.143441,-1.5419
0.00172634,0.0236835,0.0344909;-1.53332,0.213697,-1.51915
0.00634227,0.0377581,0.0350877;-1.68458,0.199737,-1.54392
0.00939954,0.0345599,0.0334074;-1.6744,0.131223,-1.56394
0.00999351,0.0313623,0.0298373;-1.60271,0.0808564,-1.57768
0.00567502,0.0277339,0.0286342;-1.5734,0.180124,-1.57031
0.0067248,0.0292078,0.0286043;-1.57093,0.271477,-1.56948
0.0112734,0.0326797,0.0290661;-1.55988,0.416994,-1.56998
0.0138244,0.0392288,0.0294313;-1.55714,0.464623,-1.56774
0.0123556,0.0369643,0.0287233;-1.56899,0.354088,-1.56631
0.00960125,0.036531,0.0287266;-1.57198,0.136255,-1.57688
0.010167,0.0372776,0.0285795;-1.57093,0.11424,-1.57071
0.0105166,0.0375562,0.0285796;-1.57078,0.134018,-1.57077
0.0166433,0.0533817,0.0343552;-1.6395,0.360141,-1.50181
0.0136797,0.0614339,0.0380994;-1.70936,0.457122,-1.46715
0.0109584,0.0574582,0.0366975;-1.68182,0.413247,-1.47896
-0.0114137,0.0314098,0.0301446;-1.52732,0.291778,-1.57703
-0.0139122,0.0285892,0.0293457;-1.54945,0.216128,-1.56709
-0.011305,0.0312635,0.0291375;-1.55116,0.258777,-1.56542
0.00533823,0.0483522,0.0318908;-1.56908,0.441846,-1.52149
0.00985263,0.0593816,0.0336522;-1.59129,0.555027,-1.49282
0.01088,0.0594411,0.0337023;-1.59494,0.533497,-1.49329
0.00590805,0.0470639,0.0286456;-1.57089,0.395549,-1.57482
0.00340859,0.0443644,0.0298061;-1.60388,0.428121,-1.56991
-0.00315584,0.0398729,0.0330369;-1.63471,0.517279,-1.57731
-0.00536029,0.036056,0.0302142;-1.56469,0.668162,-1.60178
0.00662398,0.0484551,0.0297307;-1.57755,0.770615,-1.56814
0.015486,0.0613647,0.0333915;-1.68736,0.860574,-1.48047
0.0119393,0.0512226,0.0286876;-1.57088,0.692373,-1.56557
0.0100118,0.050136,0.0285788;-1.57073,0.611533,-1.57097
0.00955452,0.0497597,0.028587;-1.57069,0.598622,-1.57111
0.013004,0.0504392,0.0299545;-1.5184,0.738152,-1.60114
0.022954,0.0575144,0.0337618;-1.48406,0.851447,-1.59595
0.0299147,0.0661395,0.0374214;-1.43279,0.941096,-1.61097
0.0294694,0.062582,0.0322988;-1.52757,0.746974,-1.57242
0.0217063,0.0598611,0.0287792;-1.57823,0.611985,-1.56893
0.015848,0.0565958,0.0297337;-1.56459,0.536955,-1.58061
0.0274788,0.0623099,0.0315734;-1.50541,0.678172,-1.6209
0.0403184,0.0733181,0.031384;-1.60179,0.809724,-1.51778
0.0424992,0.0837037,0.0346332;-1.64551,0.945348,-1.46503
0.030161,0.0658702,0.0289538;-1.56665,0.846239,-1.56441
0.02613,0.0644145,0.0285714;-1.567,0.738672,-1.57596
0.0252809,0.0640051,0.0286505;-1.5749,0.673634,-1.5682
0.0259098,0.0646213,0.0287981;-1.57153,0.677155,-1.58073
0.0305899,0.0680158,0.029656;-1.59458,0.729463,-1.56745
0.0453087,0.0801692,0.0358674;-1.76967,0.786125,-1.4408
0.0469053,0.0792286,0.0374062;-1.81059,0.764569,-1.41332
0.0446807,0.0763992,0.0352276;-1.7508,0.725615,-1.45603
0.0431846,0.072547,0.0292441;-1.60406,0.689105,-1.55624
0.0434037,0.0730477,0.0287655;-1.58215,0.674813,-1.56384
0.044929,0.0734984,0.029069;-1.55079,0.728713,-1.57534
0.0541001,0.0779462,0.0333239;-1.45401,0.818728,-1.63932
0.0742392,0.102997,0.0373173;-1.46977,0.83602,-1.59571
0.0804689,0.104137,0.0324449;-1.55789,0.700207,-1.52646
0.0758327,0.0967328,0.031655;-1.53242,0.554033,-1.5597
0.0648835,0.0911015,0.0294199;-1.5337,0.417367,-1.57846
0.0703556,0.0921833,0.0296854;-1.5274,0.483828,-1.58866
0.0774986,0.0958213,0.0335777;-1.46103,0.577577,-1.63192
0.0886206,0.114362,0.0414556;-1.60504,0.804605,-1.53115
0.098503,0.120087,0.0351488;-1.67959,0.716178,-1.48291
0.0967546,0.109053,0.0297645;-1.56655,0.579702,-1.56755
0.0932896,0.105969,0.0286899;-1.57059,0.419147,-1.57622
0.092944,0.105576,0.0288846;-1.57294,0.451809,-1.58233
0.0928077,0.104317,0.0291912;-1.57443,0.539139,-1.58596
0.104781,0.116289,0.039767;-1.82385,0.835703,-1.42126
0.102266,0.11475,0.0417255;-1.86772,0.841134,-1.39502
0.0983378,0.105253,0.0370071;-1.74703,0.787094,-1.47898
0.0978869,0.101311,0.0308477;-1.63558,0.608066,-1.53893
0.0986326,0.102247,0.0300875;-1.61809,0.606386,-1.54388
0.10489,0.107741,0.0308477;-1.61255,0.659399,-1.53145
0.122968,0.132566,0.0383036;-1.77358,0.827722,-1.38008
0.120492,0.129263,0.0392168;-1.79638,0.790075,-1.36722
0.106214,0.117662,0.0387445;-1.75017,0.77409,-1.40118
0.0779324,0.105239,0.0334094;-1.47915,0.563868,-1.61628
0.0828737,0.109796,0.0327905;-1.51159,0.535901,-1.57863
0.0831681,0.116793,0.0343596;-1.48921,0.634259,-1.57183
0.0849476,0.130522,0.0386288;-1.45617,0.831013,-1.55721
0.0797344,0.123042,0.0402801;-1.49499,0.811777,-1.55687
0.0707722,0.112935,0.0421386;-1.47191,0.810215,-1.59745
0.0496922,0.0938243,0.0354576;-1.41749,0.712547,-1.68296
0.0508374,0.0890803,0.0333528;-1.46472,0.729298,-1.65137
0.0548405,0.0865271,0.0341391;-1.45106,0.782554,-1.65996
0.0611436,0.0868278,0.0367596;-1.40976,0.899641,-1.66195
0.0705311,0.0952947,0.0412116;-1.32485,1.01299,-1.69245
0.0688259,0.0879484,0.0393814;-1.38474,0.910849,-1.6847
0.0647369,0.0822047,0.0364961;-1.42386,0.765593,-1.70471
0.0435676,0.0863804,0.0327129;-1.48397,0.659645,-1.63553
0.0466792,0.0835772,0.0343351;-1.43588,0.719629,-1.66889
0.0502554,0.0837319,0.0367382;-1.35661,0.774652,-1.72495
0.0685519,0.100517,0.0451459;-1.23793,0.908959,-1.78237
0.0726046,0.095462,0.0444819;-1.44083,0.880978,-1.6464
0.0618609,0.0776839,0.0346027;-1.41622,0.804539,-1.70206
0.0579013,0.0744787,0.0379761;-1.5678,0.593788,-1.67067
0.0577658,0.0809309,0.0391716;-1.48784,0.62224,-1.71597
0.0599151,0.0805144,0.0375323;-1.39772,0.761838,-1.73039
0.0811661,0.101069,0.0436984;-1.34027,0.916699,-1.7114
0.0970009,0.109574,0.0461985;-1.61767,0.80369,-1.53571
0.104646,0.112628,0.0365781;-1.7794,0.664555,-1.43486
0.0894705,0.105045,0.0309536;-1.6334,0.702648,-1.54226
0.0937427,0.10516,0.0318471;-1.63994,0.669153,-1.54715
0.0961434,0.105493,0.0328788;-1.63734,0.690934,-1.55969
0.122179,0.130841,0.0371374;-1.81938,0.839939,-1.39226
0.12501,0.133852,0.0394628;-1.89816,0.818281,-1.33048
0.120947,0.128837,0.0364266;-1.79614,0.780743,-1.41159
0.101971,0.116103,0.0290066;-1.55284,0.60725,-1.5749
0.102045,0.116014,0.029265;-1.54039,0.644109,-1.58
0.104032,0.115573,0.0294441;-1.52742,0.724734,-1.59595
0.111391,0.118595,0.0375269;-1.36978,0.944169,-1.67773
0.113219,0.122996,0.0379466;-1.46465,1.03453,-1.58125
0.102119,0.115847,0.0373362;-1.41429,1.04,-1.62018
0.0869746,0.112775,0.0334791;-1.49648,0.876279,-1.56953
0.0829647,0.112823,0.032172;-1.52061,0.82189,-1.55809
0.0867139,0.113318,0.0327889;-1.53303,0.866387,-1.54225
0.0995378,0.111472,0.0356586;-1.43737,1.01948,-1.61695
0.10736,0.114727,0.0386273;-1.38227,1.07427,-1.65205
0.109294,0.117653,0.0411596;-1.41628,1.04059,-1.62048
0.103581,0.115991,0.0323608;-1.51916,0.848474,-1.5676
0.0995506,0.113114,0.0292946;-1.57682,0.81277,-1.56261
0.0971706,0.113203,0.0292312;-1.57498,0.780648,-1.5654
0.111267,0.11547,0.0315955;-1.53497,0.940337,-1.58499
0.123969,0.124165,0.0348353;-1.55031,1.04186,-1.54347
0.131534,0.134181,0.0399048;-1.62665,1.12471,-1.47048
0.113986,0.114944,0.0430256;-1.71479,1.03691,-1.44081
0.0997032,0.11326,0.0354307;-1.66694,1.02939,-1.47542
0.0871243,0.115188,0.0304206;-1.573,1.00382,-1.56011
0.0848247,0.120067,0.0353912;-1.40499,1.06614,-1.67584
0.0886944,0.119889,0.0394439;-1.24317,1.12031,-1.80843
0.0979915,0.12439,0.043291;-1.10697,1.17257,-1.9288
0.091563,0.114202,0.0444309;-1.36615,1.03153,-1.77032
0.0825569,0.108783,0.0428942;-1.22909,0.986119,-1.92232
0.0799503,0.107823,0.0439547;-1.23681,0.985735,-1.9317
0.0818363,0.101766,0.0409247;-1.12295,1.05343,-1.99684
0.0857022,0.0992184,0.0447666;-0.945882,1.07298,-2.15584
0.0970192,0.103457,0.0506003;-0.869741,1.16091,-2.2151
0.0875627,0.106166,0.050126;-1.2422,1.16149,-1.89192
0.0756371,0.10268,0.0417531;-1.065,1.10508,-2.06086
0.0796281,0.106047,0.0383093;-1.21793,1.11629,-1.91433
0.0833328,0.101915,0.0331128;-1.34236,1.18528,-1.78259
0.0879569,0.104269,0.0362535;-1.23076,1.19658,-1.86388
0.0964607,0.108935,0.0409139;-1.02349,1.20917,-2.03354
0.104461,0.114204,0.040835;-1.12496,1.17871,-1.92007
0.0997616,0.114842,0.0361109;-1.33447,1.12404,-1.73818
0.0966312,0.116581,0.0329088;-1.45277,1.08171,-1.63133
0.101679,0.118918,0.0354504;-1.47943,1.08769,-1.57415
0.103611,0.118579,0.0362628;-1.35097,1.11094,-1.71557
0.108468,0.119881,0.0387706;-1.19008,1.14294,-1.87394
0.127765,0.129967,0.0418687;-1.26093,1.17213,-1.76572
0.124802,0.126975,0.0392318;-1.29353,1.05524,-1.75087
0.113277,0.126242,0.0361783;-1.30953,0.943617,-1.76879
0.11045,0.128138,0.0340361;-1.39601,0.900919,-1.68911
0.119164,0.127815,0.0358005;-1.36579,0.978289,-1.70311
0.12518,0.127272,0.0372664;-1.28413,1.04857,-1.78222
0.133568,0.129233,0.0413703;-1.14544,1.2266,-1.88474
0.125989,0.123466,0.0427343;-1.22405,1.16307,-1.84148
0.112517,0.118555,0.0367288;-1.28738,1.07681,-1.80404
0.100397,0.118835,0.0321813;-1.45132,0.984643,-1.66987
0.108007,0.116992,0.0347686;-1.32074,1.08324,-1.79265
0.115183,0.115923,0.0367257;-1.22899,1.15565,-1.86369
0.12941,0.117963,0.0442018;-0.785302,1.26888,-2.25398
0.130974,0.116747,0.0438378;-0.855518,1.15602,-2.20352
0.125063,0.117011,0.0424189;-0.935262,1.09033,-2.15401
0.125956,0.120868,0.0341007;-1.33475,1.03159,-1.76516
0.129287,0.119544,0.0351973;-1.27681,1.05941,-1.82374
0.128534,0.116397,0.037751;-1.19803,1.07116,-1.9082
0.128534,0.116397,0.037751;-1.19803,1.07116,-1.9082
0.130319,0.11544,0.0414296;-0.990421,1.14731,-2.10885
0.130319,0.11544,0.0414296;-0.990421,1.14731,-2.10885
