0,0,0.11;-1.57,-2.98023e-08,-1.57
0,0,0.11;-1.57,-2.98023e-08,-1.57
0,0,0.11;-1.57,-2.98023e-08,-1.57
-0.000773199,-0.000132066,0.0285948;-1.57084,-0.260825,-1.56959
-0.000511372,-0.00157119,0.0286885;-1.57076,-0.124651,-1.57594
0.00163965,-0.00491717,0.0308782;-1.56253,0.0406802,-1.59754
0.00622751,-0.00570386,0.0365156;-1.60659,0.219691,-1.61905
0.00209188,-0.00651101,0.0288469;-1.57055,-0.0419122,-1.58349
0.0033638,-0.00263783,0.028711;-1.57681,-0.197491,-1.57289
0.00480143,-0.00256719,0.0285881;-1.57104,-0.280791,-1.57033
0.00493491,-0.00427342,0.028874;-1.57053,-0.118648,-1.58472
0.00530463,-0.00585983,0.0317907;-1.59305,0.0459655,-1.59894
0.00591967,0.000408917,0.0398483;-1.72646,0.232228,-1.58842
0.00548907,-0.0170003,0.0371542;-1.63172,0.259732,-1.61192
0.00273054,-0.0275097,0.0304207;-1.55695,0.165652,-1.60373
0.00115113,-0.0239952,0.028744;-1.57237,0.0485643,-1.57786
0.00311328,-0.0183238,0.0285799;-1.57073,-0.142466,-1.57072
0.00314499,-0.017982,0.0290417;-1.57874,-0.0332191,-1.58075
0.00562576,-0.00958706,0.0351985;-1.70024,0.138651,-1.5635
0.00127708,-0.0161778,0.0417824;-1.752,0.306276,-1.57919
-0.000805273,-0.0218537,0.0388141;-1.68975,0.236995,-1.58773
-0.00484499,-0.0309768,0.0289852;-1.5688,0.133343,-1.58868
-0.00313535,-0.0262482,0.0285796;-1.57087,-0.0796022,-1.57082
-0.00297174,-0.0264578,0.0287631;-1.57049,-0.0100764,-1.5798
0.00117716,-0.0213552,0.0310106;-1.56737,0.12831,-1.59878
0.00559551,-0.0116708,0.0372325;-1.72398,0.240316,-1.55826
0.00504783,-0.01706,0.0357791;-1.66716,0.270238,-1.5867
7.19531e-05,-0.0263021,0.0287569;-1.572,0.24032,-1.57788
0.00074979,-0.0251919,0.0286195;-1.5709,0.174554,-1.57284
0.000919912,-0.0248611,0.0285812;-1.57078,0.111897,-1.57019
0.00869757,-0.0113234,0.0341484;-1.5768,0.343573,-1.57742
0.0111091,0.0053234,0.040638;-1.80172,0.432764,-1.50432
0.0107846,0.00339722,0.0408724;-1.78988,0.449407,-1.51391
0.0047316,-0.0122465,0.0291458;-1.55946,0.258641,-1.58413
0.00329407,-0.0136523,0.0290766;-1.55795,0.200061,-1.57388
0.00190262,-0.0146825,0.0289224;-1.56207,0.125721,-1.56404
0.00757578,-0.00801246,0.0316943;-1.54025,0.327223,-1.56776
0.00910654,0.000950719,0.0403808;-1.59802,0.440494,-1.55811
0.0108582,0.00968949,0.0429729;-1.74902,0.484132,-1.52082
0.0117737,-0.000465023,0.0334603;-1.64768,0.367425,-1.5628
0.00756944,-0.00478546,0.0297344;-1.54849,0.247764,-1.57778
0.00542506,-0.00884425,0.0293039;-1.5476,0.158263,-1.57298
0.0100481,-0.00329592,0.0295145;-1.56294,0.290742,-1.55407
0.010291,0.00111687,0.0342914;-1.66375,0.478819,-1.52096
0.00947092,0.00463744,0.0401128;-1.7684,0.614963,-1.49219
0.0113569,-0.010569,0.0361863;-1.69661,0.568893,-1.53914
0.00371922,-0.0236695,0.0296031;-1.55525,0.492103,-1.59177
0.000830661,-0.0258574,0.029125;-1.55902,0.414456,-1.58079
0.00164211,-0.0227999,0.0285916;-1.57082,0.357746,-1.57023
0.00750777,-0.0155355,0.0303;-1.60701,0.472379,-1.56199
0.00905634,-0.0024631,0.039566;-1.81122,0.628088,-1.45049
-0.00940927,-0.0214654,0.0339323;-1.61729,0.804556,-1.59418
-0.0128372,-0.0271812,0.0304964;-1.57132,0.76671,-1.6045
-0.0154511,-0.0304732,0.0291661;-1.57121,0.786513,-1.5857
-0.0143944,-0.023759,0.0291193;-1.55788,0.689407,-1.59551
-0.00686444,-0.0163847,0.0301143;-1.58968,0.751649,-1.57126
0.00541338,-0.00302381,0.0367741;-1.80602,0.842734,-1.40631
-0.0141623,-0.0112333,0.0329717;-1.62744,1.03353,-1.56655
-0.0229049,-0.0236931,0.0309105;-1.56134,1.0256,-1.62007
-0.0264151,-0.026884,0.0308982;-1.57414,0.993665,-1.60603
-0.0264879,-0.0221121,0.0299655;-1.55143,0.935139,-1.61134
-0.0191659,-0.0167181,0.0307922;-1.55115,0.94094,-1.61192
0.00465324,-0.00332115,0.0323143;-1.69389,0.999257,-1.4718
0.00829393,0.000213167,0.0366257;-1.85992,1.05143,-1.3403
-0.00259178,-0.00622527,0.0347022;-1.72551,1.09637,-1.47351
-0.0188592,-0.0189868,0.0312295;-1.56322,1.12497,-1.62192
-0.0313881,-0.0200894,0.0288522;-1.56609,1.17407,-1.58658
-0.0301649,-0.0199717,0.0292909;-1.52435,1.18962,-1.63074
-0.0135446,-0.0152703,0.0297423;-1.55779,1.16783,-1.59215
0.0297412,-0.00127637,0.038656;-2.04772,1.13296,-1.14639
0.0246254,-0.00323922,0.0377228;-2.00972,1.16872,-1.18397
0.00573177,-0.0114124,0.0333942;-1.64139,1.23745,-1.55566
-0.0152873,-0.018114,0.0295346;-1.57335,1.27191,-1.58831
-0.0195143,-0.0200089,0.0291447;-1.52483,1.3322,-1.63165
-0.0144657,-0.0181029,0.0305623;-1.50338,1.30845,-1.661
0.0345699,-0.00419976,0.0366547;-2.29159,1.36929,-0.879322
0.0447402,-0.00263724,0.0371928;-2.26532,1.31734,-0.907648
0.0418725,-0.00589218,0.0322327;-1.82884,1.34277,-1.34334
0.028077,-0.0100321,0.031062;-1.59101,1.38904,-1.58957
0.0209938,-0.00767407,0.0322234;-1.47404,1.48153,-1.72008
0.0143865,-0.00896367,0.0312158;-1.02377,1.52088,-2.14341
0.0329085,-0.00288666,0.0394594;1.97722,1.465,1.16448
0.0501563,-0.00135749,0.0360837;2.69905,1.41466,0.433375
0.051827,-0.00477743,0.0315701;3.06418,1.50603,0.0705252
0.0310936,-0.0103454,0.0298447;-2.22972,1.56429,-0.929813
0.0248509,-0.00740971,0.031641;0.319843,1.54117,2.7927
0.0191685,-0.00485809,0.0331851;-0.0366247,1.49603,-3.11577
0.0459666,-0.00633957,0.0481798;1.89904,1.4729,1.22299
0.0663956,-0.00799233,0.0408097;2.52322,1.43352,0.592356
0.0742913,-0.0156287,0.0358384;-3.03314,1.44715,-0.131381
0.0675213,-0.0214984,0.0345237;-1.87717,1.45851,-1.32619
0.0711415,-0.0195986,0.0358694;-1.95906,1.41582,-1.23891
0.0782,-0.0192621,0.0366397;-2.23342,1.30678,-0.927369
0.0868252,-0.00740713,0.0381454;-2.94822,1.41593,-0.173108
0.085271,-0.00228207,0.0361187;2.98213,1.45099,0.1787
0.0833985,0.00235574,0.03453;2.33392,1.43765,0.82628
0.0763019,0.00647698,0.0287583;1.5829,1.42333,1.55224
0.0621967,0.00698334,0.0297167;1.64494,1.43059,1.47944
0.062736,0.00728024,0.0295083;1.5527,1.45527,1.56793
0.067489,0.00647875,0.029749;1.67299,1.42829,1.45731
0.0867448,0.00885919,0.0373774;2.01444,1.20731,1.15724
0.0867875,0.0106008,0.0343767;1.87873,1.1914,1.2759
0.0810774,0.0155158,0.0296309;1.63612,1.14961,1.50383
0.0776967,0.0174275,0.0290716;1.59483,1.12384,1.53582
0.0753733,0.0194584,0.0300936;1.57677,1.08975,1.53655
0.0752473,0.0217968,0.0314189;1.55304,1.071,1.54284
0.0923953,0.0179642,0.0365459;1.8265,0.929931,1.35249
0.0943005,0.016002,0.0340078;1.74939,0.951034,1.42172
0.0914,0.0189471,0.0288791;1.58634,0.967465,1.55252
0.0898477,0.0193851,0.0287893;1.57545,0.98885,1.55951
0.0896274,0.0193142,0.029212;1.5858,0.981849,1.54267
0.0904111,0.0188179,0.0316986;1.58813,0.979442,1.51516
0.111271,0.0153556,0.037606;1.78461,0.788107,1.39152
0.116073,0.0124822,0.0347356;1.74934,0.819625,1.43207
0.113724,0.0124359,0.0291921;1.60541,0.860844,1.54211
0.113362,0.0124979,0.0287028;1.5706,0.913315,1.56513
0.112872,0.0125633,0.0289578;1.58193,0.914087,1.55063
0.11128,0.0135018,0.0302051;1.56783,0.882645,1.54018
0.125347,0.00864217,0.0371125;1.68345,0.785306,1.4563
0.136903,0.00152377,0.0357619;1.74785,0.795371,1.42804
0.139309,-0.00276204,0.0325533;1.69417,0.845478,1.47392
0.137925,-0.00281277,0.028735;1.57055,0.920343,1.56376
0.13772,-0.00220404,0.0287386;1.56991,0.946502,1.56428
0.136223,-0.00104795,0.0291012;1.57542,0.906808,1.551
0.13822,-0.00145708,0.0365063;1.66506,0.783632,1.4646
0.143444,-0.00265495,0.0393647;1.71737,0.649234,1.44116
0.142616,-0.00242794,0.0367212;1.70775,0.648817,1.4623
0.139485,-0.00407584,0.0286858;1.57069,0.732388,1.56589
0.140272,-0.00420676,0.028797;1.56304,0.793954,1.57148
0.140521,-0.00462624,0.0287177;1.57155,0.820591,1.56389
0.139548,-0.000440863,0.0333739;1.67074,0.738481,1.48334
0.145284,0.00489388,0.0394008;1.74829,0.573237,1.4522
0.145686,0.015242,0.0425552;1.73388,0.443586,1.47327
0.146917,0.0223526,0.0288761;1.57444,0.471897,1.58025
0.146623,0.0232394,0.0286878;1.56753,0.515763,1.57478
0.146299,0.025019,0.0289577;1.55211,0.574534,1.58364
0.145255,0.0204705,0.0311841;1.64135,0.626926,1.53268
0.149262,0.017038,0.0370372;1.74552,0.566747,1.48912
0.15674,0.0175053,0.0402855;1.79812,0.444601,1.47713
0.164599,0.0373934,0.0303516;1.59839,0.254655,1.58033
0.164907,0.0384237,0.0289661;1.56839,0.249789,1.58837
0.165134,0.0397644,0.0288827;1.56552,0.313536,1.58193
0.161826,0.0389633,0.0302437;1.60384,0.460319,1.55923
0.158224,0.0319999,0.0367952;1.74575,0.496063,1.49646
0.159929,0.0279501,0.0398847;1.80141,0.483845,1.47729
0.16932,0.0301391,0.0319794;1.64968,0.366252,1.54113
0.170762,0.0329711,0.0286475;1.56989,0.301734,1.57505
0.170638,0.0333675,0.0288438;1.56636,0.301635,1.58056
0.169436,0.0350547,0.028693;1.5713,0.442858,1.56455
0.16949,0.02726,0.0317597;1.64142,0.495903,1.5311
0.168633,0.0190629,0.0389057;1.7981,0.52482,1.45227
0.167977,0.0166956,0.0342068;1.71076,0.576433,1.49251
0.168772,0.0247798,0.0288982;1.58398,0.506167,1.56068
0.16748,0.0278785,0.028771;1.56044,0.409244,1.57555
0.168003,0.0259836,0.0288601;1.57047,0.46646,1.55755
0.1696,0.0201189,0.0299133;1.5717,0.526116,1.54475
0.171335,0.00592852,0.0344431;1.64987,0.599784,1.49384
0.176604,-0.0156807,0.0368176;1.78002,0.659544,1.43474
0.175813,-0.0147286,0.0317825;1.66103,0.696312,1.50805
0.174897,-0.0100804,0.0288072;1.57034,0.606148,1.56016
0.173142,-0.00902454,0.0285794;1.57084,0.569465,1.57068
0.172899,-0.0086195,0.0288566;1.5706,0.543505,1.55781
0.171689,-0.0101163,0.0311157;1.58084,0.53777,1.5359
0.179292,-0.035352,0.0390664;1.78499,0.586456,1.4241
0.180128,-0.0413855,0.0353603;1.73757,0.6723,1.45605
0.178668,-0.0390568,0.0294096;1.59031,0.687854,1.54546
0.177323,-0.0371492,0.0286167;1.5676,0.637623,1.57348
0.177309,-0.0371271,0.0287128;1.57088,0.622113,1.5643
0.176628,-0.0361753,0.0294289;1.58436,0.600223,1.54655
0.17702,-0.0443528,0.0414093;1.76553,0.601158,1.41069
0.178608,-0.047495,0.0386407;1.74919,0.658286,1.43432
0.179687,-0.0460403,0.0306145;1.61845,0.700838,1.52802
0.176749,-0.043844,0.0286793;1.56482,0.61752,1.57436
0.177125,-0.0444964,0.028595;1.57083,0.642681,1.57013
0.177548,-0.0450301,0.0290001;1.57777,0.65841,1.55185
0.179008,-0.059079,0.0400821;1.82692,0.706372,1.38253
0.177261,-0.0624911,0.0388174;1.79176,0.720459,1.39331
0.173705,-0.0588638,0.0338485;1.66058,0.730501,1.47952
0.169292,-0.0497693,0.0287599;1.56306,0.561513,1.57255
0.169256,-0.0496587,0.0285803;1.57065,0.581665,1.57106
0.169644,-0.0499005,0.0285798;1.57071,0.62451,1.57083
0.169644,-0.0499005,0.0285798;1.57071,0.62451,1.57083
0.170121,-0.0530828,0.02978;1.60015,0.652686,1.54572
0.170121,-0.0530828,0.02978;1.60015,0.652686,1.54572
