0,0,0.11;-1.57,-2.98023e-08,-1.57
0,0,0.11;-1.57,-2.98023e-08,-1.57
0,0,0.11;-1.57,-2.98023e-08,-1.57
-0.00132246,-0.0021956,0.0287064;-1.56674,-0.296307,-1.56654
-0.000183962,0.000593545,0.0286062;-1.57017,-0.16452,-1.56993
-0.000149782,-0.00260812,0.0295132;-1.58099,0.00158754,-1.57979
0.00177029,-0.00934692,0.0361997;-1.55805,0.15285,-1.59156
-0.000701525,-0.00624845,0.0285781;-1.571,-0.129411,-1.57085
-0.00104411,-0.00871618,0.0287247;-1.57067,-0.274188,-1.56366
-0.0019678,-0.0112432,0.0287416;-1.56403,-0.366473,-1.56695
-0.00106766,-0.00987974,0.0285788;-1.57086,-0.182315,-1.57068
-0.000205508,-0.0141648,0.0298059;-1.57109,-0.0123311,-1.58635
0.00289944,-0.0165641,0.0373706;-1.53044,0.168787,-1.59596
0.00224075,-0.0273799,0.0323792;-1.50842,0.100107,-1.58706
-0.00259191,-0.0224079,0.0288049;-1.56532,-0.0219695,-1.57579
-0.00386681,-0.0207399,0.0285852;-1.56999,-0.19475,-1.56973
-0.00379877,-0.0196515,0.0285793;-1.57081,-0.22968,-1.57081
-0.0036007,-0.0184156,0.0287186;-1.57582,-0.12252,-1.57394
-0.00488682,-0.0151172,0.0331953;-1.65026,0.0485242,-1.57666
-0.00648937,-0.0314112,0.0401525;-1.65395,0.181099,-1.58961
-0.0091744,-0.0449293,0.0330075;-1.54156,0.0455452,-1.58174
-0.0131023,-0.0441869,0.0285359;-1.57348,-0.120113,-1.57167
-0.0139807,-0.0447839,0.0286113;-1.57073,-0.256164,-1.56918
-0.0120548,-0.0447753,0.028578;-1.57089,-0.114805,-1.57083
-0.0114368,-0.0454191,0.0290028;-1.58046,0.0446228,-1.57906
-0.0128776,-0.0499387,0.0341331;-1.6464,0.154041,-1.57858
-0.0150994,-0.0651029,0.0326599;-1.61362,0.138501,-1.58546
-0.0217861,-0.0691597,0.0286049;-1.57134,-0.180304,-1.56683
-0.0213523,-0.0689177,0.0286623;-1.56908,-0.217356,-1.56591
-0.0199517,-0.067728,0.0285864;-1.57148,-0.144135,-1.56929
-0.0170237,-0.063866,0.0307401;-1.60679,0.164378,-1.57442
-0.0188013,-0.0620852,0.0388734;-1.71865,0.318269,-1.56486
-0.0202109,-0.0707713,0.0411957;-1.75601,0.338011,-1.55799
-0.030244,-0.0921579,0.0284493;-1.57041,0.040318,-1.56961
-0.0305482,-0.0942087,0.0286793;-1.57102,-0.104851,-1.56585
-0.0304513,-0.0940932,0.0286498;-1.57066,-0.122773,-1.56706
-0.030599,-0.0965914,0.0288648;-1.57846,0.0571853,-1.57662
-0.0283945,-0.0943464,0.0336072;-1.61724,0.253246,-1.58293
-0.028086,-0.0957723,0.0400509;-1.70306,0.337974,-1.56464
-0.0337598,-0.114591,0.029029;-1.55897,0.142278,-1.58216
-0.0337664,-0.110268,0.0285872;-1.57209,-0.0482936,-1.57051
-0.0330543,-0.110603,0.0286697;-1.57108,-0.10719,-1.56627
-0.0314385,-0.108063,0.0286326;-1.57189,0.030164,-1.5724
-0.029703,-0.103649,0.0308099;-1.60029,0.188189,-1.56506
-0.0305217,-0.100402,0.0384302;-1.71062,0.346402,-1.5529
-0.034942,-0.125474,0.0293406;-1.54757,0.238748,-1.5899
-0.0377756,-0.12078,0.028727;-1.57077,0.0577936,-1.57798
-0.036023,-0.11975,0.0286523;-1.57104,-0.072808,-1.56724
-0.0349518,-0.118146,0.0286055;-1.57243,-0.000312865,-1.57086
-0.0346317,-0.116202,0.0295962;-1.58436,0.122465,-1.56637
-0.0346044,-0.109608,0.0357891;-1.70133,0.287378,-1.55124
-0.0400651,-0.13848,0.0303355;-1.58188,0.2578,-1.58616
-0.045103,-0.144364,0.0287213;-1.56586,0.132719,-1.57324
-0.0445794,-0.142686,0.0285631;-1.57024,-0.0119985,-1.57084
-0.0438862,-0.140963,0.0286926;-1.57079,-0.0538406,-1.57617
-0.0426512,-0.138834,0.0289006;-1.57858,-0.00399972,-1.5783
-0.0408923,-0.127376,0.0340413;-1.66076,0.137626,-1.57539
-0.0447677,-0.153937,0.0343549;-1.63157,0.224064,-1.5743
-0.0492513,-0.173567,0.0289674;-1.55429,0.119755,-1.5747
-0.0532022,-0.169772,0.0286566;-1.57086,-0.06364,-1.57472
-0.0528652,-0.162701,0.0286159;-1.57017,-0.292923,-1.5728
-0.0519966,-0.162819,0.0287771;-1.57143,-0.250272,-1.57984
-0.0504321,-0.156532,0.0295617;-1.58359,-0.146762,-1.58319
-0.047973,-0.165719,0.0362079;-1.6469,-0.00816411,-1.58616
-0.043451,-0.180647,0.032577;-1.5698,-0.0743344,-1.58701
-0.0440885,-0.185529,0.0289997;-1.56395,-0.142568,-1.58312
-0.0461473,-0.177566,0.0285769;-1.57096,-0.430026,-1.57082
-0.0460228,-0.17732,0.0286267;-1.57083,-0.428906,-1.5731
-0.0454108,-0.174273,0.0288236;-1.5746,-0.389649,-1.57748
-0.0515459,-0.160278,0.037797;-1.72116,-0.170963,-1.61699
-0.0496679,-0.165202,0.0388662;-1.73408,-0.173008,-1.63165
-0.0425978,-0.180563,0.0291195;-1.56251,-0.221067,-1.58664
-0.0427733,-0.176689,0.0285838;-1.57015,-0.465874,-1.56889
-0.0427837,-0.176287,0.0285781;-1.57019,-0.474138,-1.5712
-0.0429825,-0.174711,0.0286482;-1.57057,-0.471496,-1.57431
-0.0530162,-0.15124,0.0369225;-1.68681,-0.2754,-1.62091
-0.0526985,-0.15134,0.039575;-1.72753,-0.284395,-1.64946
-0.0407817,-0.17019,0.0305723;-1.57964,-0.343965,-1.59968
-0.0394725,-0.172827,0.0286577;-1.5733,-0.593172,-1.57536
-0.0399752,-0.170054,0.0285545;-1.57034,-0.674726,-1.56985
-0.0411389,-0.168676,0.0287258;-1.57065,-0.719769,-1.57766
-0.0513148,-0.153685,0.0328467;-1.64729,-0.565015,-1.62378
-0.0571493,-0.152179,0.0368211;-1.7399,-0.597046,-1.67712
-0.0469586,-0.162612,0.0304567;-1.62035,-0.669313,-1.60266
-0.0423609,-0.169075,0.0287681;-1.57163,-0.834815,-1.58016
-0.0446985,-0.165481,0.0289531;-1.58211,-0.928738,-1.5908
-0.0472002,-0.161906,0.0288538;-1.57129,-1.00164,-1.58456
-0.0554797,-0.153436,0.0306013;-1.60196,-0.891615,-1.61615
-0.0660089,-0.149397,0.0342491;-1.74509,-0.937932,-1.71576
-0.0600247,-0.154162,0.0330086;-1.71624,-0.969369,-1.68664
-0.0442975,-0.161693,0.0288742;-1.57932,-1.09757,-1.58841
-0.0467517,-0.159534,0.0288672;-1.56956,-1.16539,-1.58351
-0.0497256,-0.15776,0.0287575;-1.56976,-1.23234,-1.57839
-0.0606847,-0.150975,0.0301888;-1.53762,-1.23688,-1.54488
-0.0728555,-0.147916,0.0323199;-1.81556,-1.28287,-1.80881
-0.0718757,-0.149534,0.0353884;-1.94594,-1.23765,-1.92613
-0.0561357,-0.153488,0.0289089;-1.57807,-1.32163,-1.59151
-0.0625286,-0.148749,0.0290692;-1.74246,-1.48883,-1.75133
-0.0643759,-0.147695,0.0288378;-1.55033,-1.55413,-1.56289
-0.0657178,-0.147224,0.0287563;-1.27572,-1.55885,-1.28096
-0.0969863,-0.145388,0.0364642;-2.27501,-1.35319,-2.27266
-0.0931121,-0.150004,0.0389786;-2.34683,-1.31495,-2.33558
-0.0765098,-0.150479,0.0322034;-1.96462,-1.38954,-1.95689
-0.0650527,-0.150864,0.0289067;1.69569,-1.55006,1.68279
-0.0697802,-0.150382,0.0289939;1.61699,-1.48708,1.60131
-0.0749406,-0.150602,0.0290595;1.53564,-1.43327,1.51686
-0.107667,-0.153032,0.0327225;2.42771,-1.48278,2.41446
-0.1157,-0.159796,0.0382433;2.60228,-1.36916,2.59677
-0.101588,-0.15935,0.0337524;2.2025,-1.42594,2.2104
-0.0854365,-0.155401,0.0290257;1.56199,-1.25001,1.55511
-0.0869803,-0.155975,0.028853;1.57276,-1.22113,1.56044
-0.0901264,-0.156631,0.029002;1.55993,-1.19702,1.54308
-0.119109,-0.165482,0.03084;1.62377,-1.22837,1.6103
-0.133252,-0.173986,0.0371424;1.98646,-1.15068,1.94862
-0.123448,-0.175047,0.0361486;1.93815,-1.17424,1.92124
-0.104607,-0.164534,0.0290709;1.56376,-0.98572,1.56136
-0.105829,-0.165038,0.0288651;1.57604,-0.956122,1.56467
-0.107905,-0.166398,0.0291116;1.56285,-0.931479,1.54512
-0.127478,-0.176494,0.0310909;1.54654,-1.03231,1.54068
-0.139017,-0.18632,0.0357114;1.81728,-1.01638,1.77466
-0.135346,-0.188222,0.0382885;1.89431,-0.996504,1.85673
-0.116664,-0.174332,0.0287247;1.56489,-0.888136,1.56764
-0.115576,-0.174141,0.0287673;1.57083,-0.815882,1.56168
-0.117214,-0.175115,0.0289591;1.57196,-0.790355,1.55479
-0.125348,-0.183272,0.0304428;1.56146,-0.776444,1.54558
-0.138063,-0.196051,0.032347;1.60823,-0.866878,1.59349
-0.143211,-0.205585,0.0373592;1.80145,-0.798061,1.7349
-0.128191,-0.192169,0.0291577;1.5929,-0.76854,1.5885
-0.122896,-0.187806,0.0287196;1.5646,-0.617008,1.5657
-0.123394,-0.188814,0.0288426;1.57254,-0.582298,1.56076
-0.127917,-0.192342,0.0296555;1.56821,-0.58774,1.54666
-0.138138,-0.205163,0.0309567;1.5479,-0.637818,1.54561
-0.147456,-0.222346,0.0349794;1.71796,-0.641048,1.64859
-0.13598,-0.217437,0.0338534;1.68199,-0.621426,1.6504
-0.130374,-0.208481,0.028885;1.55796,-0.506392,1.56893
-0.128919,-0.207162,0.0286995;1.57048,-0.382491,1.56483
-0.130924,-0.211042,0.0301855;1.56784,-0.340486,1.53823
-0.136371,-0.217306,0.0309095;1.57218,-0.407454,1.53739
-0.144113,-0.235456,0.0325886;1.63805,-0.507473,1.58216
-0.137228,-0.233836,0.0348563;1.67612,-0.383826,1.63675
-0.132439,-0.22106,0.0288492;1.57022,-0.285841,1.58241
-0.129774,-0.218807,0.0286539;1.57139,-0.152049,1.574
-0.131257,-0.222428,0.0305506;1.56561,-0.130772,1.53346
-0.134482,-0.229929,0.0316596;1.56992,-0.182869,1.52554
-0.139197,-0.247344,0.0340929;1.62744,-0.333927,1.559
-0.136744,-0.248685,0.0365792;1.71739,-0.261607,1.624
-0.135419,-0.236156,0.0291646;1.58694,-0.212815,1.58215
-0.133279,-0.229882,0.0286784;1.57038,-0.0514214,1.57595
-0.13385,-0.233192,0.0298999;1.56723,0.0441031,1.54197
-0.134751,-0.236939,0.0310912;1.56914,0.0176037,1.53035
-0.135983,-0.25257,0.0327231;1.61174,-0.137711,1.54402
-0.131064,-0.251787,0.0371386;1.73499,-0.15191,1.59484
-0.129498,-0.242633,0.0351593;1.69324,-0.113449,1.59622
-0.130643,-0.226082,0.0286995;1.56995,0.0117261,1.57853
-0.1305,-0.225065,0.0290223;1.56806,0.131337,1.55178
-0.130262,-0.228134,0.0306491;1.56707,0.156782,1.53399
-0.130286,-0.233327,0.0315629;1.57063,0.101629,1.52681
-0.124606,-0.243508,0.0374044;1.73706,-0.00977287,1.5614
-0.123529,-0.239117,0.0367619;1.71991,0.005427,1.57949
-0.124554,-0.228782,0.0322052;1.63147,0.0449345,1.57918
-0.124123,-0.219974,0.0285882;1.57039,0.216211,1.56992
-0.123837,-0.223519,0.0295592;1.56656,0.254367,1.54653
-0.123236,-0.230273,0.0316221;1.56493,0.260318,1.52247
-0.115735,-0.244918,0.0388234;1.73911,0.0815932,1.52692
-0.114162,-0.23366,0.0367277;1.73011,0.0915602,1.55076
-0.115106,-0.222325,0.0336526;1.65461,0.148322,1.5788
-0.119148,-0.2067,0.0287058;1.5709,0.344379,1.57692
-0.119046,-0.207719,0.0288819;1.56825,0.380509,1.55521
-0.118972,-0.213654,0.0312355;1.56535,0.403194,1.52728
-0.111384,-0.232213,0.0388892;1.73393,0.190522,1.50385
-0.109615,-0.219461,0.0379699;1.75035,0.136813,1.53357
-0.110325,-0.201689,0.0343871;1.67189,0.175988,1.56948
-0.112557,-0.181707,0.028734;1.57094,0.397579,1.57815
-0.112601,-0.181593,0.0286567;1.57042,0.435764,1.56435
-0.110875,-0.18806,0.030549;1.56568,0.479445,1.53659
-0.101859,-0.214476,0.0371969;1.69024,0.290505,1.49487
-0.100411,-0.21362,0.0390463;1.76024,0.252004,1.50155
-0.101719,-0.197886,0.0360103;1.71513,0.230236,1.53772
-0.111534,-0.173575,0.0287897;1.57022,0.435078,1.58091
-0.112155,-0.17187,0.0285746;1.57102,0.525868,1.57056
-0.111447,-0.173441,0.0290779;1.56575,0.542545,1.55424
-0.111447,-0.173441,0.0290779;1.56575,0.542545,1.55424
-0.107656,-0.181846,0.0317864;1.5661,0.5982,1.52261
-0.107656,-0.181846,0.0317864;1.5661,0.5982,1.52261
