0,0,0.11;-1.57,-2.98023e-08,-1.57
0,0,0.11;-1.57,-2.98023e-08,-1.57
0,0,0.11;-1.57,-2.98023e-08,-1.57
-0.00118523,-0.00270003,0.0286946;-1.56815,-0.24113,-1.56683
-0.000808495,-0.00131137,0.0286732;-1.56964,-0.194069,-1.56704
0.000456185,0.00441395,0.0292866;-1.55875,-0.122173,-1.56288
-0.00131986,0.0143579,0.030704;-1.5821,0.0220775,-1.55577
-0.00181058,0.00527087,0.0286684;-1.56964,-0.14937,-1.56691
-0.00243145,0.00262118,0.028683;-1.57093,-0.258848,-1.56575
-0.00227101,0.00145144,0.0286796;-1.57077,-0.322103,-1.5659
-0.00205942,0.00230852,0.0287036;-1.56942,-0.301,-1.5656
-0.000734043,0.00649207,0.0291107;-1.5572,-0.242736,-1.56349
0.000883047,0.022027,0.0317611;-1.57361,-0.114121,-1.54943
0.00118466,0.0341561,0.0293893;-1.57473,-0.107442,-1.56234
0.000894989,0.03098,0.0286897;-1.57064,-0.178615,-1.56548
-0.000285517,0.0284311,0.0286209;-1.57165,-0.259952,-1.56783
-0.00027359,0.0280102,0.028675;-1.57071,-0.253586,-1.56628
0.000759745,0.0298989,0.0291571;-1.5517,-0.208277,-1.56539
0.00263843,0.0363794,0.0325566;-1.50214,-0.128441,-1.55724
0.00419658,0.0436717,0.0339248;-1.48855,-0.0322502,-1.56759
0.00339647,0.0501979,0.0294015;-1.56276,-0.0356934,-1.57992
0.00209519,0.0512795,0.0287873;-1.57063,-0.0905201,-1.58055
0.00331126,0.0568187,0.0288723;-1.57767,-0.286638,-1.58006
0.00356687,0.0548894,0.0288901;-1.57071,-0.225054,-1.58584
0.00602496,0.0526805,0.0304799;-1.56073,-0.147779,-1.58922
0.00876935,0.0551497,0.0332566;-1.52493,-0.0798673,-1.58798
0.0111355,0.0558184,0.0305953;-1.55632,-0.0782146,-1.59645
0.0106822,0.0628609,0.0290548;-1.58169,-0.166474,-1.58441
0.0123321,0.066192,0.0290739;-1.58593,-0.260863,-1.5838
0.0123023,0.0667488,0.0290841;-1.58476,-0.266327,-1.58514
0.013095,0.0642566,0.0317361;-1.56512,-0.166938,-1.59053
0.0139711,0.0690326,0.0385376;-1.57404,-0.077199,-1.58807
0.0137711,0.0756222,0.0355426;-1.61889,-0.0543407,-1.59165
0.0138665,0.0763921,0.0285797;-1.57091,-0.0397769,-1.57085
0.0140687,0.0753964,0.0285794;-1.57075,-0.108316,-1.5708
0.0141317,0.0753179,0.0286;-1.5708,-0.124113,-1.56972
0.0143331,0.0759119,0.0293852;-1.55958,-0.107614,-1.55966
0.0132571,0.07688,0.0321781;-1.53546,-0.091966,-1.54382
0.0120529,0.0806469,0.0338247;-1.50221,-0.0897882,-1.54687
0.010103,0.0917535,0.028579;-1.57083,-0.181186,-1.57073
0.0101313,0.0914885,0.0287682;-1.56704,-0.197874,-1.56453
0.0098304,0.0907206,0.0288273;-1.56206,-0.20471,-1.56562
0.0104953,0.092462,0.0287021;-1.57136,-0.122753,-1.5651
0.0103187,0.0956607,0.0297253;-1.57209,-0.011913,-1.56172
0.0110621,0.0931783,0.0320372;-1.5828,0.101873,-1.55607
0.0125348,0.0893609,0.0286843;-1.57084,0.0409622,-1.56561
0.0117443,0.0878913,0.0286219;-1.57071,-0.0328292,-1.56875
0.0100571,0.0848324,0.0287653;-1.5668,-0.139366,-1.56527
0.00992585,0.0840643,0.0286722;-1.571,-0.18401,-1.56622
0.0102736,0.0857416,0.0292928;-1.57835,-0.131242,-1.5646
0.00999776,0.0893622,0.0335777;-1.63264,-0.0745084,-1.5578
0.0109041,0.081195,0.0285875;-1.57145,-0.12102,-1.56939
0.0107106,0.0808617,0.0285787;-1.57089,-0.135843,-1.57084
0.01051,0.0804992,0.0285959;-1.57078,-0.172045,-1.57004
0.0102392,0.0797654,0.0285899;-1.57117,-0.129814,-1.5712
0.0103579,0.0804335,0.0298013;-1.5872,-0.13462,-1.58706
0.012074,0.0817288,0.0346953;-1.62943,-0.168632,-1.59958
0.0146399,0.08272,0.0308065;-1.61034,-0.311214,-1.59774
0.0153957,0.0829871,0.0289648;-1.572,-0.34013,-1.58828
0.0152903,0.0842987,0.0289552;-1.57909,-0.372273,-1.58396
0.0144849,0.0818403,0.0291161;-1.58662,-0.292394,-1.58595
0.0140461,0.0787679,0.0310597;-1.61326,-0.239384,-1.59801
0.0159358,0.075225,0.0347519;-1.64181,-0.145887,-1.61702
0.0203029,0.0700576,0.03396;-1.61927,-0.208805,-1.62079
0.0194165,0.0657465,0.0298143;-1.56688,-0.331814,-1.59644
0.0178139,0.0687575,0.0289284;-1.57364,-0.41072,-1.58563
0.0173873,0.0711473,0.0287094;-1.57076,-0.469904,-1.57698
0.0173457,0.0702814,0.0285868;-1.57128,-0.404691,-1.57069
0.0148586,0.0709499,0.029094;-1.59219,-0.299238,-1.57947
0.0137957,0.0691376,0.0339274;-1.65509,-0.220924,-1.59792
0.0136702,0.0647419,0.0297497;-1.57993,-0.288594,-1.57304
0.0141127,0.0613293,0.0285781;-1.57069,-0.357538,-1.57061
0.013996,0.0615527,0.0285879;-1.57019,-0.367191,-1.57022
0.014045,0.0621246,0.0286104;-1.5707,-0.327805,-1.56938
0.014302,0.0640674,0.0286694;-1.57062,-0.256363,-1.56643
0.0120954,0.0730481,0.0326611;-1.61431,-0.178484,-1.57154
0.0141059,0.0822039,0.0314937;-1.6149,-0.26631,-1.57774
0.0189382,0.0798027,0.028672;-1.57084,-0.365817,-1.56646
0.0191855,0.0769106,0.0286218;-1.57047,-0.4731,-1.56844
0.0196897,0.0796881,0.0286013;-1.57064,-0.348613,-1.56968
0.0213294,0.0833961,0.0286508;-1.57037,-0.211056,-1.56785
0.0183679,0.0949706,0.0314688;-1.56953,0.00635065,-1.55497
0.0159162,0.100557,0.0315346;-1.57553,-0.0908506,-1.55964
0.0167196,0.0997552,0.0286833;-1.56834,-0.194351,-1.56778
0.015309,0.0949668,0.0286866;-1.56579,-0.414087,-1.56819
0.0166109,0.0973911,0.0285872;-1.5701,-0.300547,-1.57051
0.016907,0.0995344,0.0287495;-1.57136,-0.238233,-1.56323
0.00742254,0.112786,0.0347177;-1.68078,0.0514795,-1.57324
0.00439579,0.11311,0.0351877;-1.69075,0.0987597,-1.57496
0.00239411,0.100976,0.0289144;-1.5619,0.153952,-1.58367
0.00370258,0.103482,0.0288206;-1.57457,-0.00804925,-1.57861
0.0056807,0.106801,0.0289809;-1.57991,-0.115256,-1.58191
0.00705422,0.108741,0.0291501;-1.59456,-0.15449,-1.57873
0.00296331,0.123066,0.0360882;-1.71912,0.0348582,-1.57205
0.00332159,0.127262,0.0362717;-1.71,0.0408807,-1.58538
0.00343617,0.126498,0.0347513;-1.66395,0.0407651,-1.59357
0.00616781,0.124702,0.0290126;-1.57902,-0.0216162,-1.58345
0.0078353,0.126798,0.029114;-1.58917,-0.100103,-1.58012
0.00670537,0.125422,0.0291941;-1.59432,-0.0524119,-1.57844
0.0053462,0.123956,0.0292227;-1.58983,0.0378137,-1.57929
0.00275964,0.158271,0.0345264;-1.63787,0.130392,-1.58969
0.00168857,0.172264,0.0313897;-1.62147,0.0800727,-1.57858
0.00176665,0.17258,0.0288202;-1.57033,0.0297309,-1.58259
0.000668627,0.171753,0.0287634;-1.56193,-0.0839435,-1.56993
0.00108195,0.172266,0.0285793;-1.57076,-0.0525593,-1.5709
0.00142788,0.173042,0.02868;-1.57108,0.0254774,-1.56544
-0.00651283,0.170209,0.0339627;-1.65269,0.299957,-1.55237
-0.0106566,0.164616,0.0335786;-1.65057,0.368898,-1.56436
-0.0132982,0.159631,0.0286255;-1.5705,0.38555,-1.57336
-0.015239,0.157562,0.028705;-1.56879,0.209221,-1.56547
-0.0157801,0.157093,0.0286547;-1.56961,0.153906,-1.56757
-0.0156661,0.157001,0.0286863;-1.57091,0.148476,-1.56557
-0.0133615,0.157625,0.0334008;-1.62072,0.137049,-1.52796
-0.0123262,0.157744,0.0335947;-1.63748,0.133684,-1.54528
-0.0140858,0.155636,0.0287325;-1.56791,0.136116,-1.57567
-0.0147897,0.155073,0.0286868;-1.56814,0.146848,-1.56721
-0.0149083,0.154582,0.0286485;-1.56886,0.115158,-1.56887
-0.0149364,0.1544,0.0287244;-1.57124,0.109247,-1.56392
-0.0150305,0.153416,0.0313586;-1.57902,0.0678937,-1.54171
-0.0137813,0.156747,0.0312467;-1.55554,0.0150686,-1.561
-0.0130487,0.162145,0.0294981;-1.55587,-0.0366657,-1.57461
-0.0167501,0.166859,0.0285959;-1.56954,-0.189656,-1.57102
-0.0169651,0.167039,0.0285803;-1.57095,-0.21652,-1.57056
-0.0169301,0.167225,0.0285781;-1.57087,-0.229609,-1.5707
-0.0183159,0.161679,0.031706;-1.63111,-0.116229,-1.58564
-0.0175831,0.15453,0.037701;-1.67727,-0.00781133,-1.5939
-0.0132952,0.145625,0.0383563;-1.63546,0.00963151,-1.61088
-0.0137431,0.137804,0.0297622;-1.5687,-0.06489,-1.59622
-0.0140039,0.145277,0.029002;-1.57702,-0.160075,-1.58554
-0.0124672,0.148577,0.0290231;-1.58208,-0.223608,-1.58352
-0.0103401,0.150376,0.0315837;-1.63022,-0.22056,-1.594
-0.00866657,0.152442,0.0353515;-1.70516,-0.188312,-1.60212
-0.00731409,0.15324,0.0374661;-1.73862,-0.165171,-1.60866
-0.00919844,0.139893,0.0290311;-1.57225,-0.104351,-1.59101
-0.00923434,0.138531,0.0288525;-1.57499,-0.0791004,-1.57982
-0.00818634,0.140512,0.0287788;-1.5748,-0.124899,-1.57678
-0.00782737,0.141672,0.0288352;-1.5723,-0.139439,-1.58166
-0.00604651,0.1446,0.0295752;-1.58664,-0.144859,-1.58439
-0.000908595,0.152182,0.0329305;-1.61704,-0.166745,-1.58467
0.00650081,0.159623,0.0286236;-1.56879,-0.378928,-1.57048
0.0062002,0.159856,0.0285759;-1.57083,-0.413051,-1.57045
0.00613855,0.16024,0.0286799;-1.56602,-0.407307,-1.56746
0.00831294,0.164215,0.0285993;-1.57113,-0.221498,-1.56977
0.008201,0.165549,0.0289848;-1.5752,-0.107714,-1.56963
0.00916184,0.163502,0.0311463;-1.60525,0.00789403,-1.57036
0.0144712,0.160797,0.0290063;-1.55549,-0.098616,-1.57556
0.0125713,0.161821,0.0287531;-1.56521,-0.170847,-1.5727
0.0122804,0.162762,0.028599;-1.57091,-0.206041,-1.56973
0.0137642,0.165588,0.0287153;-1.57166,-0.102399,-1.56457
0.0122838,0.170752,0.0292861;-1.5822,0.0151917,-1.55963
0.00816978,0.17648,0.0318281;-1.61973,0.133833,-1.54967
0.00851548,0.171009,0.0294537;-1.58057,0.113146,-1.58316
0.00749885,0.169236,0.0287231;-1.5698,0.0831467,-1.577
0.0074268,0.168373,0.0286204;-1.5694,0.0886143,-1.57256
0.00756412,0.168797,0.0285842;-1.57052,0.109463,-1.57046
0.00738016,0.171726,0.028762;-1.57101,0.217668,-1.5614
0.00452547,0.177713,0.0298415;-1.6,0.338741,-1.56071
0.0119367,0.185259,0.0327046;-1.6463,0.257382,-1.5656
0.0174441,0.187489,0.029557;-1.59067,0.165315,-1.57998
0.0177894,0.187217,0.028913;-1.57677,0.134825,-1.58285
0.0166856,0.185489,0.0288596;-1.57802,0.181788,-1.57765
0.0157683,0.185413,0.0292001;-1.5984,0.227168,-1.56903
0.0125008,0.182959,0.031549;-1.62012,0.364799,-1.56917
0.0185614,0.199889,0.0358059;-1.65056,0.500246,-1.58481
0.0239972,0.206229,0.0344102;-1.62751,0.387727,-1.59703
0.0294215,0.208991,0.0296688;-1.57345,0.269506,-1.59566
0.0309358,0.210438,0.0290239;-1.58174,0.204818,-1.57911
0.0294879,0.209502,0.0289957;-1.57566,0.244573,-1.58445
0.0274146,0.209647,0.0297297;-1.60469,0.31709,-1.5646
0.0193714,0.21613,0.0374118;-1.75278,0.609112,-1.49011
0.0137168,0.212839,0.0350437;-1.67583,0.667641,-1.54153
0.00711462,0.20468,0.0289456;-1.56889,0.674372,-1.58807
0.00775594,0.20693,0.0285801;-1.57093,0.483241,-1.57074
0.00759527,0.206612,0.0285791;-1.57094,0.423031,-1.57065
0.00756038,0.206301,0.0286787;-1.57096,0.413525,-1.566
0.0104184,0.220709,0.0327405;-1.62704,0.589237,-1.51557
0.0145915,0.226572,0.0327383;-1.65634,0.604589,-1.52514
0.0143913,0.225976,0.0287382;-1.57006,0.557001,-1.57827
0.0135428,0.226374,0.0285989;-1.57067,0.492965,-1.56989
0.0136661,0.226472,0.0285785;-1.57088,0.491056,-1.57059
0.013649,0.225802,0.0287511;-1.57107,0.469076,-1.56242
0.013649,0.225802,0.0287511;-1.57107,0.469076,-1.56242
0.0140148,0.227127,0.0298527;-1.58452,0.518347,-1.54437
0.0140148,0.227127,0.0298527;-1.58452,0.518347,-1.54437
