0,0,0.11;-1.57,-2.98023e-08,-1.57
0,0,0.11;-1.57,-2.98023e-08,-1.57
0,0,0.11;-1.57,-2.98023e-08,-1.57
-0.000810584,-0.00113994,0.0286133;-1.57065,-0.224937,-1.56917
-0.000623688,-0.000645586,0.0286105;-1.57083,-0.156681,-1.57227
0.00140376,0.00481614,0.0299904;-1.56972,-0.0500181,-1.58872
0.00472147,0.0221485,0.0351915;-1.69373,0.0199641,-1.58222
0.00536746,0.0203063,0.0285674;-1.57133,-0.144538,-1.57103
0.00440559,0.0189177,0.0285997;-1.5708,-0.217676,-1.56985
0.0044867,0.0186569,0.0286507;-1.57087,-0.232594,-1.56736
0.00448486,0.0195427,0.0286359;-1.57076,-0.0876938,-1.57355
0.00649273,0.0223656,0.0298852;-1.56999,0.0356534,-1.5883
0.0112148,0.0412244,0.0361943;-1.70655,0.144857,-1.57067
0.014036,0.0440106,0.0317088;-1.63669,0.07203,-1.57275
0.0134776,0.0412788,0.0285593;-1.57281,-0.0349519,-1.57276
0.0123016,0.0411908,0.0286056;-1.56945,-0.117842,-1.57049
0.0122779,0.040272,0.0285905;-1.57093,-0.0415417,-1.5716
0.0120547,0.0399706,0.0292778;-1.57805,0.0645898,-1.58228
0.0170177,0.0532083,0.0352977;-1.67317,0.172103,-1.56712
0.022418,0.0693116,0.0373864;-1.74963,0.190806,-1.5428
0.0254665,0.0682771,0.0327657;-1.66086,0.0935042,-1.56494
0.0249834,0.0648325,0.028586;-1.57091,-0.0208812,-1.57134
0.0244058,0.0645991,0.0285771;-1.57086,-0.0287286,-1.57086
0.0240249,0.0636902,0.028681;-1.57049,0.0417024,-1.57623
0.0277373,0.0682177,0.0302346;-1.58078,0.159364,-1.58498
0.0363008,0.0872403,0.035194;-1.70361,0.24065,-1.54179
0.0366777,0.0856237,0.0314186;-1.6369,0.190791,-1.55976
0.0349612,0.0831712,0.0285799;-1.57077,0.0525607,-1.57081
0.0351075,0.0832141,0.0286016;-1.57084,0.0693268,-1.56975
0.0352645,0.0836452,0.0285795;-1.57126,0.118898,-1.57084
0.0435948,0.0934087,0.032683;-1.61471,0.336723,-1.57621
0.0514104,0.110645,0.0396684;-1.76011,0.417248,-1.51466
0.0529664,0.114821,0.0368936;-1.741,0.383957,-1.50918
0.0469934,0.106295,0.028545;-1.5723,0.207923,-1.57038
0.0467744,0.105543,0.0285824;-1.5708,0.172808,-1.57073
0.0470482,0.106157,0.0286162;-1.57098,0.210515,-1.56888
0.0505043,0.106389,0.0304885;-1.56108,0.382944,-1.5965
0.060146,0.12115,0.0351071;-1.61833,0.492084,-1.58617
0.0654827,0.135285,0.0383022;-1.72933,0.480893,-1.51979
0.060457,0.130992,0.0285132;-1.57175,0.336878,-1.57026
0.0603631,0.1307,0.0285895;-1.57096,0.28762,-1.57043
0.0601696,0.130568,0.0285989;-1.57109,0.285731,-1.56981
0.0614809,0.129534,0.0289958;-1.56621,0.435487,-1.58409
0.0682077,0.136693,0.0320061;-1.54824,0.520354,-1.61185
0.0779516,0.155853,0.0379414;-1.67347,0.586887,-1.55721
0.0750124,0.157883,0.0286774;-1.56466,0.445263,-1.58094
0.0749298,0.157973,0.0285619;-1.57101,0.388425,-1.57138
0.0750937,0.15755,0.028582;-1.57096,0.367422,-1.57062
0.0759109,0.157233,0.0287755;-1.57048,0.500016,-1.58056
0.0813929,0.160596,0.0309998;-1.55745,0.593799,-1.60294
0.0942391,0.178696,0.0366907;-1.6598,0.687237,-1.55744
0.097556,0.181589,0.0285441;-1.55809,0.531711,-1.58612
0.0970982,0.18176,0.0285654;-1.57039,0.452498,-1.57135
0.0970611,0.181452,0.0286083;-1.57094,0.431201,-1.56935
0.0977427,0.181622,0.0287944;-1.57006,0.590542,-1.58184
0.105324,0.185942,0.0308521;-1.56204,0.690708,-1.60112
0.122119,0.20206,0.0371419;-1.75646,0.783776,-1.4731
0.128382,0.200849,0.0294636;-1.6011,0.64087,-1.55859
0.127945,0.200736,0.0285137;-1.57255,0.537717,-1.56922
0.126894,0.200332,0.0285914;-1.57076,0.506026,-1.5703
0.127878,0.200396,0.0286544;-1.57077,0.641934,-1.57421
0.131963,0.201616,0.0295777;-1.58471,0.739618,-1.57542
0.146294,0.209675,0.0364505;-1.80109,0.830748,-1.41042
0.150841,0.210433,0.0335197;-1.71086,0.774927,-1.47891
0.151785,0.207641,0.0287103;-1.57,0.672997,-1.57789
0.151421,0.208485,0.0285777;-1.57062,0.602236,-1.57088
0.151041,0.208385,0.0285795;-1.57076,0.616079,-1.57081
0.150934,0.208543,0.0286887;-1.57539,0.690824,-1.57041
0.157504,0.211795,0.030585;-1.63052,0.794731,-1.53491
0.169672,0.220213,0.0369814;-1.83209,0.861633,-1.3782
0.173534,0.218675,0.0329997;-1.70328,0.793286,-1.47886
0.171127,0.214144,0.0287775;-1.55374,0.737113,-1.58261
0.170115,0.213901,0.0290121;-1.54551,0.727469,-1.58548
0.170542,0.21428,0.0285496;-1.57306,0.741866,-1.57
0.17014,0.215108,0.0290815;-1.60031,0.815235,-1.55333
0.180725,0.224495,0.0386545;-1.90867,0.916803,-1.30695
0.185332,0.223647,0.0363946;-1.81716,0.856927,-1.38766
0.183083,0.217708,0.0296359;-1.61471,0.780168,-1.54248
0.181062,0.216928,0.0287208;-1.56386,0.704657,-1.57687
0.181886,0.217261,0.0285731;-1.57107,0.759929,-1.5703
0.181068,0.217404,0.0288326;-1.58056,0.840416,-1.56962
0.202482,0.228098,0.0388235;-1.95907,1.02688,-1.23676
0.210608,0.228499,0.0370783;-1.87159,0.980672,-1.31617
0.204983,0.220731,0.0300858;-1.63445,0.90383,-1.5233
0.202479,0.219823,0.0286378;-1.56726,0.806503,-1.57422
0.202974,0.219861,0.0285762;-1.57178,0.862776,-1.56995
0.201847,0.219783,0.0288263;-1.57535,0.96275,-1.57708
0.217345,0.226159,0.0397823;-2.08345,1.16826,-1.11753
0.225005,0.229209,0.0383551;-2.02786,1.12761,-1.15628
0.21701,0.225729,0.0302137;-1.65791,1.10362,-1.49788
0.215625,0.22605,0.028579;-1.56994,0.928291,-1.572
0.215859,0.225904,0.0285788;-1.57093,0.991692,-1.57048
0.215146,0.225721,0.0287539;-1.57048,1.04902,-1.57929
0.230367,0.228943,0.0374018;-1.92024,1.26927,-1.27108
0.241168,0.233315,0.036615;-1.95989,1.18206,-1.20965
0.23733,0.232807,0.0331528;-1.78776,1.1756,-1.37565
0.234216,0.231128,0.0285974;-1.57119,1.0237,-1.56966
0.234442,0.231124,0.0286597;-1.5738,1.03463,-1.56582
0.234502,0.231189,0.028579;-1.57087,1.09778,-1.57059
0.235247,0.229892,0.0293093;-1.57077,1.19983,-1.58393
0.261919,0.236885,0.0381546;-1.98924,1.32182,-1.19968
0.267647,0.240291,0.03474;-1.87099,1.22485,-1.29133
0.262235,0.238451,0.0286902;-1.56924,1.17197,-1.57812
0.26255,0.238343,0.0286074;-1.57117,1.12802,-1.56913
0.263376,0.238667,0.0285806;-1.57049,1.19197,-1.57151
0.262597,0.238163,0.0288282;-1.56596,1.28318,-1.58676
0.289655,0.240892,0.0375621;-2.27776,1.44129,-0.912092
0.303643,0.244677,0.0356556;-2.13645,1.32816,-1.02883
0.296293,0.241025,0.0288147;-1.58982,1.2634,-1.55785
0.295768,0.241506,0.0286141;-1.57139,1.19042,-1.56842
0.297187,0.24183,0.0285778;-1.56749,1.27588,-1.57286
0.296872,0.241549,0.028777;-1.56739,1.35159,-1.58426
0.327305,0.24128,0.0369944;-3.02413,1.44978,-0.155782
0.3386,0.239311,0.0350921;-2.38392,1.39671,-0.774808
0.333077,0.235143,0.028817;-1.59651,1.35755,-1.55129
0.332147,0.235744,0.0285924;-1.57074,1.28787,-1.57028
0.333332,0.235717,0.0286003;-1.57012,1.34457,-1.5704
0.333136,0.235658,0.0286552;-1.57034,1.41987,-1.5747
0.356462,0.229571,0.037483;2.80249,1.38792,0.331854
0.360727,0.227996,0.0375399;2.98122,1.39091,0.153367
0.360628,0.224533,0.0318679;-2.52094,1.48516,-0.627234
0.357968,0.224719,0.0286555;-1.55371,1.35554,-1.58749
0.358091,0.224773,0.0285848;-1.57101,1.35895,-1.56976
0.358954,0.224526,0.0285784;-1.57194,1.41002,-1.5696
0.372159,0.220725,0.0330631;2.75549,1.47645,0.384695
0.384327,0.220699,0.0385954;2.57701,1.33032,0.571678
0.387106,0.216911,0.0350876;2.76473,1.42661,0.376693
0.383141,0.213854,0.0286513;-1.56657,1.45859,-1.57837
0.382545,0.214449,0.028735;-1.52485,1.44049,-1.6178
0.383555,0.214229,0.0286363;-1.56238,1.47584,-1.57734
0.387306,0.213084,0.029656;2.25773,1.53032,0.880535
0.401882,0.210021,0.0370557;2.28932,1.32667,0.872122
0.408496,0.207548,0.0371386;2.28007,1.30817,0.87788
0.402936,0.202275,0.0285871;0,1.56918,3.13959
0.402435,0.202987,0.0287564;-1.34895,1.54371,-1.79521
0.402511,0.203228,0.0285758;-1.57745,1.54391,-1.56404
0.403188,0.203166,0.028812;1.76608,1.51235,1.3755
0.412735,0.199934,0.0331524;2.01232,1.37099,1.13987
0.426859,0.196952,0.0384144;2.11881,1.20493,1.05409
0.420326,0.189092,0.0288414;1.62943,1.44877,1.5075
0.419653,0.190195,0.0285736;1.56855,1.50283,1.57317
0.419334,0.190642,0.0285911;1.56122,1.50983,1.58035
0.4195,0.190827,0.0287237;1.57098,1.37893,1.56374
0.423513,0.187993,0.0311996;1.74217,1.25536,1.401
0.438229,0.181191,0.0383466;1.97145,1.07275,1.20228
0.435778,0.179574,0.0289417;1.61112,1.25482,1.52766
0.435852,0.180557,0.0285605;1.56964,1.36059,1.5718
0.435531,0.181082,0.0285798;1.57047,1.39893,1.57105
0.435213,0.180935,0.0287309;1.57067,1.26384,1.56341
0.437104,0.178655,0.0306637;1.58379,1.15057,1.53729
0.450605,0.170147,0.0379152;1.80084,0.999635,1.34408
0.456925,0.168357,0.0320239;1.72755,1.12399,1.42632
0.45388,0.169856,0.0285721;1.57152,1.21272,1.57067
0.453331,0.170166,0.0286241;1.57361,1.26729,1.56971
0.453789,0.170197,0.0285775;1.57068,1.19299,1.57104
0.452624,0.169139,0.0291934;1.57625,1.08682,1.5521
0.460307,0.161797,0.0327193;1.57468,0.969532,1.53688
0.481245,0.151246,0.0352593;1.7931,0.994634,1.37482
0.473457,0.155384,0.0286744;1.55793,1.08689,1.57368
0.473735,0.155431,0.0285733;1.56987,1.14549,1.57177
0.474945,0.154576,0.028584;1.57186,1.08624,1.56999
0.474452,0.154864,0.0286914;1.57077,1.00944,1.56515
0.475951,0.150728,0.0302875;1.56231,0.906343,1.55813
0.50071,0.130661,0.036038;1.73366,0.834308,1.42371
0.500189,0.130603,0.0321131;1.68845,0.932201,1.46964
0.496853,0.133141,0.028592;1.57084,0.997786,1.56993
0.49742,0.133023,0.0286302;1.57133,1.0088,1.57291
0.497995,0.132518,0.0285772;1.57139,0.939199,1.57031
0.49724,0.13198,0.0290713;1.56963,0.847762,1.55995
0.519714,0.105022,0.0378662;1.73751,0.661776,1.42689
0.523891,0.0966259,0.0346073;1.73183,0.777032,1.44694
0.517636,0.0994698,0.0286397;1.56473,0.872935,1.5689
0.517623,0.100434,0.0285964;1.57085,0.935738,1.57154
0.518583,0.0991606,0.0285752;1.5709,0.854756,1.5707
0.518395,0.0993258,0.0287675;1.5705,0.781402,1.56201
0.530684,0.0754653,0.0386035;1.7944,0.589533,1.42613
0.531417,0.0688467,0.0357612;1.7545,0.677816,1.44695
0.524963,0.0709575,0.0287063;1.57101,0.775447,1.56488
0.52521,0.0728507,0.0286201;1.56842,0.889952,1.57385
0.52555,0.0716562,0.0285679;1.57162,0.8275,1.56987
0.52567,0.0717152,0.0286588;1.57192,0.760045,1.56716
0.52567,0.0717152,0.0286588;1.57192,0.760045,1.56716
0.528718,0.0620162,0.0311746;1.63485,0.646774,1.52765
0.528718,0.0620162,0.0311746;1.63485,0.646774,1.52765
