0,0,0.11;-1.57,-2.98023e-08,-1.57
0,0,0.11;-1.57,-2.98023e-08,-1.57
0,0,0.11;-1.57,-2.98023e-08,-1.57
-0.000727803,-0.000826816,0.0285995;-1.57074,-0.265856,-1.56983
-0.000301673,-0.00025418,0.0285796;-1.57075,-0.210955,-1.57093
0.000628929,0.00699588,0.0290828;-1.57171,-0.0915726,-1.5671
-0.00304178,0.0132765,0.0331439;-1.65139,0.0599031,-1.5796
-0.00275224,0.00846847,0.0287335;-1.57054,-0.121661,-1.57793
-0.00161516,0.00965797,0.0286592;-1.57458,-0.228815,-1.57172
-0.00135681,0.00929829,0.028582;-1.5708,-0.280394,-1.57056
-0.00331325,0.0062333,0.028985;-1.57156,-0.137918,-1.58929
-0.0015242,0.00915064,0.0317665;-1.59845,-0.000187874,-1.60006
0.00104168,0.0243337,0.0384386;-1.73753,0.165399,-1.57015
-0.000818724,0.0177801,0.0388053;-1.70407,0.185192,-1.59619
-0.00666266,0.00207294,0.0338387;-1.60317,0.137562,-1.61851
-0.0114224,-0.00763016,0.0304298;-1.57531,0.0928696,-1.60057
-0.0104931,-0.00742407,0.028908;-1.57199,0.0881617,-1.58628
-0.00790861,-0.00315915,0.029213;-1.56535,0.138426,-1.58056
-0.00074391,0.0106341,0.031539;-1.54234,0.244104,-1.59331
0.00852021,0.047325,0.034067;-1.67205,0.234508,-1.56035
0.0139903,0.0532368,0.032492;-1.64916,0.120337,-1.56737
0.0138112,0.0493182,0.028615;-1.57178,0.0240605,-1.57473
0.0134217,0.0510902,0.0285958;-1.57071,-0.0763617,-1.57149
0.0140863,0.0517622,0.0286556;-1.57038,-0.0466722,-1.57471
0.0170211,0.0572295,0.029503;-1.57909,0.0645946,-1.5703
0.0177917,0.065099,0.0317622;-1.61901,0.190448,-1.5623
0.0194621,0.062503,0.0310764;-1.56491,0.244954,-1.60251
0.0163145,0.0623888,0.0288602;-1.57683,0.153045,-1.58016
0.0157311,0.0619444,0.0290803;-1.59142,0.17899,-1.5728
0.0146156,0.0602076,0.0290837;-1.57992,0.218356,-1.58209
0.0248778,0.0717435,0.0347311;-1.70306,0.341958,-1.53014
0.0233748,0.0782367,0.0394684;-1.81493,0.476624,-1.46701
0.0154722,0.0728368,0.040236;-1.76318,0.568616,-1.51457
-0.0167759,0.0413275,0.0308112;-1.56737,0.630646,-1.61165
-0.0215494,0.0376271,0.028745;-1.57094,0.645875,-1.57831
-0.0203885,0.0382436,0.0287338;-1.57784,0.62572,-1.56845
-0.0150153,0.0417096,0.02976;-1.54723,0.632183,-1.58999
0.000207007,0.0580639,0.0327652;-1.4994,0.702341,-1.6263
0.0138083,0.0767794,0.0325217;-1.6328,0.710999,-1.54378
0.0235015,0.0798504,0.0292663;-1.55923,0.52328,-1.59929
0.021856,0.0800839,0.0287559;-1.57105,0.485203,-1.57886
0.0208185,0.0795939,0.0286066;-1.57101,0.524941,-1.57177
0.0234135,0.0807369,0.028688;-1.5673,0.601344,-1.57559
0.0330437,0.0883287,0.0300864;-1.59273,0.673841,-1.55364
0.0464878,0.104625,0.0327625;-1.66527,0.729799,-1.50528
0.0640185,0.113008,0.0324552;-1.58539,0.65142,-1.61104
0.0620406,0.112103,0.0324158;-1.56751,0.563015,-1.63214
0.0609648,0.112111,0.031181;-1.59548,0.536249,-1.58924
0.0582074,0.111312,0.0311795;-1.64445,0.626096,-1.53081
0.0561553,0.113617,0.0327265;-1.68911,0.738481,-1.49106
0.0617854,0.121779,0.0369353;-1.8342,0.887898,-1.36969
0.0379386,0.112649,0.0329571;-1.49987,1.10234,-1.69215
0.0332043,0.111033,0.0308522;-1.5295,1.10819,-1.63806
0.0304861,0.110506,0.0289988;-1.54943,1.10228,-1.60129
0.0324624,0.112036,0.0286725;-1.57055,1.03691,-1.57535
0.0380513,0.114211,0.0295629;-1.55542,1.05624,-1.58806
0.049224,0.120134,0.030904;-1.59187,1.1889,-1.54556
0.0692761,0.12749,0.0292881;-1.57706,1.10522,-1.57211
0.0653007,0.125634,0.0301859;-1.53358,1.11376,-1.62664
0.064193,0.126207,0.0294227;-1.5625,1.08961,-1.59722
0.0566629,0.122302,0.0290245;-1.55496,1.17565,-1.60076
0.0596995,0.121176,0.0288687;-1.5684,1.22482,-1.58546
0.0733892,0.122589,0.0316046;-1.80765,1.30717,-1.3426
0.101876,0.126741,0.0347068;-1.92092,1.20803,-1.24719
0.112198,0.123317,0.0338771;-1.80101,1.10972,-1.37517
0.116171,0.120482,0.0330857;-1.65319,1.05957,-1.54264
0.100002,0.125678,0.0322935;-1.59626,1.12682,-1.59724
0.0903798,0.127866,0.029833;-1.58293,1.24372,-1.58482
0.0851287,0.127588,0.029518;-1.67769,1.35169,-1.47378
0.103762,0.129769,0.0347323;-3.03927,1.46039,-0.10765
0.102679,0.126458,0.0332466;-2.19648,1.54561,-0.976413
0.0999589,0.124253,0.0315669;-0.443413,1.53323,-2.7326
0.103437,0.127255,0.0290669;-1.48149,1.45735,-1.67309
0.103419,0.127032,0.0291154;-1.47194,1.46526,-1.68429
0.104149,0.126739,0.028946;-1.50667,1.46033,-1.63869
0.126948,0.127103,0.0321408;2.16878,1.48942,0.990935
0.135902,0.126377,0.0348947;2.70669,1.44173,0.432956
0.132108,0.125824,0.0293894;1.46927,1.49078,1.65473
0.122822,0.124609,0.0316488;1.37122,1.4848,1.72764
0.120161,0.124468,0.0323802;1.44346,1.4592,1.64404
0.121686,0.125261,0.0303534;1.56386,1.47639,1.54636
0.134856,0.122814,0.0361154;2.11223,1.28436,1.04681
0.137486,0.118708,0.0361628;2.23818,1.32435,0.913724
0.140597,0.114672,0.0338015;2.30002,1.40786,0.844457
0.139011,0.11187,0.0324554;2.13738,1.54202,0.953803
0.134473,0.117097,0.0315983;1.55543,1.47757,1.53819
0.12964,0.119993,0.0301841;1.5876,1.41564,1.52404
0.128843,0.125619,0.0314204;1.7149,1.19698,1.44656
0.131101,0.127408,0.0325908;1.76589,1.18225,1.39771
0.129912,0.128629,0.0294375;1.55015,1.18292,1.58974
0.131673,0.127284,0.0289223;1.55729,1.19291,1.57157
0.130267,0.127381,0.029871;1.54399,1.18151,1.57169
0.128651,0.127487,0.0311195;1.51922,1.17384,1.58161
0.129589,0.12596,0.0298913;1.56086,1.10909,1.57456
0.132637,0.125494,0.0299089;1.57251,1.09067,1.57145
0.136386,0.123265,0.0303164;1.6086,1.00668,1.54963
0.141983,0.121866,0.0298217;1.56051,1.06953,1.55963
0.155368,0.11352,0.0338608;1.52709,1.2139,1.54318
0.163652,0.107939,0.0328364;1.54688,1.29871,1.53105
0.170777,0.103148,0.0324623;1.76981,1.32108,1.35294
0.181058,0.101561,0.0357498;1.95077,1.20089,1.21842
0.184068,0.101146,0.0345459;1.91371,1.2089,1.2542
0.185074,0.104916,0.030597;1.69173,1.17627,1.45404
0.173884,0.114326,0.02974;1.55592,1.05045,1.56177
0.16926,0.115135,0.0303693;1.54573,1.01502,1.56334
0.16452,0.116113,0.0301606;1.54524,0.984452,1.57064
0.167189,0.118157,0.0326504;1.69358,0.93048,1.48532
0.171099,0.118644,0.0343904;1.71559,0.896864,1.47486
0.1705,0.122683,0.0293233;1.56374,0.847462,1.5811
0.169674,0.123894,0.0287237;1.56868,0.740707,1.56682
0.167685,0.12438,0.0291493;1.56529,0.717899,1.55711
0.164752,0.125826,0.0307477;1.54898,0.686533,1.55123
0.159234,0.126567,0.0317822;1.52855,0.570215,1.58373
0.159543,0.129404,0.0306488;1.55363,0.504451,1.58904
0.158371,0.133793,0.0295689;1.56954,0.506524,1.57415
0.158285,0.13493,0.0294848;1.57732,0.478838,1.54972
0.158759,0.131552,0.0322177;1.5676,0.499049,1.51788
0.160373,0.126016,0.0340562;1.55294,0.530085,1.50361
0.16888,0.0985505,0.0362896;1.75867,0.622742,1.4609
0.170058,0.0973242,0.0342776;1.70359,0.63126,1.501
0.170949,0.0986443,0.0320974;1.63647,0.62156,1.54646
0.172656,0.0979404,0.0286549;1.57099,0.537015,1.57459
0.170691,0.0982321,0.0289287;1.55969,0.444314,1.56899
0.169767,0.0984111,0.0295668;1.54928,0.432471,1.56346
0.177914,0.0900299,0.0310155;1.55755,0.552462,1.55719
0.182323,0.0848002,0.0322498;1.64615,0.612845,1.53587
0.184899,0.0826298,0.0336087;1.67252,0.613634,1.53036
0.183306,0.0885528,0.0286533;1.57107,0.559975,1.57436
0.183803,0.0872382,0.0285835;1.57027,0.457803,1.57068
0.181629,0.0899391,0.0288635;1.56789,0.354993,1.56111
0.172775,0.0974344,0.0325696;1.54769,0.232617,1.52654
0.174862,0.100576,0.0345599;1.57917,0.23793,1.52851
0.179183,0.103411,0.0382573;1.64798,0.316307,1.52471
0.179027,0.10335,0.0298558;1.59825,0.43815,1.54989
0.179616,0.10417,0.0293364;1.59264,0.431292,1.55034
0.179487,0.106105,0.0299508;1.58533,0.418846,1.5413
0.177376,0.109114,0.0314325;1.56567,0.352005,1.52377
0.179082,0.103254,0.0317133;1.61905,0.368798,1.53546
0.179434,0.101792,0.0355906;1.69233,0.375275,1.53997
0.175132,0.0993958,0.0298887;1.57862,0.486944,1.58196
0.175197,0.0993446,0.0286833;1.5708,0.508756,1.57578
0.175349,0.0993995,0.0285921;1.56977,0.504983,1.57133
0.175636,0.0977677,0.0291798;1.56163,0.489435,1.55354
0.174286,0.0959572,0.0302269;1.57096,0.458458,1.54436
0.176876,0.0955137,0.0325317;1.6272,0.445415,1.54691
0.181292,0.089106,0.0304144;1.58739,0.564756,1.58594
0.18029,0.0908917,0.0289284;1.56133,0.545111,1.5843
0.1798,0.0891236,0.0288278;1.56826,0.474355,1.5815
0.174978,0.0986337,0.0304728;1.55744,0.251313,1.54212
0.172982,0.0979337,0.0326175;1.55218,0.213203,1.52395
0.171822,0.0975356,0.0382331;1.49027,0.204027,1.54647
0.171638,0.117256,0.0348791;1.43996,0.319369,1.61106
0.171584,0.120041,0.0321622;1.49515,0.349211,1.59603
0.17329,0.116095,0.0288005;1.57891,0.372138,1.57071
0.170448,0.116562,0.0312267;1.54916,0.323816,1.53726
0.166532,0.117374,0.0343141;1.492,0.278031,1.55554
0.161293,0.118221,0.037601;1.4139,0.209956,1.59817
0.158391,0.124158,0.0366503;1.41603,0.181498,1.60624
0.161202,0.129475,0.0336504;1.4613,0.243022,1.60101
0.162299,0.12973,0.0302243;1.5281,0.259442,1.58692
0.160793,0.12796,0.0297288;1.53197,0.240216,1.57594
0.157459,0.128411,0.0332693;1.47081,0.192942,1.58355
0.153933,0.128441,0.0368322;1.40818,0.147054,1.59771
0.155378,0.128923,0.0401008;1.35209,0.150532,1.61744
0.157591,0.134172,0.0383571;1.37472,0.184943,1.61306
0.159328,0.136058,0.0353133;1.43412,0.241378,1.60457
0.1623,0.129287,0.0331775;1.4876,0.284294,1.57994
0.163956,0.123225,0.0360269;1.47096,0.29809,1.5502
0.165456,0.11351,0.0395974;1.41986,0.297551,1.55551
0.176142,0.0944626,0.0514749;1.48722,0.319111,1.55287
0.179787,0.0986992,0.0518351;1.51639,0.36133,1.54469
0.178707,0.111399,0.0438925;1.48049,0.422778,1.53569
0.177366,0.109907,0.0335145;1.60059,0.493377,1.50332
0.173461,0.101199,0.0350887;1.56019,0.401215,1.49288
0.171367,0.0886449,0.0373362;1.50462,0.297456,1.51157
0.175068,0.0716822,0.0494715;1.46991,0.226441,1.55751
0.172911,0.0797595,0.0515957;1.50639,0.209427,1.54353
0.167321,0.101095,0.0373631;1.38767,0.247576,1.60969
0.169309,0.100356,0.0334868;1.48529,0.321881,1.58654
0.170102,0.0942544,0.035697;1.47421,0.309382,1.56579
0.175872,0.0859707,0.0389388;1.4371,0.297182,1.55178
0.175872,0.0859707,0.0389388;1.4371,0.297182,1.55178
0.186095,0.0666029,0.0435062;1.40513,0.289051,1.56453
0.186095,0.0666029,0.0435062;1.40513,0.289051,1.56453
