0,0,0.11;-1.57,-2.98023e-08,-1.57
0,0,0.11;-1.57,-2.98023e-08,-1.57
0,0,0.11;-1.57,-2.98023e-08,-1.57
-0.00124821,-0.00198833,0.0286872;-1.56768,-0.282363,-1.56717
-0.00119682,-0.0021464,0.0285791;-1.57091,-0.232122,-1.57075
-0.00181259,-0.00541609,0.0292302;-1.58163,-0.139763,-1.58192
-0.000564338,-0.015565,0.0340337;-1.52988,-0.0565013,-1.61026
-0.000658162,-0.0132582,0.0289159;-1.57271,-0.16844,-1.5859
0.000168117,-0.0103567,0.0289217;-1.584,-0.233808,-1.57759
0.000104823,-0.0089287,0.0285799;-1.57079,-0.330535,-1.57069
0.00028974,-0.00833177,0.0286458;-1.57062,-0.287631,-1.56725
-0.000722073,-0.00788573,0.0292353;-1.57192,-0.209204,-1.56161
-0.00221431,-0.0128287,0.0336579;-1.65356,-0.102583,-1.58158
-0.000876133,-0.016742,0.030887;-1.58555,-0.206217,-1.60082
-0.00096454,-0.0154184,0.0297803;-1.56755,-0.314188,-1.59711
-0.000910664,-0.0118592,0.0290309;-1.58787,-0.358941,-1.58588
-0.00116019,-0.0106672,0.0286823;-1.57073,-0.381585,-1.57561
-0.000905836,-0.0109959,0.0287812;-1.56474,-0.331485,-1.56453
-0.00182875,-0.0137515,0.0311095;-1.55741,-0.223188,-1.55894
-0.00459802,-0.0238643,0.03156;-1.52941,-0.142573,-1.56715
-0.006095,-0.0230225,0.0293154;-1.5641,-0.17396,-1.57987
-0.0066384,-0.0206624,0.0288943;-1.57042,-0.241265,-1.58569
-0.0057377,-0.0124374,0.0290357;-1.57972,-0.347325,-1.58883
-0.00659707,-0.01449,0.0290064;-1.57467,-0.277074,-1.58915
-0.00745024,-0.0145209,0.029348;-1.58684,-0.172522,-1.579
-0.00830904,-0.0151469,0.0319807;-1.61752,-0.133148,-1.56652
-0.0082498,-0.0207828,0.0286108;-1.56976,-0.207933,-1.56832
-0.00979846,-0.0239337,0.0285826;-1.57099,-0.38355,-1.571
-0.00927271,-0.0223756,0.0287988;-1.58001,-0.412979,-1.57658
-0.00881501,-0.0229203,0.0290736;-1.57861,-0.397801,-1.59085
-0.00824044,-0.0295787,0.0326506;-1.542,-0.221298,-1.5948
-0.00758531,-0.0318992,0.0349585;-1.51793,-0.104484,-1.57862
-0.0100181,-0.0353923,0.0294395;-1.55385,-0.136077,-1.56452
-0.0109735,-0.0373135,0.0285873;-1.57078,-0.221125,-1.57038
-0.0109283,-0.0374443,0.0286441;-1.57082,-0.231624,-1.56776
-0.011074,-0.0371101,0.02858;-1.57082,-0.217609,-1.57084
-0.0107976,-0.0378586,0.0308144;-1.59918,-0.0594934,-1.59081
-0.0106394,-0.0337648,0.0367564;-1.70779,0.0811294,-1.57921
-0.0112989,-0.0313475,0.0376875;-1.73745,0.117475,-1.56579
-0.0111253,-0.0393894,0.02863;-1.57157,-0.0630921,-1.56638
-0.0123035,-0.0412338,0.0286589;-1.56893,-0.14174,-1.56769
-0.0123985,-0.0416523,0.0286724;-1.57089,-0.151348,-1.5664
-0.0134106,-0.041778,0.0286198;-1.57083,-0.228919,-1.57267
-0.0119666,-0.0412349,0.0306259;-1.56589,-0.167142,-1.59122
-0.0114314,-0.0403489,0.0380385;-1.5614,-0.0647832,-1.60276
-0.0148153,-0.0427244,0.0288958;-1.5701,-0.190152,-1.58517
-0.0144298,-0.0417897,0.0285792;-1.57102,-0.23208,-1.57061
-0.0142874,-0.0413841,0.0286583;-1.57042,-0.218931,-1.56713
-0.0132627,-0.0381464,0.0287122;-1.56475,-0.0898679,-1.56917
-0.011048,-0.0284614,0.0296489;-1.55301,-0.0560038,-1.56423
-0.00967985,-0.00694087,0.0341116;-1.65595,0.00602413,-1.56519
-0.00504114,0.000231592,0.0297195;-1.59476,-0.117171,-1.58589
-0.0046578,0.000554669,0.0288203;-1.57149,-0.156443,-1.58246
-0.00410333,0.00198838,0.0287587;-1.57349,-0.194354,-1.5774
-0.00335769,0.00269801,0.0286599;-1.56689,-0.115153,-1.57028
-0.00191804,0.00538121,0.0294637;-1.55603,-0.0954275,-1.56535
-0.000447392,0.0149562,0.0316482;-1.54267,-0.0680777,-1.56198
-0.00333469,0.0141889,0.0285884;-1.57085,-0.225567,-1.57151
-0.0035762,0.0144679,0.0287918;-1.57066,-0.264949,-1.58074
-0.0029769,0.0160362,0.0290327;-1.58562,-0.299557,-1.58272
-0.00279623,0.0131647,0.0289309;-1.57045,-0.165924,-1.58748
-0.000447884,0.0183559,0.029824;-1.56009,-0.0894264,-1.58058
0.00298927,0.0397028,0.0316716;-1.56212,0.0397962,-1.56491
0.0057479,0.0527833,0.0298496;-1.58071,-0.00696692,-1.56051
0.00691995,0.0508367,0.0286906;-1.57083,-0.0803899,-1.56549
0.00640763,0.0500754,0.0285816;-1.57056,-0.138695,-1.57071
0.00593648,0.0512407,0.0289118;-1.57476,-0.234171,-1.58354
0.00491329,0.0487258,0.0290517;-1.57676,-0.172957,-1.58872
0.0037464,0.0401109,0.0307646;-1.56553,-0.0484766,-1.59609
0.00467734,0.0458601,0.0323336;-1.5185,0.00103653,-1.57146
0.00430246,0.0483328,0.0288375;-1.56725,-0.0955139,-1.56956
0.00314312,0.0463125,0.0286074;-1.57071,-0.180848,-1.56938
0.00264211,0.0448545,0.0285999;-1.57085,-0.237564,-1.56987
0.0020315,0.0439161,0.0286855;-1.57185,-0.176139,-1.57524
0.00328269,0.0403987,0.0299309;-1.57211,-0.0642442,-1.59651
0.00648508,0.071579,0.0394873;-1.60804,0.100326,-1.58722
0.00939467,0.0989554,0.0350485;-1.70272,0.0243816,-1.57159
0.0120135,0.0982816,0.0285385;-1.56692,-0.0497294,-1.56938
0.0117492,0.0972335,0.02873;-1.56359,-0.0937592,-1.57005
0.0121115,0.0975787,0.0285834;-1.57051,-0.0478664,-1.57071
0.0121624,0.0970912,0.0285829;-1.57112,-0.0196256,-1.57078
0.0123426,0.0828638,0.0374891;-1.50317,0.129018,-1.60948
0.0107848,0.0839875,0.0383452;-1.5427,0.0230184,-1.61073
0.011115,0.0916129,0.0302039;-1.56816,-0.100005,-1.60296
0.0126467,0.0959188,0.0285797;-1.57082,-0.185069,-1.57089
0.0132033,0.0969522,0.0286026;-1.57042,-0.116783,-1.56982
0.0147526,0.0990946,0.0286161;-1.57014,-0.0142281,-1.56972
0.0164176,0.106334,0.035634;-1.60517,0.231161,-1.58385
0.0167365,0.120814,0.0387007;-1.66968,0.160269,-1.59172
0.0214756,0.129088,0.033392;-1.63223,0.0485526,-1.59842
0.0253727,0.135149,0.0289259;-1.57669,-0.0996579,-1.58323
0.0244561,0.133652,0.0287611;-1.57101,-0.0419418,-1.57988
0.0233241,0.132385,0.0286961;-1.57121,0.0249549,-1.57697
0.0193735,0.127729,0.03324;-1.65762,0.175551,-1.5621
0.0193932,0.123759,0.033535;-1.66861,0.0957534,-1.56648
0.0205787,0.115956,0.030458;-1.60998,0.029441,-1.57655
0.0217755,0.118364,0.0289969;-1.58229,-0.214465,-1.5869
0.0242264,0.126648,0.029257;-1.59908,-0.306269,-1.58301
0.0226197,0.122255,0.0289659;-1.58018,-0.220963,-1.58722
0.022068,0.11672,0.0290604;-1.58652,-0.0665551,-1.58293
0.0223578,0.121903,0.0323267;-1.6064,0.215797,-1.5634
0.0219423,0.134289,0.0298814;-1.59826,0.168498,-1.5734
0.0236248,0.13813,0.0288643;-1.56972,0.0628219,-1.58579
0.0283368,0.145336,0.0290853;-1.58099,-0.190562,-1.58713
0.0272682,0.141519,0.0296682;-1.58519,-0.134994,-1.5931
0.0223479,0.13403,0.0317147;-1.61412,-0.0154548,-1.59632
0.0165317,0.12193,0.0372902;-1.70071,0.13928,-1.58459
0.0168363,0.118428,0.0343193;-1.68223,0.0595897,-1.57103
0.0179792,0.111956,0.0286517;-1.57117,-0.0770438,-1.5668
0.0175706,0.114214,0.0286907;-1.57272,-0.296132,-1.57613
0.0174924,0.113267,0.0289804;-1.57817,-0.245727,-1.58448
0.016354,0.107813,0.0303927;-1.57967,-0.175331,-1.60275
0.0153332,0.116071,0.0411442;-1.75728,0.132013,-1.59156
0.0140557,0.1204,0.0404087;-1.75576,0.131868,-1.58573
0.0135664,0.117432,0.0287006;-1.56312,0.0865405,-1.58097
0.0138878,0.118831,0.0286805;-1.56607,0.0158927,-1.57074
0.0141972,0.118859,0.0285798;-1.57076,0.0372714,-1.57083
0.0130369,0.117763,0.0289658;-1.57729,0.102947,-1.58191
0.00415589,0.109073,0.0398434;-1.74435,0.290215,-1.56666
0.00430315,0.108139,0.0419368;-1.77767,0.279974,-1.56732
0.0057277,0.107958,0.0387784;-1.73439,0.218984,-1.56978
0.00624519,0.105471,0.0287198;-1.57257,0.0783051,-1.57547
0.00738362,0.106864,0.0285751;-1.5708,0.00756894,-1.57043
0.00762897,0.107232,0.0285797;-1.57076,0.0264634,-1.57067
0.00728176,0.107821,0.0311087;-1.60967,0.221559,-1.57581
0.00801851,0.114578,0.0399166;-1.76538,0.352174,-1.53499
0.0106262,0.11857,0.0401032;-1.76898,0.328313,-1.54191
0.0129687,0.117083,0.0293769;-1.57373,0.258493,-1.59063
0.0140464,0.118884,0.028894;-1.57914,0.208008,-1.57984
0.0155885,0.120945,0.0286507;-1.57125,0.114963,-1.57391
0.0152455,0.123996,0.0287753;-1.5742,0.193452,-1.56851
0.0121878,0.130447,0.0337387;-1.67427,0.316276,-1.54998
0.0102243,0.128838,0.0376311;-1.73006,0.344916,-1.5463
0.0184601,0.128101,0.0302684;-1.57437,0.161792,-1.60158
0.0212733,0.131383,0.0299442;-1.5904,0.0929774,-1.58858
0.023446,0.135451,0.0297043;-1.59705,0.0464893,-1.58093
0.0241912,0.137229,0.0290044;-1.57692,0.0399042,-1.58492
0.0241503,0.138152,0.0293142;-1.57558,0.131675,-1.57325
0.0254747,0.145777,0.0337863;-1.64443,0.268356,-1.54298
0.0279447,0.15436,0.0288268;-1.57029,0.234158,-1.5834
0.0293358,0.155945,0.0289339;-1.57441,0.189347,-1.58354
0.0324314,0.15899,0.0290986;-1.58131,0.110507,-1.58391
0.0318025,0.160749,0.0325947;-1.63953,0.129643,-1.58148
0.028025,0.160983,0.0354052;-1.69636,0.19896,-1.5638
0.0232933,0.157556,0.0362005;-1.71558,0.279242,-1.54699
0.0256347,0.152975,0.0285976;-1.56979,0.161647,-1.56909
0.0253195,0.152397,0.0285817;-1.56966,0.0992558,-1.57204
0.0253107,0.153611,0.028709;-1.57075,0.0527182,-1.57749
0.0237864,0.150095,0.0301863;-1.58494,0.113158,-1.59736
0.024096,0.151355,0.0351506;-1.64821,0.125956,-1.6016
0.0251574,0.159088,0.0412426;-1.79617,0.127295,-1.5653
0.0238459,0.157279,0.0309382;-1.62478,0.0870508,-1.57
0.0229397,0.155536,0.0285575;-1.57093,0.0843206,-1.56971
0.0226751,0.155417,0.0286184;-1.56916,0.052988,-1.57033
0.0216189,0.154709,0.0287986;-1.57544,0.141629,-1.5809
0.020336,0.153677,0.0300485;-1.58986,0.201,-1.58791
0.0192429,0.16035,0.037243;-1.68513,0.259995,-1.58727
0.0237293,0.173763,0.0388434;-1.74603,0.189417,-1.56754
0.026506,0.173815,0.0316146;-1.62998,0.125087,-1.57598
0.0272597,0.173488,0.0286866;-1.573,0.0537335,-1.57877
0.0258391,0.175299,0.0285829;-1.57053,-0.0603265,-1.57072
0.0254927,0.174649,0.0285949;-1.57038,-0.0330917,-1.57442
0.0229856,0.171018,0.0302009;-1.6041,0.0652311,-1.57822
0.0269851,0.183394,0.038118;-1.75955,0.0723838,-1.56706
0.0306684,0.187283,0.036535;-1.72765,0.0106388,-1.57787
0.0299475,0.184789,0.0307167;-1.59675,-0.00636948,-1.5948
0.030625,0.186802,0.028684;-1.5707,-0.0751636,-1.57582
0.0306377,0.186068,0.0285558;-1.56971,-0.0256786,-1.57088
0.031362,0.186621,0.0285854;-1.57077,0.0715797,-1.5705
0.0296764,0.198912,0.0369902;-1.69414,0.133574,-1.58832
0.0330242,0.212275,0.0357165;-1.68542,0.0439632,-1.59154
0.0375231,0.217833,0.0319092;-1.61758,-0.0377938,-1.59884
0.0410543,0.22116,0.0291665;-1.5848,-0.110991,-1.58472
0.0406958,0.221688,0.0291541;-1.58953,-0.102635,-1.58171
0.0393088,0.219578,0.0290196;-1.57972,-0.0480617,-1.58325
0.040703,0.213144,0.0323625;-1.50963,0.0752601,-1.57097
0.0380879,0.217859,0.0298864;-1.55515,-0.0802959,-1.57367
0.0375088,0.22221,0.0288338;-1.57123,-0.212398,-1.58241
0.0391689,0.226493,0.029107;-1.58535,-0.309463,-1.58663
0.0393915,0.227167,0.0291683;-1.5895,-0.307953,-1.58693
0.0380586,0.223974,0.0291316;-1.57857,-0.210484,-1.59153
0.0380586,0.223974,0.0291316;-1.57857,-0.210484,-1.59153
0.0381587,0.220982,0.0295181;-1.57672,-0.0654932,-1.58473
0.0381587,0.220982,0.0295181;-1.57672,-0.0654932,-1.58473
