0,0,0.11;-1.57,-2.98023e-08,-1.57
0,0,0.11;-1.57,-2.98023e-08,-1.57
0,0,0.11;-1.57,-2.98023e-08,-1.57
-0.000611118,-0.00185986,0.0286182;-1.57003,-0.241794,-1.56915
-0.000431443,-0.00204928,0.0285794;-1.57086,-0.132282,-1.57065
0.000571013,-0.0039602,0.0296484;-1.57822,0.0110856,-1.58584
0.00450522,0.00479588,0.0382871;-1.70628,0.14639,-1.59345
0.00648227,0.0066624,0.0287313;-1.57079,-0.0656245,-1.57802
0.00669459,0.00597337,0.0286734;-1.57084,-0.191679,-1.56635
0.00690445,0.00411552,0.0285792;-1.57086,-0.278317,-1.57089
0.00705505,0.00475232,0.0285988;-1.57077,-0.133964,-1.57163
0.0096093,0.00295504,0.0300562;-1.56673,0.0101635,-1.5891
0.0139787,0.00951471,0.0366108;-1.53686,0.173073,-1.60179
0.0154299,0.0146747,0.0354397;-1.65629,0.0816385,-1.60062
0.0141798,0.0100748,0.0292286;-1.56241,0.00126907,-1.59371
0.0140295,0.0128926,0.0286226;-1.57094,-0.109171,-1.57296
0.0145781,0.0136263,0.0285794;-1.57085,-0.0744788,-1.57077
0.0166744,0.0141028,0.0292184;-1.5598,0.0429886,-1.57259
0.0189705,0.0247096,0.03271;-1.56045,0.197567,-1.5848
0.0212902,0.0311838,0.0401323;-1.73295,0.201915,-1.58953
0.0222042,0.0309474,0.0362302;-1.69185,0.100499,-1.58418
0.0214944,0.0274659,0.028747;-1.57033,-0.0357221,-1.58326
0.0209853,0.0285506,0.0285534;-1.56917,-0.184065,-1.56971
0.0226083,0.0295235,0.028542;-1.57037,-0.0591562,-1.57225
0.0244323,0.0327696,0.0295954;-1.55911,0.0849496,-1.57234
0.0255264,0.040216,0.0316908;-1.61313,0.168144,-1.5848
0.0276344,0.0420906,0.0330872;-1.62698,0.114789,-1.5931
0.0290195,0.0467272,0.0290361;-1.58609,-0.0729939,-1.57872
0.0306895,0.0484678,0.0285794;-1.57108,-0.170269,-1.57074
0.0307884,0.0486725,0.0285779;-1.57077,-0.155231,-1.57083
0.0334206,0.0538905,0.0306768;-1.5633,0.0948352,-1.57945
0.0343687,0.0611217,0.0376813;-1.69232,0.197059,-1.58524
0.0359805,0.0642857,0.0401684;-1.7435,0.135321,-1.59067
0.0369349,0.0619954,0.0299347;-1.57558,-0.0242079,-1.59615
0.0386928,0.0692768,0.0290695;-1.58866,-0.120814,-1.57895
0.0397256,0.0708933,0.0286894;-1.5752,-0.168129,-1.57248
0.0415408,0.0749283,0.0294545;-1.5585,0.0788562,-1.57059
0.0419074,0.082004,0.0320194;-1.61211,0.209546,-1.57445
0.0435346,0.0857465,0.0384902;-1.71836,0.214841,-1.57822
0.0447649,0.0758684,0.0302134;-1.56524,0.0105222,-1.6053
0.0441666,0.0810192,0.0292862;-1.58722,-0.0678247,-1.58291
0.0455159,0.0843503,0.028829;-1.58138,-0.141532,-1.57394
0.0470947,0.0863222,0.0287681;-1.56374,-0.00145969,-1.57195
0.0480417,0.0940245,0.0300664;-1.55996,0.152398,-1.57348
0.0479974,0.104113,0.036976;-1.69634,0.254681,-1.57412
0.0508593,0.102859,0.0316673;-1.59717,0.107456,-1.60339
0.0505656,0.105189,0.0301088;-1.57753,0.00589163,-1.59745
0.0521361,0.112604,0.0291539;-1.5909,-0.099214,-1.58063
0.0523744,0.11234,0.028837;-1.57045,-0.0612366,-1.58306
0.0540843,0.114528,0.0299177;-1.55462,0.075908,-1.57196
0.0549486,0.121693,0.0334089;-1.54406,0.223608,-1.57334
0.0580465,0.125837,0.0291063;-1.5706,0.0907896,-1.58812
0.0574021,0.129145,0.0289899;-1.57185,-0.00583101,-1.58613
0.0611257,0.135736,0.0296193;-1.59454,-0.0872623,-1.58377
0.0610531,0.136943,0.0290136;-1.57358,-0.0507554,-1.58879
0.0622549,0.139443,0.0299854;-1.5634,0.0724001,-1.58085
0.0632508,0.14883,0.0333276;-1.55879,0.233884,-1.57022
0.0649613,0.14614,0.0299063;-1.56844,0.08361,-1.5974
0.0643778,0.145849,0.0293121;-1.56853,0.0182464,-1.59179
0.0655152,0.148757,0.0294438;-1.58617,-0.0173752,-1.58508
0.0658816,0.15012,0.0290178;-1.56753,-0.00813952,-1.58938
0.0680771,0.153723,0.0295878;-1.56845,0.103182,-1.58292
0.0716153,0.171147,0.031695;-1.61991,0.248735,-1.56105
0.0729762,0.170878,0.0323356;-1.63515,0.249179,-1.56835
0.070835,0.159204,0.0290847;-1.568,0.147181,-1.58803
0.0689958,0.159852,0.0289107;-1.57191,0.0670684,-1.58518
0.0737002,0.169467,0.0291358;-1.5784,-0.0766087,-1.59007
0.0719757,0.167559,0.0296569;-1.57007,-0.020779,-1.59493
0.0732249,0.175271,0.0305652;-1.5667,0.092376,-1.58798
0.0742925,0.192935,0.0357119;-1.69343,0.259235,-1.56007
0.0755915,0.193315,0.0359317;-1.68955,0.210767,-1.57042
0.0729561,0.187379,0.0291182;-1.56561,0.136579,-1.5923
0.0781671,0.198159,0.0292631;-1.58959,-0.0432467,-1.58562
0.0786106,0.199643,0.0290855;-1.57821,-0.0601001,-1.58786
0.0778342,0.198561,0.0297448;-1.57358,-0.00338433,-1.59218
0.0803051,0.220274,0.035134;-1.68995,0.284507,-1.55253
0.0830029,0.224406,0.0369767;-1.72285,0.194774,-1.55789
0.0839364,0.215305,0.028913;-1.5814,0.0869626,-1.57526
0.0832925,0.215778,0.0290613;-1.58787,-0.0195517,-1.57732
0.0839831,0.215671,0.0294032;-1.57751,-0.0146989,-1.5908
0.0853709,0.216631,0.0311939;-1.56381,0.0396562,-1.61571
0.089912,0.247047,0.0382426;-1.72934,0.306145,-1.55477
0.0932894,0.250416,0.0359967;-1.71252,0.232682,-1.55021
0.0953859,0.238752,0.028844;-1.56453,0.116953,-1.57801
0.094502,0.237961,0.0286417;-1.57207,-0.0487036,-1.57265
0.0949225,0.238342,0.0290531;-1.57685,-0.0492957,-1.5879
0.0965337,0.238305,0.0304477;-1.56927,-0.0202664,-1.60534
0.100606,0.268799,0.0376192;-1.73093,0.24885,-1.55185
0.103421,0.272975,0.0348278;-1.6937,0.195512,-1.55579
0.106066,0.262517,0.0287853;-1.571,0.106472,-1.58045
0.104549,0.259665,0.028682;-1.57122,0.00495159,-1.57515
0.104953,0.260177,0.0288877;-1.57249,-0.0167039,-1.58382
0.105576,0.260764,0.0292338;-1.57211,-0.0116686,-1.59163
0.109674,0.285307,0.0386649;-1.76078,0.17796,-1.55158
0.111512,0.285798,0.0373084;-1.72648,0.162177,-1.56413
0.11178,0.278816,0.0333874;-1.64279,0.141766,-1.58164
0.10975,0.273726,0.0287108;-1.5751,0.040044,-1.57258
0.109975,0.273731,0.0285876;-1.57108,0.01013,-1.57139
0.110133,0.273437,0.0290244;-1.57326,0.0310539,-1.58949
0.113737,0.277929,0.0314453;-1.56384,0.102667,-1.61331
0.11782,0.301659,0.0387425;-1.74546,0.273927,-1.55051
0.120195,0.300706,0.0342113;-1.67745,0.204935,-1.5597
0.118857,0.291356,0.0286041;-1.57061,0.100006,-1.57712
0.117969,0.290901,0.0286278;-1.57084,0.00085786,-1.56848
0.117885,0.290838,0.028685;-1.57372,0.0551285,-1.57895
0.119128,0.291025,0.0298429;-1.56727,0.104326,-1.59801
0.129438,0.324274,0.0401313;-1.76461,0.333437,-1.54291
0.132371,0.327716,0.0374941;-1.73193,0.281351,-1.54939
0.133305,0.322822,0.0286079;-1.5632,0.206713,-1.58071
0.132235,0.322412,0.0286279;-1.57082,0.0776692,-1.56851
0.132357,0.322955,0.0285748;-1.57054,0.134383,-1.57089
0.132804,0.322793,0.0288111;-1.57058,0.175218,-1.58208
0.144645,0.350409,0.0391363;-1.76068,0.354593,-1.53062
0.147679,0.353173,0.0391373;-1.75574,0.323811,-1.53916
0.147469,0.346446,0.0314519;-1.6086,0.248842,-1.58286
0.145303,0.343946,0.0286454;-1.57395,0.194446,-1.57024
0.145428,0.34415,0.0286219;-1.57077,0.201443,-1.56874
0.146266,0.344981,0.028578;-1.57048,0.283932,-1.57139
0.161977,0.371478,0.0354949;-1.7063,0.445275,-1.53054
0.16489,0.375366,0.0404715;-1.79091,0.432528,-1.51125
0.165063,0.371116,0.0370161;-1.71289,0.392397,-1.54746
0.158807,0.359972,0.0286257;-1.57095,0.246818,-1.57312
0.158827,0.359952,0.0285815;-1.57095,0.239883,-1.57071
0.159159,0.360906,0.0285794;-1.57064,0.29401,-1.57076
0.171227,0.377375,0.0302746;-1.58282,0.488176,-1.57275
0.176616,0.391238,0.0387878;-1.77181,0.571288,-1.48943
0.178863,0.390205,0.0396748;-1.7628,0.546142,-1.51379
0.173317,0.378165,0.0288607;-1.5709,0.414786,-1.58395
0.173393,0.378811,0.0285596;-1.57108,0.344202,-1.56958
0.173442,0.378927,0.0286609;-1.57091,0.347036,-1.56685
0.176609,0.381092,0.0293086;-1.5647,0.482864,-1.58164
0.188951,0.397618,0.034036;-1.64493,0.594591,-1.54679
0.19418,0.404974,0.0399953;-1.79811,0.594914,-1.47548
0.192907,0.400192,0.0291596;-1.56342,0.510625,-1.59577
0.193009,0.400649,0.0286425;-1.57082,0.490428,-1.5738
0.193049,0.40047,0.0286107;-1.57082,0.476667,-1.56935
0.194045,0.399834,0.0287258;-1.5686,0.621463,-1.57814
0.202377,0.406414,0.0312069;-1.5332,0.713761,-1.60351
0.217996,0.423419,0.036778;-1.77747,0.795537,-1.44442
0.222167,0.421388,0.0345392;-1.68752,0.668697,-1.52381
0.217039,0.418046,0.0289405;-1.57525,0.632468,-1.58151
0.216882,0.417846,0.0285746;-1.57079,0.627608,-1.57058
0.218887,0.419157,0.0285825;-1.57048,0.798246,-1.57146
0.225336,0.423397,0.0298968;-1.54243,0.903566,-1.59095
0.241245,0.43633,0.0337109;-1.74082,0.993012,-1.44053
0.245624,0.432213,0.0350286;-1.71249,0.858572,-1.50165
0.23905,0.427582,0.0296735;-1.57417,0.830737,-1.59151
0.238308,0.427921,0.028816;-1.57758,0.797644,-1.5724
0.239809,0.428268,0.0286388;-1.56907,0.892736,-1.57014
0.244826,0.430456,0.029359;-1.55378,1.00166,-1.57943
0.255927,0.438266,0.0320808;-1.66019,1.12945,-1.48232
0.264076,0.436504,0.0343833;-1.71593,1.0389,-1.47961
0.258051,0.433525,0.0314562;-1.5637,1.01048,-1.6257
0.256113,0.433317,0.029768;-1.61121,1.02407,-1.55143
0.255306,0.433242,0.0285806;-1.5704,1.06933,-1.57105
0.258086,0.433159,0.0286916;-1.56308,1.16866,-1.57432
0.268504,0.435991,0.0302852;-1.53992,1.27881,-1.58966
0.280425,0.436398,0.0335846;-1.81105,1.25894,-1.36369
0.269035,0.432386,0.0317275;-1.61161,1.18497,-1.57266
0.265579,0.432033,0.0309757;-1.58801,1.16673,-1.5922
0.264247,0.433361,0.0285792;-1.57104,1.19351,-1.57053
0.265396,0.432312,0.0285795;-1.57013,1.28959,-1.57143
0.272088,0.431626,0.0293729;-1.50177,1.42462,-1.63745
0.293925,0.431883,0.034066;-2.32051,1.44093,-0.84409
0.295693,0.429374,0.0330394;-1.91068,1.35786,-1.26028
0.29056,0.427825,0.029971;-1.568,1.30685,-1.60383
0.289958,0.428409,0.0289857;-1.61881,1.30125,-1.53124
0.287419,0.428523,0.0286702;-1.5854,1.40347,-1.56365
0.285988,0.426441,0.0287699;-1.43032,1.52692,-1.71406
0.320144,0.424869,0.0336734;2.1113,1.39369,1.02421
0.327321,0.420792,0.0351501;2.65146,1.45239,0.468801
0.326583,0.418353,0.028966;-1.60984,1.53635,-1.54875
0.325679,0.417778,0.0291558;-1.76219,1.48196,-1.3909
0.322697,0.419359,0.0287806;-1.50994,1.56698,-1.64115
0.320913,0.418773,0.0288224;1.56528,1.47495,1.5642
0.340377,0.412198,0.0327906;1.5928,1.23509,1.55717
0.351811,0.405706,0.0349086;1.96697,1.30614,1.16627
0.350835,0.402688,0.0293585;1.59545,1.43701,1.52559
0.347731,0.404646,0.0296606;1.74645,1.42521,1.3813
0.346388,0.405476,0.0289168;1.5983,1.39155,1.53282
0.344819,0.406196,0.0287983;1.5668,1.29318,1.56416
0.344819,0.406196,0.0287983;1.5668,1.29318,1.56416
0.347808,0.402833,0.0293203;1.53839,1.15043,1.60366
0.347808,0.402833,0.0293203;1.53839,1.15043,1.60366
