0,0,0.11;-1.57,-2.98023e-08,-1.57
0,0,0.11;-1.57,-2.98023e-08,-1.57
0,0,0.11;-1.57,-2.98023e-08,-1.57
-0.000426604,-0.000278181,0.0286006;-1.57081,-0.210933,-1.56969
-0.000461683,-0.000404426,0.0285794;-1.57075,-0.167971,-1.57076
-0.000323184,0.000129119,0.0286467;-1.57086,-0.133039,-1.56758
5.31983e-05,0.00363936,0.0293031;-1.58638,-0.0596887,-1.57043
0.00223753,0.0107642,0.0291724;-1.58778,-0.119924,-1.58442
0.00254176,0.0118663,0.028943;-1.57545,-0.152883,-1.58405
0.00258426,0.0128021,0.0286966;-1.57082,-0.191036,-1.5764
0.00203278,0.0125671,0.0286442;-1.56759,-0.223284,-1.57006
0.0025461,0.0128946,0.0287236;-1.56537,-0.186563,-1.56718
0.00399232,0.014862,0.0287525;-1.56662,-0.0840333,-1.56465
0.00680771,0.0217117,0.0291148;-1.56674,0.057762,-1.55604
0.0076008,0.0220868,0.0288797;-1.57958,0.01945,-1.56509
0.00921509,0.0233618,0.0291106;-1.59162,-0.0494488,-1.57699
0.011512,0.0278637,0.0298023;-1.59251,-0.135324,-1.58928
0.00873145,0.0237592,0.029088;-1.57689,-0.0875037,-1.58573
0.00771917,0.0222896,0.0287602;-1.57173,-0.073604,-1.57837
0.00565331,0.00841489,0.0305848;-1.52936,0.171948,-1.58418
0.00844896,0.00054307,0.0324197;-1.49243,0.264416,-1.59923
0.00991766,0.00456951,0.0315911;-1.50537,0.270991,-1.597
0.0123739,0.0247246,0.0304613;-1.56567,0.124588,-1.60434
0.0131512,0.023326,0.0320481;-1.56774,0.095543,-1.62434
0.0107702,0.0132934,0.0344737;-1.55677,0.121652,-1.65078
0.00566175,0.00488064,0.0332116;-1.55078,0.136686,-1.63441
0.00433922,-0.000265866,0.030585;-1.55048,0.184659,-1.60388
0.00525747,-0.00316933,0.029452;-1.54535,0.22669,-1.58268
0.00351799,0.00177962,0.0288886;-1.55962,0.135548,-1.57598
0.00263255,0.00550613,0.0286884;-1.56775,0.0395483,-1.57326
0.00347944,0.00633883,0.0286237;-1.57097,0.0745195,-1.56852
0.0036126,0.00621523,0.0287563;-1.5761,0.0947443,-1.56719
0.00362345,0.00672292,0.0290687;-1.58683,0.123585,-1.56131
0.00532127,0.0185386,0.0311692;-1.57657,0.238219,-1.53123
0.00888586,0.0250358,0.0309705;-1.5744,0.311978,-1.53182
0.00973044,0.0291347,0.0293223;-1.57806,0.345371,-1.55345
0.00980376,0.0268668,0.028817;-1.57393,0.290429,-1.5614
0.00996538,0.0247018,0.028701;-1.57103,0.228387,-1.56503
0.0101751,0.0214321,0.0288522;-1.57473,0.136151,-1.56054
0.00332101,0.00906549,0.0291753;-1.57765,-0.032069,-1.55967
0.002537,0.0062169,0.0292574;-1.58265,-0.0593909,-1.56345
0.00293856,0.00590798,0.0288888;-1.58163,-0.054522,-1.56744
0.00324188,0.00674817,0.0285979;-1.57099,-0.0500274,-1.56981
0.00336234,0.00681113,0.0285815;-1.57075,-0.0265932,-1.57093
0.0043801,0.00534299,0.028869;-1.56157,0.0369737,-1.5762
0.00791835,-0.00126271,0.0289607;-1.5559,0.188684,-1.57703
0.00760273,-0.00207848,0.0292411;-1.54742,0.184597,-1.57549
0.00445033,-0.0020868,0.0294574;-1.54264,0.126325,-1.57372
0.0048322,0.00317307,0.0312145;-1.57054,0.0594801,-1.61224
0.00507011,0.00362623,0.0321294;-1.56847,0.0730674,-1.62627
0.00557976,0.00367363,0.0321009;-1.5505,0.0841521,-1.61896
0.0111002,-0.00752428,0.0318585;-1.50723,0.223081,-1.60103
0.010301,-0.0111317,0.0325204;-1.49132,0.21631,-1.59584
0.00701319,-0.00807025,0.0334292;-1.47511,0.138202,-1.59132
-0.000324986,-0.00339068,0.0334723;-1.47908,0.0343934,-1.57969
-0.00119952,-0.00985467,0.0347422;-1.48767,0.0665479,-1.60364
0.000241283,-0.0185775,0.033785;-1.51802,0.124889,-1.61619
0.00695955,-0.0260785,0.0327684;-1.52059,0.249015,-1.61373
0.0065499,-0.0257699,0.0320544;-1.49704,0.239355,-1.59019
0.0058305,-0.024819,0.0325709;-1.48475,0.227757,-1.58442
-0.00354689,-0.0262665,0.0348329;-1.44127,0.122231,-1.58116
-0.00514561,-0.0297659,0.035499;-1.42676,0.104869,-1.57836
-0.00346179,-0.0307352,0.0340189;-1.4595,0.126862,-1.58281
0.00105802,-0.0362938,0.0338507;-1.50047,0.162714,-1.60778
0.00221699,-0.0344852,0.0352791;-1.50707,0.15183,-1.63105
0.00197754,-0.0297781,0.0360134;-1.50698,0.137359,-1.64037
-0.00590189,-0.014144,0.0362991;-1.41869,0.101016,-1.58617
-0.00856181,-0.0120173,0.0363915;-1.4171,0.0910939,-1.57829
-0.0110708,-0.0129464,0.0381272;-1.39245,0.0853375,-1.57698
-0.00811926,-0.0209109,0.0352064;-1.4355,0.109774,-1.58661
-0.0043299,-0.0250582,0.0342923;-1.46611,0.175202,-1.59861
-0.00114684,-0.0270344,0.0336234;-1.49297,0.203223,-1.61236
-0.00223656,-0.0227161,0.0377404;-1.47265,0.160842,-1.64143
-0.00470379,-0.015033,0.0383587;-1.43375,0.112236,-1.62226
-0.00842121,-0.0071144,0.0391953;-1.38225,0.125434,-1.60417
-0.0082172,-0.00562007,0.0386146;-1.37381,0.198058,-1.59928
-0.00557341,-0.0119098,0.0374102;-1.40503,0.241733,-1.60247
-0.00340541,-0.0191071,0.0350696;-1.4379,0.23503,-1.59291
-0.00576548,-0.0173839,0.0357488;-1.43374,0.242263,-1.58508
-0.00802418,-0.0154372,0.0355378;-1.44807,0.219096,-1.56671
-0.0105188,-0.0123654,0.0366106;-1.44693,0.206216,-1.55892
-0.0167053,-0.00613381,0.0373719;-1.48912,0.307465,-1.5156
-0.013304,-0.00611774,0.0376861;-1.4894,0.326899,-1.51146
-0.00990671,-0.00740787,0.0374942;-1.48632,0.329879,-1.52339
-0.0153204,-0.0130152,0.035355;-1.43939,0.210468,-1.58181
-0.0182447,-0.0135002,0.036283;-1.42474,0.191884,-1.57969
-0.0181846,-0.0122565,0.0359876;-1.43017,0.180705,-1.5759
-0.0183038,-0.00372181,0.0374209;-1.4574,0.246813,-1.54169
-0.0186298,-0.000612168,0.0387311;-1.5074,0.287166,-1.52148
-0.0180469,-0.000391046,0.0395594;-1.5382,0.359185,-1.51639
-0.00981572,-4.21913e-05,0.0326505;-1.55229,0.398963,-1.5342
-0.0134331,-0.00185809,0.033673;-1.54698,0.311344,-1.51042
-0.0180424,-0.00421567,0.0352927;-1.52305,0.263081,-1.50765
-0.0171106,-0.00023354,0.0396694;-1.55425,0.293276,-1.43779
-0.0143684,0.00278847,0.0409384;-1.55621,0.327738,-1.42837
-0.0101367,0.00553319,0.0394835;-1.54978,0.381441,-1.45339
-0.00837147,0.00342988,0.03142;-1.54305,0.416364,-1.54141
-0.0137382,-0.00401753,0.029273;-1.57356,0.268598,-1.56081
-0.0172491,-0.00668973,0.0300484;-1.57359,0.183739,-1.5466
-0.0200183,-0.00629421,0.032271;-1.54588,0.169294,-1.53002
-0.0229553,-0.00331309,0.0351693;-1.51497,0.175384,-1.52231
-0.0191542,-0.000392801,0.0371099;-1.49228,0.233562,-1.53083
-0.0154334,0.00295537,0.0339068;-1.4976,0.298594,-1.56191
-0.0138363,0.00515327,0.0315968;-1.50502,0.244969,-1.58378
-0.0125877,0.00795809,0.0299591;-1.53082,0.21878,-1.57802
-0.012085,0.00899647,0.0297844;-1.53606,0.201134,-1.58072
-0.0115751,0.0104453,0.0289974;-1.55059,0.170733,-1.57365
-0.0111217,0.0101373,0.0291211;-1.552,0.184587,-1.58155
-0.011276,0.00948161,0.0292827;-1.55715,0.19686,-1.58235
-0.0127197,0.00575188,0.0291929;-1.54963,0.257614,-1.58481
-0.0128231,0.00358292,0.0292098;-1.55112,0.308966,-1.58801
-0.0142688,0.000578179,0.0290759;-1.55392,0.330001,-1.58379
-0.0211962,-0.00597309,0.0288367;-1.56142,0.19776,-1.57566
-0.021708,-0.00559165,0.028972;-1.5607,0.158158,-1.56792
-0.0197118,-0.00379105,0.0297286;-1.57443,0.148914,-1.55854
-0.0201422,-0.00226136,0.0287823;-1.57724,0.238583,-1.56587
-0.0203746,-0.00135409,0.0288152;-1.571,0.292489,-1.5593
-0.018677,0.00143881,0.0289498;-1.57464,0.344375,-1.55532
-0.0176801,0.00670177,0.0292802;-1.57437,0.387335,-1.55309
-0.0184296,0.00387068,0.030842;-1.57944,0.346794,-1.53377
-0.0189391,7.27963e-05,0.0322446;-1.58113,0.295383,-1.5163
-0.0209352,-0.00430049,0.0297028;-1.57543,0.255728,-1.54787
-0.0212825,-0.00466053,0.0290663;-1.59313,0.258598,-1.5621
-0.0214225,-0.00499085,0.0290108;-1.59087,0.26567,-1.56358
-0.0216257,-0.00492862,0.0288921;-1.56913,0.284581,-1.55796
-0.0215579,-0.00497983,0.0288022;-1.57096,0.280271,-1.56
-0.0220864,-0.00624362,0.0289272;-1.57173,0.261096,-1.55825
-0.027708,-0.0141643,0.0305702;-1.56882,0.151703,-1.53922
-0.0246042,-0.0111106,0.0294719;-1.56084,0.198233,-1.55818
-0.0208577,-0.00741926,0.0288847;-1.56697,0.287885,-1.561
-0.0201412,-0.00533355,0.0286925;-1.57277,0.398806,-1.57367
-0.0196415,-0.0044589,0.0287565;-1.57121,0.367884,-1.57919
-0.0187714,-0.00292104,0.0287046;-1.57087,0.309675,-1.57665
-0.0206379,-0.00330136,0.0287824;-1.56345,0.121449,-1.56906
-0.0210235,-0.00626429,0.0287554;-1.56312,0.0581559,-1.57033
-0.0214331,-0.00730199,0.0288125;-1.56229,0.0572284,-1.57398
-0.0208158,-0.0167472,0.0291914;-1.55406,0.252606,-1.58723
-0.0214657,-0.0193291,0.0299471;-1.53722,0.281277,-1.59061
-0.0208145,-0.0173058,0.0293985;-1.55882,0.256493,-1.59105
-0.0185362,-0.0133234,0.0304718;-1.56765,0.217924,-1.60477
-0.0184594,-0.00993715,0.029094;-1.55849,0.192245,-1.5787
-0.0188476,-0.00931204,0.02959;-1.5427,0.194041,-1.57349
-0.0199781,-0.0102105,0.0292171;-1.54809,0.191027,-1.578
-0.019091,-0.0113203,0.0292954;-1.54449,0.230933,-1.57892
-0.0196638,-0.0121399,0.0298225;-1.53349,0.229208,-1.57984
-0.0203809,-0.0100147,0.0292818;-1.54105,0.200698,-1.57132
-0.0206209,-0.00987794,0.029296;-1.54423,0.177653,-1.56627
-0.0210781,-0.0101449,0.0294634;-1.55013,0.173661,-1.56864
-0.0229861,-0.0133986,0.0290665;-1.55152,0.106616,-1.56827
-0.0236385,-0.0141669,0.0293054;-1.54091,0.0893183,-1.56768
-0.0221468,-0.0129625,0.0292217;-1.54491,0.131266,-1.56838
-0.019737,-0.0114273,0.0296143;-1.53574,0.193619,-1.56872
-0.0187914,-0.0105877,0.030132;-1.52485,0.207766,-1.57065
-0.0180757,-0.00925997,0.0314505;-1.51716,0.221613,-1.55977
-0.0171331,-0.00648014,0.0339501;-1.50723,0.24831,-1.53564
-0.0173374,-0.00617309,0.0332644;-1.52865,0.210377,-1.52476
-0.0185026,-0.0066908,0.0338094;-1.53539,0.180485,-1.51998
-0.0156793,-0.00518948,0.0340215;-1.50461,0.199281,-1.53156
-0.0157204,-0.00537314,0.0342493;-1.50296,0.208432,-1.5317
-0.0154029,-0.00636157,0.0337648;-1.50269,0.225032,-1.54576
-0.0165277,-0.00967867,0.0331423;-1.4973,0.205196,-1.58234
-0.0175186,-0.00984115,0.033244;-1.50735,0.189486,-1.56859
-0.0187777,-0.00939828,0.0335109;-1.5094,0.168436,-1.55412
-0.0196631,-0.00810905,0.034747;-1.50835,0.152538,-1.51888
-0.0187773,-0.00639819,0.0351001;-1.51506,0.156011,-1.50691
-0.0193449,-0.00601855,0.0357687;-1.5176,0.145767,-1.49607
-0.0209129,-0.0065995,0.0391598;-1.5368,0.172504,-1.45431
-0.0226868,-0.00720036,0.0396995;-1.53936,0.154813,-1.44565
-0.0230392,-0.00751486,0.0407217;-1.52457,0.169157,-1.44383
-0.013487,-0.00366853,0.0394366;-1.53681,0.217607,-1.45378
-0.0137071,-0.00536502,0.0365369;-1.52803,0.149338,-1.48159
-0.0172775,-0.0119904,0.0341366;-1.51054,0.101794,-1.51928
-0.0212858,-0.0204799,0.0369791;-1.48701,0.0951802,-1.52302
-0.0223421,-0.0259822,0.0370143;-1.46412,0.0598748,-1.55106
-0.0260982,-0.0320635,0.0372173;-1.42012,-0.00121287,-1.58614
-0.0243979,-0.0305248,0.0411873;-1.35725,0.0367187,-1.59622
-0.0213569,-0.0310801,0.042416;-1.33917,0.0698951,-1.60827
-0.0146424,-0.0312432,0.0434617;-1.33933,0.0766572,-1.62519
-0.0171225,-0.0297114,0.0448745;-1.37829,-0.0359483,-1.65085
-0.0250119,-0.0306703,0.0438928;-1.39803,-0.066805,-1.64808
-0.0312457,-0.0319882,0.042647;-1.39301,-0.0657869,-1.6309
-0.0312457,-0.0319882,0.042647;-1.39301,-0.0657869,-1.6309
-0.0331721,-0.0300853,0.041727;-1.36596,-0.046712,-1.60408
-0.0331721,-0.0300853,0.041727;-1.36596,-0.046712,-1.60408
