0,0,0.11;-1.57,-2.98023e-08,-1.57
0,0,0.11;-1.57,-2.98023e-08,-1.57
0,0,0.11;-1.57,-2.98023e-08,-1.57
-0.000464614,0.0021702,0.0286551;-1.56966,-0.294544,-1.57339
-0.000851114,0.00320351,0.0286394;-1.57061,-0.349012,-1.57348
-0.000975186,0.00334155,0.0286537;-1.57081,-0.355817,-1.57417
0.00254051,0.00137664,0.0321413;-1.51865,-0.250742,-1.56042
0.00175048,-0.00113491,0.0293284;-1.54238,-0.312644,-1.56458
0.000738046,0.000277081,0.0287787;-1.5638,-0.350926,-1.56479
0.000837324,0.000365248,0.0288323;-1.56074,-0.35776,-1.56439
0.00176968,0.000926299,0.0286392;-1.57078,-0.303985,-1.57354
0.0019027,0.00214099,0.0286411;-1.571,-0.260838,-1.56766
0.000304384,0.00504575,0.0289623;-1.5764,-0.160089,-1.56296
0.00156878,0.00452901,0.0301105;-1.5676,-0.0560243,-1.56396
0.00483421,0.00150033,0.0290787;-1.56381,-0.0788398,-1.57109
0.00360969,0.0015816,0.0288314;-1.56438,-0.122869,-1.5756
0.00250609,0.00279299,0.028627;-1.57042,-0.181364,-1.57272
0.00263235,0.00242393,0.0287928;-1.56059,-0.169719,-1.56868
0.00255973,0.00315412,0.0290888;-1.55699,-0.162192,-1.55769
0.00171933,0.00165535,0.031726;-1.56952,-0.154495,-1.52578
0.00386827,-0.00576874,0.0294008;-1.56563,-0.199264,-1.55906
0.00414026,-0.0111611,0.0291582;-1.55756,-0.230354,-1.57791
0.00146332,-0.0125957,0.0287153;-1.57372,-0.29241,-1.5765
0.00137963,-0.012285,0.0286343;-1.57365,-0.298753,-1.57231
0.00132301,-0.0124237,0.0285795;-1.57083,-0.285196,-1.57084
0.000609344,-0.0109627,0.0288203;-1.57324,-0.209717,-1.56164
-0.00110115,-0.0087353,0.0291127;-1.57848,-0.15909,-1.56058
-0.000179159,-0.0153275,0.0329806;-1.4874,-0.115411,-1.57261
-0.000978903,-0.015519,0.0319839;-1.50588,-0.109454,-1.57427
-0.00181195,-0.0131904,0.0294698;-1.53996,-0.11351,-1.56733
-0.00102091,-0.0108293,0.028833;-1.56195,-0.0629172,-1.56647
-0.000258394,-0.00835762,0.0286835;-1.57096,0.0335515,-1.56561
-0.00180715,-0.00497947,0.0292644;-1.57878,0.0923863,-1.55663
-0.00363273,-0.00786184,0.0302424;-1.58229,0.121208,-1.55308
-0.001741,-0.0108913,0.0293842;-1.55377,0.158203,-1.5758
0.000470392,-0.0115044,0.0302978;-1.52946,0.168725,-1.5852
-0.000463433,-0.0102852,0.0292108;-1.54332,0.149071,-1.57777
0.00087512,-0.0080925,0.0292869;-1.54269,0.190532,-1.5686
0.00380588,-0.00258518,0.0304916;-1.55033,0.28068,-1.54648
0.000898297,-0.0144865,0.0332446;-1.58691,0.260155,-1.49958
-0.00456168,-0.0320146,0.0323494;-1.51517,0.252069,-1.56375
-0.00688784,-0.0359649,0.0329723;-1.47741,0.228477,-1.59443
-0.00762748,-0.033668,0.0293702;-1.54781,0.180045,-1.5829
-0.00888955,-0.0310734,0.0287747;-1.57107,0.113519,-1.58044
-0.0084715,-0.0301084,0.0287654;-1.57871,0.0965403,-1.56827
-0.00882009,-0.0321995,0.0304919;-1.57341,0.0814616,-1.53744
-0.00836891,-0.0334356,0.0312486;-1.56209,0.0957829,-1.52895
-0.00651315,-0.0310594,0.0329602;-1.4905,0.169906,-1.5644
-0.00125435,-0.0256688,0.034383;-1.44236,0.239663,-1.59616
-0.00166602,-0.0247394,0.0336745;-1.4617,0.222763,-1.59116
-0.0022542,-0.0228108,0.0300916;-1.52478,0.193653,-1.57789
-0.00199626,-0.02138,0.0289014;-1.56798,0.183638,-1.55879
-0.00196596,-0.0213053,0.0287045;-1.57108,0.172857,-1.56465
-0.00182264,-0.0216912,0.0287597;-1.57114,0.160842,-1.56231
-0.00170172,-0.0223209,0.02878;-1.57075,0.182748,-1.56126
-0.000829068,-0.0215895,0.0290396;-1.55069,0.207398,-1.57187
1.16755e-05,-0.0209978,0.0306421;-1.52077,0.217685,-1.58218
-0.00408749,-0.0196131,0.0293117;-1.54769,0.133166,-1.56056
-0.0080651,-0.0254842,0.0318221;-1.55669,0.0374342,-1.52335
-0.012396,-0.0325948,0.0330869;-1.54795,-0.0428872,-1.51281
-0.019947,-0.0517434,0.0293303;-1.54754,-0.209913,-1.55202
-0.0200044,-0.0523939,0.028955;-1.55441,-0.219779,-1.565
-0.019749,-0.052513,0.0289495;-1.55697,-0.210518,-1.57192
-0.0216948,-0.0499925,0.0289582;-1.56543,-0.291818,-1.58235
-0.0208433,-0.0475438,0.0286571;-1.57287,-0.363881,-1.56952
-0.020085,-0.0482427,0.0290335;-1.57575,-0.396605,-1.5548
-0.0195774,-0.0515205,0.0294221;-1.53404,-0.449407,-1.54664
-0.0182968,-0.0453151,0.0306147;-1.51314,-0.377686,-1.53847
-0.0172246,-0.0395114,0.0323781;-1.49027,-0.320827,-1.52645
-0.0133835,-0.0243328,0.0360012;-1.41523,-0.291139,-1.52241
-0.0109634,-0.0208995,0.034403;-1.43919,-0.368697,-1.51588
-0.0107895,-0.0254044,0.0326387;-1.48949,-0.452985,-1.51168
-0.00946424,-0.0301727,0.0318653;-1.56417,-0.488281,-1.51925
-0.00913339,-0.0321749,0.0322733;-1.56155,-0.512561,-1.511
-0.00985926,-0.0337853,0.0331077;-1.55155,-0.530418,-1.5003
-0.0107507,-0.0311931,0.0361202;-1.56893,-0.494334,-1.46465
-0.00572316,-0.0307299,0.0369217;-1.50479,-0.55279,-1.45667
-0.00391053,-0.030612,0.036387;-1.44503,-0.569875,-1.4576
-0.00759419,-0.0403619,0.0378806;-1.54782,-0.684344,-1.43996
-0.00642136,-0.0426427,0.0396383;-1.52684,-0.712072,-1.41079
-0.00772974,-0.041648,0.0385987;-1.5027,-0.677338,-1.41779
-0.00845145,-0.0379033,0.0390686;-1.54178,-0.631789,-1.42439
-0.00442,-0.0400547,0.0392026;-1.54974,-0.629503,-1.42918
0.00138955,-0.0461447,0.0365;-1.47987,-0.623185,-1.45267
0.00291177,-0.0521677,0.03657;-1.53598,-0.666399,-1.45943
0.00203171,-0.0539316,0.0355344;-1.55518,-0.686046,-1.47334
0.00119175,-0.0526451,0.03649;-1.56294,-0.683403,-1.46323
-0.000967173,-0.0332069,0.0358127;-1.58141,-0.480046,-1.48687
0.00117992,-0.0260629,0.0373196;-1.61348,-0.423959,-1.50398
0.00201774,-0.0219685,0.0355227;-1.60705,-0.375172,-1.51132
0.0053102,-0.0242551,0.0343095;-1.60636,-0.417344,-1.52194
0.00409252,-0.0267087,0.0334121;-1.61751,-0.431399,-1.53871
0.00368172,-0.0277049,0.0313776;-1.61468,-0.444486,-1.56627
-0.000687202,-0.0257059,0.0319936;-1.60787,-0.380181,-1.55412
-0.00341754,-0.028108,0.0315408;-1.61152,-0.335563,-1.56076
-0.00620662,-0.0307744,0.0310237;-1.59239,-0.320913,-1.5517
0.00467063,-0.0511426,0.0350486;-1.61707,-0.409896,-1.52409
0.00717553,-0.0735044,0.0342173;-1.51446,-0.495598,-1.49743
0.00758573,-0.0831204,0.0313292;-1.53773,-0.568269,-1.53315
0.00750568,-0.0840527,0.0295891;-1.58362,-0.582075,-1.56142
0.00646975,-0.0836045,0.0295708;-1.56653,-0.487752,-1.56216
0.00526291,-0.0852422,0.0297328;-1.56408,-0.485039,-1.55916
0.00428442,-0.0850706,0.0306684;-1.56534,-0.47182,-1.54487
0.0140515,-0.103346,0.0316984;-1.57674,-0.535288,-1.52891
0.016284,-0.108747,0.0311571;-1.56874,-0.579331,-1.53366
0.0178249,-0.113344,0.0303156;-1.53763,-0.62771,-1.54431
0.0197948,-0.0991836,0.0314583;-1.54257,-0.474631,-1.5236
0.0201615,-0.090021,0.0322651;-1.53883,-0.370375,-1.51092
0.0198636,-0.0859044,0.0339505;-1.54016,-0.332043,-1.48878
0.0201482,-0.0840756,0.0336258;-1.58329,-0.310388,-1.51297
0.0217762,-0.0835975,0.0336438;-1.5812,-0.291419,-1.50529
0.0213674,-0.084676,0.0328203;-1.55413,-0.307238,-1.50677
0.0193491,-0.0800339,0.0289361;-1.55737,-0.344319,-1.56122
0.0187243,-0.0790785,0.0287544;-1.5703,-0.344004,-1.56271
0.0189431,-0.0802109,0.0290167;-1.56528,-0.362645,-1.55603
0.0206359,-0.095066,0.0336072;-1.55228,-0.515763,-1.49115
0.0224323,-0.103659,0.0357375;-1.54595,-0.597413,-1.46166
0.0247756,-0.110108,0.0360207;-1.55372,-0.654374,-1.45677
0.0278941,-0.11846,0.0307545;-1.51538,-0.75916,-1.51185
0.0262286,-0.119838,0.0290393;-1.54451,-0.792862,-1.54807
0.0248782,-0.120559,0.02893;-1.54862,-0.827083,-1.55249
0.0237992,-0.120094,0.0291956;-1.5589,-0.830824,-1.54918
0.0223274,-0.117738,0.0321215;-1.56063,-0.813691,-1.5138
0.0225047,-0.117642,0.0343779;-1.56091,-0.820589,-1.49094
0.0293304,-0.114819,0.0328431;-1.57549,-0.83886,-1.51328
0.0289043,-0.10683,0.0322164;-1.5439,-0.796684,-1.50771
0.0249588,-0.0984299,0.0314641;-1.4934,-0.726079,-1.50696
0.019403,-0.086019,0.0301039;-1.53722,-0.630813,-1.53014
0.0194071,-0.0857211,0.0310983;-1.54452,-0.643043,-1.51892
0.0192909,-0.0861109,0.0325426;-1.54827,-0.645204,-1.50436
0.018723,-0.0843927,0.0313614;-1.56432,-0.638307,-1.52311
0.019556,-0.0849087,0.0287883;-1.56986,-0.655787,-1.56055
0.019359,-0.0843503,0.0287665;-1.56138,-0.65583,-1.56658
0.0160114,-0.082973,0.0291683;-1.53398,-0.739418,-1.54719
0.0153048,-0.0840889,0.0291949;-1.53359,-0.835886,-1.53819
0.0165846,-0.0902331,0.030065;-1.53034,-0.912277,-1.51893
0.0223531,-0.110514,0.0349402;-1.46316,-1.08763,-1.40567
0.0216962,-0.1108,0.0356391;-1.47082,-1.09416,-1.40372
0.0201482,-0.108202,0.0343528;-1.46044,-1.06039,-1.418
0.0195605,-0.105849,0.0357719;-1.30628,-1.03745,-1.33635
0.019488,-0.105827,0.0343902;-1.34304,-1.05827,-1.36157
0.0193767,-0.105123,0.0328332;-1.38867,-1.04729,-1.40052
0.0166788,-0.100895,0.0298753;-1.54459,-1.01976,-1.52711
0.0162481,-0.0997552,0.0290095;-1.5551,-0.996502,-1.54551
0.0152514,-0.0967725,0.0289544;-1.56166,-0.943648,-1.5508
0.0129301,-0.0908905,0.0286728;-1.568,-0.778716,-1.56656
0.0129254,-0.0902553,0.0291034;-1.53889,-0.747931,-1.54688
0.0123508,-0.0906264,0.0301657;-1.50791,-0.76478,-1.52713
0.010193,-0.0897198,0.0286768;-1.56419,-0.790822,-1.56589
0.0100111,-0.0897358,0.0288306;-1.56857,-0.766126,-1.55831
0.00972741,-0.0904189,0.0298201;-1.57837,-0.764083,-1.55353
0.00993492,-0.0886171,0.0286479;-1.56645,-0.705118,-1.56802
0.0101716,-0.0883858,0.0286223;-1.5682,-0.689928,-1.56915
0.0102986,-0.090473,0.0290106;-1.55175,-0.751533,-1.5509
0.00632815,-0.0948023,0.0302897;-1.49837,-0.872476,-1.51525
0.00396408,-0.100235,0.0309053;-1.4841,-0.956602,-1.48336
0.00534568,-0.106881,0.036504;-1.41485,-1.00358,-1.37176
0.00403685,-0.108988,0.0383867;-1.4424,-1.02258,-1.35786
0.00424801,-0.111727,0.035499;-1.46498,-1.04014,-1.40616
0.00437754,-0.114159,0.0368059;-1.29268,-1.01172,-1.3068
0.00702067,-0.117889,0.0400345;-1.12689,-1.00212,-1.17989
0.00519775,-0.118042,0.0417976;-1.0554,-0.99779,-1.11286
0.00423966,-0.11783,0.0438681;-1.00105,-0.955855,-1.07359
-0.00470285,-0.100502,0.049889;-1.18178,-0.805084,-1.17842
-0.00704013,-0.0829387,0.0452195;-1.55831,-0.778082,-1.35949
-0.00416808,-0.0808995,0.0428544;-1.57156,-0.758194,-1.40093
0.0025418,-0.0804603,0.034973;-1.50809,-0.724782,-1.4615
0.000273162,-0.0816341,0.0357683;-1.45114,-0.718489,-1.43941
0.00091929,-0.0851562,0.0375416;-1.36002,-0.727836,-1.40504
-0.00383732,-0.0789206,0.0363391;-1.48798,-0.671065,-1.44401
-0.00787205,-0.0748372,0.0366267;-1.53973,-0.640675,-1.44988
-0.0112451,-0.0710256,0.037181;-1.5288,-0.594515,-1.44346
-0.00674375,-0.0654131,0.0337744;-1.53454,-0.535666,-1.48969
-0.00703102,-0.0686783,0.030649;-1.52053,-0.572583,-1.52268
-0.00775791,-0.0743676,0.031842;-1.48177,-0.643211,-1.50401
-0.00835185,-0.085064,0.0369461;-1.36051,-0.752262,-1.40639
-0.0150949,-0.0793464,0.0364616;-1.49408,-0.705813,-1.44501
-0.0260495,-0.0771946,0.0380881;-1.55866,-0.601703,-1.44681
-0.0323243,-0.0670734,0.0374989;-1.5567,-0.446299,-1.45708
-0.0335708,-0.0662651,0.0348608;-1.54371,-0.45524,-1.47706
-0.0341882,-0.0723113,0.0349721;-1.50418,-0.511572,-1.47323
-0.0341882,-0.0723113,0.0349721;-1.50418,-0.511572,-1.47323
-0.0353926,-0.0761105,0.0361593;-1.47574,-0.559906,-1.45629
-0.0353926,-0.0761105,0.0361593;-1.47574,-0.559906,-1.45629
