0,0,0.11;-1.57,-2.98023e-08,-1.57
0,0,0.11;-1.57,-2.98023e-08,-1.57
0,0,0.11;-1.57,-2.98023e-08,-1.57
-0.000441284,0.0023048,0.0286306;-1.5712,-0.29385,-1.57337
-0.000697351,0.00212178,0.0285807;-1.57064,-0.315328,-1.57063
-0.00175556,0.000418747,0.0292811;-1.56175,-0.303092,-1.55582
-0.0013909,-0.00218136,0.0317675;-1.57083,-0.264101,-1.53668
0.0040037,0.00175788,0.0298673;-1.59805,-0.36447,-1.59039
0.00459267,0.00877966,0.0305323;-1.62399,-0.432741,-1.59787
0.00515654,0.0106027,0.0291606;-1.59521,-0.455919,-1.58783
0.00447926,0.00682762,0.0286073;-1.57047,-0.347859,-1.56953
0.00485934,0.00639853,0.0291557;-1.55216,-0.317206,-1.55479
0.00551562,0.00790756,0.0307874;-1.55211,-0.28079,-1.53399
0.00546988,0.0041718,0.0335562;-1.55466,-0.292196,-1.51038
0.00864089,0.00540338,0.0352606;-1.63291,-0.366229,-1.54986
0.0111197,0.0136519,0.0414425;-1.74381,-0.422216,-1.58282
0.0109982,0.0113051,0.0325913;-1.66615,-0.484557,-1.61534
0.00960557,0.00718587,0.0294685;-1.60158,-0.46029,-1.58852
0.00805858,0.00436132,0.0288993;-1.58114,-0.41324,-1.56805
0.00711148,0.00479674,0.0333055;-1.511,-0.35949,-1.51157
0.00575446,0.00389487,0.0328333;-1.50133,-0.396732,-1.51082
0.00385031,0.0062784,0.0336204;-1.50135,-0.444906,-1.50039
0.00411945,0.00716192,0.0308088;-1.5068,-0.543688,-1.5295
0.00523301,0.00637288,0.0290163;-1.54875,-0.53192,-1.55617
0.00582093,0.00680466,0.0297209;-1.56908,-0.491101,-1.55172
0.00559162,0.00657208,0.0294393;-1.54337,-0.454265,-1.55006
0.00552496,0.00784982,0.0326751;-1.50833,-0.424789,-1.51504
0.00200038,0.00786928,0.0330855;-1.47786,-0.477725,-1.50401
0.00202167,0.00831885,0.0330055;-1.4888,-0.507481,-1.5084
0.00405827,0.00916533,0.030525;-1.56722,-0.539884,-1.5403
0.0039924,0.00725837,0.0292683;-1.57641,-0.481142,-1.56455
0.00217171,0.00674547,0.0316761;-1.54363,-0.432922,-1.52143
0.000847929,0.0053607,0.0341362;-1.49473,-0.428559,-1.49484
-0.000696486,0.00960805,0.0370704;-1.47351,-0.423659,-1.46374
-0.00484743,0.0166359,0.0369268;-1.49004,-0.44965,-1.45902
-0.00644216,0.027484,0.0379779;-1.56164,-0.512158,-1.46606
-0.007443,0.0315998,0.042653;-1.67501,-0.444342,-1.5074
-0.00872044,0.0299861,0.0426008;-1.65229,-0.390519,-1.48336
-0.0109876,0.0264864,0.0398273;-1.56505,-0.356034,-1.43852
-0.00834513,0.0226143,0.0424371;-1.49473,-0.377087,-1.41673
-0.00911519,0.0199451,0.0405254;-1.49962,-0.428465,-1.43072
-0.0100611,0.0205623,0.0396371;-1.49023,-0.48696,-1.432
-0.00824227,0.0207154,0.0424744;-1.55105,-0.462793,-1.43404
-0.00336562,0.0176379,0.0448043;-1.55479,-0.409876,-1.44019
-0.000503592,0.0190796,0.0468273;-1.61275,-0.34692,-1.45762
0.00967261,0.00991756,0.0499886;-1.68893,-0.36907,-1.48425
0.0132942,0.00444955,0.0509414;-1.70163,-0.394361,-1.49658
0.0144345,0.00322046,0.0524581;-1.71942,-0.455872,-1.50921
0.0120071,0.0130458,0.0529646;-1.70542,-0.553493,-1.50202
0.0131854,0.0131699,0.0474321;-1.64424,-0.503148,-1.49105
0.015458,0.00997304,0.0390924;-1.59011,-0.456362,-1.47286
0.0148883,0.0101082,0.0373261;-1.54674,-0.407267,-1.45641
0.0162309,0.00905463,0.0383982;-1.57454,-0.428068,-1.45641
0.0164813,0.00759067,0.0406614;-1.62832,-0.430488,-1.48922
0.0207642,0.00373938,0.0431611;-1.65795,-0.528022,-1.51587
0.0210629,0.00650619,0.046777;-1.68372,-0.543284,-1.5212
0.0195014,0.00935613,0.0454349;-1.66911,-0.529126,-1.51926
0.0129416,0.0184476,0.042668;-1.68186,-0.548597,-1.527
0.0143797,0.016908,0.0395821;-1.58753,-0.525003,-1.46805
0.0140519,0.0164622,0.0373997;-1.54012,-0.539296,-1.45175
0.0122733,0.0155318,0.0396461;-1.62388,-0.511765,-1.49917
0.0143308,0.0137941,0.0430113;-1.65158,-0.513108,-1.49515
0.0168017,0.0111151,0.0448544;-1.67044,-0.509366,-1.50511
0.0257127,0.00472271,0.0472758;-1.75536,-0.480418,-1.56072
0.0293894,0.00520914,0.04882;-1.77042,-0.489238,-1.5545
0.0273475,0.00995234,0.0449427;-1.71239,-0.561178,-1.5264
0.0223307,0.0174484,0.0403298;-1.59835,-0.562851,-1.46369
0.0233286,0.0163069,0.0419325;-1.59874,-0.564489,-1.44769
0.0242872,0.0151323,0.0411047;-1.5882,-0.566557,-1.44709
0.0285252,0.00588343,0.0413642;-1.61343,-0.524227,-1.48729
0.0348009,0.00134874,0.0457261;-1.6947,-0.525547,-1.52769
0.0405967,-0.00547142,0.0452309;-1.72791,-0.486156,-1.54583
0.0400815,0.00280415,0.0474585;-1.73724,-0.582424,-1.53381
0.0365503,0.00656826,0.0457041;-1.6989,-0.584044,-1.50919
0.0350597,0.00469993,0.0435536;-1.64693,-0.570612,-1.47772
0.031028,0.00292207,0.0389273;-1.5224,-0.611898,-1.4265
0.0331294,0.00127991,0.038555;-1.54495,-0.616705,-1.44546
0.0385454,-0.00420488,0.0390094;-1.62056,-0.561503,-1.50679
0.0483334,-0.0139201,0.0437851;-1.72406,-0.522365,-1.55741
0.0471374,-0.0121676,0.0460626;-1.74295,-0.497397,-1.55357
0.0451589,-0.00962695,0.0468653;-1.74466,-0.459822,-1.54256
0.0383218,-0.000835228,0.0427051;-1.59185,-0.546342,-1.45433
0.0345939,0.00169285,0.0385725;-1.54026,-0.570634,-1.43583
0.0346755,-0.000651045,0.0380316;-1.50002,-0.560736,-1.43402
0.0350142,-0.00417102,0.0351243;-1.52464,-0.55544,-1.47924
0.0381271,-0.00942533,0.0358794;-1.56871,-0.521773,-1.48586
0.0436705,-0.0157852,0.0374981;-1.61181,-0.504587,-1.51715
0.0414353,-0.0155112,0.042719;-1.62522,-0.459834,-1.51499
0.0320387,-0.0031628,0.0442265;-1.60475,-0.537435,-1.48736
0.0268791,0.00739424,0.0417544;-1.59296,-0.597011,-1.46834
0.0372119,0.00632085,0.0383496;-1.56046,-0.595679,-1.46466
0.042463,-0.0036914,0.0344711;-1.57266,-0.576123,-1.50763
0.0480176,-0.00919312,0.0389954;-1.65013,-0.540643,-1.54024
0.0489234,-0.0118239,0.0440072;-1.70555,-0.499786,-1.53892
0.0456414,-0.00797762,0.0399127;-1.66611,-0.542007,-1.54772
0.0414367,0.00307957,0.0431113;-1.69811,-0.512421,-1.53677
0.0337403,0.0218209,0.0418811;-1.71486,-0.41754,-1.5429
0.035069,0.0195717,0.0354069;-1.57831,-0.457904,-1.50672
0.0350715,0.014526,0.0338541;-1.55563,-0.422416,-1.4996
0.0359111,0.00827093,0.0367039;-1.58308,-0.334571,-1.49218
0.0360852,0.0192288,0.0437167;-1.66154,-0.324776,-1.47933
0.0339654,0.0272421,0.0432129;-1.6842,-0.407131,-1.50603
0.0324017,0.0267367,0.0429591;-1.70533,-0.399799,-1.51962
0.0283695,0.0352171,0.0482304;-1.77202,-0.305205,-1.50304
0.0251933,0.042913,0.0436482;-1.75413,-0.191827,-1.52826
0.0219198,0.044477,0.0374434;-1.68486,-0.121428,-1.54437
0.0205787,0.0470312,0.0330112;-1.54693,-0.153823,-1.51557
0.018911,0.0528932,0.0335694;-1.55743,-0.201358,-1.50637
0.0166155,0.0619687,0.0355786;-1.57733,-0.219001,-1.49104
0.0174584,0.0534272,0.0420212;-1.7091,-0.195781,-1.50984
0.0172956,0.0477183,0.0439726;-1.74987,-0.154502,-1.51346
0.0205856,0.0460365,0.0441196;-1.79073,-0.106429,-1.53665
0.0200119,0.0515602,0.0389691;-1.66225,-0.112653,-1.52707
0.0167985,0.0617851,0.0345337;-1.56777,-0.160716,-1.50354
0.0147893,0.0706527,0.0355176;-1.55709,-0.180523,-1.4839
0.0148222,0.0706871,0.0341105;-1.56422,-0.235117,-1.49946
0.0120192,0.0679234,0.0359665;-1.62491,-0.185567,-1.51199
0.0101973,0.0633266,0.0396154;-1.68902,-0.111474,-1.51369
0.0244302,0.0499187,0.0399252;-1.71797,0.0321874,-1.53686
0.0229293,0.0588879,0.0410447;-1.69991,-0.019771,-1.52026
0.0208857,0.0713949,0.0388865;-1.64324,-0.0738961,-1.51008
0.0207986,0.084276,0.0346679;-1.5551,-0.200112,-1.4946
0.0194885,0.0831712,0.0333808;-1.56228,-0.204748,-1.50709
0.0156908,0.0800606,0.0346496;-1.58639,-0.157278,-1.49969
0.0166222,0.0608258,0.0384326;-1.65683,-0.0814794,-1.50989
0.023167,0.0543729,0.0360962;-1.64491,-0.0844095,-1.53849
0.0211269,0.0594512,0.0378669;-1.64759,-0.100696,-1.52682
0.0208153,0.0761224,0.0424925;-1.71035,-0.152781,-1.50221
0.0218247,0.0761045,0.0424873;-1.69531,-0.177193,-1.49167
0.0182645,0.0738348,0.0379762;-1.65672,-0.145176,-1.51128
0.0106303,0.0697573,0.0341602;-1.57602,-0.027362,-1.49394
0.0150652,0.0621285,0.0344574;-1.60535,-0.0183613,-1.51209
0.0196907,0.0575602,0.0316805;-1.58289,-0.0428971,-1.53333
0.0175307,0.0729102,0.039478;-1.66132,-0.0864261,-1.50947
0.0216037,0.0735978,0.0415787;-1.70541,-0.139622,-1.50841
0.0225137,0.0706377,0.0414654;-1.71754,-0.161424,-1.52006
0.012693,0.0756938,0.0392999;-1.71863,-0.0746556,-1.534
0.0106851,0.0748157,0.0377812;-1.66697,-0.0398148,-1.51266
0.0114768,0.0675073,0.0349375;-1.578,-0.0104814,-1.48983
0.0125961,0.0719638,0.0350563;-1.54954,-0.0594157,-1.49362
0.0153571,0.0770795,0.0355532;-1.58161,-0.112969,-1.50566
0.0198626,0.0791654,0.037386;-1.65197,-0.15908,-1.51894
0.0158469,0.0689742,0.0378338;-1.72662,-0.0779179,-1.56207
0.0124657,0.0745534,0.0412238;-1.79182,-0.0279877,-1.5561
0.00949379,0.0772123,0.0400951;-1.75757,0.0228751,-1.53541
0.00781409,0.0860483,0.0340123;-1.55779,-0.0677053,-1.49766
0.0064756,0.0893465,0.0349795;-1.5393,-0.0962412,-1.4965
0.00690535,0.0900215,0.0346137;-1.55038,-0.119365,-1.49886
0.0041959,0.0796579,0.0353905;-1.64897,-0.0987663,-1.53628
0.00243691,0.0735541,0.0336593;-1.66198,-0.062549,-1.56022
0.0021601,0.071333,0.0393234;-1.73712,0.00128952,-1.5438
-0.000672697,0.0843527,0.0423315;-1.70211,0.0178807,-1.48862
-0.00111868,0.0973663,0.0405635;-1.64451,-0.0235524,-1.47977
-0.000717747,0.106607,0.0379665;-1.58689,-0.0881409,-1.47872
-3.52452e-05,0.10821,0.0338246;-1.5525,-0.122085,-1.50609
-0.00235032,0.102231,0.0318476;-1.58932,-0.0948522,-1.52908
-0.00388125,0.0975482,0.0325088;-1.62273,-0.0597895,-1.54934
-0.00594728,0.0952884,0.0378548;-1.69869,0.0451343,-1.52801
-0.00548285,0.0955703,0.0419794;-1.70675,-0.0170395,-1.49573
-0.00551083,0.107333,0.0445883;-1.71893,-0.075109,-1.47238
-0.000405825,0.109229,0.0416141;-1.68097,-0.180575,-1.49134
-0.00317546,0.103469,0.038173;-1.65209,-0.149792,-1.50988
-0.00677651,0.0942478,0.0312866;-1.56299,-0.101671,-1.52724
-0.00850566,0.0900163,0.0355112;-1.61467,-0.0320444,-1.51487
-0.0100584,0.091867,0.0333971;-1.57131,-0.0240628,-1.51075
-0.0122357,0.101205,0.0404618;-1.64349,-0.0594722,-1.48341
-0.00163173,0.110837,0.0456901;-1.73685,-0.172388,-1.48678
-0.00151633,0.110307,0.0439467;-1.753,-0.199527,-1.5242
-0.00319578,0.108773,0.0419919;-1.74601,-0.190703,-1.54355
-0.00928398,0.0988945,0.0324842;-1.604,-0.121953,-1.53882
-0.0108024,0.0992312,0.035472;-1.59152,-0.115963,-1.50059
-0.0118659,0.0978204,0.033199;-1.55491,-0.122264,-1.50433
-0.0100268,0.105057,0.0400219;-1.63545,-0.257734,-1.48721
-0.0028175,0.103943,0.0429687;-1.69512,-0.253892,-1.50376
0.00402858,0.0995748,0.0427062;-1.73279,-0.225675,-1.53128
0.00546574,0.0936398,0.0431978;-1.77569,-0.162803,-1.56374
0.000935064,0.0946295,0.0355291;-1.66735,-0.158209,-1.56183
-0.00478556,0.0974322,0.03625;-1.61571,-0.113204,-1.51352
-0.0097841,0.105685,0.0358596;-1.55001,-0.154344,-1.47532
-0.00720923,0.105401,0.0360217;-1.56512,-0.207903,-1.48072
-0.00471179,0.106779,0.0377567;-1.62931,-0.201784,-1.50519
-0.00471179,0.106779,0.0377567;-1.62931,-0.201784,-1.50519
-0.000256749,0.104664,0.0410325;-1.70718,-0.163983,-1.52767
-0.000256749,0.104664,0.0410325;-1.70718,-0.163983,-1.52767
