0,0,0.11;-1.57,-2.98023e-08,-1.57
0,0,0.11;-1.57,-2.98023e-08,-1.57
0,0,0.11;-1.57,-2.98023e-08,-1.57
-0.000442079,0.000456962,0.0285793;-1.57084,-0.272986,-1.57078
0.000266902,0.00035996,0.0285788;-1.57094,-0.199451,-1.57106
0.00194933,0.00537898,0.0293797;-1.56434,-0.0693559,-1.57307
0.002332,0.00684409,0.0339352;-1.61379,0.148687,-1.59388
-0.000448796,-0.000545574,0.0287169;-1.57029,-0.0599167,-1.57697
-0.00124149,0.000709504,0.0286026;-1.57093,-0.144589,-1.57213
-0.000913685,0.000646828,0.0285808;-1.57085,-0.208356,-1.57081
0.000300765,0.000986501,0.02897;-1.56417,-0.149967,-1.58204
0.00386833,0.00414009,0.0298367;-1.56174,-0.0423627,-1.58419
0.00721701,0.0153992,0.0331367;-1.59227,0.114348,-1.5904
0.00840803,0.0257309,0.0320386;-1.62785,0.0844624,-1.58028
0.00817551,0.0209619,0.0288306;-1.56361,-0.011549,-1.57884
0.00730218,0.0213591,0.0286287;-1.5707,-0.0781522,-1.57312
0.00795782,0.0168988,0.0289434;-1.56363,0.0558279,-1.58392
0.0103761,0.0147987,0.0300223;-1.54926,0.140804,-1.59501
0.0145942,0.0145296,0.0344785;-1.49713,0.253124,-1.62197
0.0216547,0.0294114,0.0425146;-1.37163,0.310732,-1.63203
0.0249795,0.0431291,0.0325061;-1.54122,0.161275,-1.59891
0.0249932,0.0456529,0.0287562;-1.56809,0.0613041,-1.57774
0.02419,0.0471143,0.0286038;-1.57086,-0.041353,-1.57199
0.0245086,0.045511,0.0288097;-1.56806,0.0511576,-1.58163
0.0275498,0.0383015,0.0314116;-1.54967,0.247846,-1.60414
0.0296376,0.0317261,0.0344706;-1.49435,0.443982,-1.62992
0.0305572,0.0328884,0.0332194;-1.48557,0.448743,-1.61718
0.0273767,0.0438289,0.028585;-1.56988,0.160169,-1.5724
0.0270859,0.0445056,0.0285801;-1.57082,0.109808,-1.57082
0.0271133,0.0448553,0.0286507;-1.57073,0.0958763,-1.57413
0.0328981,0.0546791,0.0306135;-1.58272,0.26193,-1.5773
0.0350835,0.0613632,0.0376764;-1.64659,0.448572,-1.5805
0.0338422,0.0678821,0.0394967;-1.67342,0.479686,-1.58225
0.0325346,0.0727233,0.0288146;-1.56667,0.352067,-1.57959
0.031986,0.0733085,0.0286355;-1.5693,0.312685,-1.57258
0.031599,0.0723603,0.0286261;-1.57078,0.344592,-1.57298
0.0329434,0.0695853,0.0298619;-1.55949,0.490472,-1.59055
0.037854,0.07766,0.0320277;-1.55504,0.625988,-1.6075
0.0472354,0.0938654,0.0360054;-1.61956,0.661877,-1.58073
0.0655974,0.114443,0.0288468;-1.57324,0.466293,-1.58028
0.065585,0.114772,0.02863;-1.57062,0.425446,-1.57322
0.0652382,0.113591,0.0286438;-1.56942,0.448385,-1.57336
0.0636228,0.107582,0.0289716;-1.56321,0.67858,-1.58601
0.0644557,0.103528,0.0304759;-1.54606,0.8206,-1.59959
0.0679093,0.103483,0.0343642;-1.44185,0.96251,-1.67449
0.0795065,0.122487,0.0291168;-1.55538,0.836985,-1.5937
0.0808244,0.13104,0.0288118;-1.56575,0.686015,-1.58114
0.0811307,0.134717,0.028601;-1.56903,0.543025,-1.57114
0.0799918,0.131446,0.0288982;-1.56989,0.646077,-1.58466
0.0770819,0.128041,0.0309807;-1.56725,0.803252,-1.59547
0.0770511,0.130404,0.0369469;-1.66144,0.973401,-1.53635
0.0778679,0.139939,0.0290932;-1.53633,1.0017,-1.60559
0.0775811,0.141587,0.0289279;-1.55093,0.900937,-1.59058
0.0769036,0.143303,0.0285971;-1.56912,0.819308,-1.57337
0.0766195,0.140442,0.0291931;-1.5468,0.900345,-1.60402
0.0782842,0.139662,0.0310138;-1.53773,0.92621,-1.62079
0.0832578,0.140347,0.0338534;-1.57472,1.00802,-1.60503
0.0990801,0.161223,0.0360649;-1.68986,0.943293,-1.50465
0.100782,0.163945,0.0295187;-1.57291,0.880603,-1.58072
0.0994014,0.164573,0.028682;-1.56602,0.81255,-1.57583
0.097725,0.161253,0.0290134;-1.55698,0.890537,-1.59367
0.0945601,0.155693,0.0294949;-1.55743,0.983648,-1.5973
0.0897707,0.145774,0.0311964;-1.51892,1.08349,-1.63233
0.0973214,0.15303,0.0381355;-1.25602,1.08063,-1.8343
0.112948,0.17042,0.0372145;-1.44672,1.03182,-1.68828
0.123939,0.182303,0.0289516;-1.55464,0.941388,-1.59202
0.123734,0.184219,0.0287347;-1.56786,0.855299,-1.57858
0.12187,0.180654,0.02901;-1.56251,0.975633,-1.59371
0.119404,0.175408,0.0303365;-1.54929,1.06568,-1.61027
0.117089,0.166599,0.0369906;-1.23482,1.29318,-1.90184
0.116194,0.166612,0.0396857;-1.15376,1.34963,-1.97258
0.114581,0.169473,0.0298196;-1.44153,1.37715,-1.71218
0.118694,0.179013,0.0286768;-1.56716,1.12699,-1.57708
0.119628,0.179596,0.0288959;-1.56862,1.09824,-1.58694
0.120869,0.178037,0.0304299;-1.53692,1.11407,-1.63104
0.125471,0.174555,0.0396531;-1.318,1.25732,-1.83059
0.125108,0.175537,0.0435256;-1.33936,1.28288,-1.81215
0.118879,0.172792,0.0318088;-1.32298,1.336,-1.82466
0.123408,0.180316,0.02857;-1.5717,1.11263,-1.56992
0.124288,0.18129,0.0290377;-1.56344,1.05236,-1.59586
0.125367,0.179563,0.0299512;-1.56437,1.07095,-1.60527
0.133196,0.176606,0.0362367;-1.65003,1.07496,-1.55793
0.143225,0.186798,0.0373973;-1.67938,1.00417,-1.52247
0.155721,0.192425,0.0311814;-1.66093,0.888504,-1.50627
0.154534,0.188705,0.0285777;-1.56985,0.793026,-1.57177
0.1498,0.188365,0.0289703;-1.58032,0.922055,-1.57604
0.142643,0.185819,0.0292557;-1.60328,1.00833,-1.55796
0.134195,0.177078,0.0364827;-1.7593,1.12899,-1.45314
0.128323,0.174534,0.0390646;-1.58184,1.11328,-1.59214
0.13176,0.177982,0.0369635;-1.57344,1.04918,-1.59645
0.136329,0.180022,0.0288894;-1.58942,0.846134,-1.55959
0.13638,0.177907,0.0288394;-1.57393,0.794299,-1.5787
0.137018,0.178151,0.0290942;-1.5922,0.795232,-1.56516
0.137882,0.177094,0.0338977;-1.71659,0.813393,-1.47494
0.14031,0.176918,0.0354267;-1.71476,0.80235,-1.49326
0.137816,0.17706,0.0383273;-1.71556,0.823334,-1.49287
0.130093,0.179172,0.0304319;-1.59422,0.903039,-1.57411
0.12556,0.178898,0.028701;-1.57311,0.901904,-1.57323
0.124326,0.178551,0.0289074;-1.57698,0.939093,-1.57797
0.124042,0.177608,0.0301213;-1.56985,0.998083,-1.59699
0.151481,0.183665,0.0402656;-1.84249,0.954189,-1.36878
0.161062,0.191117,0.0373293;-1.84369,0.917931,-1.35975
0.165658,0.191806,0.034034;-1.75158,0.883138,-1.43054
0.152665,0.180515,0.0289252;-1.57833,0.803739,-1.56226
0.145172,0.177679,0.0290639;-1.59483,0.88724,-1.56063
0.131079,0.173655,0.030254;-1.56841,1.03086,-1.60196
0.12363,0.164621,0.0433416;-1.51903,1.17796,-1.64157
0.123988,0.167446,0.0481636;-1.42857,1.06729,-1.71262
0.13487,0.175381,0.0433827;-1.4726,0.96737,-1.66377
0.152197,0.171601,0.0292776;-1.56512,0.688998,-1.56376
0.149435,0.16947,0.0287681;-1.57962,0.678497,-1.56299
0.146554,0.169463,0.0296419;-1.61539,0.744453,-1.54081
0.128114,0.163267,0.0374512;-1.77299,1.0297,-1.43621
0.123974,0.15895,0.0443973;-1.62446,1.00989,-1.55853
0.113417,0.158645,0.0448235;-1.46697,0.977948,-1.66852
0.1132,0.164631,0.0330141;-1.47379,0.763144,-1.63886
0.116637,0.165335,0.0291009;-1.55262,0.667382,-1.58027
0.1181,0.165834,0.0288362;-1.57439,0.697265,-1.57883
0.114473,0.162932,0.0339589;-1.71284,0.867884,-1.47479
0.115069,0.163083,0.0380309;-1.75048,0.939358,-1.45726
0.1122,0.16499,0.0403497;-1.90503,0.895328,-1.33181
0.109455,0.169749,0.0299772;-1.52795,0.875565,-1.59911
0.10709,0.169033,0.0288604;-1.55261,0.747859,-1.58306
0.107075,0.169788,0.0287251;-1.5673,0.712956,-1.57734
0.106919,0.164561,0.0293278;-1.5751,0.83317,-1.58024
0.107146,0.162754,0.0317996;-1.55325,0.884744,-1.58742
0.10751,0.161461,0.038139;-1.39953,0.846106,-1.70947
0.106979,0.16901,0.0329917;-1.47102,0.65112,-1.63284
0.107972,0.169913,0.0291072;-1.54362,0.589261,-1.58272
0.107899,0.170159,0.0287637;-1.56578,0.584301,-1.57813
0.106229,0.162366,0.0292684;-1.56571,0.674805,-1.59031
0.103785,0.154795,0.0323533;-1.48506,0.759935,-1.64626
0.100843,0.149478,0.036494;-1.3696,0.785585,-1.72769
0.0855388,0.152836,0.038011;-1.37045,0.659637,-1.70727
0.0849454,0.157873,0.0314493;-1.49322,0.585769,-1.61136
0.0827519,0.157992,0.0291177;-1.54657,0.526761,-1.57771
0.0842484,0.154094,0.0290506;-1.56115,0.609226,-1.59112
0.0848118,0.146273,0.0313964;-1.49933,0.695056,-1.62706
0.0843462,0.143434,0.0353298;-1.41583,0.698188,-1.68482
0.068811,0.144131,0.0362874;-1.38968,0.699994,-1.6922
0.0614858,0.145607,0.0339578;-1.43519,0.63252,-1.64862
0.0574416,0.150357,0.0302609;-1.51828,0.539401,-1.59626
0.0625197,0.15485,0.0297107;-1.55635,0.507012,-1.59693
0.0649881,0.158361,0.0323361;-1.51995,0.473472,-1.62469
0.0703306,0.162851,0.0362862;-1.47474,0.43028,-1.65924
0.0881616,0.184004,0.039887;-1.46727,0.292558,-1.66861
0.0831119,0.187189,0.0396251;-1.48144,0.217321,-1.63901
0.0783185,0.188723,0.0350454;-1.49932,0.116858,-1.61634
0.0788777,0.188081,0.0292307;-1.56048,0.197922,-1.5776
0.0773819,0.181303,0.0315786;-1.53748,0.326536,-1.60374
0.0803191,0.177231,0.0362621;-1.4693,0.418405,-1.64925
0.0900026,0.186993,0.0441826;-1.47095,0.336332,-1.6473
0.0824943,0.190193,0.0441602;-1.47142,0.249021,-1.63754
0.0783935,0.18948,0.0411095;-1.43763,0.138337,-1.65884
0.0751304,0.185916,0.0308984;-1.52316,0.204779,-1.58112
0.0760958,0.176522,0.0332733;-1.50924,0.331416,-1.61846
0.0774767,0.167199,0.0374599;-1.43733,0.444954,-1.66371
0.0804127,0.16213,0.0434258;-1.26163,0.509508,-1.74107
0.0766517,0.171889,0.0465878;-1.25102,0.37714,-1.72403
0.0776855,0.178555,0.0477293;-1.26363,0.241051,-1.69709
0.0798861,0.194044,0.0301763;-1.53332,0.128769,-1.57231
0.0808966,0.193961,0.0295862;-1.55646,0.237921,-1.57882
0.0779934,0.185066,0.035584;-1.45991,0.397887,-1.6408
0.0842719,0.172792,0.0468067;-1.18939,0.677503,-1.77645
0.0831075,0.177456,0.0472366;-1.15453,0.555252,-1.7842
0.0781606,0.181279,0.0502296;-1.12449,0.409307,-1.77238
0.0841933,0.202403,0.0323796;-1.48974,0.2157,-1.5817
0.0852778,0.203365,0.0293168;-1.55817,0.256599,-1.56822
0.0848344,0.200163,0.0293322;-1.56054,0.376988,-1.58375
0.0760917,0.176504,0.0397453;-1.30505,0.631366,-1.72718
0.0699875,0.173456,0.0440606;-1.21064,0.571263,-1.77156
0.0670924,0.180331,0.0443203;-1.23719,0.501367,-1.74068
0.0699587,0.200778,0.0334691;-1.47799,0.289843,-1.60281
0.0702792,0.199209,0.0297086;-1.54754,0.363772,-1.5826
0.0701821,0.189334,0.0292608;-1.54688,0.507829,-1.58961
0.0700956,0.17721,0.0382018;-1.3289,0.64668,-1.7166
0.0685201,0.176672,0.0417312;-1.24515,0.628081,-1.76293
0.066727,0.18134,0.0437992;-1.22145,0.582515,-1.76905
0.0707698,0.203758,0.0352612;-1.45416,0.363014,-1.62398
0.0739746,0.208799,0.0291331;-1.55902,0.309073,-1.56937
0.075648,0.20957,0.028959;-1.55856,0.332367,-1.57664
0.075648,0.20957,0.028959;-1.55856,0.332367,-1.57664
0.0789243,0.210734,0.0297552;-1.57166,0.387428,-1.58681
0.0789243,0.210734,0.0297552;-1.57166,0.387428,-1.58681
