0,0,0.11;-1.57,-2.98023e-08,-1.57
0,0,0.11;-1.57,-2.98023e-08,-1.57
0,0,0.11;-1.57,-2.98023e-08,-1.57
-0.000446338,-0.00121015,0.0285919;-1.57201,-0.238635,-1.57081
-0.000331755,-0.00116769,0.0285793;-1.57086,-0.216925,-1.57078
0.00049469,0.000672479,0.0289925;-1.56615,-0.172188,-1.57189
0.00164515,0.0170229,0.0334976;-1.64083,-0.0195686,-1.56891
0.00235456,0.0144782,0.0285867;-1.57043,-0.189578,-1.57072
0.00214126,0.0137438,0.028646;-1.57081,-0.217626,-1.56766
0.00171154,0.0126132,0.0285802;-1.57068,-0.263286,-1.57068
0.00249501,0.0129503,0.0285947;-1.57096,-0.192095,-1.57169
0.00445414,0.0132056,0.0296658;-1.56022,-0.0874946,-1.57367
0.00719369,0.0111808,0.0380655;-1.43258,0.0729828,-1.60214
0.00740847,0.0157962,0.0316071;-1.52605,0.125782,-1.56773
0.00812735,0.0197538,0.0288614;-1.56722,0.11844,-1.56301
0.00759602,0.0181619,0.0286683;-1.57061,0.0497244,-1.5664
0.00579513,0.0162098,0.0285829;-1.57073,-0.0938558,-1.57096
0.00664478,0.0166048,0.0288592;-1.56841,-0.0498553,-1.58379
0.0133323,0.0292493,0.0321522;-1.54183,0.0472624,-1.58585
0.0182371,0.0412174,0.0336818;-1.62864,0.0447951,-1.5575
0.0167911,0.0330841,0.0286578;-1.57005,-0.0699422,-1.57513
0.0156643,0.0322849,0.0285788;-1.57077,-0.129173,-1.57102
0.0150198,0.0315776,0.0285875;-1.57087,-0.144005,-1.57131
0.0147476,0.0306785,0.028897;-1.57053,-0.117055,-1.58587
0.0156998,0.0289447,0.0304392;-1.56085,-0.0562853,-1.6043
0.0212113,0.0330372,0.0357568;-1.49741,0.0108109,-1.6217
0.0288545,0.0435457,0.0293756;-1.57246,0.0245687,-1.58748
0.0290819,0.0443131,0.0287454;-1.57357,-0.0589561,-1.57617
0.0284638,0.0437157,0.0289988;-1.58983,-0.0237418,-1.57263
0.026903,0.0412863,0.0289322;-1.57344,0.0261203,-1.58474
0.0267066,0.0314291,0.033456;-1.527,0.142264,-1.62481
0.0286794,0.0329127,0.0380707;-1.4559,0.143579,-1.64617
0.0299486,0.0358819,0.0353514;-1.49815,0.115105,-1.62858
0.0280833,0.040734,0.0288856;-1.57479,0.0332914,-1.5812
0.0286346,0.0418711,0.0290646;-1.59151,0.0202609,-1.57323
0.0267694,0.0394087,0.0290506;-1.58849,0.0846484,-1.57437
0.0268908,0.036104,0.0310714;-1.55901,0.188702,-1.61111
0.0303184,0.0339389,0.0358336;-1.49007,0.257669,-1.63919
0.0289933,0.0313024,0.0363624;-1.47372,0.249637,-1.63873
0.018802,0.032875,0.0287679;-1.57047,0.0364572,-1.58406
0.0189274,0.0335331,0.0290802;-1.59374,0.0216191,-1.57238
0.0185015,0.0331239,0.0290445;-1.59223,0.028248,-1.57181
0.018868,0.0296035,0.0299866;-1.56111,0.197028,-1.59863
0.0230413,0.0278514,0.0335609;-1.51684,0.288833,-1.62425
0.0270513,0.0248399,0.0368881;-1.44934,0.369066,-1.64444
0.0198331,0.0302876,0.0289688;-1.5629,0.211063,-1.58327
0.0192425,0.031305,0.0286652;-1.57153,0.158395,-1.57459
0.0194512,0.0319378,0.0289299;-1.58704,0.157167,-1.56743
0.020123,0.0302616,0.0292464;-1.55995,0.264042,-1.58565
0.0255059,0.0321879,0.0323238;-1.52078,0.319854,-1.6126
0.0336309,0.0340744,0.03709;-1.42901,0.417803,-1.65095
0.0351,0.0410194,0.0286835;-1.56673,0.368125,-1.5734
0.0329696,0.04124,0.0285692;-1.5714,0.277914,-1.5706
0.0325876,0.0405558,0.0286123;-1.57038,0.219133,-1.56894
0.0326758,0.040446,0.0286716;-1.57057,0.240373,-1.57531
0.0337118,0.0395901,0.0293938;-1.56318,0.25854,-1.58453
0.0360307,0.0358514,0.0338843;-1.50711,0.34576,-1.62608
0.0354854,0.0408647,0.0289975;-1.55674,0.279229,-1.58102
0.0351036,0.0413745,0.0285699;-1.5708,0.250147,-1.57023
0.0353786,0.0405098,0.02867;-1.57265,0.18909,-1.56773
0.0357122,0.0402038,0.0285811;-1.57093,0.234823,-1.5709
0.0360919,0.0367191,0.0288303;-1.57181,0.303637,-1.58149
0.0388008,0.0267531,0.0319933;-1.52294,0.427421,-1.6109
0.0396869,0.0239197,0.0336193;-1.46069,0.473683,-1.62096
0.037386,0.0284096,0.0290049;-1.55408,0.419293,-1.58263
0.0366764,0.0309956,0.0285983;-1.57141,0.386127,-1.5712
0.0368368,0.0308366,0.0285986;-1.57093,0.351997,-1.56981
0.0375734,0.0295277,0.0288708;-1.55924,0.416224,-1.57868
0.0410394,0.022518,0.029667;-1.53927,0.543566,-1.59574
0.0515199,0.0171537,0.0360112;-1.38603,0.720402,-1.68416
0.0479475,0.0183821,0.0324459;-1.47293,0.662338,-1.63124
0.0469816,0.0227261,0.0289649;-1.55327,0.595363,-1.58438
0.0474193,0.023093,0.0286727;-1.57563,0.524756,-1.56819
0.0475406,0.022897,0.0285765;-1.57101,0.560364,-1.57066
0.048147,0.0210555,0.0289446;-1.55317,0.625304,-1.58422
0.0598735,0.0172766,0.0367369;-1.36721,0.828712,-1.70365
0.0535307,0.0143278,0.0340913;-1.42176,0.762998,-1.67062
0.0523538,0.0153965,0.0291135;-1.54485,0.751681,-1.58996
0.0529442,0.016479,0.0285799;-1.57073,0.749813,-1.57089
0.0526886,0.0161739,0.028579;-1.57077,0.733222,-1.57085
0.0516314,0.0160536,0.028912;-1.54984,0.701852,-1.58416
0.052062,0.0154598,0.0371179;-1.36017,0.719653,-1.69649
0.0435734,0.0116546,0.0359575;-1.39559,0.634093,-1.66567
0.0405999,0.0115909,0.0311227;-1.50117,0.604209,-1.60813
0.0419183,0.0136428,0.0287499;-1.571,0.587384,-1.56244
0.0424739,0.0144902,0.0288233;-1.57114,0.617361,-1.55862
0.0435194,0.0155092,0.0292806;-1.55565,0.63056,-1.57216
0.0468458,0.0172315,0.0405897;-1.32935,0.650795,-1.68295
0.0467447,0.0188758,0.039208;-1.41166,0.523405,-1.60737
0.0427123,0.0171236,0.0342864;-1.48944,0.469615,-1.57637
0.0414021,0.0171678,0.0298546;-1.56938,0.462503,-1.54979
0.0425653,0.0204027,0.0307744;-1.57027,0.496734,-1.53427
0.0451351,0.0243589,0.0314927;-1.57448,0.53861,-1.52325
0.0484077,0.0275337,0.0401071;-1.42648,0.635475,-1.59979
0.0490799,0.0188154,0.0404258;-1.43799,0.651988,-1.5796
0.0474122,0.00935729,0.0365045;-1.4814,0.669377,-1.56961
0.0360909,0.00264674,0.0321013;-1.57183,0.585624,-1.51752
0.0301104,0.00181398,0.033365;-1.55782,0.535786,-1.51708
0.0318628,0.000315945,0.0346682;-1.53087,0.536973,-1.52801
0.0388645,0.00344116,0.0362197;-1.48512,0.63418,-1.56249
0.0484957,0.0029472,0.0417262;-1.38567,0.711557,-1.62013
0.0455437,-0.00832625,0.0390545;-1.44102,0.691766,-1.58448
0.0402159,-0.0157022,0.032346;-1.52545,0.625667,-1.56631
0.0292499,-0.0153244,0.0295607;-1.55321,0.505476,-1.56481
0.0293459,-0.0169128,0.0303765;-1.54775,0.491916,-1.56253
0.0344014,-0.0154345,0.0315992;-1.5182,0.561998,-1.58343
0.053167,-0.0116591,0.0420697;-1.40364,0.731873,-1.6041
0.052889,-0.0207844,0.0422006;-1.41855,0.749743,-1.58299
0.0490937,-0.0247882,0.0354751;-1.50516,0.740274,-1.55048
0.030763,-0.0264493,0.0306379;-1.54853,0.556195,-1.55605
0.0311269,-0.0296139,0.0314226;-1.54669,0.558515,-1.5512
0.0359618,-0.029516,0.0310729;-1.52382,0.614656,-1.58444
0.0571662,-0.0233438,0.0409699;-1.43223,0.798094,-1.59046
0.0607957,-0.0249515,0.0439994;-1.4256,0.838273,-1.5619
0.0591615,-0.0236179,0.0376089;-1.50056,0.809709,-1.53277
0.0518753,-0.0241511,0.0343472;-1.56856,0.727345,-1.49905
0.0525258,-0.0296551,0.0337117;-1.56706,0.695876,-1.50343
0.0524292,-0.0290339,0.0313553;-1.56101,0.704285,-1.5367
0.055778,-0.0232888,0.0402824;-1.45088,0.692663,-1.57764
0.0605251,-0.0220915,0.0437023;-1.40485,0.635585,-1.58863
0.0589818,-0.014236,0.0381115;-1.49272,0.476731,-1.54227
0.0658619,0.00198344,0.0319671;-1.57051,0.469965,-1.52186
0.0699177,0.00636814,0.0311823;-1.57264,0.526968,-1.53018
0.0709463,0.00862462,0.0296089;-1.57747,0.555888,-1.54603
0.0719189,0.00770422,0.0320275;-1.59792,0.598527,-1.52102
0.0805106,0.00788298,0.035946;-1.56616,0.589515,-1.55671
0.0773537,0.00654557,0.037237;-1.60547,0.532099,-1.52858
0.0754514,-0.000540049,0.0333367;-1.59551,0.35164,-1.50284
0.0767093,-0.00701812,0.0303232;-1.57174,0.287746,-1.54212
0.0764183,-0.00713645,0.0293155;-1.57133,0.284696,-1.55512
0.0785626,9.31306e-05,0.0307339;-1.57286,0.440254,-1.53814
0.0794388,0.000510138,0.0318058;-1.56293,0.556823,-1.5476
0.0825957,-0.006197,0.0346158;-1.53832,0.629116,-1.54589
0.0771847,-0.0157527,0.0311686;-1.57401,0.530527,-1.52826
0.0763827,-0.0173586,0.0290794;-1.57351,0.470735,-1.55591
0.0754359,-0.0186965,0.0289871;-1.5717,0.440766,-1.55757
0.0764676,-0.0171829,0.0296256;-1.56969,0.462328,-1.55126
0.0766938,-0.0168667,0.0310323;-1.59407,0.5281,-1.54551
0.0764528,-0.0209246,0.037155;-1.60301,0.581689,-1.54654
0.0706808,-0.0360794,0.030483;-1.56918,0.588049,-1.53483
0.0702634,-0.0360886,0.0290371;-1.57088,0.572156,-1.55515
0.0697255,-0.0360476,0.0292187;-1.5677,0.544847,-1.55672
0.0716836,-0.0331912,0.0287948;-1.57571,0.597171,-1.56199
0.0716031,-0.0333252,0.0308798;-1.62198,0.613895,-1.54704
0.0702122,-0.0398716,0.0367324;-1.67065,0.619304,-1.52317
0.0599956,-0.0601272,0.0326134;-1.58705,0.648354,-1.53024
0.0573938,-0.065534,0.0298824;-1.57451,0.603161,-1.54308
0.055667,-0.069053,0.0300417;-1.57431,0.531085,-1.54577
0.0634719,-0.0567341,0.0288339;-1.57254,0.685164,-1.55883
0.0653177,-0.0520881,0.0301443;-1.55478,0.721469,-1.56667
0.0673348,-0.045776,0.0371344;-1.56423,0.720576,-1.56367
0.0647554,-0.0508414,0.0382243;-1.5784,0.675499,-1.53721
0.0578926,-0.057968,0.0315432;-1.56396,0.568999,-1.52315
0.0537497,-0.0612288,0.0324624;-1.54808,0.512094,-1.52767
0.0607559,-0.0578598,0.0293368;-1.56995,0.622257,-1.55042
0.0636316,-0.0544255,0.0305969;-1.55645,0.706563,-1.55162
0.0676842,-0.0479158,0.0338024;-1.55391,0.782454,-1.55292
0.0718618,-0.0423468,0.040349;-1.62128,0.818005,-1.51266
0.0638388,-0.0481715,0.0322074;-1.57165,0.766304,-1.51179
0.0515655,-0.0550087,0.0342448;-1.54683,0.598189,-1.51177
0.0527964,-0.0561968,0.0326717;-1.55121,0.605671,-1.52413
0.0595156,-0.046137,0.0317189;-1.57869,0.764212,-1.51474
0.0596708,-0.0434616,0.0327731;-1.59003,0.833218,-1.50568
0.0553057,-0.0695367,0.0384412;-1.45154,0.967371,-1.60207
0.0468145,-0.0814827,0.036338;-1.49525,0.968189,-1.55539
0.0401438,-0.0836022,0.036322;-1.52458,0.905704,-1.51786
0.0375683,-0.0885763,0.0341891;-1.55047,0.855888,-1.51217
0.0425284,-0.0826008,0.0331469;-1.56771,0.937701,-1.50564
0.0473287,-0.0747159,0.0347703;-1.54962,0.99653,-1.50899
0.0571597,-0.0721381,0.0384645;-1.45823,1.16412,-1.59822
0.0504104,-0.083247,0.03799;-1.51805,1.12073,-1.52742
0.0445207,-0.0944393,0.0360147;-1.55728,1.04787,-1.49132
0.0344607,-0.104756,0.0336562;-1.57693,0.838863,-1.50226
0.032576,-0.103484,0.0331757;-1.56011,0.819712,-1.51355
0.0377706,-0.098685,0.034673;-1.5142,0.853731,-1.55071
0.0572805,-0.0837,0.0374546;-1.44768,1.06538,-1.62422
0.0566423,-0.084375,0.0356184;-1.52495,1.12446,-1.55075
0.0577407,-0.0838454,0.0317307;-1.57721,1.20298,-1.51667
0.049483,-0.0968367,0.0306345;-1.57046,1.0588,-1.537
0.0379521,-0.101825,0.0323913;-1.5655,0.89973,-1.51813
0.0362856,-0.102392,0.0327063;-1.53149,0.880991,-1.55274
0.0362856,-0.102392,0.0327063;-1.53149,0.880991,-1.55274
0.0418523,-0.100504,0.0344466;-1.47483,0.9393,-1.60139
0.0418523,-0.100504,0.0344466;-1.47483,0.9393,-1.60139
