0,0,0.11;-1.57,-2.98023e-08,-1.57
0,0,0.11;-1.57,-2.98023e-08,-1.57
0,0,0.11;-1.57,-2.98023e-08,-1.57
-0.000521214,0.000380559,0.0285872;-1.57087,-0.268669,-1.57031
-0.00040309,0.000895045,0.0285846;-1.57082,-0.278797,-1.57152
0.000401179,0.00306955,0.0286871;-1.57223,-0.364527,-1.57647
0.00118626,0.00450349,0.0292415;-1.5952,-0.416934,-1.59039
0.00207976,0.00564294,0.0316511;-1.64313,-0.490411,-1.60904
0.00170902,-0.000455069,0.0325293;-1.64274,-0.554281,-1.60018
0.00118637,-0.0123383,0.0300847;-1.58955,-0.634626,-1.57804
0.000468024,-0.0220168,0.0287511;-1.56665,-0.60458,-1.56359
0.0011063,-0.0193842,0.0286416;-1.57084,-0.492097,-1.56777
0.000803983,-0.0172728,0.0286152;-1.571,-0.387798,-1.56907
0.000852874,-0.0167347,0.0287275;-1.57087,-0.418395,-1.57798
0.00160187,-0.0142517,0.0291005;-1.58432,-0.490738,-1.5901
0.00192548,-0.0125713,0.0292408;-1.58881,-0.508056,-1.59428
0.00167814,-0.00944754,0.0291398;-1.59634,-0.591144,-1.59092
0.00274831,-0.00710401,0.0285864;-1.57125,-0.675935,-1.5712
0.00318289,-0.00696974,0.0286635;-1.57103,-0.713059,-1.56685
8.61945e-05,0.00176995,0.0300681;-1.5575,-0.58143,-1.54527
-0.00155599,0.00501508,0.0296277;-1.55587,-0.560647,-1.55508
-0.00283593,0.00598324,0.0294849;-1.55906,-0.601755,-1.55516
-0.0034604,0.00363791,0.0307354;-1.62696,-0.659413,-1.60395
-0.00248748,-0.00213885,0.0311731;-1.64836,-0.589565,-1.61752
-0.00203462,-0.011278,0.0296665;-1.60897,-0.501257,-1.59569
-0.00345344,-0.0164967,0.0290883;-1.58946,-0.406682,-1.58545
-0.00409561,-0.0198622,0.0285786;-1.57071,-0.306494,-1.57068
-0.00482602,-0.0198485,0.0286834;-1.57073,-0.281166,-1.5659
-0.00529863,-0.0215872,0.0288281;-1.56634,-0.343471,-1.56087
-0.00528403,-0.0218727,0.0291442;-1.55267,-0.339729,-1.55458
-0.00625209,-0.00884534,0.0303457;-1.55914,-0.18462,-1.56418
-0.00579572,0.00159299,0.031214;-1.59801,-0.189491,-1.56679
-0.00527834,0.00738955,0.0320226;-1.59377,-0.251278,-1.551
-0.00513835,0.00966313,0.0303047;-1.56254,-0.371908,-1.53821
-0.00516624,0.01035,0.0299019;-1.5652,-0.386397,-1.54262
-0.00582328,0.0133965,0.0299092;-1.55421,-0.341294,-1.5427
-0.0062814,0.016477,0.0290643;-1.5578,-0.283831,-1.5552
-0.00609136,0.0176232,0.0290483;-1.55995,-0.246303,-1.5553
-0.00669571,0.0183999,0.0287513;-1.5731,-0.212992,-1.56504
-0.00571268,0.0154796,0.029069;-1.59118,-0.249589,-1.5714
-0.00580122,0.00991744,0.0299822;-1.57609,-0.306971,-1.55015
-0.00617508,0.00623809,0.0300044;-1.54314,-0.346618,-1.54812
-0.00468596,0.0104576,0.0318476;-1.51199,-0.233875,-1.54627
-0.00398931,0.014528,0.0302964;-1.53216,-0.172815,-1.56317
-0.00589976,0.0179426,0.030678;-1.53115,-0.0786925,-1.56141
-0.00758931,0.00962774,0.0356647;-1.43065,-0.179712,-1.54159
-0.00938276,0.0107929,0.0309944;-1.51603,-0.302976,-1.55373
-0.010507,0.00972414,0.0290244;-1.54857,-0.371314,-1.5608
-0.00723021,0.00843882,0.0291096;-1.55669,-0.254151,-1.57874
-0.0017979,0.000625501,0.0316738;-1.51523,-0.125314,-1.5786
0.00662114,-0.0113642,0.0380557;-1.39045,0.0324454,-1.58872
0.00629116,-0.0204532,0.0433762;-1.28897,0.005113,-1.58136
0.00164803,-0.019682,0.0454744;-1.24147,-0.0749229,-1.55886
-0.00387876,-0.013836,0.0464103;-1.25937,-0.170232,-1.5529
-0.00970661,-0.00986472,0.0484011;-1.16682,-0.148564,-1.49756
-0.00921746,-0.00427541,0.0490349;-1.22761,-0.0610437,-1.49344
-0.00682753,0.010585,0.0416245;-1.43084,0.0389442,-1.49929
-0.00166993,0.0156668,0.0314413;-1.59662,-0.0257471,-1.53684
0.0024965,0.0104319,0.0289609;-1.56937,-0.10145,-1.5644
0.0048639,0.00344927,0.0287757;-1.57393,-0.187657,-1.57823
0.00570361,0.00401813,0.0332275;-1.54313,-0.212628,-1.6154
0.00710182,0.0115979,0.0333167;-1.52681,-0.119445,-1.60651
0.0113068,0.0227556,0.0377961;-1.53394,-0.0484338,-1.64427
0.0225804,0.0418426,0.0418933;-1.59555,-0.0506321,-1.68219
0.0206621,0.0391838,0.0437774;-1.61525,-0.0642604,-1.67495
0.0207676,0.0262188,0.0394985;-1.561,-0.133183,-1.65622
0.0191795,-0.00130597,0.0340134;-1.52926,-0.28393,-1.61182
0.0150947,-0.00289275,0.0324818;-1.55445,-0.307942,-1.602
0.011,-0.00691695,0.0302748;-1.58392,-0.321039,-1.59583
0.015035,-0.00841906,0.0292006;-1.58553,-0.224404,-1.58145
0.015455,-0.00161381,0.0301609;-1.57119,-0.265608,-1.58281
0.0156378,0.01158,0.0320229;-1.62691,-0.341338,-1.60631
0.00119642,0.00396598,0.035788;-1.50293,-0.53267,-1.57359
-0.000777947,-0.00844987,0.0392136;-1.4023,-0.438143,-1.52564
0.00200689,-0.0156628,0.0412446;-1.33804,-0.344376,-1.5061
0.0120075,-0.017044,0.0415103;-1.30609,-0.239274,-1.50255
0.00604093,-0.0125604,0.0452027;-1.26954,-0.331356,-1.49807
0.00264963,-0.0116342,0.0461051;-1.28132,-0.412807,-1.49573
-0.0061863,-0.00158274,0.0381535;-1.34011,-0.657759,-1.42424
-0.00512022,0.000486721,0.0355504;-1.38831,-0.713017,-1.44835
-0.00192223,0.00682868,0.0331009;-1.45091,-0.645097,-1.49156
-0.00130265,0.0262531,0.0290066;-1.555,-0.381324,-1.55892
-0.00154494,0.0269354,0.0287205;-1.57101,-0.366549,-1.56405
-0.00216552,0.0276347,0.028771;-1.57086,-0.33429,-1.56126
-0.00195293,0.025619,0.0287559;-1.57931,-0.359791,-1.57302
-0.00405425,0.0223248,0.0289638;-1.58569,-0.274653,-1.57903
-0.00707814,0.0168349,0.029041;-1.58607,-0.191713,-1.58103
-0.00804858,0.0156098,0.0286911;-1.57302,-0.148749,-1.5743
-0.00769528,0.0148968,0.0288438;-1.56683,-0.239369,-1.56009
-0.00749114,0.0138989,0.0290966;-1.55949,-0.284276,-1.55111
-0.00696394,0.00818669,0.0298135;-1.56913,-0.357259,-1.54471
-0.00781045,0.0101078,0.0304935;-1.5702,-0.317603,-1.53825
-0.0102121,0.0150427,0.0303209;-1.57347,-0.25495,-1.54085
-0.0180105,0.0282852,0.0289224;-1.5708,-0.0474163,-1.55613
-0.0181889,0.0279711,0.0290479;-1.58706,-0.0528281,-1.5624
-0.0177262,0.0253604,0.0290087;-1.58693,-0.0681323,-1.56534
-0.0172439,0.0223158,0.0285797;-1.57064,-0.141756,-1.57076
-0.0178135,0.0212114,0.0287365;-1.56666,-0.206934,-1.57504
-0.0178141,0.0208396,0.0287416;-1.56948,-0.186518,-1.57753
-0.0176448,0.0202235,0.0287551;-1.5666,-0.141147,-1.5761
-0.0152749,0.0186822,0.0285821;-1.57083,-0.00271005,-1.57058
-0.0140518,0.0185406,0.0287827;-1.58047,-0.0821068,-1.57176
-0.0117223,0.0180801,0.0293117;-1.60234,-0.156398,-1.57805
-0.00124241,0.0100319,0.0324343;-1.6464,-0.350291,-1.58416
0.00139582,0.00963659,0.0298013;-1.58926,-0.379844,-1.56334
0.0014039,0.0147053,0.0297633;-1.57131,-0.333047,-1.5496
0.00323085,0.0363542,0.0288743;-1.56786,-0.0713307,-1.55888
0.00329546,0.0372983,0.0288697;-1.55965,-0.0502709,-1.56733
0.000996854,0.0383778,0.0291608;-1.54974,-0.156358,-1.57444
-0.00306182,0.0432032,0.0291562;-1.57163,-0.321252,-1.58724
-0.00338144,0.0422248,0.030002;-1.58374,-0.30843,-1.59753
-0.00570522,0.0358217,0.0320462;-1.59166,-0.248335,-1.61875
-0.00898893,0.0307183,0.028593;-1.57062,-0.12524,-1.56908
-0.00907295,0.031166,0.0287316;-1.57109,-0.125208,-1.56339
-0.0107499,0.0349031,0.0291442;-1.57759,-0.0786253,-1.5575
-0.0156402,0.0396658,0.0318325;-1.58456,-0.0108844,-1.52487
-0.0155216,0.0391655,0.0316711;-1.57256,-0.0184725,-1.52454
-0.0152308,0.0377695,0.0301854;-1.56169,-0.0285343,-1.54326
-0.0110786,0.041449,0.0289224;-1.57757,0.0395799,-1.58034
-0.00903382,0.0434156,0.0292863;-1.5721,0.0444287,-1.59038
-0.00843867,0.0482771,0.029589;-1.55884,-0.021808,-1.59245
-0.0101865,0.0522659,0.0291823;-1.54303,-0.103446,-1.56906
-0.010423,0.0527631,0.0291566;-1.54526,-0.103454,-1.56527
-0.00974165,0.0533095,0.0292273;-1.54612,-0.081755,-1.56181
-0.00891354,0.0535261,0.029329;-1.55839,-0.0569621,-1.55031
-0.00852215,0.0517199,0.0316671;-1.56852,-0.0405541,-1.5235
-0.00974501,0.0449961,0.034413;-1.59808,-0.0488795,-1.51135
-0.00733075,0.0327684,0.0359059;-1.55766,0.0623568,-1.49201
-0.00599242,0.0370553,0.0346338;-1.53712,0.14384,-1.50388
-0.00520955,0.0414666,0.0330369;-1.53898,0.180054,-1.52144
0.000466795,0.0453635,0.0310722;-1.51114,0.269586,-1.58371
0.00207062,0.0462753,0.0300812;-1.52818,0.312961,-1.57978
0.00300284,0.0468008,0.030037;-1.52849,0.33292,-1.57919
0.00197593,0.0449627,0.0329171;-1.47537,0.274282,-1.59012
0.00227596,0.04492,0.0327335;-1.47668,0.22884,-1.58869
-0.000359515,0.0448974,0.033093;-1.47207,0.192097,-1.58603
-0.0005575,0.0399972,0.0330039;-1.47475,0.238194,-1.59393
-0.000369682,0.0364237,0.03585;-1.4125,0.32334,-1.61707
0.00273957,0.0385564,0.0377556;-1.38331,0.401724,-1.63093
0.000307421,0.0386643,0.0386123;-1.36809,0.372382,-1.63314
-0.00195383,0.038055,0.0361748;-1.44091,0.310904,-1.62067
-0.00453419,0.0334173,0.0324052;-1.52943,0.233355,-1.60882
0.00195938,0.031562,0.0335763;-1.51424,0.287586,-1.62138
0.00883121,0.0306574,0.0332783;-1.51123,0.408383,-1.6163
0.0133026,0.0330882,0.03443;-1.4865,0.506739,-1.62668
0.0157385,0.0342943,0.0390088;-1.45605,0.449562,-1.67386
0.0201404,0.0318805,0.0389935;-1.49259,0.35483,-1.67046
0.0191049,0.0231049,0.0391663;-1.49105,0.294703,-1.6727
0.0144327,0.0126374,0.0395042;-1.44171,0.361956,-1.68865
0.0104607,0.00958122,0.0399754;-1.40037,0.410481,-1.68817
0.0093835,0.0072157,0.0354757;-1.41548,0.469287,-1.64079
0.00812123,0.0150804,0.0297987;-1.5291,0.414849,-1.58627
0.00719128,0.0165679,0.028761;-1.56804,0.342973,-1.56573
0.00586112,0.0156511,0.0287735;-1.56871,0.264522,-1.56386
0.00569618,0.015193,0.0287767;-1.57099,0.243891,-1.56121
0.00670109,0.0164689,0.0287493;-1.57081,0.323808,-1.56274
0.00691254,0.0178276,0.0287471;-1.57112,0.390846,-1.56242
0.00699936,0.0200939,0.0286924;-1.57086,0.447348,-1.56526
0.00583756,0.0189982,0.0290682;-1.56189,0.405804,-1.55896
0.00411328,0.0167482,0.02946;-1.56443,0.364569,-1.55192
-0.00156046,0.0082736,0.0317283;-1.56928,0.245364,-1.52127
-0.00124805,0.00845273,0.0314957;-1.55131,0.26868,-1.53766
0.00291683,0.0115761,0.0309466;-1.53757,0.348631,-1.56167
0.0106137,0.0155599,0.0346833;-1.43537,0.434988,-1.62118
0.0075121,0.0128842,0.0373606;-1.37875,0.385106,-1.63827
0.00772709,0.0122772,0.0380666;-1.36408,0.38709,-1.64759
0.00495392,0.0110415,0.0396306;-1.34213,0.343758,-1.64112
0.00769486,0.0133302,0.0408132;-1.33216,0.380017,-1.64066
0.0120879,0.0167248,0.0431963;-1.31001,0.446284,-1.64498
0.0178495,0.0225959,0.0446896;-1.32604,0.548986,-1.61974
0.0183026,0.0255613,0.044409;-1.34395,0.575452,-1.61087
0.0180943,0.0302701,0.0444734;-1.37983,0.655922,-1.58068
0.0078782,0.0257538,0.0421089;-1.43458,0.544615,-1.54416
0.00401671,0.0245805,0.0416907;-1.46289,0.597504,-1.52058
-7.55917e-05,0.026739,0.0402175;-1.51221,0.705543,-1.48735
-0.000889089,0.0405815,0.0398249;-1.52606,0.80488,-1.49369
-0.00503904,0.0375314,0.0390564;-1.53086,0.724159,-1.49706
-0.00120495,0.0385971,0.0406181;-1.50716,0.667872,-1.50943
0.00421311,0.0563287,0.040126;-1.44764,0.692911,-1.56081
0.0043112,0.0591297,0.0376566;-1.45531,0.721453,-1.58508
0.00268763,0.0632358,0.0351756;-1.47018,0.715683,-1.59508
0.00268763,0.0632358,0.0351756;-1.47018,0.715683,-1.59508
0.00248973,0.0627112,0.0338131;-1.48063,0.707133,-1.60091
0.00248973,0.0627112,0.0338131;-1.48063,0.707133,-1.60091
