0,0,0.11;-1.57,-2.98023e-08,-1.57
0,0,0.11;-1.57,-2.98023e-08,-1.57
0,0,0.11;-1.57,-2.98023e-08,-1.57
-0.000528419,0.000315503,0.0286031;-1.57076,-0.245419,-1.56953
-0.000846161,-0.000365856,0.0285797;-1.57072,-0.295119,-1.57089
-0.00196407,-0.00095614,0.0286809;-1.56964,-0.342045,-1.57415
-0.00115137,-0.00594843,0.0309856;-1.5388,-0.317323,-1.58148
-0.00166474,-0.00372652,0.0286119;-1.57142,-0.407529,-1.57212
-0.00122725,-0.00276641,0.0286256;-1.56871,-0.404684,-1.56966
-0.00100794,-0.00237563,0.0285931;-1.57014,-0.394604,-1.5705
-0.0010073,-0.00273817,0.0285962;-1.57057,-0.380709,-1.57173
0.000270831,-0.00321639,0.0288413;-1.55756,-0.325356,-1.56654
0.0023923,-0.00549759,0.0298566;-1.54956,-0.247943,-1.5677
0.00387074,-0.00990007,0.0303523;-1.54744,-0.251321,-1.56919
0.00276389,-0.0124062,0.0287273;-1.57799,-0.314841,-1.57229
0.00354667,-0.0125054,0.028681;-1.57127,-0.363215,-1.56651
0.00353253,-0.0126977,0.0287681;-1.57097,-0.373169,-1.56176
0.00345454,-0.012944,0.0289417;-1.56259,-0.358306,-1.5582
0.00281217,-0.0148867,0.0298377;-1.53979,-0.359568,-1.5521
0.00191509,-0.0181614,0.0340198;-1.5207,-0.262953,-1.51531
0.00150995,-0.0219747,0.0313819;-1.53984,-0.298812,-1.5412
0.000966961,-0.0222513,0.0289034;-1.58041,-0.331943,-1.56708
0.00166119,-0.021977,0.0288391;-1.56198,-0.347147,-1.56355
0.00215484,-0.0209421,0.02858;-1.57078,-0.304255,-1.57081
0.00264734,-0.0203835,0.028657;-1.56667,-0.256221,-1.5693
0.003422,-0.0204811,0.0292119;-1.56282,-0.179175,-1.56404
0.00446873,-0.0230249,0.0293757;-1.55419,-0.139195,-1.55644
0.00564912,-0.0238183,0.0288216;-1.58185,-0.200371,-1.57385
0.00577348,-0.0233962,0.028602;-1.57021,-0.205951,-1.57238
0.00580287,-0.0233089,0.028625;-1.56908,-0.202311,-1.57091
0.00651401,-0.025689,0.028765;-1.56402,-0.135438,-1.572
0.00698976,-0.029382,0.029383;-1.55775,-0.102909,-1.56234
0.00577129,-0.0341618,0.0297983;-1.56499,-0.0857176,-1.55266
0.0101232,-0.0421908,0.0290991;-1.59432,-0.187673,-1.5735
0.0103858,-0.042718,0.0291506;-1.59504,-0.215902,-1.58015
0.00937247,-0.0435527,0.0290393;-1.58804,-0.216643,-1.57982
0.00823229,-0.0460621,0.0288669;-1.57116,-0.169802,-1.58397
0.00782368,-0.0498929,0.0292571;-1.5527,-0.120689,-1.56289
0.00885135,-0.0555549,0.0334926;-1.47611,-0.0531179,-1.55696
0.00444986,-0.0594747,0.0310299;-1.52275,-0.126454,-1.56532
0.00395478,-0.0600677,0.0288883;-1.58526,-0.157575,-1.57246
0.00428101,-0.0611921,0.0293965;-1.59979,-0.138131,-1.57926
-0.00145298,-0.0685019,0.0295148;-1.57231,-0.0190887,-1.58213
-0.00213038,-0.0729245,0.0313495;-1.5297,0.060384,-1.58198
-0.0016177,-0.0785827,0.0351461;-1.45189,0.135355,-1.58848
-0.0016259,-0.0775133,0.035317;-1.46708,0.113777,-1.55241
-0.00198758,-0.0776699,0.0328193;-1.52725,0.0557493,-1.53348
-0.00202244,-0.0782156,0.0297828;-1.55864,0.0240829,-1.55091
-0.00172114,-0.0802024,0.0295091;-1.5667,0.0909989,-1.5867
-0.0013521,-0.082049,0.0311959;-1.53911,0.115046,-1.58798
-0.00203111,-0.0853889,0.0351469;-1.46154,0.140269,-1.59783
-0.00453915,-0.0854479,0.0358259;-1.44566,0.195953,-1.5746
-0.000359493,-0.086268,0.0360124;-1.49072,0.140864,-1.54949
0.00198997,-0.0859568,0.0320497;-1.55164,0.102971,-1.53432
0.000492268,-0.0848024,0.0317534;-1.51593,0.0643074,-1.58168
0.00129005,-0.0864951,0.034516;-1.47933,0.0897616,-1.59257
0.00102454,-0.0887832,0.0374885;-1.42358,0.12765,-1.60456
-0.00168833,-0.0890822,0.0411835;-1.4058,0.226154,-1.59196
-0.00141785,-0.0889404,0.042141;-1.45312,0.161955,-1.54742
-0.00055911,-0.0882409,0.0370387;-1.50222,0.0899389,-1.5261
0.00890328,-0.0708349,0.0348798;-1.51501,0.0423609,-1.54052
0.0108271,-0.0698069,0.0417791;-1.44093,0.143778,-1.55377
0.0104381,-0.0750312,0.0434975;-1.40355,0.215598,-1.57486
0.00513841,-0.0778966,0.0455068;-1.35503,0.328371,-1.58084
0.00516603,-0.0833145,0.0469703;-1.33472,0.272239,-1.58299
0.00654978,-0.0844377,0.0439924;-1.35451,0.248357,-1.57195
0.014483,-0.0721466,0.0389107;-1.48721,0.278543,-1.53247
0.0154762,-0.0722641,0.0373585;-1.49165,0.295168,-1.54989
0.0138865,-0.0794283,0.0387652;-1.39588,0.315883,-1.60938
0.0114903,-0.0925631,0.0424788;-1.32286,0.304792,-1.62056
0.00968612,-0.0960893,0.0427463;-1.3197,0.283301,-1.61371
0.0102077,-0.0949594,0.0417812;-1.35795,0.293121,-1.59195
0.0169556,-0.0887594,0.0360496;-1.48111,0.32073,-1.55557
0.0213584,-0.0850914,0.0320271;-1.4965,0.357461,-1.59721
0.0243958,-0.0829494,0.0294325;-1.55317,0.356828,-1.58746
0.0227158,-0.089078,0.0390948;-1.35337,0.368726,-1.65038
0.021649,-0.0905112,0.0393459;-1.36011,0.37227,-1.63654
0.0220917,-0.0888994,0.0387755;-1.41582,0.382092,-1.5868
0.0189645,-0.0886036,0.0371013;-1.48773,0.330046,-1.53199
0.0216354,-0.08727,0.0357042;-1.44843,0.364708,-1.59401
0.0243134,-0.0859851,0.0333503;-1.47058,0.380342,-1.60744
0.0266857,-0.0895974,0.0371903;-1.38398,0.425937,-1.65612
0.0249096,-0.0916041,0.037625;-1.36537,0.441669,-1.65522
0.0224918,-0.0919501,0.0369367;-1.39681,0.415285,-1.63022
0.0187104,-0.091344,0.0339314;-1.45696,0.355491,-1.60612
0.0208381,-0.0924338,0.0354253;-1.4387,0.356616,-1.62626
0.0247765,-0.0892896,0.0361116;-1.47817,0.333679,-1.6475
0.0325596,-0.094121,0.0382977;-1.49662,0.38169,-1.6886
0.0333968,-0.100182,0.040139;-1.44905,0.432077,-1.70855
0.0317881,-0.102143,0.0391946;-1.44581,0.430945,-1.69244
0.0242711,-0.11043,0.0348161;-1.56364,0.34216,-1.63921
0.0257348,-0.110419,0.0349117;-1.61137,0.349389,-1.62166
0.0261783,-0.111523,0.0347984;-1.59437,0.362182,-1.63543
0.0264831,-0.11086,0.037361;-1.59449,0.357179,-1.65563
0.0241019,-0.116831,0.0388073;-1.60759,0.376154,-1.65329
0.0189332,-0.124437,0.0390185;-1.55578,0.368052,-1.69106
-0.00712221,-0.14283,0.0348058;-1.51776,0.391904,-1.6564
-0.0171536,-0.14459,0.0291607;-1.56628,0.313895,-1.57794
-0.0174498,-0.144344,0.0289476;-1.56687,0.293149,-1.58579
-0.0167371,-0.143398,0.0301186;-1.56342,0.28215,-1.60121
-0.00970855,-0.137507,0.036624;-1.53969,0.281381,-1.67601
-0.00707097,-0.136935,0.038923;-1.52719,0.313392,-1.70417
-0.00409016,-0.132999,0.0401678;-1.50901,0.365851,-1.70797
-0.0115998,-0.134306,0.0399677;-1.60023,0.355217,-1.60309
-0.0143518,-0.134161,0.0297475;-1.56569,0.297511,-1.5904
-0.0124079,-0.130463,0.0295991;-1.56926,0.252011,-1.59415
-0.00141779,-0.118729,0.0338197;-1.54548,0.273838,-1.64028
0.00757479,-0.115903,0.0370461;-1.51741,0.372723,-1.6717
0.0105882,-0.107833,0.04385;-1.57226,0.437347,-1.63312
0.00640208,-0.0964105,0.0449702;-1.90861,0.402426,-1.44934
0.00221676,-0.0984389,0.0467803;-1.92656,0.346274,-1.42264
0.0021396,-0.102879,0.0448305;-1.86731,0.288055,-1.45076
-0.00119889,-0.114389,0.0314936;-1.59329,0.18562,-1.56263
-0.0055309,-0.122906,0.0351456;-1.51818,0.209765,-1.64422
-0.00896107,-0.132696,0.0406506;-1.44274,0.265795,-1.68908
-0.0161417,-0.13871,0.0439045;-1.37653,0.296113,-1.70195
-0.0157858,-0.134304,0.0462524;-1.54574,0.251621,-1.61936
-0.0103674,-0.130094,0.041743;-1.59203,0.176189,-1.61364
-0.000158073,-0.125837,0.0399464;-1.5882,0.130264,-1.65202
0.0057134,-0.126407,0.0403478;-1.55996,0.221499,-1.66136
0.00914845,-0.123241,0.0427559;-1.54276,0.287898,-1.65496
0.00279102,-0.102797,0.0520459;-1.90051,0.282255,-1.51917
0.00184115,-0.0974353,0.0518345;-2.02698,0.22731,-1.45705
0.00256483,-0.0933097,0.0522299;-2.04552,0.22552,-1.4218
0.0100801,-0.103613,0.0433094;-1.79296,0.213906,-1.58043
0.00373483,-0.119339,0.0378832;-1.51854,0.271926,-1.69356
0.00433207,-0.12278,0.0372584;-1.52934,0.321049,-1.67526
-0.00422452,-0.107036,0.0451734;-1.76869,0.374211,-1.51341
-0.00247048,-0.102032,0.0505602;-1.8298,0.350054,-1.47122
0.00153826,-0.10296,0.0485294;-1.77048,0.343013,-1.49538
0.00113602,-0.102976,0.0446322;-1.58733,0.301096,-1.6167
-0.00146866,-0.104613,0.0382518;-1.47274,0.286045,-1.67919
-0.000168115,-0.101872,0.039609;-1.47918,0.304426,-1.6566
0.00484781,-0.0895283,0.0493536;-1.64456,0.332437,-1.54518
0.0169588,-0.0782918,0.0466719;-1.84183,0.251141,-1.4384
0.0234021,-0.0747173,0.0489972;-1.86175,0.246982,-1.41428
0.0340054,-0.0709199,0.0411218;-1.7629,0.267005,-1.47966
0.0371947,-0.068147,0.0404018;-1.79892,0.281484,-1.49684
0.0368389,-0.0681822,0.0388141;-1.78697,0.294597,-1.51148
0.0279956,-0.0727139,0.0381918;-1.74514,0.342822,-1.51297
0.0129499,-0.0796528,0.0372024;-1.6674,0.361246,-1.56245
-0.00551165,-0.0944144,0.034214;-1.59697,0.391964,-1.62449
-0.00772131,-0.10184,0.0349896;-1.57965,0.277555,-1.65088
-0.00907012,-0.10643,0.0365548;-1.5596,0.294299,-1.68268
-0.0114018,-0.110349,0.03724;-1.56752,0.333304,-1.69187
-0.0162244,-0.116021,0.037373;-1.54718,0.428192,-1.68873
-0.0197229,-0.118185,0.0359367;-1.54209,0.484443,-1.67177
-0.0210205,-0.121114,0.0336823;-1.53674,0.539909,-1.64602
-0.0182428,-0.126571,0.0320222;-1.53851,0.569265,-1.6257
-0.0148424,-0.125351,0.0344179;-1.51371,0.569226,-1.66075
-0.0103043,-0.124244,0.0372449;-1.51331,0.574888,-1.69354
-0.00744691,-0.132545,0.0384077;-1.50187,0.725872,-1.72665
-0.00676693,-0.131686,0.0373624;-1.48962,0.755427,-1.71826
-0.0056807,-0.128959,0.036618;-1.48617,0.790879,-1.69246
-0.00383712,-0.130458,0.0328881;-1.49212,0.820369,-1.64252
-0.00298755,-0.127129,0.0357222;-1.39003,0.748716,-1.69969
-0.00191776,-0.125235,0.0386185;-1.3614,0.688016,-1.7375
0.0076339,-0.118167,0.0406873;-1.4048,0.689699,-1.76505
0.00641296,-0.116659,0.0387528;-1.44372,0.723742,-1.73031
0.00357331,-0.116221,0.0397947;-1.56237,0.740093,-1.63619
0.0193445,-0.0959682,0.0484497;-2.09956,0.650775,-1.24439
0.0229619,-0.0929352,0.0499925;-2.14325,0.630439,-1.21977
0.0211528,-0.0941425,0.0475109;-1.9995,0.665684,-1.33131
0.00819383,-0.105886,0.0372792;-1.4493,0.734687,-1.7156
0.00915328,-0.104561,0.0352652;-1.63289,0.780665,-1.59634
0.00712145,-0.103894,0.0368164;-1.66161,0.786371,-1.57454
3.62165e-05,-0.110309,0.0331163;-1.48367,0.755482,-1.65231
0.000752543,-0.109802,0.0307021;-1.5412,0.743744,-1.61178
0.000527752,-0.110288,0.0292437;-1.56125,0.742478,-1.56925
0.00133106,-0.108463,0.0295812;-1.58547,0.746336,-1.54949
0.00027929,-0.106806,0.03077;-1.63001,0.793908,-1.53797
-0.00529366,-0.106851,0.0318814;-1.6585,0.848483,-1.51767
-0.0166189,-0.102897,0.0345992;-1.72566,0.889619,-1.44327
-0.0226945,-0.107585,0.036937;-1.79196,0.8702,-1.39404
-0.0306501,-0.115697,0.0296508;-1.56592,0.830477,-1.55326
-0.0378274,-0.117384,0.0299953;-1.53159,0.736486,-1.59882
-0.0388891,-0.118162,0.0321631;-1.48499,0.743304,-1.63906
-0.0394937,-0.11994,0.0339023;-1.46459,0.765496,-1.66942
-0.0401924,-0.116643,0.0333928;-1.47224,0.790058,-1.64795
-0.0401379,-0.116172,0.0334629;-1.47332,0.782534,-1.64934
-0.0402494,-0.119332,0.0345937;-1.44093,0.775554,-1.67766
-0.0402494,-0.119332,0.0345937;-1.44093,0.775554,-1.67766
-0.040656,-0.122566,0.0340528;-1.47727,0.776638,-1.67282
-0.040656,-0.122566,0.0340528;-1.47727,0.776638,-1.67282
