0,0,0.11;-1.57,-2.98023e-08,-1.57
0,0,0.11;-1.57,-2.98023e-08,-1.57
0,0,0.11;-1.57,-2.98023e-08,-1.57
-0.000762103,0.00147282,0.0286194;-1.5695,-0.289711,-1.5711
-0.00165694,0.000651538,0.0289081;-1.57572,-0.227174,-1.58318
-0.00261656,-0.00567116,0.0302786;-1.57154,-0.101907,-1.60078
-0.000604193,-0.0146483,0.0323058;-1.58129,0.0424047,-1.62527
0.0026235,-0.00908559,0.0302476;-1.60425,-0.121439,-1.58864
0.00439988,-0.00528501,0.029144;-1.59341,-0.209058,-1.58078
0.00481935,-0.00439741,0.0289428;-1.58386,-0.271599,-1.57915
0.00698802,0.00221279,0.0297068;-1.57659,-0.0115496,-1.55168
0.0052154,0.00795951,0.0303863;-1.5751,0.16733,-1.54725
0.0033045,0.00792401,0.0302272;-1.56936,0.343726,-1.56058
0.000398097,-0.00759697,0.0326331;-1.49571,0.294816,-1.5837
-0.000401341,-0.00699654,0.0298641;-1.54765,0.152305,-1.58513
0.000969458,-0.00173438,0.028988;-1.56776,-0.00688257,-1.58861
0.00487684,0.0041502,0.0317594;-1.58522,-0.0717939,-1.61416
0.00296333,0.00219626,0.032352;-1.58388,-0.00240165,-1.62196
-0.000363361,-0.00254395,0.0318892;-1.57003,0.106754,-1.62204
0.000537011,-0.0180168,0.0310388;-1.5445,0.29659,-1.6088
-0.0012085,-0.01322,0.0294538;-1.56603,0.21523,-1.59239
-0.000781153,-0.00822343,0.0289628;-1.57418,0.0965723,-1.5852
0.00422096,-0.00196424,0.0294795;-1.6021,-0.0757141,-1.57873
-0.000641656,-0.00571051,0.0337389;-1.6809,0.0436683,-1.56852
-0.00477899,-0.00937415,0.0364914;-1.69313,0.148452,-1.58425
-0.00977073,-0.0108946,0.0383918;-1.70902,0.255987,-1.5821
-0.012887,-0.0144457,0.0349891;-1.69418,0.273162,-1.55071
-0.0161589,-0.0335541,0.029467;-1.56124,0.0966556,-1.55379
-0.0192312,-0.0388838,0.0292323;-1.55117,-0.00499385,-1.55595
-0.017792,-0.0379684,0.0292259;-1.54495,0.0570062,-1.56413
-0.0145102,-0.0430708,0.0335455;-1.51078,0.275145,-1.61875
-0.0129247,-0.0481352,0.0364389;-1.47225,0.378071,-1.65389
-0.0109457,-0.0500115,0.0346154;-1.53148,0.378461,-1.64626
-0.00935007,-0.0460374,0.0310287;-1.58133,0.242928,-1.60449
-0.0028795,-0.0377801,0.029584;-1.59209,0.115769,-1.58247
-0.000778607,-0.0358455,0.0290521;-1.58631,0.0593851,-1.57709
-0.00107596,-0.0373477,0.0293898;-1.57092,0.11535,-1.59029
0.000494001,-0.0422668,0.0314647;-1.55374,0.209931,-1.6206
0.00135532,-0.0449855,0.0323333;-1.55882,0.305924,-1.62699
0.00258057,-0.0570404,0.0351552;-1.67929,0.222917,-1.57218
0.00055432,-0.0576429,0.0382097;-1.74663,0.158051,-1.54635
-0.0107338,-0.0628378,0.0387654;-1.75834,0.087117,-1.54762
-0.0246355,-0.0766703,0.0302046;-1.58566,0.273784,-1.58541
-0.02323,-0.0851539,0.0314028;-1.52788,0.429266,-1.60704
-0.0199157,-0.0908137,0.0328056;-1.46117,0.562664,-1.63122
-0.020568,-0.0896457,0.03073;-1.51304,0.543021,-1.6001
-0.0210598,-0.0855265,0.0296043;-1.54948,0.470146,-1.58507
-0.0229119,-0.0852444,0.0296738;-1.56112,0.366738,-1.58329
-0.0120276,-0.080475,0.033201;-1.55353,0.424057,-1.62577
-0.0105433,-0.0799857,0.0341978;-1.53073,0.504766,-1.64879
-0.01038,-0.0789055,0.0338902;-1.51897,0.55928,-1.65151
-0.00888362,-0.0723281,0.0289132;-1.57703,0.462451,-1.57825
-0.00651726,-0.0722721,0.0289423;-1.58765,0.297251,-1.56457
-0.00517142,-0.0750105,0.0289299;-1.58387,0.144276,-1.56494
-0.00445135,-0.0698753,0.0321134;-1.64174,0.174648,-1.55222
-0.000436097,-0.0627535,0.0351893;-1.68543,0.231018,-1.55397
0.00355798,-0.052656,0.0371339;-1.67462,0.271164,-1.59259
0.00101993,-0.0544763,0.0358119;-1.67341,0.320972,-1.57891
-0.000264,-0.0608511,0.0318111;-1.62936,0.328388,-1.57027
-0.000119118,-0.0653184,0.0289628;-1.58328,0.262195,-1.57404
-0.000971079,-0.0690505,0.0288995;-1.56301,0.052425,-1.56365
-0.000712445,-0.0693185,0.0294211;-1.53925,0.0909256,-1.5716
-0.000205756,-0.0748531,0.0337413;-1.4713,0.151766,-1.59374
0.00257343,-0.0829779,0.0381051;-1.3804,0.222518,-1.62051
0.00155252,-0.0835979,0.0377719;-1.39653,0.169549,-1.60979
0.00115165,-0.0806081,0.0371531;-1.42479,0.11307,-1.6082
-0.00204833,-0.0915234,0.0335483;-1.53532,0.0201237,-1.61651
-0.000964065,-0.0893432,0.0350444;-1.60923,0.12014,-1.60705
0.00205773,-0.0855655,0.0333689;-1.51603,0.261255,-1.61223
0.00586109,-0.0584606,0.0352188;-1.62414,0.394983,-1.61026
0.00892434,-0.055964,0.0369253;-1.65218,0.34338,-1.61247
0.0120246,-0.0568072,0.0364957;-1.65615,0.294412,-1.60326
0.0230002,-0.04496,0.041022;-1.7568,0.044791,-1.60926
0.0225904,-0.0429924,0.0396546;-1.71531,0.0442659,-1.61982
0.0171274,-0.0538539,0.0334068;-1.57751,0.163315,-1.62829
0.0171768,-0.0674798,0.0355697;-1.41845,0.309951,-1.61958
0.0130133,-0.0722814,0.0372025;-1.3899,0.203055,-1.60318
0.0104356,-0.067813,0.0352461;-1.42726,0.13837,-1.57964
0.00472305,-0.0691199,0.0303543;-1.53682,0.0280487,-1.55134
0.00675565,-0.0623184,0.0313585;-1.50748,0.0856208,-1.56027
0.00732823,-0.0630552,0.0365254;-1.40336,0.113814,-1.58262
0.0152777,-0.0537138,0.0419134;-1.33552,0.279779,-1.60141
0.0135991,-0.0547339,0.042463;-1.34888,0.242202,-1.57639
0.010279,-0.057247,0.0418694;-1.359,0.169729,-1.55835
0.00209676,-0.0647209,0.0294274;-1.54748,-0.0626499,-1.55643
0.00234913,-0.0651879,0.0288529;-1.56421,-0.0679078,-1.56378
0.00305664,-0.0642918,0.028651;-1.56747,-0.0387197,-1.57064
0.00546166,-0.068133,0.0297019;-1.55725,0.0652136,-1.59072
0.00533239,-0.0709794,0.0315245;-1.52937,0.0819168,-1.59578
0.00582472,-0.0713548,0.0305374;-1.53545,0.0947833,-1.58681
0.00278469,-0.0723309,0.0291594;-1.54832,0.0026713,-1.56509
0.00216983,-0.0730349,0.0293112;-1.54007,-0.0105809,-1.56582
0.00186146,-0.0730205,0.029453;-1.54081,-0.0124603,-1.56642
0.00313648,-0.0700433,0.0356243;-1.4263,0.0402622,-1.573
0.00173989,-0.0699943,0.0375598;-1.39478,0.0518442,-1.56982
0.000651251,-0.070334,0.0385218;-1.36677,0.0517352,-1.57348
-0.00621043,-0.077964,0.0388326;-1.35677,-0.156501,-1.5334
-0.011294,-0.0765536,0.0361002;-1.41576,-0.337398,-1.52764
-0.00799021,-0.0765191,0.0369048;-1.39767,-0.302616,-1.52546
-0.00524896,-0.0796973,0.037587;-1.39264,-0.250893,-1.5334
0.00471377,-0.0924607,0.036958;-1.39279,-0.0320172,-1.5675
0.00481973,-0.0918706,0.035876;-1.42014,-0.0573412,-1.56377
0.00405997,-0.0879356,0.0318282;-1.50451,-0.097968,-1.57821
0.00200752,-0.0801943,0.0308648;-1.57129,-0.250399,-1.60782
0.00372266,-0.0698654,0.0313334;-1.58752,-0.332409,-1.6133
0.0038815,-0.0676612,0.0313624;-1.59082,-0.335999,-1.61146
0.00447518,-0.0789618,0.0319591;-1.56721,-0.13803,-1.62177
0.00352391,-0.078787,0.0309679;-1.54529,-0.145145,-1.59305
0.00202592,-0.0771196,0.0292062;-1.55038,-0.194555,-1.5767
-0.00054305,-0.0820417,0.0297477;-1.5523,-0.33957,-1.55362
-0.00291559,-0.0832327,0.0311581;-1.55404,-0.364265,-1.53181
-0.00485165,-0.0783046,0.0338265;-1.54639,-0.249949,-1.50388
-0.00969428,-0.0687905,0.0413675;-1.51473,0.0331746,-1.52454
-0.00955733,-0.0675715,0.0417778;-1.47384,0.0535719,-1.51667
-0.00856891,-0.0685095,0.0378295;-1.48315,-0.00149557,-1.49842
-0.00752475,-0.0787628,0.0316909;-1.54586,-0.238609,-1.52666
-0.0100298,-0.0853424,0.0314545;-1.54657,-0.328032,-1.52715
-0.0107355,-0.083863,0.0312855;-1.53739,-0.323181,-1.53886
-0.00619863,-0.0753352,0.034571;-1.45906,-0.0211051,-1.56966
-0.00311385,-0.079554,0.0372405;-1.3999,0.0928027,-1.5783
-0.00428406,-0.0800864,0.036308;-1.43568,0.0833175,-1.56028
-0.0125212,-0.0985256,0.0403285;-1.36043,-0.174667,-1.50484
-0.0159089,-0.10388,0.0412354;-1.32922,-0.292539,-1.49832
-0.0179347,-0.0991301,0.0422281;-1.32444,-0.35977,-1.49352
-0.0275502,-0.0782549,0.0518016;-1.51651,-0.106898,-1.50599
-0.035293,-0.0716886,0.0529488;-1.56076,0.0359115,-1.52245
-0.0404005,-0.0674738,0.0516036;-1.56245,0.100028,-1.51552
-0.0330491,-0.0796052,0.0466529;-1.46367,-0.0836506,-1.47807
-0.0290988,-0.0891395,0.042167;-1.3739,-0.219662,-1.46657
-0.0260322,-0.0941677,0.042814;-1.30105,-0.34289,-1.48381
-0.0173705,-0.0866244,0.0432955;-1.32787,-0.149164,-1.492
-0.0169622,-0.0790048,0.0439473;-1.36727,0.00441505,-1.52191
-0.0195264,-0.0745494,0.0413186;-1.39876,0.166051,-1.54098
-0.0153651,-0.0911526,0.0362277;-1.49783,0.114366,-1.52313
-0.0218961,-0.100212,0.0316239;-1.56488,-0.0366624,-1.52507
-0.0271704,-0.104495,0.0305724;-1.57383,-0.173836,-1.54207
-0.0310657,-0.0896083,0.0349409;-1.60478,-0.109241,-1.51059
-0.0370674,-0.0764284,0.035528;-1.61929,0.0191229,-1.51741
-0.0454611,-0.0685278,0.0354876;-1.6369,0.115539,-1.53804
-0.0524593,-0.0829031,0.0388928;-1.5875,0.0522888,-1.4692
-0.0527655,-0.0957396,0.0375612;-1.55436,-0.0872853,-1.44992
-0.0567908,-0.0981778,0.0386021;-1.54013,-0.194267,-1.44581
-0.0633505,-0.0779698,0.0436722;-1.62312,-0.246324,-1.48308
-0.0651641,-0.066063,0.0482834;-1.66293,-0.07508,-1.51517
-0.0635967,-0.065971,0.0464454;-1.62299,0.0838332,-1.52313
-0.0553564,-0.083425,0.038933;-1.50223,0.24228,-1.48887
-0.0563995,-0.0931465,0.0408613;-1.45841,0.135464,-1.4859
-0.0597792,-0.0991691,0.0392146;-1.44051,0.037149,-1.5035
-0.0679435,-0.104616,0.0417657;-1.34196,-0.105333,-1.52072
-0.0675381,-0.0901815,0.0441308;-1.35942,0.0226904,-1.5216
-0.0721718,-0.0796381,0.0492274;-1.46911,0.146832,-1.52817
-0.0804389,-0.0786187,0.0461148;-1.54552,0.269987,-1.4908
-0.0790767,-0.0810037,0.0468721;-1.58895,0.154228,-1.47873
-0.0775547,-0.0805171,0.0443327;-1.5608,0.0221899,-1.47752
-0.0719288,-0.070744,0.0404634;-1.67007,-0.183796,-1.49558
-0.0752032,-0.0659794,0.0422506;-1.72134,-0.135898,-1.50539
-0.0814583,-0.0584817,0.0426264;-1.76247,-0.0190137,-1.51226
-0.0933934,-0.0504902,0.0412447;-1.82199,0.218741,-1.52415
-0.0964019,-0.0537278,0.0403879;-1.79563,0.251809,-1.50806
-0.0949786,-0.062543,0.0393455;-1.68041,0.157905,-1.477
-0.0902454,-0.0841905,0.0387979;-1.45527,-0.117006,-1.48515
-0.0904891,-0.0908741,0.0398396;-1.34163,-0.147023,-1.52349
-0.0871894,-0.0841969,0.0398415;-1.349,-0.0383759,-1.54906
-0.0883115,-0.0644858,0.0365631;-1.4744,0.163692,-1.54308
-0.0907384,-0.0544094,0.0322603;-1.60475,0.144229,-1.5254
-0.0875943,-0.0576391,0.0369126;-1.5713,0.0255429,-1.50001
-0.0886136,-0.0789547,0.0394698;-1.4208,-0.266102,-1.47196
-0.0896743,-0.0803402,0.0410105;-1.41261,-0.26246,-1.45643
-0.0897919,-0.0706046,0.0428125;-1.55333,-0.175332,-1.45871
-0.096859,-0.0439029,0.0378969;-1.73621,0.134574,-1.53774
-0.100578,-0.0459966,0.0353958;-1.68547,0.150663,-1.53852
-0.103425,-0.0517349,0.0344095;-1.64247,0.145372,-1.51715
-0.1027,-0.0794575,0.0363713;-1.48171,-0.0594211,-1.50425
-0.10559,-0.0871033,0.0378985;-1.37515,-0.140173,-1.53889
-0.104786,-0.0864577,0.0378862;-1.38022,-0.12304,-1.54426
-0.105156,-0.0804393,0.0396697;-1.38216,0.110594,-1.55991
-0.105271,-0.0790278,0.0406491;-1.38722,0.138176,-1.54599
-0.106135,-0.0798484,0.039437;-1.4315,0.105165,-1.51916
-0.110747,-0.0939737,0.0386127;-1.48183,-0.0932935,-1.46795
-0.11434,-0.0959855,0.0383044;-1.48784,-0.165489,-1.46599
-0.115797,-0.0920236,0.0409164;-1.53031,-0.122036,-1.46563
-0.115797,-0.0920236,0.0409164;-1.53031,-0.122036,-1.46563
-0.116763,-0.078362,0.0447418;-1.66151,0.0170155,-1.48603
-0.116763,-0.078362,0.0447418;-1.66151,0.0170155,-1.48603
