0,0,0.11;-1.57,-2.98023e-08,-1.57
0,0,0.11;-1.57,-2.98023e-08,-1.57
0,0,0.11;-1.57,-2.98023e-08,-1.57
0.000116887,0.00187526,0.0290046;-1.58107,-0.264874,-1.58382
0.000863916,0.00442966,0.0287611;-1.57251,-0.263259,-1.57936
0.00133356,0.0100006,0.0286945;-1.57575,-0.210102,-1.57247
-0.00138185,0.0213963,0.0312698;-1.60809,-0.101237,-1.55358
0.0022381,0.00911205,0.0285791;-1.57108,-0.262477,-1.57105
0.00230316,0.00917277,0.0287661;-1.57994,-0.312129,-1.57406
0.00151336,0.00797087,0.0289873;-1.58676,-0.286997,-1.57973
0.00123867,0.0082358,0.0286724;-1.57147,-0.240503,-1.57557
0.0016848,0.00962933,0.028696;-1.57671,-0.2588,-1.57241
0.00157666,0.0139419,0.0290331;-1.57253,-0.215002,-1.55973
0.00330102,0.0127326,0.0313805;-1.5741,-0.259122,-1.52802
0.00386831,0.00539515,0.0308312;-1.56585,-0.342701,-1.53163
0.00215828,-0.00383262,0.0291817;-1.55658,-0.426857,-1.54878
0.00250329,-0.0022072,0.0288523;-1.56075,-0.327074,-1.56392
0.00432511,0.00130971,0.0289009;-1.56397,-0.190067,-1.56085
0.00514828,0.00623796,0.0293298;-1.5606,-0.0509302,-1.55159
0.00485489,0.011372,0.0294259;-1.58235,0.0126174,-1.55569
0.00733988,0.00564958,0.0287476;-1.57443,-0.0965925,-1.56638
0.00641327,0.00124875,0.0287464;-1.56544,-0.221882,-1.56667
0.0029133,0.00279725,0.0288742;-1.56585,-0.389621,-1.5784
0.00437965,0.00339363,0.0291745;-1.56215,-0.363111,-1.58857
0.00459016,0.00684989,0.029682;-1.56193,-0.331185,-1.58742
0.00415488,0.0110119,0.0294926;-1.57074,-0.300353,-1.58347
0.00304633,0.0110992,0.0295067;-1.5691,-0.312659,-1.58345
-0.00233219,0.00859516,0.0294021;-1.55824,-0.442501,-1.58243
-0.00331559,0.00777345,0.0300072;-1.55072,-0.464844,-1.57778
-0.00311746,0.0073037,0.0304169;-1.54483,-0.439397,-1.57843
-0.00606223,0.0282464,0.0290589;-1.56961,-0.399412,-1.57576
-0.00923476,0.0418808,0.0293971;-1.57853,-0.388379,-1.58041
-0.00643015,0.0442125,0.0291203;-1.58506,-0.454101,-1.57777
-0.000639501,0.0409665,0.0286502;-1.57394,-0.573928,-1.5734
0.000104646,0.0317815,0.0287567;-1.56801,-0.652129,-1.56286
-0.00103787,0.0224505,0.0290854;-1.5535,-0.655519,-1.55041
-0.00543549,0.0322811,0.0330445;-1.53594,-0.485661,-1.51086
-0.0129696,0.0425451,0.032613;-1.58761,-0.350299,-1.52071
-0.0159667,0.0430682,0.0333828;-1.59502,-0.30972,-1.51746
-0.00573345,0.0311943,0.0288583;-1.5731,-0.456858,-1.55981
-0.00387221,0.0236438,0.0288718;-1.5682,-0.546863,-1.55744
-0.0040579,0.0198269,0.0289075;-1.56603,-0.611043,-1.55627
-0.00606134,0.0273572,0.0306542;-1.56711,-0.530503,-1.53761
-0.0127096,0.0420267,0.0347262;-1.58987,-0.388301,-1.5009
-0.0176902,0.0499715,0.0362476;-1.60413,-0.293774,-1.49101
-0.00412038,0.0322485,0.0298101;-1.57063,-0.417186,-1.54873
-0.00161929,0.0249452,0.0286754;-1.57087,-0.501141,-1.56618
-0.00116511,0.0230557,0.0286551;-1.5744,-0.580386,-1.57207
-0.00258479,0.0269704,0.0290054;-1.56775,-0.518173,-1.55816
-0.00919062,0.0392112,0.0311964;-1.57543,-0.426313,-1.53478
-0.0223545,0.0533723,0.034616;-1.59966,-0.324852,-1.51186
-0.0171887,0.0465647,0.0341029;-1.5848,-0.504454,-1.50682
-0.0128249,0.0415949,0.0319002;-1.56567,-0.646993,-1.51979
-0.00895812,0.0347258,0.0298464;-1.56526,-0.752511,-1.5448
-0.00863908,0.0351602,0.0291265;-1.5413,-0.707141,-1.54739
-0.0113441,0.0422065,0.0308827;-1.55473,-0.585193,-1.5317
-0.0179932,0.0441729,0.0329499;-1.57976,-0.447344,-1.50913
-0.0134599,0.0235318,0.0389392;-1.53868,-0.444514,-1.45847
-0.00394781,0.0132227,0.0397133;-1.42117,-0.51688,-1.43534
-0.00181504,0.00578561,0.0381582;-1.38603,-0.588683,-1.44164
-0.0040095,0.00708942,0.0379327;-1.34828,-0.624383,-1.43375
-0.00492621,0.00812515,0.0388194;-1.31932,-0.644043,-1.41725
-0.00857493,0.0165134,0.0396275;-1.33485,-0.593259,-1.41893
-0.0205047,0.0366207,0.0345552;-1.59115,-0.594411,-1.49902
-0.0161509,0.039685,0.033918;-1.58241,-0.702968,-1.50324
-0.0103229,0.0342071,0.0325753;-1.56285,-0.806902,-1.50772
-0.00660719,0.0268733,0.0287761;-1.56528,-0.808785,-1.5613
-0.00690604,0.0285004,0.0289112;-1.55276,-0.754151,-1.55559
-0.00761621,0.0304538,0.028794;-1.5701,-0.717789,-1.56073
-0.0144887,0.0384706,0.0307234;-1.57649,-0.616094,-1.53576
-0.0119892,0.0369916,0.0316176;-1.57412,-0.659237,-1.52207
-0.00961851,0.0337109,0.0303836;-1.56735,-0.706058,-1.53359
-0.00776949,0.0231272,0.0324888;-1.53568,-0.817366,-1.49243
-0.00793834,0.0232024,0.0333248;-1.532,-0.809968,-1.48193
-0.00976522,0.0241425,0.0318419;-1.5183,-0.784021,-1.49245
-0.0150779,0.0283432,0.0367341;-1.52924,-0.65566,-1.44674
-0.0133784,0.0244642,0.0381043;-1.48512,-0.651716,-1.42431
-0.011357,0.0206939,0.0376746;-1.48817,-0.658334,-1.42932
-0.0123621,0.0208593,0.0360528;-1.46672,-0.687364,-1.44421
-0.0123401,0.0241906,0.0363365;-1.48599,-0.646037,-1.44749
-0.0140048,0.0295064,0.0343589;-1.51305,-0.598732,-1.47564
-0.0156875,0.03416,0.035893;-1.44742,-0.580145,-1.4576
-0.0146447,0.0278064,0.0372202;-1.45713,-0.661331,-1.43088
-0.0139863,0.0235747,0.0380124;-1.47873,-0.71339,-1.4186
-0.0133331,0.0183043,0.0355573;-1.43117,-0.769756,-1.43147
-0.0155778,0.0215485,0.034668;-1.44702,-0.744211,-1.44853
-0.0163652,0.0228164,0.036078;-1.42465,-0.733279,-1.42889
-0.0186201,0.0243253,0.0388013;-1.38557,-0.69965,-1.39478
-0.0170784,0.0199863,0.0385397;-1.45187,-0.758337,-1.40026
-0.0154847,0.0142687,0.03896;-1.48479,-0.785259,-1.39973
-0.0105079,0.00899439,0.0368773;-1.38971,-0.873287,-1.38279
-0.0108281,0.0134058,0.0374631;-1.37637,-0.820545,-1.38067
-0.0132357,0.0167578,0.0361352;-1.48234,-0.811215,-1.43125
-0.0214523,0.0304734,0.0369118;-1.53644,-0.702294,-1.44364
-0.0222974,0.0326591,0.0374372;-1.54085,-0.686868,-1.43864
-0.0239058,0.0339031,0.0373387;-1.5506,-0.67689,-1.44507
-0.0190932,0.0231149,0.0355123;-1.54027,-0.716195,-1.46175
-0.0167852,0.0121692,0.0337448;-1.52619,-0.811388,-1.47323
-0.0185273,0.0167102,0.033612;-1.53134,-0.784111,-1.47664
-0.0206792,0.0221971,0.0347336;-1.53388,-0.738585,-1.4661
-0.0221222,0.0282318,0.0380691;-1.54768,-0.704993,-1.43273
-0.0206946,0.0278995,0.0397115;-1.56324,-0.722314,-1.42869
-0.0176245,0.0250617,0.0392279;-1.5714,-0.756105,-1.44032
-0.00340308,0.0062581,0.0325556;-1.55087,-0.87671,-1.50052
-0.00290879,0.00634645,0.0290279;-1.55842,-0.84124,-1.54826
-0.00332343,0.00987325,0.0288604;-1.56248,-0.728518,-1.55804
-0.00880497,0.0175497,0.0297514;-1.57279,-0.55703,-1.54876
-0.00907631,0.0163616,0.031817;-1.58665,-0.57959,-1.53466
-0.00670439,0.0120536,0.0339205;-1.605,-0.650529,-1.52049
0.00523132,-0.00122379,0.0316243;-1.56904,-0.893572,-1.52329
0.00645411,-0.00180738,0.0298047;-1.56301,-0.911743,-1.54104
0.00459378,0.00325171,0.0289224;-1.56395,-0.844536,-1.55383
0.000321802,0.0103824,0.0305073;-1.56647,-0.719216,-1.53302
-0.00125888,0.00917841,0.033518;-1.57087,-0.699473,-1.49695
0.00106097,-0.00244889,0.0357089;-1.57345,-0.705833,-1.47087
0.0116925,-0.0253956,0.0371285;-1.53013,-0.813425,-1.4325
0.0123166,-0.0294136,0.0368023;-1.51337,-0.825299,-1.42993
0.0104367,-0.0261716,0.0359685;-1.48296,-0.770736,-1.43343
0.00358583,-0.0151978,0.0359668;-1.52678,-0.701252,-1.44842
0.00275807,-0.0138242,0.0361266;-1.53343,-0.692468,-1.44763
0.00595961,-0.0195785,0.0369713;-1.53023,-0.746371,-1.43433
0.019208,-0.0362947,0.0370544;-1.52906,-0.781415,-1.43451
0.0230903,-0.0412678,0.0361699;-1.53032,-0.776199,-1.4471
0.0224219,-0.0396608,0.0348724;-1.53933,-0.714083,-1.46842
0.0222973,-0.0291049,0.0340472;-1.55056,-0.573443,-1.48556
0.0208943,-0.0246466,0.0314221;-1.56882,-0.530775,-1.52363
0.0203642,-0.0238486,0.0307842;-1.5718,-0.523833,-1.5341
0.0285719,-0.0343998,0.0298196;-1.57052,-0.668732,-1.54601
0.0329843,-0.0426875,0.0291172;-1.56878,-0.775519,-1.55322
0.0341269,-0.0468531,0.0289882;-1.56779,-0.827663,-1.55095
0.0243163,-0.0383851,0.0310717;-1.54402,-0.791839,-1.51665
0.0189321,-0.0300526,0.0338408;-1.51355,-0.745902,-1.48386
0.0147135,-0.0241944,0.0319311;-1.58282,-0.709602,-1.53058
0.0282895,-0.0365862,0.0338912;-1.60979,-0.77868,-1.54218
0.0387954,-0.0498424,0.0348042;-1.40989,-0.858094,-1.42718
0.0416613,-0.0579712,0.0357931;-1.32105,-0.929263,-1.36535
0.0399394,-0.0543599,0.0382976;-1.27179,-0.863841,-1.33273
0.0379957,-0.050932,0.0409469;-1.22521,-0.802748,-1.29937
0.0324696,-0.0454752,0.0431781;-1.26265,-0.725239,-1.30526
0.0368668,-0.0567278,0.0427335;-1.3042,-0.847104,-1.28835
0.0414782,-0.0664943,0.0419728;-1.26327,-0.918934,-1.25806
0.0451844,-0.0760367,0.0410489;-1.17632,-0.974123,-1.20374
0.0497499,-0.072938,0.0431001;-1.09704,-0.887802,-1.18258
0.0471641,-0.0687091,0.0450615;-1.07998,-0.830145,-1.17705
0.0402193,-0.0632441,0.0478795;-1.13622,-0.759527,-1.20117
0.0437196,-0.0694096,0.0453472;-1.28432,-0.815614,-1.26571
0.0507647,-0.0740869,0.0452158;-1.27008,-0.83846,-1.25599
0.0580664,-0.0804569,0.0438737;-1.21844,-0.901586,-1.22863
0.063943,-0.0799204,0.0430476;-1.14632,-0.858568,-1.22254
0.0637943,-0.0743152,0.0445731;-1.15096,-0.796868,-1.2311
0.0624085,-0.0682226,0.0466313;-1.16761,-0.729318,-1.23905
0.0579701,-0.0662175,0.0477926;-1.1667,-0.744497,-1.22
0.057515,-0.0744,0.0464451;-1.12582,-0.831302,-1.18575
0.0595935,-0.0848571,0.044889;-1.04537,-0.921065,-1.12146
0.0638863,-0.0891997,0.0434448;-1.03506,-0.952667,-1.11849
0.0646706,-0.0818309,0.0440581;-1.09516,-0.873725,-1.18249
0.0634898,-0.0732701,0.0433639;-1.1767,-0.799311,-1.26013
0.058619,-0.061577,0.0406865;-1.3072,-0.699835,-1.3714
0.0606314,-0.0660752,0.0394498;-1.3088,-0.762433,-1.36819
0.0624372,-0.0718973,0.0392047;-1.27946,-0.819259,-1.34381
0.0657845,-0.0802905,0.0391645;-1.20728,-0.9274,-1.27516
0.0651783,-0.0801469,0.0391052;-1.21026,-0.924478,-1.28004
0.06365,-0.0804448,0.0397838;-1.18693,-0.924984,-1.25654
0.0525425,-0.0798617,0.044541;-1.0904,-0.884568,-1.15851
0.0486703,-0.0837498,0.0441279;-1.05189,-0.934848,-1.11853
0.0517346,-0.0899298,0.0438703;-1.00174,-0.993726,-1.06186
0.0560669,-0.096592,0.0408636;-1.00188,-1.10803,-1.05699
0.0567401,-0.0948163,0.0399629;-1.05926,-1.08628,-1.11638
0.05639,-0.0935693,0.0400987;-1.07996,-1.069,-1.13469
0.0476279,-0.0869557,0.0441441;-1.15252,-0.954827,-1.16293
0.0435137,-0.0892207,0.0430547;-1.24198,-1.01296,-1.20145
0.0465735,-0.0915323,0.0434533;-1.21359,-1.06196,-1.16681
0.0566597,-0.1061,0.042761;-0.901127,-1.22801,-0.88118
0.0637673,-0.108864,0.0424492;-0.640912,-1.22004,-0.674286
0.0625686,-0.106237,0.043514;-0.671944,-1.18596,-0.712167
0.0551313,-0.103449,0.0472899;-0.798038,-1.08885,-0.818106
0.0529349,-0.107206,0.0465181;-0.956358,-1.12146,-0.926292
0.0583432,-0.108372,0.0460405;-1.05953,-1.12034,-1.00719
0.067248,-0.118667,0.0462797;-0.822885,-1.19978,-0.787393
0.0743981,-0.118055,0.0456975;-0.678883,-1.21108,-0.67374
0.07799,-0.115391,0.0458118;-0.591242,-1.15501,-0.631477
0.07799,-0.115391,0.0458118;-0.591242,-1.15501,-0.631477
0.0770728,-0.112164,0.0475823;-0.611823,-1.09434,-0.667901
0.0770728,-0.112164,0.0475823;-0.611823,-1.09434,-0.667901
