0,0,0.11;-1.57,-2.98023e-08,-1.57
0,0,0.11;-1.57,-2.98023e-08,-1.57
0,0,0.11;-1.57,-2.98023e-08,-1.57
-0.000276135,-0.00022401,0.028599;-1.5704,-0.241105,-1.57006
-0.000166937,-0.000267726,0.0285797;-1.57091,-0.221912,-1.57088
0.000576445,0.00252237,0.0296929;-1.57519,-0.164185,-1.56412
0.0041474,0.0217435,0.0394441;-1.75431,-0.0364418,-1.55937
0.0104707,0.015785,0.0370847;-1.74679,-0.173915,-1.60598
0.00987547,0.00684693,0.0309262;-1.5715,-0.233691,-1.60958
0.0111173,0.00844607,0.0294117;-1.5811,-0.260322,-1.59033
0.0113999,0.00556478,0.0312874;-1.56689,-0.120979,-1.60872
0.014593,0.0204564,0.0359011;-1.54924,-0.00858478,-1.58627
0.0170068,0.0462172,0.040586;-1.77951,0.0776595,-1.53855
0.0236648,0.0564466,0.0397201;-1.7903,0.0683989,-1.55319
0.0268568,0.0580478,0.0395561;-1.79541,0.0031142,-1.57382
0.0288052,0.0577295,0.0346836;-1.69825,-0.066962,-1.58171
0.0277209,0.0535574,0.0289308;-1.58765,-0.0871263,-1.5726
0.0262805,0.051968,0.029888;-1.60307,-0.045689,-1.57534
0.0253732,0.0531971,0.0351335;-1.66651,-0.00459154,-1.54496
0.024867,0.061886,0.0466701;-1.92582,0.180153,-1.4895
0.0276606,0.0645361,0.0475024;-1.96574,0.155977,-1.50834
0.0298802,0.0512689,0.0426159;-1.85444,0.0517938,-1.56114
0.0219194,0.0327159,0.032959;-1.61172,-0.106544,-1.61558
0.0202582,0.0324937,0.0298812;-1.57077,-0.103656,-1.59709
0.0197238,0.0329823,0.0290493;-1.56272,-0.0751791,-1.56699
0.0244311,0.0401279,0.0349615;-1.47467,0.00298661,-1.57925
0.034229,0.0577101,0.0375758;-1.64254,0.0788818,-1.51911
0.0459349,0.0634995,0.0333276;-1.67252,0.0223893,-1.57014
0.0450858,0.0625504,0.031327;-1.63482,0.014316,-1.57311
0.04111,0.0611043,0.0291624;-1.59805,0.046077,-1.57075
0.0338757,0.06035,0.0313114;-1.5866,0.251354,-1.53529
0.0306768,0.0544608,0.0362449;-1.63609,0.3719,-1.52163
0.0347647,0.0544612,0.0448542;-1.6645,0.386047,-1.52839
0.0529785,0.0713819,0.0395321;-1.79069,0.170481,-1.53783
0.0572572,0.0705308,0.0367855;-1.7374,0.0711207,-1.56554
0.057931,0.071213,0.0347168;-1.69731,0.0196571,-1.5743
0.0514784,0.0667748,0.0295196;-1.57836,0.019545,-1.56481
0.0451444,0.0641904,0.0336456;-1.54912,0.0841138,-1.53159
0.0446553,0.0672001,0.0377874;-1.53635,0.187886,-1.5244
0.0587931,0.0808053,0.0374896;-1.7243,0.137609,-1.52972
0.0610865,0.0730306,0.0324585;-1.65848,0.0755296,-1.56704
0.0619545,0.0695072,0.0325042;-1.65653,0.0597131,-1.57264
0.0567984,0.0685091,0.0361171;-1.7181,0.0989821,-1.55589
0.0512131,0.0620625,0.0360459;-1.57753,0.220206,-1.58306
0.0489813,0.0542732,0.0398797;-1.34923,0.340807,-1.6348
0.0658995,0.0862678,0.0523347;-1.36073,0.303708,-1.64148
0.0826022,0.11435,0.0373905;-1.76174,0.251493,-1.52719
0.0881489,0.113903,0.0359295;-1.69912,0.1979,-1.56935
0.0833431,0.106758,0.0384453;-1.74502,0.255097,-1.55427
0.0772532,0.103343,0.0404179;-1.82088,0.319693,-1.49739
0.071805,0.100692,0.0414249;-1.82955,0.376146,-1.47128
0.0643074,0.0968111,0.0381655;-1.70391,0.42231,-1.4798
0.0658398,0.0931139,0.0394614;-1.77411,0.350664,-1.49158
0.0654013,0.0838579,0.0351154;-1.70338,0.27946,-1.53592
0.0621071,0.0645667,0.0352537;-1.64972,0.299638,-1.59947
0.0565171,0.061164,0.0379069;-1.65267,0.310308,-1.6103
0.0462377,0.0527969,0.038644;-1.45681,0.343208,-1.67878
0.0453504,0.0542658,0.0443661;-1.27053,0.428562,-1.73005
0.0484121,0.0531682,0.0436601;-1.25871,0.43369,-1.72142
0.0530061,0.050765,0.0398679;-1.34837,0.48756,-1.69898
0.0564565,0.0437916,0.035981;-1.47973,0.578389,-1.68126
0.0567412,0.0444326,0.0373565;-1.45594,0.570079,-1.68746
0.0544452,0.040876,0.0384822;-1.462,0.608217,-1.6824
0.0480442,0.0332933,0.048099;-1.48822,0.615314,-1.66128
0.0450937,0.0366094,0.0533539;-1.58108,0.60907,-1.60853
0.0476507,0.0434977,0.0541789;-1.59937,0.602929,-1.59674
0.047023,0.0401684,0.0430818;-1.54344,0.512009,-1.67891
0.041101,0.0389024,0.0394709;-1.5028,0.422701,-1.70742
0.0370602,0.0399062,0.0404512;-1.50705,0.372813,-1.71617
0.0175868,0.0371201,0.045409;-1.34629,0.447955,-1.76353
0.0127871,0.0417827,0.0458665;-1.36011,0.459734,-1.74861
0.0131096,0.0569803,0.0501885;-1.49728,0.415908,-1.64693
0.0169425,0.0674248,0.0442872;-1.70473,0.430128,-1.51442
0.00158809,0.0525831,0.0335484;-1.57625,0.498448,-1.6117
-0.00640592,0.0417232,0.0318605;-1.56563,0.573415,-1.62374
-0.0120134,0.0253713,0.0391788;-1.34239,0.716726,-1.74299
-0.0135088,0.0306812,0.0404774;-1.3083,0.765079,-1.75008
-0.00819765,0.0455218,0.0476316;-1.46894,0.789696,-1.6304
0.019662,0.101595,0.0400995;-1.81278,0.880165,-1.37805
0.0236443,0.1148,0.0357977;-1.79518,0.961619,-1.40119
0.0280554,0.114674,0.0342877;-1.70407,0.927151,-1.49145
0.0420173,0.113538,0.0425883;-1.74227,0.843251,-1.49534
0.0459065,0.113629,0.0455513;-1.79606,0.779557,-1.45649
0.0480517,0.114679,0.0445123;-1.85546,0.73521,-1.4183
0.0347908,0.130092,0.0404922;-1.86442,0.780439,-1.35077
0.0325231,0.130116,0.0359879;-1.77889,0.86115,-1.39619
0.0332148,0.129286,0.0307852;-1.65763,0.889636,-1.50039
0.0308188,0.123818,0.0294251;-1.56101,0.970207,-1.5875
0.0318497,0.120932,0.0315326;-1.57655,0.964098,-1.5977
0.0380381,0.121104,0.0411935;-1.67165,0.953879,-1.5299
0.0418611,0.142152,0.0442125;-1.85075,0.782186,-1.36095
0.0519858,0.143717,0.0427546;-1.80831,0.73482,-1.38943
0.0621195,0.141566,0.0345586;-1.69861,0.706182,-1.4782
0.070793,0.142217,0.0323923;-1.54337,0.710313,-1.63395
0.0673956,0.140189,0.0364875;-1.54157,0.772936,-1.63207
0.0691047,0.141133,0.0433578;-1.5774,0.793808,-1.59685
0.0747502,0.156215,0.0433471;-1.89956,0.736219,-1.33221
0.0816395,0.158944,0.0419114;-1.83356,0.682555,-1.35659
0.0795167,0.156527,0.0355191;-1.71003,0.726217,-1.45081
0.0776148,0.155399,0.0293313;-1.58011,0.762516,-1.55127
0.0759281,0.154281,0.0363754;-1.49236,0.813703,-1.6161
0.0813498,0.152385,0.0457362;-1.57549,0.764639,-1.58334
0.0937644,0.157717,0.0496365;-1.72253,0.710212,-1.50076
0.11264,0.169174,0.0447368;-1.89321,0.491593,-1.3889
0.11044,0.165143,0.0415739;-1.84561,0.456069,-1.43337
0.106137,0.16193,0.0377855;-1.77766,0.47386,-1.47992
0.0904621,0.155843,0.0342275;-1.50074,0.604774,-1.64821
0.0887129,0.150749,0.0384852;-1.5607,0.642896,-1.61239
0.0949021,0.150327,0.0410165;-1.70208,0.643502,-1.52244
0.10612,0.163274,0.0455306;-1.90368,0.529144,-1.35629
0.105187,0.16151,0.0447519;-1.87715,0.507114,-1.38109
0.101902,0.160259,0.0406433;-1.80709,0.52938,-1.42188
0.0955933,0.156411,0.0299362;-1.55375,0.65799,-1.58522
0.0974837,0.153469,0.0346999;-1.50206,0.658073,-1.62421
0.107225,0.158152,0.0416884;-1.65576,0.612458,-1.54591
0.130693,0.176413,0.0440899;-1.91182,0.499033,-1.38868
0.133635,0.172303,0.0444276;-1.88373,0.450389,-1.40567
0.132828,0.168658,0.042301;-1.84788,0.442298,-1.43522
0.113727,0.163333,0.0378508;-1.72338,0.557471,-1.52585
0.0934042,0.150112,0.0351067;-1.49956,0.666638,-1.64185
0.0858353,0.140692,0.03371;-1.46876,0.745376,-1.64165
0.0863562,0.151057,0.0370911;-1.69196,0.65837,-1.45626
0.0844696,0.150038,0.0399635;-1.70517,0.60123,-1.40505
0.0876173,0.151185,0.0408154;-1.72057,0.572269,-1.40274
0.0861527,0.152121,0.0316386;-1.57335,0.663558,-1.51954
0.086958,0.152697,0.03284;-1.55682,0.67832,-1.52187
0.0888874,0.15148,0.0330167;-1.55229,0.694453,-1.53112
0.0940458,0.156775,0.0363038;-1.64122,0.736417,-1.454
0.0932189,0.156666,0.0381399;-1.6567,0.703673,-1.41435
0.0900042,0.153089,0.0386682;-1.62536,0.665504,-1.42024
0.0891948,0.155075,0.0361261;-1.66469,0.753959,-1.44586
0.0851513,0.152088,0.0326044;-1.57596,0.760944,-1.50448
0.0831188,0.149618,0.0325084;-1.56491,0.760208,-1.51962
0.0861688,0.150681,0.0337919;-1.59143,0.776131,-1.50525
0.0849925,0.157283,0.0360977;-1.62354,0.735035,-1.4518
0.0853476,0.161117,0.0415098;-1.54546,0.63828,-1.45856
0.0925184,0.162166,0.0387562;-1.68155,0.700702,-1.40844
0.0920577,0.162095,0.0343452;-1.68155,0.682474,-1.47885
0.0900431,0.159022,0.0306634;-1.58335,0.65432,-1.5432
0.08598,0.154552,0.0328578;-1.62621,0.670507,-1.5175
0.084941,0.157032,0.0359556;-1.7032,0.671313,-1.46828
0.0791098,0.157853,0.0388357;-1.7671,0.735223,-1.40742
0.0666563,0.117834,0.039645;-1.46613,0.971786,-1.5463
0.0669172,0.11185,0.0375027;-1.52372,0.996148,-1.51539
0.0640318,0.109185,0.0339306;-1.56129,0.988304,-1.53647
0.0619815,0.109519,0.0331165;-1.49086,1.03155,-1.60236
0.0632025,0.11566,0.033503;-1.63862,1.0253,-1.45845
0.0649346,0.120984,0.0372548;-1.68786,1.02693,-1.38254
0.0616362,0.12006,0.0395351;-1.62086,0.913558,-1.40375
0.0676326,0.123063,0.0377779;-1.66919,0.925628,-1.39459
0.0723292,0.126653,0.0359349;-1.72635,0.93719,-1.40464
0.0686105,0.1207,0.036965;-1.75365,1.01531,-1.4635
0.0609478,0.116558,0.0379482;-1.80355,1.04757,-1.41398
0.0481367,0.112081,0.0372125;-1.66897,1.14326,-1.47798
0.0284448,0.0810383,0.0394405;-1.48183,1.31323,-1.54257
0.025945,0.075523,0.0406205;-1.5156,1.34876,-1.50124
0.0286386,0.0770214,0.0369538;-1.53891,1.36255,-1.51974
0.021507,0.0738007,0.0319804;-1.46436,1.35388,-1.65783
0.0185829,0.074145,0.0322816;-1.51013,1.33266,-1.61193
0.0223016,0.082119,0.0330189;-1.7847,1.30568,-1.34378
0.0221979,0.0836695,0.03938;-1.56552,1.35458,-1.46503
0.0174411,0.0778789,0.0437969;-1.04694,1.35488,-1.98656
0.0234886,0.0744968,0.0484927;-0.681416,1.29094,-2.36466
0.057776,0.0899002,0.0295285;-1.66977,1.36126,-1.4638
0.0591148,0.0900285,0.02947;-1.57291,1.34922,-1.55558
0.0587909,0.0889638,0.0292936;-1.54015,1.28283,-1.59463
0.0625501,0.0920012,0.0310244;-1.55536,1.15004,-1.57087
0.056862,0.0934382,0.031736;-1.59376,1.15923,-1.5129
0.0561659,0.0971162,0.0323699;-1.61743,1.19445,-1.47419
0.0597863,0.101618,0.0306064;-1.57434,1.27166,-1.53825
0.0622271,0.09722,0.029166;-1.4948,1.28126,-1.64149
0.059136,0.0951895,0.0327451;-1.29219,1.27753,-1.84521
0.0519043,0.0994765,0.0371851;-1.23581,1.09933,-1.85899
0.0392993,0.102523,0.0398988;-1.19917,0.999846,-1.86123
0.0293336,0.105877,0.0390757;-1.2683,1.02804,-1.78317
0.0232646,0.107424,0.0346934;-1.47124,1.10265,-1.59392
0.0270082,0.106093,0.0308107;-1.55676,1.13821,-1.54622
0.0305423,0.104643,0.0312769;-1.46316,1.18275,-1.64934
0.0462498,0.104699,0.0338649;-1.33539,1.16167,-1.79189
0.0547511,0.106404,0.0340165;-1.37531,1.16026,-1.72831
0.0649096,0.107394,0.0327835;-1.55144,1.19808,-1.53143
0.0649096,0.107394,0.0327835;-1.55144,1.19808,-1.53143
0.0684086,0.111181,0.0375258;-1.65401,1.24209,-1.38978
0.0684086,0.111181,0.0375258;-1.65401,1.24209,-1.38978
