0,0,0.11;-1.57,-2.98023e-08,-1.57
0,0,0.11;-1.57,-2.98023e-08,-1.57
0,0,0.11;-1.57,-2.98023e-08,-1.57
-0.000592019,-0.000413826,0.0286055;-1.5709,-0.261328,-1.56951
-0.000211203,0.0006885,0.0286189;-1.57073,-0.218724,-1.56874
0.000442571,0.00760425,0.0292784;-1.57664,-0.10332,-1.56304
-0.0014867,0.0206889,0.0316626;-1.61432,0.0117399,-1.55277
0.00097658,0.014664,0.0285971;-1.56992,-0.203502,-1.57049
-0.000262765,0.0140614,0.0285803;-1.57078,-0.289589,-1.57091
-0.000276563,0.0141062,0.028586;-1.57126,-0.293479,-1.57106
-0.0021644,0.0122542,0.0292708;-1.59504,-0.187227,-1.58233
-0.000740623,0.0140806,0.0337975;-1.66158,-0.0777786,-1.58384
0.00524626,0.0297993,0.0391355;-1.76501,0.0819139,-1.55526
0.00810985,0.0399075,0.0364193;-1.71076,0.0855101,-1.57544
0.00609327,0.0365398,0.0318145;-1.63046,0.0294692,-1.58143
0.00605857,0.0352324,0.0291984;-1.58724,-0.000103623,-1.58405
0.00324087,0.031818,0.0289597;-1.57272,0.0934037,-1.5866
0.00372269,0.028814,0.0293461;-1.56945,0.206007,-1.5829
0.00816843,0.0328328,0.0307203;-1.5597,0.297997,-1.58603
0.0112137,0.0446165,0.0304345;-1.58384,0.411542,-1.55415
0.0114137,0.0426284,0.028711;-1.56643,0.385682,-1.57456
0.0111014,0.0426229,0.0288109;-1.56432,0.369697,-1.57804
0.0109493,0.0420902,0.0286693;-1.57062,0.3816,-1.57504
0.0110521,0.041379,0.0290026;-1.55699,0.400842,-1.58358
0.0112039,0.042239,0.0297863;-1.55416,0.39887,-1.58795
0.0138899,0.0466711,0.02962;-1.55835,0.405227,-1.57637
0.0168282,0.0518726,0.0287752;-1.56669,0.370395,-1.57787
0.0251493,0.0675583,0.029302;-1.57862,0.152809,-1.58611
0.0313842,0.0724279,0.0298226;-1.58901,0.0724344,-1.58831
0.0301369,0.0706483,0.0305021;-1.60026,0.10681,-1.5871
0.0308277,0.0745085,0.0384775;-1.7554,0.142897,-1.53869
0.0313241,0.0805935,0.0404551;-1.79975,0.224841,-1.50893
0.034216,0.0845786,0.0370714;-1.73159,0.209029,-1.53283
0.0371309,0.0873551,0.0288485;-1.57262,0.0877386,-1.58186
0.0380621,0.0881766,0.0287793;-1.57125,0.0358474,-1.57967
0.0383047,0.087712,0.0286979;-1.57064,0.0611612,-1.57641
0.037777,0.0875811,0.0292261;-1.57632,0.113834,-1.56731
0.0355928,0.0906977,0.0322527;-1.6196,0.187224,-1.54042
0.0347916,0.0910997,0.0311586;-1.58815,0.228139,-1.53636
0.0355176,0.0900095,0.0286606;-1.56895,0.189611,-1.57309
0.035358,0.0900971,0.0287516;-1.56505,0.186768,-1.57441
0.0354456,0.089935,0.0287024;-1.56842,0.201905,-1.57478
0.0339116,0.0875969,0.0288633;-1.58148,0.328281,-1.57109
0.0329014,0.0836131,0.0303698;-1.60509,0.418737,-1.56098
0.0338389,0.0782318,0.0377444;-1.69921,0.486481,-1.52817
0.0405051,0.078491,0.0307019;-1.56452,0.420276,-1.61332
0.0421144,0.0809803,0.0302914;-1.57679,0.388027,-1.59799
0.0498494,0.0902965,0.0299162;-1.58838,0.26427,-1.58602
0.0513476,0.0917728,0.0295648;-1.59701,0.251831,-1.57423
0.0449125,0.0865057,0.0290868;-1.57825,0.352969,-1.57038
0.0446201,0.0882282,0.0306826;-1.60014,0.423336,-1.55155
0.0389997,0.0827954,0.0286694;-1.56764,0.204454,-1.57019
0.0383784,0.0832295,0.0286653;-1.5708,0.158115,-1.57489
0.0381795,0.083413,0.0286681;-1.57067,0.138266,-1.57489
0.0393592,0.0844882,0.028639;-1.56771,0.20818,-1.57135
0.040303,0.08616,0.0292795;-1.57523,0.24231,-1.56266
0.0410677,0.0872538,0.0316793;-1.59499,0.262038,-1.53234
0.0392692,0.0798547,0.0286783;-1.56675,0.118286,-1.57037
0.0386604,0.0806314,0.0287383;-1.57067,0.0486713,-1.57816
0.0397109,0.0825409,0.0288658;-1.57449,-0.0299631,-1.5809
0.0379211,0.0803516,0.0291925;-1.58707,0.072407,-1.58272
0.0352188,0.0779074,0.0316841;-1.63618,0.139895,-1.57025
0.0324977,0.0773133,0.0357327;-1.71664,0.203966,-1.55002
0.034727,0.0788391,0.0358943;-1.71762,0.153354,-1.55654
0.0366943,0.0802467,0.0301282;-1.60439,0.0653335,-1.57946
0.0381699,0.0816013,0.0290155;-1.57721,-0.00767721,-1.58514
0.0374891,0.0796184,0.0287344;-1.57124,0.0306835,-1.57759
0.0370349,0.0776062,0.0286176;-1.56896,0.143426,-1.57099
0.0387366,0.083197,0.0293035;-1.57309,0.289592,-1.56187
0.0373924,0.0784214,0.0311915;-1.59607,0.307882,-1.53984
0.0364171,0.070683,0.0289351;-1.56482,0.221589,-1.57016
0.0337606,0.0668465,0.0286195;-1.56876,0.151991,-1.57119
0.0335813,0.0667562,0.0286694;-1.57061,0.138141,-1.57511
0.0340277,0.0665418,0.0286083;-1.57088,0.180272,-1.57228
0.0370748,0.0684275,0.0287555;-1.56506,0.302107,-1.56952
0.0391668,0.0786203,0.0318619;-1.62457,0.445738,-1.54814
0.0413546,0.080976,0.0345764;-1.67649,0.348124,-1.54909
0.0413957,0.0794126,0.031295;-1.60164,0.221113,-1.58761
0.0453924,0.0858868,0.0299243;-1.59934,0.0498741,-1.58238
0.0479775,0.0894151,0.0300213;-1.60466,0.0316879,-1.57999
0.0446005,0.0839501,0.030515;-1.5739,0.148899,-1.60304
0.048188,0.0955616,0.034475;-1.69479,0.449308,-1.52266
0.0505611,0.103701,0.0363329;-1.72738,0.37327,-1.51225
0.0528805,0.0954163,0.028615;-1.56411,0.236179,-1.58013
0.0491293,0.0974981,0.0286601;-1.57068,0.0050308,-1.57477
0.0495873,0.0973366,0.0286691;-1.56921,0.0472303,-1.57375
0.0504748,0.0976272,0.0287196;-1.56541,0.0994394,-1.57271
0.0525976,0.116031,0.0327613;-1.60698,0.370641,-1.51789
0.0534034,0.121098,0.0309753;-1.60025,0.393841,-1.54039
0.0535185,0.118584,0.0286561;-1.57283,0.367413,-1.56831
0.0522868,0.119307,0.0286254;-1.57173,0.234779,-1.5737
0.0518162,0.118356,0.0286804;-1.57078,0.274453,-1.57555
0.0505235,0.117608,0.0289765;-1.58117,0.320434,-1.57663
0.0585039,0.126562,0.0394021;-1.79887,0.528071,-1.4552
0.065254,0.131018,0.0396412;-1.81815,0.554071,-1.44721
0.0636773,0.129198,0.0380015;-1.75539,0.567864,-1.4959
0.0595109,0.12226,0.031129;-1.58586,0.472995,-1.60038
0.0667855,0.127903,0.0301874;-1.60359,0.400733,-1.57163
0.0625687,0.124233,0.0292372;-1.57367,0.453863,-1.58923
0.0625174,0.120947,0.0315678;-1.54731,0.53869,-1.62258
0.0774247,0.137312,0.0352855;-1.48256,0.721421,-1.62335
0.0881723,0.148139,0.0312355;-1.59349,0.679327,-1.5706
0.0924705,0.150995,0.0289784;-1.57144,0.595715,-1.58864
0.093971,0.152551,0.0286801;-1.57076,0.514934,-1.57552
0.0932849,0.152169,0.0288292;-1.57069,0.540972,-1.58279
0.0928434,0.151185,0.0294488;-1.56919,0.565571,-1.59278
0.100203,0.15424,0.0364879;-1.65967,0.680779,-1.53726
0.116445,0.163713,0.0378757;-1.77268,0.61466,-1.44856
0.121886,0.164016,0.0330789;-1.66981,0.567539,-1.52951
0.124008,0.161831,0.0339883;-1.6059,0.516035,-1.61444
0.129942,0.162434,0.0335551;-1.65358,0.489963,-1.56021
0.130471,0.161929,0.0371872;-1.75328,0.513599,-1.48982
0.138321,0.164953,0.041555;-1.83281,0.609052,-1.42614
0.147101,0.171268,0.0418422;-1.86913,0.583017,-1.38901
0.145328,0.170056,0.0370472;-1.77323,0.578891,-1.46169
0.147584,0.173499,0.0291482;-1.58948,0.495315,-1.57273
0.147245,0.173688,0.0291003;-1.58815,0.510263,-1.57208
0.146102,0.173768,0.0293469;-1.60303,0.539071,-1.55661
0.142994,0.176604,0.0347508;-1.6895,0.647815,-1.48679
0.143197,0.177685,0.0353097;-1.70734,0.658197,-1.46978
0.140121,0.173528,0.0295137;-1.5931,0.630111,-1.55687
0.139872,0.173213,0.0286524;-1.57092,0.59234,-1.57427
0.13996,0.173001,0.0286844;-1.5711,0.59811,-1.57538
0.139048,0.172389,0.028963;-1.57757,0.627421,-1.57942
0.136206,0.167955,0.0370901;-1.74681,0.718989,-1.48198
0.142665,0.168902,0.042865;-1.84764,0.7695,-1.41772
0.144764,0.170157,0.0426416;-1.90814,0.70051,-1.37253
0.146165,0.166,0.0355238;-1.67589,0.633912,-1.55422
0.151773,0.168479,0.0354456;-1.64893,0.575587,-1.58805
0.154556,0.169638,0.0356354;-1.64509,0.570764,-1.60171
0.151376,0.170125,0.0390169;-1.77876,0.665886,-1.47428
0.151756,0.17304,0.0423871;-1.87249,0.71769,-1.404
0.153861,0.176823,0.0439133;-1.95445,0.719738,-1.33223
0.147862,0.172547,0.0288774;-1.56477,0.627188,-1.59249
0.149293,0.173707,0.0286515;-1.57097,0.582324,-1.57429
0.150262,0.17443,0.028584;-1.571,0.55065,-1.57093
0.150776,0.174417,0.028578;-1.57111,0.616026,-1.57089
0.15181,0.17459,0.0303808;-1.5972,0.655882,-1.55289
0.155912,0.176313,0.0369192;-1.73297,0.688714,-1.45575
0.156665,0.171171,0.0289682;-1.57769,0.522382,-1.57981
0.159026,0.171683,0.0290058;-1.57977,0.436163,-1.579
0.163268,0.173293,0.0294419;-1.59891,0.396291,-1.56549
0.157029,0.169674,0.0342939;-1.6746,0.546557,-1.54064
0.158077,0.170129,0.0380265;-1.74561,0.619803,-1.50033
0.166783,0.175675,0.0421292;-1.88109,0.636786,-1.40132
0.168362,0.171694,0.038313;-1.80254,0.547638,-1.45197
0.165864,0.170532,0.0360959;-1.74871,0.551758,-1.48218
0.166803,0.171161,0.0334646;-1.68738,0.500598,-1.52031
0.162325,0.171659,0.0320324;-1.64532,0.59876,-1.53995
0.165962,0.177986,0.0331464;-1.60956,0.764943,-1.55939
0.174823,0.189889,0.0376474;-1.80282,0.87001,-1.41978
0.171942,0.185584,0.0312076;-1.63801,0.775442,-1.52122
0.166161,0.181006,0.0287725;-1.57103,0.670308,-1.56062
0.164228,0.178047,0.0287899;-1.57365,0.494448,-1.5618
0.166313,0.177647,0.0285983;-1.5703,0.482431,-1.57075
0.170609,0.179239,0.0306535;-1.52869,0.580538,-1.59819
0.179104,0.187393,0.0370694;-1.38254,0.68445,-1.68513
0.192565,0.203233,0.0417791;-1.71213,0.610193,-1.516
0.197818,0.205772,0.0374934;-1.77896,0.51387,-1.47692
0.201673,0.204372,0.0347007;-1.70824,0.416553,-1.52101
0.211944,0.208112,0.0361364;-1.72778,0.255472,-1.53484
0.210233,0.206519,0.0365776;-1.72174,0.331611,-1.53451
0.217314,0.215159,0.0403562;-1.69509,0.44267,-1.54643
0.232024,0.247751,0.0413065;-1.84431,0.506808,-1.45579
0.23409,0.248112,0.0386872;-1.79184,0.453203,-1.48094
0.234484,0.241603,0.0325777;-1.66913,0.396497,-1.53433
0.237083,0.234325,0.0288736;-1.58519,0.193042,-1.56557
0.236964,0.234114,0.0287805;-1.57119,0.196651,-1.56076
0.238798,0.237172,0.0294913;-1.56159,0.268386,-1.5573
0.242305,0.24873,0.0386464;-1.54869,0.458016,-1.55291
0.245261,0.253412,0.0360787;-1.56909,0.420901,-1.54816
0.245871,0.251854,0.0289901;-1.57718,0.369961,-1.55429
0.244978,0.246211,0.0289717;-1.58839,0.273573,-1.56436
0.244171,0.245836,0.029085;-1.59595,0.300865,-1.56313
0.24106,0.242715,0.0323891;-1.65403,0.370126,-1.54391
0.247547,0.25155,0.0468481;-1.665,0.565348,-1.552
0.253161,0.261098,0.0461993;-1.77668,0.552755,-1.49898
0.255895,0.262917,0.0396114;-1.76439,0.518059,-1.5119
0.266545,0.265033,0.0370487;-1.75305,0.306371,-1.51695
0.266909,0.265717,0.0373642;-1.7588,0.284729,-1.51782
0.265013,0.265887,0.0377473;-1.75392,0.317727,-1.52019
0.265013,0.265887,0.0377473;-1.75392,0.317727,-1.52019
0.264216,0.269981,0.0431891;-1.70704,0.389827,-1.53253
0.264216,0.269981,0.0431891;-1.70704,0.389827,-1.53253
