0,0,0.11;-1.57,-2.98023e-08,-1.57
0,0,0.11;-1.57,-2.98023e-08,-1.57
0,0,0.11;-1.57,-2.98023e-08,-1.57
-0.000613736,-0.000323707,0.0286007;-1.57113,-0.261373,-1.56971
0.000377305,-5.81287e-05,0.0285838;-1.57091,-0.15587,-1.57074
0.00145842,0.0021339,0.0290956;-1.57222,-0.0113428,-1.57424
0.00296185,-0.000377395,0.0384515;-1.67605,0.156538,-1.604
-0.000717527,-0.0155412,0.0309239;-1.5674,-0.0337103,-1.61183
-0.00413758,-0.0136148,0.0287165;-1.57257,-0.125009,-1.5764
-0.0034545,-0.0140272,0.0287553;-1.57016,-0.282293,-1.56171
-0.00288002,-0.0125286,0.0301967;-1.52416,-0.280012,-1.55508
-0.000573763,-0.00468242,0.0341362;-1.47283,-0.151306,-1.54387
-0.00207306,0.00185586,0.0371481;-1.48906,0.0070512,-1.53819
0.00345618,-0.0210071,0.0346713;-1.60142,0.0755685,-1.60263
0.00102411,-0.0364767,0.0308051;-1.56773,-0.0181023,-1.61554
-0.00067873,-0.0309142,0.0315387;-1.58267,-0.114077,-1.61391
-0.00071589,-0.0216118,0.0287088;-1.57092,-0.154354,-1.57706
0.00131984,-0.0189926,0.0288007;-1.56408,-0.0222535,-1.56608
0.00126642,-0.00831451,0.0308617;-1.57448,0.118552,-1.54864
-0.000712923,-0.00866869,0.0303694;-1.58473,0.196857,-1.56587
0.000791844,-0.0291548,0.0288694;-1.57067,0.198663,-1.57631
0.000398809,-0.0439759,0.0290924;-1.56059,0.168215,-1.58691
-0.0021443,-0.0361639,0.0288073;-1.57202,-0.0349069,-1.58009
-0.00300835,-0.0315217,0.0303109;-1.53391,-0.0661694,-1.56544
-0.00112618,-0.0227975,0.0346665;-1.48408,-0.00746871,-1.5375
0.00172679,-0.011671,0.0345259;-1.49745,0.0444169,-1.52902
0.00296049,-0.0142493,0.0301893;-1.55173,0.00499343,-1.552
0.000462993,-0.020968,0.0286944;-1.57074,-0.155449,-1.56512
0.000776183,-0.0207355,0.0285994;-1.57199,-0.162751,-1.57076
0.00142427,-0.020547,0.028594;-1.57013,-0.129591,-1.57074
0.00605901,-0.00938155,0.0299052;-1.55605,0.0422079,-1.55614
0.00573926,-0.000817988,0.0332816;-1.52551,0.114671,-1.52841
0.00398855,-0.00530614,0.0308747;-1.5532,0.0755066,-1.54944
0.00157878,-0.0130103,0.0288495;-1.57454,-0.0671077,-1.58011
0.00148268,-0.0144804,0.0287297;-1.57748,-0.0746351,-1.57079
0.00158716,-0.0145741,0.0287314;-1.5707,-0.0701191,-1.56373
0.0059851,0.000248668,0.0343926;-1.50966,0.0577935,-1.51922
0.00569125,0.00985983,0.037701;-1.48252,0.113868,-1.49757
0.00714639,0.0130857,0.0374179;-1.49505,0.0961687,-1.49727
0.00542689,-0.00785756,0.0319761;-1.59498,-0.0734697,-1.53381
-0.00333827,-0.012631,0.029927;-1.57505,-0.135898,-1.54855
-0.0131327,-0.013829,0.0318965;-1.57308,-0.0463819,-1.52602
0.0051595,-0.00272446,0.0329629;-1.57875,0.0773113,-1.52166
0.0161334,0.00499439,0.0371841;-1.61995,0.14502,-1.50163
0.0177801,0.0117649,0.0422292;-1.6363,0.183957,-1.49217
0.00881386,-0.00594757,0.0428303;-1.66797,0.128729,-1.51118
-0.0040048,-0.00585702,0.0433705;-1.71372,0.178433,-1.48331
-0.0145615,-0.0114978,0.0483252;-1.75345,0.196529,-1.46853
-0.0325352,-0.024332,0.0370034;-1.42578,0.440565,-1.61144
-0.0276625,-0.0201302,0.0387653;-1.44324,0.547417,-1.56427
-0.0249542,-0.00781767,0.0398377;-1.4565,0.601375,-1.5291
-0.0335102,-0.0143746,0.0389876;-1.43542,0.455467,-1.56395
-0.0379359,-0.0180621,0.0374051;-1.44982,0.386344,-1.56081
-0.0387124,-0.0202935,0.036215;-1.44558,0.34826,-1.57948
-0.0318167,-0.015556,0.0367176;-1.44708,0.454226,-1.57712
-0.0262592,-0.0101214,0.0379512;-1.46664,0.534074,-1.54063
-0.0213622,-0.00444296,0.0392032;-1.47594,0.618926,-1.51581
-0.027022,-0.0228267,0.0392896;-1.3895,0.503095,-1.62101
-0.0319623,-0.0275135,0.0384448;-1.36088,0.424559,-1.66102
-0.0305189,-0.0280769,0.0372241;-1.39513,0.408317,-1.65587
-0.0212593,-0.0194184,0.0411993;-1.39484,0.368553,-1.69693
-0.0170058,-0.0226795,0.0430497;-1.32887,0.466805,-1.73739
-0.0117631,-0.020377,0.0432391;-1.36302,0.631399,-1.69449
-0.00683841,-0.0222506,0.0461531;-1.51891,0.61997,-1.65158
-0.0113734,-0.0307061,0.0442844;-1.59344,0.539846,-1.66688
-0.0236667,-0.0403013,0.0372307;-1.54241,0.441988,-1.69239
-0.0160149,-0.0328371,0.0374663;-1.57611,0.310483,-1.68704
-0.00210802,-0.0214558,0.0395397;-1.53832,0.304873,-1.71749
0.0149309,0.00174192,0.0437035;-1.60914,0.370534,-1.67546
0.0184371,0.0338545,0.0499317;-1.71881,0.495606,-1.62289
0.0134208,0.0266169,0.0489909;-1.75849,0.425212,-1.61679
0.0036203,0.00687935,0.0418976;-1.65987,0.352262,-1.64784
-0.011202,-0.00937971,0.0305057;-1.59009,0.301046,-1.58915
-0.00746432,-0.00536594,0.0322073;-1.56983,0.258581,-1.62889
0.00170846,0.00374194,0.0346151;-1.5409,0.26868,-1.65506
0.0220534,0.0587668,0.0494764;-1.58342,0.378628,-1.59248
0.0230251,0.0622559,0.0537295;-1.60367,0.24653,-1.5985
0.0221619,0.0491967,0.0436086;-1.47758,0.0901723,-1.63928
0.0152423,0.0417117,0.0401427;-1.48853,0.0022296,-1.67469
0.0182123,0.040714,0.0422651;-1.44677,0.0597802,-1.68386
0.0207845,0.0389366,0.0405176;-1.39947,0.101869,-1.64537
0.0216409,0.0523159,0.0393365;-1.42793,0.406668,-1.59545
0.0202691,0.0528779,0.0413903;-1.59969,0.355805,-1.55935
0.0149331,0.0372171,0.0328088;-1.47537,0.262652,-1.60165
0.0130516,0.0409992,0.0292095;-1.59664,0.246679,-1.57287
0.0142844,0.0421341,0.0303038;-1.57367,0.252605,-1.6017
0.0152231,0.038638,0.0319076;-1.55596,0.345253,-1.62579
0.0294967,0.0469763,0.0406762;-1.33071,0.58004,-1.69251
0.0297084,0.040239,0.0401554;-1.31483,0.529232,-1.70465
0.0304588,0.0474922,0.0329378;-1.5098,0.450155,-1.63123
0.0309654,0.0573942,0.0289174;-1.58119,0.310521,-1.57387
0.0312594,0.0580058,0.0287568;-1.57074,0.314941,-1.57931
0.031393,0.0587235,0.0285767;-1.57079,0.313079,-1.57065
0.0379135,0.070565,0.0299314;-1.56228,0.57816,-1.56752
0.0407135,0.0723807,0.0292263;-1.57108,0.557987,-1.57563
0.03815,0.0631158,0.0307527;-1.55796,0.598386,-1.60222
0.0329939,0.0486654,0.0310227;-1.57185,0.537064,-1.60873
0.0292804,0.0489994,0.0288972;-1.58262,0.520544,-1.56988
0.0296437,0.0500103,0.0286805;-1.5686,0.510042,-1.57558
0.0313388,0.052391,0.0288865;-1.55517,0.50937,-1.57682
0.0511284,0.0828824,0.0387328;-1.78261,0.632043,-1.47121
0.0576709,0.0845068,0.0351731;-1.71432,0.532158,-1.5074
0.0617315,0.0787198,0.0296138;-1.58754,0.404875,-1.57429
0.0576148,0.0692602,0.0292948;-1.56053,0.253702,-1.57997
0.058681,0.072065,0.0288363;-1.56682,0.336453,-1.58066
0.0591815,0.0737036,0.0291172;-1.55119,0.454585,-1.58126
0.0604954,0.0862614,0.0306034;-1.58189,0.789048,-1.55941
0.0552432,0.0735333,0.0332905;-1.61826,0.795221,-1.56422
0.0460103,0.0539151,0.0315782;-1.55031,0.733579,-1.63069
0.0452083,0.0487216,0.0325;-1.59797,0.622902,-1.60214
0.0480942,0.0504994,0.0310438;-1.56765,0.674873,-1.61177
0.0492781,0.0515233,0.029928;-1.55349,0.706741,-1.60584
0.0791361,0.0870883,0.0322023;-1.63938,0.842409,-1.51355
0.0825341,0.0866172,0.0323582;-1.66986,0.792535,-1.5025
0.0780077,0.0769605,0.0286559;-1.57346,0.702555,-1.5707
0.066524,0.0618488,0.0302799;-1.57779,0.683864,-1.59141
0.0671634,0.0598016,0.0324238;-1.57711,0.663009,-1.6133
0.0670471,0.0592711,0.0340731;-1.48866,0.725971,-1.6645
0.0697927,0.0601825,0.0393518;-1.23843,1.00085,-1.83785
0.0804509,0.0645419,0.0386551;-1.29069,0.976378,-1.82429
0.0919528,0.0670524,0.0360632;-1.60245,0.873689,-1.61592
0.0900944,0.060495,0.0338436;-1.59141,0.697167,-1.62127
0.0886236,0.0602096,0.0347573;-1.59417,0.674134,-1.62986
0.0955924,0.0623936,0.0347214;-1.55996,0.686062,-1.66296
0.138231,0.0891949,0.0375024;-1.81884,0.742667,-1.40656
0.142803,0.0955202,0.0373329;-1.82613,0.796052,-1.39124
0.145418,0.0945036,0.0356623;-1.7694,0.770405,-1.43723
0.140276,0.0899192,0.0303149;-1.57292,0.67816,-1.59904
0.131218,0.0893159,0.0303326;-1.60567,0.72262,-1.56223
0.120992,0.0859913,0.0297834;-1.60567,0.803854,-1.55481
0.119059,0.0830781,0.0366089;-1.50335,1.04813,-1.6713
0.135995,0.09527,0.0431954;-1.55785,1.13172,-1.62305
0.149123,0.106796,0.0383618;-1.8718,1.16668,-1.35088
0.139091,0.10598,0.0290723;-1.55765,0.982799,-1.5981
0.140359,0.107766,0.0287949;-1.57768,0.904033,-1.57131
0.139285,0.10775,0.029099;-1.60328,0.935378,-1.55057
0.133054,0.103626,0.0313897;-1.55056,1.12155,-1.63374
0.141769,0.104647,0.0361511;-1.63816,1.27265,-1.56155
0.163812,0.116802,0.0399046;-2.12495,1.29554,-1.09301
0.17011,0.115292,0.0305495;-1.55301,1.05784,-1.62544
0.17192,0.118737,0.0293252;-1.57236,0.975498,-1.58672
0.171566,0.119539,0.0287557;-1.55823,0.945887,-1.58199
0.168943,0.11854,0.0301791;-1.49754,1.19789,-1.64814
0.164361,0.116823,0.0357078;-1.15588,1.36471,-1.9808
0.164938,0.116794,0.0429237;-0.415583,1.43017,-2.71429
0.166643,0.106992,0.0411429;-2.17107,1.34259,-1.06759
0.164618,0.101245,0.0331522;-1.57805,1.25767,-1.63
0.167286,0.101751,0.0369021;-1.80949,1.19196,-1.41146
0.154738,0.099818,0.033624;-1.48219,1.31998,-1.72226
0.163981,0.0973419,0.0376947;-1.00624,1.37869,-2.18318
0.183009,0.102269,0.0444418;-0.735047,1.47521,-2.43116
0.207538,0.106901,0.0411963;-2.28037,1.30915,-0.937132
0.199563,0.109614,0.0363463;-1.94714,1.30861,-1.24671
0.181862,0.110764,0.0295894;-1.46497,1.27385,-1.67008
0.17438,0.113193,0.0328918;-1.33029,1.1642,-1.79028
0.174772,0.113866,0.0364466;-1.16127,1.14418,-1.9424
0.184181,0.114067,0.0393353;-1.01123,1.21761,-2.07411
0.19451,0.110922,0.0382301;-1.09332,1.22315,-2.04911
0.188147,0.107788,0.0366423;-1.36271,1.18115,-1.82609
0.179847,0.106495,0.034968;-1.54874,1.13678,-1.67343
0.173862,0.107533,0.0353791;-1.55,1.07898,-1.66957
0.176212,0.105071,0.0376998;-1.44787,1.10015,-1.7762
0.184215,0.101576,0.0408066;-1.23612,1.17283,-1.97303
0.200956,0.104919,0.0458767;-1.05183,1.40072,-2.12222
0.183534,0.0962133,0.0384381;-0.973164,1.30918,-2.20641
0.178887,0.0950705,0.0367689;-1.10111,1.32225,-2.06536
0.185271,0.105024,0.0312688;-1.47107,1.17459,-1.68298
0.189336,0.105532,0.0325654;-1.47884,1.16833,-1.69481
0.197593,0.103029,0.0352707;-1.36442,1.18826,-1.81656
0.233578,0.115514,0.0471677;-1.38003,1.2943,-1.81395
0.238336,0.118102,0.0495348;-1.66384,1.2022,-1.58051
0.227019,0.114368,0.0427318;-1.68955,1.09943,-1.57213
0.235721,0.11525,0.037205;-1.68641,0.880771,-1.55577
0.238773,0.114859,0.0355459;-1.62041,0.88376,-1.6109
0.244043,0.115445,0.0323975;-1.56334,0.88762,-1.63563
0.275476,0.133824,0.0430919;-1.54545,1.0289,-1.59327
0.271946,0.134622,0.0479404;-1.65529,1.03367,-1.53241
0.254763,0.122883,0.0423605;-1.70491,1.02168,-1.52639
0.207123,0.113084,0.0402374;-1.57839,1.00171,-1.6923
0.194677,0.113986,0.0428627;-1.44118,1.05672,-1.81536
0.188787,0.118863,0.0419123;-1.26866,1.08879,-1.92866
0.188787,0.118863,0.0419123;-1.26866,1.08879,-1.92866
0.194457,0.128055,0.0403251;-1.114,1.10982,-2.00223
0.194457,0.128055,0.0403251;-1.114,1.10982,-2.00223
