0,0,0.11;-1.57,-2.98023e-08,-1.57
0,0,0.11;-1.57,-2.98023e-08,-1.57
0,0,0.11;-1.57,-2.98023e-08,-1.57
-0.000589401,-0.000413992,0.028605;-1.57119,-0.259565,-1.5697
0.00062292,0.0014365,0.0286446;-1.57001,-0.150479,-1.56791
0.000567614,0.00785678,0.0298645;-1.57203,-0.0365987,-1.55422
-0.00330669,0.0093268,0.0330464;-1.59425,0.129945,-1.53665
-0.00859826,-0.00467232,0.0289372;-1.56097,-0.0853185,-1.56233
-0.00887399,-0.00635549,0.0285796;-1.57062,-0.229137,-1.57088
-0.00770515,-0.00292529,0.0287822;-1.5753,-0.367132,-1.57793
-0.00839323,-0.00492561,0.0289968;-1.57323,-0.303963,-1.58907
-0.00747506,-0.00217847,0.0297508;-1.58095,-0.133847,-1.58002
-0.00813835,0.00948581,0.0344204;-1.66705,0.0343642,-1.56419
-0.00880056,0.0036422,0.0306221;-1.55467,0.0120872,-1.56014
-0.0124442,-0.00289148,0.0299031;-1.53202,-0.0907427,-1.56524
-0.014946,-0.0049925,0.0292107;-1.54416,-0.155091,-1.56219
-0.0135663,-0.00273809,0.0286057;-1.57053,-0.137772,-1.56941
-0.0127677,-0.000134884,0.0289645;-1.56521,-0.0669487,-1.5689
-0.0115216,0.0141236,0.031793;-1.61361,0.0635241,-1.55488
-0.0132861,0.022068,0.0359962;-1.70963,0.169404,-1.55677
-0.0137135,0.0208696,0.0328171;-1.63678,0.118831,-1.58028
-0.0141162,0.0200609,0.029214;-1.56592,0.0421961,-1.59045
-0.0144619,0.0239075,0.028889;-1.56538,-0.0151983,-1.58085
-0.0133725,0.0232474,0.0290917;-1.56079,0.024789,-1.58673
-0.00848824,0.0279659,0.0301924;-1.56939,0.130228,-1.59055
-0.00419079,0.0407844,0.0340052;-1.66534,0.227279,-1.5448
-0.00374753,0.0409539,0.0301844;-1.6078,0.200588,-1.56354
-0.0051943,0.0390252,0.0285994;-1.57049,0.143027,-1.57177
-0.00236716,0.0400264,0.0288654;-1.56403,0.257643,-1.56534
0.00071183,0.0418448,0.0291891;-1.5404,0.349402,-1.57969
0.0200175,0.0567518,0.0342311;-1.48385,0.512441,-1.59757
0.0346012,0.0727075,0.033608;-1.64541,0.585343,-1.50635
0.0377849,0.0697006,0.033682;-1.67262,0.513851,-1.51143
0.0354559,0.0633812,0.028761;-1.57055,0.354201,-1.5796
0.0350019,0.0628342,0.0285731;-1.57098,0.362168,-1.57034
0.0356603,0.063134,0.028854;-1.5641,0.407781,-1.56647
0.044037,0.0684148,0.03368;-1.4604,0.526922,-1.6191
0.0537885,0.0759668,0.0410278;-1.3514,0.626231,-1.66373
0.0615681,0.0827637,0.0422022;-1.38894,0.628659,-1.64163
0.0545106,0.0799959,0.038646;-1.35707,0.446111,-1.66745
0.0552024,0.0820322,0.0331957;-1.4571,0.44348,-1.60753
0.0567045,0.0828183,0.0290751;-1.55614,0.455887,-1.5665
0.0580167,0.0755552,0.0327545;-1.50311,0.684411,-1.64028
0.0651042,0.075365,0.043075;-1.25075,0.744747,-1.81848
0.0766213,0.0812205,0.0519624;-1.30288,0.791267,-1.78341
0.090729,0.102747,0.0471278;-1.48814,0.604568,-1.64381
0.0830229,0.101457,0.0424403;-1.34663,0.610917,-1.75862
0.0848694,0.0990227,0.031782;-1.53193,0.608176,-1.60871
0.0840001,0.0940725,0.0291907;-1.56276,0.731121,-1.59229
0.0846021,0.0911201,0.03491;-1.38738,0.860991,-1.70178
0.0906274,0.0896076,0.0431094;-1.18366,0.958156,-1.84839
0.0940814,0.0957787,0.0397747;-1.27005,0.748211,-1.78351
0.0991252,0.106802,0.0369725;-1.35163,0.667307,-1.71203
0.101616,0.112568,0.0345826;-1.42274,0.621927,-1.65381
0.102818,0.109253,0.0381641;-1.3156,0.759271,-1.75107
0.097094,0.102151,0.0426282;-1.14191,0.855403,-1.88857
0.100284,0.100086,0.0441223;-1.13555,0.987984,-1.8902
0.104955,0.0965635,0.0367949;-1.30736,0.94273,-1.78535
0.106448,0.10513,0.0351574;-1.37854,0.833043,-1.72045
0.109529,0.114877,0.0298421;-1.51672,0.751506,-1.60165
0.110352,0.116637,0.0345233;-1.39383,0.776672,-1.68876
0.114185,0.115908,0.0392869;-1.247,0.853556,-1.81232
0.120746,0.117812,0.0425255;-1.20536,0.991556,-1.83241
0.124495,0.111842,0.0395601;-1.17111,1.07084,-1.90856
0.127411,0.117503,0.0346154;-1.40131,0.987671,-1.73612
0.135869,0.125981,0.0297688;-1.57526,0.858377,-1.59194
0.142148,0.128433,0.0290208;-1.58084,0.756515,-1.57731
0.139733,0.125917,0.0320402;-1.56092,0.841344,-1.6285
0.148671,0.123936,0.0402654;-1.53449,0.981386,-1.65022
0.164294,0.130684,0.0464389;-2.17089,1.13398,-1.09888
0.162942,0.128474,0.0453906;-2.07375,1.09078,-1.19629
0.162017,0.126029,0.0406426;-1.81845,1.01805,-1.43524
0.151131,0.131374,0.0351165;-1.63116,0.831581,-1.59371
0.150293,0.132184,0.0334354;-1.61846,0.857197,-1.58615
0.151428,0.135064,0.0315359;-1.55047,0.945139,-1.62676
0.17078,0.151293,0.0402773;-2.16799,1.16974,-1.02482
0.173605,0.148577,0.0380988;-1.99905,1.13702,-1.19316
0.174658,0.143599,0.0319925;-1.66333,1.06698,-1.51441
0.170721,0.143734,0.0296026;-1.60109,0.946779,-1.56094
0.170581,0.14325,0.0294329;-1.58889,0.963092,-1.57456
0.173313,0.142871,0.0313495;-1.57636,1.00145,-1.60722
0.187943,0.146761,0.0423617;-2.1438,1.03628,-1.07007
0.190769,0.144796,0.0418368;-2.07362,1.00567,-1.14694
0.184776,0.141585,0.0417873;-1.98273,1.04174,-1.25315
0.174429,0.142281,0.0375369;-1.64359,0.981936,-1.6065
0.172201,0.145733,0.0356331;-1.65737,1.01668,-1.56415
0.169048,0.146585,0.0315039;-1.64919,1.08127,-1.52354
0.194641,0.152893,0.0351522;-1.95674,1.23542,-1.20861
0.201147,0.152323,0.036358;-2.04154,1.21883,-1.12985
0.197426,0.149723,0.0320797;-1.73469,1.22854,-1.43279
0.185517,0.149553,0.0293069;-1.58406,1.05574,-1.57173
0.182306,0.149132,0.0295208;-1.58572,1.07172,-1.57869
0.175633,0.14754,0.0303501;-1.56762,1.12901,-1.60772
0.210314,0.146294,0.0400289;-2.14548,1.22532,-1.05951
0.223186,0.144402,0.0422426;-2.2243,1.11374,-0.983234
0.22235,0.142564,0.0410682;-2.07684,1.14701,-1.14456
0.220785,0.141855,0.0374381;-1.76508,1.08432,-1.462
0.21451,0.143511,0.0333994;-1.78687,1.0856,-1.38365
0.203755,0.143429,0.0309846;-1.64695,1.19341,-1.52404
0.199279,0.14195,0.0311666;-1.54632,1.29036,-1.63309
0.246311,0.14644,0.0371752;-2.36764,1.3745,-0.809892
0.258631,0.141115,0.0357095;-2.01775,1.2872,-1.16242
0.25927,0.13753,0.0340412;-1.67611,1.20433,-1.52447
0.251123,0.136801,0.0339168;-1.64496,1.1557,-1.56278
0.242802,0.137298,0.032725;-1.65615,1.22311,-1.53561
0.237333,0.136588,0.0339039;-1.6042,1.32355,-1.58877
0.264914,0.134467,0.0438172;-2.9906,1.35945,-0.220041
0.278399,0.131388,0.043398;-2.73523,1.36839,-0.488181
0.280631,0.124572,0.0409797;-2.13007,1.3229,-1.10423
0.274146,0.136346,0.0376136;-1.62986,1.12251,-1.6198
0.269498,0.140641,0.0354617;-1.59084,1.16079,-1.64471
0.265032,0.142173,0.0316738;-1.5553,1.23034,-1.63517
0.263166,0.143648,0.0391321;-0.158479,1.5533,-2.96821
0.268148,0.138723,0.0401108;-0.395564,1.48362,-2.76757
0.282401,0.132499,0.0335104;-1.84575,1.44169,-1.351
0.283001,0.134131,0.0332952;-1.61884,1.18758,-1.58346
0.284438,0.133742,0.0323105;-1.62895,1.19425,-1.56308
0.277754,0.135215,0.032223;-1.59673,1.2766,-1.59563
0.289435,0.134625,0.0438946;-3.03493,1.31208,-0.154135
0.290243,0.135818,0.0464374;3.11725,1.29022,-0.037039
0.286161,0.133919,0.0429436;-2.97883,1.39114,-0.238915
0.275871,0.131099,0.0369928;-1.6364,1.26288,-1.61113
0.276639,0.136323,0.0339606;-1.62536,1.17781,-1.58137
0.277272,0.138269,0.0290013;-1.58295,1.17386,-1.57462
0.282026,0.140643,0.0302779;-1.70659,1.41632,-1.4307
0.290938,0.144981,0.0358805;3.10454,1.43681,0.0313425
0.294036,0.143456,0.0359532;3.07822,1.44412,0.0416634
0.286141,0.139721,0.0326666;-1.51042,1.39429,-1.68589
0.290986,0.140211,0.034247;-1.63202,1.25014,-1.5802
0.293672,0.13908,0.0346504;-1.65894,1.20956,-1.56114
0.299607,0.138819,0.0371116;-1.94992,1.26258,-1.23477
0.314612,0.138625,0.0404376;-2.59138,1.31195,-0.57487
0.321823,0.137629,0.0426376;-2.96567,1.3404,-0.217903
0.316929,0.13365,0.0368288;-2.06253,1.47185,-1.16481
0.316352,0.136422,0.0354352;-1.63571,1.3785,-1.5903
0.314663,0.143366,0.0312843;-1.60921,1.35995,-1.5694
0.31427,0.144192,0.0285886;-1.57165,1.37533,-1.57053
0.320731,0.14301,0.0298763;-1.64009,1.45731,-1.49749
0.335586,0.143843,0.0361422;3.08777,1.44723,0.0656048
0.34445,0.134635,0.0354441;2.49859,1.50671,0.587732
0.34497,0.13408,0.034761;-1.64375,1.53073,-1.58299
0.345556,0.135399,0.0355666;-1.86102,1.49348,-1.36534
0.340894,0.136749,0.0331438;1.45164,1.55282,1.62833
0.352999,0.130326,0.0385441;2.0482,1.45396,1.05267
0.370321,0.122408,0.0423349;2.70188,1.25757,0.453988
0.363341,0.123717,0.0380531;2.39667,1.42782,0.691328
0.350128,0.129931,0.0350548;1.56661,1.53558,1.48379
0.347745,0.134712,0.0344767;-2.18483,1.54386,-1.0257
0.340894,0.140177,0.029031;1.51334,1.43049,1.61429
0.344409,0.137573,0.0311637;1.33728,1.35802,1.80535
0.360474,0.131211,0.0366388;1.23092,1.25884,1.92841
0.385008,0.114809,0.0343029;1.99438,1.34423,1.13238
0.380952,0.11314,0.0316188;1.57057,1.40048,1.52086
0.378686,0.114159,0.0346163;1.66987,1.43789,1.40051
0.368491,0.122477,0.0336297;1.56627,1.33409,1.49935
0.363927,0.125553,0.0322636;1.50009,1.24688,1.59188
0.36556,0.123697,0.0377601;1.20529,1.13018,1.88971
0.376846,0.11107,0.0474052;0.867594,1.06753,2.17067
0.386848,0.098775,0.0436593;1.25421,1.24956,1.80514
0.391378,0.0873452,0.038428;2.19443,1.31734,0.928436
0.385895,0.100067,0.0404024;1.90678,1.39237,1.19343
0.370162,0.115963,0.0404683;0.974184,1.32855,2.08929
0.360821,0.119972,0.0421194;0.920793,1.22018,2.15339
0.361508,0.111764,0.0490581;0.767565,1.05684,2.2603
0.36843,0.10429,0.0512403;0.733216,1.09834,2.25673
0.378617,0.105023,0.0500503;0.709193,1.22787,2.28388
0.393402,0.111706,0.0430797;0.549307,1.40051,2.49311
0.387682,0.117351,0.0421979;0.709162,1.36076,2.35028
0.378449,0.116977,0.0387287;0.986131,1.27282,2.10962
0.376296,0.108714,0.0418412;1.12889,1.03892,1.98912
0.378049,0.10547,0.0416597;1.10679,1.0356,1.99876
0.379284,0.101159,0.0411306;1.04314,1.05582,2.03572
0.39736,0.0874675,0.0291298;1.59254,1.30764,1.53884
0.397223,0.0891961,0.0290258;1.52215,1.29834,1.61455
0.398171,0.0897574,0.0299706;1.46026,1.2476,1.6792
0.402985,0.0859812,0.0328669;1.56539,0.984734,1.60574
0.404885,0.0806798,0.0292578;1.56713,1.01867,1.56853
0.405424,0.0759627,0.0292354;1.57073,1.06458,1.55347
0.409881,0.0700145,0.030011;1.58509,1.19568,1.53317
0.412511,0.0692672,0.0292708;1.577,1.21261,1.54955
0.413098,0.069359,0.0293025;1.50912,1.18592,1.62574
0.413098,0.069359,0.0293025;1.50912,1.18592,1.62574
0.415596,0.0675201,0.0326391;1.39588,1.08952,1.73284
0.415596,0.0675201,0.0326391;1.39588,1.08952,1.73284
