0,0,0.11;-1.57,-2.98023e-08,-1.57
0,0,0.11;-1.57,-2.98023e-08,-1.57
0,0,0.11;-1.57,-2.98023e-08,-1.57
-0.000610372,-0.000403773,0.0285817;-1.57089,-0.261853,-1.57077
0.000684839,0.00135274,0.0285802;-1.57076,-0.165074,-1.57064
0.0020954,0.00756787,0.0290374;-1.57715,-0.0483104,-1.56757
0.000911193,0.0164096,0.0321228;-1.63345,0.09812,-1.56181
0.00150369,0.00501862,0.0286105;-1.57037,-0.0922676,-1.56953
0.00103998,0.00198605,0.0285952;-1.57087,-0.232265,-1.57014
0.00111081,0.00144538,0.0286272;-1.57086,-0.267256,-1.56842
0.00227053,0.0034898,0.0285847;-1.57058,-0.168154,-1.57061
0.00318169,0.00836346,0.0290444;-1.5738,-0.0549895,-1.56826
-3.88026e-05,0.0178996,0.0331225;-1.64334,0.0943192,-1.56079
-0.00132273,0.0094893,0.0300391;-1.59339,0.118874,-1.56446
-0.00175748,0.00147527,0.028609;-1.56919,0.0646724,-1.5708
-0.00206578,0.000797981,0.0286073;-1.57223,-0.0463422,-1.57112
-0.00122136,0.00403502,0.0287384;-1.57111,-0.176492,-1.57824
-0.00018765,0.00613006,0.029881;-1.55966,-0.159791,-1.5909
-0.000958881,0.021982,0.033031;-1.58097,-0.0718469,-1.60286
-0.00614524,0.0445193,0.0388732;-1.68253,-0.0342438,-1.61101
-0.00423856,0.0402875,0.0343466;-1.62634,-0.14873,-1.602
-0.00323638,0.0334365,0.0291589;-1.56902,-0.27986,-1.58808
-0.00534066,0.0367447,0.0288023;-1.57233,-0.412705,-1.58094
-0.0054449,0.0366551,0.0289302;-1.57312,-0.407225,-1.58618
-0.00535836,0.0403875,0.0304457;-1.57274,-0.340806,-1.5937
-0.00863691,0.0579751,0.0334146;-1.66211,-0.261669,-1.59553
-0.00735326,0.05831,0.0324721;-1.64551,-0.324179,-1.58614
-0.0051635,0.0490432,0.0286751;-1.56506,-0.589388,-1.56868
-0.00544109,0.0490511,0.0285895;-1.5709,-0.59827,-1.57034
-0.00520183,0.0496253,0.0285797;-1.57086,-0.560942,-1.57085
-0.00464047,0.0485862,0.0295331;-1.58625,-0.300169,-1.57608
-0.00914531,0.0521948,0.034833;-1.67464,-0.16194,-1.59251
-0.0113214,0.0471214,0.0376457;-1.72681,-0.180128,-1.59554
-0.00359371,0.0300612,0.0286446;-1.57036,-0.39883,-1.56695
-0.00176232,0.0287457,0.0285811;-1.57091,-0.511055,-1.57082
-0.00163864,0.0293125,0.0286443;-1.57323,-0.518353,-1.57062
-0.000914233,0.033734,0.0288011;-1.56581,-0.379835,-1.56878
-0.00540397,0.0398042,0.0301995;-1.58277,-0.258369,-1.5679
-0.00954437,0.0435594,0.0325519;-1.62457,-0.224553,-1.57766
-0.00589281,0.0349485,0.0285812;-1.57078,-0.442322,-1.57091
-0.00253866,0.0335625,0.028752;-1.57707,-0.609017,-1.57032
-0.00149279,0.0332162,0.0286258;-1.57265,-0.679688,-1.5707
-0.00279076,0.0367927,0.0287489;-1.57026,-0.759378,-1.57903
-0.00607406,0.0498925,0.0308919;-1.63793,-0.734943,-1.62048
-0.0137161,0.0568012,0.0355483;-1.74302,-0.625128,-1.67783
-0.00280257,0.0484294,0.0313108;-1.65266,-0.769489,-1.62581
0.0023542,0.0423818,0.0287926;-1.57185,-0.842224,-1.58154
0.00354653,0.0388218,0.0288026;-1.57183,-0.786455,-1.5813
0.00198939,0.0405566,0.0292862;-1.57274,-0.723439,-1.59135
-0.00208816,0.0501416,0.0310379;-1.56296,-0.6911,-1.59837
-0.0107772,0.0680608,0.0354864;-1.7354,-0.633628,-1.68083
-0.00381942,0.0586358,0.0323948;-1.65694,-0.683411,-1.62211
0.00731069,0.0405998,0.0286376;-1.57041,-0.703198,-1.56539
0.0101807,0.0357897,0.0286393;-1.57089,-0.75161,-1.5682
0.00871703,0.0370563,0.0285647;-1.56943,-0.642468,-1.56984
0.0115155,0.0365388,0.0291502;-1.55638,-0.514714,-1.57117
0.00870867,0.0434856,0.0301395;-1.5527,-0.437481,-1.57224
0.000850477,0.0438578,0.0296354;-1.56733,-0.555838,-1.56386
0.0019447,0.0405771,0.028914;-1.56826,-0.681413,-1.56372
0.00397177,0.038998,0.0285947;-1.56978,-0.781171,-1.56873
0.00376966,0.0394756,0.0286243;-1.57124,-0.796395,-1.56883
0.0020758,0.0406538,0.0286787;-1.57473,-0.726208,-1.57074
-0.00466932,0.0435174,0.0307158;-1.617,-0.588285,-1.58945
-0.00678838,0.0428225,0.0348064;-1.70047,-0.540223,-1.63523
-0.000334048,0.0389986,0.0322077;-1.65653,-0.63558,-1.61796
0.00330004,0.0328696,0.0286108;-1.57076,-0.703261,-1.56838
0.0028595,0.0318266,0.0286073;-1.56931,-0.736089,-1.56953
0.00274074,0.0323107,0.0285872;-1.5716,-0.74041,-1.5705
0.00210245,0.0350342,0.0288408;-1.58679,-0.738363,-1.58046
-0.0071507,0.0442361,0.0357954;-1.72139,-0.586484,-1.65419
-0.00586412,0.0405498,0.0361398;-1.73684,-0.577081,-1.66395
0.00300481,0.0278648,0.0326746;-1.67317,-0.660512,-1.63344
0.0176512,0.00427987,0.028721;-1.57092,-0.659207,-1.57736
0.0181892,0.00355165,0.028941;-1.57326,-0.625563,-1.58788
0.0193208,0.00419726,0.0311414;-1.5602,-0.587288,-1.60179
8.61488e-05,0.0363261,0.0371154;-1.6317,-0.515062,-1.65123
-0.0103371,0.0496356,0.0363413;-1.70974,-0.541073,-1.64835
-0.00621129,0.0412102,0.0338427;-1.6781,-0.601501,-1.62477
0.0039252,0.0256814,0.0285805;-1.57067,-0.688303,-1.57104
0.0040157,0.0257522,0.0285787;-1.57106,-0.672642,-1.57094
0.0050534,0.0248583,0.0287564;-1.57061,-0.586103,-1.57913
-0.00819492,0.0506268,0.0310346;-1.61458,-0.60174,-1.60385
-0.0135465,0.0642748,0.0353776;-1.72084,-0.685078,-1.6511
-0.00510885,0.0626095,0.0318858;-1.6379,-0.803241,-1.59919
0.00239973,0.0570454,0.0286721;-1.57074,-1.00614,-1.56641
0.0022014,0.0572008,0.0285654;-1.57075,-0.988797,-1.5715
0.00159424,0.0579016,0.0285873;-1.57138,-0.884803,-1.57084
-0.00192987,0.0587162,0.0310413;-1.62791,-0.612589,-1.60395
-0.00118841,0.0579739,0.0344238;-1.70629,-0.619133,-1.65372
0.00603275,0.0531491,0.0331019;-1.66489,-0.707456,-1.62506
0.0151146,0.0442156,0.0287341;-1.57445,-0.863416,-1.56859
0.0153102,0.0445223,0.0286949;-1.57114,-0.841225,-1.56525
0.0148107,0.0450282,0.0286182;-1.57162,-0.8143,-1.56937
0.00697415,0.0476067,0.0296266;-1.60123,-0.579764,-1.58946
0.00841333,0.0467781,0.0296892;-1.58789,-0.60439,-1.58952
0.0119614,0.0407044,0.0304799;-1.57003,-0.585349,-1.58607
0.020372,0.0204684,0.0290017;-1.57831,-0.713794,-1.57252
0.0236273,0.0172452,0.0288127;-1.58456,-0.774478,-1.58196
0.0239503,0.0164678,0.028958;-1.575,-0.73855,-1.58889
0.02691,0.0152985,0.0307604;-1.56907,-0.662214,-1.60707
0.0125158,0.04088,0.0359385;-1.66246,-0.549927,-1.66431
0.00913199,0.0499742,0.0347904;-1.71304,-0.632908,-1.66767
0.0154055,0.0472897,0.0327254;-1.6767,-0.785197,-1.64557
0.0262305,0.0400926,0.028678;-1.57662,-0.980813,-1.57416
0.0259206,0.0398796,0.0285786;-1.57367,-0.922567,-1.57435
0.0271562,0.0376112,0.0288751;-1.57223,-0.79623,-1.58544
0.0143359,0.0547871,0.0323748;-1.65155,-0.60304,-1.62815
0.0154145,0.0604329,0.0346335;-1.71054,-0.663391,-1.66418
0.0216189,0.0585842,0.0312906;-1.6008,-0.771977,-1.57368
0.0267807,0.0508262,0.0297474;-1.56301,-0.859469,-1.54738
0.0276241,0.0505027,0.0291102;-1.56124,-0.85985,-1.55331
0.0271203,0.0513583,0.028657;-1.57097,-0.802202,-1.56692
0.0267547,0.049784,0.0300743;-1.59076,-0.543626,-1.58819
0.0266952,0.0519213,0.0325509;-1.62364,-0.564164,-1.61511
0.0313964,0.0482699,0.0309205;-1.60346,-0.681531,-1.59224
0.0410407,0.0339898,0.0291843;-1.57669,-0.782259,-1.56678
0.0418888,0.0340349,0.0287962;-1.57397,-0.782672,-1.56482
0.0413589,0.0348391,0.0287536;-1.57118,-0.736364,-1.5625
0.0328484,0.0392521,0.0296497;-1.58648,-0.483333,-1.5798
0.030186,0.0406382,0.0313066;-1.61531,-0.453755,-1.59726
0.0334689,0.0400061,0.0314056;-1.60437,-0.537259,-1.60023
0.0304369,0.0354165,0.0294231;-1.58468,-0.816749,-1.57713
0.0328825,0.0383219,0.0288885;-1.58625,-0.935523,-1.57754
0.0338295,0.0402556,0.0287013;-1.57585,-0.990192,-1.57244
0.0321092,0.042199,0.0307692;-1.6287,-0.924208,-1.63239
0.0295624,0.0390297,0.0353264;-1.71523,-0.790574,-1.69489
0.0327676,0.035519,0.0374744;-1.77077,-0.771316,-1.72586
0.0432472,0.0158365,0.0323573;-1.68273,-0.923179,-1.65396
0.05056,0.00954597,0.0292141;-1.59286,-1.01993,-1.58856
0.0525441,0.00959452,0.0288775;-1.57918,-1.05894,-1.57735
0.0497692,0.0127049,0.0296932;-1.57926,-0.993582,-1.59746
0.0442232,0.0157128,0.0313388;-1.62167,-0.877934,-1.6318
0.0457028,0.0133874,0.0353262;-1.69811,-0.785907,-1.6852
0.0643045,-0.0114889,0.0293784;-1.56685,-0.837552,-1.55995
0.0677595,-0.0184948,0.0294281;-1.58396,-0.855514,-1.56856
0.0728517,-0.0215863,0.028963;-1.58356,-0.911003,-1.57017
0.0729505,-0.0199627,0.0286229;-1.57086,-0.859973,-1.56893
0.0706431,-0.0163178,0.0294376;-1.54784,-0.803175,-1.56384
0.0630146,-0.0097056,0.0309483;-1.52836,-0.786471,-1.5608
0.049737,0.00367779,0.0309937;-1.62148,-1.01783,-1.61926
0.0526828,2.15488e-05,0.0294652;-1.57233,-1.11559,-1.56385
0.0532833,-0.00111415,0.0291048;-1.58862,-1.15699,-1.57673
0.0531632,0.000602126,0.0287644;-1.5715,-1.12899,-1.56226
0.0492525,0.00195638,0.028844;-1.58967,-0.990731,-1.58443
0.0463911,-0.000107451,0.030242;-1.6238,-0.869186,-1.61994
0.0667212,-0.0184491,0.0292511;-1.56532,-0.912093,-1.57439
0.0689473,-0.0257053,0.0294249;-1.57003,-0.99882,-1.56684
0.0683943,-0.028684,0.029335;-1.58147,-1.04372,-1.5702
0.0683242,-0.0220241,0.0287335;-1.57076,-1.10845,-1.56345
0.0629743,-0.0173092,0.0292203;-1.61785,-1.04582,-1.60982
0.0576182,-0.0187308,0.0321665;-1.68582,-0.92474,-1.67427
0.0727058,-0.0353313,0.0362003;-1.69959,-0.840737,-1.7105
0.0961528,-0.0620091,0.0312231;-1.54743,-0.867298,-1.58369
0.103594,-0.0763516,0.0296876;-1.5748,-0.852595,-1.57872
0.102594,-0.0762808,0.0292057;-1.579,-0.917661,-1.57916
0.094202,-0.0632399,0.0294533;-1.56998,-0.963693,-1.58187
0.0748303,-0.0395177,0.0308311;-1.59193,-0.958726,-1.6152
0.0639614,-0.0262849,0.0330856;-1.60958,-0.922799,-1.63996
0.074555,-0.0378732,0.0298324;-1.55851,-0.979527,-1.57213
0.078975,-0.046869,0.0293647;-1.56924,-1.01636,-1.56518
0.0803226,-0.0480549,0.0290903;-1.58357,-1.11651,-1.57092
0.0805986,-0.0473376,0.0287992;-1.57035,-1.13425,-1.55962
0.0729458,-0.0405067,0.0288077;-1.58498,-1.10463,-1.57985
0.0469908,-0.0160624,0.0317089;-1.69519,-1.08815,-1.69085
0.0518612,-0.0144734,0.0308718;-1.66673,-1.16856,-1.66539
0.0578388,-0.0178626,0.0292215;-1.58351,-1.27351,-1.58277
0.0596806,-0.0262034,0.0290596;-1.61062,-1.28871,-1.59467
0.0590331,-0.0253114,0.0290594;-1.56886,-1.27237,-1.55692
0.0570496,-0.0231998,0.0287914;-1.58649,-1.22794,-1.57773
0.0436077,-0.0181601,0.031476;-1.65843,-1.03313,-1.66103
0.0457101,-0.0179634,0.0341121;-1.73531,-1.02012,-1.73092
0.0556417,-0.0259592,0.0306413;-1.62149,-1.10909,-1.62454
0.0659372,-0.0388969,0.0291977;-1.58868,-1.13385,-1.57687
0.0674092,-0.0391104,0.0289426;-1.58301,-1.12592,-1.56947
0.0666167,-0.0388382,0.0288441;-1.57515,-1.10025,-1.56374
0.0575453,-0.0360658,0.0310521;-1.59538,-0.87324,-1.6151
0.0542177,-0.0339077,0.0327961;-1.60451,-0.925565,-1.63004
0.0612486,-0.039034,0.0313418;-1.54636,-0.961891,-1.58605
0.0724954,-0.0628256,0.0296032;-1.59152,-1.04458,-1.59024
0.0726078,-0.063791,0.029642;-1.58971,-1.03202,-1.5874
0.0714525,-0.0598636,0.0298738;-1.60771,-0.947525,-1.5988
0.0714525,-0.0598636,0.0298738;-1.60771,-0.947525,-1.5988
0.0634021,-0.0476849,0.0302092;-1.63295,-0.899187,-1.62343
0.0634021,-0.0476849,0.0302092;-1.63295,-0.899187,-1.62343
