0,0,0.11;-1.57,-2.98023e-08,-1.57
0,0,0.11;-1.57,-2.98023e-08,-1.57
0,0,0.11;-1.57,-2.98023e-08,-1.57
-0.000592019,-0.000413826,0.0286055;-1.5709,-0.261328,-1.56951
-0.000301812,-0.000394956,0.0286114;-1.57096,-0.168185,-1.57242
-4.33104e-05,-0.000822455,0.029443;-1.57139,-0.0133406,-1.58102
0.0012307,0.0025809,0.0354506;-1.64943,0.0988002,-1.59412
0.00199014,0.0064632,0.0287479;-1.57105,-0.165358,-1.57926
0.00233181,0.00765089,0.0285816;-1.57093,-0.238725,-1.5708
0.00238731,0.00767043,0.0286018;-1.57092,-0.248819,-1.56966
0.00427442,0.010978,0.0285801;-1.57074,-0.0622096,-1.57083
0.00598474,0.0144553,0.0290221;-1.56786,0.108059,-1.57116
0.00610924,0.0199216,0.0316687;-1.5929,0.293301,-1.57706
0.00498115,0.00111985,0.030652;-1.55888,0.255795,-1.59881
0.00335538,-0.000478056,0.0288259;-1.57064,0.145173,-1.58272
0.00532918,0.00298249,0.0288378;-1.58048,-0.0190439,-1.57439
0.00608842,0.00395284,0.0285797;-1.57079,0.00947201,-1.57074
0.0079381,0.00679258,0.0291781;-1.55511,0.0713018,-1.57385
0.0109231,0.0251286,0.0312952;-1.53153,0.165088,-1.57764
0.0111454,0.0400756,0.0324292;-1.63216,0.17192,-1.56804
0.013475,0.0365285,0.0287401;-1.57205,0.0274344,-1.57705
0.0150882,0.0390013,0.0288569;-1.57053,-0.122082,-1.58415
0.0161319,0.0413002,0.0285742;-1.57049,-0.289444,-1.57058
0.0178135,0.0444553,0.0289405;-1.56445,-0.175827,-1.55838
0.018837,0.0544995,0.0306972;-1.57605,-0.0396126,-1.5405
0.0151491,0.0566564,0.0329736;-1.59252,0.0433766,-1.52224
0.0143293,0.0481905,0.0304521;-1.57038,-0.0389912,-1.5365
0.00927804,0.0337424,0.028824;-1.57575,-0.323283,-1.56479
0.00939816,0.0337683,0.0289009;-1.58318,-0.336248,-1.57128
0.0102292,0.0368419,0.0286783;-1.56946,-0.241039,-1.57595
0.0110803,0.0493842,0.0342994;-1.50377,0.0571157,-1.53897
0.00911359,0.0458161,0.0393091;-1.47833,0.145676,-1.53049
0.00946629,0.030714,0.0385115;-1.43523,0.106017,-1.53929
0.0094089,0.00571444,0.0291347;-1.56271,0.0026497,-1.55236
0.00751497,0.00298937,0.0290742;-1.56339,-0.0954279,-1.55371
0.00761656,0.00352132,0.0289556;-1.56433,-0.0761235,-1.55873
0.014404,0.0148149,0.0337381;-1.48173,0.122102,-1.56382
0.0159576,0.0277652,0.0383956;-1.43236,0.207084,-1.55848
0.0156841,0.0329458,0.0379563;-1.45216,0.188677,-1.54833
0.0148489,0.0200686,0.0289527;-1.56802,-0.00872352,-1.55498
0.0126095,0.0165193,0.0287616;-1.568,-0.153,-1.56375
0.0116601,0.0150691,0.0286847;-1.57063,-0.227837,-1.56559
0.0135772,0.0177307,0.0286321;-1.56992,-0.0615312,-1.57339
0.0156862,0.0260848,0.0304323;-1.53971,0.0643136,-1.56574
0.0157428,0.0400044,0.0319923;-1.57115,0.178152,-1.55746
0.0189779,0.0314341,0.0285635;-1.57006,0.0221746,-1.57072
0.0176614,0.0297754,0.0285795;-1.57095,-0.0549883,-1.57061
0.0180572,0.0290678,0.0286457;-1.57364,-0.111155,-1.57088
0.0191527,0.0318536,0.0287565;-1.5623,0.0562215,-1.57133
0.0234936,0.0336246,0.0300003;-1.55111,0.183184,-1.5807
0.0262123,0.0438917,0.035333;-1.46529,0.311653,-1.60076
0.0253776,0.0288158,0.0288165;-1.5672,0.230107,-1.5813
0.025987,0.0289138,0.0285855;-1.57119,0.149177,-1.57089
0.0274757,0.0297043,0.0287864;-1.5807,0.0657413,-1.57032
0.0279235,0.0309417,0.0287946;-1.5604,0.185705,-1.57254
0.0301783,0.0352442,0.0306672;-1.53032,0.262234,-1.58007
0.0309391,0.0545387,0.0367247;-1.4374,0.356311,-1.60518
0.035348,0.0763191,0.0361008;-1.68911,0.126507,-1.587
0.0344096,0.0730591,0.0323597;-1.6453,0.07805,-1.57516
0.0361036,0.0732743,0.0293952;-1.59593,0.0180116,-1.57673
0.0356929,0.0737351,0.0285795;-1.57068,0.0537294,-1.57065
0.0381674,0.0788655,0.0302688;-1.54683,0.12528,-1.57592
0.0412921,0.0969538,0.0376584;-1.58198,0.239564,-1.57902
0.0454139,0.11111,0.039185;-1.78157,0.128926,-1.54906
0.0466208,0.103999,0.0396565;-1.79489,0.0837225,-1.55459
0.047391,0.0962387,0.0379033;-1.76007,0.0160239,-1.56706
0.0462405,0.0957553,0.0327729;-1.65409,-0.0304762,-1.577
0.0451564,0.0973616,0.0298186;-1.5674,0.0625189,-1.56529
0.0454688,0.103562,0.0344718;-1.49107,0.196975,-1.55292
0.0449759,0.104596,0.0419885;-1.40398,0.274469,-1.53863
0.041077,0.0973495,0.0403989;-1.39806,0.182308,-1.54377
0.0352417,0.0941289,0.0360041;-1.45836,0.0371149,-1.55414
0.0336706,0.0935107,0.0295448;-1.58749,-0.211636,-1.57498
0.0375407,0.102822,0.0300171;-1.56978,-0.151854,-1.56915
0.039313,0.108649,0.0337549;-1.50307,-0.0065703,-1.54611
0.0359627,0.119385,0.04322;-1.40591,0.168284,-1.50594
0.0319477,0.112414,0.0430417;-1.39409,0.0709458,-1.50084
0.0269743,0.104788,0.0374594;-1.43984,-0.0551544,-1.51826
0.0168668,0.0951516,0.0296462;-1.55153,-0.360387,-1.55612
0.0200895,0.0964992,0.030104;-1.52864,-0.297854,-1.55891
0.0246334,0.100714,0.0344447;-1.4605,-0.180519,-1.55313
0.0259495,0.114831,0.043907;-1.35393,0.00965783,-1.51554
0.0256884,0.11873,0.0417063;-1.37291,-0.10801,-1.50786
0.0238403,0.113757,0.0350268;-1.4435,-0.228488,-1.53077
0.019949,0.105216,0.0292553;-1.54645,-0.398114,-1.55097
0.022362,0.109889,0.0292282;-1.55304,-0.269128,-1.55184
0.0263704,0.115567,0.0308968;-1.52134,-0.135603,-1.56087
0.0318392,0.12995,0.0396432;-1.43141,0.101185,-1.53068
0.0310532,0.130286,0.0377013;-1.4443,-0.0150203,-1.53204
0.0296539,0.124037,0.0322524;-1.51703,-0.104939,-1.54488
0.0253137,0.114234,0.0289191;-1.56466,-0.337003,-1.55834
0.0271343,0.118058,0.0290077;-1.56289,-0.212843,-1.55619
0.0286947,0.120656,0.0293048;-1.54211,-0.141739,-1.55973
0.036487,0.130566,0.0383363;-1.42736,0.107907,-1.55359
0.0344011,0.127909,0.0388093;-1.40857,0.0159578,-1.53638
0.0329654,0.126154,0.038051;-1.4112,-0.0258749,-1.54041
0.0260679,0.119893,0.0290966;-1.56022,-0.295404,-1.553
0.0257729,0.119389,0.0292526;-1.54688,-0.323736,-1.55316
0.0269991,0.122517,0.0294847;-1.5337,-0.251962,-1.55663
0.0305207,0.130696,0.0323161;-1.50056,-0.119423,-1.54793
0.0317596,0.126758,0.0442807;-1.4849,0.126776,-1.55981
0.0336919,0.1163,0.0427029;-1.4082,0.000808716,-1.56605
0.0333739,0.117845,0.0357394;-1.47219,-0.191946,-1.58323
0.0288353,0.128667,0.0292287;-1.58034,-0.43086,-1.57495
0.0322838,0.131964,0.0293902;-1.5871,-0.303158,-1.57957
0.0364798,0.134666,0.0333277;-1.54689,-0.144197,-1.58876
0.0397785,0.145912,0.0493133;-1.62538,0.156724,-1.58385
0.0406614,0.146674,0.0521826;-1.65423,0.0512891,-1.58117
0.0397511,0.14131,0.046183;-1.67755,-0.0620061,-1.58263
0.0319978,0.143399,0.0292729;-1.58887,-0.243396,-1.57068
0.0316864,0.14478,0.0291919;-1.57608,-0.20524,-1.56808
0.0326207,0.151916,0.0298093;-1.57678,-0.0708084,-1.54914
0.0282734,0.163145,0.0414264;-1.78487,0.246698,-1.55376
0.028559,0.162615,0.0422942;-1.81141,0.196025,-1.55411
0.0342261,0.158323,0.0388592;-1.76663,0.0784161,-1.56591
0.0455997,0.15598,0.0343216;-1.69084,-0.202989,-1.59995
0.0473781,0.158927,0.0320478;-1.64919,-0.255516,-1.59355
0.0452799,0.157338,0.0300926;-1.61357,-0.202511,-1.58014
0.0341782,0.165215,0.0349616;-1.69066,0.124831,-1.56635
0.0318188,0.162194,0.0382387;-1.74511,0.164874,-1.56633
0.0347309,0.15549,0.0369137;-1.71342,0.10452,-1.57916
0.0429123,0.148064,0.0306082;-1.61097,-0.114376,-1.59614
0.0452222,0.153003,0.0337799;-1.68076,-0.153297,-1.59351
0.0438061,0.155372,0.0362803;-1.72559,-0.118294,-1.59563
0.0386459,0.147678,0.0332445;-1.59792,0.149443,-1.60351
0.0391677,0.153987,0.0370011;-1.67921,0.292854,-1.58292
0.0371092,0.147882,0.0386931;-1.71561,0.254863,-1.56369
0.0333587,0.128618,0.0292748;-1.57214,0.0354386,-1.58908
0.0403933,0.140431,0.0303219;-1.61175,-0.127819,-1.58571
0.048142,0.151469,0.0353564;-1.71063,-0.198703,-1.6042
0.0441667,0.148164,0.0373114;-1.71342,-0.0308391,-1.59909
0.0418283,0.151877,0.0374599;-1.72067,0.0964122,-1.58159
0.0390566,0.148907,0.0393045;-1.75334,0.150137,-1.57085
0.0395908,0.135068,0.0289076;-1.57132,-0.0649358,-1.58736
0.043214,0.141186,0.0291352;-1.59425,-0.283473,-1.5819
0.0455937,0.145623,0.0293514;-1.59963,-0.353416,-1.58543
0.0435476,0.139557,0.0344467;-1.68145,-0.183417,-1.60322
0.040829,0.147768,0.0388484;-1.77772,-0.00942155,-1.57612
0.0350293,0.152497,0.0419039;-1.82405,0.123492,-1.55789
0.0310599,0.13439,0.0299496;-1.58246,-0.0327721,-1.55614
0.0272782,0.125858,0.0288553;-1.56691,-0.175193,-1.56077
0.0250825,0.122265,0.0288216;-1.57782,-0.316958,-1.56773
0.0304503,0.129955,0.0312232;-1.54389,-0.126532,-1.59136
0.0337313,0.140652,0.041951;-1.55587,-0.00462623,-1.58881
0.0347672,0.157021,0.0481119;-1.68447,0.109534,-1.58684
0.0232488,0.155755,0.0424674;-1.80747,0.116751,-1.53741
0.0172781,0.137779,0.0307231;-1.56159,0.0704655,-1.54887
0.0118909,0.126741,0.0293108;-1.55865,-0.150004,-1.55361
0.012541,0.126987,0.0308206;-1.52948,-0.168461,-1.57145
0.0172464,0.135013,0.0373809;-1.46317,-0.0724558,-1.58587
0.021308,0.152273,0.0467731;-1.59214,0.0165102,-1.58554
0.0306079,0.172212,0.0408424;-1.78915,-0.100575,-1.57061
0.0302615,0.16703,0.0362717;-1.70775,-0.142804,-1.57469
0.0306031,0.161213,0.0290963;-1.59124,-0.221771,-1.57482
0.0314215,0.161336,0.0287276;-1.5708,-0.240765,-1.56352
0.031065,0.163081,0.0292956;-1.59428,-0.134673,-1.57538
0.0308452,0.172058,0.0346644;-1.6939,-0.0175107,-1.57666
0.0334978,0.177203,0.0386862;-1.77652,-0.042329,-1.58401
0.0361481,0.172228,0.0369235;-1.74727,-0.0973417,-1.59381
0.0362749,0.169778,0.0339316;-1.68523,-0.129532,-1.5913
0.0357436,0.170962,0.0301695;-1.61298,-0.154506,-1.58126
0.0338714,0.168499,0.0289901;-1.5796,-0.0709061,-1.5821
0.0349467,0.167589,0.0295781;-1.56897,0.0497292,-1.58534
0.0377855,0.185068,0.0401577;-1.71366,0.167522,-1.59948
0.0394064,0.186719,0.039614;-1.72209,0.0384746,-1.60255
0.0408574,0.178635,0.0341625;-1.62314,-0.0786656,-1.61966
0.0426374,0.186747,0.0348592;-1.70336,-0.199639,-1.6009
0.0434064,0.191915,0.0327167;-1.66033,-0.204556,-1.59321
0.0417328,0.18916,0.0294087;-1.57243,-0.132204,-1.58983
0.0435173,0.219883,0.0364784;-1.72422,0.0015986,-1.58062
0.0485761,0.225309,0.0347589;-1.69798,-0.127595,-1.59099
0.0525803,0.224428,0.0314816;-1.63895,-0.234484,-1.5907
0.0569955,0.224002,0.0314092;-1.63877,-0.295872,-1.59881
0.0560273,0.225424,0.033247;-1.67324,-0.264303,-1.6032
0.0523496,0.218989,0.0335606;-1.651,-0.164848,-1.60441
0.0484084,0.251677,0.0352506;-1.68723,0.0294984,-1.57328
0.050585,0.253704,0.0362591;-1.69143,-0.0598316,-1.55296
0.0555724,0.243338,0.031085;-1.61277,-0.174773,-1.56173
0.0540087,0.2269,0.0290421;-1.5931,-0.363419,-1.58083
0.0544115,0.228494,0.0308068;-1.62501,-0.311137,-1.58943
0.0544452,0.223798,0.034514;-1.64449,-0.208454,-1.61673
0.0544452,0.223798,0.034514;-1.64449,-0.208454,-1.61673
0.0529351,0.233729,0.0419323;-1.62445,-0.0758128,-1.60008
0.0529351,0.233729,0.0419323;-1.62445,-0.0758128,-1.60008
