0,0,0.11;-1.57,-2.98023e-08,-1.57
0,0,0.11;-1.57,-2.98023e-08,-1.57
0,0,0.11;-1.57,-2.98023e-08,-1.57
-0.00139543,-0.00307156,0.0287735;-1.56512,-0.249853,-1.5653
-0.000400717,-0.000177092,0.0287729;-1.57084,-0.136144,-1.56166
-0.000271665,0.00509861,0.0297293;-1.56079,0.0395942,-1.55939
-0.00161856,-0.00719541,0.0341575;-1.47914,0.152995,-1.57193
-0.006514,-0.0153765,0.0287354;-1.57084,-0.126845,-1.56305
-0.00858547,-0.0189691,0.0288286;-1.56441,-0.27362,-1.56333
-0.00948071,-0.0203576,0.0287475;-1.5684,-0.330057,-1.56434
-0.00644929,-0.0171869,0.0285811;-1.57072,-0.129501,-1.5711
-0.00460334,-0.014261,0.0298017;-1.56295,0.0182374,-1.57862
-0.00595677,-0.00542589,0.0371528;-1.65297,0.197521,-1.57396
-0.00768158,-0.0219501,0.0315243;-1.60521,0.165448,-1.57945
-0.00953258,-0.0249528,0.0286326;-1.57084,0.0383527,-1.5735
-0.00998121,-0.024604,0.028636;-1.5728,-0.0770777,-1.57003
-0.00921816,-0.0236122,0.0287721;-1.56811,-0.0280777,-1.56358
-0.00691755,-0.0190325,0.0293851;-1.55991,0.0884309,-1.56321
-0.00805315,-0.0131288,0.0318002;-1.58163,0.28249,-1.54669
-0.0136767,-0.0338602,0.0361557;-1.46476,0.395569,-1.59177
-0.0154026,-0.040283,0.0325539;-1.48612,0.280328,-1.59083
-0.0181632,-0.0418935,0.0287231;-1.56982,0.1459,-1.5633
-0.0218793,-0.0449331,0.0287078;-1.56809,-0.0601155,-1.56523
-0.0196081,-0.0426392,0.0287385;-1.5685,0.0595006,-1.56341
-0.0162288,-0.0371705,0.0301928;-1.54738,0.215985,-1.56809
-0.0171303,-0.0345978,0.0325686;-1.53519,0.350748,-1.57309
-0.0209093,-0.0449317,0.0290543;-1.55285,0.295034,-1.57449
-0.0202588,-0.0449758,0.0290275;-1.59136,0.176257,-1.5688
-0.0195984,-0.0449542,0.0290952;-1.59434,0.14874,-1.56924
-0.0209933,-0.0463633,0.0289745;-1.57505,0.190189,-1.58448
-0.0125202,-0.031826,0.0346576;-1.67246,0.4365,-1.54402
-0.0116232,-0.0235847,0.039063;-1.75519,0.576092,-1.50637
-0.0165208,-0.0328359,0.036104;-1.67657,0.576397,-1.53868
-0.0261305,-0.0512098,0.028548;-1.57165,0.401217,-1.57096
-0.0271956,-0.0528524,0.0287449;-1.57075,0.301826,-1.5627
-0.0284517,-0.0539449,0.0287501;-1.56862,0.241284,-1.56477
-0.0190746,-0.0454954,0.0299142;-1.54405,0.43245,-1.57661
-0.0146166,-0.0360407,0.0329713;-1.5636,0.626133,-1.55685
-0.0187525,-0.0427859,0.0364443;-1.50194,0.680632,-1.60724
-0.0298796,-0.0630635,0.0289951;-1.54767,0.543288,-1.58291
-0.0320461,-0.0638006,0.0287013;-1.56987,0.45245,-1.56604
-0.033096,-0.0648105,0.0287517;-1.56995,0.392608,-1.56303
-0.0278775,-0.0615677,0.0293966;-1.54234,0.512036,-1.58391
-0.0186923,-0.0543936,0.032821;-1.50026,0.662112,-1.61341
-0.0130324,-0.0460027,0.0390931;-1.61399,0.787181,-1.55714
-0.0226977,-0.0625297,0.0287004;-1.55688,0.650983,-1.58614
-0.0238232,-0.0629366,0.0285753;-1.57063,0.58905,-1.57108
-0.0244479,-0.0641086,0.0287355;-1.57692,0.556781,-1.56433
-0.0226423,-0.0635688,0.0292618;-1.53792,0.62211,-1.59036
-0.0139091,-0.0581426,0.0335625;-1.458,0.729954,-1.64552
-0.00247807,-0.0482526,0.0376829;-1.42767,0.863523,-1.66315
-0.00447818,-0.0529771,0.0288693;-1.55332,0.737342,-1.58128
-0.00586908,-0.0531402,0.0285876;-1.57009,0.685199,-1.57117
-0.00696619,-0.0538502,0.0287454;-1.56918,0.626026,-1.564
-0.00562377,-0.0532395,0.0290536;-1.54199,0.650058,-1.58752
0.00161633,-0.0484078,0.0322786;-1.48823,0.732043,-1.62351
0.0103443,-0.0397891,0.0374869;-1.46222,0.875847,-1.63836
0.0253208,-0.0288236,0.0290006;-1.58948,0.738118,-1.56179
0.0246529,-0.0309386,0.028573;-1.57129,0.663642,-1.57014
0.0231194,-0.0315537,0.02882;-1.55887,0.615905,-1.57574
0.0228927,-0.0316976,0.0287885;-1.57071,0.596281,-1.56099
0.0271378,-0.028081,0.0295427;-1.57047,0.681749,-1.5574
0.0314553,-0.0199296,0.0327778;-1.61099,0.836188,-1.51213
0.0327353,-0.0183988,0.0320393;-1.67469,0.895832,-1.4979
0.0326348,-0.0225381,0.0287004;-1.57701,0.825774,-1.56807
0.0300437,-0.0245215,0.0285767;-1.57019,0.748684,-1.57146
0.0275437,-0.0257922,0.0287632;-1.57023,0.67121,-1.56252
0.0290906,-0.0250858,0.0288612;-1.56216,0.715071,-1.56918
0.0374928,-0.0195795,0.0301766;-1.54198,0.809295,-1.58081
0.0494724,-0.00651307,0.0339862;-1.73495,0.952648,-1.45176
0.0526865,-0.00598595,0.0340571;-1.73381,0.900696,-1.45418
0.0499188,-0.0127115,0.0286163;-1.56797,0.800617,-1.57561
0.0462195,-0.0142077,0.0287338;-1.56833,0.684667,-1.56689
0.0474066,-0.0137097,0.0285825;-1.57117,0.72737,-1.57014
0.050941,-0.0131582,0.0291975;-1.53919,0.821294,-1.59078
0.071018,0.0065622,0.0371874;-1.8236,1.04287,-1.3832
0.0752353,0.00651877,0.0358033;-1.80049,0.989441,-1.39542
0.0779514,0.00283655,0.0323653;-1.70548,0.910383,-1.47048
0.0755271,-0.000225003,0.0290344;-1.6008,0.878655,-1.55066
0.0727054,0.000517808,0.0289699;-1.5889,0.966425,-1.5642
0.0697303,0.000949424,0.0293996;-1.61894,1.04688,-1.5349
0.0879497,0.0123337,0.0367266;-1.74283,1.25816,-1.42331
0.0973801,0.0159177,0.0353115;-1.68316,1.18936,-1.47437
0.103809,0.0126623,0.0288287;-1.59171,1.04845,-1.55457
0.100848,0.010249,0.0288835;-1.55056,0.895345,-1.58446
0.100703,0.0102921,0.0285844;-1.56995,0.90622,-1.57129
0.101828,0.0098114,0.0288138;-1.56253,0.975796,-1.57095
0.109636,0.0145283,0.0386501;-1.31537,1.21291,-1.78813
0.117383,0.0183402,0.0401129;-1.27144,1.14972,-1.82931
0.132149,0.0226115,0.0289706;-1.60488,1.06304,-1.5452
0.13021,0.0205521,0.0287885;-1.55664,0.91616,-1.58033
0.130324,0.0206522,0.0286942;-1.56821,0.934718,-1.56879
0.13068,0.0205189,0.028848;-1.57051,0.945832,-1.55804
0.130811,0.0219099,0.034786;-1.39408,1.25881,-1.71235
0.13026,0.0186357,0.0378327;-1.19215,1.22169,-1.91326
0.136031,0.0206157,0.0344091;-1.3268,1.19353,-1.8031
0.14462,0.0267074,0.0286078;-1.56836,0.894116,-1.57116
0.141965,0.0270292,0.0288528;-1.55406,0.759147,-1.58037
0.14434,0.027744,0.0285807;-1.57176,0.881795,-1.56968
0.14568,0.0319994,0.0291623;-1.57808,1.04948,-1.5648
0.146541,0.0377031,0.0356336;-1.83851,1.20004,-1.3529
0.15327,0.0362403,0.0344578;-1.77626,1.12583,-1.40923
0.158807,0.0329934,0.0287931;-1.58629,1.02219,-1.55988
0.157252,0.0330418,0.0287146;-1.55987,0.934788,-1.5795
0.156823,0.0326299,0.0285747;-1.57075,0.980972,-1.57078
0.155603,0.034975,0.0288042;-1.58494,1.12815,-1.56238
0.141645,0.0364523,0.037604;-1.67444,1.44221,-1.49505
0.147021,0.0368272,0.0421106;-1.58809,1.37138,-1.5884
0.162703,0.0373024,0.0319423;-1.74325,1.22177,-1.42544
0.171614,0.0327997,0.0291931;-1.61819,1.06333,-1.53614
0.169152,0.0339671,0.029223;-1.63338,1.09476,-1.51811
0.16591,0.036697,0.0324217;-1.7855,1.1646,-1.37487
0.155225,0.042259,0.0378817;-2.72522,1.45225,-0.466596
0.156797,0.040681,0.0381968;-2.31251,1.50038,-0.879764
0.167464,0.0400475,0.031058;-1.68228,1.39559,-1.48956
0.174866,0.0388792,0.0286239;-1.56895,1.15437,-1.57382
0.174776,0.0388843,0.0286513;-1.56601,1.09037,-1.57354
0.174979,0.0389985,0.0287192;-1.57127,1.11734,-1.56339
0.171726,0.0484694,0.0334251;-2.16558,1.46203,-0.984562
0.159749,0.0449134,0.0384163;-3.08011,1.5094,-0.10694
0.159739,0.0417936,0.0360755;-0.97856,1.47973,-2.19143
0.168201,0.0450248,0.0288356;-1.55065,1.28214,-1.5967
0.170612,0.0468423,0.0285674;-1.5725,1.17098,-1.56934
0.170767,0.0469065,0.0285814;-1.57114,1.15209,-1.57041
0.1777,0.0571789,0.0350027;-2.25841,1.37809,-0.901625
0.170209,0.0609463,0.0396988;3.08148,1.41332,0.0156809
0.164075,0.0584482,0.0397638;2.70757,1.43393,0.370057
0.169894,0.0536176,0.0305475;-1.92759,1.49406,-1.23592
0.172031,0.0524513,0.0291064;-1.70446,1.44819,-1.44718
0.173201,0.0511735,0.0288196;-1.61026,1.38205,-1.53612
0.17583,0.0561677,0.0303325;-2.39365,1.53127,-0.743016
0.174904,0.0623281,0.0335723;2.08194,1.39978,1.05479
0.16358,0.063743,0.0393169;1.97604,1.26586,1.11801
0.164493,0.0597394,0.0289924;1.54052,1.41566,1.58561
0.166565,0.0605593,0.0287794;1.39999,1.52425,1.7399
0.167538,0.0619278,0.0286781;-1.48286,1.51747,-1.65845
0.170449,0.0622391,0.028811;-1.46789,1.5506,-1.67607
0.17614,0.0656293,0.0313955;1.80211,1.42869,1.34834
0.171664,0.0703218,0.0366297;1.95312,1.26299,1.17099
0.17026,0.0678636,0.0320196;1.74002,1.30957,1.38239
0.169763,0.0659178,0.0290248;1.59596,1.35614,1.53294
0.17073,0.0643132,0.0291078;1.66463,1.3973,1.46911
0.172054,0.0633541,0.0313377;1.9672,1.40468,1.17721
0.173763,0.0682281,0.0351072;2.01185,1.27745,1.1353
0.170345,0.0748869,0.0380563;1.93466,1.14694,1.20594
0.166635,0.0775573,0.0346787;1.7444,1.12742,1.37523
0.162783,0.0794785,0.0291848;1.57675,1.13301,1.54905
0.16236,0.0802708,0.02872;1.56989,1.16627,1.56523
0.163199,0.0811387,0.0287467;1.57142,1.29363,1.5784
0.168822,0.0795901,0.0303281;1.58885,1.21439,1.57146
0.175627,0.0811626,0.0336176;1.68574,1.04183,1.4826
0.16901,0.081635,0.0343099;1.70726,0.96708,1.42571
0.1686,0.0812788,0.0290691;1.56741,0.998859,1.55759
0.166124,0.0832247,0.0289962;1.56413,0.98295,1.56813
0.167239,0.0841002,0.0286885;1.57005,1.09921,1.57689
0.169423,0.0835858,0.0291023;1.58831,1.05179,1.56002
0.177866,0.0831592,0.0340385;1.72331,0.942786,1.44797
0.177355,0.0920777,0.0378809;1.74811,0.749397,1.40703
0.17705,0.091732,0.0358414;1.70904,0.767377,1.4362
0.175046,0.0954099,0.0320103;1.62578,0.753877,1.49882
0.173164,0.0970673,0.029075;1.59524,0.807772,1.54618
0.173426,0.0964784,0.0292267;1.61116,0.818021,1.53982
0.177755,0.0955528,0.0313771;1.65042,0.757841,1.51254
0.185086,0.0978379,0.0372483;1.72949,0.534808,1.45933
0.184582,0.0986019,0.0353267;1.68064,0.543509,1.48171
0.184037,0.0972067,0.0288366;1.57049,0.592438,1.55875
0.182906,0.0988223,0.0287341;1.56172,0.597623,1.57606
0.183045,0.0987089,0.0285809;1.57061,0.603783,1.57105
0.183938,0.0965559,0.0290365;1.56336,0.568262,1.57472
0.193148,0.0910114,0.0357706;1.69682,0.36902,1.50391
0.193156,0.0901482,0.0378233;1.7196,0.368301,1.47969
0.191544,0.0866339,0.0297263;1.60833,0.438055,1.55267
0.190625,0.0906754,0.0290246;1.58247,0.440681,1.55507
0.190508,0.0917648,0.0290545;1.58866,0.423026,1.55705
0.190318,0.0923555,0.0303802;1.62015,0.414269,1.54729
0.195353,0.0920699,0.0381627;1.73446,0.296581,1.49639
0.19459,0.0939888,0.0375603;1.71743,0.280888,1.49566
0.194022,0.0916535,0.0343241;1.67619,0.326074,1.51836
0.196282,0.0966835,0.0289826;1.5798,0.306548,1.55738
0.196103,0.098128,0.0285706;1.57062,0.274864,1.57121
0.196098,0.098305,0.0287065;1.57111,0.25667,1.57726
0.196098,0.098305,0.0287065;1.57111,0.25667,1.57726
0.198049,0.0951043,0.0301114;1.57805,0.167441,1.58327
0.198049,0.0951043,0.0301114;1.57805,0.167441,1.58327
