0,0,0.11;-1.57,-2.98023e-08,-1.57
0,0,0.11;-1.57,-2.98023e-08,-1.57
0,0,0.11;-1.57,-2.98023e-08,-1.57
-0.000553487,-0.000383541,0.0285852;-1.57093,-0.259704,-1.57055
5.74523e-05,-0.000266696,0.0285796;-1.57075,-0.151216,-1.57069
0.000291499,0.00392071,0.0289598;-1.58163,-0.000625104,-1.57076
-0.00166791,0.00809651,0.0356738;-1.6986,0.129,-1.57176
0.00199806,0.00665093,0.0295524;-1.57104,-0.0311749,-1.594
0.00287116,0.0094409,0.02908;-1.58366,-0.0975498,-1.5832
0.00610563,0.013878,0.0288588;-1.58175,-0.269927,-1.5766
0.0043119,0.00882463,0.0288107;-1.57067,-0.058148,-1.58167
0.00753597,0.0102213,0.0293671;-1.56907,0.0724731,-1.57988
0.0100492,0.0245364,0.032891;-1.56751,0.177571,-1.57888
0.0123342,0.0319411,0.0369196;-1.71118,0.112863,-1.57918
0.0119243,0.0258971,0.02903;-1.56885,0.00199887,-1.59054
0.0107044,0.0282397,0.0285933;-1.57057,-0.127156,-1.57167
0.0117821,0.0324655,0.0289355;-1.5709,-0.223511,-1.58774
0.0119994,0.0345346,0.0311825;-1.6074,-0.12972,-1.59454
0.0107517,0.0431885,0.0396816;-1.775,0.0355756,-1.5848
0.00682624,0.037503,0.0410934;-1.77416,0.15159,-1.58125
0.0078516,0.0353414,0.0363245;-1.70615,0.0678337,-1.58085
0.00863918,0.0324847,0.0287208;-1.5715,-0.0560773,-1.58164
0.00954401,0.0358169,0.0285859;-1.57096,-0.21481,-1.57165
0.0089216,0.0340122,0.0287854;-1.57025,-0.115765,-1.58064
0.0105429,0.0364644,0.0295009;-1.57193,0.0223302,-1.58154
0.0109591,0.0457595,0.0316792;-1.61984,0.0761191,-1.58191
0.0113285,0.0442318,0.0332408;-1.65551,0.0488417,-1.58371
0.0117872,0.0457876,0.0290584;-1.58301,-0.176501,-1.58385
0.0138734,0.0516033,0.0291043;-1.58163,-0.289381,-1.58846
0.0154593,0.0570575,0.0291171;-1.57685,-0.330342,-1.59248
0.012655,0.064778,0.0342982;-1.68528,-0.0745481,-1.58452
0.0087063,0.0711838,0.0384461;-1.76548,0.0355966,-1.57342
0.00680644,0.0645022,0.0390142;-1.7577,0.0652044,-1.58215
0.00427678,0.051672,0.0285998;-1.5689,-0.0863135,-1.57433
0.00486266,0.052253,0.028578;-1.57068,-0.159662,-1.57071
0.00543875,0.0538005,0.0287572;-1.57692,-0.211416,-1.57484
0.00753105,0.0532178,0.0318011;-1.56754,-0.0261122,-1.61358
0.0093108,0.0663948,0.0393502;-1.69755,0.145874,-1.61404
0.00856593,0.0692026,0.045054;-1.78768,0.184094,-1.61288
0.00319887,0.0384061,0.0289907;-1.54453,0.0985801,-1.59645
0.00360018,0.0413279,0.0287244;-1.57529,-0.025634,-1.57375
0.0050417,0.0416974,0.0285787;-1.57074,-0.117056,-1.57086
0.0059681,0.0437983,0.0288952;-1.5785,-0.121948,-1.57917
0.00711482,0.0537027,0.0317901;-1.63761,0.0154944,-1.57429
0.00411722,0.0634338,0.0394246;-1.78374,0.128676,-1.55546
-0.00395818,0.0404052,0.0310492;-1.60273,0.197339,-1.58928
-0.00559512,0.0378023,0.0290291;-1.56936,0.145398,-1.58727
-0.00214893,0.0454048,0.0290066;-1.57595,0.0296979,-1.58548
0.00218651,0.0570549,0.0305071;-1.56752,-0.0450846,-1.60769
0.00423121,0.0669188,0.0342059;-1.65939,0.0981172,-1.58312
0.00138135,0.0741872,0.0389859;-1.74469,0.257444,-1.55685
-0.0066098,0.0428107,0.0307044;-1.61048,0.297304,-1.57093
-0.0086981,0.0392449,0.0286136;-1.56878,0.205877,-1.57538
-0.00805053,0.0389905,0.0287255;-1.57776,0.156891,-1.56967
-0.00592159,0.0427745,0.0288927;-1.5717,0.050636,-1.58505
3.78624e-05,0.0540893,0.0312052;-1.60059,0.103128,-1.59083
0.00644916,0.0701016,0.0400171;-1.79726,0.172774,-1.54419
0.0015302,0.0585438,0.0374945;-1.69624,0.228516,-1.5849
-0.00744922,0.0400678,0.0294076;-1.5644,0.251206,-1.59597
-0.00892191,0.0383542,0.0289671;-1.58002,0.277172,-1.57777
-0.00735072,0.0419425,0.0287545;-1.57061,0.181752,-1.57911
-0.00384403,0.0472422,0.0289614;-1.57939,0.241821,-1.57846
0.00252535,0.0662689,0.0343975;-1.6853,0.356321,-1.54178
-0.00200787,0.0583029,0.0377355;-1.74406,0.43743,-1.52122
-0.0115877,0.036269,0.0310694;-1.61851,0.461192,-1.56371
-0.0155879,0.027496,0.0288299;-1.57115,0.46864,-1.58305
-0.0131672,0.0341637,0.0292781;-1.56899,0.355651,-1.591
-0.010017,0.046486,0.0308509;-1.5607,0.278762,-1.61493
0.00603971,0.0783964,0.0324517;-1.61621,0.306307,-1.59454
0.00992493,0.0900338,0.0388435;-1.79055,0.377258,-1.49873
0.00568277,0.0853603,0.0381509;-1.76526,0.403572,-1.51087
-0.00543187,0.0699657,0.0285028;-1.5506,0.465543,-1.58844
-0.00471421,0.069922,0.0285812;-1.57097,0.360253,-1.57059
-0.00365737,0.0712021,0.0286659;-1.5703,0.328142,-1.57555
-0.00119865,0.0739659,0.028948;-1.57666,0.28169,-1.58093
0.00580204,0.0907854,0.041817;-1.84136,0.475016,-1.47059
0.00145348,0.0868399,0.0440659;-1.86031,0.519681,-1.47641
-0.0118082,0.0702497,0.0394222;-1.73562,0.582593,-1.53653
-0.0255912,0.0542971,0.0289687;-1.58489,0.607931,-1.56979
-0.0246731,0.0552855,0.0287204;-1.57085,0.590059,-1.57747
-0.0227337,0.0572761,0.0288904;-1.57254,0.572905,-1.58288
0.00897355,0.0945139,0.0386998;-1.8102,0.627486,-1.44309
0.0147254,0.0981102,0.0397508;-1.8305,0.553895,-1.44356
0.0127045,0.0947344,0.0351672;-1.72446,0.537485,-1.50095
-5.26408e-05,0.0837909,0.0286545;-1.5708,0.719166,-1.57408
0.00133637,0.0850331,0.0289557;-1.56841,0.735899,-1.59131
0.0117233,0.0934663,0.0320754;-1.55403,0.684718,-1.63561
0.0493776,0.123586,0.0401227;-1.86832,0.679772,-1.3904
0.0467151,0.122642,0.0396153;-1.86052,0.690006,-1.39187
0.0333831,0.115575,0.0334746;-1.70622,0.783213,-1.48533
0.0216714,0.108356,0.0288523;-1.59069,0.932522,-1.55617
0.0219502,0.108574,0.0286304;-1.5713,0.956813,-1.57291
0.0225283,0.109173,0.0287005;-1.57074,0.960324,-1.57662
0.066675,0.140527,0.0339475;-1.75736,1.01172,-1.42786
0.076392,0.144909,0.0379997;-1.86347,0.925294,-1.35205
0.0764051,0.143766,0.0378111;-1.85197,0.902627,-1.36955
0.0543413,0.133999,0.0307974;-1.58132,1.00548,-1.59842
0.0434431,0.131636,0.029098;-1.61391,1.16632,-1.53917
0.0444579,0.132199,0.0289293;-1.56756,1.14403,-1.58926
0.0549104,0.136457,0.0292477;-1.56772,1.0961,-1.5858
0.0999354,0.150991,0.039056;-2.05102,1.10396,-1.14343
0.100171,0.151314,0.0394044;-2.04423,1.08612,-1.1557
0.0860202,0.149646,0.0340781;-1.82856,1.17404,-1.35089
0.0730693,0.148867,0.0285955;-1.57326,1.38883,-1.56856
0.0736055,0.149088,0.0289299;-1.56209,1.42747,-1.59545
0.0804569,0.150467,0.0317167;-1.44869,1.38516,-1.73468
0.152853,0.164962,0.0421008;-2.52027,1.30909,-0.684149
0.159647,0.164155,0.0406292;-2.3162,1.24973,-0.87608
0.149391,0.163882,0.0351539;-2.03332,1.32338,-1.14344
0.136571,0.167044,0.0285515;-1.55489,1.48667,-1.58637
0.136492,0.167769,0.0286371;-1.74902,1.56518,-1.39448
0.13792,0.167603,0.0288429;-1.76608,1.56722,-1.38798
0.187521,0.157892,0.0398625;3.09377,1.34826,0.0380274
0.189878,0.156246,0.0397893;-3.0217,1.35081,-0.136209
0.182708,0.156992,0.0371525;-2.97708,1.4172,-0.193498
0.156991,0.164034,0.0333102;1.76363,1.4429,1.32217
0.149199,0.167385,0.0319694;1.59859,1.34028,1.49364
0.146759,0.166569,0.0315124;1.52768,1.28468,1.56166
0.191376,0.152269,0.0382888;1.47853,1.20107,1.62837
0.216415,0.14591,0.0363342;1.9635,1.26279,1.1646
0.214017,0.14424,0.0349692;1.9661,1.3075,1.16302
0.204789,0.148316,0.0290256;1.62794,1.29294,1.50993
0.20298,0.150601,0.0287487;1.59209,1.19637,1.55061
0.201563,0.152263,0.0288933;1.57028,1.0963,1.55617
0.234576,0.127843,0.0368662;1.52991,1.05626,1.55393
0.258415,0.110011,0.0427001;2.0961,1.02515,1.08408
0.259646,0.105682,0.040042;2.08387,1.11136,1.08612
0.246638,0.116142,0.0292482;1.58377,1.14297,1.53941
0.243456,0.121592,0.0290659;1.60837,1.03366,1.53421
0.244035,0.124083,0.0288667;1.59249,0.864602,1.55364
0.24656,0.117882,0.0293901;1.56258,0.684755,1.56822
0.259275,0.100811,0.0326089;1.53615,0.596361,1.58885
0.269885,0.0867602,0.0363181;1.68022,0.622,1.46746
0.262072,0.087165,0.0327578;1.62935,0.764888,1.49145
0.258152,0.0953492,0.0313204;1.6049,0.712258,1.51457
0.25547,0.106365,0.0303439;1.60202,0.587566,1.52452
0.253562,0.109944,0.0311102;1.55773,0.475239,1.53213
0.262953,0.0856054,0.0347625;1.52258,0.436067,1.55611
0.276167,0.0532664,0.0400084;1.8165,0.412584,1.45858
0.266809,0.0566336,0.030638;1.63074,0.566461,1.53486
0.26518,0.0632022,0.0286433;1.57523,0.524154,1.56103
0.265481,0.0655403,0.028632;1.57353,0.452983,1.5696
0.264078,0.0682899,0.0296955;1.56367,0.214385,1.54585
0.261704,0.0570011,0.0349505;1.4985,0.101264,1.54389
0.267096,0.0252148,0.0424776;1.59012,0.0717201,1.50735
0.26055,0.00571464,0.0380321;1.66827,0.283424,1.47097
0.258032,0.0110433,0.0342869;1.60199,0.331764,1.49331
0.260028,0.0172066,0.0330844;1.6049,0.297043,1.50927
0.258901,0.0324995,0.0300265;1.56548,0.0735023,1.54074
0.256169,0.0242565,0.0330563;1.52303,-0.0035978,1.5438
0.259038,-0.0138436,0.0369269;1.67505,-0.0394424,1.53216
0.250754,-0.0374175,0.0371288;1.71769,0.193552,1.51523
0.247707,-0.0341612,0.0334805;1.61679,0.24499,1.51189
0.246977,-0.023984,0.0340069;1.59095,0.213415,1.4968
0.24272,-0.0157112,0.0353249;1.55926,0.0743999,1.47591
0.240326,-0.0195209,0.0370578;1.49348,-0.0375718,1.49376
0.239003,-0.0301746,0.0416801;1.52318,-0.20273,1.50309
0.241168,-0.04818,0.0420791;1.71577,-0.211967,1.51505
0.242442,-0.036685,0.0360913;1.64543,-0.0918342,1.52336
0.244746,-0.0303895,0.0303383;1.57302,-0.0519456,1.53897
0.245186,-0.0256548,0.0299994;1.57339,-0.100515,1.54406
0.242012,-0.0251409,0.0320523;1.55276,-0.149903,1.51181
0.23346,-0.0390324,0.0381553;1.46779,-0.211554,1.48326
0.226362,-0.0797353,0.0472353;1.79668,-0.330287,1.53682
0.222756,-0.0645869,0.0454926;1.68973,-0.241477,1.49589
0.225974,-0.0399364,0.0372729;1.52788,-0.133008,1.4578
0.232841,-0.0213443,0.0315922;1.54037,-0.203783,1.52934
0.23105,-0.014515,0.0298628;1.56188,-0.313453,1.54054
0.227735,-0.00991888,0.0303281;1.57019,-0.422323,1.53968
0.219899,-0.0333613,0.0432759;1.84571,-0.672578,1.68595
0.222266,-0.0250759,0.0391822;1.72706,-0.641141,1.60929
0.223723,-0.0126505,0.0323218;1.55383,-0.499679,1.50418
0.225269,-0.0149949,0.0334091;1.52877,-0.400257,1.50009
0.219877,-0.0286133,0.0349843;1.55805,-0.338211,1.47837
0.21204,-0.0342252,0.0357468;1.5286,-0.427369,1.47004
0.203427,-0.0542038,0.0463536;1.61341,-0.678208,1.52857
0.202991,-0.0583014,0.0444416;1.69561,-0.613632,1.57063
0.20693,-0.0456249,0.0321281;1.57308,-0.482197,1.51922
0.211569,-0.0449669,0.0288731;1.5733,-0.417483,1.56028
0.211394,-0.0449364,0.02888;1.57058,-0.426258,1.55642
0.210554,-0.0423793,0.0303415;1.56356,-0.494831,1.53343
0.210554,-0.0423793,0.0303415;1.56356,-0.494831,1.53343
0.202448,-0.0434357,0.0355552;1.47735,-0.644079,1.47362
0.202448,-0.0434357,0.0355552;1.47735,-0.644079,1.47362
