0,0,0.11;-1.57,-2.98023e-08,-1.57
0,0,0.11;-1.57,-2.98023e-08,-1.57
0,0,0.11;-1.57,-2.98023e-08,-1.57
-0.000656541,-0.000637436,0.0286137;-1.57011,-0.23758,-1.56933
0.000231157,0.000518278,0.0285795;-1.57085,-0.162451,-1.57097
0.00253433,0.000974748,0.0294429;-1.55883,-0.0236777,-1.57583
0.00412093,0.00507786,0.0297073;-1.56217,0.066276,-1.57702
0.00228978,0.00503579,0.0285792;-1.57079,-0.147053,-1.57066
0.00149049,0.00400082,0.0286003;-1.5708,-0.218366,-1.56984
0.00149817,0.00389222,0.02861;-1.57087,-0.226263,-1.5693
0.00306154,0.00554958,0.0285807;-1.57082,-0.103003,-1.57099
0.00457917,0.00705951,0.0290145;-1.56586,0.0215206,-1.57232
0.00506788,0.0178485,0.0306267;-1.56761,0.184098,-1.57517
0.0056577,0.0119857,0.0289231;-1.56867,0.124138,-1.57255
0.0043072,0.0101609,0.0286146;-1.56897,0.011259,-1.57028
0.00249981,0.00742669,0.0286297;-1.57042,-0.119771,-1.56861
0.00398589,0.00963644,0.0290119;-1.54988,-0.0588193,-1.56898
0.00814641,0.0189831,0.0296047;-1.56366,0.047594,-1.55402
0.00766118,0.0304852,0.0326065;-1.58801,0.201928,-1.5283
0.00530469,0.0261799,0.0341298;-1.55344,0.224047,-1.53814
0.00538078,0.0186367,0.0329084;-1.52839,0.124078,-1.55068
0.00159746,0.0103282,0.0291791;-1.5548,0.0243524,-1.55829
-0.00107844,0.00672862,0.0291099;-1.55105,-0.0871401,-1.56301
0.000965202,0.00992339,0.0290241;-1.55544,0.000155956,-1.56459
0.00562077,0.0210265,0.030185;-1.57699,0.126349,-1.54804
0.00607718,0.0264861,0.0307384;-1.58678,0.196995,-1.55064
0.00637883,0.0211846,0.0285739;-1.57068,0.128426,-1.57099
0.00455932,0.0184804,0.0286225;-1.57099,-0.0534543,-1.56885
0.00468437,0.0185237,0.0286365;-1.57078,-0.055357,-1.56794
0.00516576,0.0195266,0.0285832;-1.57055,-0.00844891,-1.57064
0.0092222,0.0321339,0.0296594;-1.57858,0.199908,-1.56391
0.00763167,0.0397913,0.0327175;-1.63965,0.3044,-1.55141
0.00817289,0.0355289,0.0323605;-1.63899,0.264612,-1.55437
0.00621317,0.0258979,0.028581;-1.57081,0.134285,-1.57082
0.00667811,0.0251334,0.0286355;-1.57092,0.0910668,-1.56799
0.00688025,0.026671,0.0286408;-1.5705,0.145103,-1.56753
0.0118204,0.0338108,0.0290162;-1.5633,0.274545,-1.5714
0.0182468,0.0492203,0.0309039;-1.59363,0.425033,-1.55728
0.0184568,0.0511516,0.0334332;-1.65789,0.436392,-1.53713
0.014397,0.0386903,0.0285625;-1.56902,0.32046,-1.57107
0.0139756,0.0379102,0.0286813;-1.57116,0.260898,-1.5656
0.0137512,0.0368889,0.028716;-1.57083,0.224868,-1.56415
0.018283,0.0417971,0.0296546;-1.54112,0.334483,-1.57393
0.029575,0.0585295,0.0325951;-1.53377,0.434112,-1.55605
0.0343621,0.073089,0.0361518;-1.68792,0.526325,-1.48703
0.0268129,0.0523265,0.0297289;-1.57197,0.371144,-1.54472
0.020985,0.0453929,0.0290297;-1.5645,0.27711,-1.55702
0.0181918,0.042746,0.028919;-1.56732,0.204632,-1.55865
0.0220019,0.0465167,0.029439;-1.54141,0.269177,-1.57293
0.0322561,0.0606085,0.0301589;-1.55057,0.351489,-1.56624
0.0414344,0.0824075,0.032875;-1.60997,0.418107,-1.52724
0.0424298,0.0725862,0.0285904;-1.57058,0.259888,-1.56902
0.0404331,0.0710221,0.0285653;-1.57159,0.179224,-1.57035
0.0401105,0.0700237,0.028609;-1.57081,0.138263,-1.5694
0.0418249,0.0720949,0.0286423;-1.5677,0.199484,-1.57143
0.0473012,0.0816296,0.0290425;-1.56291,0.251687,-1.57312
0.053577,0.104153,0.0310287;-1.59625,0.361096,-1.55849
0.0581962,0.101572,0.0285977;-1.57068,0.203534,-1.56993
0.056022,0.0994457,0.0286096;-1.56904,0.119558,-1.57112
0.0553656,0.0987112,0.0286069;-1.57093,0.0816218,-1.56941
0.05651,0.100204,0.0285676;-1.56982,0.152249,-1.57141
0.0587315,0.104024,0.0289661;-1.55772,0.193666,-1.57186
0.0632696,0.120812,0.0307028;-1.55096,0.285489,-1.5739
0.0677275,0.13424,0.0292635;-1.57376,0.169926,-1.56683
0.0675357,0.131478,0.028572;-1.57062,0.107287,-1.57111
0.0666467,0.13079,0.0285751;-1.57068,0.0636058,-1.57063
0.0667447,0.130609,0.0285836;-1.57056,0.0604278,-1.57068
0.0682562,0.132922,0.0291635;-1.54728,0.109769,-1.56785
0.0738606,0.144029,0.0318509;-1.52529,0.211338,-1.56202
0.0780486,0.178053,0.032711;-1.5943,0.202385,-1.52056
0.079751,0.175514,0.0316982;-1.5794,0.116151,-1.52425
0.0773326,0.164794,0.029524;-1.56288,0.011353,-1.54981
0.0733008,0.157813,0.0290323;-1.56138,-0.108736,-1.55739
0.074177,0.159234,0.0290265;-1.56088,-0.0711276,-1.55859
0.0775544,0.16555,0.0300413;-1.53542,0.00799635,-1.55962
0.074096,0.200476,0.0369241;-1.52824,0.127163,-1.54211
0.0736834,0.215189,0.030093;-1.58752,-0.00774537,-1.55658
0.0775658,0.211435,0.0286683;-1.57083,-0.177224,-1.56652
0.075881,0.208109,0.0286017;-1.5708,-0.311041,-1.56973
0.0758035,0.210077,0.0285777;-1.57079,-0.241584,-1.57078
0.0774166,0.211805,0.0287367;-1.56327,-0.148615,-1.5695
0.0743266,0.241322,0.0323179;-1.54878,0.0109292,-1.55962
0.0724622,0.255584,0.0297978;-1.58592,-0.101246,-1.56945
0.0758,0.251888,0.0286;-1.57082,-0.245742,-1.56986
0.07494,0.247734,0.0286331;-1.57095,-0.418282,-1.56838
0.0744741,0.249997,0.0285798;-1.57078,-0.337089,-1.57065
0.0757692,0.251157,0.0286025;-1.56954,-0.201031,-1.57068
0.0727175,0.272963,0.0309283;-1.57735,0.0209457,-1.56201
0.071744,0.277855,0.0298313;-1.58058,-0.0815466,-1.5679
0.0723346,0.272598,0.0286383;-1.571,-0.216756,-1.5678
0.0699196,0.26885,0.0285777;-1.57042,-0.430356,-1.57039
0.0703842,0.271066,0.0286792;-1.57088,-0.324109,-1.5659
0.0709892,0.273358,0.0287237;-1.5709,-0.22693,-1.56398
0.0700207,0.289309,0.0334276;-1.56083,0.0612762,-1.54102
0.0703599,0.285349,0.0344033;-1.51578,-0.0390139,-1.53375
0.0704687,0.282461,0.0322787;-1.53807,-0.0949177,-1.53822
0.0682305,0.271989,0.029148;-1.55507,-0.309954,-1.55355
0.0672136,0.268514,0.0290974;-1.55513,-0.379717,-1.55454
0.0682676,0.271913,0.0290336;-1.56306,-0.298693,-1.55399
0.0704532,0.281798,0.0301984;-1.54541,-0.172402,-1.55369
0.0707499,0.298674,0.0329589;-1.56128,-0.0186018,-1.54455
0.0744066,0.299726,0.0295257;-1.57442,-0.1382,-1.55969
0.075097,0.294806,0.0286748;-1.57076,-0.252459,-1.56623
0.0739499,0.290622,0.0286226;-1.57084,-0.437427,-1.56864
0.0741289,0.292457,0.0285677;-1.57158,-0.365796,-1.57081
0.075601,0.295188,0.0285781;-1.57094,-0.254382,-1.57083
0.0743564,0.308618,0.0313607;-1.59865,0.0406949,-1.56957
0.0764898,0.309104,0.0301637;-1.59362,-0.0555272,-1.57256
0.0787658,0.304897,0.0285701;-1.57112,-0.175856,-1.57019
0.0763715,0.300852,0.0285912;-1.57079,-0.350172,-1.57019
0.0771172,0.302659,0.0285786;-1.57082,-0.274288,-1.57087
0.077844,0.303647,0.0285672;-1.57084,-0.189498,-1.57071
0.075392,0.317467,0.0312632;-1.59726,0.117016,-1.57043
0.07709,0.312868,0.0306177;-1.60239,0.0764269,-1.57031
0.0783916,0.304224,0.028575;-1.57107,-0.0333608,-1.57113
0.0761717,0.300916,0.028586;-1.57083,-0.191764,-1.57056
0.0770755,0.302537,0.0285835;-1.57059,-0.147967,-1.57077
0.0781591,0.303522,0.0286732;-1.56559,-0.0965365,-1.57027
0.0801862,0.3228,0.0326121;-1.59623,0.201866,-1.53803
0.0780378,0.322581,0.0339889;-1.58269,0.208443,-1.53904
0.0765479,0.310527,0.0311886;-1.55491,0.11039,-1.54918
0.0686402,0.295646,0.0291747;-1.55146,-0.108659,-1.559
0.068545,0.295738,0.029167;-1.55092,-0.108776,-1.55994
0.0706905,0.298665,0.0293081;-1.53793,-0.0530097,-1.56605
0.0784694,0.319131,0.0316887;-1.58172,0.191633,-1.53257
0.0754507,0.324568,0.0341078;-1.60573,0.312161,-1.53654
0.0749361,0.318999,0.0326307;-1.61264,0.253428,-1.53996
0.070988,0.301382,0.0285657;-1.57085,0.0340067,-1.57016
0.0713842,0.300128,0.0285703;-1.57038,-0.041467,-1.5708
0.0715743,0.300634,0.0286344;-1.57037,-0.033497,-1.56854
0.0749389,0.306931,0.0289006;-1.56618,0.075215,-1.57124
0.0780172,0.321212,0.0309532;-1.59911,0.232083,-1.5644
0.0770968,0.32419,0.0327558;-1.63941,0.265536,-1.55659
0.0748053,0.311231,0.0285664;-1.57055,0.122644,-1.57098
0.0744287,0.309778,0.0285998;-1.57013,0.0456624,-1.56926
0.0745613,0.310008,0.02865;-1.57102,0.0463038,-1.56717
0.0764138,0.313171,0.0286162;-1.56845,0.166643,-1.5717
0.0810446,0.32248,0.0294285;-1.56589,0.276346,-1.57275
0.0844956,0.337672,0.0341607;-1.67238,0.408152,-1.53952
0.0818314,0.322845,0.0285498;-1.5678,0.294401,-1.57121
0.080547,0.321754,0.0285771;-1.57074,0.240421,-1.57078
0.0805728,0.321366,0.0287264;-1.57632,0.224522,-1.56803
0.08198,0.323996,0.0286417;-1.56741,0.368584,-1.57215
0.0896272,0.333464,0.0315119;-1.51071,0.451264,-1.58946
0.102257,0.356587,0.0346097;-1.64545,0.559355,-1.51989
0.0913036,0.340806,0.0298017;-1.53084,0.45118,-1.5791
0.0855111,0.334469,0.0291274;-1.5582,0.372386,-1.56068
0.0841231,0.333676,0.0289009;-1.56735,0.336401,-1.55982
0.0889153,0.336683,0.0298362;-1.53012,0.421701,-1.58018
0.0968596,0.346489,0.0345569;-1.44176,0.493851,-1.62063
0.106964,0.365764,0.0381048;-1.47353,0.572981,-1.60142
0.101995,0.362208,0.0324555;-1.61811,0.517325,-1.52072
0.0908981,0.348688,0.0296928;-1.54622,0.421919,-1.56417
0.0884101,0.347308,0.0289326;-1.56615,0.351052,-1.55987
0.0880526,0.347308,0.0287283;-1.56549,0.32073,-1.57049
0.0923966,0.35211,0.0302116;-1.53437,0.360755,-1.58547
0.10457,0.375235,0.0346678;-1.47908,0.424322,-1.61173
0.114203,0.39384,0.0348101;-1.70156,0.409546,-1.52564
0.107779,0.380005,0.028758;-1.5559,0.379515,-1.58438
0.107456,0.379159,0.0287135;-1.57279,0.33555,-1.57474
0.109442,0.380792,0.0289385;-1.58706,0.285353,-1.56803
0.110035,0.381501,0.0287717;-1.57075,0.267372,-1.5799
0.113939,0.3881,0.0299565;-1.56114,0.288755,-1.58677
0.12693,0.435291,0.0340561;-1.68245,0.309177,-1.54838
0.127609,0.426577,0.0319534;-1.63972,0.227157,-1.56045
0.125192,0.414827,0.0285059;-1.57145,0.168046,-1.57101
0.12566,0.412968,0.0289455;-1.58556,0.112812,-1.56642
0.125992,0.414094,0.0287633;-1.5706,0.136252,-1.56177
0.129141,0.420245,0.0313651;-1.53003,0.190595,-1.56153
0.13325,0.460439,0.0453543;-1.51216,0.257938,-1.55505
0.13437,0.46423,0.0424632;-1.56382,0.176001,-1.53602
0.130746,0.450111,0.0322084;-1.54704,0.126793,-1.52904
0.126254,0.439974,0.0301556;-1.56908,0.0502244,-1.54019
0.127386,0.442418,0.0311609;-1.56838,0.0876627,-1.52666
0.130558,0.448037,0.0329258;-1.53762,0.162206,-1.52736
0.130904,0.475478,0.0440295;-1.46888,0.250676,-1.53672
0.128116,0.480271,0.0461623;-1.5244,0.168533,-1.53449
0.127073,0.468333,0.035376;-1.53489,0.136092,-1.5164
0.126071,0.455878,0.0333346;-1.5851,0.0739404,-1.50901
0.126763,0.454355,0.0328329;-1.57492,0.0845649,-1.50669
0.128413,0.459902,0.0316834;-1.55651,0.15754,-1.52938
0.128413,0.459902,0.0316834;-1.55651,0.15754,-1.52938
0.12961,0.469712,0.0349487;-1.50419,0.225909,-1.5323
0.12961,0.469712,0.0349487;-1.50419,0.225909,-1.5323
