0,0,0.11;-1.57,-2.98023e-08,-1.57
0,0,0.11;-1.57,-2.98023e-08,-1.57
0,0,0.11;-1.57,-2.98023e-08,-1.57
-0.00114004,-0.0022289,0.0287704;-1.56501,-0.289631,-1.56533
-0.000405824,-0.000346783,0.0286379;-1.57034,-0.237428,-1.56779
0.000109954,0.00314466,0.0291498;-1.58185,-0.159076,-1.57425
0.00174089,0.0224366,0.0350646;-1.70047,-0.0511133,-1.57624
0.00255155,0.0211053,0.02858;-1.57049,-0.159771,-1.57038
0.00146172,0.0185417,0.0290011;-1.55249,-0.230918,-1.56322
0.000105491,0.016181,0.0288691;-1.55746,-0.318336,-1.56458
0.000388108,0.016906,0.0286085;-1.57049,-0.357801,-1.56966
0.00114901,0.0189379,0.0292276;-1.58198,-0.313693,-1.56859
0.00154229,0.02482,0.0363466;-1.68679,-0.225475,-1.56657
0.00295108,0.0347938,0.0326333;-1.64981,-0.18273,-1.57761
0.00406765,0.0328264,0.0285789;-1.56858,-0.222122,-1.57257
0.00376649,0.0326306,0.0287247;-1.56439,-0.237511,-1.56842
0.00397841,0.0328276,0.0287301;-1.57068,-0.227177,-1.56345
0.00486769,0.0331291,0.0291399;-1.57436,-0.223196,-1.55668
0.00602434,0.0347232,0.0342727;-1.64802,-0.213256,-1.55612
0.00720556,0.0366044,0.0369773;-1.71007,-0.214998,-1.57547
0.00782808,0.0326413,0.0343532;-1.67055,-0.255703,-1.57572
0.0083487,0.0259929,0.0285481;-1.5713,-0.317807,-1.57002
0.00869449,0.0263459,0.0287017;-1.56617,-0.257906,-1.56819
0.00969679,0.0294593,0.0287515;-1.57081,-0.144653,-1.56252
0.00818005,0.0341899,0.0297666;-1.5874,-0.0312841,-1.56968
0.00931691,0.0370951,0.0344632;-1.67905,-0.0456949,-1.58118
0.0135455,0.035851,0.0322687;-1.6487,-0.144293,-1.58763
0.0182634,0.0379769,0.028735;-1.57595,-0.385378,-1.5702
0.0183875,0.0370549,0.028696;-1.57074,-0.407509,-1.56527
0.018795,0.0386724,0.0287326;-1.5695,-0.341588,-1.56441
0.0223223,0.0500354,0.0326425;-1.51134,-0.118157,-1.56521
0.0214781,0.0631628,0.0394903;-1.58512,-0.0637498,-1.58161
0.022015,0.0702623,0.0354702;-1.7141,-0.130378,-1.60022
0.0220685,0.0567857,0.0285575;-1.57051,-0.215037,-1.56976
0.022072,0.0545326,0.0287111;-1.57085,-0.259259,-1.56449
0.022063,0.0545809,0.0287054;-1.57076,-0.253716,-1.56466
0.0250252,0.0566762,0.0301431;-1.53474,-0.133007,-1.56683
0.029239,0.059751,0.0368887;-1.4338,-0.0477887,-1.58171
0.0336756,0.0650484,0.0386806;-1.41027,0.0208543,-1.59591
0.0334234,0.0670644,0.0285767;-1.57073,-0.0414984,-1.57047
0.033178,0.0651236,0.0287284;-1.57087,-0.0940063,-1.56347
0.0335745,0.0638328,0.0287215;-1.57097,-0.144105,-1.56411
0.03443,0.0649093,0.0290432;-1.54902,-0.137303,-1.56654
0.0371385,0.0684224,0.0323752;-1.50024,-0.0924251,-1.56954
0.0411118,0.068969,0.0385329;-1.39593,-0.01833,-1.58722
0.0394236,0.0700102,0.0287763;-1.56522,-0.0665363,-1.57417
0.0392762,0.0700357,0.0285794;-1.57059,-0.0790855,-1.57071
0.0390793,0.0689418,0.0287073;-1.57085,-0.100843,-1.56467
0.0395125,0.0697347,0.0288025;-1.56779,-0.0709122,-1.56303
0.0406233,0.070354,0.029916;-1.54334,-0.0718768,-1.56358
0.0429609,0.0757065,0.0347398;-1.46381,-0.0622921,-1.55482
0.0426453,0.0857072,0.028777;-1.57547,-0.265998,-1.58036
0.0427617,0.0862183,0.0285781;-1.57068,-0.300154,-1.57081
0.0425175,0.0854226,0.0288833;-1.56082,-0.311135,-1.56261
0.0444913,0.089833,0.0287366;-1.57073,-0.135487,-1.56341
0.0449782,0.0981448,0.0298775;-1.54791,-0.033036,-1.56389
0.0421512,0.111979,0.0327266;-1.5589,0.0824972,-1.56685
0.0462726,0.124527,0.0292415;-1.59253,-0.0642348,-1.57643
0.0497827,0.122707,0.0286045;-1.56926,-0.224506,-1.56772
0.0489875,0.118861,0.0290887;-1.55167,-0.342625,-1.55755
0.0489493,0.118562,0.0288484;-1.56242,-0.342753,-1.56297
0.0492394,0.124356,0.0295594;-1.55063,-0.244457,-1.56051
0.0455854,0.137113,0.0314189;-1.57306,-0.113059,-1.55153
0.0409595,0.15246,0.0314037;-1.62675,-0.0692498,-1.58131
0.0411646,0.154469,0.0286934;-1.57235,-0.131714,-1.57479
0.0414112,0.155504,0.0285601;-1.57077,-0.234909,-1.5698
0.0401204,0.148765,0.0287687;-1.56371,-0.508592,-1.5643
0.040643,0.148973,0.0289047;-1.55333,-0.47804,-1.56212
0.0413554,0.151621,0.0296528;-1.55245,-0.447235,-1.55761
0.0404495,0.152671,0.0346679;-1.54665,-0.378033,-1.55389
0.0402994,0.151992,0.0317299;-1.58775,-0.401289,-1.57733
0.0407906,0.150867,0.028782;-1.57051,-0.384612,-1.58039
0.0403989,0.148074,0.0288109;-1.56593,-0.500629,-1.56021
0.0403271,0.146899,0.0287636;-1.5651,-0.554293,-1.56327
0.0411151,0.147881,0.0289274;-1.55339,-0.5253,-1.56047
0.0452372,0.156701,0.0361335;-1.57035,-0.478431,-1.56613
0.0455446,0.156586,0.036403;-1.59994,-0.51587,-1.58059
0.0483877,0.151215,0.0289066;-1.58198,-0.555043,-1.58294
0.04905,0.150093,0.0287672;-1.56547,-0.516027,-1.56382
0.0491577,0.151125,0.0287236;-1.56881,-0.501508,-1.5648
0.049326,0.154258,0.0288832;-1.56173,-0.425966,-1.56042
0.0406922,0.176893,0.0332438;-1.56789,-0.331636,-1.55748
0.0413283,0.186991,0.0325941;-1.59752,-0.407796,-1.57427
0.0464246,0.186267,0.0288439;-1.58552,-0.482659,-1.57769
0.0473298,0.183126,0.02858;-1.57071,-0.538488,-1.57067
0.0471357,0.184261,0.0285795;-1.57114,-0.483199,-1.57073
0.0473392,0.186164,0.0288027;-1.56873,-0.419286,-1.56126
0.036022,0.206195,0.0323534;-1.6016,-0.215146,-1.55809
0.0305277,0.221954,0.0313899;-1.60751,-0.266257,-1.57115
0.0306313,0.224699,0.0287672;-1.57847,-0.320952,-1.56949
0.0367058,0.218978,0.0286582;-1.57482,-0.603848,-1.57367
0.0368838,0.219333,0.0285802;-1.57066,-0.627637,-1.57064
0.0368868,0.219305,0.0286201;-1.57065,-0.606087,-1.56879
0.0318932,0.224923,0.0332386;-1.60857,-0.455295,-1.54725
0.0316841,0.230513,0.031703;-1.60275,-0.473389,-1.55756
0.031003,0.232741,0.0298432;-1.58298,-0.451412,-1.55628
0.0326458,0.232344,0.0286704;-1.57394,-0.54118,-1.57428
0.0326576,0.230884,0.028653;-1.57032,-0.675217,-1.56689
0.0328894,0.231548,0.0286956;-1.56776,-0.661489,-1.56558
0.032749,0.23292,0.0289656;-1.57572,-0.617732,-1.56156
0.0266044,0.236901,0.0345221;-1.64618,-0.488055,-1.56744
0.0269119,0.236763,0.0317958;-1.6262,-0.503861,-1.57972
0.0287655,0.234495,0.028643;-1.57342,-0.527058,-1.57326
0.0279412,0.231722,0.0286897;-1.57063,-0.500473,-1.57593
0.0278242,0.232414,0.0285794;-1.57081,-0.507714,-1.57073
0.0276094,0.233991,0.0287661;-1.57099,-0.462886,-1.56188
0.0231636,0.240849,0.033221;-1.63383,-0.314959,-1.57283
0.0228027,0.243776,0.0327708;-1.64175,-0.316848,-1.58169
0.0262328,0.239679,0.0287007;-1.5715,-0.374238,-1.56541
0.0263794,0.23513,0.0289027;-1.58329,-0.357053,-1.58196
0.0263638,0.232128,0.0286098;-1.57075,-0.260737,-1.57219
0.0269105,0.232963,0.0285821;-1.57066,-0.192561,-1.57092
0.0199864,0.254733,0.0321801;-1.61097,0.0320779,-1.56487
0.0150553,0.263053,0.0318934;-1.63226,0.0609262,-1.57552
0.0161957,0.261239,0.0286238;-1.57296,0.0139888,-1.57064
0.0171295,0.256931,0.0289607;-1.58789,-0.0612477,-1.57339
0.0155977,0.2556,0.0286896;-1.57593,-0.00877237,-1.57106
0.0153131,0.254819,0.0285866;-1.57043,0.0278186,-1.57092
0.0171177,0.266127,0.0347668;-1.48371,0.160393,-1.5614
0.0165282,0.276509,0.0341979;-1.51959,0.191856,-1.55746
0.0162399,0.279511,0.0285542;-1.57277,0.225399,-1.5711
0.01767,0.281319,0.0289339;-1.58424,0.0547245,-1.57546
0.0208779,0.283905,0.0291319;-1.59299,-0.0924014,-1.57972
0.0202269,0.283651,0.0289814;-1.58365,-0.0807658,-1.58131
0.0220044,0.283018,0.0320851;-1.50516,0.0254921,-1.56254
0.0225792,0.284849,0.0356612;-1.46274,0.0251311,-1.55266
0.022196,0.282783,0.0337922;-1.47078,0.00131005,-1.56352
0.0195288,0.282375,0.0287273;-1.57223,-0.0827427,-1.57959
0.020628,0.285525,0.0288958;-1.57967,-0.141137,-1.58165
0.01984,0.290226,0.0295431;-1.58345,-0.209464,-1.58908
0.0188849,0.295435,0.0302292;-1.55003,-0.241728,-1.57518
0.0197363,0.295939,0.0340581;-1.46961,-0.20815,-1.54276
0.0202205,0.294244,0.035398;-1.44714,-0.217374,-1.53417
0.0153229,0.290716,0.0286536;-1.57048,-0.367983,-1.57397
0.015314,0.292089,0.0290057;-1.58815,-0.435523,-1.58293
0.0156317,0.29344,0.0291546;-1.5945,-0.461913,-1.58801
0.0153182,0.295943,0.0289912;-1.55238,-0.443053,-1.5664
0.0109886,0.312596,0.031935;-1.50696,-0.364621,-1.54124
0.00326422,0.330151,0.0344544;-1.54999,-0.285642,-1.5572
0.00803003,0.329969,0.0286579;-1.56965,-0.45547,-1.5652
0.00812961,0.327787,0.0285784;-1.57059,-0.482587,-1.57068
0.0070938,0.326984,0.0291505;-1.60045,-0.458241,-1.58525
0.00607339,0.32228,0.0289554;-1.56777,-0.352176,-1.58545
0.00702609,0.336393,0.0305407;-1.54818,-0.316378,-1.57255
0.00790774,0.36399,0.0335198;-1.62667,-0.231197,-1.56433
0.00629561,0.373279,0.028743;-1.57092,-0.20462,-1.56301
0.00582332,0.372243,0.0285822;-1.57048,-0.245479,-1.57056
0.00574473,0.370018,0.028583;-1.57087,-0.292119,-1.57097
0.00212894,0.364922,0.0300813;-1.61115,-0.170477,-1.58027
-0.00130241,0.365333,0.0318863;-1.62696,-0.0766438,-1.57734
-0.00203286,0.37199,0.0341814;-1.63259,0.00665133,-1.56564
-0.00151077,0.374118,0.0288715;-1.57019,-0.0817366,-1.56357
-0.00168117,0.373214,0.0286668;-1.57067,-0.117136,-1.56658
-0.00195185,0.371919,0.0285842;-1.57161,-0.233799,-1.57138
5.38412e-05,0.372694,0.0291241;-1.59835,-0.370534,-1.58188
-0.000830718,0.372414,0.0298945;-1.60433,-0.337196,-1.58506
-0.00428943,0.3756,0.0323846;-1.61382,-0.23075,-1.56627
-0.00749759,0.37099,0.0299856;-1.56396,-0.230119,-1.55358
-0.00749838,0.366611,0.028906;-1.56108,-0.276373,-1.56176
-0.00774778,0.366087,0.0285785;-1.5709,-0.283494,-1.571
-0.00525043,0.369344,0.0290782;-1.59081,-0.392985,-1.58412
-0.00461928,0.371202,0.0293027;-1.5971,-0.382611,-1.58765
-0.00522922,0.380741,0.0299773;-1.59235,-0.291242,-1.57439
-0.00827835,0.388368,0.0346834;-1.59705,-0.227176,-1.55806
-0.00579573,0.382858,0.0290096;-1.56239,-0.286243,-1.55596
-0.0064497,0.38085,0.0286731;-1.56929,-0.324755,-1.56727
-0.00676759,0.379885,0.0289766;-1.5887,-0.325378,-1.57887
-0.00742773,0.378506,0.029183;-1.59973,-0.270048,-1.58008
-0.00668215,0.382536,0.0290291;-1.57927,-0.233135,-1.58579
-0.00856501,0.417255,0.035276;-1.56353,-0.135973,-1.53464
-0.0103555,0.424724,0.0299426;-1.56942,-0.107132,-1.54577
-0.0115183,0.423966,0.0287831;-1.57097,-0.110178,-1.56099
-0.0134712,0.420582,0.0286092;-1.57106,-0.265233,-1.5725
-0.0137025,0.420241,0.0289794;-1.58716,-0.251732,-1.57841
-0.0138337,0.418965,0.0292351;-1.58356,-0.231348,-1.5883
-0.0173783,0.432229,0.0353197;-1.50567,-0.175824,-1.56028
-0.0177762,0.436186,0.0329831;-1.51593,-0.208361,-1.55123
-0.0179071,0.436196,0.0285819;-1.57076,-0.199866,-1.57062
-0.0166411,0.436434,0.0293541;-1.59862,-0.273547,-1.5828
-0.0167278,0.433006,0.0297512;-1.609,-0.243101,-1.58891
-0.0173577,0.427835,0.0333252;-1.61504,-0.195281,-1.6198
-0.0173577,0.427835,0.0333252;-1.61504,-0.195281,-1.6198
-0.0176224,0.428792,0.037139;-1.58975,-0.12331,-1.62659
-0.0176224,0.428792,0.037139;-1.58975,-0.12331,-1.62659
