0,0,0.11;-1.57,-2.98023e-08,-1.57
0,0,0.11;-1.57,-2.98023e-08,-1.57
0,0,0.11;-1.57,-2.98023e-08,-1.57
-0.000674822,-0.00105839,0.0286091;-1.57059,-0.262387,-1.56933
-0.000416681,-0.00127126,0.0285857;-1.57106,-0.146466,-1.57118
0.000173656,-0.00223769,0.0296019;-1.58196,0.0145989,-1.58483
-0.000336628,0.00218099,0.0362537;-1.69115,0.128985,-1.58239
0.000964403,0.00343168,0.0285803;-1.57067,-0.107574,-1.5708
0.000445646,0.00151303,0.0286234;-1.57089,-0.234459,-1.56868
0.000279104,0.000526226,0.02858;-1.57077,-0.285174,-1.57081
0.000927197,0.000568242,0.0286812;-1.57096,-0.0762807,-1.57549
0.00223831,0.000517481,0.0300649;-1.57329,0.0635916,-1.59188
0.00475221,0.0113168,0.0361753;-1.67134,0.23469,-1.5881
0.00782637,0.0180313,0.0323088;-1.63336,0.128622,-1.57881
0.00767374,0.015914,0.0287185;-1.57071,-0.00255439,-1.57753
0.00678503,0.0161523,0.028586;-1.57066,-0.14702,-1.57056
0.00676843,0.0155651,0.0285931;-1.57112,-0.067,-1.57182
0.00684135,0.0141686,0.0294551;-1.57711,0.0506796,-1.58609
0.00936397,0.0219581,0.0342869;-1.64493,0.220504,-1.58873
0.0104405,0.028576,0.0387941;-1.71764,0.248328,-1.57945
0.0127873,0.0304247,0.0330315;-1.64604,0.12795,-1.57748
0.0137351,0.0306293,0.0286238;-1.57028,-0.031227,-1.57427
0.0128287,0.0304037,0.02858;-1.57077,-0.14244,-1.57082
0.0123759,0.0290046,0.0286787;-1.57051,-0.0403737,-1.57597
0.0125162,0.0272717,0.0300988;-1.5797,0.113912,-1.5905
0.0149408,0.0345148,0.0345334;-1.65697,0.194076,-1.58145
0.0180354,0.0389404,0.0312809;-1.62384,0.105111,-1.57476
0.0161631,0.037423,0.0286128;-1.57072,-0.168899,-1.5692
0.0160908,0.0373817,0.0286003;-1.57072,-0.174724,-1.56974
0.0161506,0.0372134,0.0285731;-1.57067,-0.0812783,-1.57052
0.018678,0.0381232,0.0321295;-1.60022,0.237901,-1.58958
0.0201119,0.04782,0.0404913;-1.74657,0.326942,-1.56516
0.0229805,0.0511946,0.0386558;-1.73568,0.264001,-1.56084
0.0256479,0.0516807,0.0285508;-1.5703,-0.050713,-1.56937
0.0241317,0.0497636,0.0285885;-1.57072,-0.155791,-1.57025
0.0244211,0.0504471,0.0286028;-1.57076,-0.0996827,-1.56966
0.0232456,0.0475374,0.0298283;-1.57917,0.184451,-1.58776
0.025744,0.0561551,0.0363801;-1.68375,0.347551,-1.56842
0.0271679,0.0618072,0.0405682;-1.75772,0.347113,-1.55378
0.0336192,0.0641528,0.0285925;-1.56876,0.0637828,-1.57653
0.0321804,0.0642815,0.028614;-1.56838,-0.0707521,-1.57047
0.0317114,0.0638039,0.0285804;-1.57067,-0.100555,-1.5707
0.0304152,0.0616521,0.0289278;-1.5757,0.143208,-1.58213
0.0311508,0.0632053,0.0320313;-1.61235,0.312595,-1.58242
0.0318696,0.071216,0.0411173;-1.75808,0.437291,-1.54774
0.0410003,0.0755057,0.0286146;-1.56976,0.185581,-1.57946
0.0403731,0.076803,0.0285522;-1.57046,0.0366662,-1.5699
0.0388131,0.0747607,0.0285761;-1.57095,-0.0695502,-1.57084
0.037036,0.073131,0.0287889;-1.57385,0.176165,-1.57942
0.0367985,0.0722667,0.0308167;-1.5889,0.342449,-1.58826
0.0386837,0.0801713,0.0396079;-1.7396,0.504182,-1.53973
0.0471556,0.083295,0.0287847;-1.56418,0.284096,-1.58092
0.0463195,0.0847049,0.028553;-1.5705,0.136988,-1.56969
0.0444474,0.0829327,0.0285884;-1.57082,0.0194742,-1.57011
0.0421081,0.0815055,0.0287518;-1.57388,0.268981,-1.57794
0.0414226,0.0802695,0.0307085;-1.59004,0.429362,-1.58491
0.0446198,0.0884278,0.0390944;-1.74104,0.583552,-1.52455
0.0524519,0.0914552,0.0300105;-1.60029,0.426716,-1.57324
0.052919,0.092511,0.0287092;-1.56963,0.262013,-1.57869
0.051501,0.0947892,0.0285213;-1.57367,0.118606,-1.57051
0.0511042,0.0935963,0.0285737;-1.5705,0.270811,-1.57084
0.0486496,0.0918886,0.0294126;-1.58679,0.415402,-1.57508
0.0496082,0.0946344,0.0354642;-1.68307,0.592662,-1.54025
0.0531138,0.0994638,0.0360895;-1.70069,0.563867,-1.53404
0.0560128,0.10003,0.0292966;-1.58122,0.439882,-1.58028
0.0568688,0.102164,0.0285017;-1.57381,0.265829,-1.57102
0.0568729,0.101917,0.0285619;-1.57082,0.234293,-1.56995
0.0555232,0.10075,0.0286329;-1.5706,0.351911,-1.57413
0.0535343,0.0991362,0.0302018;-1.58857,0.520477,-1.57949
0.0599773,0.10854,0.0401318;-1.77553,0.67468,-1.49492
0.0652973,0.111494,0.0367876;-1.72931,0.572762,-1.51088
0.068643,0.110223,0.0287087;-1.57152,0.423331,-1.58277
0.0675732,0.112885,0.0285794;-1.57071,0.221246,-1.57079
0.067636,0.112784,0.0285555;-1.57123,0.318205,-1.57208
0.0644733,0.110847,0.029001;-1.57898,0.48085,-1.58039
0.0687819,0.119571,0.0427168;-1.83845,0.790315,-1.44804
0.0733255,0.123415,0.0417063;-1.83412,0.703116,-1.44498
0.0790751,0.120588,0.0289066;-1.58032,0.564273,-1.57317
0.0764204,0.120935,0.0285836;-1.57108,0.26442,-1.56988
0.0767791,0.120669,0.0284711;-1.57499,0.353898,-1.57163
0.0735477,0.118739,0.0288938;-1.57465,0.516321,-1.58074
0.0756713,0.124697,0.0415697;-1.82328,0.832947,-1.44556
0.0805748,0.128265,0.0415751;-1.84501,0.752418,-1.42655
0.0863308,0.125219,0.0290578;-1.5896,0.62613,-1.56766
0.0841721,0.125248,0.0285896;-1.57105,0.339143,-1.56941
0.0837653,0.12506,0.0285698;-1.57051,0.426917,-1.57068
0.0805957,0.123615,0.0288015;-1.57253,0.586566,-1.57897
0.0833743,0.131311,0.040938;-1.83584,0.913905,-1.41876
0.0888519,0.135127,0.0410156;-1.85758,0.832223,-1.39929
0.0931534,0.132153,0.0305655;-1.61879,0.728952,-1.5548
0.0931261,0.135372,0.0285829;-1.5707,0.417193,-1.57047
0.09316,0.135173,0.0285597;-1.57147,0.49784,-1.57168
0.0917562,0.134613,0.0285764;-1.57071,0.58817,-1.57066
0.0917604,0.13773,0.0368425;-1.75769,0.912493,-1.45853
0.0970706,0.14126,0.0392467;-1.82137,0.870218,-1.41736
0.098346,0.141016,0.035173;-1.72064,0.845505,-1.48833
0.10357,0.142434,0.0286084;-1.57056,0.55155,-1.57378
0.103057,0.144536,0.0286216;-1.5707,0.47799,-1.56874
0.103186,0.144541,0.0285323;-1.57507,0.592285,-1.56931
0.100593,0.142742,0.0291853;-1.58237,0.75775,-1.57704
0.112145,0.150661,0.0406263;-1.87395,0.976765,-1.36972
0.117677,0.15169,0.0379976;-1.81194,0.89494,-1.41239
0.120602,0.149339,0.0287663;-1.57187,0.76907,-1.58218
0.120773,0.152175,0.0285639;-1.56998,0.528532,-1.57118
0.120958,0.15245,0.0285772;-1.57099,0.628182,-1.57056
0.117597,0.151151,0.0289207;-1.57588,0.789373,-1.58035
0.12464,0.157214,0.0407978;-1.92338,1.07477,-1.31572
0.12921,0.159037,0.0414892;-1.94869,1.01763,-1.29274
0.132319,0.154975,0.0289137;-1.57795,0.894162,-1.57649
0.130156,0.156964,0.0285792;-1.5712,0.61799,-1.57039
0.130351,0.156935,0.028568;-1.5707,0.701119,-1.57035
0.127358,0.156561,0.0287681;-1.57065,0.854086,-1.57979
0.134241,0.161679,0.039372;-1.92484,1.15335,-1.29709
0.139519,0.163525,0.0416301;-1.99765,1.10036,-1.23858
0.142967,0.160774,0.0314927;-1.65312,1.00254,-1.51993
0.146097,0.163032,0.0285606;-1.57083,0.696653,-1.57043
0.146545,0.163092,0.0286012;-1.56958,0.749343,-1.57118
0.14543,0.16276,0.0286024;-1.56938,0.878502,-1.57483
0.149265,0.16527,0.0366722;-1.89336,1.2065,-1.30374
0.156282,0.167683,0.0398483;-2.00134,1.18678,-1.218
0.159161,0.167267,0.0367611;-1.86196,1.13758,-1.33934
0.164559,0.166193,0.0286709;-1.57047,0.84899,-1.57561
0.164989,0.166853,0.0285801;-1.57066,0.805508,-1.5708
0.165728,0.166841,0.0285478;-1.57168,0.894133,-1.56946
0.164012,0.166694,0.031666;-1.67644,1.21806,-1.49413
0.170399,0.170688,0.0403155;-2.23669,1.30569,-0.974685
0.175866,0.171342,0.0407008;-2.16703,1.26183,-1.04917
0.182372,0.168531,0.0287518;-1.56853,1.01944,-1.58323
0.184073,0.170387,0.0285953;-1.57072,0.887828,-1.57164
0.184328,0.170476,0.0286432;-1.56959,0.905663,-1.5695
0.180254,0.170332,0.0295611;-1.59899,1.199,-1.55965
0.18571,0.172089,0.0356907;-2.04361,1.35517,-1.14016
0.192172,0.17433,0.0402367;-2.37456,1.34223,-0.833666
0.197933,0.170255,0.0287417;-1.5726,1.1774,-1.58298
0.199586,0.172324,0.0286194;-1.5713,1.02043,-1.57268
0.199451,0.173327,0.0285969;-1.57019,0.957426,-1.5707
0.195885,0.173579,0.0290113;-1.58816,1.21065,-1.56984
0.197418,0.173283,0.0324639;-1.79075,1.3743,-1.38286
0.204485,0.175653,0.041283;-2.88864,1.39395,-0.316762
0.211515,0.170833,0.029039;-1.60878,1.30968,-1.54615
0.212272,0.171871,0.0285464;-1.57473,1.148,-1.56846
0.211714,0.173192,0.028572;-1.57164,1.04103,-1.57012
0.209541,0.17396,0.0287714;-1.57784,1.26192,-1.57291
0.208921,0.173491,0.0307919;-1.69482,1.42871,-1.47143
0.218358,0.176235,0.0392114;3.09937,1.42873,-0.00741583
0.225116,0.172129,0.0317906;-1.8668,1.40061,-1.29783
0.226493,0.17186,0.0287479;-1.57041,1.23249,-1.58031
0.228132,0.172855,0.0285792;-1.5709,1.11916,-1.57081
0.227797,0.172872,0.028587;-1.57153,1.28143,-1.57087
0.227292,0.172742,0.0299437;-1.65974,1.45086,-1.49992
0.235905,0.174093,0.0377898;2.77421,1.42914,0.332322
0.244478,0.171747,0.0355412;-2.82749,1.46538,-0.348214
0.246274,0.169488,0.0289192;-1.57506,1.37995,-1.58247
0.249375,0.169258,0.028681;-1.57092,1.2315,-1.57559
0.250664,0.168824,0.0285794;-1.57065,1.30715,-1.57099
0.249209,0.169207,0.0288854;-1.60299,1.44276,-1.54955
0.254404,0.168212,0.032062;2.29038,1.50135,0.828827
0.267404,0.167688,0.038848;2.56554,1.39855,0.537194
0.269754,0.163762,0.0309435;-2.4717,1.53262,-0.691835
0.271751,0.163529,0.0287644;-1.57129,1.41179,-1.57936
0.274522,0.163469,0.0285827;-1.57305,1.3374,-1.56795
0.27377,0.163734,0.0286581;-1.56884,1.4401,-1.57689
0.274263,0.162506,0.0298752;1.88272,1.54467,1.24026
0.290377,0.159547,0.0402722;2.26485,1.3111,0.84302
0.293285,0.156437,0.0360941;2.37641,1.40612,0.744711
0.292385,0.154741,0.0287548;-1.61766,1.5602,-1.53666
0.294915,0.156103,0.0285821;-1.57155,1.37759,-1.56958
0.294834,0.155878,0.0285982;-1.55382,1.47814,-1.59004
0.29261,0.156394,0.0291803;1.68054,1.52499,1.44577
0.308851,0.153215,0.0419757;2.0942,1.20074,1.01634
0.312116,0.151512,0.0408321;2.17089,1.24377,0.948984
0.310567,0.147269,0.0288701;1.5452,1.44148,1.58472
0.312622,0.148783,0.0285939;-1.57059,1.44851,-1.56998
0.313483,0.148552,0.0285704;-1.58472,1.52372,-1.55761
0.311634,0.149061,0.028774;1.5595,1.48723,1.57183
0.323829,0.145111,0.0397468;1.92567,1.15178,1.18825
0.3294,0.142171,0.042127;2.08794,1.17549,1.02943
0.32965,0.137111,0.0316106;1.76882,1.3519,1.3565
0.332594,0.13521,0.0285624;-1.5583,1.5133,-1.58267
0.333038,0.134843,0.0285812;-1.56386,1.54368,-1.57776
0.332457,0.134154,0.0286624;1.56957,1.48423,1.5675
0.332457,0.134154,0.0286624;1.56957,1.48423,1.5675
0.333218,0.131206,0.0303357;1.55362,1.32616,1.56918
0.333218,0.131206,0.0303357;1.55362,1.32616,1.56918
