0,0,0.11;-1.57,-2.98023e-08,-1.57
0,0,0.11;-1.57,-2.98023e-08,-1.57
0,0,0.11;-1.57,-2.98023e-08,-1.57
-0.00131469,-0.00217486,0.0287;-1.5666,-0.295912,-1.56718
4.03261e-05,0.000774595,0.0287218;-1.56873,-0.189506,-1.56556
0.00147527,0.00479392,0.0293141;-1.55829,-0.0173663,-1.56549
-0.000654737,-0.0103932,0.0322039;-1.52158,0.195074,-1.57612
-0.00221209,-0.0242549,0.0288339;-1.57156,0.100431,-1.58235
-0.000762259,-0.0229462,0.029154;-1.59687,0.0433116,-1.57515
-0.00122439,-0.024465,0.0290445;-1.58859,0.0687068,-1.57577
0.0015735,-0.020614,0.0306571;-1.57034,0.054864,-1.60856
0.00836224,-0.00635097,0.0318391;-1.60162,0.163456,-1.59158
0.011952,0.0144097,0.0374827;-1.73983,0.282443,-1.5347
0.0043183,-0.00150834,0.0311148;-1.62246,0.358879,-1.55935
0.000177141,-0.0152088,0.0290003;-1.5497,0.288206,-1.57662
-0.000270304,-0.0147491,0.0286286;-1.57095,0.245266,-1.56838
-0.00150299,-0.0138999,0.0288523;-1.55761,0.15705,-1.57254
0.00146582,-0.0104537,0.0301495;-1.54072,0.199943,-1.57819
0.00988187,0.00795923,0.0341041;-1.50215,0.27781,-1.58498
0.0130348,0.0195256,0.0366248;-1.71833,0.316734,-1.53196
0.0110521,0.0102718,0.034511;-1.68618,0.254596,-1.55058
0.00697987,-0.00179543,0.0292915;-1.56755,0.18349,-1.59307
0.00501594,-0.00711986,0.0296415;-1.57674,0.219525,-1.59042
0.0060955,-0.00514705,0.0309089;-1.56298,0.216083,-1.61379
0.0170652,0.0106779,0.0338441;-1.55786,0.277117,-1.61397
0.0275864,0.0307203,0.0368799;-1.73974,0.304815,-1.52352
0.0279912,0.0259269,0.0304016;-1.61276,0.258927,-1.56464
0.0270517,0.023571,0.0286962;-1.57085,0.190794,-1.5653
0.0269218,0.0232209,0.028686;-1.57084,0.177711,-1.56575
0.0276125,0.0241827,0.0286016;-1.57089,0.235424,-1.56975
0.0356529,0.0324087,0.0314663;-1.53946,0.468587,-1.57733
0.0365976,0.0357303,0.0363507;-1.70104,0.601257,-1.51679
0.0344664,0.0313138,0.0376188;-1.73467,0.55031,-1.5142
0.0288426,0.0242271,0.0291847;-1.57566,0.36514,-1.58417
0.0384684,0.0370433,0.0303069;-1.60906,0.185798,-1.57373
0.0441635,0.0421635,0.0293611;-1.59512,0.104812,-1.57461
0.0507707,0.0534503,0.0311067;-1.61943,0.0955909,-1.5713
0.0520872,0.0666099,0.0357355;-1.68907,0.231479,-1.53463
0.0503287,0.0680232,0.0359509;-1.69986,0.27288,-1.52903
0.0402281,0.0403069,0.0287394;-1.56188,0.243285,-1.57352
0.0400721,0.0402481,0.0287777;-1.57546,0.250766,-1.56453
0.0400035,0.0396855,0.0287053;-1.57099,0.225463,-1.56463
0.0432805,0.0423044,0.0292263;-1.54954,0.313749,-1.57815
0.0514495,0.0574565,0.0332271;-1.48663,0.355965,-1.59577
0.0637838,0.0842758,0.0354823;-1.66849,0.378995,-1.53713
0.0645002,0.0770655,0.030513;-1.61014,0.242109,-1.57191
0.0630549,0.074131,0.0290214;-1.57883,0.226359,-1.58246
0.0637548,0.0747269,0.0290952;-1.59115,0.208274,-1.5716
0.0670119,0.0787222,0.0293401;-1.57003,0.172098,-1.59134
0.0736124,0.0941387,0.0314403;-1.53811,0.256913,-1.58936
0.0803303,0.119879,0.0332831;-1.65289,0.302535,-1.54382
0.0873662,0.119597,0.0285462;-1.57241,0.0543566,-1.57094
0.08638,0.118161,0.0285804;-1.57057,0.0327798,-1.57108
0.0863142,0.117433,0.0287101;-1.57149,0.0268705,-1.56359
0.0891681,0.119134,0.0289161;-1.55516,0.226971,-1.57533
0.0920832,0.124963,0.0318949;-1.50762,0.290128,-1.58301
0.0952106,0.142958,0.0384504;-1.41043,0.37003,-1.60533
0.102341,0.165161,0.0294236;-1.59488,0.160547,-1.57186
0.103466,0.165014,0.0288557;-1.57156,0.0637896,-1.58443
0.105688,0.167214,0.0289876;-1.58695,-0.0471364,-1.5751
0.103203,0.163304,0.0287775;-1.57063,0.104825,-1.58016
0.104471,0.162772,0.0300059;-1.54165,0.220956,-1.57082
0.10703,0.168349,0.0340371;-1.50527,0.365263,-1.57304
0.109213,0.162026,0.0342489;-1.46379,0.324802,-1.60148
0.108139,0.158322,0.0296147;-1.54623,0.275423,-1.58215
0.107224,0.158134,0.0286296;-1.57076,0.239891,-1.57343
0.10706,0.15702,0.0285801;-1.57082,0.200293,-1.57071
0.107965,0.156721,0.0291025;-1.54818,0.236968,-1.57825
0.113991,0.160164,0.0328291;-1.4933,0.348419,-1.59764
0.119214,0.186498,0.0412441;-1.50825,0.365414,-1.6025
0.120962,0.195809,0.0374385;-1.67352,0.266961,-1.58362
0.122409,0.195344,0.0326464;-1.63273,0.203326,-1.58406
0.116923,0.186569,0.029176;-1.59249,0.257992,-1.57315
0.116593,0.184908,0.0288568;-1.57029,0.312467,-1.58454
0.120447,0.180941,0.0300362;-1.53972,0.462503,-1.5933
0.133171,0.20152,0.0400649;-1.41151,0.638402,-1.63704
0.134487,0.207591,0.0411209;-1.53328,0.545939,-1.60005
0.135879,0.211896,0.028787;-1.57113,0.370852,-1.58084
0.135439,0.210366,0.0286133;-1.57024,0.205644,-1.56881
0.135543,0.209898,0.0286214;-1.57083,0.256003,-1.57286
0.137553,0.206959,0.0294239;-1.55528,0.390217,-1.58383
0.152226,0.211332,0.0412462;-1.50331,0.681522,-1.62808
0.155912,0.216189,0.0460774;-1.67394,0.617411,-1.57576
0.157304,0.219482,0.0386889;-1.70043,0.462934,-1.57297
0.171723,0.226649,0.030963;-1.6302,0.215163,-1.5724
0.166143,0.222266,0.0320617;-1.63825,0.307403,-1.56437
0.159458,0.214042,0.0309131;-1.56404,0.426525,-1.61394
0.164534,0.209279,0.0393386;-1.44178,0.789663,-1.65572
0.165184,0.208636,0.0427637;-1.58714,0.768291,-1.59103
0.157725,0.194725,0.0316934;-1.49119,0.694031,-1.64816
0.157162,0.204135,0.0309698;-1.59422,0.541772,-1.58689
0.158398,0.2047,0.0291152;-1.57056,0.520401,-1.58697
0.160069,0.20694,0.029136;-1.56221,0.507914,-1.59482
0.175343,0.219538,0.0424512;-1.71744,0.76785,-1.52157
0.177075,0.220986,0.0475735;-1.93417,0.765597,-1.39872
0.169875,0.207132,0.0438718;-1.8027,0.793862,-1.47922
0.154283,0.186349,0.0324337;-1.58678,0.653195,-1.60933
0.151012,0.18483,0.0337157;-1.59352,0.659948,-1.61764
0.148245,0.178433,0.0340123;-1.49995,0.749415,-1.66534
0.14664,0.17252,0.0345422;-1.43761,0.82076,-1.69265
0.17393,0.192481,0.0423179;-1.96535,0.967191,-1.28764
0.167684,0.190397,0.0422968;-1.96571,0.994991,-1.28006
0.150035,0.182993,0.0318364;-1.63032,1.00711,-1.55318
0.147684,0.18368,0.0291858;-1.58175,0.937188,-1.57524
0.149455,0.184134,0.0306804;-1.56826,0.92169,-1.60872
0.158344,0.184739,0.0339568;-1.51719,0.949532,-1.67759
0.195094,0.195932,0.0460074;-2.14039,1.0228,-1.1219
0.190737,0.192877,0.0440709;-2.0293,1.03661,-1.2272
0.17365,0.177827,0.0389551;-1.7442,0.986979,-1.48619
0.152078,0.172166,0.0330724;-1.59967,0.889088,-1.60058
0.150418,0.172349,0.0322425;-1.55488,0.946537,-1.637
0.152798,0.171963,0.0309918;-1.55417,0.976358,-1.62594
0.201353,0.190376,0.0431663;-2.11865,0.995026,-1.11427
0.20533,0.188196,0.0411956;-2.00338,0.940833,-1.22554
0.200495,0.185155,0.0355048;-1.79188,0.947944,-1.40528
0.206191,0.179406,0.0291606;-1.60188,0.745872,-1.55535
0.207143,0.179612,0.0290395;-1.59601,0.730548,-1.55751
0.20501,0.179961,0.0294424;-1.61177,0.808458,-1.54528
0.217827,0.19395,0.0424518;-1.9952,1.08496,-1.2488
0.221603,0.194742,0.0431261;-2.01912,1.06778,-1.23113
0.220078,0.188769,0.0403214;-1.86356,0.999643,-1.37543
0.200934,0.180878,0.0344226;-1.58801,0.736744,-1.62743
0.199884,0.186515,0.0354954;-1.59912,0.682479,-1.63357
0.205651,0.193439,0.0335375;-1.56716,0.674552,-1.64546
0.2285,0.212869,0.0383712;-1.84513,0.798939,-1.38117
0.229364,0.219658,0.0429566;-2.00338,0.869153,-1.25395
0.226916,0.218455,0.0422159;-2.00296,0.891117,-1.24302
0.207338,0.213997,0.0288541;-1.57583,1.01216,-1.57649
0.199368,0.212256,0.0286736;-1.57084,1.03348,-1.57539
0.199114,0.211754,0.0287026;-1.5766,1.04758,-1.56868
0.211423,0.212797,0.031648;-1.48524,1.1055,-1.66189
0.235709,0.225531,0.0463001;-1.52131,1.19504,-1.6621
0.258709,0.239872,0.0448397;-2.14794,1.13664,-1.10833
0.238673,0.222854,0.0357242;-1.42424,1.03647,-1.77217
0.233616,0.22008,0.0332002;-1.53174,1.01559,-1.65461
0.232564,0.218475,0.0344657;-1.56734,0.932265,-1.64197
0.233543,0.216172,0.0362298;-1.38527,1.01474,-1.77601
0.242199,0.219044,0.040914;-1.15715,1.09471,-1.97593
0.256421,0.226314,0.0457371;-1.40216,1.24355,-1.75926
0.257926,0.220291,0.0370801;-1.69637,1.13085,-1.5099
0.247084,0.213147,0.0365329;-1.34097,1.08583,-1.81504
0.248052,0.214745,0.0341228;-1.57798,1.01626,-1.63216
0.270427,0.227477,0.0376863;-1.6961,0.974775,-1.53499
0.292751,0.241314,0.0427145;-1.73943,1.05039,-1.48599
0.318247,0.262385,0.0426207;-1.95834,1.05724,-1.29604
0.335326,0.265739,0.0378538;-1.85139,0.86143,-1.3678
0.335678,0.264394,0.0359011;-1.79318,0.837685,-1.4122
0.330329,0.264243,0.0348048;-1.71144,0.856946,-1.49672
0.309507,0.261905,0.0295612;-1.56575,1.06287,-1.59809
0.306598,0.261596,0.0310001;-1.51517,1.22124,-1.63797
0.306303,0.259448,0.0361283;-0.954278,1.3513,-2.15767
0.296807,0.254341,0.0315022;-1.3417,1.31591,-1.79439
0.296092,0.256005,0.0288576;-1.56841,1.26898,-1.58583
0.295559,0.255607,0.0287023;-1.59068,1.27541,-1.55184
0.296005,0.255607,0.0285794;-1.57085,1.27397,-1.57069
0.299222,0.255215,0.0298889;-1.48751,1.31466,-1.65866
0.311534,0.254595,0.0354511;-0.907564,1.3936,-2.22598
0.339573,0.26103,0.0406251;-2.04174,1.3132,-1.15725
0.334178,0.257432,0.0340571;-1.75198,1.22467,-1.44303
0.335686,0.256262,0.0311869;-1.67578,1.16523,-1.49788
0.328875,0.258952,0.02909;-1.63691,1.27692,-1.51303
0.326292,0.257914,0.0288591;-1.54724,1.38137,-1.603
0.328673,0.254698,0.0314073;-1.04064,1.45729,-2.09261
0.359265,0.254011,0.0335459;-0.900778,1.47259,-2.2382
0.361958,0.249728,0.0294164;-1.61138,1.35999,-1.54627
0.360673,0.249281,0.029226;-1.56708,1.26991,-1.59275
0.360597,0.251329,0.0293038;-1.60757,1.23255,-1.54935
0.359867,0.249966,0.0299015;-1.56741,1.24835,-1.601
0.359518,0.246979,0.0330046;-1.45223,1.32847,-1.73683
0.383621,0.250304,0.0417136;2.93701,1.35078,0.173819
0.384724,0.246342,0.0389514;-2.94122,1.37756,-0.219896
0.385266,0.24211,0.0335941;-2.15065,1.3829,-1.00399
0.384285,0.241909,0.0288753;-1.63961,1.36215,-1.50377
0.383983,0.242453,0.0291909;-1.72199,1.38915,-1.42485
0.383519,0.2435,0.0298211;-1.87393,1.45863,-1.27257
0.391512,0.249493,0.0424105;2.36575,1.26816,0.754432
0.393297,0.250267,0.0447751;2.4425,1.25011,0.665579
0.387856,0.251151,0.0369547;2.25362,1.37431,0.864552
0.388075,0.247566,0.0287667;-1.63352,1.43094,-1.50817
0.388795,0.246349,0.0286686;-1.5726,1.40169,-1.57291
0.389398,0.245093,0.0290828;-1.6422,1.4488,-1.51564
0.389398,0.245093,0.0290828;-1.6422,1.4488,-1.51564
0.397332,0.242888,0.0351232;2.95676,1.43729,0.182117
0.397332,0.242888,0.0351232;2.95676,1.43729,0.182117
