0,0,0.11;-1.57,-2.98023e-08,-1.57
0,0,0.11;-1.57,-2.98023e-08,-1.57
0,0,0.11;-1.57,-2.98023e-08,-1.57
-0.000454631,-6.04518e-05,0.0285994;-1.57049,-0.235398,-1.56963
-0.00055608,-0.000195752,0.0285948;-1.57016,-0.270051,-1.56997
-0.000962364,-0.00078608,0.0289278;-1.55451,-0.293253,-1.56704
-0.00133238,0.00364687,0.0349163;-1.52965,-0.175728,-1.54306
-0.000912718,0.00212471,0.0300825;-1.59583,-0.180662,-1.56364
6.80252e-06,0.000730737,0.028762;-1.57959,-0.189915,-1.57251
0.000623807,0.00131551,0.0288759;-1.58341,-0.228604,-1.57575
0.000547623,0.00112074,0.0290624;-1.58844,-0.223806,-1.58109
0.00127921,0.00204869,0.0288374;-1.57578,-0.263913,-1.57998
0.00153118,0.00294289,0.0293732;-1.5721,-0.308414,-1.58662
0.00111656,0.000835468,0.0300438;-1.58696,-0.416895,-1.56996
0.00181983,-0.00343052,0.030623;-1.60289,-0.493039,-1.57037
0.00308797,-0.0107307,0.0303278;-1.59038,-0.587981,-1.56803
0.00392802,-0.0181912,0.0285806;-1.57057,-0.700458,-1.57091
0.00415959,-0.017714,0.0285896;-1.56983,-0.678434,-1.5703
0.00499339,-0.0168818,0.0289663;-1.55051,-0.630144,-1.56145
0.00668925,-0.0166747,0.0295803;-1.53666,-0.574926,-1.55509
0.00696518,-0.0172356,0.0289881;-1.55337,-0.557236,-1.56758
0.00855663,-0.0176128,0.028631;-1.57105,-0.492565,-1.57349
0.01078,-0.0194173,0.0324475;-1.65409,-0.511146,-1.60692
0.0114098,-0.0195582,0.0316298;-1.65231,-0.524164,-1.61273
0.0117993,-0.0201297,0.0295807;-1.6008,-0.530483,-1.59006
0.0103181,-0.0177996,0.0288183;-1.56513,-0.539456,-1.57623
0.00840621,-0.0174641,0.0288695;-1.56144,-0.606931,-1.5719
0.00343244,-0.0160277,0.0285825;-1.57024,-0.861052,-1.56995
0.00326584,-0.0160197,0.0287745;-1.5603,-0.874043,-1.56518
0.00336591,-0.0157687,0.0289341;-1.55134,-0.863811,-1.56028
-0.00118284,0.00263818,0.0300022;-1.56382,-0.709477,-1.54898
-0.00493624,0.0113735,0.0289436;-1.55423,-0.620483,-1.55683
-0.00573697,0.0130599,0.0291918;-1.53816,-0.577756,-1.55495
-0.00596092,0.0123897,0.0286658;-1.57028,-0.561368,-1.57467
-0.00573662,0.0121256,0.02858;-1.57079,-0.559814,-1.5708
-0.005767,0.0121064,0.0286103;-1.57296,-0.556726,-1.57262
-0.00581252,0.0117621,0.0294577;-1.58923,-0.553919,-1.59186
-0.00535117,0.0124847,0.0313235;-1.56894,-0.577532,-1.59476
-0.00794011,0.0149599,0.0355044;-1.55073,-0.570494,-1.58063
-0.0117798,0.0230966,0.0289836;-1.58922,-0.574495,-1.5849
-0.0114004,0.0226241,0.028582;-1.57054,-0.599499,-1.57085
-0.0112353,0.0227965,0.0286845;-1.56483,-0.583234,-1.56749
-0.0112774,0.0232747,0.0285791;-1.57086,-0.547397,-1.57087
-0.0107015,0.0243174,0.0289662;-1.55099,-0.483496,-1.55975
-0.0120888,0.027928,0.0294616;-1.55494,-0.396616,-1.56337
-0.0153443,0.0330933,0.0288387;-1.58126,-0.280458,-1.57612
-0.0150861,0.0318109,0.0287493;-1.57591,-0.292256,-1.5687
-0.0135249,0.0305016,0.0286794;-1.57221,-0.360191,-1.56676
-0.0127148,0.0281192,0.0286819;-1.57529,-0.454462,-1.57366
-0.0134002,0.0285573,0.0289078;-1.56284,-0.471022,-1.57729
-0.0142203,0.0293862,0.032212;-1.50997,-0.488206,-1.56276
-0.014171,0.0311801,0.0341769;-1.52336,-0.477736,-1.60129
-0.0131416,0.032792,0.0307695;-1.57227,-0.479739,-1.60942
-0.0131514,0.0340828,0.029907;-1.58545,-0.500477,-1.57573
-0.0129601,0.0311615,0.0287649;-1.57165,-0.52453,-1.56277
-0.0124166,0.0301587,0.0288966;-1.55761,-0.544778,-1.55977
-0.0123396,0.0303018,0.0290934;-1.5439,-0.529269,-1.55887
-0.0113205,0.0307354,0.0294958;-1.53914,-0.484707,-1.5586
-0.0110945,0.0298656,0.0288268;-1.5595,-0.485268,-1.56785
-0.0102772,0.0292381,0.0287175;-1.56658,-0.471954,-1.5714
-0.00877109,0.0260621,0.0288683;-1.58498,-0.558216,-1.58054
-0.008462,0.024922,0.0287389;-1.58038,-0.611822,-1.57632
-0.00816142,0.0234468,0.0289416;-1.57035,-0.640131,-1.56469
-0.00775306,0.0297919,0.0326491;-1.50183,-0.633816,-1.56209
-0.00956313,0.0342682,0.0328619;-1.54362,-0.643041,-1.60412
-0.0104037,0.0400794,0.0294136;-1.5751,-0.651357,-1.59255
-0.00986113,0.0406829,0.0289563;-1.56527,-0.588693,-1.57135
-0.0106149,0.0430496,0.0288867;-1.57555,-0.548637,-1.58375
-0.010408,0.0433806,0.0288663;-1.56491,-0.545623,-1.57635
-0.0122202,0.0464524,0.0297584;-1.55602,-0.494162,-1.55333
-0.0137374,0.0513371,0.0288042;-1.56432,-0.448329,-1.56667
-0.0141015,0.051278,0.0286063;-1.57058,-0.411779,-1.57195
-0.0138514,0.0498582,0.0286038;-1.57077,-0.43864,-1.5697
-0.013861,0.0495509,0.0285802;-1.57077,-0.459838,-1.57077
-0.0138506,0.0491551,0.0289757;-1.55111,-0.465397,-1.56319
-0.0132689,0.053235,0.0352833;-1.49692,-0.483532,-1.5952
-0.0127781,0.0536629,0.0335451;-1.56472,-0.504797,-1.64072
-0.012541,0.0552918,0.0357078;-1.63436,-0.517845,-1.66424
-0.0163504,0.0605217,0.0403381;-1.79306,-0.545876,-1.66523
-0.0180858,0.0604965,0.0440608;-1.82597,-0.571924,-1.65279
-0.0189506,0.058397,0.0409877;-1.74835,-0.576887,-1.62534
-0.0175723,0.0410915,0.044494;-1.33391,-0.480192,-1.53437
-0.0185396,0.0408911,0.0483692;-1.44115,-0.557497,-1.57154
-0.0175379,0.0437898,0.0477003;-1.48285,-0.588357,-1.60029
-0.0168221,0.0414071,0.0352357;-1.5222,-0.613437,-1.6021
-0.0176607,0.0452399,0.0320902;-1.62788,-0.631491,-1.60481
-0.0171549,0.0453626,0.0292498;-1.5855,-0.638756,-1.5796
-0.0154343,0.0555698,0.0325851;-1.55113,-0.642558,-1.59177
-0.0135918,0.0711731,0.0396133;-1.49085,-0.624335,-1.58322
-0.0121027,0.0882701,0.0463501;-1.60793,-0.580645,-1.61325
-0.0151842,0.120033,0.0401364;-1.82278,-0.484406,-1.68941
-0.0154825,0.120627,0.0390493;-1.80204,-0.515171,-1.68234
-0.0136129,0.119273,0.0368045;-1.75427,-0.526289,-1.6599
-0.0123116,0.117016,0.0349048;-1.72895,-0.592195,-1.66033
-0.0108668,0.112041,0.035452;-1.70777,-0.640599,-1.63486
-0.0108567,0.100009,0.0322507;-1.60761,-0.675357,-1.57491
-0.0174196,0.0906636,0.0299816;-1.57243,-0.661023,-1.56263
-0.0154007,0.0883521,0.0298872;-1.55185,-0.717153,-1.55319
-0.0140843,0.0888572,0.029664;-1.55964,-0.755034,-1.56165
-0.0137613,0.0906858,0.0293662;-1.56159,-0.744342,-1.56287
-0.0144603,0.0972984,0.0320914;-1.50773,-0.758535,-1.54123
-0.0134911,0.110071,0.036717;-1.52491,-0.752542,-1.57899
-0.0205264,0.127285,0.0398686;-1.68071,-0.72413,-1.66851
-0.0299419,0.134825,0.0384534;-1.79626,-0.668041,-1.69602
-0.0267568,0.13319,0.0412665;-1.82573,-0.702933,-1.69881
-0.0243992,0.134627,0.0439078;-1.86059,-0.706823,-1.70771
-0.0228148,0.136075,0.0465804;-1.85844,-0.756447,-1.66616
-0.0193581,0.12981,0.0394254;-1.7511,-0.774261,-1.63778
-0.0135575,0.117168,0.0300709;-1.55794,-0.769116,-1.59457
-0.0181125,0.0950346,0.0295659;-1.5368,-0.714186,-1.553
-0.0182131,0.0963243,0.0297927;-1.537,-0.667979,-1.54526
-0.0187669,0.0991571,0.0294456;-1.57005,-0.642117,-1.55088
-0.0166284,0.117083,0.0369615;-1.55567,-0.609167,-1.55672
-0.013413,0.120651,0.0399949;-1.57202,-0.659538,-1.57124
-0.00774445,0.121916,0.0387454;-1.52789,-0.675773,-1.58889
-0.00637019,0.138612,0.0350844;-1.73379,-0.591734,-1.66443
-0.00765684,0.137895,0.0367003;-1.751,-0.546135,-1.66032
-0.00702568,0.13406,0.0373956;-1.76474,-0.560619,-1.66107
-0.011264,0.121806,0.0400614;-1.77212,-0.637597,-1.64735
-0.0157719,0.118823,0.0458273;-1.8283,-0.624205,-1.6327
-0.0151303,0.116388,0.0507211;-1.71844,-0.581001,-1.61739
-0.0150036,0.0878552,0.0329332;-1.55385,-0.568123,-1.61893
-0.0121635,0.0877558,0.0289805;-1.55874,-0.515862,-1.57341
-0.0111033,0.0922927,0.0287516;-1.56913,-0.416818,-1.56316
-0.0137585,0.0993104,0.0310466;-1.55173,-0.364327,-1.53146
-0.0155657,0.0996396,0.0337682;-1.49842,-0.394952,-1.51249
-0.0172309,0.0974575,0.0377423;-1.41434,-0.411944,-1.50694
-0.0223146,0.095432,0.0385489;-1.47366,-0.459852,-1.50893
-0.0291817,0.107525,0.0357297;-1.65421,-0.457309,-1.55441
-0.0336418,0.112076,0.0346681;-1.64523,-0.397848,-1.55788
-0.0362833,0.114484,0.0342517;-1.57104,-0.337243,-1.50243
-0.0360087,0.111988,0.0339237;-1.58704,-0.326859,-1.50782
-0.0346171,0.107859,0.0334285;-1.60578,-0.326933,-1.52667
-0.030084,0.100384,0.030644;-1.57431,-0.19524,-1.55078
-0.0239903,0.101329,0.0307168;-1.59767,-0.0689403,-1.55456
-0.021196,0.104417,0.0302747;-1.58592,0.022213,-1.55023
-0.0197642,0.107956,0.0289467;-1.57821,0.0677531,-1.56642
-0.0198211,0.108297,0.028715;-1.5774,0.0693475,-1.57065
-0.0195631,0.108184,0.0289457;-1.5846,0.058055,-1.56463
-0.0198921,0.106025,0.0324246;-1.58657,-0.0567075,-1.53283
-0.0187365,0.10389,0.030993;-1.58562,-0.187514,-1.54089
-0.0178339,0.101017,0.0301658;-1.58396,-0.239462,-1.55243
-0.0109284,0.0939242,0.031275;-1.61705,-0.243714,-1.57911
-0.00528266,0.0849431,0.0312111;-1.56452,-0.297452,-1.59109
-0.00350306,0.0840799,0.0306893;-1.59091,-0.302157,-1.60174
0.000879851,0.0749744,0.0327618;-1.51338,-0.212145,-1.58387
0.00251952,0.0739914,0.032154;-1.51906,-0.183529,-1.58194
0.00184756,0.0781307,0.0314857;-1.57324,-0.206349,-1.60311
0.00355743,0.0843528,0.0356763;-1.57955,-0.222922,-1.66379
0.00251787,0.0911349,0.0363862;-1.57602,-0.226692,-1.66683
-0.00290725,0.100906,0.0382181;-1.52207,-0.195107,-1.64142
0.00138059,0.109522,0.0425241;-1.52194,-0.238458,-1.68576
0.00480523,0.10665,0.0424137;-1.50322,-0.281975,-1.69786
0.00715952,0.102012,0.0444233;-1.4765,-0.357043,-1.69699
0.00088605,0.105649,0.0448847;-1.77792,-0.443774,-1.72613
-0.0084727,0.114412,0.0511059;-2.05256,-0.425429,-1.74599
-0.00990381,0.118767,0.0564099;-2.15473,-0.411414,-1.7618
-0.00701783,0.105075,0.0619929;-2.02795,-0.412901,-1.75651
-0.000944412,0.0793684,0.0578688;-1.66565,-0.402737,-1.7018
-0.00249271,0.0578327,0.0472741;-1.40594,-0.355405,-1.61124
-0.00728453,0.054622,0.0427559;-1.43644,-0.371567,-1.627
-0.0121333,0.0587559,0.0408953;-1.46382,-0.390984,-1.62733
-0.0172308,0.060891,0.0406082;-1.43619,-0.350392,-1.60391
-0.0138208,0.0609308,0.0439904;-1.41943,-0.353684,-1.63173
-0.0128472,0.0568895,0.0433212;-1.41837,-0.359478,-1.62395
-0.0131807,0.0544085,0.0438485;-1.35831,-0.373638,-1.57212
-0.010819,0.0563964,0.0431849;-1.44183,-0.435203,-1.64523
-0.0104401,0.0583061,0.0396865;-1.53287,-0.475085,-1.69175
-0.0109815,0.0603559,0.0389923;-1.5434,-0.504965,-1.69247
-0.0158185,0.0699582,0.0426845;-1.60482,-0.513616,-1.66924
-0.0173688,0.0781593,0.0487885;-1.60401,-0.434599,-1.65203
-0.0151256,0.0833585,0.0521117;-1.63129,-0.375905,-1.66284
-0.0225707,0.0821613,0.0550113;-1.72341,-0.240683,-1.62346
-0.0224981,0.081646,0.0488188;-1.81194,-0.218019,-1.62455
-0.0200461,0.0760199,0.0365785;-1.70597,-0.260495,-1.61635
-0.0198669,0.0726712,0.0286038;-1.57056,-0.389163,-1.57182
-0.021589,0.0693558,0.0292857;-1.54379,-0.481631,-1.55535
-0.0241804,0.0665768,0.0326817;-1.46608,-0.522984,-1.51821
-0.0301343,0.0695664,0.0309505;-1.52183,-0.554017,-1.53338
-0.0321121,0.0759011,0.0309757;-1.57297,-0.493441,-1.53381
-0.0323668,0.0733816,0.0329167;-1.56516,-0.505839,-1.51239
-0.0323668,0.0733816,0.0329167;-1.56516,-0.505839,-1.51239
-0.0277489,0.0675969,0.0348244;-1.50198,-0.495692,-1.49776
-0.0277489,0.0675969,0.0348244;-1.50198,-0.495692,-1.49776
