0,0,0.11;-1.57,-2.98023e-08,-1.57
0,0,0.11;-1.57,-2.98023e-08,-1.57
0,0,0.11;-1.57,-2.98023e-08,-1.57
-3.02066e-05,0.00130564,0.0288588;-1.57696,-0.255655,-1.5801
7.7348e-05,-0.000106816,0.0287614;-1.57064,-0.174686,-1.57941
-5.67918e-05,-0.00201425,0.0289097;-1.57134,-0.0692957,-1.57376
0.00177237,-0.00180005,0.0294784;-1.56481,0.125011,-1.56936
0.00224023,0.00331042,0.0286872;-1.5707,-0.054771,-1.57582
0.00130635,0.00555955,0.0286957;-1.57077,-0.165231,-1.57635
0.001814,0.00722329,0.0286514;-1.5715,-0.233121,-1.57419
0.00179516,0.00691428,0.0285807;-1.57077,-0.207947,-1.57083
0.00216196,0.00568233,0.0288472;-1.5639,-0.116209,-1.56839
0.00223384,0.00553101,0.0315329;-1.52426,0.0522332,-1.5607
0.00360737,0.00761537,0.0301849;-1.55915,0.129527,-1.55024
0.00221492,0.00522551,0.0292052;-1.56922,0.0320208,-1.55144
-0.00105501,0.00126907,0.0292688;-1.54043,-0.0834387,-1.56477
-0.00351196,-0.0014596,0.0293412;-1.5403,-0.148892,-1.55913
-0.00370446,-0.00344701,0.0320681;-1.49097,-0.135904,-1.5561
-0.00315776,-0.00377277,0.0353419;-1.43807,-0.0843426,-1.55029
-0.00522781,-0.00827604,0.0358182;-1.4833,0.00727147,-1.52804
-0.00398081,-0.00892303,0.0327417;-1.52427,-0.0220921,-1.53813
-0.00431034,-0.00897689,0.0290141;-1.56692,-0.0574527,-1.55373
-0.00714868,-0.012296,0.0290966;-1.54781,-0.179195,-1.56405
-0.00688893,-0.0117878,0.0289254;-1.56225,-0.167923,-1.56119
-0.00603446,-0.0096965,0.0297024;-1.56339,-0.118507,-1.55403
-0.00888489,-0.0145736,0.0311094;-1.57406,-0.0258541,-1.54328
-0.0140046,-0.0211945,0.030487;-1.57713,-0.0352891,-1.54246
-0.010833,-0.0274223,0.0287885;-1.57349,-0.158653,-1.56361
-0.0108711,-0.0293344,0.0286475;-1.57089,-0.213659,-1.56749
-0.0109634,-0.0284361,0.028635;-1.571,-0.189124,-1.568
-0.0139594,-0.0203273,0.0302833;-1.57509,-0.00546327,-1.55136
-0.0168802,-0.0231492,0.0325265;-1.58338,0.0741888,-1.5297
-0.0207161,-0.033045,0.0330595;-1.59018,0.0105236,-1.51856
-0.0188498,-0.0468573,0.028953;-1.57632,-0.205653,-1.56046
-0.0177998,-0.0488208,0.0287649;-1.57263,-0.254344,-1.5637
-0.0173776,-0.0491802,0.0286892;-1.57136,-0.259975,-1.56547
-0.0169429,-0.0397878,0.0298345;-1.56704,-0.104419,-1.55296
-0.0188457,-0.028851,0.0329278;-1.57704,0.0967567,-1.52333
-0.0212639,-0.0282873,0.0343798;-1.57182,0.119941,-1.50928
-0.0229177,-0.0411522,0.0325849;-1.58761,-0.0716042,-1.51587
-0.0216703,-0.0470827,0.0312404;-1.56864,-0.145663,-1.5274
-0.0224281,-0.0536317,0.030471;-1.5619,-0.193621,-1.53687
-0.0204335,-0.0507478,0.0313209;-1.53079,-0.144076,-1.54116
-0.0166437,-0.04122,0.034599;-1.51471,-0.0209328,-1.51912
-0.0157368,-0.0319153,0.0376522;-1.49476,0.0770826,-1.50544
-0.0248012,-0.0258432,0.0337515;-1.59793,-0.0378475,-1.50205
-0.0220609,-0.0288818,0.0347675;-1.59208,-0.0872296,-1.49372
-0.0187016,-0.0392783,0.0323532;-1.56341,-0.168093,-1.51779
-0.0165502,-0.0427211,0.0288166;-1.5701,-0.148843,-1.56176
-0.0164316,-0.0363208,0.0302458;-1.56862,-0.0522946,-1.55017
-0.019172,-0.0283915,0.0336832;-1.58721,0.111877,-1.51579
-0.0255046,-0.0233338,0.0338985;-1.62153,0.114628,-1.50854
-0.0208599,-0.0295188,0.0331016;-1.59584,0.00954648,-1.51575
-0.0168318,-0.0365965,0.029869;-1.57348,-0.0855404,-1.54965
-0.0154713,-0.0358258,0.0287926;-1.57326,-0.0518667,-1.56222
-0.0165888,-0.0358204,0.0300451;-1.57213,-0.0127999,-1.55276
-0.0175714,-0.0369455,0.0325334;-1.58319,0.0789605,-1.53079
-0.0227053,-0.0383573,0.0330711;-1.60061,0.0336347,-1.51798
-0.0201927,-0.0395775,0.032015;-1.6018,-0.0329272,-1.52645
-0.018506,-0.0445482,0.0294663;-1.57147,-0.087023,-1.55559
-0.0180603,-0.0406979,0.0292198;-1.57671,-0.0380295,-1.55523
-0.0184463,-0.0432325,0.0305136;-1.57409,-0.0285772,-1.54138
-0.0202347,-0.0480575,0.0317968;-1.57487,0.0638352,-1.53434
-0.0211515,-0.0649152,0.0355113;-1.54352,-0.0148635,-1.50309
-0.0242176,-0.0673245,0.0361295;-1.54313,-0.0842143,-1.48811
-0.0256848,-0.064421,0.0358757;-1.58781,-0.136713,-1.47591
-0.0219779,-0.0631895,0.0353319;-1.56996,-0.160302,-1.48223
-0.0216481,-0.0570643,0.0319492;-1.57239,-0.0748985,-1.51824
-0.0246329,-0.0539401,0.0315906;-1.57333,0.0469547,-1.52743
-0.0259334,-0.0837272,0.0366557;-1.53268,0.181131,-1.50743
-0.0293755,-0.0934169,0.0350384;-1.55025,0.084357,-1.50774
-0.0343718,-0.0932948,0.0330447;-1.5884,-0.00410513,-1.50573
-0.0306757,-0.101069,0.0291571;-1.56767,-0.17002,-1.55679
-0.0304677,-0.100552,0.0287624;-1.57007,-0.141721,-1.56269
-0.0284323,-0.0975129,0.0287734;-1.56506,-0.024942,-1.56699
-0.0324336,-0.0889854,0.0317377;-1.57554,0.304468,-1.54195
-0.0342248,-0.0896592,0.0323699;-1.59045,0.265922,-1.52714
-0.0347816,-0.0924139,0.0326259;-1.59912,0.19027,-1.51576
-0.0322421,-0.104176,0.0292648;-1.57225,-0.0160011,-1.55784
-0.0323599,-0.106918,0.0288811;-1.5749,-0.0434543,-1.56041
-0.0321278,-0.106882,0.0289717;-1.56852,-0.0327949,-1.56415
-0.0272572,-0.105613,0.0326148;-1.50967,0.262997,-1.57182
-0.0274094,-0.109646,0.0304967;-1.53054,0.251638,-1.57648
-0.0299396,-0.110904,0.0287554;-1.56621,0.160226,-1.56765
-0.0320198,-0.112161,0.0286697;-1.56639,0.032986,-1.57073
-0.0316795,-0.111855,0.02858;-1.57071,0.0602775,-1.57074
-0.0316343,-0.112179,0.0286895;-1.56579,0.0635962,-1.57134
-0.0310119,-0.123335,0.0300125;-1.53858,0.185231,-1.58099
-0.031306,-0.131413,0.0311978;-1.51276,0.212805,-1.58345
-0.0313426,-0.129477,0.0287379;-1.56311,0.197271,-1.57214
-0.0318491,-0.12968,0.028739;-1.57072,0.145448,-1.56314
-0.0316387,-0.128999,0.0285931;-1.57095,0.166767,-1.57007
-0.0315555,-0.128782,0.0285799;-1.57089,0.176321,-1.57074
-0.0315712,-0.132936,0.0293919;-1.55387,0.243891,-1.57698
-0.0347702,-0.14495,0.0291056;-1.55664,0.200836,-1.57641
-0.0365217,-0.147494,0.0289504;-1.55901,0.170836,-1.57458
-0.0374786,-0.14834,0.0287784;-1.57288,0.0886986,-1.56314
-0.0374576,-0.148567,0.028727;-1.57147,0.0872618,-1.56417
-0.0374995,-0.147072,0.0287113;-1.57226,0.137182,-1.56417
-0.0367151,-0.145055,0.0286023;-1.56832,0.244779,-1.57263
-0.036335,-0.150272,0.0297384;-1.54613,0.288105,-1.58003
-0.0403326,-0.155119,0.0289747;-1.5585,0.206369,-1.57543
-0.0428821,-0.15529,0.0286342;-1.57097,0.0626248,-1.56821
-0.0418295,-0.158045,0.028849;-1.57491,-0.0567505,-1.56213
-0.0415858,-0.157813,0.0287809;-1.57311,-0.0368169,-1.56335
-0.0420854,-0.155289,0.0286383;-1.57061,0.0500018,-1.56802
-0.0416636,-0.155374,0.0295717;-1.54871,0.24824,-1.57763
-0.0420963,-0.154398,0.0291434;-1.55604,0.193302,-1.57437
-0.0438695,-0.154004,0.0285733;-1.57114,0.0934749,-1.57076
-0.0453997,-0.16062,0.0288338;-1.57121,-0.138864,-1.55836
-0.045126,-0.160925,0.0289166;-1.56842,-0.142244,-1.55673
-0.0427323,-0.157665,0.0291658;-1.55239,-0.0432736,-1.55987
-0.0365347,-0.142746,0.0338112;-1.47909,0.153836,-1.5676
-0.0346765,-0.139162,0.035449;-1.44164,0.193402,-1.57958
-0.032386,-0.129749,0.0298747;-1.54536,0.189363,-1.56367
-0.0326143,-0.13005,0.0293582;-1.54434,0.137656,-1.56272
-0.0324059,-0.130013,0.0291343;-1.55436,0.142456,-1.56267
-0.031947,-0.129792,0.02892;-1.56703,0.167049,-1.55894
-0.0299633,-0.126861,0.0291338;-1.55637,0.336814,-1.57094
-0.0296575,-0.124979,0.0291201;-1.55494,0.357094,-1.57565
-0.0297484,-0.123002,0.0287411;-1.56377,0.32848,-1.57403
-0.0318951,-0.120807,0.0287392;-1.56333,0.190504,-1.57164
-0.0322934,-0.12109,0.0287746;-1.56335,0.187606,-1.57004
-0.0324699,-0.121446,0.0287375;-1.57151,0.189426,-1.56305
-0.0323609,-0.122482,0.0287519;-1.56334,0.241147,-1.57157
-0.0327091,-0.124359,0.0292926;-1.55234,0.229306,-1.57537
-0.0330108,-0.123537,0.0291224;-1.55239,0.202976,-1.57549
-0.033738,-0.11858,0.0285809;-1.57065,0.0960378,-1.57081
-0.0348914,-0.119025,0.0287893;-1.56057,0.0250289,-1.57109
-0.0348882,-0.118799,0.0286449;-1.57086,0.0363404,-1.56772
-0.0350264,-0.1159,0.0285854;-1.56958,0.233167,-1.5719
-0.0367158,-0.121359,0.029364;-1.57583,0.327041,-1.57637
-0.0368381,-0.130136,0.0296254;-1.55121,0.356218,-1.58139
-0.0375705,-0.128211,0.0285629;-1.57165,0.193852,-1.57064
-0.0375896,-0.127969,0.028659;-1.57037,0.171397,-1.56658
-0.0369216,-0.127612,0.0291553;-1.55078,0.195935,-1.56636
-0.0329098,-0.117321,0.029721;-1.56983,0.357592,-1.5455
-0.0352014,-0.114123,0.0295672;-1.56246,0.466357,-1.55904
-0.0401866,-0.123215,0.0300574;-1.54885,0.540242,-1.573
-0.0437519,-0.133881,0.0290284;-1.55452,0.392815,-1.57033
-0.0460168,-0.135093,0.0289966;-1.55778,0.303649,-1.56699
-0.0457297,-0.134506,0.0289424;-1.56158,0.324574,-1.56503
-0.0421042,-0.12968,0.0286976;-1.57078,0.473976,-1.56528
-0.0427413,-0.130047,0.0292917;-1.56896,0.589686,-1.58042
-0.0444208,-0.133202,0.0304404;-1.56183,0.713695,-1.59398
-0.0426061,-0.132932,0.0289023;-1.57362,0.649956,-1.58191
-0.0425552,-0.132757,0.028851;-1.57375,0.628568,-1.57941
-0.0417411,-0.132384,0.0287582;-1.57275,0.580183,-1.57645
-0.0415504,-0.131554,0.0287843;-1.57842,0.563533,-1.57015
-0.0421695,-0.131097,0.0293439;-1.57874,0.626081,-1.57562
-0.0420779,-0.130552,0.0309963;-1.55289,0.751614,-1.61047
-0.0361148,-0.12693,0.0305359;-1.57013,0.843898,-1.60211
-0.0340778,-0.124902,0.0292779;-1.57522,0.819429,-1.58522
-0.0337413,-0.124496,0.0289094;-1.57755,0.812144,-1.57685
-0.0312061,-0.123176,0.0291659;-1.60249,0.721413,-1.5546
-0.0329614,-0.124391,0.0303623;-1.6252,0.705698,-1.53848
-0.0369731,-0.126419,0.0313168;-1.63652,0.729823,-1.53639
-0.0527306,-0.138838,0.0350256;-1.43289,0.825963,-1.6834
-0.0502607,-0.138033,0.0298102;-1.57144,0.889058,-1.59086
-0.0487403,-0.137017,0.0292452;-1.57716,0.879087,-1.58095
-0.0450129,-0.134673,0.0291297;-1.59279,0.808773,-1.5659
-0.0454478,-0.134595,0.0299133;-1.61633,0.812645,-1.54574
-0.0459952,-0.134483,0.0335398;-1.70851,0.822102,-1.47863
-0.0599097,-0.147645,0.0323694;-1.53971,0.80519,-1.64296
-0.0657183,-0.152353,0.0322554;-1.57526,0.793771,-1.62188
-0.0681927,-0.154317,0.0312962;-1.57696,0.834249,-1.60895
-0.0731006,-0.158796,0.0296951;-1.56578,0.940222,-1.59909
-0.0718074,-0.158861,0.0301517;-1.57341,0.987458,-1.59594
-0.0665662,-0.153972,0.0307913;-1.58669,1.04347,-1.57854
-0.0674721,-0.154802,0.0349334;-1.58189,1.03507,-1.61775
-0.0775208,-0.161418,0.0336134;-1.54789,0.925089,-1.64744
-0.084824,-0.163812,0.0317823;-1.57091,0.799653,-1.62007
-0.0905694,-0.16775,0.0303701;-1.57579,0.880856,-1.59879
-0.0920911,-0.171474,0.0306411;-1.55628,0.958221,-1.61892
-0.0875792,-0.17244,0.0316552;-1.55015,1.0606,-1.62724
-0.0603975,-0.155458,0.0383762;-1.76527,1.18604,-1.45393
-0.0569807,-0.153684,0.0389331;-1.75853,1.09551,-1.4718
-0.0665786,-0.158174,0.0327119;-1.57316,0.998959,-1.62834
-0.0723081,-0.160262,0.0323282;-1.6098,0.97432,-1.58423
-0.0737635,-0.161891,0.0320235;-1.57183,1.01478,-1.62468
-0.0764546,-0.166871,0.0313195;-1.54273,1.10251,-1.64392
-0.0764546,-0.166871,0.0313195;-1.54273,1.10251,-1.64392
-0.0696135,-0.167391,0.0365458;-1.23349,1.20762,-1.90689
-0.0696135,-0.167391,0.0365458;-1.23349,1.20762,-1.90689
