0,0,0.11;-1.57,-2.98023e-08,-1.57
0,0,0.11;-1.57,-2.98023e-08,-1.57
0,0,0.11;-1.57,-2.98023e-08,-1.57
-0.000697392,-0.00116774,0.0286119;-1.57018,-0.270638,-1.56911
-0.000452458,-0.000728162,0.0285803;-1.57065,-0.178333,-1.57071
-0.00110238,0.00386877,0.0290551;-1.57398,-0.0453979,-1.56838
-0.00413669,0.0114876,0.0333779;-1.65959,0.130777,-1.56991
-0.00249466,0.00560081,0.0285801;-1.57072,-0.0271564,-1.57075
-0.00177217,0.00470242,0.0286181;-1.57109,-0.128991,-1.5689
-0.00112452,0.00379165,0.0286109;-1.57082,-0.183534,-1.5693
0.000680123,0.00581165,0.0285801;-1.57078,-0.0256208,-1.57082
0.00148668,0.00835891,0.0290952;-1.56899,0.106096,-1.57097
-0.00102935,0.0165913,0.0328439;-1.63371,0.25793,-1.55232
-0.00248892,0.0114793,0.0316224;-1.63294,0.274896,-1.55788
-0.00272349,0.0071559,0.0286827;-1.57083,0.196194,-1.57583
-0.00230045,0.00880394,0.0286626;-1.57481,0.097309,-1.57056
-0.00177341,0.011416,0.0285807;-1.57075,-0.00269878,-1.57075
9.89762e-05,0.0135856,0.0290881;-1.56652,0.0857008,-1.57507
0.00444708,0.029111,0.0317321;-1.61635,0.236165,-1.56471
0.000118692,0.0303725,0.0391622;-1.72246,0.417168,-1.55939
-0.00207602,0.0169928,0.0348788;-1.62415,0.364942,-1.59774
-0.00349863,0.0103814,0.0298616;-1.56685,0.251729,-1.59992
-0.00245252,0.0183589,0.028961;-1.56521,0.120571,-1.58582
-0.00111858,0.0202717,0.0290745;-1.56497,0.135117,-1.59102
0.00437148,0.0297906,0.0307989;-1.57022,0.245889,-1.59128
0.00561055,0.0421106,0.0350328;-1.69851,0.38901,-1.53589
-0.00119916,0.032709,0.0337244;-1.63833,0.472512,-1.57516
-0.00782632,0.0225066,0.0286913;-1.57071,0.438286,-1.57609
-0.00648746,0.0230933,0.0285772;-1.56883,0.364532,-1.57049
-0.00597014,0.0230935,0.0285834;-1.57078,0.341263,-1.57055
0.000750358,0.0306119,0.0296866;-1.56621,0.558459,-1.56655
-0.000236475,0.0388544,0.0327324;-1.63909,0.729191,-1.52119
-0.00290708,0.0367717,0.0329227;-1.68298,0.774461,-1.5033
-0.0144323,0.0312597,0.028865;-1.57879,0.834478,-1.5731
-0.0163752,0.031387,0.0287192;-1.5815,0.890129,-1.56262
-0.0163123,0.0317285,0.0286578;-1.57314,0.937154,-1.5661
-0.00901944,0.0334978,0.02891;-1.54832,1.0796,-1.58484
0.00252595,0.0404623,0.0307841;-1.60644,1.20729,-1.53031
0.00658811,0.0450382,0.0329091;-1.79829,1.26399,-1.36116
0.00275079,0.0352388,0.0291929;-1.63054,1.14342,-1.52161
0.00466249,0.0346476,0.0291945;-1.62364,1.0747,-1.52912
0.00338033,0.0352889,0.0288781;-1.60276,1.10549,-1.5425
0.00630799,0.0357633,0.0287063;-1.56133,1.24957,-1.57652
0.0161328,0.0362324,0.0293567;-1.52563,1.35972,-1.61061
0.0301167,0.0408494,0.0331296;-2.25154,1.46331,-0.902685
0.0291842,0.0351222,0.0333833;-1.77211,1.41708,-1.42145
0.0267814,0.0342505,0.031271;-1.60668,1.32733,-1.57646
0.0278006,0.0332498,0.0298363;-1.63268,1.30139,-1.52991
0.0271011,0.030964,0.0297286;-1.47208,1.35344,-1.68658
0.0321016,0.0298008,0.033104;-1.23841,1.42433,-1.93306
0.0552326,0.0331976,0.0376503;-0.718854,1.49301,-2.43773
0.0777114,0.033542,0.0346228;-2.19642,1.44675,-0.988874
0.0700606,0.0355312,0.0311819;-1.69998,1.49631,-1.48178
0.0584319,0.0396263,0.0304657;2.35285,1.53685,0.76322
0.0539271,0.0414744,0.0289263;1.48987,1.46974,1.64297
0.0584012,0.0401968,0.0288977;1.47635,1.44961,1.66915
0.0768911,0.0365935,0.0302609;1.53153,1.36081,1.62515
0.0857458,0.0299342,0.0289829;1.66705,1.41696,1.47061
0.082028,0.0299455,0.0289254;1.61215,1.41791,1.51984
0.0815733,0.0301053,0.0295758;1.7554,1.41681,1.37979
0.0795412,0.0352918,0.0286585;1.57006,1.33139,1.56772
0.0798657,0.0347015,0.0288359;1.54402,1.24521,1.60041
0.0896201,0.0295197,0.0305853;1.55317,1.13461,1.60594
0.105918,0.0238035,0.029071;1.57942,1.147,1.55873
0.105438,0.0223156,0.0288829;1.57409,1.21423,1.55465
0.109037,0.0178664,0.029135;1.59958,1.31826,1.5239
0.121525,0.00835856,0.0287692;-1.67301,1.48264,-1.46908
0.122357,0.00823292,0.028614;-1.56249,1.5124,-1.57721
0.125884,0.00719896,0.0296023;0.50498,1.55308,2.64553
0.151918,0.00737285,0.0326152;1.81373,1.42495,1.35307
0.152952,0.00631177,0.03231;2.11072,1.43069,1.0264
0.147619,0.00580887,0.0289871;1.55669,1.43735,1.56665
0.156659,-0.000118439,0.030443;-3.12202,1.5404,-0.0383045
0.158132,-1.51824e-05,0.0292257;-2.35889,1.56144,-0.799742
0.159377,0.000136976,0.0288408;-1.61401,1.55296,-1.53676
0.172651,0.00264014,0.039721;1.09141,1.39874,2.0627
0.169995,0.00155694,0.0386597;1.29898,1.40009,1.84428
0.168572,0.00130386,0.0290593;1.65172,1.4095,1.48094
0.16493,0.000405598,0.0295601;1.72873,1.43563,1.40139
0.165255,0.000706625,0.0287497;1.56036,1.43635,1.5719
0.164571,0.000596044,0.0299308;1.31622,1.42893,1.82645
0.179116,0.00199231,0.0389202;1.25489,1.24237,1.91749
0.184192,0.00385397,0.0371998;1.3268,1.23627,1.84529
0.185984,0.00435484,0.0288466;1.56632,1.26958,1.58647
0.185092,0.00469986,0.0287351;1.59197,1.2306,1.55049
0.184766,0.0053509,0.0286936;1.5697,1.22134,1.57777
0.182076,0.00596505,0.0295511;1.56454,1.25107,1.59805
0.193301,0.0103666,0.0348307;1.55147,1.12617,1.65006
0.196611,0.00957017,0.0340025;1.58185,1.14597,1.6163
0.19674,0.00743777,0.0305284;1.59551,1.15501,1.57633
0.193884,0.00785194,0.0289278;1.55222,1.21628,1.59857
0.193172,0.00814844,0.0287466;1.57314,1.26775,1.57613
0.191551,0.0093541,0.0296624;1.57337,1.33732,1.58477
0.205958,0.00794926,0.034884;1.46401,1.33887,1.73739
0.207061,0.00809375,0.0339252;1.5362,1.32105,1.66188
0.207923,0.00783591,0.0319603;1.60241,1.31904,1.58801
0.205583,0.009275,0.0289557;1.55819,1.3219,1.59798
0.204657,0.00786966,0.0286992;1.57747,1.2638,1.56822
0.204466,0.00840487,0.0292684;1.4993,1.28715,1.64868
0.209502,0.00854186,0.0320167;1.40282,1.32064,1.75927
0.232519,0.00797662,0.0344685;1.65859,1.26927,1.52666
0.240194,0.00509835,0.03253;1.80546,1.30567,1.35315
0.240338,0.000952652,0.0295516;1.54703,1.38372,1.59533
0.222616,0.00261473,0.0291666;1.59167,1.27215,1.53942
0.215282,0.00317702,0.0303899;1.57091,1.23401,1.54169
0.212464,0.00444073,0.0341541;1.26049,1.23846,1.86144
0.215083,0.00767012,0.0423288;1.06313,1.18977,2.10181
0.215816,0.00663663,0.0433237;0.943792,1.17403,2.20214
0.216441,0.00476843,0.0374951;1.10429,1.19882,2.02593
0.211872,0.000116033,0.0307888;1.5534,1.19755,1.56288
0.210088,-0.000260273,0.0344416;1.38379,1.23097,1.71044
0.217639,-0.00025942,0.0376939;1.32257,1.30023,1.77847
0.250865,0.00199008,0.0499962;1.57297,1.37097,1.55944
0.264575,0.0039429,0.0480308;2.01016,1.34445,1.11467
0.27009,0.00832822,0.0372901;2.10946,1.29468,1.01989
0.239752,0.00778787,0.0303033;1.59227,1.19223,1.52666
0.226267,0.00235786,0.0317392;1.6139,1.20947,1.49203
0.226649,0.00137195,0.0340375;1.52819,1.22944,1.58055
0.248827,0.00959313,0.0467509;1.53339,1.20346,1.61098
0.264094,0.0121735,0.0454291;1.45742,1.24511,1.69586
0.283353,0.00944921,0.0323779;1.67947,1.36003,1.47756
0.284303,0.00971503,0.029071;1.66603,1.36333,1.47315
0.27496,0.0132036,0.0297997;1.6386,1.26436,1.48948
0.263743,0.0146122,0.0329412;1.67034,1.20844,1.43291
0.252391,0.0140556,0.0442461;1.65549,1.14135,1.44864
0.25405,0.0184627,0.0482607;1.54235,1.10811,1.57804
0.255486,0.0183092,0.0449841;1.39239,1.14848,1.71987
0.272667,0.00940836,0.0311949;1.58088,1.30814,1.52023
0.271783,0.00831768,0.0341327;1.64426,1.31098,1.43329
0.271362,0.00581772,0.0367697;1.70047,1.33112,1.35126
0.261897,0.00330792,0.0430277;1.74338,1.23055,1.32
0.268719,0.00445858,0.049741;1.74826,1.21581,1.33815
0.275503,0.00642436,0.0505482;1.73474,1.2355,1.3582
0.285081,0.00111937,0.0364379;1.92518,1.39423,1.15512
0.280632,0.00161754,0.0352528;1.64887,1.39348,1.41104
0.269375,0.00416951,0.0373361;1.58671,1.33175,1.45035
0.269261,0.00402873,0.0389599;1.80983,1.31955,1.24068
0.274879,0.00468489,0.0445726;1.86732,1.22096,1.19788
0.280342,0.00798856,0.0463695;1.83708,1.24561,1.25029
0.285459,0.00909857,0.0317576;1.65237,1.38357,1.45028
0.287607,0.00881777,0.0292295;1.60394,1.42037,1.52087
0.288776,0.00809586,0.0294633;1.65927,1.43951,1.46524
0.273835,0.0110893,0.0304203;1.56159,1.29571,1.54309
0.265879,0.00889887,0.031886;1.59556,1.21522,1.50661
0.262072,0.00493982,0.0380511;1.58301,1.13318,1.52993
0.273103,0.0121887,0.0305443;1.56981,1.2677,1.53995
0.283513,0.0151046,0.0289283;1.58586,1.38761,1.54244
0.287405,0.0122185,0.0286916;1.56977,1.53598,1.56654
0.281867,0.0141696,0.0300272;1.74514,1.4596,1.37682
0.273652,0.0142766,0.0353601;1.88041,1.33271,1.22831
0.265323,0.00925816,0.0410839;1.90263,1.24462,1.19186
0.242525,0.00869826,0.0391237;1.76002,1.22057,1.31909
0.236384,0.00956009,0.0309647;1.53115,1.25832,1.57083
0.241581,0.0108336,0.0306417;1.54388,1.32378,1.56483
0.265254,0.0103396,0.0337459;1.45969,1.50873,1.60876
0.273726,0.00705523,0.0385669;2.40181,1.45545,0.67233
0.27625,0.00456801,0.0442016;2.3848,1.34965,0.686304
0.250512,-0.00262558,0.0447515;1.93747,1.26188,1.1085
0.236745,-0.00261622,0.0394545;1.71892,1.33102,1.32544
0.231823,-0.00101642,0.0358046;1.51218,1.33843,1.53481
0.237725,-0.000629447,0.0368512;1.47969,1.42583,1.55965
0.238795,-0.00164389,0.0361309;1.43316,1.38012,1.61168
0.24759,-0.00268838,0.0401805;1.78225,1.35571,1.27184
0.256333,-0.00492286,0.0482181;2.11642,1.21158,0.941083
0.238552,-0.00649255,0.0442139;1.90647,1.23707,1.14251
0.228399,-0.00428265,0.0369659;1.62605,1.29788,1.42418
0.229771,0.000819576,0.0313632;1.54262,1.39654,1.5574
0.23027,0.00164352,0.0307606;1.56862,1.36999,1.53436
0.230163,0.00212971,0.0333242;1.69656,1.29246,1.40435
0.214428,0.00126085,0.041097;1.8303,1.10398,1.27411
0.195205,0.00111598,0.041751;1.79695,1.05037,1.2994
0.176464,0.00473787,0.0299634;1.51637,1.05559,1.59452
0.18225,0.00578167,0.0287884;1.57445,1.16764,1.55908
0.185565,0.00386143,0.0288154;1.57131,1.24232,1.55944
0.194023,-0.00188549,0.0289606;1.58362,1.33203,1.54352
0.190196,-0.00325827,0.0379524;2.00996,1.22679,1.12224
0.163318,-0.00482052,0.0416588;1.99767,1.20627,1.10398
0.139064,-0.00310296,0.0393169;1.82716,1.17467,1.25655
0.119211,0.00632319,0.0305138;1.59007,1.05815,1.52373
0.115557,0.00748602,0.0295838;1.55729,1.02562,1.5613
0.123565,0.00643738,0.0308719;1.53167,1.07553,1.57291
0.123565,0.00643738,0.0308719;1.53167,1.07553,1.57291
0.139899,0.00135745,0.0337514;1.54204,1.09425,1.5455
0.139899,0.00135745,0.0337514;1.54204,1.09425,1.5455
