0,0,0.11;-1.57,-2.98023e-08,-1.57
0,0,0.11;-1.57,-2.98023e-08,-1.57
0,0,0.11;-1.57,-2.98023e-08,-1.57
-0.00117915,-0.00293385,0.0286377;-1.56973,-0.251362,-1.56859
-0.00115682,-0.00300358,0.0285837;-1.57072,-0.219937,-1.57095
-0.000126422,0.00128403,0.0298931;-1.58153,-0.127122,-1.58794
0.00255127,0.0183619,0.0377992;-1.74958,-0.0964879,-1.59815
0.00469772,0.017489,0.0288506;-1.57061,-0.230241,-1.58378
0.00485922,0.0187775,0.0285968;-1.57089,-0.301561,-1.57174
0.00522896,0.0178407,0.0286285;-1.57085,-0.403289,-1.56845
0.00450787,0.016561,0.0288614;-1.57134,-0.311432,-1.58395
0.00570236,0.0194947,0.0318039;-1.60371,-0.206163,-1.6031
0.00754181,0.0367929,0.0391737;-1.78203,-0.0973366,-1.5997
0.0106092,0.0411038,0.0377788;-1.75934,-0.174028,-1.61004
0.0112656,0.0403417,0.0330752;-1.66589,-0.242389,-1.59965
0.0117615,0.039321,0.0289615;-1.58433,-0.294902,-1.58016
0.0113835,0.0383018,0.0285793;-1.57082,-0.221288,-1.57079
0.0111876,0.0392979,0.0292842;-1.59088,-0.133927,-1.57822
0.0119719,0.0533465,0.0355159;-1.70795,-0.00218764,-1.57598
0.0147552,0.060724,0.0386456;-1.77492,-0.0327088,-1.58225
0.0170292,0.0634258,0.0372597;-1.74743,-0.104132,-1.59306
0.0185913,0.060732,0.0291375;-1.59235,-0.180473,-1.58045
0.0181713,0.0592973,0.0285796;-1.57071,-0.163913,-1.57072
0.0170829,0.0580988,0.0287701;-1.57503,-0.0760697,-1.57587
0.0170032,0.0608997,0.0316406;-1.63336,0.0240212,-1.57519
0.0183311,0.069327,0.0377303;-1.75333,0.0939431,-1.56101
0.0223609,0.0722113,0.0354941;-1.71641,0.0213043,-1.57529
0.0248052,0.0726339,0.0291313;-1.59164,-0.11236,-1.58016
0.0253601,0.0735643,0.0288948;-1.58429,-0.153781,-1.57517
0.0247387,0.0735423,0.0285792;-1.57065,-0.0988983,-1.57074
0.0248872,0.0823333,0.0335374;-1.64939,0.137665,-1.57739
0.0251012,0.0956739,0.0401887;-1.75761,0.199704,-1.5705
0.02948,0.0995252,0.0385383;-1.74503,0.124072,-1.57466
0.0366851,0.102049,0.0303764;-1.61637,-0.0347225,-1.57801
0.0383765,0.103862,0.0291547;-1.59437,-0.100357,-1.57773
0.0378986,0.103404,0.0288204;-1.58126,-0.0789936,-1.57285
0.0362945,0.10485,0.0294577;-1.5806,0.127451,-1.58122
0.038808,0.120439,0.0357712;-1.66205,0.216836,-1.57713
0.0406118,0.13068,0.0385933;-1.72405,0.186642,-1.57798
0.0472219,0.127053,0.0339325;-1.67096,0.0475516,-1.58239
0.0495805,0.128591,0.0301954;-1.60934,-0.0280171,-1.58032
0.0496819,0.129736,0.0291605;-1.59627,-0.0484859,-1.57489
0.0464017,0.127206,0.0286258;-1.57014,0.117136,-1.57299
0.0494595,0.135239,0.0310186;-1.57658,0.215174,-1.57512
0.0504669,0.152472,0.0399536;-1.64494,0.279884,-1.57425
0.056545,0.152123,0.0346204;-1.6752,0.112819,-1.58015
0.0572896,0.151359,0.0320392;-1.64773,0.0509303,-1.57431
0.0585417,0.15272,0.0296276;-1.60306,0.00163415,-1.57495
0.0556513,0.15103,0.0286578;-1.5698,0.11859,-1.57553
0.0577049,0.154964,0.0301024;-1.56985,0.216527,-1.58088
0.0608564,0.17192,0.0387149;-1.64044,0.30793,-1.57054
0.0658624,0.177915,0.0347984;-1.69571,0.150298,-1.56694
0.0664055,0.177501,0.0324487;-1.65586,0.0907891,-1.56737
0.0677319,0.177912,0.0299199;-1.60963,0.0403759,-1.57533
0.0647352,0.177044,0.0289596;-1.57475,0.124951,-1.58424
0.0679217,0.183467,0.0300759;-1.57131,0.228756,-1.58112
0.0726632,0.203538,0.0348929;-1.68956,0.331035,-1.54105
0.0787076,0.205011,0.0335692;-1.67176,0.193084,-1.55967
0.0821405,0.203615,0.0309855;-1.61759,0.105058,-1.58028
0.0836978,0.203938,0.0309811;-1.62616,0.0658893,-1.57757
0.0800744,0.204279,0.0309996;-1.62863,0.12767,-1.56581
0.0792473,0.206206,0.0309033;-1.61994,0.222446,-1.56425
0.0817277,0.218201,0.0345528;-1.67344,0.340307,-1.52793
0.0855631,0.21851,0.0349807;-1.70509,0.300575,-1.53635
0.0906693,0.219796,0.0329412;-1.66543,0.21519,-1.5568
0.0933035,0.217676,0.0302554;-1.59452,0.165214,-1.59266
0.0905265,0.217824,0.0291052;-1.58437,0.190372,-1.58007
0.0886863,0.217976,0.0291512;-1.5977,0.254389,-1.56569
0.0899221,0.225418,0.0302784;-1.59913,0.385098,-1.55422
0.0955234,0.238722,0.037644;-1.77318,0.473276,-1.48557
0.101934,0.240526,0.035524;-1.72745,0.380601,-1.51818
0.106216,0.238846,0.0326716;-1.66205,0.304311,-1.54992
0.107446,0.236677,0.029795;-1.60919,0.241896,-1.56972
0.104383,0.235706,0.0296376;-1.60609,0.291797,-1.56293
0.0997945,0.235045,0.0304479;-1.618,0.403071,-1.55549
0.105264,0.254574,0.0378054;-1.79315,0.620371,-1.44911
0.111614,0.25641,0.0366537;-1.76202,0.53187,-1.4771
0.115656,0.253734,0.0331188;-1.6791,0.449013,-1.52707
0.121287,0.249609,0.030614;-1.61858,0.325153,-1.56654
0.121675,0.252877,0.0339351;-1.69011,0.3409,-1.53435
0.117731,0.253749,0.0332972;-1.68152,0.425402,-1.52718
0.118145,0.267438,0.0370769;-1.77738,0.659855,-1.45287
0.123111,0.270223,0.0370529;-1.7757,0.592152,-1.46297
0.125109,0.266371,0.0330261;-1.68804,0.510514,-1.52028
0.132762,0.265042,0.030617;-1.6259,0.350261,-1.56108
0.136085,0.269289,0.0349527;-1.71379,0.33413,-1.52445
0.13252,0.268447,0.0334806;-1.67496,0.388513,-1.53908
0.135269,0.285281,0.0366708;-1.72707,0.631533,-1.5039
0.141347,0.292408,0.0387003;-1.77416,0.545431,-1.48786
0.140457,0.287324,0.0334764;-1.67517,0.494735,-1.5373
0.144699,0.284002,0.0301819;-1.61957,0.344982,-1.56564
0.150375,0.287931,0.0344751;-1.70174,0.304802,-1.53381
0.149182,0.286805,0.0348375;-1.69432,0.326741,-1.54705
0.154173,0.306274,0.0390368;-1.68623,0.562807,-1.5397
0.155918,0.310686,0.0366977;-1.72183,0.518441,-1.52098
0.151434,0.299955,0.0300367;-1.57238,0.502697,-1.58285
0.149136,0.294159,0.0291325;-1.58598,0.346626,-1.57804
0.167219,0.306164,0.0345384;-1.69075,0.121421,-1.5649
0.165491,0.307069,0.0362898;-1.72051,0.154138,-1.55799
0.161443,0.305826,0.0338108;-1.62545,0.255341,-1.58871
0.163413,0.326557,0.0374908;-1.53357,0.433894,-1.5889
0.161766,0.32466,0.0341103;-1.57185,0.326566,-1.58628
0.159798,0.319618,0.029137;-1.56594,0.244169,-1.5946
0.171981,0.331054,0.031599;-1.63557,0.066055,-1.5757
0.175838,0.336506,0.0348805;-1.70024,0.0496469,-1.56946
0.171956,0.33549,0.0354137;-1.66021,0.123439,-1.5943
0.173615,0.362663,0.0383529;-1.58093,0.36964,-1.58332
0.174767,0.367364,0.0368246;-1.6106,0.272769,-1.56993
0.174737,0.359644,0.0287645;-1.56846,0.171071,-1.58142
0.182158,0.367274,0.0299029;-1.60819,-0.0404049,-1.57757
0.18464,0.369952,0.0318102;-1.64401,-0.0528412,-1.57939
0.183526,0.369935,0.0351918;-1.67489,0.00946861,-1.59632
0.179615,0.403287,0.0401469;-1.73222,0.253425,-1.58269
0.180827,0.409735,0.0388403;-1.73107,0.189358,-1.57637
0.183777,0.403741,0.0287547;-1.55877,0.0728277,-1.57272
0.186919,0.407522,0.0292034;-1.59692,-0.160007,-1.57983
0.188941,0.409426,0.029628;-1.60218,-0.185821,-1.5827
0.188516,0.409501,0.0338797;-1.66496,-0.130955,-1.60021
0.181439,0.441486,0.0395396;-1.72599,0.0865673,-1.60266
0.18058,0.44678,0.0400227;-1.72578,0.0744447,-1.60983
0.183192,0.445669,0.0303813;-1.60307,-0.0508599,-1.58113
0.184488,0.447276,0.0289813;-1.58741,-0.312055,-1.5795
0.186017,0.450176,0.0292222;-1.59755,-0.397389,-1.58786
0.186537,0.448916,0.030456;-1.62153,-0.354836,-1.59345
0.183374,0.456597,0.039266;-1.69258,-0.114489,-1.62607
0.178418,0.471689,0.0423811;-1.75939,-0.0100718,-1.63237
0.178851,0.474073,0.0398726;-1.73503,-0.0613488,-1.62502
0.180808,0.468071,0.0286662;-1.56994,-0.354818,-1.57583
0.181829,0.471363,0.0289533;-1.58735,-0.473645,-1.58168
0.182498,0.472795,0.0291682;-1.59927,-0.509683,-1.58858
0.183963,0.468832,0.0360143;-1.6409,-0.314106,-1.63892
0.178196,0.485841,0.0420839;-1.71039,-0.169627,-1.64145
0.173829,0.495303,0.0433156;-1.77188,-0.120124,-1.65962
0.17664,0.485644,0.0286121;-1.57037,-0.383187,-1.57382
0.176819,0.488804,0.0288124;-1.58337,-0.521047,-1.57822
0.177492,0.491737,0.0291145;-1.59579,-0.610534,-1.59098
0.180018,0.484401,0.0325461;-1.60428,-0.476667,-1.62512
0.178955,0.491232,0.0379832;-1.59952,-0.326021,-1.61863
0.171392,0.505844,0.0424626;-1.68534,-0.195335,-1.64112
0.172136,0.505957,0.0288367;-1.55874,-0.452909,-1.57052
0.17121,0.506815,0.0285791;-1.57061,-0.565059,-1.57074
0.171418,0.508929,0.0290446;-1.59551,-0.631591,-1.58808
0.173565,0.505368,0.0306992;-1.57338,-0.538285,-1.60832
0.171624,0.517472,0.0367135;-1.5954,-0.420261,-1.63023
0.159551,0.537921,0.0439007;-1.7264,-0.308634,-1.68118
0.159283,0.533999,0.0330499;-1.63921,-0.425074,-1.622
0.160414,0.529373,0.028651;-1.57096,-0.479124,-1.57478
0.161003,0.531825,0.0289764;-1.59141,-0.559084,-1.58358
0.161494,0.531784,0.0291399;-1.57847,-0.523266,-1.5933
0.160468,0.541144,0.033455;-1.56737,-0.405282,-1.60542
0.147622,0.563549,0.043537;-1.70386,-0.301893,-1.67331
0.142014,0.570582,0.0391118;-1.71352,-0.35848,-1.67492
0.147251,0.560752,0.0288874;-1.5691,-0.425402,-1.58478
0.147975,0.563715,0.02887;-1.58642,-0.529819,-1.57928
0.148911,0.568928,0.0292442;-1.60715,-0.661129,-1.59707
0.148939,0.569602,0.0306664;-1.57906,-0.574967,-1.60589
0.141233,0.586961,0.0397011;-1.63883,-0.446913,-1.64465
0.120752,0.611539,0.0442799;-1.79256,-0.43072,-1.74222
0.130278,0.601805,0.0326043;-1.62481,-0.53296,-1.62972
0.132822,0.598802,0.0286966;-1.57139,-0.611902,-1.57676
0.133588,0.604739,0.0290187;-1.5984,-0.81859,-1.59354
0.133657,0.603705,0.0291449;-1.59174,-0.755421,-1.59732
0.131215,0.610011,0.0322551;-1.573,-0.641034,-1.60532
0.102247,0.643407,0.0452131;-1.83103,-0.54805,-1.78782
0.103273,0.642696,0.0416309;-1.79475,-0.611837,-1.75608
0.11048,0.635736,0.0290764;-1.54839,-0.720525,-1.57619
0.112196,0.639508,0.0288186;-1.59146,-0.970237,-1.58819
0.112945,0.639513,0.0287391;-1.57962,-0.979578,-1.58078
0.114221,0.638764,0.0297757;-1.57812,-0.90075,-1.59845
0.0892309,0.667355,0.0437792;-1.86124,-0.691999,-1.82121
0.0869196,0.675128,0.0431239;-1.9153,-0.78182,-1.85757
0.090834,0.670854,0.0341023;-1.7094,-0.870166,-1.69686
0.092241,0.670622,0.02852;-1.5656,-1.05904,-1.56619
0.0924449,0.670943,0.0286582;-1.5719,-1.0788,-1.57495
0.093344,0.66986,0.0293886;-1.57556,-1.02012,-1.5944
0.0742991,0.692978,0.0427898;-1.90539,-0.791943,-1.85204
0.0707439,0.700391,0.0411292;-1.92202,-0.869298,-1.86782
0.0716603,0.700335,0.0363041;-1.81854,-0.939587,-1.78473
0.0733067,0.69963,0.0286807;-1.57672,-1.07998,-1.57801
0.073084,0.700108,0.0285795;-1.57063,-1.09073,-1.57055
0.0736628,0.699239,0.0287254;-1.57064,-1.02108,-1.57759
0.0736628,0.699239,0.0287254;-1.57064,-1.02108,-1.57759
0.0703945,0.704269,0.0313271;-1.63453,-0.910728,-1.6372
0.0703945,0.704269,0.0313271;-1.63453,-0.910728,-1.6372
