0,0,0.11;-1.57,-2.98023e-08,-1.57
0,0,0.11;-1.57,-2.98023e-08,-1.57
0,0,0.11;-1.57,-2.98023e-08,-1.57
-0.000299646,0.000217736,0.0285949;-1.57093,-0.263328,-1.56993
0.000366323,0.00114432,0.0285791;-1.57077,-0.162503,-1.57071
0.000781097,0.00367686,0.0289475;-1.57279,-0.0389776,-1.57326
0.000515926,0.00170849,0.031814;-1.62685,0.163267,-1.56808
0.00189838,-0.0105691,0.028694;-1.5708,-0.0643083,-1.56521
0.00215961,-0.0140834,0.0288;-1.5708,-0.225887,-1.55998
0.000515614,-0.017694,0.0289437;-1.56319,-0.360119,-1.55778
0.00209145,-0.0118483,0.0299327;-1.53485,-0.297402,-1.5477
0.00291995,0.00107539,0.0314177;-1.58266,-0.175673,-1.52982
-0.00376146,0.00852753,0.0363086;-1.66175,-0.0152539,-1.52342
-0.00975804,-0.00057241,0.0311293;-1.60313,0.0883744,-1.55312
-0.00902287,-0.00620127,0.02858;-1.57078,-0.0202265,-1.57106
-0.00948787,-0.00783041,0.0286315;-1.57162,-0.127849,-1.56921
-0.00927969,-0.00646637,0.0285791;-1.57086,-0.114655,-1.57078
-0.00809514,-0.00164925,0.0286435;-1.56847,-0.0842588,-1.57056
-0.00437015,0.0185778,0.0311042;-1.61041,0.0247822,-1.56513
-0.00551536,0.0232951,0.0338097;-1.66346,0.0824157,-1.56447
-0.000610204,0.0136163,0.0292371;-1.58249,0.00206369,-1.56679
0.000648114,0.00855731,0.0287563;-1.57073,-0.124702,-1.56214
-0.00107432,0.00415868,0.0290513;-1.56224,-0.294092,-1.55388
-6.62348e-05,0.00905151,0.0301564;-1.53968,-0.24752,-1.54472
0.0017961,0.0194738,0.0328217;-1.53289,-0.133651,-1.52557
0.00107289,0.0302595,0.0341523;-1.64354,-0.0226195,-1.54176
0.00313237,0.0231047,0.0297471;-1.58708,-0.055949,-1.55732
0.00339285,0.0157288,0.0287298;-1.57745,-0.25156,-1.57132
0.00477961,0.0159153,0.0286984;-1.57614,-0.311096,-1.57106
0.00492222,0.0163934,0.028578;-1.57093,-0.308163,-1.57055
0.00601641,0.0308453,0.0295015;-1.57391,-0.161479,-1.56785
0.000261278,0.0426922,0.0332089;-1.64434,-0.0396685,-1.57437
0.00407302,0.0415806,0.0321951;-1.64532,-0.101512,-1.57585
0.00736917,0.0284873,0.0285745;-1.57042,-0.195442,-1.57062
0.00898763,0.0267858,0.028734;-1.57065,-0.28623,-1.56309
0.00922506,0.0265599,0.0288001;-1.56954,-0.308752,-1.56114
0.00935409,0.0415217,0.0335199;-1.4951,-0.230248,-1.52199
0.00498791,0.0697684,0.0365303;-1.49799,-0.220026,-1.51746
0.000669646,0.0945247,0.0340014;-1.6418,-0.263307,-1.56163
0.00979284,0.0864181,0.0290283;-1.56082,-0.479783,-1.55295
0.00936945,0.084223,0.0286362;-1.57249,-0.504016,-1.56755
0.00970542,0.0839597,0.0285873;-1.57124,-0.530218,-1.57078
0.00991857,0.0878514,0.0285869;-1.57058,-0.377877,-1.57057
0.00742597,0.0985604,0.0296062;-1.56199,-0.31795,-1.56595
-0.00534286,0.123463,0.0312364;-1.59113,-0.312675,-1.57174
-0.00439895,0.134283,0.0286643;-1.57091,-0.605982,-1.56688
-0.00370493,0.130475,0.0287791;-1.56559,-0.733112,-1.56112
-0.00349595,0.127801,0.028965;-1.55881,-0.794724,-1.55213
-0.0061275,0.136579,0.0304238;-1.54154,-0.635196,-1.52665
-0.0105666,0.143814,0.0332534;-1.55431,-0.495924,-1.50942
-0.0154685,0.144778,0.0368427;-1.6235,-0.33424,-1.53538
-0.00667539,0.122792,0.0322797;-1.52511,-0.436721,-1.51313
-0.00578392,0.11616,0.0289175;-1.56837,-0.527902,-1.55546
-0.00548423,0.113496,0.0287598;-1.57069,-0.613176,-1.56189
-0.00653855,0.115248,0.0286505;-1.57087,-0.534361,-1.56695
-0.00742808,0.121066,0.0291308;-1.57115,-0.419626,-1.56815
-0.0140688,0.13028,0.0332179;-1.64419,-0.278065,-1.58873
-0.00937265,0.122755,0.0287581;-1.5763,-0.281917,-1.56885
-0.00913455,0.120594,0.0285572;-1.57193,-0.332376,-1.57113
-0.00790438,0.118289,0.0287289;-1.57232,-0.434929,-1.56514
-0.00810818,0.11975,0.0291403;-1.55963,-0.421992,-1.54941
-0.00922088,0.126488,0.0319546;-1.53384,-0.353627,-1.52133
-0.015194,0.141783,0.0360192;-1.50257,-0.284955,-1.49403
-0.0180486,0.149832,0.0350439;-1.63056,-0.247659,-1.5352
-0.0129456,0.139607,0.0329385;-1.53113,-0.36729,-1.50144
-0.0122227,0.131354,0.0311949;-1.55033,-0.458206,-1.51983
-0.0103841,0.129688,0.0290673;-1.56409,-0.487237,-1.55025
-0.0100651,0.132895,0.0291256;-1.5542,-0.432509,-1.55228
-0.00982243,0.141569,0.0301714;-1.55239,-0.308114,-1.54615
-0.0144366,0.158015,0.0321787;-1.60849,-0.165018,-1.56739
-0.0120353,0.156292,0.0332486;-1.64567,-0.244337,-1.57505
-0.00777542,0.146376,0.0290506;-1.56397,-0.375174,-1.55217
-0.00861952,0.139967,0.0290698;-1.56204,-0.566236,-1.54994
-0.00864588,0.141703,0.0298127;-1.54553,-0.544601,-1.53839
-0.010185,0.150395,0.0325171;-1.51934,-0.468173,-1.50374
-0.0200808,0.160385,0.0401723;-1.62355,-0.182173,-1.51972
-0.0216537,0.154564,0.0406429;-1.56944,-0.244634,-1.49756
-0.0191952,0.139797,0.036916;-1.47293,-0.314996,-1.4742
-0.0174825,0.126148,0.0347435;-1.54519,-0.402576,-1.47908
-0.0175007,0.128635,0.0355679;-1.53598,-0.385842,-1.46944
-0.0184132,0.131988,0.0358371;-1.48185,-0.346593,-1.47435
-0.0205624,0.146241,0.0437743;-1.39121,-0.20475,-1.43535
-0.0192782,0.143227,0.0436496;-1.3952,-0.253697,-1.43604
-0.0203454,0.139293,0.03784;-1.46213,-0.320824,-1.47039
-0.0240499,0.134108,0.0340693;-1.54893,-0.405314,-1.48815
-0.0224792,0.136704,0.0366887;-1.5295,-0.391006,-1.46221
-0.0238549,0.141085,0.0347684;-1.49769,-0.362462,-1.48568
-0.0300354,0.156478,0.042899;-1.42218,-0.228597,-1.43762
-0.0324979,0.154131,0.0429079;-1.40602,-0.293522,-1.42725
-0.0361865,0.151211,0.0400853;-1.4175,-0.359046,-1.44748
-0.034557,0.147129,0.0356751;-1.54901,-0.439949,-1.47017
-0.035012,0.14823,0.0346962;-1.53437,-0.412456,-1.48251
-0.0347591,0.150389,0.0353205;-1.51785,-0.386557,-1.47983
-0.032222,0.166888,0.0382692;-1.49825,-0.229018,-1.46089
-0.0316439,0.169328,0.0366865;-1.50335,-0.238056,-1.47828
-0.033073,0.171674,0.0334696;-1.5327,-0.263694,-1.50718
-0.0310869,0.157996,0.029733;-1.56593,-0.415476,-1.54349
-0.0311814,0.145487,0.029537;-1.55406,-0.572217,-1.5423
-0.0313028,0.151215,0.0317388;-1.53271,-0.507047,-1.51566
-0.0326524,0.16096,0.0353945;-1.51486,-0.416128,-1.47668
-0.0386324,0.173314,0.0406481;-1.46017,-0.311203,-1.42947
-0.0393628,0.169792,0.0397306;-1.4633,-0.367734,-1.43712
-0.0393624,0.164276,0.0376556;-1.49158,-0.436649,-1.45127
-0.033852,0.160141,0.0319495;-1.55224,-0.529385,-1.51268
-0.032362,0.163424,0.0292033;-1.55632,-0.465725,-1.54707
-0.0311762,0.174008,0.030389;-1.55211,-0.3489,-1.53666
-0.031194,0.19407,0.0343493;-1.52319,-0.157322,-1.50668
-0.0304989,0.194219,0.0312134;-1.55226,-0.170333,-1.53557
-0.0294541,0.186706,0.028816;-1.56869,-0.28537,-1.56045
-0.0257463,0.181493,0.0288536;-1.58188,-0.551408,-1.57302
-0.0249026,0.18113,0.0287716;-1.5712,-0.586285,-1.56169
-0.0277237,0.186879,0.029815;-1.54793,-0.538416,-1.54101
-0.0361383,0.208614,0.0377176;-1.4932,-0.317552,-1.46879
-0.0356393,0.208404,0.0375501;-1.4976,-0.302288,-1.46854
-0.0361129,0.205262,0.0342384;-1.53609,-0.346266,-1.49273
-0.03568,0.196338,0.0323719;-1.55337,-0.532544,-1.50678
-0.034223,0.193291,0.0322201;-1.5538,-0.548504,-1.50874
-0.0348752,0.195729,0.0314648;-1.53367,-0.526455,-1.5201
-0.0417728,0.22114,0.033557;-1.52792,-0.362286,-1.50931
-0.0460879,0.231314,0.031582;-1.60016,-0.308896,-1.56416
-0.0445566,0.227782,0.0288688;-1.57121,-0.295495,-1.56445
-0.0407877,0.221274,0.0286235;-1.57353,-0.469357,-1.57194
-0.0396775,0.220396,0.0286833;-1.57086,-0.5238,-1.56587
-0.0392569,0.219764,0.0288155;-1.57115,-0.567871,-1.55957
-0.0470803,0.234805,0.0351564;-1.47832,-0.480447,-1.47612
-0.0553928,0.243821,0.0404903;-1.40601,-0.432311,-1.42847
-0.0587449,0.24637,0.0389121;-1.43678,-0.456405,-1.43644
-0.0591815,0.234945,0.0338686;-1.53295,-0.588619,-1.48372
-0.058524,0.233652,0.034623;-1.54483,-0.606383,-1.47437
-0.0547438,0.231465,0.0351978;-1.5468,-0.613226,-1.46896
-0.0548257,0.239199,0.0350923;-1.47754,-0.489742,-1.48166
-0.0561585,0.24644,0.0374467;-1.45831,-0.391203,-1.46823
-0.0591607,0.252404,0.0371629;-1.47134,-0.357986,-1.47579
-0.0589016,0.245017,0.0289535;-1.57523,-0.533613,-1.55845
-0.0569511,0.241292,0.0288224;-1.57138,-0.599841,-1.55953
-0.0554649,0.239636,0.0288216;-1.57029,-0.677531,-1.55892
-0.0574144,0.24654,0.0310805;-1.54914,-0.582272,-1.52091
-0.0608861,0.255012,0.0350842;-1.5022,-0.485489,-1.478
-0.0652046,0.260999,0.0398727;-1.45017,-0.402987,-1.43241
-0.0656418,0.249841,0.0355471;-1.51386,-0.554315,-1.46656
-0.0627166,0.244721,0.0313141;-1.56474,-0.634334,-1.52138
-0.059935,0.240714,0.0289985;-1.56627,-0.688964,-1.55144
-0.0610707,0.244959,0.0303183;-1.54667,-0.658491,-1.52842
-0.0632722,0.255011,0.031975;-1.52171,-0.552553,-1.51421
-0.0666224,0.264498,0.0345296;-1.49614,-0.451235,-1.49499
-0.0611678,0.26331,0.0287558;-1.57093,-0.518829,-1.56237
-0.0589001,0.261554,0.028637;-1.57408,-0.627686,-1.57275
-0.0586429,0.263251,0.0289369;-1.59134,-0.705199,-1.58581
-0.0583974,0.263914,0.0286575;-1.57079,-0.678193,-1.56712
-0.0588858,0.270884,0.0307774;-1.53317,-0.554069,-1.53345
-0.0605457,0.282151,0.0340281;-1.52641,-0.407287,-1.49479
-0.0594473,0.282067,0.0329345;-1.5334,-0.409087,-1.50246
-0.0610303,0.277027,0.0307395;-1.55701,-0.489512,-1.52603
-0.0605837,0.272277,0.029898;-1.56158,-0.552329,-1.53912
-0.0601838,0.267731,0.0300309;-1.54382,-0.633477,-1.53333
-0.059183,0.270775,0.0326516;-1.49553,-0.576294,-1.50823
-0.0596915,0.280163,0.0343451;-1.49475,-0.455632,-1.50025
-0.0566571,0.285611,0.0323944;-1.55014,-0.35701,-1.51923
-0.0529648,0.278769,0.0299494;-1.56729,-0.434473,-1.54365
-0.0502117,0.274846,0.0288059;-1.57143,-0.51796,-1.5607
-0.0468817,0.273216,0.0286654;-1.57198,-0.670127,-1.56833
-0.046728,0.274131,0.0291751;-1.5476,-0.665337,-1.54565
-0.0490209,0.28247,0.0321856;-1.5027,-0.578663,-1.50856
-0.055809,0.297032,0.0367677;-1.48783,-0.409466,-1.47792
-0.0533549,0.292032,0.033776;-1.52487,-0.462809,-1.49894
-0.0519751,0.283455,0.0312755;-1.54481,-0.555379,-1.51989
-0.0524989,0.274992,0.0293714;-1.54868,-0.684179,-1.53557
-0.0537943,0.277059,0.031402;-1.53024,-0.667667,-1.51105
-0.0553137,0.284277,0.0348254;-1.48224,-0.615587,-1.47051
-0.0704613,0.319982,0.0388403;-1.49355,-0.567321,-1.45868
-0.0740644,0.340215,0.034252;-1.6097,-0.649452,-1.5289
-0.0672382,0.333977,0.0309971;-1.56354,-0.773703,-1.5275
-0.0622145,0.315607,0.0292606;-1.53696,-0.9591,-1.52948
-0.0621456,0.31542,0.0292874;-1.53736,-0.965571,-1.52807
-0.0634686,0.320915,0.0309026;-1.49755,-0.933584,-1.4946
-0.0799677,0.347608,0.0365792;-1.61271,-0.773433,-1.50453
-0.0832719,0.348131,0.0364618;-1.62037,-0.755438,-1.51521
-0.082936,0.340565,0.0341446;-1.54181,-0.794671,-1.47629
-0.0794632,0.322529,0.0349488;-1.50106,-0.915952,-1.44186
-0.077294,0.318643,0.0365055;-1.49001,-0.949618,-1.41652
-0.0752915,0.315655,0.0363315;-1.40524,-0.934669,-1.38571
-0.0752915,0.315655,0.0363315;-1.40524,-0.934669,-1.38571
-0.0763951,0.321319,0.0392348;-1.35963,-0.839817,-1.35193
-0.0763951,0.321319,0.0392348;-1.35963,-0.839817,-1.35193
