0,0,0.11;-1.57,-2.98023e-08,-1.57
0,0,0.11;-1.57,-2.98023e-08,-1.57
0,0,0.11;-1.57,-2.98023e-08,-1.57
-0.000440695,-0.000679334,0.0285985;-1.57222,-0.241198,-1.57071
0.000480242,0.000945311,0.0288328;-1.56308,-0.204861,-1.56462
0.00364452,0.0135035,0.0303886;-1.56438,-0.0860825,-1.53933
0.00336489,0.0265407,0.0328017;-1.58815,0.04126,-1.51605
0.00873265,0.0224278,0.0287233;-1.57048,-0.108489,-1.5776
0.00864994,0.020996,0.0289198;-1.57585,-0.117287,-1.58262
0.00850509,0.0208744,0.0289374;-1.57739,-0.127102,-1.58205
0.00857332,0.0226111,0.0285779;-1.57057,-0.125123,-1.57036
0.0111292,0.0300551,0.0295655;-1.57163,-0.0220589,-1.54832
0.0112207,0.0427811,0.0333392;-1.57671,0.0957771,-1.50123
0.0105554,0.047745,0.0327252;-1.57191,0.143918,-1.50627
0.00999275,0.0424484,0.0288899;-1.57281,0.0953573,-1.55739
0.00917313,0.0410618,0.0287371;-1.57065,0.0531569,-1.57853
0.00912828,0.0404034,0.0289386;-1.57364,0.0771747,-1.58467
0.010256,0.0421952,0.0294742;-1.5635,0.161041,-1.58571
0.0134305,0.0527743,0.0314182;-1.60194,0.295359,-1.54078
0.0112862,0.0655285,0.033335;-1.59848,0.40344,-1.50328
0.0102448,0.0627743,0.0302632;-1.58455,0.38315,-1.53814
0.00775035,0.0557374,0.0287231;-1.57039,0.322568,-1.56358
0.00497563,0.0513947,0.0289235;-1.56578,0.337986,-1.58408
0.0060467,0.0502254,0.0293017;-1.55312,0.383764,-1.59655
0.00825337,0.0527355,0.0309177;-1.52713,0.396905,-1.60262
0.0138434,0.0571242,0.0372408;-1.40979,0.466208,-1.65198
0.0154743,0.0591858,0.0374944;-1.39943,0.468253,-1.65816
0.0152092,0.0625343,0.0314561;-1.51491,0.486032,-1.61445
0.015051,0.0595696,0.0319868;-1.53672,0.506453,-1.62586
0.0138103,0.0515998,0.0318617;-1.54351,0.602088,-1.63051
0.0144868,0.0415292,0.0317579;-1.48673,0.756198,-1.62165
0.0182326,0.0463051,0.0346358;-1.50095,0.845112,-1.56761
0.0209433,0.0458219,0.0339873;-1.52387,0.876987,-1.54852
0.018338,0.0454474,0.031362;-1.50777,0.849425,-1.59731
0.0151965,0.0435956,0.0299655;-1.51392,0.800134,-1.6116
0.0148746,0.0440248,0.0292108;-1.53364,0.783308,-1.6008
0.0152352,0.0442256,0.029827;-1.52536,0.783866,-1.60317
0.0116344,0.0462954,0.0324368;-1.49758,0.736506,-1.59017
0.0108717,0.0504399,0.0363885;-1.44716,0.717294,-1.59807
0.00780175,0.0563957,0.0325929;-1.4851,0.632645,-1.59219
0.00640403,0.0562042,0.0298477;-1.52235,0.626351,-1.5947
0.00472156,0.0551303,0.0290392;-1.54358,0.637656,-1.58641
0.00593378,0.0563891,0.0301764;-1.56394,0.645276,-1.60129
0.00706659,0.0567858,0.0298398;-1.60336,0.664476,-1.55741
0.00909745,0.059704,0.0334438;-1.65021,0.706357,-1.50342
0.010286,0.0610292,0.0298598;-1.57454,0.75477,-1.54573
0.00862424,0.0613427,0.0292894;-1.57121,0.733837,-1.55688
0.00182883,0.0576743,0.029566;-1.54075,0.641383,-1.58648
0.00218333,0.0569691,0.0290326;-1.59343,0.580498,-1.56143
0.00320951,0.0574848,0.0310585;-1.62597,0.567456,-1.53768
0.00619212,0.0600924,0.0361194;-1.721,0.538142,-1.47669
0.00273433,0.0558027,0.0338845;-1.67147,0.588685,-1.50337
0.000217077,0.0539721,0.0303848;-1.61577,0.679367,-1.54983
-0.00696309,0.0487717,0.0293017;-1.5573,0.732959,-1.59381
-0.00569085,0.0409973,0.0332244;-1.51702,0.815866,-1.65884
-0.00267403,0.0413663,0.0322324;-1.5561,0.829738,-1.63142
-0.00228012,0.0469931,0.0366847;-1.64169,0.769805,-1.55765
-0.00729491,0.0426302,0.0385251;-1.69753,0.650408,-1.50394
-0.00698681,0.0400674,0.0386388;-1.66271,0.613247,-1.5431
-0.00966998,0.0369141,0.0345405;-1.53513,0.606452,-1.64524
-0.0109544,0.0302802,0.0377767;-1.40298,0.752477,-1.73729
-0.00951357,0.0246515,0.0365924;-1.40155,0.835228,-1.74009
-0.00763607,0.0236885,0.0379313;-1.43662,0.858983,-1.70971
-0.00691603,0.0199444,0.046099;-1.5482,0.785785,-1.64655
-0.00976743,0.0104824,0.0440316;-1.52532,0.676002,-1.68123
-0.017338,-1.19802e-05,0.0392843;-1.43472,0.599436,-1.7315
-0.0191913,-0.00426866,0.0392599;-1.42646,0.615546,-1.7223
-0.0170591,-0.0054545,0.0390362;-1.38199,0.640195,-1.73906
-0.0120545,-0.000974869,0.0396698;-1.34585,0.721143,-1.75033
-0.00399216,0.0275561,0.0482024;-1.40989,0.851567,-1.70084
-0.00084312,0.0254828,0.0481567;-1.49246,0.819515,-1.69705
-0.00461503,0.0103734,0.0389745;-1.4117,0.719831,-1.75531
-0.00626821,0.0111338,0.0415143;-1.42095,0.630101,-1.75668
-0.0092363,0.00842062,0.041631;-1.36952,0.638687,-1.7615
-0.0105072,0.00660515,0.0405016;-1.32856,0.642416,-1.75187
0.00330606,0.0207652,0.0435977;-1.2329,0.746276,-1.78171
0.00559306,0.0216574,0.0450226;-1.29476,0.753555,-1.75846
0.00608454,0.0210754,0.0396431;-1.35808,0.744654,-1.75958
0.00253469,0.0223042,0.0373634;-1.45424,0.730168,-1.71772
0.00318301,0.0242569,0.0370883;-1.40135,0.706666,-1.72426
0.00287367,0.0241827,0.0379063;-1.34691,0.699948,-1.73435
0.00594821,0.0305024,0.0403123;-1.28278,0.691457,-1.74949
0.00774274,0.0305137,0.0410498;-1.26691,0.678947,-1.76215
0.00823759,0.0325783,0.0403303;-1.33216,0.672119,-1.75278
0.0044316,0.0353541,0.0378372;-1.45316,0.638034,-1.71227
0.00463953,0.0330491,0.0376128;-1.41858,0.662529,-1.71324
0.00586498,0.0332087,0.0380512;-1.3608,0.682596,-1.72591
0.00746543,0.0335669,0.0391405;-1.29741,0.715312,-1.75223
0.0101884,0.03324,0.040552;-1.2742,0.717799,-1.78426
0.0124057,0.0339873,0.0405365;-1.29906,0.729486,-1.78364
0.0144217,0.0445878,0.0380619;-1.4957,0.649284,-1.71775
0.0159555,0.046141,0.0394341;-1.47548,0.652929,-1.73338
0.0175496,0.043571,0.0398131;-1.37592,0.682392,-1.74647
0.0177764,0.0384243,0.0405637;-1.26364,0.737872,-1.78499
0.0215998,0.0381922,0.0394298;-1.28341,0.792183,-1.77869
0.0257492,0.0414174,0.0380057;-1.32106,0.856345,-1.75368
0.0331152,0.048083,0.0354991;-1.44049,0.863399,-1.73114
0.0366369,0.0484124,0.0359299;-1.45197,0.906622,-1.73115
0.0360988,0.0449207,0.0351848;-1.37834,0.92316,-1.75229
0.036134,0.0453822,0.0358653;-1.33941,0.919159,-1.76165
0.0400289,0.0459319,0.0383029;-1.35215,0.970032,-1.70558
0.0441121,0.0435547,0.0359186;-1.35791,0.982432,-1.73161
0.0440321,0.0443702,0.0346751;-1.37505,0.963442,-1.74848
0.0448715,0.051625,0.0319989;-1.46637,0.974373,-1.68068
0.045035,0.0511543,0.032742;-1.44156,0.985099,-1.70201
0.0457025,0.0501633,0.0342306;-1.37564,0.998846,-1.75324
0.0500918,0.0587371,0.0383894;-1.33388,1.11163,-1.72286
0.053133,0.0521123,0.0368155;-1.35173,1.10471,-1.73808
0.0526903,0.0425676,0.0331236;-1.39973,1.00538,-1.72263
0.0545546,0.0457097,0.0340246;-1.46809,0.977343,-1.7086
0.0574235,0.0437067,0.0350927;-1.4223,1.00588,-1.74772
0.0593977,0.0422235,0.0373525;-1.33207,1.00579,-1.81686
0.0638814,0.0434172,0.0405029;-1.21777,0.989037,-1.86367
0.0616513,0.039193,0.0434297;-1.31445,0.959,-1.78815
0.0605246,0.0282401,0.0383512;-1.34757,0.920728,-1.79158
0.0571897,0.0243279,0.0373359;-1.47619,0.802465,-1.73585
0.0607009,0.0274939,0.0390749;-1.4803,0.800576,-1.7499
0.0663228,0.0338452,0.0409272;-1.42287,0.793453,-1.78271
0.0763202,0.0386589,0.0441574;-1.27659,0.818308,-1.84646
0.0760701,0.0380743,0.0482862;-1.29627,0.87342,-1.81328
0.0729003,0.0363193,0.0486718;-1.32119,0.862207,-1.78889
0.059376,0.0247833,0.0420402;-1.4091,0.738932,-1.78936
0.058326,0.0259727,0.0410014;-1.4749,0.755628,-1.76547
0.0638452,0.0320241,0.0406492;-1.48347,0.783248,-1.76215
0.0790786,0.0444995,0.0432079;-1.30205,0.88824,-1.859
0.0824005,0.0482651,0.0492485;-1.36953,0.918715,-1.77876
0.0812992,0.0464436,0.0522786;-1.40944,0.883566,-1.73267
0.0656106,0.0282089,0.0423125;-1.39737,0.712568,-1.79244
0.0594378,0.0254559,0.0420002;-1.47135,0.711199,-1.77156
0.0596715,0.0252363,0.0414019;-1.50956,0.729722,-1.75787
0.0669165,0.0275397,0.0429588;-1.4181,0.757653,-1.79726
0.0618594,0.0294609,0.0449835;-1.31528,0.768703,-1.84615
0.0562649,0.0311604,0.0445334;-1.26575,0.794245,-1.86238
0.0427919,0.0338946,0.0423159;-1.34977,0.738118,-1.79566
0.0384714,0.030387,0.0411026;-1.42385,0.725852,-1.76451
0.0398388,0.0287495,0.0410167;-1.47086,0.722436,-1.7603
0.0423275,0.0261853,0.0420849;-1.41042,0.79502,-1.79428
0.0434115,0.0254615,0.0429446;-1.33086,0.833927,-1.83287
0.04383,0.0273036,0.0433989;-1.2405,0.869824,-1.87431
0.0368493,0.0306944,0.0441804;-1.27576,0.784329,-1.8556
0.0314986,0.0311129,0.0437517;-1.32952,0.75459,-1.82482
0.0268581,0.0304225,0.0440894;-1.3416,0.744022,-1.8199
0.0288043,0.0258719,0.0426299;-1.38034,0.794125,-1.8089
0.0319701,0.0256826,0.0438579;-1.31709,0.816189,-1.84869
0.0422369,0.031661,0.0462584;-1.15897,0.89436,-1.95163
0.044252,0.0397548,0.0491415;-1.30839,0.984402,-1.82011
0.0340647,0.0370885,0.0435671;-1.25536,0.914339,-1.87394
0.0279903,0.0374951,0.0423921;-1.2561,0.863505,-1.86557
0.028755,0.0292935,0.0407108;-1.29363,0.975219,-1.86221
0.0296205,0.0266112,0.0398193;-1.26324,1.015,-1.87494
0.0306446,0.0273125,0.0389387;-1.21332,1.01644,-1.89486
0.0359764,0.0282943,0.041222;-1.08757,1.05978,-1.99175
0.0370177,0.0306502,0.0417477;-1.12692,1.01823,-1.96919
0.0360184,0.0310487,0.0421073;-1.12826,1.02159,-1.98518
0.0346019,0.0290314,0.0423771;-1.03601,1.08311,-2.08531
0.0342743,0.0257387,0.0417527;-1.02247,1.12441,-2.10833
0.0354251,0.0252468,0.0406618;-0.973281,1.18282,-2.15002
0.0369947,0.0292064,0.0383193;-0.876859,1.33449,-2.21571
0.0312745,0.0251094,0.0368034;-1.05102,1.27783,-2.05777
0.027522,0.0235857,0.0374491;-1.07897,1.20725,-2.03049
0.0249064,0.0284979,0.0390203;-1.06906,1.1139,-2.02965
0.0239717,0.0283145,0.0394107;-1.08146,1.0909,-2.01371
0.0250827,0.0286143,0.0389306;-1.09855,1.10268,-1.99836
0.0391823,0.037418,0.0364653;-1.18843,1.27339,-1.91074
0.0377033,0.0413482,0.0340903;-1.37872,1.29487,-1.71875
0.0414661,0.0466319,0.0333745;-1.32986,1.34808,-1.77652
0.0437518,0.0541429,0.0336767;-1.13356,1.32537,-1.99342
0.0430295,0.0541327,0.0355651;-0.975717,1.31261,-2.15382
0.0455097,0.0548029,0.0353622;-0.968443,1.32957,-2.16302
0.0545247,0.0567651,0.0298769;-1.4853,1.38248,-1.66272
0.055051,0.0538268,0.0296951;-1.58149,1.34209,-1.57031
0.0545813,0.0523317,0.0296569;-1.59685,1.321,-1.5634
0.0502264,0.0532588,0.0297544;-1.49118,1.18913,-1.65221
0.0528795,0.0536202,0.0292224;-1.54659,1.18901,-1.60212
0.05578,0.0530272,0.0291657;-1.54705,1.21419,-1.60339
0.0647054,0.0542914,0.0301059;-1.49872,1.29512,-1.64783
0.0677264,0.0531922,0.0294489;-1.54582,1.25563,-1.60179
0.0638018,0.0463547,0.0296053;-1.57926,1.15188,-1.57175
0.0536179,0.03682,0.0290788;-1.54127,0.979411,-1.6025
0.0538533,0.0378012,0.0293155;-1.5363,0.96444,-1.60384
0.0574253,0.0378031,0.0301645;-1.50751,0.998357,-1.62688
0.0574253,0.0378031,0.0301645;-1.50751,0.998357,-1.62688
0.062917,0.0382603,0.0303787;-1.49731,1.05108,-1.63811
0.062917,0.0382603,0.0303787;-1.49731,1.05108,-1.63811
