0,0,0.11;-1.57,-2.98023e-08,-1.57
0,0,0.11;-1.57,-2.98023e-08,-1.57
0,0,0.11;-1.57,-2.98023e-08,-1.57
-0.00121693,-0.00173854,0.0286257;-1.56997,-0.281818,-1.56894
-0.00126615,-0.00175504,0.0285939;-1.57161,-0.201755,-1.57161
-0.00275983,-0.00355254,0.0302111;-1.59776,-0.0292909,-1.58179
-0.00186022,0.00230694,0.0365868;-1.68686,0.0815357,-1.59419
0.00340117,0.00784933,0.0286485;-1.57104,-0.154108,-1.57429
0.00378699,0.00803631,0.0285808;-1.57073,-0.235026,-1.57086
0.00328548,0.00775748,0.0285817;-1.57048,-0.27149,-1.57085
0.00247425,0.00559668,0.0288425;-1.57352,-0.0521201,-1.58091
0.00138801,0.0034756,0.0308973;-1.59578,0.0949939,-1.59009
0.0036337,0.0122545,0.0387985;-1.70866,0.2813,-1.58203
0.00512726,0.0152282,0.0376598;-1.70049,0.246827,-1.58297
0.00667608,0.0141479,0.0308934;-1.59706,0.169341,-1.59121
0.00859091,0.0158287,0.0288659;-1.57731,0.0734598,-1.57733
0.00839391,0.0145332,0.0286796;-1.57071,0.118174,-1.57549
0.00849761,0.0124236,0.028921;-1.57735,0.234916,-1.57987
0.0110526,0.0123201,0.0330304;-1.52642,0.391117,-1.60825
0.0210612,0.0238723,0.040969;-1.71934,0.525565,-1.57359
0.0206939,0.0280167,0.041836;-1.77116,0.443803,-1.54314
0.016977,0.0227772,0.0292404;-1.56193,0.336253,-1.59706
0.0180905,0.0255401,0.0285813;-1.57089,0.197695,-1.57076
0.018415,0.0246976,0.0286916;-1.57077,0.272382,-1.57637
0.0220382,0.0256169,0.0309324;-1.56113,0.403441,-1.60029
0.0300255,0.0342212,0.0357899;-1.6443,0.513197,-1.57649
0.0374667,0.0406908,0.0367831;-1.67044,0.476762,-1.57802
0.0405018,0.0473584,0.0289959;-1.58227,0.216832,-1.57707
0.0416039,0.0482963,0.0285798;-1.57082,0.174144,-1.57073
0.0413748,0.0476794,0.0285774;-1.57087,0.211978,-1.57064
0.0460941,0.0546104,0.0334737;-1.66392,0.442356,-1.54042
0.0466159,0.0590167,0.0405501;-1.78931,0.610995,-1.48781
0.0478174,0.055504,0.0396798;-1.73271,0.641447,-1.53127
0.0470781,0.0556203,0.0290337;-1.5815,0.42203,-1.57819
0.0487002,0.0566668,0.0287187;-1.57751,0.358165,-1.56884
0.0493107,0.056871,0.0285767;-1.57062,0.398659,-1.57105
0.0455049,0.0559289,0.0294735;-1.59409,0.657832,-1.56514
0.0491808,0.0585271,0.0369877;-1.74395,0.833595,-1.47394
0.051764,0.0576555,0.0411963;-1.82669,0.927123,-1.43014
0.046274,0.0572574,0.0317562;-1.58398,0.768266,-1.60512
0.0456221,0.0578791,0.0289597;-1.57963,0.722133,-1.57629
0.0460198,0.0581024,0.028598;-1.57098,0.704502,-1.57161
0.045053,0.0552615,0.0289463;-1.56764,0.881531,-1.58279
0.0473307,0.0525909,0.0319893;-1.52712,1.02751,-1.6361
0.0546361,0.0515027,0.0373349;-1.44363,1.15603,-1.71628
0.0667519,0.0602321,0.0353771;-1.65229,1.04089,-1.55943
0.0644181,0.0631006,0.0299496;-1.57404,0.960055,-1.59361
0.0654415,0.0660419,0.0287126;-1.57085,0.880575,-1.57703
0.0656923,0.0656276,0.028721;-1.57042,0.91128,-1.57792
0.0667882,0.0649145,0.0301439;-1.56584,1.00902,-1.59314
0.0733035,0.0670354,0.0374787;-1.77017,1.16352,-1.42873
0.0843061,0.0666824,0.03679;-1.7457,1.10653,-1.4744
0.0863793,0.0687809,0.0315681;-1.59472,0.941421,-1.5923
0.0917014,0.069937,0.0291462;-1.59663,0.864448,-1.56159
0.091187,0.0700666,0.0285765;-1.57066,0.902941,-1.57064
0.0926164,0.0718539,0.0300272;-1.61484,0.990528,-1.53678
0.0971771,0.0773589,0.036717;-1.90758,1.13082,-1.27441
0.0896601,0.0726901,0.0378925;-1.88718,1.21808,-1.32788
0.0906145,0.0732213,0.0346793;-1.70053,1.08449,-1.50257
0.0940884,0.074754,0.031919;-1.61948,1.01647,-1.56716
0.0981069,0.0759599,0.0286465;-1.5709,0.965901,-1.57405
0.0981804,0.0783229,0.0288692;-1.5825,1.06092,-1.55752
0.0965978,0.081459,0.0324645;-1.72235,1.16894,-1.42876
0.0840176,0.0735214,0.0380765;-1.98479,1.31825,-1.22149
0.0839413,0.0745808,0.0381431;-1.89574,1.27783,-1.32059
0.0811597,0.0757767,0.0325861;-1.56695,1.20203,-1.63576
0.0841707,0.0777998,0.028818;-1.5726,1.12896,-1.57971
0.0830292,0.0770369,0.028807;-1.5702,1.19124,-1.58217
0.0802083,0.0754182,0.0293127;-1.58228,1.28038,-1.56495
0.0755913,0.0690441,0.036029;-1.12525,1.48466,-2.05022
0.0825291,0.0701048,0.0387571;-2.07853,1.4486,-1.13214
0.0923104,0.0750456,0.0323713;-1.49698,1.40579,-1.70267
0.0972716,0.0858337,0.0288092;-1.57627,1.24231,-1.57463
0.0971193,0.0857467,0.0289053;-1.57327,1.2592,-1.58286
0.0963432,0.0852874,0.0287716;-1.57705,1.29665,-1.57204
0.107577,0.0885884,0.0410249;3.11179,1.37748,-0.0113932
0.109428,0.0883048,0.0393014;-3.11131,1.42134,-0.0728187
0.109706,0.0867461,0.0354244;-2.43458,1.47643,-0.756561
0.122116,0.0836692,0.0302953;-1.63365,1.26382,-1.53298
0.122828,0.0834192,0.029088;-1.60149,1.26939,-1.55648
0.122595,0.0834874,0.0289714;-1.62464,1.28648,-1.52284
0.126553,0.0891403,0.0366171;-2.61948,1.41781,-0.530749
0.12478,0.0884454,0.0376046;-2.81149,1.39539,-0.347901
0.119808,0.0872773,0.0365916;-2.79697,1.44416,-0.380413
0.128598,0.0853798,0.0317905;-1.69697,1.36106,-1.48369
0.129692,0.0861336,0.0305358;-1.57586,1.36843,-1.59983
0.131428,0.0856225,0.0288305;-1.59557,1.34333,-1.55339
0.129132,0.093769,0.0351515;-2.90243,1.46748,-0.239635
0.125478,0.0926341,0.0385316;3.00659,1.39025,0.117639
0.112738,0.0871126,0.0370901;2.51186,1.45836,0.577715
0.107632,0.0940638,0.0347677;-2.13037,1.54185,-1.0836
0.108317,0.0926928,0.0314461;-1.35831,1.56081,-1.82968
0.110085,0.0922659,0.0288323;-1.56914,1.53326,-1.5847
0.107336,0.0946277,0.0327199;1.9837,1.42544,1.15774
0.103104,0.0910759,0.0355292;2.01789,1.38608,1.10068
0.0947126,0.086686,0.0319196;1.56457,1.35882,1.54033
0.0993989,0.0923479,0.0318235;1.62222,1.47556,1.47393
0.107833,0.0915522,0.030547;-1.63353,1.51876,-1.53959
0.109251,0.0911771,0.0299193;-1.56023,1.51097,-1.60919
0.106159,0.0918598,0.0302702;-2.08201,1.55061,-1.08297
0.102754,0.0943401,0.0397052;2.41728,1.30316,0.720137
0.0954712,0.092918,0.0392666;2.27855,1.32778,0.837532
0.0964304,0.090994,0.0379981;2.30399,1.40064,0.792262
0.110467,0.0828711,0.0328409;-1.83553,1.44769,-1.35355
0.11406,0.0821463,0.030705;-1.66178,1.43401,-1.51073
0.114358,0.0825303,0.0293039;-1.79597,1.44966,-1.35242
0.113764,0.0850072,0.0373472;2.93493,1.41874,0.203937
0.10593,0.0822715,0.0382342;2.70356,1.38076,0.426654
0.0968158,0.0799138,0.0373494;2.47542,1.41214,0.633556
0.103867,0.0799465,0.0330411;-2.02745,1.48481,-1.15938
0.107707,0.0769919,0.0325289;-1.66253,1.47116,-1.53535
0.109554,0.0765182,0.0297251;-1.59287,1.47214,-1.57246
0.0982974,0.0792613,0.03758;2.57911,1.39869,0.554043
0.0872397,0.0759988,0.0388469;2.59746,1.36863,0.530109
0.0743779,0.0716477,0.0373948;2.32979,1.41249,0.769021
0.0651651,0.0826683,0.0334542;1.73726,1.45791,1.34702
0.0647978,0.0815092,0.0326857;1.57699,1.42737,1.50844
0.0660317,0.0795575,0.0308875;1.52768,1.42481,1.57273
0.0679112,0.0787794,0.0370933;1.89895,1.27582,1.21911
0.0640924,0.0766106,0.0395549;2.01088,1.22828,1.11173
0.050365,0.073681,0.0342915;1.73272,1.28567,1.37504
0.0482344,0.0814434,0.033799;1.683,1.3641,1.40148
0.0525342,0.0852136,0.0334217;1.61921,1.40263,1.46354
0.0607987,0.0802309,0.0315838;1.56684,1.45469,1.52671
0.07035,0.0766984,0.0341433;2.14132,1.40183,0.988521
0.0740437,0.0764074,0.0392792;2.37379,1.29304,0.770898
0.0626126,0.0771987,0.039583;2.34728,1.27726,0.799421
0.0551153,0.0734147,0.0356931;2.37054,1.4356,0.73872
0.0633482,0.0686994,0.0322684;-2.43576,1.49844,-0.732487
0.070198,0.0639982,0.0313064;-1.96184,1.46777,-1.20559
0.0736607,0.0633767,0.0327682;-2.33082,1.49014,-0.832009
0.0730337,0.0657436,0.0360297;2.80414,1.42749,0.328284
0.0659813,0.067276,0.0374696;2.55732,1.37532,0.578152
0.0490536,0.0654845,0.0354464;2.33285,1.3852,0.799455
0.050032,0.0665629,0.0336611;2.35805,1.44512,0.767294
0.0528169,0.064951,0.0316556;2.596,1.50708,0.529325
0.0527273,0.0623018,0.0312857;1.90075,1.52308,1.20643
0.0484366,0.0657749,0.0351664;2.17151,1.39556,0.951214
0.0459112,0.0676737,0.0401514;2.22529,1.26782,0.909844
0.0154037,0.0696499,0.0350166;1.90274,1.3246,1.20198
0.0138527,0.071269,0.0358887;1.88254,1.31909,1.21225
0.0104283,0.0750995,0.0318019;1.62646,1.31053,1.47287
0.0093948,0.0747146,0.0307344;1.56093,1.27083,1.54036
0.00945141,0.0739287,0.032276;1.63833,1.25017,1.46638
0.0117502,0.0722313,0.0382665;1.8928,1.14062,1.23646
-0.0010576,0.072261,0.0332259;1.68371,1.18834,1.42536
-0.00102634,0.0725431,0.0322095;1.6126,1.24322,1.48026
0.003679,0.0726376,0.0333341;1.70752,1.28647,1.39108
0.00918729,0.0703199,0.030447;1.55719,1.31333,1.54782
0.0170494,0.064903,0.0325308;1.69996,1.31665,1.40977
0.0262552,0.0604799,0.0381142;2.07204,1.22425,1.07432
0.0133271,0.0654956,0.0366058;1.9264,1.18992,1.21297
0.00781251,0.0629294,0.0329888;1.82741,1.26268,1.30573
0.0137034,0.0562289,0.0337422;2.02567,1.34938,1.11082
0.0234312,0.0475784,0.0292309;1.82449,1.51133,1.30186
0.0269107,0.0459794,0.0305127;2.04381,1.51702,1.08076
0.0281907,0.0441909,0.0348576;2.24009,1.44809,0.878968
0.0157603,0.0499837,0.0375515;2.17135,1.28796,0.968703
0.0015182,0.0538943,0.0349809;2.06352,1.31358,1.07908
-0.00236854,0.0545057,0.0333553;1.99033,1.31607,1.15366
0.00118233,0.0550144,0.0309689;1.79069,1.37652,1.33943
-0.000122891,0.0573683,0.0298736;1.58386,1.32433,1.53353
0.00223893,0.0569943,0.0313467;1.60806,1.24338,1.50452
0.00321471,0.0592213,0.0401064;1.91587,1.02907,1.24145
-0.0153349,0.0671701,0.0378678;1.84499,1.04804,1.29802
-0.0314684,0.074254,0.0304752;1.56814,1.10241,1.53771
-0.0317525,0.0788049,0.0295394;1.57658,1.09303,1.54643
-0.0328751,0.0790447,0.0290652;1.56489,1.0721,1.55979
-0.0298284,0.0759722,0.0310291;1.5095,1.00411,1.60414
-0.0212841,0.0662021,0.043971;1.74534,0.872983,1.40058
-0.0292221,0.0711982,0.0430729;1.79263,0.867281,1.36249
-0.0476961,0.081995,0.0314098;1.50932,0.955089,1.59017
-0.0414993,0.0818219,0.0308706;1.6095,1.07504,1.51032
-0.0401338,0.0808251,0.0291379;1.57545,1.09387,1.55263
-0.0348247,0.0776585,0.0292216;1.54215,1.11825,1.58015
-0.0135723,0.0543128,0.0403641;1.84705,1.01958,1.31968
-0.0134475,0.0548382,0.0411454;1.92429,0.969139,1.25883
-0.031332,0.0687048,0.0374139;1.82005,0.984861,1.33455
-0.034321,0.0645414,0.0329709;1.80376,1.18914,1.34615
-0.0295482,0.0589552,0.0296286;1.67777,1.28018,1.46585
-0.0229841,0.0561181,0.028789;1.59528,1.28089,1.54185
-0.0229841,0.0561181,0.028789;1.59528,1.28089,1.54185
-0.00879104,0.0507273,0.0309606;1.56824,1.19617,1.57709
-0.00879104,0.0507273,0.0309606;1.56824,1.19617,1.57709
