0,0,0.11;-1.57,-2.98023e-08,-1.57
0,0,0.11;-1.57,-2.98023e-08,-1.57
0,0,0.11;-1.57,-2.98023e-08,-1.57
-0.000199133,0.00358832,0.0285949;-1.57075,-0.137555,-1.56995
-2.45331e-05,0.00380625,0.0287687;-1.57085,-0.117711,-1.56158
-0.000933296,0.00215695,0.0303524;-1.57124,-0.102742,-1.5409
-0.0026493,-0.0121573,0.031907;-1.56211,-0.0577625,-1.52469
-0.00242596,-0.0139423,0.0285957;-1.57125,-0.138112,-1.57192
-0.00243169,-0.012999,0.0287442;-1.57431,-0.164991,-1.57712
-0.00230318,-0.0126279,0.0288432;-1.57577,-0.178416,-1.5813
-0.00225746,-0.0160778,0.0290852;-1.58115,-0.129146,-1.58918
-0.00380298,-0.0212867,0.0319155;-1.63878,-0.0589412,-1.57917
-0.0056258,-0.0245239,0.0371035;-1.68844,-0.00331638,-1.55284
-0.00602117,-0.0215308,0.0352632;-1.68242,-0.0141099,-1.56567
-0.0050695,-0.0190044,0.0312322;-1.63094,-0.0585056,-1.57714
-0.00464981,-0.0204891,0.0285787;-1.57084,-0.0678153,-1.5709
-0.00460688,-0.0201816,0.0285791;-1.57073,-0.0451332,-1.57079
-0.00446267,-0.0199692,0.0288772;-1.56614,-0.0180103,-1.56079
-0.00530103,-0.0205675,0.0313913;-1.5647,-0.0119484,-1.53448
-0.00965453,-0.0330523,0.0342689;-1.5599,0.0295043,-1.50702
-0.00791482,-0.0365876,0.0308863;-1.56372,0.0158929,-1.53842
-0.00789169,-0.037331,0.0287039;-1.57108,-0.00598795,-1.56467
-0.00774237,-0.0369908,0.0287913;-1.57451,-0.0442926,-1.57717
-0.00781074,-0.0370026,0.0290928;-1.58484,-0.0444738,-1.58193
-0.00911587,-0.0418557,0.030587;-1.6152,0.00376663,-1.57426
-0.0110678,-0.0468471,0.0340358;-1.64404,0.00470956,-1.56133
-0.0114428,-0.043605,0.0359674;-1.69668,-0.0128522,-1.56415
-0.0113163,-0.0455165,0.0290136;-1.58565,-0.0699812,-1.57793
-0.011221,-0.0455298,0.0286806;-1.57149,-0.0817041,-1.57485
-0.0116906,-0.0464259,0.0286252;-1.57084,-0.0515756,-1.5729
-0.0117627,-0.0466183,0.0307053;-1.55884,0.0405681,-1.54399
-0.0146219,-0.0508183,0.033156;-1.54743,0.0619896,-1.52028
-0.0157806,-0.0518474,0.0327161;-1.55736,0.0441568,-1.52085
-0.0131056,-0.049497,0.028663;-1.57056,-0.0108793,-1.56633
-0.0128533,-0.0493285,0.0287035;-1.56486,0.000347823,-1.5707
-0.0125096,-0.0494128,0.0285804;-1.57077,0.0267185,-1.57073
-0.0137922,-0.0521337,0.0295147;-1.59879,0.118962,-1.56873
-0.0157853,-0.0533326,0.0356438;-1.69441,0.128076,-1.54603
-0.0160294,-0.0524742,0.0396128;-1.75429,0.138389,-1.52671
-0.0137813,-0.05742,0.0352285;-1.70581,0.0782793,-1.56599
-0.0128142,-0.0576055,0.0292476;-1.5892,0.0319256,-1.57766
-0.0127375,-0.0576729,0.0290653;-1.58196,0.0253726,-1.58253
-0.0159217,-0.0622227,0.0286375;-1.57055,0.140029,-1.57387
-0.0177099,-0.0653327,0.0298409;-1.54524,0.174274,-1.56325
-0.0206428,-0.070644,0.032886;-1.5359,0.19719,-1.53812
-0.0257718,-0.0736937,0.0299737;-1.57736,0.107287,-1.54336
-0.0236321,-0.073947,0.0288947;-1.57632,0.0408097,-1.55968
-0.0233636,-0.0743246,0.0286258;-1.57084,0.0116176,-1.56832
-0.0230637,-0.0755965,0.0286092;-1.57013,0.0934892,-1.57227
-0.0235148,-0.0797212,0.0292815;-1.55429,0.16194,-1.58086
-0.0265226,-0.0897797,0.0340647;-1.47602,0.232391,-1.5993
-0.0298703,-0.0952894,0.0293391;-1.57887,0.246189,-1.56586
-0.0276979,-0.0923839,0.0290663;-1.57199,0.214459,-1.56986
-0.0270726,-0.0895344,0.0287824;-1.56841,0.18293,-1.57517
-0.0274341,-0.0882302,0.0288734;-1.57045,0.160978,-1.58463
-0.0276244,-0.0905385,0.0300145;-1.53548,0.186254,-1.5813
-0.0288875,-0.0955416,0.0352849;-1.43584,0.203897,-1.60122
-0.0301646,-0.0984154,0.0319396;-1.51514,0.236092,-1.57795
-0.0301522,-0.098005,0.0292536;-1.56849,0.231834,-1.57202
-0.0306044,-0.101442,0.0292714;-1.56374,0.275831,-1.57412
-0.031469,-0.103622,0.0293258;-1.54478,0.283092,-1.58877
-0.0321992,-0.101515,0.0309322;-1.51892,0.259841,-1.59349
-0.0336309,-0.101214,0.0357849;-1.44572,0.241577,-1.61717
-0.0338699,-0.099396,0.0340493;-1.47013,0.207984,-1.60511
-0.0345529,-0.0973407,0.030096;-1.54863,0.193188,-1.57289
-0.0353579,-0.0968182,0.0292907;-1.57332,0.191809,-1.57121
-0.0364239,-0.101849,0.0290918;-1.55973,0.289788,-1.58794
-0.0365807,-0.103271,0.0291589;-1.55216,0.307708,-1.5861
-0.0373411,-0.104346,0.0314902;-1.50808,0.315407,-1.59728
-0.0381414,-0.105397,0.0366457;-1.40673,0.309085,-1.62711
-0.0382808,-0.102367,0.0341233;-1.46436,0.276231,-1.60107
-0.0358159,-0.0958852,0.0291533;-1.56713,0.242017,-1.56433
-0.0345077,-0.095926,0.0287254;-1.56704,0.256548,-1.57519
-0.0345981,-0.0982917,0.0287601;-1.56925,0.328663,-1.57964
-0.0355426,-0.100754,0.0289797;-1.55398,0.373294,-1.58005
-0.0390154,-0.103972,0.0357591;-1.42029,0.37988,-1.6264
-0.0392409,-0.102973,0.0347895;-1.44056,0.343075,-1.62075
-0.0378102,-0.0973858,0.0286789;-1.57015,0.29494,-1.56691
-0.037589,-0.0970807,0.028616;-1.57062,0.237185,-1.56884
-0.037659,-0.0972621,0.0285784;-1.5709,0.262721,-1.57097
-0.0378945,-0.0981576,0.0285963;-1.56987,0.308548,-1.57154
-0.0401043,-0.10452,0.0320477;-1.49375,0.39453,-1.5975
-0.0420403,-0.105406,0.0307303;-1.51864,0.362863,-1.58724
-0.0428161,-0.103515,0.0285772;-1.57094,0.309535,-1.57067
-0.0421603,-0.102845,0.0286514;-1.57114,0.29679,-1.5672
-0.0418667,-0.102666,0.0286694;-1.5708,0.325834,-1.56652
-0.0415171,-0.102399,0.0286455;-1.57085,0.359427,-1.56764
-0.0403133,-0.102717,0.0303869;-1.52882,0.471077,-1.58158
-0.0412104,-0.105543,0.0291826;-1.55277,0.44385,-1.57653
-0.0416744,-0.105473,0.0286138;-1.57018,0.408195,-1.5701
-0.0413814,-0.10481,0.0287212;-1.57139,0.379716,-1.56383
-0.0414879,-0.104876,0.028558;-1.57096,0.3895,-1.57178
-0.0420723,-0.10585,0.0287711;-1.57073,0.430886,-1.5801
-0.0467325,-0.114647,0.0312086;-1.57693,0.554728,-1.58953
-0.0477386,-0.119435,0.0330551;-1.56185,0.545758,-1.61752
-0.0460888,-0.117714,0.0323343;-1.59958,0.515693,-1.59512
-0.041687,-0.110333,0.0306045;-1.6192,0.437197,-1.55814
-0.0421855,-0.108192,0.0291988;-1.59338,0.422014,-1.56302
-0.0428763,-0.108882,0.0285381;-1.56843,0.437467,-1.57173
-0.0430655,-0.109289,0.0287724;-1.561,0.468555,-1.57364
-0.0477147,-0.11379,0.0307825;-1.51825,0.472505,-1.58464
-0.0493718,-0.115695,0.0288942;-1.55842,0.447054,-1.57216
-0.0496826,-0.115948,0.0285783;-1.57098,0.4144,-1.57077
-0.0496473,-0.115728,0.0287663;-1.57239,0.394649,-1.56257
-0.0497806,-0.115872,0.0286073;-1.57212,0.400558,-1.57024
-0.0507451,-0.116407,0.028653;-1.57309,0.447512,-1.57112
-0.0557896,-0.125522,0.0333895;-1.49951,0.5682,-1.63555
-0.0539658,-0.129308,0.0350829;-1.53444,0.532698,-1.64649
-0.0514405,-0.130053,0.0311019;-1.57311,0.508026,-1.6126
-0.0484194,-0.128826,0.0340716;-1.66978,0.521328,-1.54479
-0.0465844,-0.12658,0.0349813;-1.70462,0.509467,-1.5178
-0.0487132,-0.127786,0.032278;-1.63722,0.520774,-1.55526
-0.0545573,-0.129823,0.0311809;-1.51323,0.565225,-1.6045
-0.0544209,-0.129692,0.029722;-1.53559,0.555552,-1.58731
-0.0534867,-0.129259,0.0292056;-1.56095,0.549631,-1.58425
-0.0544171,-0.129938,0.0289959;-1.56085,0.559958,-1.58734
-0.0552756,-0.130158,0.0294928;-1.56767,0.56854,-1.58056
-0.0570299,-0.130537,0.0295411;-1.55643,0.571103,-1.57802
-0.0625594,-0.13175,0.030377;-1.5328,0.542806,-1.58871
-0.0626565,-0.132883,0.0309493;-1.52839,0.505243,-1.60071
-0.0580636,-0.132917,0.0303927;-1.58178,0.448752,-1.59326
-0.056548,-0.136148,0.0335252;-1.59882,0.455175,-1.61436
-0.057779,-0.136826,0.0341021;-1.6284,0.466901,-1.59058
-0.0605038,-0.138168,0.0343243;-1.68686,0.498454,-1.53034
-0.0643215,-0.138128,0.0320278;-1.55861,0.493553,-1.62348
-0.0685052,-0.138317,0.0362858;-1.47431,0.51637,-1.66248
-0.0718463,-0.139286,0.0317568;-1.51518,0.515906,-1.6131
-0.068416,-0.135953,0.0293173;-1.57453,0.47884,-1.58625
-0.0673388,-0.135669,0.0290735;-1.56788,0.488319,-1.58343
-0.0673565,-0.135269,0.0294249;-1.56987,0.493765,-1.57536
-0.06996,-0.135883,0.0298746;-1.53161,0.518405,-1.58486
-0.070426,-0.135074,0.0304641;-1.52079,0.533897,-1.59191
-0.0694721,-0.134868,0.0305825;-1.52274,0.545679,-1.59197
-0.0663458,-0.138234,0.0300794;-1.59476,0.542612,-1.58101
-0.0611701,-0.135407,0.0329757;-1.60947,0.494863,-1.59926
-0.0561881,-0.132139,0.0358161;-1.68902,0.461189,-1.55273
-0.0580435,-0.133355,0.0373175;-1.76998,0.501179,-1.47825
-0.0593706,-0.132957,0.0385301;-1.79451,0.512054,-1.46476
-0.0674943,-0.137565,0.038927;-1.59918,0.567473,-1.59691
-0.0788771,-0.145259,0.0315245;-1.58149,0.504619,-1.60902
-0.0774999,-0.144564,0.029325;-1.5779,0.487892,-1.58407
-0.0772635,-0.143107,0.028781;-1.57031,0.45537,-1.58079
-0.077683,-0.141624,0.0289127;-1.56178,0.433158,-1.56653
-0.078176,-0.142438,0.0302068;-1.52621,0.452062,-1.58979
-0.0791158,-0.144865,0.0341019;-1.4601,0.476928,-1.63332
-0.0781374,-0.142404,0.0291291;-1.57193,0.434143,-1.58728
-0.0780131,-0.142333,0.0289851;-1.57782,0.438192,-1.58059
-0.0777696,-0.142286,0.028909;-1.57211,0.431934,-1.58442
-0.0807971,-0.143687,0.0295201;-1.58313,0.489922,-1.57917
-0.080449,-0.141801,0.0338456;-1.59371,0.509085,-1.57356
-0.0774062,-0.141241,0.039966;-1.5469,0.520943,-1.61103
-0.081369,-0.145048,0.0325071;-1.56168,0.480348,-1.63158
-0.0757786,-0.14132,0.0302562;-1.58267,0.431785,-1.59782
-0.0718233,-0.139187,0.0294982;-1.58232,0.402628,-1.5832
-0.0766383,-0.14118,0.0312129;-1.63083,0.468282,-1.55103
-0.0819978,-0.1408,0.0325867;-1.63347,0.495696,-1.52423
-0.0838399,-0.139906,0.0356016;-1.63169,0.496096,-1.50701
-0.0878617,-0.145988,0.03348;-1.494,0.441541,-1.62862
-0.0855147,-0.143572,0.0289444;-1.57097,0.41647,-1.58914
-0.0835796,-0.142059,0.0288993;-1.57159,0.387318,-1.58469
-0.0839194,-0.140895,0.0288199;-1.58236,0.406789,-1.56554
-0.0878658,-0.14125,0.0304766;-1.602,0.462253,-1.54718
-0.0972488,-0.142297,0.0385434;-1.70705,0.534279,-1.46011
-0.0930563,-0.145467,0.0436882;-1.63257,0.484724,-1.54041
-0.0912727,-0.147455,0.0330125;-1.58825,0.419658,-1.61052
-0.0867216,-0.145578,0.0312325;-1.58893,0.383464,-1.60121
-0.0836812,-0.142406,0.0294603;-1.59907,0.373397,-1.56371
-0.0865292,-0.141486,0.0290959;-1.59141,0.426931,-1.55587
-0.09045,-0.140323,0.031804;-1.59719,0.493117,-1.51852
-0.112074,-0.157535,0.0359093;-1.48333,0.658124,-1.58038
-0.122551,-0.171113,0.0332393;-1.45689,0.661276,-1.63291
-0.120684,-0.170068,0.0286297;-1.57053,0.654634,-1.56877
-0.12059,-0.169632,0.0286935;-1.57125,0.620074,-1.56515
-0.120484,-0.16901,0.0289398;-1.57562,0.621687,-1.55448
-0.120356,-0.166778,0.0309651;-1.58075,0.660516,-1.52297
-0.131646,-0.168547,0.0439813;-1.76273,0.821166,-1.36787
-0.138846,-0.179096,0.045526;-1.77607,0.787118,-1.38326
-0.136074,-0.184798,0.0362982;-1.75581,0.734113,-1.43052
-0.136472,-0.187841,0.0303166;-1.6258,0.652528,-1.54087
-0.138817,-0.185438,0.0309119;-1.63592,0.673416,-1.5279
-0.140952,-0.182918,0.0322719;-1.64066,0.707757,-1.50691
-0.140952,-0.182918,0.0322719;-1.64066,0.707757,-1.50691
-0.146395,-0.180113,0.037829;-1.67517,0.76916,-1.43512
-0.146395,-0.180113,0.037829;-1.67517,0.76916,-1.43512
