0,0,0.11;-1.57,-2.98023e-08,-1.57
0,0,0.11;-1.57,-2.98023e-08,-1.57
0,0,0.11;-1.57,-2.98023e-08,-1.57
0.000505224,0.00946724,0.0286288;-1.5683,-0.13073,-1.57027
0.000434829,0.00932123,0.0285888;-1.57073,-0.087847,-1.57031
-0.00111526,0.00558572,0.0299047;-1.57738,-0.0362187,-1.55788
-0.00181132,-0.0199139,0.0353383;-1.452,0.0240557,-1.55629
-0.0022768,-0.0150767,0.028578;-1.57095,-0.0519351,-1.57103
-0.00202457,-0.0155048,0.0288393;-1.56021,-0.0380146,-1.57223
-0.00198146,-0.0152468,0.0286308;-1.56846,-0.0390715,-1.5708
-0.00160176,-0.0159368,0.02863;-1.57079,0.0244035,-1.56807
-0.00304533,-0.0196356,0.0298224;-1.57007,0.0692908,-1.55354
-0.00617835,-0.040925,0.034876;-1.47928,0.150551,-1.55674
-0.00566659,-0.0485174,0.0325276;-1.49435,0.114562,-1.57089
-0.00532588,-0.044928,0.0285899;-1.57253,0.0809289,-1.56858
-0.00521875,-0.0449756,0.0286739;-1.56637,0.0809456,-1.57116
-0.00497343,-0.0458925,0.0285888;-1.57054,0.126237,-1.57028
-0.00627322,-0.0478926,0.0294709;-1.57074,0.174262,-1.5567
-0.0120546,-0.0675478,0.0334943;-1.51669,0.263717,-1.55892
-0.0149794,-0.0872059,0.0380428;-1.40988,0.286489,-1.5921
-0.013475,-0.0820357,0.032872;-1.48375,0.237336,-1.58599
-0.0118533,-0.0776974,0.028556;-1.57013,0.197902,-1.57054
-0.011575,-0.0776852,0.0285805;-1.57077,0.213423,-1.57086
-0.0116105,-0.0776526,0.028693;-1.57102,0.25586,-1.56498
-0.0156553,-0.0829063,0.0303708;-1.57509,0.319096,-1.54869
-0.0232048,-0.102637,0.0345775;-1.4776,0.365798,-1.58552
-0.0237397,-0.105559,0.0313049;-1.51169,0.335105,-1.58559
-0.0224106,-0.103511,0.0288275;-1.55906,0.309886,-1.57496
-0.0222889,-0.104022,0.0287768;-1.5608,0.329335,-1.57418
-0.0219992,-0.104069,0.0285783;-1.57067,0.354831,-1.57087
-0.0309272,-0.117133,0.0320787;-1.55165,0.473944,-1.55515
-0.0406401,-0.140445,0.0393805;-1.3947,0.541988,-1.62894
-0.0424505,-0.145524,0.0362952;-1.40257,0.498742,-1.64133
-0.0367184,-0.137658,0.0285861;-1.57014,0.455369,-1.57138
-0.0366152,-0.138006,0.0287621;-1.56112,0.464407,-1.57509
-0.036537,-0.13869,0.0287326;-1.56246,0.493216,-1.5747
-0.0396399,-0.141096,0.0299868;-1.57322,0.570718,-1.55172
-0.0538965,-0.160603,0.0358929;-1.46581,0.664078,-1.60658
-0.0625487,-0.175642,0.0382405;-1.36465,0.66324,-1.67779
-0.0566921,-0.16764,0.0285494;-1.57101,0.583842,-1.57075
-0.0565208,-0.167691,0.0288067;-1.5582,0.586173,-1.57822
-0.0563607,-0.168019,0.0287753;-1.55952,0.600037,-1.57751
-0.0565806,-0.168237,0.0288351;-1.57128,0.663449,-1.56035
-0.0669164,-0.177411,0.0317577;-1.55829,0.742297,-1.55449
-0.0836417,-0.197475,0.039686;-1.35088,0.817491,-1.69662
-0.0803086,-0.198064,0.0285858;-1.58275,0.75205,-1.55814
-0.0794056,-0.197733,0.0285839;-1.57035,0.733223,-1.57117
-0.0794179,-0.198024,0.0287911;-1.55721,0.74173,-1.58034
-0.0794116,-0.19883,0.0287229;-1.57114,0.812047,-1.56351
-0.0860778,-0.201881,0.030521;-1.57675,0.872763,-1.54457
-0.105929,-0.218443,0.0378587;-1.36642,0.964276,-1.70647
-0.107722,-0.222909,0.0285808;-1.5749,0.89392,-1.56295
-0.106867,-0.222441,0.0285815;-1.57018,0.870064,-1.57173
-0.106952,-0.222686,0.0288185;-1.55394,0.875182,-1.58434
-0.106984,-0.223248,0.0287171;-1.57104,0.949347,-1.5639
-0.115015,-0.225874,0.0306264;-1.57981,1.01417,-1.54087
-0.138001,-0.23989,0.0379901;-1.30369,1.10738,-1.77809
-0.14135,-0.24455,0.0293888;-1.52832,1.05619,-1.60259
-0.139492,-0.243844,0.0285778;-1.57131,1.01063,-1.57029
-0.139633,-0.244206,0.0288356;-1.5488,1.0177,-1.59009
-0.139782,-0.244656,0.0286393;-1.57067,1.06921,-1.56797
-0.143151,-0.244942,0.0297876;-1.57457,1.12343,-1.55151
-0.164793,-0.253373,0.0350956;-1.36359,1.2144,-1.73826
-0.1763,-0.259315,0.034962;-1.263,1.18694,-1.84334
-0.17015,-0.256915,0.0285789;-1.58041,1.16074,-1.55838
-0.169606,-0.25692,0.0285788;-1.5704,1.13731,-1.57141
-0.169629,-0.257179,0.0285806;-1.57062,1.16126,-1.57097
-0.169495,-0.257126,0.0287246;-1.572,1.20373,-1.56211
-0.177918,-0.257565,0.0306389;-1.58839,1.26943,-1.53216
-0.213978,-0.269747,0.0391996;-0.873037,1.29886,-2.2231
-0.210959,-0.268726,0.0348103;-1.13628,1.28311,-1.98164
-0.204803,-0.267254,0.0286088;-1.57548,1.26916,-1.56355
-0.204616,-0.267695,0.0287652;-1.53917,1.28228,-1.60114
-0.204252,-0.268132,0.0285781;-1.5704,1.30675,-1.57113
-0.204886,-0.267816,0.0289929;-1.56612,1.34102,-1.56508
-0.246894,-0.274664,0.0406897;-0.302653,1.40381,-2.79381
-0.255047,-0.277045,0.0379763;-0.535124,1.37694,-2.5834
-0.244611,-0.277379,0.029465;-1.40196,1.43175,-1.73406
-0.242633,-0.277835,0.0288146;-1.50184,1.41515,-1.63933
-0.242765,-0.278381,0.0285855;-1.56206,1.4652,-1.57916
-0.242849,-0.278115,0.0287588;-1.57913,1.49153,-1.5531
-0.281483,-0.277347,0.0396364;0.605767,1.39722,2.56636
-0.293662,-0.278186,0.0376023;0.348654,1.39781,2.80085
-0.283687,-0.278142,0.0291558;0.572069,1.5515,2.57203
-0.281393,-0.27858,0.0288188;-1.04631,1.54906,-2.09561
-0.281539,-0.27908,0.0285737;1.56472,1.54486,1.57705
-0.281553,-0.278976,0.0287335;1.57749,1.51697,1.57175
-0.31802,-0.272886,0.0394533;1.02303,1.30249,2.13965
-0.331152,-0.272596,0.0374876;0.844088,1.32589,2.29407
-0.321594,-0.274842,0.0294873;1.41288,1.42243,1.73135
-0.320149,-0.275825,0.0288235;1.48466,1.44215,1.65569
-0.32052,-0.276236,0.0285754;1.56972,1.39786,1.57191
-0.320569,-0.276306,0.0286897;1.57097,1.38292,1.57589
-0.350423,-0.266609,0.036803;1.28528,1.203,1.86758
-0.364908,-0.263777,0.0364668;1.12391,1.21651,2.00321
-0.360633,-0.265079,0.0335977;1.27247,1.24626,1.86321
-0.354317,-0.267265,0.0286621;1.55519,1.31786,1.58595
-0.355238,-0.267488,0.028812;1.53279,1.283,1.60681
-0.35512,-0.267609,0.0285796;1.56967,1.2618,1.57214
-0.356124,-0.26635,0.0293176;1.5692,1.21541,1.58479
-0.394442,-0.250351,0.0390428;1.25378,1.04947,1.87777
-0.396211,-0.250157,0.0351081;1.27856,1.10946,1.84281
-0.389631,-0.253759,0.0286519;1.57165,1.16195,1.57385
-0.389785,-0.254103,0.028752;1.55045,1.1563,1.58926
-0.390159,-0.254345,0.0285812;1.57055,1.12,1.57093
-0.390133,-0.254316,0.0287631;1.57198,1.0931,1.57884
-0.421741,-0.233321,0.0389795;1.35253,0.90343,1.77793
-0.432349,-0.227669,0.0367144;1.3078,0.941405,1.79416
-0.42457,-0.232657,0.0286378;1.57103,1.00079,1.57337
-0.424223,-0.233331,0.028805;1.55097,1.01736,1.58741
-0.424783,-0.233537,0.0285804;1.57047,0.974252,1.57094
-0.42474,-0.23361,0.0287165;1.57109,0.94805,1.57753
-0.45013,-0.211132,0.0382777;1.39789,0.772401,1.72491
-0.461123,-0.203413,0.0367417;1.34676,0.805198,1.74374
-0.455085,-0.210111,0.0286233;1.57348,0.847161,1.57246
-0.455051,-0.211162,0.028805;1.55475,0.858691,1.58252
-0.455547,-0.211275,0.0286802;1.5636,0.822211,1.57625
-0.455509,-0.211402,0.0286539;1.5708,0.79759,1.57428
-0.472862,-0.188128,0.0363021;1.45706,0.642815,1.66823
-0.484468,-0.176517,0.0380123;1.3706,0.636854,1.71065
-0.481639,-0.179917,0.0328322;1.46331,0.689864,1.645
-0.47906,-0.184634,0.0287926;1.55739,0.720243,1.57963
-0.479355,-0.184588,0.0287674;1.55914,0.704586,1.57797
-0.479729,-0.184896,0.0285708;1.57128,0.673628,1.57056
-0.485454,-0.172052,0.0316725;1.56222,0.560054,1.59936
-0.500991,-0.150587,0.039394;1.4094,0.467609,1.67886
-0.506246,-0.144064,0.0368614;1.39258,0.504029,1.66938
-0.502371,-0.154548,0.0285771;1.57101,0.567764,1.57077
-0.502575,-0.154538,0.0288074;1.55832,0.560441,1.57672
-0.503135,-0.15429,0.028761;1.56076,0.530302,1.57568
-0.503114,-0.151229,0.0298079;1.57201,0.451451,1.58688
-0.511103,-0.129497,0.0353491;1.49197,0.353237,1.62529
-0.520399,-0.112382,0.0383942;1.40589,0.323139,1.64814
-0.517584,-0.120594,0.0285492;1.57091,0.421527,1.57211
-0.517698,-0.120772,0.0287642;1.56199,0.419939,1.57374
-0.517936,-0.120587,0.0287365;1.56259,0.408374,1.57405
-0.518036,-0.120387,0.0287729;1.57022,0.348521,1.58015
-0.51973,-0.107481,0.0314286;1.5621,0.273615,1.59576
-0.527617,-0.0816143,0.039435;1.42609,0.178729,1.63229
-0.530612,-0.0832913,0.028581;1.57781,0.256778,1.57374
-0.530889,-0.0849918,0.0285729;1.57109,0.27543,1.57066
-0.531119,-0.0848123,0.0287852;1.56097,0.26675,1.57317
-0.531467,-0.084381,0.0287296;1.57115,0.201552,1.57824
-0.530742,-0.0767174,0.0306825;1.57357,0.137423,1.59237
-0.534317,-0.0515186,0.037924;1.44642,0.0383322,1.6082
-0.536484,-0.0486042,0.0286532;1.57732,0.112365,1.57339
-0.536605,-0.0492261,0.0285756;1.57062,0.130114,1.57091
-0.536798,-0.048985,0.0288096;1.55969,0.124408,1.57232
-0.537282,-0.0491791,0.0286792;1.57091,0.0630706,1.57571
-0.535861,-0.0435668,0.0301447;1.56766,0.0133577,1.58955
-0.535967,-0.0205632,0.0363563;1.46011,-0.0752504,1.59192
-0.536955,-0.0124471,0.0308406;1.52169,-0.0184915,1.57596
-0.53743,-0.0150976,0.0285775;1.57095,-0.00138813,1.57081
-0.537672,-0.0147404,0.0288014;1.56116,-0.0166601,1.5696
-0.53801,-0.0137758,0.0285788;1.5708,-0.0734912,1.57074
-0.537129,-0.0126566,0.0288476;1.56832,-0.114889,1.58091
-0.531923,0.00315331,0.032461;1.56214,-0.19007,1.58903
-0.528114,0.026381,0.0352721;1.43615,-0.17942,1.55535
-0.529081,0.0182144,0.0286315;1.57534,-0.134358,1.57365
-0.529324,0.0176688,0.0285866;1.5705,-0.120249,1.57073
-0.52965,0.0193393,0.0286228;1.56847,-0.175486,1.57015
-0.529306,0.0197494,0.0285804;1.57098,-0.210047,1.57114
-0.526554,0.0240974,0.0299585;1.5791,-0.26019,1.58417
-0.516631,0.0558414,0.0378446;1.39855,-0.323245,1.53171
-0.517192,0.0506225,0.0321787;1.4983,-0.271717,1.55491
-0.519425,0.0446387,0.0285644;1.57242,-0.227574,1.57077
-0.519609,0.0454305,0.028707;1.56837,-0.258816,1.56583
-0.519328,0.0464932,0.028605;1.57075,-0.306979,1.56966
-0.518257,0.0474848,0.0286903;1.57424,-0.347597,1.57523
-0.503456,0.0789417,0.0389385;1.40813,-0.469247,1.52228
-0.501277,0.082733,0.036129;1.4206,-0.403392,1.51476
-0.505926,0.0713859,0.0288316;1.58553,-0.343769,1.57429
-0.506977,0.0713998,0.0287333;1.56909,-0.343943,1.56439
-0.506445,0.0727263,0.0286916;1.57068,-0.385301,1.56552
-0.505208,0.0738884,0.0285866;1.57129,-0.43922,1.57095
-0.486608,0.0993729,0.0394337;1.46798,-0.570628,1.53197
-0.481985,0.107282,0.0361168;1.41064,-0.506014,1.49175
-0.487924,0.095078,0.0287567;1.58707,-0.434962,1.57391
-0.489126,0.094579,0.0287857;1.56843,-0.42595,1.562
-0.48848,0.0956393,0.0286889;1.57067,-0.461834,1.56558
-0.486639,0.0969006,0.0288029;1.57897,-0.516778,1.57117
-0.486639,0.0969006,0.0288029;1.57897,-0.516778,1.57117
-0.480274,0.10325,0.031715;1.62305,-0.566434,1.60059
-0.480274,0.10325,0.031715;1.62305,-0.566434,1.60059
