0,0,0.11;-1.57,-2.98023e-08,-1.57
0,0,0.11;-1.57,-2.98023e-08,-1.57
0,0,0.11;-1.57,-2.98023e-08,-1.57
0.000239426,0.00833228,0.0286412;-1.56767,-0.155842,-1.57034
0.000461596,0.00847238,0.0286457;-1.571,-0.109584,-1.56753
-0.00134092,0.00384979,0.0301311;-1.57434,-0.0495361,-1.55204
-0.00209227,-0.0277879,0.0360954;-1.43226,0.0267908,-1.56259
-0.00241487,-0.0178114,0.0288589;-1.57095,-0.0648747,-1.58445
-0.00243669,-0.0139796,0.0288294;-1.56836,-0.124556,-1.58038
-0.00199102,-0.00990378,0.0288192;-1.5722,-0.219569,-1.58171
-0.00214763,-0.00838976,0.0285807;-1.57079,-0.263985,-1.57072
-0.00243723,-0.012462,0.0298295;-1.56141,-0.194878,-1.55564
-0.00025139,-0.0388746,0.0372618;-1.46515,-0.0756508,-1.53987
0.000964498,-0.0481165,0.0331149;-1.48249,-0.12116,-1.55303
-0.000285773,-0.0417723,0.0285459;-1.57398,-0.178759,-1.57009
-0.000377499,-0.0410667,0.0286612;-1.56743,-0.206421,-1.56936
-0.000307993,-0.0409197,0.0285804;-1.5707,-0.187634,-1.57073
-0.000883981,-0.0434527,0.0293716;-1.56544,-0.144909,-1.56114
-0.000534408,-0.0624836,0.0345219;-1.54919,-0.0559143,-1.56021
0.00303391,-0.0778394,0.0391382;-1.51354,-0.0583818,-1.56992
0.0038585,-0.0712796,0.0319139;-1.53338,-0.0981148,-1.57007
0.00418646,-0.066854,0.028762;-1.57515,-0.146792,-1.57649
0.00468015,-0.067814,0.0285796;-1.57067,-0.0961539,-1.57082
0.00469757,-0.0677352,0.0286685;-1.57075,-0.0535983,-1.56616
0.0026737,-0.0738017,0.0302184;-1.5726,-0.00022167,-1.55363
0.00145444,-0.0889213,0.0333668;-1.49134,0.0277838,-1.56002
0.000782482,-0.0892413,0.0318501;-1.50542,-0.010984,-1.56773
0.000605319,-0.0846105,0.0288131;-1.5609,-0.102584,-1.57119
0.00100517,-0.0856108,0.0287582;-1.56445,-0.0608548,-1.57291
0.000334416,-0.0877316,0.0286759;-1.57061,0.0298864,-1.57542
-0.0106804,-0.118573,0.0351692;-1.57762,0.213811,-1.57021
-0.0144409,-0.138264,0.0387607;-1.38101,0.251456,-1.60016
-0.0165473,-0.139594,0.0354161;-1.4368,0.198789,-1.58907
-0.0158848,-0.128388,0.028582;-1.5706,0.0836436,-1.57062
-0.0156527,-0.128482,0.028773;-1.56146,0.0906071,-1.57167
-0.0151104,-0.128905,0.0286996;-1.5648,0.124406,-1.57124
-0.018446,-0.134602,0.0297861;-1.56532,0.229872,-1.56164
-0.0273191,-0.159337,0.0364939;-1.45774,0.334928,-1.59199
-0.0322168,-0.174186,0.0369303;-1.40307,0.340882,-1.61457
-0.029092,-0.160988,0.0289868;-1.57805,0.230211,-1.58233
-0.0277755,-0.15995,0.0289523;-1.57724,0.21754,-1.58077
-0.0266088,-0.158592,0.0289632;-1.57744,0.1858,-1.58122
-0.0253061,-0.156159,0.0290135;-1.5888,0.146716,-1.57137
-0.0290739,-0.16518,0.0312341;-1.54444,0.238331,-1.56744
-0.0335329,-0.185828,0.0381042;-1.42676,0.310804,-1.59608
-0.0368324,-0.182299,0.0284341;-1.57854,0.191607,-1.56949
-0.0359517,-0.180941,0.0285752;-1.57093,0.133233,-1.5706
-0.0360878,-0.180959,0.0287491;-1.56258,0.13019,-1.57183
-0.0358452,-0.181008,0.0286658;-1.57101,0.182873,-1.5664
-0.0389088,-0.186015,0.0300845;-1.5697,0.223589,-1.56601
-0.0443981,-0.202884,0.0401519;-1.50815,0.307549,-1.59302
-0.0361232,-0.202738,0.0292496;-1.58765,0.145176,-1.58058
-0.033325,-0.19891,0.0288862;-1.58396,0.0973299,-1.57134
-0.0333709,-0.198907,0.0286923;-1.57076,0.107839,-1.57627
-0.0343892,-0.203823,0.028647;-1.57079,0.320282,-1.56682
-0.040639,-0.212979,0.0302512;-1.56538,0.383797,-1.55771
-0.0507583,-0.235261,0.0368271;-1.4201,0.472606,-1.61851
-0.0534576,-0.232378,0.0289791;-1.55482,0.357566,-1.5743
-0.0528085,-0.230919,0.0285768;-1.57101,0.289465,-1.57086
-0.0524367,-0.230821,0.0287835;-1.56211,0.283238,-1.5745
-0.0531305,-0.232294,0.0287837;-1.57623,0.331261,-1.5736
-0.0587791,-0.237687,0.0320406;-1.64149,0.410055,-1.54842
-0.0681803,-0.250508,0.0404949;-1.61156,0.516431,-1.56029
-0.0782735,-0.263606,0.0335981;-1.46658,0.510702,-1.62164
-0.0773091,-0.255312,0.0286076;-1.57547,0.421859,-1.56857
-0.0767951,-0.254788,0.0285777;-1.57121,0.378586,-1.57044
-0.0767364,-0.254729,0.0285809;-1.57056,0.380789,-1.57095
-0.0768933,-0.255238,0.0285817;-1.5704,0.426673,-1.5712
-0.0836379,-0.262369,0.0301865;-1.55181,0.513866,-1.57326
-0.105485,-0.291715,0.0366911;-1.38673,0.61907,-1.66634
-0.106036,-0.289052,0.0332795;-1.47247,0.593417,-1.62726
-0.101634,-0.282537,0.0290457;-1.5882,0.532736,-1.57173
-0.100735,-0.282661,0.0290155;-1.58237,0.527747,-1.57575
-0.100914,-0.282504,0.0290291;-1.579,0.522682,-1.58103
-0.100873,-0.282272,0.0293545;-1.59408,0.525701,-1.56424
-0.118703,-0.307649,0.0384173;-1.38736,0.703242,-1.66914
-0.125651,-0.315083,0.0366113;-1.39605,0.655713,-1.68066
-0.121793,-0.304716,0.0293855;-1.54424,0.576204,-1.58425
-0.119327,-0.302253,0.0287405;-1.56198,0.498859,-1.57499
-0.119085,-0.302381,0.0285794;-1.57055,0.538565,-1.57109
-0.119465,-0.30261,0.0286737;-1.57112,0.578281,-1.56558
-0.133804,-0.322374,0.0381931;-1.34938,0.683455,-1.7007
-0.135513,-0.323407,0.0385634;-1.39103,0.582203,-1.69712
-0.128499,-0.309918,0.0306715;-1.56979,0.505306,-1.61103
-0.124588,-0.304936,0.0287327;-1.57057,0.464649,-1.57825
-0.125177,-0.306194,0.0285895;-1.57063,0.512821,-1.57133
-0.126114,-0.307313,0.028646;-1.57168,0.577205,-1.56634
-0.144517,-0.329983,0.0377198;-1.39148,0.701357,-1.66102
-0.150791,-0.333502,0.0352222;-1.41435,0.63711,-1.65693
-0.148612,-0.324531,0.02928;-1.55642,0.564414,-1.58361
-0.144186,-0.320449,0.0287469;-1.57352,0.466708,-1.57495
-0.144117,-0.320535,0.0286059;-1.57107,0.46634,-1.56925
-0.144102,-0.320448,0.0285976;-1.57071,0.482674,-1.57004
-0.1577,-0.337376,0.0355922;-1.43884,0.635113,-1.6357
-0.164973,-0.346501,0.0349602;-1.42201,0.614626,-1.65022
-0.163406,-0.343149,0.0324558;-1.48916,0.595486,-1.6198
-0.153104,-0.334455,0.0291325;-1.59076,0.433882,-1.57095
-0.147218,-0.331505,0.0291724;-1.58879,0.344099,-1.57626
-0.144976,-0.329996,0.0296208;-1.60778,0.316257,-1.56225
-0.147071,-0.33063,0.0329013;-1.66122,0.356008,-1.54561
-0.154721,-0.34562,0.0464626;-1.65743,0.471891,-1.5552
-0.157899,-0.353676,0.0398007;-1.67887,0.426261,-1.55329
-0.155046,-0.353629,0.0354204;-1.72586,0.401241,-1.51253
-0.175393,-0.366293,0.0356816;-1.59335,0.598642,-1.64301
-0.182276,-0.370268,0.036707;-1.59031,0.663152,-1.66145
-0.185635,-0.370863,0.0359279;-1.67101,0.712999,-1.55562
-0.198772,-0.36628,0.0457908;-1.52275,0.750049,-1.63224
-0.195541,-0.361898,0.0402564;-1.54686,0.629144,-1.61844
-0.186606,-0.355655,0.0290477;-1.58047,0.524482,-1.57979
-0.18289,-0.353957,0.0286427;-1.57075,0.425611,-1.57381
-0.187046,-0.356022,0.02874;-1.57215,0.557436,-1.57647
-0.194834,-0.358991,0.0297737;-1.61158,0.676563,-1.5507
-0.219837,-0.384988,0.0433524;-1.49551,0.841911,-1.66187
-0.220602,-0.389714,0.0418408;-1.52368,0.748342,-1.66371
-0.206682,-0.386668,0.0360833;-1.68219,0.673773,-1.55053
-0.188953,-0.379743,0.0331439;-1.64174,0.506741,-1.56761
-0.187676,-0.377373,0.0335532;-1.61248,0.474131,-1.6007
-0.184159,-0.374244,0.0321607;-1.65948,0.450483,-1.53449
-0.199504,-0.384954,0.0387695;-1.55842,0.64813,-1.58312
-0.20984,-0.394323,0.0346861;-1.43554,0.642561,-1.65513
-0.211524,-0.392688,0.0313568;-1.513,0.60808,-1.60887
-0.206008,-0.386839,0.0286914;-1.57072,0.471123,-1.57617
-0.203997,-0.385583,0.028897;-1.57652,0.4074,-1.57831
-0.202872,-0.385092,0.0292786;-1.58427,0.384306,-1.58234
-0.203994,-0.387006,0.0397001;-1.72596,0.46015,-1.52337
-0.208813,-0.39242,0.0491003;-1.68349,0.523604,-1.53942
-0.212135,-0.393907,0.0456473;-1.67946,0.463291,-1.54283
-0.211886,-0.390467,0.0290768;-1.59198,0.399431,-1.56716
-0.21677,-0.393385,0.0288406;-1.57424,0.488815,-1.57845
-0.218309,-0.394907,0.0286349;-1.56973,0.559975,-1.57326
-0.219964,-0.39607,0.029159;-1.5569,0.636848,-1.57576
-0.231076,-0.406277,0.0338195;-1.49352,0.723866,-1.62688
-0.23915,-0.416765,0.0373082;-1.46444,0.720838,-1.65741
-0.236884,-0.414178,0.0287603;-1.57345,0.60403,-1.57613
-0.237291,-0.414581,0.0287124;-1.57664,0.640954,-1.56913
-0.241172,-0.416264,0.0288241;-1.57497,0.717936,-1.57642
-0.25061,-0.419394,0.0289373;-1.58309,0.910873,-1.57398
-0.265013,-0.427223,0.031475;-1.48519,1.00818,-1.64327
-0.273931,-0.435243,0.0370301;-1.29823,1.0278,-1.78883
-0.274192,-0.430727,0.02857;-1.57107,0.91873,-1.571
-0.273668,-0.430572,0.0285818;-1.57128,0.913424,-1.57013
-0.273285,-0.430454,0.0285996;-1.57055,0.909547,-1.57016
-0.273267,-0.430904,0.0286294;-1.57102,0.993322,-1.56828
-0.277923,-0.432903,0.0301479;-1.51398,1.0559,-1.61464
-0.289368,-0.441116,0.0363995;-1.26736,1.11057,-1.8287
-0.288745,-0.434878,0.0298785;-1.56273,0.983492,-1.60469
-0.281451,-0.429844,0.0292953;-1.5761,0.906315,-1.58352
-0.276558,-0.425196,0.0289509;-1.57913,0.84771,-1.57649
-0.276525,-0.424168,0.0288356;-1.57068,0.85173,-1.58306
-0.28131,-0.426702,0.0296996;-1.54096,0.922628,-1.59085
-0.294511,-0.43624,0.0351081;-1.37548,1.0057,-1.72036
-0.297515,-0.43271,0.0293753;-1.53974,0.885934,-1.59384
-0.294757,-0.431516,0.0285802;-1.57138,0.80518,-1.56905
-0.294278,-0.43165,0.0287061;-1.56186,0.808471,-1.57726
-0.294267,-0.431729,0.0285783;-1.57094,0.826122,-1.57062
-0.295709,-0.431652,0.0290597;-1.59331,0.863445,-1.55949
-0.305951,-0.436148,0.034741;-1.63538,0.955328,-1.52804
-0.321614,-0.445654,0.0354472;-1.52245,0.925958,-1.62951
-0.319308,-0.443076,0.0287118;-1.57215,0.877362,-1.57694
-0.318304,-0.442992,0.0285769;-1.57093,0.867363,-1.57056
-0.317901,-0.443551,0.0286393;-1.56808,0.911024,-1.57177
-0.317827,-0.443476,0.0285812;-1.57033,0.941597,-1.571
-0.320125,-0.443922,0.029299;-1.54647,0.988803,-1.58688
-0.343159,-0.455845,0.035962;-1.31438,1.05382,-1.79541
-0.342018,-0.451222,0.0316312;-1.46223,0.999653,-1.66226
-0.336648,-0.448516,0.0285328;-1.56983,0.883311,-1.57255
-0.336218,-0.448408,0.0285817;-1.57063,0.863165,-1.57094
-0.336374,-0.448597,0.0285741;-1.57078,0.89753,-1.57054
-0.337544,-0.449101,0.0286491;-1.56944,0.968521,-1.56898
-0.359725,-0.462052,0.0362716;-1.31023,1.0665,-1.78624
-0.362273,-0.461452,0.0330683;-1.41782,1.01285,-1.69731
-0.358983,-0.457755,0.0285731;-1.57342,0.958032,-1.56976
-0.35726,-0.45682,0.0286509;-1.56992,0.914714,-1.57427
-0.357537,-0.457118,0.0285943;-1.57065,0.940936,-1.57019
-0.357792,-0.457129,0.0285871;-1.56934,0.986412,-1.57016
-0.374504,-0.46823,0.0361861;-1.26897,1.11211,-1.83145
-0.378756,-0.47029,0.0351666;-1.33277,1.06619,-1.78282
-0.373108,-0.463567,0.0296968;-1.56467,1.00558,-1.60147
-0.357382,-0.453689,0.0292744;-1.5829,0.838676,-1.5765
-0.35433,-0.451319,0.0290102;-1.58139,0.798447,-1.57625
-0.356014,-0.451796,0.029;-1.57604,0.82153,-1.58332
-0.356014,-0.451796,0.029;-1.57604,0.82153,-1.58332
-0.358613,-0.452772,0.0293127;-1.57466,0.864351,-1.57158
-0.358613,-0.452772,0.0293127;-1.57466,0.864351,-1.57158
