0,0,0.11;-1.57,-2.98023e-08,-1.57
0,0,0.11;-1.57,-2.98023e-08,-1.57
0,0,0.11;-1.57,-2.98023e-08,-1.57
-0.00021522,0.00154088,0.0287097;-1.57068,-0.201921,-1.57678
-0.000531155,0.00191346,0.0286688;-1.5699,-0.234803,-1.5668
-0.00106114,0.00217069,0.0298503;-1.5633,-0.232763,-1.54554
-0.00197446,-0.00341371,0.0316453;-1.55883,-0.222631,-1.53213
0.00180097,-0.00771216,0.029115;-1.56953,-0.217419,-1.58857
0.00178349,-0.00571833,0.0292536;-1.57746,-0.245663,-1.58717
0.00153671,-0.00401062,0.0290085;-1.57711,-0.269196,-1.58668
-0.000852835,-0.00987029,0.0286464;-1.57027,-0.166322,-1.57429
-0.00093678,-0.0107952,0.0292299;-1.56127,-0.132557,-1.55463
-0.0021472,-0.0124852,0.0330991;-1.54331,-0.117927,-1.51879
-0.00354933,-0.0156094,0.0318393;-1.55166,-0.150694,-1.52988
-0.00361239,-0.0176709,0.0287455;-1.56984,-0.177972,-1.56365
-0.00317558,-0.0179739,0.028622;-1.57075,-0.173595,-1.56879
-0.00305725,-0.0182452,0.0288322;-1.57061,-0.17304,-1.58279
-0.00272776,-0.0194595,0.0291042;-1.5603,-0.155051,-1.57981
-0.00217662,-0.0223113,0.0316195;-1.51404,-0.12282,-1.57471
0.00253673,-0.0330179,0.037228;-1.41547,-0.0127481,-1.57663
0.00339354,-0.0343824,0.0376885;-1.44148,-0.0586181,-1.60635
0.00326747,-0.0331173,0.0362707;-1.50879,-0.0834751,-1.63727
0.00582085,-0.0165157,0.0350631;-1.5842,-0.218902,-1.65387
0.00777638,-0.011762,0.0341165;-1.57305,-0.256545,-1.64954
0.00831968,-0.0144919,0.0357852;-1.53578,-0.228264,-1.64312
0.0101339,-0.0209593,0.0397255;-1.46171,-0.175765,-1.63103
0.0118478,-0.0238627,0.0391948;-1.4754,-0.163663,-1.64103
0.0115957,-0.0168498,0.0372094;-1.5568,-0.246229,-1.6776
0.00769592,-0.0146846,0.0383197;-1.57987,-0.269882,-1.68543
0.00521496,-0.00651318,0.0353992;-1.59492,-0.338255,-1.65879
0.00304913,-0.00899027,0.0319376;-1.56914,-0.300031,-1.62112
0.00406467,-0.0132777,0.0315456;-1.53579,-0.248427,-1.58722
0.00622706,-0.0168755,0.0301993;-1.5592,-0.214306,-1.58263
0.00752564,-0.0228154,0.0318619;-1.58544,-0.171793,-1.61638
0.00765645,-0.0265655,0.034486;-1.59877,-0.13458,-1.64149
0.00848604,-0.028756,0.0357735;-1.60398,-0.113039,-1.65474
0.00946602,-0.0369452,0.0361829;-1.56813,-0.0360137,-1.67743
0.0123013,-0.0428478,0.0383805;-1.51064,0.0126328,-1.66459
0.0144544,-0.0513915,0.0408523;-1.42696,0.0631469,-1.65109
0.00916615,-0.0488592,0.0360111;-1.55677,0.00809374,-1.66993
0.00599317,-0.045478,0.034898;-1.55664,-0.0213485,-1.64948
0.0059999,-0.043807,0.0342694;-1.56582,-0.0311893,-1.64708
0.00735306,-0.0404589,0.0349144;-1.56953,-0.0645474,-1.66095
0.00841425,-0.040932,0.0357686;-1.54629,-0.0564593,-1.65791
0.00978672,-0.0433163,0.038634;-1.4827,-0.0354189,-1.64849
0.00750881,-0.045288,0.035517;-1.55718,-0.0379894,-1.66206
0.00714804,-0.0443546,0.0349206;-1.55104,-0.045341,-1.64843
0.00623425,-0.0424137,0.0336339;-1.55962,-0.0697719,-1.63785
0.0043228,-0.0447258,0.0296689;-1.57234,-0.0396976,-1.59434
0.0052007,-0.0482968,0.0290316;-1.55307,0.0336429,-1.57517
0.00635982,-0.05006,0.0296384;-1.53747,0.0757493,-1.56981
0.00769599,-0.0514789,0.028871;-1.56434,0.10407,-1.56399
0.00735292,-0.0512553,0.0287478;-1.57073,0.106703,-1.56278
0.00739292,-0.051229,0.0287574;-1.57023,0.107969,-1.56273
0.0081202,-0.0521199,0.0287035;-1.56767,0.100805,-1.56723
0.008679,-0.0523244,0.0287522;-1.56245,0.131018,-1.57167
0.00933898,-0.054088,0.0297365;-1.53787,0.170508,-1.57839
0.00980066,-0.0632426,0.0297631;-1.53681,0.246755,-1.58085
0.00725179,-0.0628774,0.0287287;-1.56402,0.224517,-1.57169
0.00640656,-0.0613161,0.0288282;-1.56959,0.201981,-1.55985
0.00551,-0.0617361,0.0286932;-1.57068,0.142292,-1.56547
0.00553372,-0.0618117,0.0286691;-1.57073,0.138773,-1.56668
0.00552883,-0.0611117,0.028723;-1.56938,0.128655,-1.5651
0.00678146,-0.0608589,0.0295295;-1.54405,0.149277,-1.56881
0.00675974,-0.0601685,0.0290045;-1.55768,0.144041,-1.56524
0.00666684,-0.0585896,0.0287151;-1.57381,0.140067,-1.5681
0.0109406,-0.0489566,0.0309167;-1.56218,0.0201653,-1.60684
0.0110816,-0.0487239,0.0295272;-1.56559,0.0200275,-1.59284
0.0111776,-0.0481045,0.0286944;-1.57083,0.0171273,-1.57648
0.0133892,-0.0484609,0.0300176;-1.53176,0.0897666,-1.56922
0.0153722,-0.0484792,0.0290354;-1.55506,0.1158,-1.56621
0.0157084,-0.0477071,0.0286676;-1.57111,0.136382,-1.56639
0.0159161,-0.0474106,0.0287521;-1.57127,0.19754,-1.56232
0.0166492,-0.0483545,0.0286796;-1.56996,0.237072,-1.56714
0.0170847,-0.0487585,0.0285929;-1.57019,0.267221,-1.57123
0.0155267,-0.0570899,0.030542;-1.52543,0.411544,-1.59054
0.0148841,-0.0675889,0.0295302;-1.54324,0.508598,-1.59213
0.0151008,-0.0740796,0.0293638;-1.56478,0.567319,-1.59557
0.00957374,-0.0676542,0.0289951;-1.5742,0.494168,-1.5695
0.00809048,-0.0625792,0.0292441;-1.5684,0.409755,-1.57981
0.00715843,-0.0583932,0.0288763;-1.57131,0.360361,-1.58406
0.00804592,-0.0486089,0.030445;-1.55461,0.306138,-1.57871
0.0129011,-0.0408088,0.0298703;-1.58048,0.251513,-1.58762
0.0154731,-0.0371009,0.0291129;-1.57507,0.229554,-1.58585
0.0223637,-0.0247869,0.0330209;-1.62983,0.184336,-1.58735
0.0249857,-0.0233764,0.0348525;-1.64814,0.181233,-1.59562
0.0263428,-0.0211261,0.0348225;-1.65163,0.173696,-1.59099
0.0181457,-0.0304434,0.0336846;-1.66395,0.30943,-1.556
0.0144221,-0.0431265,0.0292535;-1.57093,0.394089,-1.58151
0.0135169,-0.0502182,0.0291554;-1.57281,0.439244,-1.58301
0.0124115,-0.0567724,0.0293251;-1.56518,0.513138,-1.58587
0.0112328,-0.0568392,0.0291423;-1.57436,0.522552,-1.57413
0.010404,-0.0549579,0.0293809;-1.57721,0.514313,-1.56825
0.0103009,-0.0521097,0.0296906;-1.55993,0.462773,-1.58375
0.0106415,-0.0503574,0.0299809;-1.55194,0.4454,-1.59538
0.0115099,-0.0495676,0.0316938;-1.55552,0.445833,-1.60401
0.0135953,-0.0499349,0.0306874;-1.56216,0.438118,-1.60773
0.0109682,-0.0453771,0.0288584;-1.58491,0.361865,-1.56616
0.0112761,-0.0457329,0.0287559;-1.57732,0.328396,-1.56652
0.0108056,-0.0460058,0.0286748;-1.57042,0.328396,-1.56668
0.00868177,-0.047374,0.0297256;-1.5516,0.307729,-1.55843
0.00801068,-0.0483101,0.0291236;-1.55417,0.285135,-1.56501
0.00799768,-0.0481261,0.0285708;-1.57113,0.27678,-1.57082
0.00760425,-0.0477066,0.0288402;-1.56629,0.269296,-1.58004
0.00774827,-0.0428405,0.0293797;-1.56883,0.211336,-1.58172
0.00772747,-0.0378411,0.0290751;-1.57826,0.165615,-1.58002
0.00439846,-0.0393018,0.0304186;-1.52207,0.159757,-1.57468
0.00576711,-0.0386331,0.0295313;-1.54563,0.192992,-1.56812
0.00846114,-0.0379122,0.0287743;-1.56479,0.264431,-1.56883
0.00923144,-0.0398001,0.0286124;-1.56911,0.348083,-1.57177
0.00934414,-0.0396038,0.0285885;-1.57063,0.37306,-1.5703
0.00948668,-0.0379394,0.0290774;-1.57476,0.422547,-1.55581
0.0113947,-0.037004,0.0291599;-1.56419,0.486366,-1.5618
0.0141676,-0.0384645,0.0294849;-1.54013,0.54483,-1.58562
0.0156408,-0.0444574,0.0295558;-1.53449,0.604085,-1.59442
0.0138259,-0.0542662,0.0289907;-1.56235,0.703249,-1.58951
0.0130622,-0.054219,0.0287942;-1.56496,0.696855,-1.58036
0.0125916,-0.0537225,0.028712;-1.57217,0.670346,-1.56462
0.0112554,-0.0541045,0.0305147;-1.57381,0.607119,-1.53642
0.0103827,-0.0540671,0.0303646;-1.55665,0.588917,-1.55208
0.0113909,-0.0536457,0.0293065;-1.53559,0.601436,-1.58394
0.0111549,-0.0520424,0.0287528;-1.57108,0.521193,-1.57878
0.0123943,-0.0496954,0.0289751;-1.56431,0.462964,-1.58744
0.0146481,-0.0452159,0.0293972;-1.56588,0.400125,-1.59272
0.0206206,-0.0341895,0.0297344;-1.58519,0.360641,-1.57752
0.0186033,-0.0329353,0.0320724;-1.62332,0.419681,-1.53799
0.0148249,-0.0375618,0.0293344;-1.55219,0.500381,-1.58579
0.0112361,-0.046167,0.02913;-1.58346,0.663028,-1.57967
0.00914946,-0.0519279,0.0290559;-1.57807,0.736261,-1.58148
0.00817794,-0.0541347,0.0289728;-1.5662,0.764906,-1.58965
0.0070151,-0.0556733,0.0291728;-1.59588,0.828264,-1.55099
0.00686459,-0.0554304,0.0302521;-1.58081,0.823852,-1.54822
0.00657672,-0.0557568,0.0327543;-1.50483,0.800163,-1.60654
0.0129368,-0.0567016,0.0344388;-1.57379,0.819194,-1.65007
0.0142683,-0.0566164,0.0362667;-1.5729,0.800249,-1.66712
0.0186975,-0.05111,0.0367266;-1.57326,0.745454,-1.66451
0.0277711,-0.038048,0.0317447;-1.61916,0.626348,-1.56677
0.0283875,-0.0356516,0.0321635;-1.66609,0.611827,-1.51061
0.0272268,-0.0344246,0.0340252;-1.68156,0.600333,-1.48304
0.0258477,-0.0341684,0.032147;-1.66093,0.609808,-1.52581
0.0182819,-0.03903,0.0304832;-1.59908,0.686204,-1.5812
0.0101368,-0.0461831,0.0304061;-1.57324,0.783149,-1.60115
0.00831492,-0.048306,0.0316754;-1.54667,0.805198,-1.63371
0.00890119,-0.0461604,0.0310726;-1.56767,0.784695,-1.61322
0.010437,-0.0382778,0.0332765;-1.55808,0.745016,-1.58226
0.00366683,-0.0452919,0.0292428;-1.53481,0.768516,-1.5982
0.003325,-0.0471426,0.0287733;-1.57059,0.806409,-1.58013
0.003211,-0.0471971,0.0288521;-1.57412,0.803625,-1.57973
0.00405831,-0.0461852,0.0287228;-1.57102,0.754744,-1.57762
0.00434596,-0.0463144,0.0286939;-1.57121,0.759463,-1.56503
0.00426519,-0.0461163,0.0300142;-1.56583,0.762369,-1.54726
0.00497436,-0.0484172,0.0301114;-1.55459,0.801071,-1.5585
0.00391132,-0.0544713,0.0291547;-1.53952,0.866172,-1.60181
0.00207495,-0.0583925,0.0289593;-1.56811,0.917271,-1.58955
-0.00119573,-0.0638716,0.0289748;-1.55568,0.989376,-1.594
-0.00106835,-0.0618426,0.028689;-1.56747,0.941071,-1.57671
-0.000796983,-0.0607946,0.028872;-1.57014,0.930874,-1.55746
0.000144157,-0.0547248,0.0331215;-1.54805,0.899798,-1.52931
-0.00357617,-0.0562226,0.0293978;-1.55829,0.860411,-1.56485
-0.0041676,-0.05605,0.0285854;-1.57099,0.834471,-1.57124
-0.00292295,-0.0552213,0.0286267;-1.57069,0.771443,-1.57298
-0.00236523,-0.0525344,0.0287843;-1.56488,0.689198,-1.57976
-0.00197555,-0.0499105,0.0291571;-1.54983,0.624796,-1.59389
0.0020894,-0.0396949,0.033977;-1.46016,0.58205,-1.62059
0.00204006,-0.0402579,0.0332256;-1.46586,0.600629,-1.62935
0.000944216,-0.0444408,0.030317;-1.51968,0.64642,-1.60789
-0.000956823,-0.0507598,0.0288317;-1.56663,0.734979,-1.58253
-0.000605305,-0.0492697,0.0287994;-1.56844,0.700948,-1.58105
-0.000205773,-0.0480434,0.028807;-1.5636,0.671189,-1.58045
0.00141841,-0.0460698,0.0316142;-1.50861,0.683159,-1.59948
0.00304394,-0.0480865,0.0339487;-1.49177,0.721579,-1.6231
0.00600118,-0.0530394,0.0355562;-1.5367,0.719017,-1.63191
0.0100005,-0.0634872,0.0351631;-1.58436,0.747514,-1.62839
0.004575,-0.0662993,0.0365342;-1.60469,0.799902,-1.60919
0.00213163,-0.060243,0.0366643;-1.63858,0.780722,-1.56452
0.00935637,-0.0310687,0.0409124;-1.73574,0.694503,-1.42224
0.0152922,-0.0239655,0.0395991;-1.75364,0.646201,-1.39732
0.0154421,-0.0234464,0.0405518;-1.77043,0.65891,-1.38519
0.0195862,-0.026659,0.0403097;-1.86818,0.686463,-1.37623
0.0212309,-0.029,0.0392703;-1.8479,0.71178,-1.39375
0.0223197,-0.0323089,0.0395586;-1.79436,0.724526,-1.45982
0.0223197,-0.0323089,0.0395586;-1.79436,0.724526,-1.45982
0.0222191,-0.0337357,0.0402465;-1.77645,0.744383,-1.47803
0.0222191,-0.0337357,0.0402465;-1.77645,0.744383,-1.47803
