0,0,0.11;-1.57,-2.98023e-08,-1.57
0,0,0.11;-1.57,-2.98023e-08,-1.57
0,0,0.11;-1.57,-2.98023e-08,-1.57
0.000161925,0.00712321,0.0286466;-1.56768,-0.131625,-1.56987
0.000214494,0.00735365,0.0286711;-1.57089,-0.0961551,-1.56638
-0.00193351,0.00269232,0.0301758;-1.57429,-0.0302128,-1.55132
-0.00455195,-0.0296458,0.0362628;-1.46355,0.0458031,-1.55043
-0.00373303,-0.022375,0.028629;-1.57108,-0.0544231,-1.56813
-0.00335744,-0.0225402,0.0288786;-1.55774,-0.0383319,-1.57143
-0.00317138,-0.0225666,0.0287162;-1.56433,-0.0238049,-1.57099
-0.00263832,-0.0225516,0.0288925;-1.57469,0.0251809,-1.55903
-0.0051692,-0.0265575,0.0309034;-1.58048,0.0778243,-1.54222
-0.00911506,-0.0464198,0.0375288;-1.53491,0.170603,-1.54503
-0.00860089,-0.0526778,0.0320011;-1.51639,0.114934,-1.56503
-0.00695533,-0.0463803,0.0287201;-1.571,0.060715,-1.56351
-0.00668234,-0.0459456,0.0286583;-1.5668,0.0637539,-1.57141
-0.0069577,-0.0464655,0.0287415;-1.57098,0.118141,-1.56291
-0.00962139,-0.0495402,0.0304784;-1.58867,0.16616,-1.55148
-0.0161993,-0.0653647,0.0369076;-1.59326,0.256578,-1.54152
-0.0194669,-0.0832441,0.0372833;-1.44971,0.260608,-1.57629
-0.0176367,-0.0781383,0.0324213;-1.4999,0.202812,-1.57247
-0.0160929,-0.0747779,0.0287041;-1.57018,0.167978,-1.56387
-0.015745,-0.0742329,0.0285799;-1.57081,0.19997,-1.57078
-0.0159361,-0.0737215,0.0288911;-1.57373,0.246993,-1.5571
-0.0217457,-0.0804632,0.0314781;-1.5839,0.318111,-1.53503
-0.029955,-0.101147,0.0356167;-1.4888,0.369675,-1.5725
-0.0313911,-0.105076,0.0313013;-1.51773,0.316327,-1.5784
-0.0292226,-0.102668,0.0288909;-1.55674,0.296882,-1.57635
-0.0291372,-0.103519,0.0288354;-1.55799,0.330432,-1.57524
-0.0286913,-0.103283,0.0286529;-1.571,0.355869,-1.56716
-0.039803,-0.117384,0.0332563;-1.55629,0.490658,-1.54222
-0.0502666,-0.141364,0.0400784;-1.41332,0.561565,-1.61297
-0.0530594,-0.143205,0.0369472;-1.42445,0.493639,-1.62054
-0.0454008,-0.129377,0.0285873;-1.57094,0.389313,-1.57026
-0.0450162,-0.130059,0.0288018;-1.56129,0.416657,-1.57654
-0.044884,-0.131206,0.0287394;-1.56214,0.461429,-1.57456
-0.0493719,-0.133723,0.0310441;-1.58831,0.538212,-1.53666
-0.0614923,-0.149811,0.0384802;-1.56769,0.630845,-1.54821
-0.0677173,-0.161066,0.0407471;-1.4896,0.615604,-1.59889
-0.057621,-0.156233,0.0291511;-1.60203,0.52411,-1.55514
-0.0580427,-0.156856,0.0289162;-1.58128,0.542553,-1.57248
-0.059786,-0.157821,0.0288806;-1.57609,0.580959,-1.5777
-0.0626125,-0.15713,0.0320775;-1.66547,0.630029,-1.51322
-0.0681357,-0.159707,0.0376543;-1.74899,0.694688,-1.44813
-0.0779251,-0.170316,0.0454408;-1.64241,0.765667,-1.51298
-0.073934,-0.171994,0.0291421;-1.60352,0.64003,-1.55081
-0.0730805,-0.172043,0.0286459;-1.57499,0.630779,-1.56864
-0.0733035,-0.17242,0.02869;-1.57062,0.6527,-1.57626
-0.074069,-0.173413,0.0288666;-1.57249,0.719375,-1.55586
-0.0811737,-0.177087,0.0314967;-1.5829,0.787171,-1.53237
-0.100619,-0.19492,0.0389215;-1.39929,0.900929,-1.66521
-0.0991617,-0.197201,0.0287143;-1.57482,0.786903,-1.55884
-0.0976152,-0.196798,0.0286014;-1.57108,0.759948,-1.56935
-0.0975049,-0.197351,0.0288411;-1.55651,0.780691,-1.58308
-0.0980652,-0.198163,0.0289215;-1.57616,0.861557,-1.55416
-0.106455,-0.201258,0.0316373;-1.5856,0.925702,-1.52791
-0.127824,-0.216568,0.0385372;-1.36075,1.02507,-1.70982
-0.128223,-0.217525,0.0305968;-1.51167,0.913489,-1.60869
-0.123119,-0.214888,0.0286475;-1.5712,0.864584,-1.56692
-0.122999,-0.215308,0.0288924;-1.54849,0.879827,-1.58886
-0.123531,-0.215837,0.0288588;-1.58377,0.935406,-1.55466
-0.127758,-0.215772,0.0321923;-1.66292,0.988524,-1.48133
-0.140096,-0.220951,0.0394004;-1.68264,1.08193,-1.45748
-0.144987,-0.22531,0.0367731;-1.64087,1.03931,-1.50236
-0.13985,-0.225806,0.0315131;-1.69245,0.981035,-1.47233
-0.138639,-0.226698,0.0296144;-1.62948,0.964711,-1.52422
-0.140516,-0.226085,0.0292941;-1.62886,0.999761,-1.52564
-0.142057,-0.223809,0.0316491;-1.70775,1.03321,-1.45261
-0.146786,-0.222152,0.0367023;-1.86043,1.08172,-1.30612
-0.166778,-0.230928,0.0443326;-1.59344,1.16024,-1.53716
-0.16412,-0.230963,0.037574;-1.53148,1.09037,-1.5946
-0.160355,-0.230165,0.0288919;-1.59724,1.04058,-1.54621
-0.161007,-0.231622,0.028696;-1.56076,1.09175,-1.5807
-0.161039,-0.231821,0.0286156;-1.57042,1.12636,-1.56932
-0.162497,-0.231212,0.0297132;-1.58171,1.15876,-1.54196
-0.203837,-0.245228,0.0412431;-0.994371,1.31273,-2.08171
-0.211757,-0.247874,0.0388802;-1.09884,1.25248,-1.99637
-0.199207,-0.244179,0.0306297;-1.46571,1.19655,-1.66028
-0.19473,-0.244164,0.0288657;-1.53976,1.17722,-1.60113
-0.194527,-0.244938,0.028592;-1.57062,1.24644,-1.57049
-0.195362,-0.244426,0.0292443;-1.57603,1.26814,-1.55119
-0.232994,-0.249978,0.0393679;-0.796325,1.38098,-2.29244
-0.243479,-0.252851,0.0387103;-0.924537,1.32677,-2.17998
-0.232066,-0.250548,0.030393;-1.44721,1.30087,-1.68174
-0.227648,-0.251078,0.028805;-1.53021,1.27912,-1.61202
-0.227493,-0.251493,0.0285938;-1.57271,1.34597,-1.56796
-0.228187,-0.251003,0.0290647;-1.59923,1.36443,-1.52938
-0.256963,-0.251963,0.0426624;-0.761194,1.50679,-2.35467
-0.265996,-0.254409,0.042091;-1.07392,1.44387,-2.05533
-0.256904,-0.256726,0.0288387;-1.6382,1.40506,-1.50091
-0.256427,-0.25748,0.0287387;-1.56509,1.42347,-1.58349
-0.258409,-0.256747,0.0285815;-1.57122,1.51124,-1.57045
-0.258604,-0.256335,0.0290819;-1.91129,1.51693,-1.22477
-0.284682,-0.251548,0.0381509;1.12176,1.45607,2.04982
-0.299871,-0.251476,0.0357392;0.410645,1.43707,2.74205
-0.295152,-0.251546,0.0343476;0.426834,1.46483,2.72857
-0.284768,-0.252813,0.0286453;-1.52166,1.5286,-1.61887
-0.28583,-0.253631,0.0288521;0.836469,1.55172,2.30448
-0.285305,-0.253853,0.028742;1.57687,1.53588,1.57271
-0.287132,-0.251988,0.0302787;1.64573,1.48877,1.52116
-0.329325,-0.245395,0.0394599;1.04598,1.29526,2.11627
-0.332172,-0.245099,0.0356649;0.937082,1.37005,2.20882
-0.322557,-0.248381,0.0287857;1.58553,1.46638,1.56662
-0.323202,-0.249164,0.0287653;1.50643,1.43739,1.63421
-0.323143,-0.249675,0.02863;1.57459,1.39555,1.57004
-0.323126,-0.249117,0.0293178;1.58873,1.37233,1.57003
-0.356476,-0.236437,0.0395705;1.27516,1.17105,1.89112
-0.369071,-0.233236,0.0373894;1.17965,1.21483,1.96092
-0.35973,-0.237644,0.0287884;1.57907,1.29435,1.57366
-0.359556,-0.23882,0.0287974;1.53455,1.29841,1.60517
-0.359558,-0.239462,0.028613;1.57137,1.24316,1.57195
-0.359799,-0.238829,0.0289944;1.57919,1.2069,1.57874
-0.388328,-0.221177,0.0393915;1.38039,1.046,1.77171
-0.399091,-0.216104,0.0363115;1.25604,1.09711,1.8658
-0.389028,-0.220484,0.0285895;1.58828,1.18245,1.56159
-0.389235,-0.22179,0.0288154;1.56238,1.1572,1.57053
-0.389933,-0.221623,0.0286307;1.57058,1.12904,1.56856
-0.389717,-0.221,0.0288363;1.5814,1.07615,1.57059
-0.412925,-0.200389,0.0360791;1.43474,0.918611,1.71948
-0.426954,-0.193252,0.0381588;1.33368,0.907918,1.78987
-0.424874,-0.19397,0.0331591;1.43041,0.980702,1.70041
-0.420258,-0.198817,0.0288097;1.55008,1.026,1.58838
-0.420472,-0.199182,0.0287057;1.55963,1.00062,1.58026
-0.420133,-0.199624,0.0287187;1.57099,0.972923,1.57729
-0.427337,-0.18791,0.0328218;1.59209,0.850958,1.59641
-0.447039,-0.171633,0.0391686;1.39381,0.752218,1.73931
-0.454658,-0.165076,0.0373526;1.37029,0.806926,1.74138
-0.447785,-0.172209,0.0286644;1.57138,0.898583,1.57462
-0.447758,-0.172658,0.0287691;1.55668,0.88151,1.58169
-0.44809,-0.172843,0.0287143;1.5611,0.851223,1.57823
-0.448266,-0.168973,0.0308355;1.58736,0.767866,1.58928
-0.459046,-0.152557,0.0354011;1.52116,0.66833,1.64488
-0.471858,-0.14044,0.0383153;1.39472,0.645767,1.71332
-0.468108,-0.143631,0.0287173;1.57053,0.741192,1.57897
-0.467757,-0.143905,0.0287294;1.56321,0.738036,1.57396
-0.467317,-0.144473,0.0286699;1.57083,0.743318,1.56646
-0.467548,-0.142014,0.0292331;1.58954,0.652237,1.56511
-0.472962,-0.129022,0.0342025;1.6088,0.581276,1.56507
-0.483097,-0.11248,0.0402285;1.41599,0.509995,1.68408
-0.479223,-0.112836,0.0288036;1.57176,0.659854,1.57141
-0.478884,-0.114839,0.0286206;1.56653,0.693904,1.56808
-0.477286,-0.116601,0.0287509;1.57041,0.719219,1.56294
-0.47729,-0.114488,0.0288412;1.57608,0.624379,1.57672
-0.483003,-0.101798,0.0310417;1.56751,0.555635,1.60032
-0.492998,-0.0856763,0.0386149;1.42762,0.479488,1.68749
-0.4932,-0.0820813,0.0289001;1.57731,0.592115,1.57927
-0.493235,-0.0830847,0.0286394;1.57113,0.613157,1.57366
-0.493278,-0.0836595,0.0287029;1.56362,0.593406,1.57483
-0.49346,-0.0840706,0.0289782;1.57913,0.514526,1.58234
-0.494247,-0.0774364,0.0314689;1.58524,0.454722,1.59869
-0.501214,-0.0591986,0.0368179;1.49215,0.36148,1.6485
-0.503195,-0.0524288,0.0309282;1.53264,0.459079,1.60249
-0.502819,-0.0561689,0.0286785;1.57077,0.499086,1.57636
-0.502796,-0.056956,0.0287122;1.56371,0.48294,1.57421
-0.503354,-0.0576666,0.0287891;1.57263,0.417442,1.57956
-0.502783,-0.0557255,0.0301143;1.57848,0.381705,1.59255
-0.504584,-0.0426997,0.0335514;1.56815,0.306003,1.61164
-0.510072,-0.0234564,0.0356782;1.46141,0.318751,1.63113
-0.508076,-0.027864,0.0288051;1.57499,0.367222,1.5797
-0.5081,-0.0282272,0.028607;1.57101,0.385387,1.57217
-0.507998,-0.0283016,0.0286225;1.57065,0.3867,1.56878
-0.507432,-0.0282061,0.0288247;1.57398,0.324962,1.57921
-0.507887,-0.0164718,0.0312942;1.59519,0.258244,1.58627
-0.514953,0.0107753,0.0380625;1.4335,0.212674,1.63677
-0.512125,0.0081122,0.0321347;1.52135,0.277697,1.6037
-0.511441,0.00409674,0.0287997;1.57375,0.319974,1.57799
-0.511685,0.00306819,0.028678;1.56586,0.295966,1.57231
-0.512046,0.00254015,0.028745;1.57134,0.245366,1.57859
-0.511114,0.00375387,0.0298722;1.57721,0.218601,1.59267
-0.513381,0.0310728,0.0386949;1.44654,0.0949337,1.63279
-0.513155,0.0351316,0.0362154;1.46699,0.15474,1.61823
-0.511238,0.0297864,0.0290303;1.57971,0.220385,1.58186
-0.511613,0.028549,0.0286602;1.56827,0.226522,1.56974
-0.512205,0.0281776,0.0286504;1.57043,0.168866,1.57384
-0.511882,0.0283698,0.0290323;1.57628,0.139518,1.58716
-0.512145,0.0571742,0.0380651;1.46447,-0.00707176,1.62174
-0.512475,0.0666187,0.0363997;1.46645,0.0464596,1.6089
-0.511091,0.0606576,0.0290127;1.57877,0.115731,1.58316
-0.511762,0.0593438,0.0286649;1.56673,0.123568,1.57135
-0.512836,0.0588919,0.0286234;1.56998,0.0495262,1.57241
-0.512612,0.0591237,0.029059;1.57579,0.0233317,1.58746
-0.512612,0.0591237,0.029059;1.57579,0.0233317,1.58746
-0.510805,0.067364,0.0309974;1.5716,-0.0403737,1.60027
-0.510805,0.067364,0.0309974;1.5716,-0.0403737,1.60027
