0,0,0.11;-1.57,-2.98023e-08,-1.57
0,0,0.11;-1.57,-2.98023e-08,-1.57
0,0,0.11;-1.57,-2.98023e-08,-1.57
0.0002465,0.0079028,0.0287476;-1.57084,-0.0963173,-1.57889
-9.74848e-06,0.00723437,0.0285836;-1.57078,-0.0592832,-1.5702
-0.00119512,0.00584786,0.030072;-1.59311,-0.024031,-1.55443
-0.00179709,0.000469059,0.0327328;-1.61848,-0.00877022,-1.54302
-2.99437e-05,0.00363873,0.0288452;-1.57113,-0.0972732,-1.58341
4.91337e-05,0.00442526,0.0286653;-1.57077,-0.112324,-1.57479
-0.000499698,0.00552206,0.0287189;-1.5706,-0.149071,-1.57728
-0.000476479,0.00310687,0.0285831;-1.57087,-0.0693386,-1.57046
-0.00138548,-0.00092519,0.0304254;-1.5954,-0.0446989,-1.55556
-0.00274241,-0.0123408,0.0338446;-1.61301,0.00267116,-1.52921
-0.00206381,-0.0131741,0.0305189;-1.57324,-0.0275045,-1.54723
-0.00166449,-0.011941,0.0285795;-1.57085,-0.0689433,-1.57108
-0.00177978,-0.0108983,0.0286959;-1.56952,-0.0839558,-1.57527
-0.00143765,-0.0118139,0.0285802;-1.57079,-0.0568621,-1.5708
-0.00189778,-0.0134888,0.0294231;-1.57349,-0.0175287,-1.55795
-0.00304995,-0.019996,0.0325973;-1.59704,0.0188724,-1.53343
-0.00497005,-0.0251878,0.0333595;-1.55787,0.0208294,-1.517
-0.00330603,-0.0209905,0.0299971;-1.56442,-0.0132745,-1.54881
-0.00312441,-0.0199766,0.02858;-1.57095,-0.0427332,-1.57133
-0.00311361,-0.0194337,0.0286332;-1.57076,-0.0453036,-1.5733
-0.00290923,-0.0201867,0.0286159;-1.57035,-0.0138946,-1.56891
-0.00389471,-0.0231457,0.0302882;-1.56423,0.0163565,-1.54671
-0.00562037,-0.0276791,0.032442;-1.5762,0.0375959,-1.5229
-0.00456384,-0.0264579,0.0296607;-1.56638,0.00679114,-1.5519
-0.00436787,-0.0254966,0.028641;-1.56793,-0.0244075,-1.57068
-0.00434435,-0.0255717,0.0286783;-1.56608,-0.0197903,-1.57069
-0.00411315,-0.0265271,0.0285775;-1.57082,0.019087,-1.57092
-0.00662875,-0.0330665,0.0318012;-1.57521,0.0818178,-1.53008
-0.0101177,-0.0430972,0.0342953;-1.55967,0.116075,-1.50502
-0.00910736,-0.0443583,0.0323117;-1.55735,0.10054,-1.52724
-0.00755945,-0.0414546,0.0286158;-1.56906,0.0525464,-1.57098
-0.0074211,-0.0412696,0.028712;-1.56473,0.0536845,-1.57133
-0.00715595,-0.0415289,0.028591;-1.57023,0.0791778,-1.57083
-0.00834066,-0.0441278,0.03029;-1.57167,0.140132,-1.54721
-0.0122179,-0.0522016,0.033117;-1.58377,0.198118,-1.51589
-0.0154041,-0.0612579,0.0345061;-1.5608,0.214335,-1.51008
-0.0119209,-0.0594078,0.0286505;-1.57102,0.1683,-1.56727
-0.0119395,-0.0591118,0.0286485;-1.56761,0.159445,-1.57116
-0.0117966,-0.0591995,0.0287375;-1.56306,0.165487,-1.57213
-0.011889,-0.0600067,0.0289455;-1.57059,0.217409,-1.55953
-0.0152803,-0.0642723,0.031959;-1.5844,0.264174,-1.52678
-0.0221241,-0.0771482,0.0350736;-1.56867,0.324023,-1.50274
-0.0200763,-0.0821451,0.0287203;-1.57091,0.301993,-1.56396
-0.0201956,-0.0822019,0.0286294;-1.56839,0.278638,-1.57145
-0.0200825,-0.0821497,0.0287421;-1.56284,0.280918,-1.5732
-0.0196192,-0.0833971,0.0287821;-1.57144,0.349152,-1.56036
-0.0225845,-0.085719,0.0315908;-1.58659,0.386168,-1.52653
-0.0307814,-0.0966121,0.0347185;-1.58192,0.454223,-1.50048
-0.0311878,-0.10539,0.0287599;-1.57014,0.448849,-1.56312
-0.0314162,-0.105419,0.0286278;-1.56834,0.420668,-1.57174
-0.0311609,-0.105243,0.0287483;-1.5624,0.423419,-1.57464
-0.0306302,-0.106273,0.028769;-1.57119,0.484465,-1.56126
-0.0335646,-0.10786,0.0311891;-1.57865,0.519826,-1.53212
-0.0421535,-0.117139,0.0342853;-1.5795,0.584261,-1.50354
-0.0448869,-0.124168,0.0305916;-1.56637,0.57741,-1.54332
-0.0443255,-0.123732,0.0286944;-1.57098,0.539937,-1.56499
-0.0442283,-0.123764,0.028669;-1.56576,0.539911,-1.57344
-0.0445274,-0.124703,0.0285811;-1.57053,0.584005,-1.57076
-0.0463036,-0.125654,0.0294688;-1.56756,0.61863,-1.55902
-0.0513283,-0.129654,0.0322074;-1.58308,0.660821,-1.52171
-0.0574754,-0.133731,0.0335573;-1.56779,0.668627,-1.51623
-0.0538684,-0.131974,0.0297578;-1.57186,0.626874,-1.54873
-0.0537493,-0.131921,0.0286183;-1.57098,0.5978,-1.56874
-0.0536196,-0.131807,0.0286051;-1.57048,0.602253,-1.57199
-0.0537288,-0.132391,0.0286027;-1.57099,0.631475,-1.56956
-0.0563739,-0.13378,0.0302648;-1.57028,0.669034,-1.54862
-0.0714789,-0.144437,0.03595;-1.55843,0.745476,-1.50304
-0.071074,-0.145472,0.0329742;-1.55804,0.718787,-1.53087
-0.0678073,-0.144507,0.0287427;-1.57102,0.694823,-1.56285
-0.0675726,-0.144409,0.0286702;-1.56536,0.682526,-1.57429
-0.0677061,-0.145245,0.0285727;-1.57055,0.724313,-1.56981
-0.0687253,-0.145646,0.029266;-1.57211,0.740513,-1.55533
-0.0862316,-0.155378,0.035631;-1.56835,0.850212,-1.49926
-0.090906,-0.161075,0.033206;-1.55068,0.846131,-1.53465
-0.0884269,-0.161688,0.0288138;-1.57044,0.838021,-1.56187
-0.0882204,-0.161595,0.0286926;-1.56327,0.819794,-1.57656
-0.0880594,-0.162723,0.0285901;-1.56968,0.873151,-1.57154
-0.088704,-0.162817,0.0289685;-1.57051,0.888109,-1.55849
-0.107848,-0.168173,0.0353337;-1.57973,0.9983,-1.49211
-0.115358,-0.174539,0.0331805;-1.54985,1.00027,-1.53903
-0.113834,-0.17533,0.0288105;-1.56735,0.993619,-1.56459
-0.11358,-0.175302,0.0287245;-1.55906,0.975822,-1.58078
-0.113643,-0.176307,0.0286652;-1.56257,1.02487,-1.57774
-0.113858,-0.176571,0.0287594;-1.5709,1.03389,-1.56195
-0.128664,-0.179881,0.0340802;-1.57752,1.1318,-1.50429
-0.134738,-0.184493,0.0318626;-1.54103,1.12712,-1.559
-0.134149,-0.184176,0.0306039;-1.56354,1.12328,-1.54675
-0.133374,-0.184378,0.0287299;-1.55553,1.09586,-1.58504
-0.133705,-0.185115,0.0285794;-1.57026,1.13602,-1.57146
-0.133867,-0.185167,0.028581;-1.57042,1.14481,-1.57132
-0.142555,-0.186487,0.032133;-1.58606,1.22491,-1.5159
-0.14958,-0.186977,0.0335479;-1.55722,1.231,-1.52865
-0.150041,-0.186614,0.0336275;-1.56343,1.22761,-1.52069
-0.145744,-0.187301,0.028677;-1.56915,1.15812,-1.56831
-0.145728,-0.187978,0.0287384;-1.55028,1.18633,-1.5898
-0.146321,-0.188401,0.0285797;-1.57028,1.22328,-1.57134
-0.148079,-0.188255,0.0294598;-1.56636,1.24759,-1.55938
-0.166619,-0.187157,0.0351843;-1.52217,1.33529,-1.54562
-0.167727,-0.188807,0.0327113;-1.51765,1.29855,-1.57403
-0.164223,-0.190208,0.0288964;-1.57158,1.28557,-1.56022
-0.164174,-0.190094,0.0286951;-1.55304,1.2683,-1.58795
-0.16463,-0.190944,0.0285459;-1.5745,1.31328,-1.56626
-0.165607,-0.190786,0.0290709;-1.56485,1.3306,-1.56348
-0.181728,-0.187922,0.0352979;-1.61879,1.41863,-1.45454
-0.185142,-0.189482,0.0327054;-1.45308,1.39343,-1.6337
-0.182665,-0.19068,0.0293124;-1.56813,1.38598,-1.5565
-0.182484,-0.190701,0.0287023;-1.54692,1.36741,-1.59509
-0.183585,-0.19121,0.0286098;-1.5701,1.40459,-1.57292
-0.184065,-0.19151,0.0287717;-1.56344,1.43161,-1.56987
-0.196996,-0.18816,0.0341988;-1.75584,1.49381,-1.33005
-0.198717,-0.186809,0.034653;-1.56707,1.48131,-1.51218
-0.192724,-0.188421,0.030354;-1.54783,1.43703,-1.56177
-0.19216,-0.188987,0.0287375;-1.53637,1.41611,-1.60707
-0.192658,-0.189188,0.0286762;-1.56397,1.43658,-1.58134
-0.194288,-0.189612,0.0286083;-1.57008,1.48761,-1.57285
-0.203716,-0.18632,0.0325993;-2.3501,1.53,-0.757044
-0.210794,-0.182575,0.0355644;-2.95601,1.55376,-0.124481
-0.205568,-0.183131,0.0341808;-1.93717,1.51801,-1.15434
-0.199924,-0.186198,0.0286696;-1.57191,1.47774,-1.56534
-0.200012,-0.186077,0.0286584;-1.56955,1.48679,-1.57578
-0.201373,-0.185991,0.0287232;-1.5686,1.52112,-1.5798
-0.206665,-0.184371,0.0309004;2.51504,1.53229,0.642652
-0.214978,-0.181272,0.0347822;2.27711,1.49934,0.907664
-0.216879,-0.17794,0.0364012;2.23792,1.49212,0.962278
-0.208187,-0.183948,0.0287819;-1.7391,1.53211,-1.39949
-0.208289,-0.184272,0.028644;-1.56461,1.52983,-1.58034
-0.209031,-0.183999,0.0287197;-1.57919,1.55663,-1.56889
-0.212596,-0.181553,0.0296114;1.91154,1.48383,1.2348
-0.218757,-0.178186,0.0334996;2.09704,1.4408,1.07455
-0.226509,-0.172141,0.0377511;1.95384,1.3979,1.24196
-0.221628,-0.177369,0.0289394;1.88923,1.51441,1.25225
-0.221125,-0.178173,0.0286598;1.5667,1.54411,1.57076
-0.221293,-0.177956,0.0287767;1.60837,1.52994,1.52557
-0.22511,-0.174877,0.0295208;1.79059,1.42567,1.3544
-0.231525,-0.170671,0.0336117;2.01091,1.37758,1.15756
-0.241857,-0.166356,0.0390111;1.93457,1.2921,1.25523
-0.241203,-0.170516,0.0296577;1.79319,1.41253,1.35114
-0.239856,-0.171886,0.028945;1.64639,1.45645,1.48688
-0.239909,-0.171827,0.0289672;1.62948,1.44643,1.50149
-0.24704,-0.166447,0.0293213;1.69969,1.34562,1.4402
-0.254309,-0.161395,0.0323857;1.83693,1.28094,1.3174
-0.264732,-0.155509,0.0384901;1.84596,1.19741,1.32827
-0.264941,-0.157006,0.0327853;1.8423,1.27894,1.3206
-0.261572,-0.161541,0.0290122;1.64443,1.34187,1.49481
-0.26123,-0.161931,0.0289172;1.57797,1.35437,1.54931
-0.268655,-0.155866,0.0300767;1.59094,1.2523,1.52483
-0.275539,-0.150346,0.031262;1.678,1.18534,1.45581
-0.284351,-0.143707,0.0367203;1.76056,1.1164,1.39575
-0.285319,-0.140308,0.0398795;1.6697,1.16182,1.49198
-0.276527,-0.148726,0.03204;1.77799,1.21479,1.37054
-0.274725,-0.152044,0.0289635;1.60144,1.26837,1.52983
-0.278188,-0.148379,0.0313119;1.60975,1.21633,1.49353
-0.282123,-0.144522,0.0313063;1.61799,1.16666,1.49478
-0.288236,-0.138555,0.0345534;1.76626,1.10509,1.37583
-0.29591,-0.129189,0.0439173;1.58687,1.08712,1.56778
-0.287002,-0.137768,0.038043;1.75821,1.16179,1.39568
-0.281586,-0.14494,0.0311605;1.71716,1.22493,1.4231
-0.281695,-0.144744,0.0321162;1.616,1.22391,1.48217
-0.285449,-0.140505,0.0317278;1.5913,1.17141,1.50647
-0.290115,-0.134771,0.0341215;1.74155,1.10298,1.39228
-0.302828,-0.12045,0.0453664;1.58194,1.03967,1.56658
-0.299192,-0.125356,0.0434158;1.63039,1.12288,1.50191
-0.289232,-0.135978,0.0323726;1.74413,1.18514,1.39067
-0.286919,-0.139245,0.032292;1.61201,1.22633,1.48392
-0.290621,-0.135591,0.0319623;1.59322,1.18003,1.49929
-0.293972,-0.130915,0.0342401;1.74023,1.11462,1.38849
-0.307661,-0.116634,0.0465572;1.67612,1.00053,1.47651
-0.309864,-0.117025,0.0465449;1.62613,1.06103,1.50161
-0.301322,-0.12615,0.0347624;1.76438,1.12205,1.36032
-0.297113,-0.132901,0.0321399;1.59935,1.19432,1.49444
-0.299972,-0.129947,0.0336043;1.59198,1.16002,1.48275
-0.302493,-0.126953,0.0338448;1.673,1.11684,1.43005
-0.314625,-0.115594,0.0443261;1.69268,1.00164,1.44302
-0.316487,-0.112702,0.0471199;1.65148,1.01468,1.48692
-0.310521,-0.120506,0.0399472;1.76096,1.07854,1.37529
-0.304696,-0.130581,0.0319892;1.56509,1.17214,1.5212
-0.304778,-0.129777,0.0349395;1.61614,1.15773,1.45172
-0.306343,-0.128055,0.034094;1.61856,1.1344,1.45952
-0.306343,-0.128055,0.034094;1.61856,1.1344,1.45952
-0.309428,-0.123426,0.0365371;1.7356,1.07639,1.37073
-0.309428,-0.123426,0.0365371;1.7356,1.07639,1.37073
