0,0,0.11;-1.57,-2.98023e-08,-1.57
0,0,0.11;-1.57,-2.98023e-08,-1.57
0,0,0.11;-1.57,-2.98023e-08,-1.57
-0.000445858,0.00370082,0.0286045;-1.5707,-0.147468,-1.57198
0.000164367,0.00434156,0.0287798;-1.57052,-0.104382,-1.56115
-0.000300069,0.00423192,0.0303151;-1.5709,-0.0839094,-1.53709
0.00012025,0.00317801,0.0326894;-1.5707,-0.0561717,-1.50847
0.000580864,0.00261421,0.0285808;-1.5709,-0.106483,-1.57092
0.000137862,0.00337992,0.028599;-1.5705,-0.154244,-1.57172
-0.00031273,0.00457673,0.0286972;-1.57061,-0.210815,-1.57626
-0.000315534,0.00265353,0.0288555;-1.57024,-0.170713,-1.58342
-0.00099901,-0.000512119,0.0303374;-1.55018,-0.10761,-1.56214
-0.00462697,-0.0135662,0.0335569;-1.55267,-0.0135081,-1.52783
-0.00251873,-0.0291244,0.0326669;-1.50838,0.024013,-1.55692
-0.00493232,-0.0237276,0.029021;-1.56757,-0.0538512,-1.57556
-0.00615757,-0.0184289,0.0288388;-1.566,-0.156016,-1.57798
-0.00671901,-0.0146598,0.0285791;-1.57085,-0.265002,-1.57079
-0.00621269,-0.0134975,0.0289386;-1.56442,-0.219829,-1.55794
-0.00652885,-0.0122994,0.0311009;-1.56728,-0.199192,-1.52966
-0.00714618,-0.0145915,0.0338193;-1.57986,-0.136151,-1.49654
-0.00476888,-0.0161238,0.030816;-1.57316,-0.158539,-1.53371
-0.00444347,-0.0163292,0.0286885;-1.57086,-0.157836,-1.56554
-0.00455121,-0.0160104,0.0285796;-1.57085,-0.176934,-1.57082
-0.00464968,-0.0162562,0.0287009;-1.57057,-0.186692,-1.56494
-0.00494627,-0.0166517,0.0296198;-1.56883,-0.188155,-1.54683
-0.00595309,-0.0165086,0.0314814;-1.57285,-0.16216,-1.52375
-0.00600875,-0.015281,0.0304262;-1.57858,-0.134314,-1.54279
-0.00352668,-0.013132,0.0289059;-1.56748,-0.180985,-1.58275
-0.00365863,-0.0113945,0.0289395;-1.57536,-0.201983,-1.58411
-0.003739,-0.0114787,0.0289864;-1.5761,-0.200083,-1.58589
-0.00553847,-0.0151627,0.0304927;-1.55968,-0.183194,-1.54771
-0.00879671,-0.0194441,0.0328737;-1.57772,-0.16507,-1.51063
-0.00967421,-0.0237202,0.0319784;-1.57626,-0.138292,-1.51767
-0.008991,-0.0251752,0.0286;-1.5699,-0.141479,-1.57
-0.00913457,-0.0250511,0.0285802;-1.57079,-0.148628,-1.5708
-0.00927325,-0.0251373,0.0286598;-1.56699,-0.155814,-1.57011
-0.00939091,-0.0250744,0.0292273;-1.56936,-0.16007,-1.55039
-0.0100975,-0.0248312,0.0322993;-1.57091,-0.154219,-1.51338
-0.0110372,-0.0259547,0.0334502;-1.573,-0.142713,-1.49845
-0.0102862,-0.0298078,0.0287473;-1.57092,-0.180943,-1.56274
-0.0101739,-0.0294887,0.0285789;-1.57082,-0.1803,-1.57079
-0.0102197,-0.029105,0.0286748;-1.5708,-0.188294,-1.57524
-0.0106163,-0.0299166,0.028925;-1.58109,-0.16391,-1.57901
-0.0111866,-0.0350055,0.0302678;-1.54493,-0.124956,-1.55841
-0.0133167,-0.0420828,0.0330178;-1.53887,-0.108035,-1.52895
-0.0126467,-0.0436872,0.0296925;-1.56767,-0.123086,-1.56515
-0.0118432,-0.0416258,0.0289616;-1.57329,-0.164481,-1.57804
-0.0112895,-0.0395667,0.0287441;-1.57072,-0.214906,-1.5786
-0.0116146,-0.0383972,0.0286701;-1.57076,-0.225962,-1.56646
-0.0116904,-0.0378851,0.02939;-1.56686,-0.20826,-1.54908
-0.0125497,-0.0372695,0.0324363;-1.56897,-0.208147,-1.51116
-0.0123321,-0.0335042,0.0305037;-1.57353,-0.214656,-1.53923
-0.0121141,-0.0353544,0.0287855;-1.57316,-0.241329,-1.56289
-0.0120014,-0.0356172,0.0286542;-1.57084,-0.244695,-1.56719
-0.0117353,-0.0355122,0.0287503;-1.57086,-0.220925,-1.56267
-0.0119219,-0.0351037,0.0292374;-1.56946,-0.208156,-1.55124
-0.013041,-0.034748,0.0316774;-1.5697,-0.183123,-1.51923
-0.0104227,-0.0318288,0.0313045;-1.58439,-0.190634,-1.54417
-0.00790181,-0.0302023,0.02944;-1.59455,-0.213614,-1.58259
-0.00718522,-0.0279835,0.0295473;-1.58662,-0.240257,-1.58224
-0.00552742,-0.0289925,0.0289124;-1.57003,-0.262501,-1.58612
-0.00672091,-0.029122,0.0292415;-1.55657,-0.263922,-1.5686
-0.00810123,-0.0312503,0.0306812;-1.54954,-0.230936,-1.54631
-0.0101901,-0.030999,0.0314121;-1.57405,-0.174217,-1.52571
-0.0105996,-0.0311321,0.030599;-1.57577,-0.184886,-1.53696
-0.0108066,-0.0310671,0.0289028;-1.57525,-0.196408,-1.56038
-0.0104176,-0.0313711,0.0286826;-1.57085,-0.200874,-1.56589
-0.0103374,-0.0318711,0.0288196;-1.57053,-0.206411,-1.55951
-0.0104907,-0.0327743,0.02906;-1.56404,-0.211174,-1.55273
-0.0114593,-0.0319492,0.0328035;-1.56464,-0.213691,-1.5053
-0.0114221,-0.0297909,0.0316332;-1.57101,-0.216695,-1.52186
-0.0120761,-0.0288594,0.0299653;-1.57343,-0.2219,-1.54611
-0.0108766,-0.0282141,0.0287577;-1.57455,-0.261244,-1.57655
-0.0107003,-0.0298176,0.0288658;-1.57037,-0.230516,-1.58453
-0.0112156,-0.0317456,0.0293932;-1.58692,-0.199541,-1.58394
-0.0140947,-0.0470186,0.0325233;-1.51296,-0.166461,-1.5348
-0.00973734,-0.0519008,0.0338844;-1.47265,-0.101287,-1.55247
-0.00745,-0.0533734,0.0315889;-1.53528,-0.06829,-1.56502
-0.0107727,-0.049907,0.0315223;-1.60194,-0.0992212,-1.58366
-0.00988732,-0.0557713,0.0328032;-1.64477,-0.0555152,-1.57481
-0.0067176,-0.0654749,0.0303789;-1.54052,0.000359297,-1.55876
-0.00565078,-0.0666849,0.0335171;-1.55152,0.0261372,-1.49992
-0.00796764,-0.070317,0.0330131;-1.55822,-0.0283241,-1.50517
-0.0120523,-0.0696597,0.0321437;-1.57821,-0.0771356,-1.52078
-0.0176052,-0.0566751,0.0360466;-1.68986,-0.108134,-1.56168
-0.0146959,-0.0545854,0.0374936;-1.71663,-0.109278,-1.56625
-0.0127208,-0.0544451,0.0335988;-1.63633,-0.097759,-1.55471
-0.00672947,-0.0607404,0.0333102;-1.50069,-0.015708,-1.55238
-0.00413581,-0.0649439,0.0334238;-1.49158,-0.0370801,-1.56555
-0.00230102,-0.0653246,0.0332726;-1.51846,-0.0419648,-1.58159
-0.00532601,-0.0542407,0.0340662;-1.615,-0.0881695,-1.59172
-0.00278171,-0.0541191,0.0366555;-1.6346,-0.0704831,-1.59168
-0.000952725,-0.0566602,0.0343977;-1.55473,-0.067399,-1.59316
-0.00372507,-0.0683701,0.0346232;-1.46157,-0.0263492,-1.57869
-0.00151556,-0.0660793,0.0347271;-1.47892,-0.0433441,-1.59047
-0.000873197,-0.0647508,0.0345855;-1.48915,-0.0461519,-1.59605
-0.000766899,-0.0573153,0.0333308;-1.56652,-0.0648876,-1.61945
-0.00846342,-0.0537791,0.0353669;-1.65008,-0.0399288,-1.58526
-0.00599303,-0.0563558,0.0374672;-1.65688,-0.0360501,-1.58077
-0.00353717,-0.0600062,0.035979;-1.5726,-0.0146956,-1.5804
-0.00323423,-0.0573358,0.0367873;-1.49049,-0.0159337,-1.56082
0.000516954,-0.0563372,0.0391823;-1.53433,-0.00821287,-1.58472
0.00210257,-0.0567417,0.0382992;-1.57861,0.00754834,-1.60172
0.00634569,-0.0484769,0.0398152;-1.63055,0.0363605,-1.63418
0.011583,-0.0523776,0.0386835;-1.54362,0.0351269,-1.64735
0.0137864,-0.0565014,0.0389444;-1.45085,0.0395654,-1.64082
0.011703,-0.0581511,0.0417884;-1.38477,0.0360678,-1.62499
0.0134873,-0.0628327,0.0416241;-1.40935,0.0790246,-1.6478
0.0147639,-0.061456,0.039289;-1.47967,0.0820504,-1.66309
0.00928441,-0.046105,0.0376827;-1.53023,-0.0495777,-1.67847
0.0062103,-0.047907,0.0381456;-1.51807,-0.0422028,-1.67995
0.00517865,-0.05191,0.0385316;-1.49772,-0.0140099,-1.66195
0.000627256,-0.0604919,0.0378798;-1.44305,0.029757,-1.61003
0.00222348,-0.0602914,0.0360774;-1.49008,0.0148346,-1.61919
0.00349861,-0.0600456,0.0338426;-1.55582,0.0222903,-1.64031
0.00318591,-0.0572805,0.034875;-1.57539,0.00716871,-1.64519
0.00363292,-0.0562911,0.0345511;-1.57244,-0.0216541,-1.64766
0.00416195,-0.0558412,0.0334679;-1.56835,-0.0282001,-1.64197
0.00328307,-0.0540253,0.0375607;-1.47955,-0.0649401,-1.62272
0.00362416,-0.0550538,0.038793;-1.46134,-0.0662678,-1.62656
0.00714614,-0.0582456,0.0396612;-1.48553,-0.0360441,-1.66044
0.00974947,-0.0580278,0.0397018;-1.5548,-0.0479885,-1.6978
0.00967706,-0.0595628,0.0396671;-1.55748,-0.0377813,-1.69715
0.00866577,-0.0598963,0.0394711;-1.55814,-0.0520377,-1.70193
0.00390656,-0.0653509,0.0407589;-1.46013,-0.0361405,-1.65564
0.00267462,-0.066169,0.0420101;-1.4254,-0.0398665,-1.64494
0.00355047,-0.0673732,0.0407563;-1.45448,-0.0336269,-1.65213
0.00436368,-0.0648441,0.0371568;-1.56996,-0.0567521,-1.68565
0.00312068,-0.0622004,0.0372178;-1.5842,-0.08731,-1.67065
0.00248673,-0.0616677,0.0375191;-1.5856,-0.0979315,-1.67696
0.00203314,-0.0603001,0.0363577;-1.55617,-0.0963641,-1.65601
0.00195787,-0.0578098,0.0393969;-1.48464,-0.0979875,-1.64629
0.00190396,-0.0579775,0.0407711;-1.45926,-0.103165,-1.64833
0.00400712,-0.0637175,0.0397147;-1.53986,-0.0662531,-1.7001
0.00567417,-0.0595695,0.0397749;-1.56625,-0.0790535,-1.69848
0.0055566,-0.0592668,0.0398175;-1.56967,-0.0897346,-1.70054
0.00635452,-0.05863,0.0394695;-1.53335,-0.0706084,-1.68184
0.00450005,-0.0581908,0.0404645;-1.48212,-0.0668889,-1.66027
0.00257717,-0.0578629,0.0414975;-1.44015,-0.0615027,-1.64466
0.00551485,-0.0606671,0.0401328;-1.50861,-0.0457129,-1.68884
0.00549358,-0.0613643,0.0393299;-1.55618,-0.0376554,-1.7042
0.00521075,-0.0603561,0.0397753;-1.56152,-0.039678,-1.69825
0.0028826,-0.0663477,0.0366109;-1.54556,0.00977207,-1.66216
-9.57627e-05,-0.0661057,0.0366767;-1.51361,0.00195104,-1.64106
-0.00269406,-0.0640096,0.0359159;-1.48922,-0.00347666,-1.6123
0.00190796,-0.0646541,0.0347896;-1.55594,0.0254057,-1.65627
0.00182156,-0.0625844,0.0355405;-1.56711,0.00886613,-1.65672
0.00140609,-0.0589368,0.0374816;-1.56456,-0.0115203,-1.67295
-0.000911038,-0.0518303,0.0322651;-1.5681,-0.0621792,-1.62699
-0.000360861,-0.0516465,0.0332223;-1.55348,-0.0489438,-1.62849
0.000771531,-0.0510221,0.036594;-1.51666,-0.032173,-1.62156
0.00413422,-0.0501463,0.0380473;-1.5059,-0.0513957,-1.65203
0.00439483,-0.0499248,0.0361323;-1.5669,-0.0540745,-1.67664
0.00397738,-0.0485366,0.0379655;-1.56704,-0.0639985,-1.67671
0.00280052,-0.0591805,0.0349099;-1.55971,0.0208854,-1.65454
0.00232655,-0.061258,0.0338314;-1.53628,0.0306164,-1.62478
0.00268352,-0.062996,0.0331186;-1.51036,0.0479284,-1.59539
0.00341321,-0.0610056,0.0339765;-1.49591,0.0200597,-1.59685
0.00418889,-0.0602347,0.0333817;-1.54935,0.0189521,-1.62893
0.00394614,-0.0566687,0.0339508;-1.57217,-0.0153481,-1.63958
0.00254496,-0.0562944,0.0335425;-1.57608,-0.0198332,-1.63551
0.00266543,-0.0588549,0.0308884;-1.56765,0.00685727,-1.61045
0.00223805,-0.0591071,0.0295233;-1.56244,-0.000994533,-1.5854
0.000442402,-0.0580613,0.0327792;-1.50284,-0.0361287,-1.58142
0.00201285,-0.0584262,0.032784;-1.53348,-0.0157522,-1.60949
0.00315019,-0.0600111,0.0310353;-1.57303,0.00779753,-1.61203
0.000427754,-0.0559635,0.0321998;-1.56341,-0.0769508,-1.61838
8.65894e-06,-0.0530935,0.0316378;-1.56585,-0.106539,-1.61981
0.000998872,-0.0537621,0.0327712;-1.52902,-0.0863734,-1.60791
-0.000489143,-0.0527624,0.0370029;-1.4609,-0.103458,-1.59749
-0.000906247,-0.055093,0.0377669;-1.47569,-0.105422,-1.62111
0.00010619,-0.0543615,0.0343388;-1.53668,-0.100522,-1.63047
-0.0037972,-0.054839,0.0357652;-1.54658,-0.125292,-1.65694
-0.0016624,-0.058099,0.0320467;-1.56319,-0.0760335,-1.62224
0.000351488,-0.0601546,0.0290017;-1.55312,-0.0391871,-1.57247
-0.00115724,-0.0602138,0.0295944;-1.54443,-0.0658454,-1.55706
-0.000904406,-0.0620952,0.0288955;-1.55759,-0.0817141,-1.56749
-0.00103578,-0.0618343,0.0287478;-1.57271,-0.0975151,-1.57734
-0.000615524,-0.0605111,0.0288308;-1.57547,-0.12384,-1.57865
-0.000779859,-0.0589388,0.0287099;-1.57047,-0.165574,-1.57713
-0.00197882,-0.0581138,0.0290749;-1.55255,-0.195787,-1.5729
-0.00197882,-0.0581138,0.0290749;-1.55255,-0.195787,-1.5729
-0.000718285,-0.0572119,0.0312682;-1.51438,-0.157146,-1.55312
-0.000718285,-0.0572119,0.0312682;-1.51438,-0.157146,-1.55312
