0,0,0.11;-1.57,-2.98023e-08,-1.57
0,0,0.11;-1.57,-2.98023e-08,-1.57
0,0,0.11;-1.57,-2.98023e-08,-1.57
0.000499352,0.00766189,0.0286273;-1.56862,-0.112147,-1.57053
0.000805691,0.00807064,0.0286945;-1.57081,-0.0729747,-1.56501
-0.00113894,0.00338811,0.0301775;-1.57567,-0.0150242,-1.55084
-0.00296781,-0.0293431,0.0363676;-1.43764,0.0697157,-1.56249
-0.00266635,-0.0245022,0.0285788;-1.57115,-0.00605694,-1.5705
-0.00258162,-0.0245151,0.0288156;-1.56025,-0.00274873,-1.57134
-0.00244997,-0.0243854,0.0286855;-1.56566,0.00197169,-1.57084
-0.0019437,-0.0242291,0.0287081;-1.57089,0.0485142,-1.56448
-0.00407608,-0.0283309,0.0301942;-1.57361,0.103549,-1.5493
-0.00835404,-0.052264,0.036242;-1.47291,0.200695,-1.55894
-0.00862186,-0.0610537,0.0330132;-1.48847,0.170899,-1.57476
-0.00754033,-0.055659,0.0286201;-1.57008,0.122098,-1.56718
-0.0073485,-0.0553712,0.0286973;-1.56522,0.112512,-1.57139
-0.00691225,-0.0558909,0.0286376;-1.57048,0.174077,-1.56783
-0.00887582,-0.0585555,0.029658;-1.57168,0.21695,-1.55441
-0.0161617,-0.0793493,0.0341493;-1.50904,0.315366,-1.56206
-0.0204356,-0.0977444,0.0384272;-1.40275,0.333458,-1.59778
-0.0199586,-0.0944415,0.0330504;-1.48021,0.292152,-1.5908
-0.01828,-0.0908435,0.0285924;-1.57107,0.263073,-1.5701
-0.0180784,-0.0906301,0.0285816;-1.57074,0.281744,-1.57071
-0.0177979,-0.0903975,0.0287289;-1.57091,0.329903,-1.56337
-0.0221951,-0.0954472,0.0304902;-1.5753,0.393464,-1.54655
-0.0312057,-0.114754,0.0347024;-1.46333,0.438971,-1.59732
-0.0317245,-0.116581,0.0317206;-1.50242,0.410558,-1.59391
-0.029905,-0.114099,0.0288017;-1.55955,0.37212,-1.57488
-0.0296637,-0.114441,0.0287504;-1.56189,0.397275,-1.57438
-0.0296155,-0.114473,0.0285784;-1.57069,0.424351,-1.5708
-0.0404707,-0.127712,0.0322316;-1.54296,0.545864,-1.55861
-0.0523078,-0.147958,0.0397582;-1.35498,0.59767,-1.65991
-0.0547366,-0.147093,0.0365038;-1.39943,0.542888,-1.64771
-0.0507734,-0.140925,0.0285723;-1.5709,0.498801,-1.5708
-0.0506507,-0.141171,0.0287516;-1.56133,0.507562,-1.57533
-0.0504777,-0.141619,0.028712;-1.56337,0.538186,-1.57457
-0.0538163,-0.143567,0.030136;-1.57377,0.613483,-1.54891
-0.0687719,-0.161683,0.0360447;-1.44923,0.707492,-1.61941
-0.0776535,-0.174712,0.0386093;-1.34015,0.703022,-1.69957
-0.0724638,-0.168226,0.0285465;-1.57083,0.641803,-1.57105
-0.0721473,-0.168194,0.0288069;-1.55809,0.647365,-1.57903
-0.0721018,-0.168327,0.0287542;-1.56014,0.658375,-1.57732
-0.0724684,-0.168245,0.0289286;-1.57258,0.716183,-1.55928
-0.0836068,-0.176822,0.031913;-1.55069,0.796174,-1.5578
-0.102156,-0.195041,0.0397443;-1.32416,0.867603,-1.72253
-0.100614,-0.195834,0.0286407;-1.58432,0.814748,-1.55541
-0.0999853,-0.195674,0.0285801;-1.57068,0.801601,-1.57098
-0.0998892,-0.195883,0.0287376;-1.5599,0.809741,-1.57862
-0.0999941,-0.196187,0.0287762;-1.57219,0.866972,-1.56057
-0.108051,-0.199856,0.030899;-1.58189,0.937202,-1.53714
-0.130478,-0.215709,0.0383368;-1.30961,1.03221,-1.76101
-0.133271,-0.22028,0.0286335;-1.57661,0.981529,-1.56271
-0.132254,-0.220055,0.0285759;-1.57134,0.968217,-1.57015
-0.132439,-0.220513,0.02879;-1.55297,0.979009,-1.58564
-0.132874,-0.221014,0.0287024;-1.57081,1.0532,-1.56443
-0.140565,-0.223116,0.030366;-1.5813,1.10905,-1.54406
-0.160755,-0.231988,0.0379374;-1.1808,1.16158,-1.90068
-0.159892,-0.228965,0.0289766;-1.54164,1.08498,-1.59094
-0.157849,-0.228431,0.0285765;-1.57102,1.0572,-1.57056
-0.158197,-0.228779,0.0288133;-1.55772,1.07851,-1.58727
-0.160664,-0.229931,0.0285775;-1.5714,1.15754,-1.57009
-0.166003,-0.230414,0.030027;-1.62358,1.20486,-1.51802
-0.18516,-0.235145,0.0371272;-1.40288,1.28474,-1.71826
-0.192773,-0.237643,0.0347368;-1.23682,1.23313,-1.88479
-0.183765,-0.234388,0.028614;-1.60663,1.18564,-1.54291
-0.181875,-0.234488,0.0287193;-1.57062,1.15197,-1.57801
-0.183243,-0.234924,0.0288162;-1.57284,1.19399,-1.57948
-0.18515,-0.234464,0.0290692;-1.62714,1.24621,-1.5236
-0.195606,-0.234996,0.0326724;-1.79929,1.29527,-1.35301
-0.222104,-0.240966,0.038826;-0.918351,1.31139,-2.19658
-0.219374,-0.241217,0.0359664;-1.14679,1.27517,-1.99028
-0.20382,-0.2397,0.0291366;-1.61705,1.23401,-1.53851
-0.203908,-0.240387,0.028887;-1.58279,1.24722,-1.57012
-0.205449,-0.240189,0.0289866;-1.58227,1.27854,-1.57553
-0.209705,-0.239335,0.0305626;-1.74955,1.32571,-1.40338
-0.236931,-0.241557,0.0452179;-1.06887,1.422,-2.06269
-0.242763,-0.242965,0.0416765;-1.04039,1.34271,-2.10313
-0.227593,-0.241706,0.0293992;-1.60299,1.3112,-1.55791
-0.221654,-0.24172,0.0290942;-1.59398,1.28077,-1.56154
-0.225471,-0.241706,0.0290537;-1.59995,1.3337,-1.55824
-0.23045,-0.240551,0.0301308;-1.75051,1.38025,-1.40282
-0.253571,-0.240527,0.0448202;-1.2321,1.51385,-1.91179
-0.260999,-0.241136,0.0431771;-1.10283,1.43699,-2.05332
-0.247894,-0.241058,0.0297237;-1.6339,1.38112,-1.52794
-0.241916,-0.242005,0.0290385;-1.61278,1.35525,-1.54299
-0.245036,-0.241724,0.0290311;-1.6066,1.40139,-1.55093
-0.250019,-0.240474,0.0298902;-1.845,1.44804,-1.30904
-0.273831,-0.239002,0.04432;0.844691,1.54212,2.29337
-0.282072,-0.239771,0.0422872;-0.611866,1.49492,-2.54545
-0.270483,-0.240287,0.0291369;-1.67531,1.46514,-1.48313
-0.265752,-0.241284,0.0289323;-1.6322,1.44606,-1.52161
-0.268726,-0.240715,0.0289734;-1.65988,1.50232,-1.49594
-0.270427,-0.239911,0.0291828;-2.06336,1.52455,-1.08603
-0.294155,-0.236499,0.0410027;1.30457,1.47492,1.8381
-0.303699,-0.236325,0.0383684;0.325341,1.44893,2.80749
-0.298849,-0.236221,0.033062;0.328706,1.50057,2.80471
-0.28759,-0.238387,0.0287734;-1.61728,1.51207,-1.5307
-0.28852,-0.238485,0.0288154;-1.62926,1.53249,-1.5213
-0.290495,-0.237693,0.0288155;1.62693,1.56525,1.50398
-0.294118,-0.23577,0.0301308;2.0845,1.50643,1.05461
-0.326392,-0.230047,0.0388551;0.752196,1.34667,2.39543
-0.326111,-0.229223,0.0357334;0.588214,1.41633,2.54699
-0.313262,-0.229945,0.0288895;2.54606,1.54843,0.591261
-0.312867,-0.230603,0.0287172;1.55875,1.56092,1.57631
-0.313921,-0.230524,0.0286757;1.56877,1.52461,1.56827
-0.315513,-0.229558,0.0285965;1.576,1.47485,1.56705
-0.349647,-0.221505,0.0385748;0.949359,1.29011,2.20164
-0.35646,-0.219214,0.0370205;0.804164,1.34196,2.32986
-0.345421,-0.219464,0.0287401;1.65392,1.46622,1.487
-0.344408,-0.220392,0.0287927;1.49729,1.47435,1.64091
-0.345105,-0.220636,0.0285787;1.57103,1.43301,1.57051
-0.345616,-0.220316,0.0285757;1.57363,1.39727,1.57422
-0.373712,-0.210658,0.0382661;1.1312,1.22107,2.02104
-0.384951,-0.208303,0.0371563;1.02361,1.2518,2.10621
-0.377409,-0.210598,0.0285871;1.58984,1.3218,1.55709
-0.377072,-0.211201,0.0287725;1.53431,1.32232,1.60585
-0.377524,-0.211445,0.0286433;1.55915,1.28881,1.58204
-0.377541,-0.211435,0.0286961;1.57139,1.26235,1.57604
-0.404069,-0.197573,0.0368217;1.32988,1.09692,1.81774
-0.418739,-0.192539,0.0381134;1.20604,1.08159,1.91677
-0.414993,-0.194388,0.0328433;1.36969,1.1429,1.76052
-0.411147,-0.197038,0.028792;1.54505,1.17902,1.59427
-0.411438,-0.197129,0.0287381;1.55223,1.16176,1.58735
-0.411713,-0.197351,0.0285803;1.5701,1.1354,1.57221
-0.422886,-0.187955,0.0319883;1.54006,1.01969,1.62284
-0.445297,-0.175472,0.0394905;1.31702,0.911758,1.80923
-0.452515,-0.171229,0.0371411;1.29307,0.947813,1.81087
-0.445139,-0.177415,0.0285732;1.57072,1.02438,1.57062
-0.445422,-0.177445,0.0287829;1.55304,1.01418,1.58566
-0.445968,-0.177377,0.0287634;1.55496,0.98717,1.5839
-0.44729,-0.174299,0.0299218;1.57242,0.905774,1.58782
-0.463709,-0.158327,0.0355477;1.44684,0.804576,1.68901
-0.477908,-0.147351,0.0385363;1.33271,0.772401,1.76253
-0.472463,-0.152591,0.0285395;1.56589,0.872279,1.57589
-0.472368,-0.152957,0.0287788;1.5566,0.873673,1.58138
-0.47259,-0.152932,0.0287258;1.55999,0.86021,1.57897
-0.472768,-0.152428,0.0288577;1.57079,0.79391,1.58195
-0.479912,-0.141485,0.0316921;1.55604,0.717003,1.6064
-0.497378,-0.121911,0.0398035;1.38125,0.611352,1.71822
-0.499772,-0.122136,0.0286824;1.57391,0.688253,1.57318
-0.499516,-0.123015,0.0285772;1.57109,0.710032,1.57061
-0.499738,-0.123098,0.0287742;1.55912,0.700612,1.57774
-0.500413,-0.12351,0.0287613;1.57123,0.629178,1.57948
-0.503511,-0.115404,0.0307704;1.56982,0.565096,1.59515
-0.516666,-0.0936671,0.0385459;1.41991,0.454167,1.67179
-0.520322,-0.0912266,0.0286694;1.57405,0.525142,1.57186
-0.520251,-0.0923972,0.0285782;1.57091,0.544289,1.57079
-0.520479,-0.0923112,0.0287852;1.55992,0.536384,1.57602
-0.520611,-0.0924432,0.028717;1.57098,0.476101,1.57758
-0.521762,-0.0855719,0.03057;1.57488,0.417761,1.59135
-0.531384,-0.0619993,0.0378304;1.4416,0.311376,1.6426
-0.535751,-0.0549541,0.0313454;1.51015,0.375514,1.59767
-0.535247,-0.058164,0.0285661;1.57121,0.399282,1.57061
-0.535461,-0.0581024,0.0288189;1.55923,0.38593,1.57456
-0.535991,-0.058285,0.0285805;1.57088,0.34616,1.57083
-0.535584,-0.0570797,0.0293043;1.57142,0.306156,1.58352
-0.538024,-0.0395198,0.0331886;1.52774,0.216198,1.60498
-0.545594,-0.0135954,0.0358538;1.42987,0.192507,1.60789
-0.544991,-0.0218243,0.0286424;1.5741,0.226897,1.57619
-0.545057,-0.0226565,0.0285784;1.5705,0.239353,1.57043
-0.545886,-0.022515,0.0286052;1.56935,0.187243,1.57083
-0.545905,-0.0224482,0.0287025;1.57099,0.163199,1.57683
-0.544748,-0.0167622,0.0304029;1.57429,0.104907,1.59194
-0.547323,0.0216973,0.0381672;1.39704,0.0212399,1.59345
-0.546935,0.0173478,0.032425;1.4942,0.0578113,1.58203
-0.547187,0.0135157,0.0285672;1.57091,0.0775989,1.57018
-0.547674,0.0141228,0.0287073;1.56572,0.0480143,1.57008
-0.547912,0.0146228,0.0285791;1.57068,0.00956145,1.57078
-0.547372,0.0153766,0.0288621;1.56879,-0.0273764,1.58164
-0.543108,0.0494442,0.0393364;1.39352,-0.154654,1.57405
-0.542107,0.0521376,0.0361563;1.42739,-0.0973726,1.56407
-0.541925,0.0419983,0.0286672;1.57572,-0.0337996,1.57023
-0.542722,0.041147,0.0287333;1.56843,-0.0341755,1.56568
-0.542673,0.0425004,0.0286386;1.57076,-0.0741484,1.568
-0.542026,0.0436018,0.0285926;1.57098,-0.120621,1.57189
-0.533301,0.0733638,0.0386626;1.42644,-0.255974,1.55694
-0.530881,0.0809009,0.037211;1.4121,-0.188246,1.54241
-0.532211,0.0666957,0.0287023;1.58525,-0.111209,1.56864
-0.53317,0.0654955,0.0287763;1.56918,-0.0975457,1.56275
-0.532859,0.06703,0.0287046;1.57074,-0.13622,1.56489
-0.531536,0.0686934,0.0287927;1.5773,-0.192333,1.56843
-0.531536,0.0686934,0.0287927;1.5773,-0.192333,1.56843
-0.527039,0.0778152,0.0318097;1.61423,-0.242494,1.58371
-0.527039,0.0778152,0.0318097;1.61423,-0.242494,1.58371
