0,0,0.11;-1.57,-2.98023e-08,-1.57
0,0,0.11;-1.57,-2.98023e-08,-1.57
0,0,0.11;-1.57,-2.98023e-08,-1.57
0.000108431,0.00660103,0.0286355;-1.56988,-0.124018,-1.57246
0.000108137,0.00609395,0.0285798;-1.57075,-0.0835488,-1.57082
-0.000522477,0.00573993,0.0295347;-1.57375,-0.0511477,-1.56158
-0.00188052,-0.0114147,0.0344456;-1.50618,0.0216014,-1.55901
-0.000887444,-0.0129745,0.0286556;-1.57072,-0.0125379,-1.57438
-0.00100688,-0.0117737,0.0285811;-1.5707,-0.0556481,-1.57104
-0.00102956,-0.0115748,0.0285891;-1.5705,-0.0711983,-1.57133
-0.000804392,-0.0120722,0.0285808;-1.57075,-0.0366725,-1.57087
-0.000616446,-0.0117005,0.0293171;-1.56066,-0.0220306,-1.563
-0.000757021,-0.0143997,0.0349247;-1.54658,0.0188069,-1.55299
0.00133925,-0.0117557,0.0292448;-1.55931,-0.0293641,-1.56397
0.00121193,-0.0115336,0.02858;-1.57075,-0.0566338,-1.571
0.00122948,-0.0118862,0.0286133;-1.56922,-0.0428008,-1.57077
0.00108963,-0.0131503,0.0285807;-1.57065,0.023961,-1.5709
0.00104687,-0.0132552,0.0288113;-1.56336,0.0384605,-1.56776
0.000424035,-0.0182138,0.0337695;-1.52133,0.0776383,-1.56273
0.000486522,-0.0196568,0.0368688;-1.43015,0.0160035,-1.56348
0.00146866,-0.0117035,0.0305423;-1.53233,-0.0630811,-1.56515
0.00162526,-0.00935143,0.0285836;-1.57106,-0.100971,-1.57157
0.00162491,-0.00927971,0.0286276;-1.57073,-0.0970724,-1.57298
0.00127039,-0.00982554,0.028581;-1.57055,-0.0395988,-1.57048
-0.000644641,-0.0132207,0.0302892;-1.58621,0.025191,-1.56031
-0.00386922,-0.027632,0.0349933;-1.56961,0.0787195,-1.55795
-0.0043049,-0.0317018,0.0294727;-1.55015,0.0492542,-1.57029
-0.00440079,-0.0283268,0.0287837;-1.56422,-0.0615334,-1.57346
-0.00444864,-0.0277532,0.0286254;-1.5685,-0.0754083,-1.57123
-0.0043991,-0.0280567,0.0285796;-1.57089,-0.057547,-1.57081
-0.00603406,-0.0312783,0.031974;-1.59627,0.0148435,-1.55202
-0.00794617,-0.0417843,0.0400574;-1.54875,0.071833,-1.55298
-0.00725811,-0.0484483,0.0353706;-1.49693,0.0561082,-1.56876
-0.00708452,-0.0469515,0.0285798;-1.57084,0.0218834,-1.571
-0.00722051,-0.0468558,0.0285796;-1.57077,0.00866409,-1.57078
-0.00705162,-0.0467562,0.0286143;-1.56909,0.0141412,-1.57081
-0.0071201,-0.0464586,0.0291367;-1.5597,0.0346937,-1.56489
-0.00873546,-0.047499,0.035203;-1.56017,0.0652357,-1.55458
-0.00823843,-0.0483837,0.0384281;-1.52468,0.0495569,-1.55936
-0.00598988,-0.0427944,0.0285911;-1.5708,-0.022516,-1.57178
-0.00581772,-0.0435403,0.0287064;-1.56705,0.00280685,-1.57323
-0.00511759,-0.044936,0.0286403;-1.56877,0.0496491,-1.57198
-0.00447905,-0.045925,0.0285865;-1.56997,0.150032,-1.57076
-0.00481338,-0.048736,0.0310871;-1.52882,0.184255,-1.56898
-0.00664331,-0.0565397,0.038903;-1.42365,0.183292,-1.57858
-0.0061626,-0.0426173,0.0286603;-1.57645,0.0393843,-1.57059
-0.00595109,-0.0417841,0.0285806;-1.57079,0.0031069,-1.57076
-0.00641062,-0.0416428,0.0287386;-1.56646,-0.0153999,-1.57392
-0.00649848,-0.0432982,0.0285786;-1.57088,0.0910096,-1.57041
-0.00917409,-0.049545,0.0304892;-1.58584,0.156088,-1.55868
-0.013581,-0.070271,0.0383105;-1.49838,0.242141,-1.56895
-0.0134732,-0.0840935,0.0286174;-1.5742,0.23712,-1.57049
-0.0130306,-0.0827935,0.0285786;-1.57109,0.184187,-1.57072
-0.0131071,-0.0822706,0.0285798;-1.57075,0.155038,-1.57083
-0.0131246,-0.0824929,0.0285785;-1.5709,0.17875,-1.57078
-0.0132113,-0.0821235,0.0296617;-1.55965,0.207251,-1.56353
-0.0147609,-0.0861286,0.0372962;-1.53975,0.245172,-1.5601
-0.013502,-0.0867723,0.0286292;-1.56956,0.240969,-1.56922
-0.01343,-0.0866428,0.0285919;-1.57156,0.212652,-1.57141
-0.0134332,-0.0866062,0.0285808;-1.5708,0.202459,-1.57083
-0.0134363,-0.0866605,0.0285798;-1.57081,0.209733,-1.57081
-0.0131437,-0.0866613,0.0293212;-1.55413,0.224861,-1.56967
-0.0137186,-0.0899615,0.0349788;-1.47412,0.260995,-1.58117
-0.0148036,-0.097543,0.0336748;-1.4766,0.269255,-1.58635
-0.0157485,-0.0951795,0.0285779;-1.57301,0.211889,-1.57135
-0.0154172,-0.0945502,0.0285809;-1.57098,0.186623,-1.57095
-0.0154553,-0.0945821,0.0285803;-1.57093,0.18868,-1.57093
-0.015273,-0.0950972,0.0285862;-1.57046,0.240793,-1.57111
-0.015175,-0.097745,0.029985;-1.54709,0.306413,-1.56891
-0.0180059,-0.116369,0.037917;-1.41608,0.378533,-1.59367
-0.0191428,-0.11891,0.0335872;-1.47258,0.334315,-1.58972
-0.0183296,-0.116545,0.0285775;-1.57154,0.33089,-1.57109
-0.0180271,-0.115648,0.0285832;-1.57107,0.288763,-1.57101
-0.0181121,-0.11608,0.0285801;-1.57076,0.328368,-1.57078
-0.0176818,-0.11642,0.0290244;-1.55335,0.354488,-1.57253
-0.0158584,-0.120822,0.0386344;-1.41327,0.409212,-1.58802
-0.0175222,-0.12633,0.0365856;-1.43218,0.373697,-1.59518
-0.0162054,-0.124099,0.029028;-1.55141,0.37686,-1.57417
-0.0158643,-0.122653,0.0285964;-1.57145,0.328822,-1.57077
-0.0158005,-0.12266,0.0285668;-1.57032,0.329805,-1.57101
-0.0159452,-0.122509,0.0287457;-1.5627,0.322239,-1.57278
-0.0177147,-0.124351,0.0386689;-1.40498,0.33116,-1.60022
-0.0165292,-0.120228,0.037981;-1.42431,0.249175,-1.60351
-0.0119497,-0.109167,0.0286741;-1.57539,0.213549,-1.56917
-0.0116297,-0.10897,0.0287069;-1.56691,0.2044,-1.57384
-0.0117728,-0.110168,0.0285797;-1.57082,0.262814,-1.57069
-0.0117867,-0.110408,0.0285858;-1.57039,0.289698,-1.57084
-0.0154166,-0.11413,0.0394588;-1.47404,0.318435,-1.58292
-0.0134344,-0.109525,0.03922;-1.46612,0.238102,-1.59494
-0.0105004,-0.100783,0.0287108;-1.57689,0.233616,-1.56771
-0.0104969,-0.100678,0.0286997;-1.56779,0.204865,-1.5742
-0.0104862,-0.102129,0.028581;-1.57066,0.267715,-1.57095
-0.010653,-0.102324,0.02858;-1.57067,0.28854,-1.57079
-0.0204764,-0.120782,0.0367248;-1.48822,0.450603,-1.58504
-0.0253277,-0.139105,0.0351923;-1.43453,0.476298,-1.61959
-0.0232109,-0.137019,0.0322828;-1.49701,0.49861,-1.59301
-0.0231628,-0.134244,0.0285684;-1.56956,0.388127,-1.57095
-0.0234824,-0.134701,0.0287702;-1.56289,0.39453,-1.57553
-0.02335,-0.134517,0.0285799;-1.57079,0.399824,-1.57086
-0.023198,-0.134365,0.0288785;-1.56511,0.42123,-1.56356
-0.032944,-0.147599,0.0397803;-1.51399,0.536355,-1.57798
-0.0369919,-0.156183,0.0333427;-1.4635,0.530005,-1.61854
-0.0348231,-0.153849,0.0285691;-1.57054,0.535629,-1.57168
-0.0344806,-0.153081,0.0285783;-1.57089,0.501794,-1.57076
-0.0343903,-0.153007,0.0285784;-1.57093,0.503066,-1.57067
-0.0342753,-0.152762,0.0285725;-1.56937,0.508034,-1.57085
-0.0357641,-0.153303,0.0380821;-1.44195,0.514017,-1.61392
-0.0301381,-0.146771,0.0365177;-1.46909,0.42906,-1.6088
-0.0258359,-0.141097,0.0285603;-1.5699,0.422682,-1.57186
-0.0264494,-0.141916,0.0285944;-1.57142,0.451882,-1.57199
-0.0265877,-0.142284,0.0285826;-1.57097,0.479595,-1.57095
-0.0265139,-0.142641,0.0285889;-1.57087,0.524589,-1.57027
-0.0338064,-0.15722,0.0373546;-1.40574,0.645947,-1.63483
-0.037691,-0.16636,0.0363538;-1.40773,0.622048,-1.64525
-0.03535,-0.162388,0.0284871;-1.57686,0.610339,-1.56698
-0.034319,-0.160918,0.0285951;-1.57088,0.553835,-1.57152
-0.0344097,-0.160925,0.0285833;-1.57083,0.548506,-1.57095
-0.0343582,-0.161042,0.0285789;-1.57057,0.57626,-1.57079
-0.037689,-0.169832,0.0358846;-1.42788,0.680399,-1.63268
-0.0411779,-0.180781,0.0364726;-1.40715,0.717743,-1.64749
-0.0395766,-0.181894,0.0317533;-1.49436,0.723827,-1.60809
-0.0378363,-0.179911,0.0286657;-1.57445,0.683581,-1.57004
-0.0368906,-0.179296,0.0285838;-1.57131,0.641941,-1.57064
-0.0368545,-0.17939,0.0285807;-1.57076,0.642059,-1.57105
-0.0367665,-0.180175,0.0323807;-1.48658,0.678924,-1.61048
-0.0392967,-0.181899,0.0385172;-1.36362,0.658856,-1.66979
-0.0364069,-0.178521,0.0349389;-1.43362,0.611596,-1.63431
-0.0330637,-0.174157,0.0285803;-1.5713,0.606586,-1.5709
-0.0331254,-0.174593,0.0285793;-1.57079,0.620267,-1.5708
-0.0331946,-0.174625,0.028579;-1.57082,0.620553,-1.57082
-0.0331033,-0.175218,0.0295701;-1.54254,0.675682,-1.5821
-0.0348967,-0.176745,0.0352582;-1.42707,0.681624,-1.64225
-0.0352635,-0.176927,0.037612;-1.38139,0.633006,-1.6593
-0.0257202,-0.165915,0.0285744;-1.57102,0.579411,-1.57074
-0.025716,-0.165942,0.0286356;-1.56758,0.576502,-1.57257
-0.0257435,-0.166276,0.0285911;-1.57053,0.592888,-1.57152
-0.0259021,-0.167229,0.0286133;-1.57075,0.694593,-1.56917
-0.0293989,-0.17271,0.0311973;-1.52003,0.76666,-1.58738
-0.037971,-0.184725,0.0389116;-1.34904,0.814361,-1.68607
-0.03928,-0.182946,0.0285266;-1.58137,0.73219,-1.56417
-0.0378916,-0.18154,0.0285409;-1.57295,0.682246,-1.56918
-0.0378572,-0.181514,0.0285792;-1.57078,0.675681,-1.57083
-0.0381207,-0.182022,0.0285926;-1.57093,0.726697,-1.56999
-0.039869,-0.18316,0.0302236;-1.5659,0.782051,-1.55845
-0.0498927,-0.191923,0.0378519;-1.48915,0.860851,-1.60802
-0.0581721,-0.203553,0.0285208;-1.58169,0.890689,-1.56257
-0.0581012,-0.203538,0.028581;-1.57118,0.883117,-1.57066
-0.0575765,-0.203281,0.0286005;-1.57128,0.861248,-1.5716
-0.0574232,-0.203203,0.028578;-1.57051,0.854054,-1.57072
-0.0574102,-0.203249,0.0304757;-1.51415,0.861952,-1.60503
-0.0596555,-0.203753,0.0373184;-1.34999,0.855027,-1.71601
-0.0532757,-0.201152,0.0291752;-1.53979,0.823491,-1.58743
-0.0526066,-0.200441,0.0285788;-1.57202,0.826591,-1.57075
-0.052621,-0.200733,0.0285812;-1.57092,0.845824,-1.57075
-0.0526862,-0.200775,0.0285801;-1.57092,0.845939,-1.57081
-0.0519814,-0.201194,0.0289626;-1.55205,0.895554,-1.57863
-0.0534686,-0.203758,0.0333593;-1.44856,0.937729,-1.64528
-0.0582011,-0.215888,0.033798;-1.42978,1.00263,-1.66018
-0.0565189,-0.215352,0.0285688;-1.57193,0.991335,-1.56981
-0.0562058,-0.215131,0.0285805;-1.57112,0.968941,-1.57084
-0.0554906,-0.214801,0.0285816;-1.57093,0.941479,-1.57097
-0.0553721,-0.214783,0.0286057;-1.57001,0.96015,-1.57044
-0.0538513,-0.21559,0.0304581;-1.51102,0.997534,-1.6057
-0.0549283,-0.22111,0.0366053;-1.36166,1.02651,-1.70381
-0.0547407,-0.221063,0.0314365;-1.48409,1.01623,-1.62569
-0.0539833,-0.220131,0.0286859;-1.5715,1.01159,-1.57667
-0.0526729,-0.219637,0.028605;-1.57103,0.948207,-1.57199
-0.0529353,-0.219844,0.0285798;-1.57097,0.96712,-1.57075
-0.0531175,-0.219937,0.0291742;-1.53708,0.975788,-1.59215
-0.0558374,-0.221322,0.0382307;-1.31284,0.975542,-1.74361
-0.0569065,-0.222149,0.0347555;-1.39214,0.966811,-1.69321
-0.0538429,-0.220263,0.0285881;-1.5716,0.979182,-1.56917
-0.0535087,-0.220241,0.0285983;-1.57164,0.966651,-1.57073
-0.0536353,-0.220324,0.0285838;-1.57206,0.974443,-1.57044
-0.0533564,-0.220483,0.0286937;-1.56581,1.00095,-1.5715
-0.0574456,-0.220596,0.0387429;-1.28343,0.969387,-1.77179
-0.054291,-0.217807,0.0351997;-1.38327,0.920628,-1.69991
-0.0495209,-0.215093,0.0285615;-1.57334,0.912101,-1.56821
-0.0495853,-0.215389,0.0285938;-1.57037,0.93077,-1.57201
-0.0498417,-0.215743,0.0285795;-1.57125,0.955871,-1.57064
-0.0503513,-0.216233,0.0285812;-1.57004,1.0004,-1.57122
-0.0503513,-0.216233,0.0285812;-1.57004,1.0004,-1.57122
-0.053239,-0.219237,0.0301756;-1.52157,1.07388,-1.59783
-0.053239,-0.219237,0.0301756;-1.52157,1.07388,-1.59783
