0,0,0.11;-1.57,-2.98023e-08,-1.57
0,0,0.11;-1.57,-2.98023e-08,-1.57
0,0,0.11;-1.57,-2.98023e-08,-1.57
0.000564163,0.00836249,0.0286287;-1.56947,-0.100635,-1.57182
0.000494209,0.00781856,0.0285808;-1.57072,-0.0612842,-1.57071
-0.00115781,0.00338841,0.0299828;-1.58267,-0.00532811,-1.56082
-0.00260909,-0.0219803,0.0358692;-1.4451,0.0542185,-1.56145
-0.00323395,-0.0160107,0.028612;-1.57146,-0.0288383,-1.57274
-0.00309553,-0.0164124,0.0288332;-1.56204,-0.0194548,-1.57387
-0.00315371,-0.0158173,0.028611;-1.57036,-0.0303994,-1.57227
-0.00301741,-0.0172533,0.0285805;-1.57074,0.0405175,-1.57077
-0.00482894,-0.0217419,0.0298606;-1.57832,0.0859435,-1.55759
-0.00859141,-0.0437949,0.0352496;-1.46862,0.166601,-1.56018
-0.00869587,-0.0475855,0.0318375;-1.50568,0.120578,-1.56941
-0.00840916,-0.0434848,0.0285783;-1.57086,0.0697414,-1.57082
-0.00819774,-0.0432507,0.0286617;-1.56702,0.0649579,-1.57115
-0.00791959,-0.0442845,0.0285796;-1.57073,0.120522,-1.57082
-0.0091807,-0.0462417,0.0292526;-1.57135,0.163022,-1.5612
-0.0146706,-0.0640049,0.0339766;-1.55246,0.23807,-1.55423
-0.0172324,-0.0809366,0.0376014;-1.41475,0.262791,-1.58451
-0.0181719,-0.0790864,0.03258;-1.48738,0.21626,-1.58231
-0.017446,-0.074959,0.0285807;-1.57123,0.1786,-1.57097
-0.0173751,-0.075061,0.0285784;-1.57064,0.207073,-1.57085
-0.0175314,-0.075106,0.0286258;-1.5704,0.243704,-1.56852
-0.0204006,-0.0794097,0.0301117;-1.5765,0.293872,-1.55224
-0.0279636,-0.0978997,0.0335001;-1.48241,0.339977,-1.58128
-0.0289444,-0.100134,0.0310398;-1.51576,0.309722,-1.58224
-0.0277781,-0.0979694,0.028775;-1.56106,0.283655,-1.57344
-0.0277353,-0.0979166,0.028705;-1.56449,0.286845,-1.57256
-0.0276285,-0.0980519,0.028577;-1.57061,0.314503,-1.57092
-0.0355715,-0.110716,0.0316449;-1.56485,0.419094,-1.55006
-0.0444827,-0.132425,0.0388379;-1.39108,0.481674,-1.61954
-0.046841,-0.138468,0.0364037;-1.40996,0.451079,-1.62757
-0.0439032,-0.13261,0.0285621;-1.56983,0.419819,-1.57094
-0.0437699,-0.132852,0.0287337;-1.56267,0.431136,-1.57416
-0.0437943,-0.132966,0.0287234;-1.56317,0.442494,-1.57401
-0.046674,-0.135438,0.0298674;-1.57116,0.523198,-1.553
-0.0596477,-0.153748,0.0346364;-1.4693,0.607269,-1.60168
-0.0691087,-0.171422,0.0376401;-1.37806,0.633381,-1.66283
-0.0661497,-0.166397,0.0285013;-1.56606,0.578182,-1.57263
-0.0659874,-0.166525,0.0287652;-1.5601,0.586991,-1.57664
-0.065955,-0.166492,0.0287357;-1.56183,0.590767,-1.57568
-0.0663388,-0.166718,0.0288054;-1.56981,0.652197,-1.56113
-0.0756103,-0.174206,0.0311989;-1.55789,0.716708,-1.55528
-0.0918493,-0.194067,0.0388822;-1.36193,0.797585,-1.68503
-0.0905379,-0.197776,0.0286404;-1.57771,0.747064,-1.56151
-0.090154,-0.197466,0.0285751;-1.57059,0.738025,-1.57118
-0.0902295,-0.197744,0.0287436;-1.56019,0.74582,-1.57798
-0.0899653,-0.197911,0.0287373;-1.57113,0.806284,-1.56269
-0.0966666,-0.201293,0.0306035;-1.5748,0.867963,-1.54523
-0.116414,-0.217923,0.0379134;-1.35369,0.960802,-1.71587
-0.1199,-0.223369,0.028625;-1.57054,0.906994,-1.5678
-0.119584,-0.223148,0.0285685;-1.57036,0.883618,-1.5703
-0.119641,-0.223349,0.0287592;-1.55732,0.890441,-1.58134
-0.119537,-0.223879,0.0287146;-1.57114,0.949096,-1.56419
-0.124583,-0.22528,0.0305432;-1.57721,1.00578,-1.54359
-0.145194,-0.237129,0.0378315;-1.32404,1.09359,-1.75809
-0.152494,-0.244608,0.0293657;-1.52936,1.07499,-1.60248
-0.151619,-0.244028,0.0285755;-1.57111,1.03915,-1.5706
-0.151573,-0.24425,0.0287537;-1.55416,1.04698,-1.58509
-0.151788,-0.244412,0.0285992;-1.56867,1.07948,-1.57161
-0.154539,-0.244208,0.0298533;-1.58238,1.12965,-1.54368
-0.174977,-0.249425,0.0342471;-1.46023,1.21846,-1.6451
-0.197203,-0.258728,0.0346535;-1.23537,1.25693,-1.87415
-0.19404,-0.25711,0.0286638;-1.56963,1.23584,-1.56831
-0.193465,-0.256976,0.0285803;-1.56919,1.21399,-1.57182
-0.193288,-0.257133,0.0285799;-1.57087,1.23238,-1.57071
-0.19318,-0.257063,0.028671;-1.56767,1.27052,-1.56884
-0.19959,-0.256077,0.0307174;-1.60752,1.3336,-1.5128
-0.245352,-0.263813,0.0385911;-0.477337,1.40277,-2.6285
-0.246184,-0.264691,0.0346975;-0.796301,1.40306,-2.3272
-0.240026,-0.265199,0.0286643;-1.57587,1.42313,-1.56149
-0.240053,-0.265396,0.0287459;-1.51521,1.43104,-1.62624
-0.240155,-0.26579,0.0285792;-1.56989,1.46439,-1.57167
-0.240691,-0.265429,0.0289196;-1.56246,1.50137,-1.56912
-0.284308,-0.264076,0.0404914;0.666412,1.37406,2.50643
-0.29468,-0.264646,0.0377559;0.420276,1.39627,2.731
-0.284533,-0.266002,0.0297101;0.74737,1.53372,2.39771
-0.282834,-0.266749,0.0288003;0.39943,1.5595,2.74163
-0.283145,-0.267255,0.028571;1.57427,1.52158,1.56731
-0.28327,-0.267131,0.0287632;1.57445,1.50188,1.57658
-0.319545,-0.26014,0.0395793;1.0571,1.28807,2.10404
-0.332709,-0.258983,0.0375007;0.898848,1.31336,2.23726
-0.325004,-0.260424,0.0291843;1.46561,1.39781,1.67678
-0.323544,-0.261176,0.0287764;1.50851,1.41964,1.63242
-0.323748,-0.261504,0.0285791;1.56967,1.38105,1.57226
-0.323644,-0.261581,0.0287604;1.57473,1.35958,1.57631
-0.352795,-0.248432,0.0389319;1.25329,1.18533,1.89933
-0.372042,-0.244134,0.0374878;1.12251,1.18232,1.99466
-0.366291,-0.246993,0.0293986;1.51005,1.22339,1.63187
-0.365227,-0.247558,0.0287589;1.54377,1.24735,1.5965
-0.365211,-0.247714,0.0285797;1.5706,1.22909,1.57099
-0.365212,-0.247807,0.0286761;1.57089,1.21587,1.57536
-0.380091,-0.234285,0.0348435;1.53987,1.09503,1.63228
-0.399976,-0.222432,0.0349391;1.34312,1.05003,1.7762
-0.40316,-0.220919,0.0330121;1.41675,1.02278,1.71258
-0.40063,-0.222514,0.0286266;1.56497,1.08084,1.57634
-0.401005,-0.222592,0.0288127;1.54846,1.0627,1.59
-0.401062,-0.222691,0.0285852;1.56976,1.03678,1.57195
-0.401452,-0.221451,0.0292553;1.57046,0.989029,1.58344
-0.435659,-0.192844,0.0387456;1.36841,0.818672,1.7508
-0.441122,-0.189841,0.0348477;1.3888,0.861891,1.71923
-0.43673,-0.193765,0.0286258;1.5751,0.905607,1.57224
-0.436889,-0.194163,0.0287397;1.55895,0.894696,1.57954
-0.437181,-0.194226,0.0285765;1.57062,0.86404,1.57122
-0.437017,-0.19441,0.0287411;1.5713,0.830984,1.57846
-0.458603,-0.166097,0.0389807;1.41442,0.653862,1.70033
-0.472383,-0.154409,0.0360984;1.39726,0.665972,1.68875
-0.469057,-0.159554,0.0286702;1.56911,0.697887,1.57539
-0.469071,-0.160025,0.0287642;1.55918,0.705665,1.57846
-0.469083,-0.159987,0.0285801;1.57077,0.687289,1.57088
-0.469009,-0.160037,0.0287706;1.57217,0.654633,1.57822
-0.481244,-0.130614,0.0376864;1.46598,0.49595,1.652
-0.494779,-0.11207,0.0359536;1.42168,0.473857,1.64789
-0.493592,-0.116662,0.0288351;1.56096,0.490504,1.57904
-0.493377,-0.117565,0.028739;1.56205,0.500261,1.57492
-0.493594,-0.117514,0.028671;1.5659,0.486906,1.57316
-0.493663,-0.117821,0.0286347;1.57094,0.470589,1.57382
-0.494194,-0.100286,0.0345404;1.57186,0.354128,1.60719
-0.500793,-0.0758702,0.0376145;1.44252,0.287424,1.62857
-0.505478,-0.0661386,0.0327784;1.48425,0.279015,1.6009
-0.505144,-0.0701975,0.0287034;1.5647,0.299368,1.57264
-0.505391,-0.0701619,0.028736;1.56339,0.288222,1.57249
-0.505386,-0.0703297,0.0285806;1.57068,0.284281,1.57075
-0.502997,-0.0610548,0.0318058;1.58758,0.176663,1.59889
-0.502149,-0.0345049,0.0384658;1.46522,0.086922,1.61117
-0.505349,-0.0114323,0.0359114;1.43979,0.05748,1.58886
-0.506116,-0.016706,0.0285771;1.57101,0.101611,1.5708
-0.506448,-0.0165204,0.0287668;1.56179,0.0890593,1.57163
-0.506577,-0.0163376,0.0287711;1.56167,0.0749526,1.57142
-0.505401,-0.0144418,0.0297454;1.57421,-0.000432849,1.58709
-0.499407,0.00273724,0.0340208;1.55691,-0.0758754,1.60149
-0.495032,0.0305523,0.0384298;1.43401,-0.149341,1.57342
-0.495965,0.0292054,0.028607;1.57071,-0.0733402,1.57421
-0.496233,0.0288661,0.0287326;1.56428,-0.0755946,1.56954
-0.496499,0.0291154,0.0287621;1.56203,-0.0888386,1.56982
-0.496535,0.028782,0.0288094;1.57142,-0.140434,1.58264
-0.491458,0.0353441,0.0318733;1.58853,-0.201309,1.60812
-0.480661,0.057793,0.0384858;1.48849,-0.293414,1.58071
-0.478226,0.0711098,0.028563;1.57566,-0.252159,1.57597
-0.478578,0.0707098,0.0285959;1.56971,-0.22594,1.57056
-0.478747,0.0711999,0.028822;1.55944,-0.241141,1.56763
-0.47893,0.0709053,0.0287732;1.57147,-0.272208,1.5807
-0.475898,0.0726222,0.031316;1.58582,-0.316026,1.60853
-0.464163,0.0851416,0.0366641;1.58931,-0.398156,1.62143
-0.453032,0.106486,0.028539;1.5773,-0.429857,1.57734
-0.453338,0.106001,0.028565;1.57084,-0.410066,1.57171
-0.453554,0.106148,0.0287756;1.56082,-0.416669,1.56651
-0.453769,0.106201,0.0285608;1.57036,-0.44213,1.57511
-0.451569,0.106913,0.0305224;1.58258,-0.485027,1.60111
-0.440244,0.115129,0.035158;1.59885,-0.560461,1.62806
-0.418078,0.141547,0.0312903;1.50303,-0.631021,1.53575
-0.419772,0.139678,0.0285779;1.57094,-0.607725,1.57097
-0.420058,0.139761,0.0287438;1.56121,-0.612364,1.56532
-0.420299,0.139973,0.028574;1.57114,-0.633577,1.57099
-0.419697,0.139903,0.0289564;1.57179,-0.672116,1.58216
-0.410664,0.144212,0.0322791;1.59578,-0.738916,1.62204
-0.375615,0.174638,0.0350371;1.39802,-0.831994,1.45034
-0.379449,0.1723,0.028682;1.57129,-0.815205,1.57615
-0.379992,0.172102,0.0285756;1.56959,-0.803654,1.57066
-0.380293,0.172687,0.0286175;1.56814,-0.832179,1.56891
-0.380451,0.172723,0.0286252;1.57068,-0.854479,1.57283
-0.377649,0.172921,0.0301136;1.57905,-0.897533,1.59712
-0.337883,0.190236,0.0376079;1.33262,-1.0265,1.38659
-0.332918,0.194192,0.033145;1.40442,-1.01116,1.43545
-0.337186,0.19252,0.0285686;1.57015,-0.990919,1.57235
-0.337364,0.192967,0.0287454;1.55577,-1.01011,1.55812
-0.337461,0.192751,0.028578;1.57089,-1.01703,1.57084
-0.337288,0.192515,0.0289253;1.57059,-1.05132,1.58179
-0.306337,0.195306,0.0386465;1.36652,-1.19143,1.41639
-0.286387,0.202809,0.0356603;1.22862,-1.17577,1.25439
-0.293069,0.201512,0.0286636;1.58626,-1.16698,1.59009
-0.293071,0.201991,0.0287728;1.54745,-1.16401,1.54936
-0.293302,0.201889,0.0285773;1.57154,-1.1748,1.57166
-0.293459,0.20197,0.0287728;1.57128,-1.18894,1.58072
-0.275595,0.198748,0.0364173;1.63159,-1.30974,1.67423
-0.255149,0.200839,0.0361706;1.16251,-1.31408,1.18588
-0.253015,0.202346,0.0286449;1.57381,-1.33848,1.57729
-0.253282,0.202574,0.0287484;1.53688,-1.32968,1.53786
-0.253376,0.202607,0.0285799;1.57054,-1.3413,1.57049
-0.253444,0.202724,0.0286547;1.57114,-1.3517,1.57466
-0.253444,0.202724,0.0286547;1.57114,-1.3517,1.57466
-0.250931,0.200885,0.0307938;1.6394,-1.39981,1.66519
-0.250931,0.200885,0.0307938;1.6394,-1.39981,1.66519
