0,0,0.11;-1.57,-2.98023e-08,-1.57
0,0,0.11;-1.57,-2.98023e-08,-1.57
0,0,0.11;-1.57,-2.98023e-08,-1.57
-0.000433626,0.00194851,0.0285862;-1.5708,-0.246512,-1.57036
0.000350052,0.00254733,0.0285849;-1.57035,-0.173817,-1.57111
0.00181879,0.00445727,0.0290632;-1.55613,-0.0679974,-1.56107
0.00367014,0.0123434,0.0303326;-1.55213,0.070552,-1.55413
0.00489317,0.014257,0.0285875;-1.57108,0.018043,-1.57148
0.00592533,0.0159058,0.0286919;-1.57379,-0.0641994,-1.57326
0.00657376,0.0166864,0.0288993;-1.57004,-0.0996214,-1.56837
0.00687677,0.0162553,0.0287418;-1.56599,-0.102221,-1.57335
0.00697475,0.0158061,0.0288387;-1.5609,-0.0717907,-1.57272
0.00769874,0.0172677,0.0295958;-1.54115,0.00288186,-1.57004
0.0181503,0.0330175,0.0295426;-1.54403,0.224025,-1.57113
0.0191328,0.0348982,0.0289026;-1.55656,0.220183,-1.57211
0.0192392,0.0362592,0.0285761;-1.57108,0.172004,-1.57081
0.0173123,0.0342894,0.0287302;-1.56383,0.0362808,-1.57068
0.0168447,0.0339434,0.0287098;-1.57076,-0.00179845,-1.56455
0.0158687,0.0331284,0.028877;-1.56529,-0.0271166,-1.56158
0.0184419,0.0389913,0.0317466;-1.57297,0.0276182,-1.52191
0.0213541,0.0423833,0.030711;-1.565,0.0311087,-1.54257
0.0253418,0.0482192,0.0307955;-1.52883,0.0404713,-1.56576
0.0259943,0.0500014,0.0288698;-1.571,0.0053083,-1.58473
0.0255939,0.0481471,0.0289711;-1.58082,0.0222189,-1.5794
0.0247431,0.0455237,0.0287991;-1.57585,0.0207794,-1.57642
0.0238438,0.0451793,0.0291437;-1.57237,-0.0219288,-1.57143
0.0228908,0.0446715,0.0286933;-1.56779,-0.0594424,-1.57309
0.0270348,0.0604216,0.0332945;-1.55746,-0.165482,-1.62771
0.0317936,0.0740797,0.0322863;-1.57111,-0.278444,-1.6254
0.0326489,0.0770875,0.0299971;-1.60426,-0.289891,-1.58909
0.0251095,0.0682808,0.0344206;-1.67125,-0.183215,-1.57221
0.0203557,0.0527805,0.0349308;-1.67821,-0.156227,-1.56942
0.0170167,0.0285314,0.0308633;-1.58951,-0.120513,-1.57523
0.0112798,0.018392,0.0319602;-1.56483,-0.197139,-1.62346
0.011626,0.0269438,0.0353388;-1.58052,-0.253576,-1.65142
0.014291,0.039256,0.0361362;-1.59095,-0.313258,-1.66332
0.0166553,0.0443524,0.0330827;-1.60227,-0.356773,-1.63762
0.0173766,0.0470922,0.0331488;-1.65976,-0.339307,-1.59708
0.0164858,0.0462037,0.0345163;-1.67983,-0.30438,-1.59152
0.0175201,0.0389139,0.0315126;-1.6381,-0.324165,-1.59525
0.016015,0.0320388,0.0314314;-1.63294,-0.278369,-1.59306
0.0146311,0.0229457,0.034868;-1.68837,-0.304555,-1.60192
0.0175249,0.00881826,0.0426835;-1.44325,-0.265559,-1.64971
0.0187207,0.00629133,0.0438724;-1.42495,-0.232837,-1.6542
0.0202555,0.00644345,0.0445078;-1.42165,-0.215189,-1.66407
0.0229857,0.0152842,0.0480835;-1.35976,-0.283296,-1.64937
0.021155,0.0180901,0.0488656;-1.34904,-0.340456,-1.64131
0.0176874,0.0182949,0.0493976;-1.34014,-0.412463,-1.62637
0.00660641,0.0252638,0.0380502;-1.45413,-0.588991,-1.56896
0.00262667,0.018637,0.0367776;-1.44517,-0.517902,-1.54483
0.00403228,0.0113221,0.0369788;-1.43869,-0.409478,-1.54929
0.0156789,0.0424768,0.0374745;-1.59118,-0.314078,-1.58286
0.00720364,0.0547321,0.0388586;-1.68184,-0.321412,-1.55506
0.000423549,0.0546351,0.038412;-1.63865,-0.368896,-1.52494
0.00729419,0.0474735,0.0359316;-1.60111,-0.555905,-1.53064
0.0102245,0.0397271,0.0396189;-1.6037,-0.530958,-1.51716
0.0101816,0.0253761,0.0390521;-1.44573,-0.465219,-1.51173
0.0221284,0.00779474,0.0420782;-1.39374,-0.282083,-1.59205
0.0222104,0.0122835,0.0399665;-1.42437,-0.267782,-1.58881
0.0210208,0.016766,0.0395495;-1.42685,-0.267984,-1.58375
0.0124844,0.0292012,0.0388221;-1.42757,-0.408532,-1.56354
0.0072901,0.0314669,0.0398882;-1.4062,-0.478827,-1.5454
0.0013646,0.0317043,0.0390158;-1.3916,-0.538556,-1.51335
-0.00158962,0.0126571,0.0371942;-1.38825,-0.412598,-1.4894
-0.000271286,0.0184269,0.0346189;-1.47593,-0.37614,-1.50211
-3.38154e-05,0.0322712,0.0323029;-1.55606,-0.356838,-1.51074
0.0069242,0.048319,0.0294914;-1.56541,-0.426095,-1.54773
0.00691907,0.0430946,0.0297612;-1.55666,-0.492475,-1.54173
0.00586086,0.0390178,0.0308465;-1.54617,-0.549643,-1.5246
0.00301069,0.0352483,0.0353842;-1.52008,-0.563775,-1.4657
0.00408102,0.0348252,0.0344954;-1.51319,-0.554893,-1.48111
0.00505584,0.0364647,0.0328175;-1.52248,-0.537425,-1.50703
-0.00405825,0.0488685,0.0317333;-1.57816,-0.448922,-1.55724
-0.00538311,0.0543138,0.033834;-1.53378,-0.390575,-1.54315
-0.005982,0.0516202,0.0346456;-1.46417,-0.372469,-1.51487
-0.00956401,0.034563,0.0375793;-1.39474,-0.438016,-1.48064
-0.0079165,0.0278861,0.0353056;-1.43427,-0.492307,-1.50591
-0.00662629,0.0246399,0.0331158;-1.48779,-0.487816,-1.5406
-0.00590052,0.033735,0.0317233;-1.5504,-0.512596,-1.60254
-0.00211859,0.0348664,0.0322795;-1.54447,-0.463068,-1.60777
0.000244912,0.0343065,0.0335806;-1.53426,-0.42502,-1.61477
0.00383715,0.0287423,0.0355304;-1.4598,-0.315993,-1.51909
0.00385689,0.0238414,0.0343836;-1.46034,-0.35961,-1.52998
0.00300076,0.0215558,0.0345301;-1.45795,-0.381459,-1.52821
-0.00102887,0.0209955,0.0300697;-1.56537,-0.437591,-1.59717
0.00205908,0.0205329,0.0304358;-1.55575,-0.397134,-1.59743
0.00323971,0.0209813,0.0302593;-1.55344,-0.380578,-1.59685
0.00214414,0.0256421,0.0319185;-1.54291,-0.385945,-1.59623
0.00468944,0.0244587,0.0304203;-1.54871,-0.343296,-1.57965
0.00675382,0.0234638,0.030697;-1.53672,-0.308965,-1.57252
0.00489274,0.0254834,0.0300162;-1.56016,-0.340327,-1.56762
0.0039145,0.0246328,0.0290542;-1.58313,-0.373933,-1.58678
0.00401422,0.0249911,0.0302438;-1.59313,-0.379431,-1.60377
0.00137679,0.0367925,0.0313198;-1.56738,-0.426885,-1.61116
-0.00176203,0.0427755,0.0303354;-1.59854,-0.413259,-1.58187
-0.00467525,0.0521066,0.0331747;-1.63476,-0.359933,-1.57009
-0.00319427,0.0615495,0.031265;-1.61572,-0.311371,-1.57072
-0.0015916,0.0605218,0.0317873;-1.54091,-0.307712,-1.59666
-0.0010822,0.0598159,0.0314572;-1.5631,-0.322663,-1.61696
-0.00155036,0.059337,0.0335268;-1.56871,-0.352104,-1.63615
-0.000348149,0.0477403,0.0337804;-1.53603,-0.279253,-1.61452
0.00132094,0.0481897,0.0309141;-1.54924,-0.25543,-1.5908
-0.000778204,0.0542828,0.0293759;-1.5814,-0.293327,-1.5871
-0.00241903,0.0605647,0.0286298;-1.57018,-0.378967,-1.5733
-0.00196415,0.0608495,0.0288159;-1.55877,-0.360094,-1.56595
-0.00198578,0.0598123,0.029271;-1.57085,-0.360384,-1.55734
-0.00296298,0.0496452,0.0325137;-1.61986,-0.335028,-1.55863
9.01596e-05,0.0310054,0.0303393;-1.55809,-0.300296,-1.54271
0.00309764,0.027874,0.0296732;-1.56604,-0.277585,-1.54752
0.00340031,0.0302183,0.0285756;-1.57087,-0.250334,-1.57092
0.00357562,0.0309964,0.0287471;-1.56337,-0.254561,-1.56943
0.00404294,0.0314093,0.0294284;-1.54039,-0.248865,-1.56699
0.0052153,0.0288359,0.0292433;-1.56063,-0.251715,-1.56883
0.00442955,0.0263357,0.0296298;-1.56978,-0.266633,-1.56715
0.00508381,0.0207322,0.0295536;-1.57286,-0.266051,-1.57224
0.00447948,0.0131732,0.0290187;-1.5783,-0.243178,-1.55851
0.00383573,0.0158644,0.0288057;-1.57083,-0.208713,-1.56
0.00577718,0.0222254,0.0301375;-1.5653,-0.146465,-1.54409
0.00966,0.0318413,0.0325894;-1.56298,-0.0603518,-1.51365
0.00969249,0.0283871,0.0313638;-1.57148,-0.0959876,-1.5279
0.0093327,0.0254079,0.0300278;-1.57568,-0.126348,-1.5457
0.0113341,0.0169727,0.0289646;-1.57932,-0.204055,-1.57778
0.0110317,0.0161808,0.0287363;-1.56996,-0.203604,-1.57746
0.0109968,0.0156653,0.0288046;-1.57278,-0.180598,-1.57996
0.011758,0.0199165,0.0295502;-1.5573,-0.086732,-1.56638
0.0125439,0.0235555,0.0301512;-1.56347,0.0040691,-1.55874
0.0125687,0.0239117,0.0322205;-1.59245,0.04184,-1.53528
0.015353,0.0171444,0.0305566;-1.58305,-0.0400415,-1.5566
0.0163343,0.0157312,0.0294403;-1.56716,-0.117843,-1.56872
0.0146771,0.0186264,0.0292595;-1.57359,-0.159373,-1.57339
0.0151493,0.0240854,0.028813;-1.56479,-0.153033,-1.56452
0.017105,0.0293508,0.0298797;-1.53962,-0.0774763,-1.56073
0.0209095,0.0398579,0.0323684;-1.52632,0.0594927,-1.54342
0.0271048,0.0474991,0.0288088;-1.56444,0.200185,-1.57199
0.0269993,0.0479943,0.0290672;-1.55936,0.15404,-1.58569
0.0250827,0.0543155,0.0315247;-1.56262,0.0504051,-1.61617
0.0246974,0.0732571,0.0298045;-1.573,-0.176897,-1.59499
0.024297,0.0754869,0.0296034;-1.5808,-0.174444,-1.57935
0.0213702,0.0778197,0.0340485;-1.62403,-0.0902255,-1.53103
0.0187556,0.0884242,0.0371005;-1.68628,0.0747391,-1.51847
0.0209025,0.0863456,0.0312261;-1.61786,0.147918,-1.56127
0.022429,0.0836775,0.0291902;-1.57244,0.161435,-1.58742
0.0221471,0.0839255,0.0359704;-1.56303,0.0576991,-1.66221
0.0200637,0.0885595,0.0340856;-1.57166,-0.0507941,-1.63623
0.0178878,0.0947596,0.0309474;-1.58849,-0.199222,-1.60453
0.0176979,0.098389,0.0307392;-1.57416,-0.199368,-1.55323
0.0200171,0.102896,0.0292837;-1.58648,-0.125907,-1.57703
0.0190456,0.0965745,0.0309061;-1.59676,-0.0246865,-1.59448
0.016845,0.0948983,0.0333354;-1.61671,0.00079748,-1.61087
0.0152328,0.0961352,0.0388363;-1.70613,-0.0314903,-1.61925
0.0161298,0.0967736,0.0421222;-1.74826,-0.0443251,-1.63323
0.0129056,0.0883861,0.038827;-1.75459,-0.0699948,-1.60111
0.013706,0.0785219,0.0349498;-1.61595,-0.0705628,-1.59201
0.0141392,0.0747885,0.0304078;-1.54661,-0.0841262,-1.57847
0.00974904,0.0871183,0.029906;-1.57468,-0.200302,-1.59625
0.00901103,0.0869182,0.0290152;-1.57828,-0.192628,-1.5856
0.00874411,0.0859524,0.0289863;-1.5836,-0.164745,-1.57971
0.0102287,0.0762758,0.031055;-1.6234,-0.118843,-1.57863
0.0145143,0.0636361,0.0302744;-1.60378,-0.0892482,-1.56844
0.0181837,0.0521791,0.0302516;-1.56767,-0.0757472,-1.54039
0.0162449,0.0536876,0.0295867;-1.57928,-0.0874501,-1.55318
0.0167734,0.0536602,0.0290752;-1.56855,-0.105124,-1.56385
0.0166008,0.0554375,0.0292858;-1.56731,-0.0933108,-1.5698
0.0143267,0.0529428,0.030413;-1.55089,0.0473743,-1.58923
0.0145233,0.0450682,0.0311638;-1.56202,0.0949013,-1.59397
0.0155955,0.0335021,0.0298882;-1.54751,0.123873,-1.58195
0.0121836,0.0250777,0.0288589;-1.56572,-0.0101346,-1.56247
0.0116313,0.0243039,0.0288271;-1.5684,-0.0436385,-1.56109
0.011815,0.0245324,0.0287839;-1.56916,-0.0430921,-1.56264
0.0105131,0.0295825,0.0295867;-1.57683,0.026287,-1.55272
0.0062036,0.0369678,0.0313049;-1.59777,0.116589,-1.5357
0.00442131,0.0398894,0.0322688;-1.62266,0.169399,-1.53822
0.00745299,0.0305176,0.0293603;-1.58197,0.139471,-1.55551
0.00803909,0.0280716,0.0287809;-1.5704,0.109471,-1.56055
0.00800909,0.0277541,0.0291607;-1.54841,0.107696,-1.56717
0.0108913,0.030296,0.0296425;-1.53878,0.138709,-1.57669
0.011785,0.032187,0.0301944;-1.53101,0.174916,-1.57859
0.0144281,0.0395521,0.0311871;-1.51463,0.276715,-1.58192
0.0205426,0.0436831,0.0297407;-1.53895,0.419619,-1.59452
0.0205412,0.0491436,0.0320637;-1.50218,0.374683,-1.61852
0.0191282,0.0560025,0.0332777;-1.52846,0.30287,-1.63801
0.0191282,0.0560025,0.0332777;-1.52846,0.30287,-1.63801
0.019901,0.0554239,0.0342986;-1.54211,0.271238,-1.64456
0.019901,0.0554239,0.0342986;-1.54211,0.271238,-1.64456
