0,0,0.11;-1.57,-2.98023e-08,-1.57
0,0,0.11;-1.57,-2.98023e-08,-1.57
0,0,0.11;-1.57,-2.98023e-08,-1.57
0.000640454,0.0107443,0.0286924;-1.56972,-0.15135,-1.57539
0.000566751,0.0108074,0.0285827;-1.57074,-0.141272,-1.57057
-0.000410128,0.0102374,0.0301292;-1.58466,-0.128026,-1.55298
-0.00102792,-0.00835798,0.032722;-1.6064,-0.0195786,-1.53816
0.000972673,-0.0171667,0.0286666;-1.57115,-0.00578943,-1.57507
0.00105533,-0.0153486,0.0286691;-1.57105,-0.0597056,-1.57524
0.000669962,-0.013053,0.0286767;-1.57073,-0.138143,-1.57541
0.0003849,-0.0103893,0.0285897;-1.57134,-0.243403,-1.57048
0.000438466,-0.00942354,0.0301468;-1.59072,-0.239567,-1.55836
-0.00185048,-0.0092527,0.0348306;-1.64197,-0.209245,-1.54288
-0.00169843,-0.0123522,0.0315125;-1.61077,-0.167385,-1.56834
-0.00153418,-0.0155194,0.028992;-1.56839,-0.153904,-1.58937
-0.00193821,-0.0184076,0.0294439;-1.57201,-0.12708,-1.58966
-0.00253407,-0.0312335,0.0290574;-1.56713,0.00742764,-1.59008
-0.00307928,-0.0320501,0.0289749;-1.56931,-0.0129105,-1.5653
-0.00548766,-0.0306727,0.0320218;-1.54764,-0.0519987,-1.53746
-0.00372264,-0.0148891,0.0328151;-1.57198,-0.138473,-1.52246
0.00104484,-0.00795597,0.0294283;-1.57088,-0.206995,-1.55426
0.00179397,-0.00775714,0.0285882;-1.57055,-0.241098,-1.5716
0.00253588,-0.0100782,0.0286379;-1.57058,-0.135204,-1.57363
0.00250059,-0.0107723,0.0287104;-1.57077,-0.0885831,-1.5644
0.000221687,-0.0162779,0.0306063;-1.5849,-0.0427741,-1.54556
-0.000920254,-0.0288703,0.0312068;-1.55476,-0.0201524,-1.53045
-0.000662713,-0.0292544,0.0288988;-1.56663,-0.0540891,-1.55946
-0.00110649,-0.0268973,0.0287089;-1.56785,-0.178626,-1.5735
-0.00149671,-0.0262478,0.0286869;-1.57032,-0.21848,-1.57534
-0.00153864,-0.0264073,0.0286835;-1.57076,-0.219661,-1.57573
-0.00851932,-0.0344607,0.0340516;-1.63371,-0.107338,-1.53986
-0.0146059,-0.0522214,0.0394907;-1.63783,-0.0338388,-1.53462
-0.0151386,-0.0754477,0.0364928;-1.42274,0.0120856,-1.5806
-0.0145012,-0.0730748,0.0289266;-1.56558,-0.00340075,-1.58282
-0.0148243,-0.0697949,0.0289238;-1.56544,-0.0599231,-1.58165
-0.0157044,-0.0674443,0.0287519;-1.56908,-0.136033,-1.57711
-0.0163283,-0.0659853,0.0299629;-1.57116,-0.163291,-1.54447
-0.0187427,-0.0672048,0.032925;-1.56144,-0.14545,-1.51285
-0.018503,-0.0676516,0.0328267;-1.56425,-0.150612,-1.51164
-0.0180054,-0.0672191,0.0285745;-1.5706,-0.14826,-1.57156
-0.0180233,-0.0673427,0.0285872;-1.57069,-0.144579,-1.57122
-0.0177404,-0.0680687,0.0285788;-1.57072,-0.111395,-1.57087
-0.0176216,-0.0683652,0.0290185;-1.56621,-0.0740099,-1.55359
-0.018566,-0.0698617,0.031445;-1.55943,-0.0664132,-1.52899
-0.0198057,-0.0707565,0.0337481;-1.54655,-0.0669119,-1.50697
-0.0150069,-0.0657764,0.0288009;-1.56551,-0.185661,-1.56433
-0.0149162,-0.0652368,0.0285884;-1.57061,-0.198851,-1.57106
-0.0147811,-0.0654777,0.0286913;-1.57063,-0.180842,-1.57612
-0.0155747,-0.070676,0.0285883;-1.57041,-0.0473415,-1.57058
-0.0219602,-0.089213,0.0304057;-1.55711,0.0316228,-1.56056
-0.0267742,-0.11378,0.0387253;-1.39618,0.117341,-1.57133
-0.0286909,-0.112985,0.0286331;-1.56949,0.0632443,-1.57221
-0.0289784,-0.110749,0.0287503;-1.56747,0.00832308,-1.57551
-0.0296427,-0.108819,0.0287896;-1.56678,-0.0469626,-1.57652
-0.0302289,-0.10707,0.0288193;-1.56998,-0.110331,-1.56005
-0.0317769,-0.107968,0.0307536;-1.5602,-0.0585684,-1.53935
-0.0365343,-0.117462,0.0336774;-1.55722,0.015288,-1.50857
-0.0369931,-0.131127,0.0289759;-1.56859,0.0218371,-1.55882
-0.037296,-0.131559,0.0285711;-1.57103,-0.00184956,-1.57101
-0.0372882,-0.131501,0.0285865;-1.57099,0.000599802,-1.57029
-0.0371757,-0.131023,0.028759;-1.57086,-0.031836,-1.56215
-0.0373393,-0.130601,0.0299864;-1.56678,-0.0219646,-1.5469
-0.0376108,-0.130672,0.0326789;-1.55448,0.020525,-1.52056
-0.0371128,-0.13243,0.0311367;-1.55516,-0.0235271,-1.53703
-0.0364436,-0.132333,0.0287384;-1.57129,-0.00998371,-1.56276
-0.03636,-0.132568,0.0285796;-1.5708,-0.0138354,-1.57082
-0.0350072,-0.138048,0.0288322;-1.56767,0.120029,-1.58028
-0.0334724,-0.144543,0.0292761;-1.54688,0.220767,-1.58025
-0.0333802,-0.149672,0.0322781;-1.50145,0.252661,-1.58109
-0.0346972,-0.155853,0.0379206;-1.4135,0.256312,-1.58832
-0.035776,-0.158114,0.035159;-1.44327,0.232178,-1.59806
-0.0355834,-0.156516,0.030438;-1.52471,0.231151,-1.58808
-0.0329371,-0.15957,0.028969;-1.55681,0.334088,-1.58062
-0.031197,-0.162919,0.0286302;-1.56933,0.448651,-1.57267
-0.0314431,-0.163785,0.0292367;-1.5442,0.459505,-1.5744
-0.0324563,-0.162223,0.0351296;-1.53514,0.47818,-1.51608
-0.0345952,-0.167222,0.032133;-1.55983,0.426282,-1.52982
-0.035144,-0.168941,0.0286839;-1.57098,0.406465,-1.56567
-0.0339924,-0.168116,0.028596;-1.57157,0.352549,-1.57042
-0.0340371,-0.168172,0.0285825;-1.57094,0.360127,-1.57064
-0.0339743,-0.167969,0.0288022;-1.5708,0.35721,-1.56001
-0.0352158,-0.170752,0.0361236;-1.47089,0.424299,-1.56955
-0.0366469,-0.178632,0.0343906;-1.46533,0.415765,-1.59941
-0.0368091,-0.17721,0.0290798;-1.55557,0.389579,-1.57877
-0.0359471,-0.173415,0.0286995;-1.57056,0.300158,-1.57621
-0.0358491,-0.172462,0.0288241;-1.5688,0.272843,-1.58113
-0.0359046,-0.172367,0.0289307;-1.56143,0.269647,-1.58092
-0.0369697,-0.169306,0.0367824;-1.43855,0.265898,-1.58775
-0.0344959,-0.169943,0.0368463;-1.43042,0.219025,-1.61203
-0.0329894,-0.16424,0.0312116;-1.5282,0.182931,-1.5913
-0.0290687,-0.157553,0.0291953;-1.56326,0.131986,-1.5858
-0.0296115,-0.157475,0.0288022;-1.57122,0.136552,-1.58205
-0.0297895,-0.158557,0.0287794;-1.56645,0.172188,-1.57688
-0.0434691,-0.174598,0.0340642;-1.52339,0.309233,-1.5472
-0.0465641,-0.181516,0.0320012;-1.50799,0.247228,-1.57437
-0.0461434,-0.180349,0.0302982;-1.54026,0.226863,-1.56618
-0.0446903,-0.17858,0.0285911;-1.57027,0.162051,-1.57092
-0.0443998,-0.179086,0.0287377;-1.56635,0.188087,-1.57481
-0.0447356,-0.180356,0.0286383;-1.57035,0.242831,-1.57387
-0.0479455,-0.182374,0.029246;-1.56875,0.29518,-1.56038
-0.0750243,-0.212848,0.0371218;-1.403,0.462278,-1.641
-0.0788662,-0.222309,0.0364929;-1.40203,0.500855,-1.65365
-0.0775194,-0.221914,0.0299218;-1.53788,0.524273,-1.59969
-0.0773447,-0.22476,0.029112;-1.55403,0.576231,-1.5913
-0.0774765,-0.224557,0.0292552;-1.54923,0.56843,-1.59642
-0.0778723,-0.222299,0.0316036;-1.49752,0.545321,-1.61739
-0.0794095,-0.217497,0.0372321;-1.4143,0.535053,-1.62651
-0.0808816,-0.218843,0.0353923;-1.426,0.495006,-1.63482
-0.0779871,-0.210134,0.0303291;-1.53406,0.423206,-1.59544
-0.0726135,-0.202074,0.0290215;-1.56197,0.347198,-1.58714
-0.0725055,-0.200853,0.0288759;-1.56801,0.325407,-1.58343
-0.0729904,-0.201624,0.0289452;-1.55821,0.351218,-1.58054
-0.0755579,-0.200146,0.0352328;-1.50214,0.366993,-1.56379
-0.0783385,-0.206386,0.0336262;-1.47307,0.355829,-1.60632
-0.0764567,-0.205505,0.0290842;-1.55667,0.347944,-1.58026
-0.074221,-0.200067,0.0286634;-1.57063,0.202626,-1.57479
-0.0749894,-0.201927,0.0286827;-1.57061,0.251478,-1.57576
-0.0757829,-0.204055,0.0288089;-1.56411,0.317235,-1.57726
-0.0948985,-0.230671,0.0379404;-1.38095,0.479899,-1.65256
-0.0971821,-0.237264,0.0387149;-1.35862,0.493102,-1.66894
-0.0980032,-0.237837,0.036014;-1.42358,0.490954,-1.65528
-0.0948313,-0.226126,0.0292284;-1.56055,0.404855,-1.58746
-0.0944496,-0.227024,0.0306649;-1.55814,0.417619,-1.60742
-0.0959274,-0.231899,0.0321709;-1.54017,0.460761,-1.6304
-0.100144,-0.244914,0.0360927;-1.40802,0.574539,-1.65618
-0.101299,-0.247268,0.0379718;-1.3773,0.597896,-1.66173
-0.101845,-0.249969,0.0364839;-1.39628,0.563131,-1.66091
-0.096667,-0.240837,0.0313167;-1.54189,0.493926,-1.62443
-0.0962263,-0.236716,0.0330802;-1.537,0.462415,-1.63845
-0.0966431,-0.239525,0.033489;-1.54337,0.494709,-1.64437
-0.0993477,-0.237549,0.0346776;-1.44912,0.448592,-1.63199
-0.0986937,-0.238494,0.0376878;-1.38555,0.473456,-1.65027
-0.0996306,-0.239203,0.0391133;-1.35584,0.45776,-1.6632
-0.0946136,-0.225879,0.0317198;-1.53041,0.360939,-1.61925
-0.0942898,-0.221758,0.0308699;-1.55416,0.33663,-1.60624
-0.0938495,-0.216256,0.0290203;-1.56249,0.27959,-1.58625
-0.0935898,-0.2237,0.0320916;-1.51644,0.355964,-1.61583
-0.0933587,-0.229982,0.0375497;-1.41177,0.390636,-1.64701
-0.0948388,-0.235647,0.0417654;-1.32346,0.408563,-1.67842
-0.093344,-0.228932,0.0390928;-1.4167,0.315127,-1.67547
-0.0879489,-0.217159,0.0306654;-1.56315,0.255304,-1.61031
-0.0845778,-0.213562,0.0315769;-1.55432,0.229833,-1.61486
-0.0875415,-0.217496,0.0365438;-1.47204,0.249223,-1.65017
-0.0909678,-0.214266,0.038808;-1.42492,0.211173,-1.64086
-0.0936951,-0.210349,0.0424176;-1.40114,0.214628,-1.62621
-0.0850315,-0.215696,0.0347111;-1.48909,0.210882,-1.6276
-0.0822011,-0.210568,0.030719;-1.56947,0.184482,-1.60792
-0.0801495,-0.207841,0.0304412;-1.56516,0.169524,-1.59988
-0.080125,-0.20919,0.0288418;-1.5692,0.208576,-1.58195
-0.0860094,-0.213871,0.0349522;-1.50176,0.246371,-1.60071
-0.0975225,-0.219489,0.0440789;-1.46422,0.282194,-1.60564
-0.0995175,-0.223103,0.0367581;-1.45115,0.231961,-1.63581
-0.0988884,-0.216975,0.0351654;-1.53185,0.212797,-1.65462
-0.0951924,-0.210224,0.034174;-1.57243,0.177052,-1.63405
-0.0956885,-0.208579,0.0319208;-1.56808,0.169152,-1.62335
-0.097864,-0.21282,0.0330117;-1.53737,0.200158,-1.61537
-0.100416,-0.2201,0.0379329;-1.4535,0.244949,-1.61794
-0.108074,-0.232239,0.040694;-1.37967,0.224956,-1.65071
-0.107194,-0.221109,0.0326334;-1.53229,0.161946,-1.61769
-0.105053,-0.218022,0.033073;-1.5683,0.161258,-1.63259
-0.105882,-0.22542,0.0343473;-1.5463,0.245228,-1.64835
-0.107059,-0.223818,0.0350448;-1.51065,0.221984,-1.64528
-0.109495,-0.224924,0.0390159;-1.4244,0.207858,-1.64649
-0.117906,-0.22918,0.0453402;-1.32317,0.197617,-1.68562
-0.114881,-0.229331,0.0428848;-1.36359,0.22318,-1.68832
-0.108699,-0.22266,0.0332296;-1.52783,0.216448,-1.62913
-0.104864,-0.216292,0.0297428;-1.5618,0.168819,-1.5918
-0.107317,-0.219385,0.0301623;-1.56089,0.212324,-1.60186
-0.109541,-0.221367,0.0299852;-1.55514,0.242359,-1.58548
-0.133319,-0.257806,0.0425102;-1.28497,0.438104,-1.68977
-0.134505,-0.262129,0.0409454;-1.31368,0.443757,-1.69086
-0.131424,-0.255529,0.0373416;-1.41941,0.413766,-1.66892
-0.127882,-0.248958,0.0353926;-1.52552,0.397957,-1.66789
-0.1286,-0.25339,0.0371292;-1.49341,0.437903,-1.68415
-0.129787,-0.256429,0.0380903;-1.40244,0.437446,-1.6799
-0.134725,-0.267828,0.0428672;-1.26234,0.505035,-1.71746
-0.13507,-0.264844,0.0426946;-1.29628,0.44165,-1.71091
-0.134181,-0.259004,0.0384467;-1.39796,0.415601,-1.67772
-0.130185,-0.254243,0.0342837;-1.51158,0.427238,-1.65485
-0.130761,-0.257579,0.0364448;-1.47947,0.462637,-1.67626
-0.130696,-0.262599,0.0376639;-1.39091,0.484995,-1.68129
-0.130696,-0.262599,0.0376639;-1.39091,0.484995,-1.68129
-0.13408,-0.262479,0.040412;-1.33888,0.45225,-1.6923
-0.13408,-0.262479,0.040412;-1.33888,0.45225,-1.6923
