0,0,0.11;-1.57,-2.98023e-08,-1.57
0,0,0.11;-1.57,-2.98023e-08,-1.57
0,0,0.11;-1.57,-2.98023e-08,-1.57
-0.000233557,0.00119314,0.0285845;-1.5708,-0.116358,-1.57053
-0.000266024,0.00115179,0.0287183;-1.57071,-0.102776,-1.57732
0.000197506,0.0018792,0.0290296;-1.5782,-0.0856696,-1.58575
0.00148282,0.0150172,0.0333613;-1.6513,-0.0467654,-1.57954
0.000248087,0.0104846,0.0288899;-1.56606,-0.117418,-1.5602
0.000161026,0.00900903,0.0288539;-1.56518,-0.135267,-1.56181
5.44538e-05,0.00862371,0.0286369;-1.57076,-0.145633,-1.56802
-4.9686e-05,0.00853776,0.0285797;-1.57083,-0.139524,-1.57076
1.27026e-05,0.00850417,0.0286362;-1.57151,-0.117566,-1.57358
0.000812571,0.0100611,0.0295232;-1.58328,-0.0917974,-1.58458
0.0024699,0.0151395,0.0318462;-1.60127,-0.0786046,-1.6035
0.00264217,0.0172817,0.0291584;-1.57684,-0.116782,-1.58513
0.00245084,0.0171017,0.0285814;-1.57078,-0.140754,-1.5701
0.00171259,0.015724,0.0289129;-1.5639,-0.160145,-1.55856
0.00175852,0.015961,0.0286935;-1.56993,-0.15314,-1.56586
0.00191477,0.0165419,0.0285792;-1.57088,-0.129223,-1.57065
0.00233347,0.0188599,0.0298157;-1.58853,-0.0821373,-1.58642
0.00483041,0.0227836,0.0296511;-1.59295,-0.121409,-1.5842
0.00519219,0.0232645,0.0290688;-1.57992,-0.125509,-1.58606
0.00531291,0.023143,0.0287062;-1.56511,-0.155414,-1.56914
0.00548133,0.0232577,0.0288642;-1.56375,-0.151543,-1.56311
0.00561253,0.0233645,0.0292874;-1.55701,-0.14692,-1.5576
0.00613865,0.0255727,0.0292126;-1.55899,-0.118976,-1.5637
0.00804146,0.0309198,0.0297012;-1.56268,-0.0601063,-1.56277
0.0102985,0.0376646,0.0292511;-1.56083,-0.0394165,-1.57462
0.00955767,0.0373948,0.0288952;-1.5558,-0.0593695,-1.57018
0.0090936,0.0369686,0.0289813;-1.55344,-0.0692901,-1.56735
0.00912647,0.0373611,0.0289985;-1.55645,-0.0663104,-1.56385
0.0103957,0.040351,0.0295567;-1.55631,-0.0310834,-1.56369
0.0147913,0.0495646,0.0300985;-1.57024,0.0554436,-1.56176
0.0211726,0.0600794,0.0297688;-1.57861,0.109216,-1.56945
0.0220036,0.0589003,0.0294345;-1.55558,0.0904254,-1.58351
0.0210512,0.0588739,0.029196;-1.55891,0.0745066,-1.57479
0.0204115,0.0586813,0.028829;-1.56675,0.0647458,-1.56316
0.0206422,0.0589272,0.0291023;-1.55804,0.0771045,-1.56836
0.0226951,0.061803,0.0297006;-1.55946,0.117177,-1.5647
0.0292643,0.0759223,0.030926;-1.58885,0.239099,-1.55394
0.0340329,0.0858117,0.0298122;-1.58326,0.304835,-1.56252
0.0353624,0.087573,0.0296025;-1.55408,0.308819,-1.58683
0.034325,0.0881367,0.0288675;-1.55671,0.27921,-1.57419
0.0342213,0.0882796,0.0287957;-1.57008,0.272883,-1.56141
0.033512,0.0874535,0.0292128;-1.5572,0.273015,-1.57118
0.0371627,0.0925787,0.0304969;-1.57572,0.353099,-1.55786
0.0428231,0.0981204,0.0304707;-1.58788,0.384254,-1.55436
0.0473941,0.105839,0.0296423;-1.57762,0.457828,-1.5653
0.0488962,0.106531,0.0294125;-1.55596,0.449142,-1.58199
0.0489182,0.107571,0.0289677;-1.5541,0.451754,-1.58146
0.0479553,0.107507,0.0289083;-1.56757,0.440948,-1.56713
0.0488768,0.108402,0.030444;-1.57097,0.474464,-1.55666
0.0510482,0.109714,0.0300156;-1.5743,0.480372,-1.55544
0.0533337,0.112735,0.0293617;-1.57119,0.519997,-1.56585
0.0569501,0.115858,0.0290847;-1.5547,0.558067,-1.58824
0.056961,0.116451,0.0289139;-1.55554,0.536487,-1.58131
0.0555872,0.115596,0.0288876;-1.55466,0.517322,-1.57918
0.0541126,0.115099,0.0304632;-1.56808,0.513752,-1.5495
0.0551135,0.115725,0.0307745;-1.55008,0.537467,-1.56802
0.0601857,0.11885,0.0299574;-1.56086,0.584403,-1.56883
0.0695047,0.126978,0.0290713;-1.56692,0.667768,-1.56812
0.0696719,0.126582,0.0289573;-1.55623,0.656697,-1.58603
0.0690067,0.125545,0.029273;-1.55821,0.648419,-1.58624
0.0677234,0.125628,0.029164;-1.55912,0.634779,-1.57491
0.0681135,0.126365,0.0296556;-1.56718,0.648299,-1.56045
0.0689947,0.127114,0.030683;-1.55544,0.670828,-1.56556
0.0748114,0.130357,0.0300122;-1.57295,0.699171,-1.54682
0.0745714,0.130444,0.0293978;-1.55593,0.699494,-1.57318
0.0744668,0.130306,0.0294201;-1.54851,0.702074,-1.58548
0.0731267,0.128085,0.02895;-1.57392,0.669819,-1.57411
0.0716482,0.12717,0.0290937;-1.57886,0.654205,-1.57029
0.0692057,0.126351,0.0296545;-1.57533,0.635216,-1.57041
0.0699563,0.126771,0.0290766;-1.56995,0.633298,-1.57148
0.0712181,0.128041,0.0286505;-1.56888,0.660478,-1.57019
0.0714843,0.12858,0.0286457;-1.56708,0.671396,-1.57289
0.0706785,0.127624,0.0292505;-1.57011,0.657605,-1.57314
0.0703193,0.1271,0.0287193;-1.57408,0.652113,-1.57281
0.0696472,0.126551,0.0289071;-1.57978,0.640736,-1.56963
0.0702697,0.127259,0.029862;-1.56757,0.670624,-1.57252
0.0718966,0.128155,0.029264;-1.57216,0.683173,-1.57167
0.0728628,0.12922,0.0286126;-1.57067,0.704053,-1.5725
0.0728879,0.129132,0.0286757;-1.57055,0.710675,-1.5754
0.0726874,0.128586,0.0288524;-1.57678,0.705992,-1.57561
0.0719462,0.127126,0.0299455;-1.59709,0.687887,-1.55085
0.0672913,0.123764,0.0306437;-1.56923,0.662448,-1.56111
0.0678281,0.124778,0.0294336;-1.5609,0.656075,-1.57138
0.0696426,0.126086,0.028696;-1.56529,0.674887,-1.57293
0.070211,0.126563,0.0286214;-1.56834,0.704692,-1.57247
0.070065,0.126169,0.0286995;-1.57051,0.690595,-1.57659
0.0700316,0.125653,0.0289166;-1.57845,0.684092,-1.57604
0.0643848,0.122043,0.0306912;-1.57535,0.648666,-1.55676
0.0624359,0.122141,0.0313481;-1.56444,0.636675,-1.55001
0.0625506,0.123073,0.0312974;-1.56417,0.640217,-1.54061
0.0685219,0.127271,0.0288495;-1.56078,0.714547,-1.57199
0.0691125,0.12768,0.0287638;-1.56503,0.726981,-1.57014
0.0691186,0.127552,0.0286204;-1.57083,0.728985,-1.56876
0.0664545,0.122399,0.0293181;-1.58873,0.683183,-1.56797
0.0593742,0.118048,0.032803;-1.51115,0.657855,-1.62131
0.0595311,0.11923,0.0328289;-1.48324,0.648636,-1.61932
0.0624801,0.122998,0.0298098;-1.56467,0.675835,-1.55457
0.0661231,0.127257,0.0293633;-1.55949,0.729829,-1.56116
0.0652142,0.12679,0.0290181;-1.56576,0.711681,-1.55693
0.0649249,0.126297,0.0289728;-1.56098,0.701409,-1.56581
0.06436,0.122417,0.0294518;-1.55679,0.676915,-1.57686
0.0604729,0.118976,0.0318189;-1.49013,0.64174,-1.61698
0.0584038,0.119039,0.0322536;-1.4724,0.642552,-1.62332
0.0595603,0.121277,0.0310298;-1.56172,0.65709,-1.53584
0.0597612,0.122328,0.0329089;-1.556,0.672523,-1.51742
0.0590395,0.12258,0.0343338;-1.5672,0.667216,-1.49033
0.0608049,0.121175,0.0335983;-1.5031,0.686359,-1.57354
0.0608725,0.119077,0.0345536;-1.44974,0.682012,-1.62274
0.0592629,0.116721,0.0355005;-1.39014,0.665328,-1.67605
0.0597331,0.119576,0.0304521;-1.54266,0.653958,-1.56317
0.0611665,0.120584,0.0291679;-1.56081,0.669856,-1.55655
0.0612502,0.120605,0.0292465;-1.55098,0.674022,-1.56644
0.0608562,0.120686,0.029994;-1.52408,0.668658,-1.59315
0.0615191,0.120622,0.0320023;-1.48016,0.67644,-1.62254
0.0605949,0.119106,0.035135;-1.42137,0.670759,-1.6709
0.0532721,0.117618,0.0351428;-1.54173,0.680959,-1.56417
0.0546459,0.11922,0.0320866;-1.61555,0.664892,-1.50365
0.0570175,0.119817,0.0312388;-1.61703,0.655816,-1.5247
0.0639754,0.127693,0.0347376;-1.6917,0.705625,-1.48234
0.0602542,0.12398,0.0437697;-1.622,0.734663,-1.54345
0.0563499,0.122058,0.0498276;-1.56712,0.750435,-1.5795
0.0599571,0.128106,0.0543161;-1.61773,0.649942,-1.52863
0.0628884,0.132047,0.0503856;-1.64072,0.605239,-1.50684
0.0703033,0.139057,0.0397154;-1.70425,0.62088,-1.46635
0.0736885,0.148147,0.033829;-1.70549,0.707082,-1.4781
0.0706212,0.144072,0.0370151;-1.74279,0.69884,-1.45462
0.0655317,0.136655,0.0430635;-1.72179,0.70264,-1.47026
0.0556842,0.115721,0.0518129;-1.54032,0.708744,-1.59912
0.0537998,0.116747,0.0554143;-1.5433,0.634451,-1.59016
0.0563367,0.122471,0.0516574;-1.60098,0.593385,-1.54669
0.0684384,0.137124,0.0368162;-1.71936,0.65738,-1.44143
0.0717217,0.14148,0.0366416;-1.73092,0.697311,-1.43753
0.0725575,0.145964,0.0401024;-1.75585,0.718004,-1.44268
0.0613652,0.129778,0.0494978;-1.59149,0.723026,-1.57091
0.052774,0.117767,0.0522282;-1.57552,0.662305,-1.56899
0.0495495,0.115188,0.0520559;-1.56214,0.614063,-1.57875
0.0669276,0.129306,0.0397886;-1.74178,0.59992,-1.43272
0.0713953,0.136689,0.0386386;-1.74575,0.65483,-1.41193
0.0734478,0.142808,0.0416667;-1.79362,0.690594,-1.38258
0.0696041,0.13889,0.0489589;-1.69998,0.696082,-1.472
0.0661834,0.127898,0.0528676;-1.59905,0.676155,-1.55211
0.0596496,0.116853,0.0525573;-1.58126,0.636146,-1.57524
0.0562876,0.117121,0.0440528;-1.58946,0.557164,-1.58506
0.0673352,0.125241,0.0371966;-1.65894,0.585739,-1.52427
0.0741263,0.133649,0.03594;-1.71614,0.627776,-1.45799
0.0766481,0.145065,0.0441294;-1.71486,0.694697,-1.47339
0.0735084,0.142522,0.0461983;-1.72003,0.690496,-1.47079
0.0690027,0.132432,0.0527658;-1.62957,0.663028,-1.52582
0.0558612,0.113185,0.0523668;-1.59409,0.568838,-1.56677
0.060771,0.117557,0.0462166;-1.62404,0.549425,-1.55131
0.0715022,0.127334,0.0360715;-1.73196,0.568884,-1.48061
0.0791282,0.137652,0.0397599;-1.68599,0.645815,-1.49436
0.0792313,0.144218,0.0462371;-1.69817,0.678912,-1.48833
0.0780209,0.14244,0.0476583;-1.69036,0.682014,-1.50286
0.0638105,0.122177,0.051123;-1.63577,0.578968,-1.5385
0.0615745,0.117252,0.0469956;-1.65795,0.571057,-1.51652
0.0655774,0.123264,0.0442199;-1.71417,0.554729,-1.45886
0.0798413,0.14066,0.0378677;-1.74394,0.614825,-1.44261
0.0826688,0.144985,0.037717;-1.73581,0.674201,-1.45513
0.0852719,0.154999,0.0417691;-1.81752,0.714536,-1.41409
0.0823852,0.140531,0.0493108;-1.76856,0.634661,-1.44505
0.0704676,0.125751,0.0502199;-1.69246,0.563797,-1.50675
0.0635774,0.116597,0.0440009;-1.67232,0.54232,-1.549
0.0740377,0.131003,0.0407049;-1.77758,0.542342,-1.41668
0.0786613,0.138709,0.0401469;-1.76386,0.57198,-1.40868
0.0825267,0.141221,0.0403531;-1.76112,0.613194,-1.41623
0.0852641,0.139018,0.0442934;-1.72001,0.635019,-1.47177
0.0831434,0.13528,0.0470069;-1.78402,0.553836,-1.43554
0.0744649,0.125195,0.0460715;-1.77815,0.494661,-1.45526
0.0698609,0.119276,0.0377629;-1.77639,0.458837,-1.48202
0.0744824,0.124537,0.0373877;-1.76209,0.494518,-1.47717
0.0819463,0.13332,0.0382963;-1.74797,0.53485,-1.46245
0.0886003,0.144707,0.0457601;-1.80435,0.608528,-1.41796
0.0889681,0.142574,0.0474628;-1.81653,0.539234,-1.40512
0.0875086,0.135138,0.0435984;-1.83126,0.479426,-1.40137
0.0793238,0.122161,0.0380709;-1.78446,0.425044,-1.48398
0.0780208,0.12276,0.0379477;-1.77629,0.438769,-1.48382
0.0797953,0.127593,0.0379174;-1.77495,0.471846,-1.47129
0.0797953,0.127593,0.0379174;-1.77495,0.471846,-1.47129
0.0842001,0.133314,0.0380498;-1.75309,0.506076,-1.46776
0.0842001,0.133314,0.0380498;-1.75309,0.506076,-1.46776
