0,0,0.11;-1.57,-2.98023e-08,-1.57
0,0,0.11;-1.57,-2.98023e-08,-1.57
0,0,0.11;-1.57,-2.98023e-08,-1.57
-0.000400656,0.00246651,0.0285891;-1.57074,-0.159187,-1.57021
-0.000436694,0.00233965,0.0285807;-1.57068,-0.14383,-1.57084
-0.00159544,-0.00164673,0.0297778;-1.59476,-0.102606,-1.56337
-0.00307744,-0.022252,0.0373217;-1.5902,-0.0972048,-1.57141
-0.000854253,-0.0158322,0.0303367;-1.60067,-0.227048,-1.59363
-0.00053306,-0.0138707,0.0288701;-1.57332,-0.240854,-1.58326
-0.000325991,-0.0128634,0.0287023;-1.5705,-0.26063,-1.57667
-9.77948e-05,-0.0126236,0.0288006;-1.57098,-0.197446,-1.56007
-0.00140658,-0.0158067,0.0303163;-1.57842,-0.143999,-1.55187
-0.00282792,-0.0272034,0.0348446;-1.58092,-0.0703649,-1.54134
0.000470122,-0.0284032,0.0351058;-1.62423,-0.150768,-1.58607
0.0020114,-0.0192354,0.0342132;-1.6906,-0.193539,-1.59779
0.00422032,-0.0170851,0.0292274;-1.58385,-0.240724,-1.58623
0.00345666,-0.0217177,0.0287359;-1.57072,-0.169962,-1.57822
0.00345806,-0.0217314,0.0293385;-1.56727,-0.107898,-1.55424
0.00194275,-0.0276694,0.0321595;-1.5764,-0.031225,-1.52533
0.00067349,-0.0388001,0.0366527;-1.55262,-0.00703311,-1.52813
0.00400191,-0.0296776,0.0352014;-1.65754,-0.0651508,-1.56569
0.00771816,-0.023943,0.032132;-1.6496,-0.136562,-1.58634
0.00766064,-0.0251346,0.0290511;-1.57803,-0.143834,-1.58704
0.00651136,-0.0273694,0.028689;-1.57076,-0.0719157,-1.57593
0.00458788,-0.0304014,0.0301631;-1.5886,-0.0155633,-1.55176
0.00319011,-0.0351626,0.0317152;-1.59642,0.0581614,-1.53464
0.00468707,-0.0337273,0.0310353;-1.62024,0.0310006,-1.5621
0.0115114,-0.0251595,0.0291577;-1.58275,-0.0631072,-1.58726
0.0120687,-0.0255579,0.0310952;-1.57636,-0.0535454,-1.61073
0.0102208,-0.0293322,0.0309006;-1.58273,0.00645123,-1.60618
0.00353792,-0.0380456,0.0333002;-1.67054,0.131619,-1.55691
0.00208042,-0.045584,0.036161;-1.6879,0.144693,-1.52269
0.00252048,-0.0515765,0.0329239;-1.59808,0.114941,-1.51619
0.00636912,-0.0519747,0.0290131;-1.59159,0.0158836,-1.57109
0.00725351,-0.0519469,0.028999;-1.57452,0.00415398,-1.58589
0.00696549,-0.054411,0.0304151;-1.57787,0.0305766,-1.60121
0.00175955,-0.0641586,0.0337722;-1.66405,0.122043,-1.57064
-0.00339996,-0.0732038,0.0368069;-1.68166,0.148484,-1.54462
-0.00781897,-0.0786882,0.0383076;-1.60644,0.126964,-1.52484
-0.00626678,-0.0780076,0.0288288;-1.57374,-0.00862278,-1.56143
-0.00552623,-0.0777625,0.0285792;-1.57079,-0.0271757,-1.57083
-0.00537523,-0.0776618,0.0288229;-1.57191,-0.0231707,-1.58169
-0.00861423,-0.0846272,0.0318892;-1.63954,0.0836793,-1.57109
-0.0119116,-0.0893774,0.0372868;-1.73294,0.131889,-1.54157
-0.017407,-0.0953436,0.043157;-1.6787,0.173543,-1.52545
-0.0163521,-0.0970877,0.0287973;-1.57723,0.0211769,-1.56675
-0.0156648,-0.0975795,0.0286969;-1.57131,-0.0252216,-1.56489
-0.0157045,-0.09727,0.0285875;-1.57095,-0.0317872,-1.57113
-0.0171749,-0.100808,0.0289959;-1.58118,0.0528376,-1.57998
-0.0209038,-0.109145,0.0320735;-1.6407,0.0909095,-1.56569
-0.0252416,-0.1204,0.0407503;-1.6062,0.136134,-1.56476
-0.0337008,-0.11681,0.034626;-1.67956,0.0177651,-1.55536
-0.0329741,-0.117552,0.0309835;-1.61877,-0.0034043,-1.56202
-0.032414,-0.119029,0.0286112;-1.57076,-0.0322673,-1.56923
-0.0329447,-0.121215,0.0286399;-1.57036,0.0709427,-1.57367
-0.0323727,-0.124996,0.0292937;-1.56452,0.161045,-1.57501
-0.0322196,-0.133445,0.0336262;-1.54502,0.221871,-1.57103
-0.0235874,-0.121172,0.0382764;-1.75561,0.159516,-1.53433
-0.0204895,-0.114505,0.0393811;-1.78956,0.162406,-1.53652
-0.0208906,-0.118064,0.031615;-1.64121,0.164142,-1.56106
-0.0240125,-0.122157,0.0286338;-1.57043,0.249173,-1.57381
-0.0247504,-0.121782,0.0289741;-1.5877,0.320828,-1.56016
-0.028011,-0.125233,0.0325295;-1.63403,0.371189,-1.52578
-0.0265343,-0.120309,0.0379857;-1.76674,0.364142,-1.49406
-0.0218589,-0.117355,0.0380675;-1.77302,0.312597,-1.51245
-0.0196725,-0.118713,0.0348115;-1.70423,0.285053,-1.53796
-0.0256893,-0.122373,0.0289977;-1.57525,0.320201,-1.58492
-0.0275043,-0.123328,0.028826;-1.5826,0.367568,-1.56754
-0.0298791,-0.124135,0.0302816;-1.59395,0.399677,-1.54196
-0.0373727,-0.137175,0.0390931;-1.64082,0.434644,-1.50642
-0.03389,-0.136578,0.0383776;-1.68391,0.347042,-1.52343
-0.0294055,-0.133804,0.0339383;-1.68776,0.292323,-1.5406
-0.0284709,-0.134878,0.0300592;-1.58534,0.317965,-1.58877
-0.0329668,-0.137796,0.0294777;-1.59921,0.378728,-1.57107
-0.0373771,-0.141045,0.0293867;-1.60403,0.431879,-1.55772
-0.0485641,-0.159954,0.0337982;-1.59374,0.518289,-1.50228
-0.0524638,-0.168592,0.034578;-1.58277,0.480774,-1.52314
-0.0496152,-0.164064,0.0328065;-1.66165,0.448751,-1.52325
-0.0448427,-0.167087,0.0298439;-1.6007,0.400408,-1.5703
-0.0485703,-0.170975,0.0298827;-1.58666,0.435064,-1.58491
-0.0539822,-0.176512,0.0299927;-1.58476,0.48912,-1.58519
-0.0716723,-0.191598,0.0345853;-1.52284,0.548216,-1.5631
-0.0792813,-0.195311,0.032764;-1.52001,0.468978,-1.55803
-0.0804604,-0.190217,0.0308369;-1.57914,0.415693,-1.5302
-0.0752193,-0.192374,0.0293099;-1.59699,0.319068,-1.56
-0.0766779,-0.193697,0.0293774;-1.60472,0.359977,-1.5603
-0.0814126,-0.198974,0.0303273;-1.57322,0.425793,-1.60386
-0.0901261,-0.204081,0.0343166;-1.51124,0.535217,-1.60232
-0.0952766,-0.201275,0.0362622;-1.58072,0.463123,-1.54539
-0.0959216,-0.194569,0.0310512;-1.58683,0.419533,-1.52917
-0.0922586,-0.193767,0.0290856;-1.5859,0.35996,-1.5553
-0.093478,-0.194095,0.0288689;-1.58624,0.415807,-1.56476
-0.0946663,-0.195134,0.0289866;-1.57456,0.445232,-1.58493
-0.0998527,-0.20601,0.0362342;-1.61137,0.593896,-1.55984
-0.0970971,-0.201677,0.0420984;-1.69112,0.570385,-1.50113
-0.0924206,-0.191228,0.0382436;-1.75233,0.571118,-1.44163
-0.0898959,-0.194702,0.0288838;-1.57872,0.489706,-1.55944
-0.0900015,-0.195707,0.0285859;-1.5708,0.459558,-1.5705
-0.0912815,-0.196699,0.0286605;-1.57076,0.515037,-1.57447
-0.093509,-0.197856,0.0295716;-1.60821,0.57057,-1.55024
-0.10079,-0.206714,0.0426541;-1.69374,0.668253,-1.48954
-0.101968,-0.198856,0.0426003;-1.75411,0.625509,-1.44829
-0.101412,-0.190753,0.0374941;-1.77434,0.599995,-1.44282
-0.100964,-0.194214,0.0289608;-1.58156,0.579947,-1.55557
-0.101071,-0.19357,0.02869;-1.57089,0.624108,-1.56535
-0.101733,-0.192851,0.02862;-1.57356,0.683759,-1.56861
-0.110122,-0.199739,0.0369163;-1.78422,0.788159,-1.42155
-0.108539,-0.200534,0.0378772;-1.82575,0.763012,-1.40074
-0.105619,-0.198729,0.0386061;-1.84712,0.728242,-1.38864
-0.104526,-0.198864,0.0317756;-1.67177,0.761127,-1.50193
-0.10625,-0.20012,0.028901;-1.59107,0.77674,-1.55602
-0.107456,-0.200686,0.0285793;-1.57076,0.791134,-1.57085
-0.120554,-0.21272,0.0355586;-1.74277,0.836078,-1.42165
-0.122985,-0.216781,0.0368583;-1.73901,0.806667,-1.43016
-0.120588,-0.213619,0.0376068;-1.83229,0.773461,-1.3882
-0.120487,-0.219506,0.0364343;-1.77003,0.71381,-1.43117
-0.123456,-0.220558,0.0325489;-1.68568,0.714184,-1.49304
-0.126967,-0.221864,0.0291219;-1.60688,0.744153,-1.54604
-0.139643,-0.227349,0.0319751;-1.54348,0.783036,-1.55021
-0.143811,-0.231844,0.0331198;-1.52259,0.782731,-1.56565
-0.143538,-0.230952,0.0357038;-1.63712,0.71392,-1.49427
-0.138482,-0.22878,0.0378688;-1.78051,0.655012,-1.42714
-0.137286,-0.230658,0.0359396;-1.74856,0.678238,-1.45107
-0.137774,-0.22929,0.0337369;-1.7181,0.708707,-1.47454
-0.147397,-0.232988,0.0295808;-1.55512,0.800828,-1.57569
-0.152616,-0.235153,0.0329308;-1.49133,0.834624,-1.59403
-0.156408,-0.236507,0.0339363;-1.49858,0.787159,-1.57947
-0.153498,-0.231256,0.036081;-1.72136,0.708133,-1.44432
-0.149937,-0.232913,0.0354194;-1.72848,0.69305,-1.45422
-0.150892,-0.235121,0.0332709;-1.69774,0.690646,-1.48546
-0.156948,-0.236671,0.0310901;-1.63359,0.747573,-1.53752
-0.165268,-0.239826,0.030751;-1.52537,0.823419,-1.59921
-0.168917,-0.239672,0.0339894;-1.47504,0.822639,-1.60941
-0.173307,-0.235067,0.0339392;-1.64881,0.690045,-1.48275
-0.170949,-0.235066,0.0344462;-1.65996,0.645856,-1.47625
-0.171874,-0.238977,0.029061;-1.58298,0.615175,-1.5504
-0.172878,-0.238296,0.0287832;-1.5804,0.719719,-1.56738
-0.174459,-0.239044,0.0303839;-1.53827,0.801617,-1.57585
-0.177286,-0.241918,0.0341034;-1.51142,0.887354,-1.5646
-0.182789,-0.238615,0.0329211;-1.61192,0.861665,-1.48674
-0.180674,-0.237953,0.0330443;-1.64433,0.82726,-1.47801
-0.181117,-0.244778,0.0303861;-1.59391,0.764765,-1.53011
-0.182593,-0.24573,0.0292054;-1.58399,0.78478,-1.54685
-0.185564,-0.247296,0.0312079;-1.63385,0.831031,-1.50696
-0.194306,-0.254313,0.0368183;-1.7133,0.909253,-1.43263
-0.194831,-0.248901,0.031951;-1.61342,0.859102,-1.50194
-0.194033,-0.24546,0.0317018;-1.61631,0.842484,-1.50245
-0.19316,-0.248773,0.0322822;-1.60333,0.803984,-1.50051
-0.193586,-0.249167,0.0298294;-1.58074,0.820271,-1.53899
-0.195795,-0.250439,0.030111;-1.55797,0.868795,-1.55901
-0.200723,-0.255834,0.0316383;-1.56825,0.925294,-1.54559
-0.200321,-0.256435,0.0358035;-1.67496,0.849009,-1.46753
-0.199364,-0.251725,0.0337986;-1.69114,0.834719,-1.45433
-0.198048,-0.249237,0.0337061;-1.66469,0.838081,-1.46282
-0.199317,-0.253559,0.03083;-1.59422,0.810616,-1.52153
-0.200107,-0.253299,0.0303625;-1.57993,0.838819,-1.53353
-0.204168,-0.255901,0.0308638;-1.54967,0.89815,-1.55991
-0.221072,-0.266711,0.0334992;-1.51369,0.887372,-1.5893
-0.218136,-0.262052,0.0341379;-1.6903,0.842987,-1.45253
-0.215596,-0.256841,0.0358428;-1.7476,0.840975,-1.41079
-0.21746,-0.262187,0.0310474;-1.60078,0.830049,-1.51595
-0.219372,-0.263113,0.0292524;-1.58226,0.821871,-1.54345
-0.221447,-0.263398,0.0294972;-1.54832,0.839428,-1.57624
-0.234094,-0.266417,0.0346787;-1.48333,0.886289,-1.59631
-0.24294,-0.264404,0.0323383;-1.54695,0.816749,-1.54161
-0.242664,-0.260643,0.034962;-1.68447,0.783469,-1.44872
-0.239263,-0.261089,0.034368;-1.68004,0.794052,-1.45621
-0.241265,-0.261162,0.0290327;-1.57751,0.815057,-1.54863
-0.241238,-0.261073,0.0295586;-1.56928,0.851125,-1.55454
-0.246114,-0.266253,0.0340301;-1.46996,1.01216,-1.61955
-0.25503,-0.267536,0.0339088;-1.51176,0.970714,-1.57605
-0.25732,-0.263327,0.032066;-1.59555,0.926152,-1.50139
-0.250975,-0.258663,0.036712;-1.76242,0.916811,-1.38023
-0.252526,-0.258074,0.034101;-1.7177,0.939675,-1.42677
-0.253205,-0.257276,0.0310239;-1.61572,0.980362,-1.50744
-0.262243,-0.26487,0.0331329;-1.46335,1.1576,-1.63556
-0.274848,-0.268785,0.0330838;-1.44928,1.1257,-1.653
-0.274559,-0.264439,0.0308747;-1.60376,1.08755,-1.50956
-0.271709,-0.261489,0.0305739;-1.62662,1.05498,-1.49266
-0.270893,-0.262028,0.033331;-1.682,1.06241,-1.4363
-0.272457,-0.262664,0.0305448;-1.66705,1.07829,-1.47743
-0.272457,-0.262664,0.0305448;-1.66705,1.07829,-1.47743
-0.273039,-0.261848,0.029996;-1.61437,1.13205,-1.51678
-0.273039,-0.261848,0.029996;-1.61437,1.13205,-1.51678
