0,0,0.11;-1.57,-2.98023e-08,-1.57
0,0,0.11;-1.57,-2.98023e-08,-1.57
0,0,0.11;-1.57,-2.98023e-08,-1.57
0.000540651,0.00893333,0.0286432;-1.56768,-0.130384,-1.57016
0.000626687,0.00913365,0.0286697;-1.57072,-0.0927011,-1.56662
-0.00157643,0.00421577,0.0301562;-1.57455,-0.0275097,-1.55175
-0.00259573,-0.0278238,0.0359934;-1.44137,0.0369801,-1.56211
-0.00223064,-0.0203408,0.0285768;-1.57101,-0.0462074,-1.57085
-0.00205799,-0.0205514,0.0288406;-1.55924,-0.0410467,-1.5711
-0.00197,-0.0204859,0.0287332;-1.56353,-0.0362374,-1.571
-0.00156242,-0.0207003,0.0285979;-1.5705,0.027722,-1.56988
-0.00338689,-0.0246194,0.0303056;-1.58992,0.0712192,-1.56108
-0.00712743,-0.0435984,0.0383345;-1.55908,0.155638,-1.56374
-0.0054764,-0.046728,0.0316952;-1.54504,0.086769,-1.58206
-0.00147407,-0.0378723,0.0291501;-1.58866,0.0229521,-1.57992
-0.000792912,-0.0369469,0.0290695;-1.58463,0.0152406,-1.58027
-0.0043697,-0.043688,0.0292139;-1.58678,0.0956832,-1.5836
-0.0078895,-0.0487762,0.0321506;-1.64204,0.152922,-1.56645
-0.0118701,-0.0597486,0.0382887;-1.65548,0.215964,-1.56073
-0.0157599,-0.0744877,0.0385409;-1.47919,0.213008,-1.58376
-0.0142913,-0.0702464,0.0320247;-1.51188,0.149728,-1.58595
-0.0122544,-0.0644023,0.0289677;-1.58451,0.0929043,-1.57507
-0.0121361,-0.0651982,0.0286353;-1.57073,0.125939,-1.57341
-0.0124824,-0.0658026,0.0286199;-1.57089,0.17087,-1.5686
-0.0153556,-0.0696856,0.0300424;-1.57461,0.221247,-1.55376
-0.0208186,-0.0875995,0.0339853;-1.5001,0.270474,-1.57144
-0.0217656,-0.0928473,0.0311327;-1.51678,0.244632,-1.57921
-0.0208104,-0.0911965,0.0288153;-1.56018,0.213512,-1.57381
-0.0207971,-0.0914308,0.0287458;-1.56348,0.22599,-1.57323
-0.0209169,-0.0919517,0.0285799;-1.57099,0.260904,-1.57096
-0.0287524,-0.10409,0.0340869;-1.62852,0.368313,-1.5463
-0.0343211,-0.119463,0.0422201;-1.51361,0.415258,-1.59383
-0.0327356,-0.121984,0.0387975;-1.51114,0.345836,-1.60902
-0.0186951,-0.109613,0.029194;-1.59242,0.233331,-1.57443
-0.0201176,-0.113004,0.0295706;-1.58558,0.271929,-1.58414
-0.0241452,-0.118953,0.0308988;-1.58422,0.333214,-1.6002
-0.0288363,-0.122021,0.036486;-1.71242,0.409915,-1.53502
-0.0325453,-0.126266,0.0431442;-1.70546,0.476803,-1.53347
-0.0350658,-0.130032,0.0466924;-1.64831,0.461653,-1.55468
-0.028261,-0.122515,0.0293163;-1.59384,0.323646,-1.57238
-0.0277721,-0.122076,0.0289546;-1.57999,0.318541,-1.57715
-0.0285976,-0.122985,0.0287871;-1.57254,0.339308,-1.57829
-0.0303127,-0.124644,0.0286293;-1.571,0.417024,-1.56751
-0.0371873,-0.132984,0.0312629;-1.57315,0.480038,-1.54999
-0.0483359,-0.156239,0.0377052;-1.41554,0.564774,-1.62658
-0.0488103,-0.155282,0.0285856;-1.57518,0.457583,-1.56458
-0.0483253,-0.154807,0.0285805;-1.57046,0.44098,-1.57057
-0.048323,-0.155119,0.0287879;-1.55976,0.448688,-1.57555
-0.048242,-0.155529,0.0285979;-1.57073,0.518198,-1.56976
-0.053793,-0.160528,0.0309993;-1.60269,0.57101,-1.54811
-0.0649274,-0.175535,0.0399908;-1.50637,0.65287,-1.60258
-0.0601157,-0.177606,0.0292225;-1.5891,0.527695,-1.57316
-0.0556643,-0.17595,0.0292986;-1.6003,0.49311,-1.56579
-0.0572613,-0.177652,0.0293833;-1.58753,0.517164,-1.57703
-0.0658816,-0.18406,0.0330793;-1.66255,0.622389,-1.53936
-0.0694214,-0.186347,0.0374385;-1.7445,0.669317,-1.48922
-0.0753839,-0.192876,0.0459619;-1.69297,0.736122,-1.51956
-0.0688292,-0.187955,0.0350434;-1.71248,0.606268,-1.50409
-0.0649062,-0.186001,0.0318909;-1.6578,0.550107,-1.53071
-0.0652683,-0.186738,0.0295197;-1.59454,0.551342,-1.57032
-0.0766324,-0.190669,0.0292887;-1.59933,0.663578,-1.56502
-0.0816364,-0.19185,0.0312084;-1.63568,0.710011,-1.53442
-0.092228,-0.199918,0.0364174;-1.60975,0.788344,-1.54247
-0.101515,-0.208145,0.0333317;-1.45014,0.751545,-1.64444
-0.0999618,-0.205324,0.0288408;-1.56108,0.706347,-1.57195
-0.0995169,-0.20486,0.0285504;-1.56918,0.685683,-1.57162
-0.0992002,-0.205171,0.02858;-1.57076,0.715512,-1.57086
-0.100001,-0.205095,0.0285772;-1.5707,0.755677,-1.57064
-0.104857,-0.206969,0.0301588;-1.58886,0.8168,-1.55014
-0.128041,-0.227545,0.0385111;-1.41153,0.891854,-1.68765
-0.125823,-0.228789,0.0342841;-1.48583,0.817802,-1.64897
-0.117758,-0.22566,0.029159;-1.60136,0.768719,-1.55561
-0.119671,-0.227263,0.0290824;-1.58896,0.806165,-1.56936
-0.123774,-0.229186,0.0300279;-1.6059,0.848932,-1.56225
-0.126478,-0.22917,0.0339976;-1.72566,0.88572,-1.46555
-0.139521,-0.236583,0.0489405;-1.70187,1.00736,-1.48812
-0.140412,-0.238375,0.0470596;-1.72809,0.924568,-1.47702
-0.131061,-0.236297,0.0352757;-1.76164,0.849758,-1.44076
-0.128634,-0.23488,0.029555;-1.60144,0.829647,-1.56103
-0.139085,-0.235975,0.0290825;-1.59128,0.931962,-1.56619
-0.143325,-0.235783,0.0309151;-1.66029,0.975189,-1.50491
-0.165967,-0.243514,0.0405644;-1.55994,1.12129,-1.58137
-0.176976,-0.250002,0.0371468;-1.43557,1.05293,-1.69095
-0.172609,-0.245963,0.0285315;-1.56813,0.982224,-1.57408
-0.171346,-0.246191,0.0287975;-1.55173,0.989166,-1.58675
-0.170978,-0.24666,0.0285961;-1.57116,1.03346,-1.56954
-0.171235,-0.246395,0.0286083;-1.57042,1.06226,-1.5694
-0.20101,-0.258631,0.0368531;-1.24909,1.2198,-1.84868
-0.212275,-0.263905,0.0353241;-1.26168,1.15771,-1.84929
-0.204287,-0.257812,0.0296241;-1.51236,1.10828,-1.61963
-0.202721,-0.25772,0.0287585;-1.55551,1.10333,-1.58692
-0.2044,-0.258341,0.0286799;-1.57165,1.1664,-1.57451
-0.204952,-0.258142,0.0291466;-1.63211,1.18142,-1.5184
-0.222446,-0.260216,0.0405638;-1.77572,1.30701,-1.38814
-0.226902,-0.262081,0.0410786;-1.63961,1.25117,-1.52486
-0.223534,-0.261863,0.0344268;-1.6822,1.23243,-1.48333
-0.216253,-0.263805,0.0292284;-1.62817,1.14904,-1.52643
-0.222586,-0.26302,0.0292803;-1.61444,1.22007,-1.54195
-0.223593,-0.262586,0.0291993;-1.63077,1.24018,-1.52447
-0.227296,-0.261086,0.0308938;-1.7371,1.28246,-1.41814
-0.25171,-0.264811,0.0397526;-1.19522,1.39207,-1.93148
-0.255884,-0.265031,0.0326304;-1.24709,1.31855,-1.87867
-0.252108,-0.262934,0.0285793;-1.57185,1.27881,-1.56962
-0.252089,-0.263574,0.0287549;-1.54112,1.30451,-1.60022
-0.252449,-0.264073,0.0285916;-1.5668,1.34131,-1.57439
-0.252271,-0.264075,0.0286791;-1.57174,1.37263,-1.56499
-0.286324,-0.266579,0.0380585;-0.120715,1.46085,-2.99165
-0.300338,-0.268426,0.0351737;-0.545596,1.43218,-2.5886
-0.289746,-0.265558,0.0285231;-1.59911,1.42138,-1.54131
-0.288348,-0.266427,0.0287883;-1.51654,1.39961,-1.62521
-0.28827,-0.266993,0.0286487;-1.54,1.44018,-1.60058
-0.288227,-0.266765,0.028582;-1.57085,1.46356,-1.57038
-0.311172,-0.26556,0.0397724;0.963028,1.5174,2.18214
-0.320097,-0.265975,0.0391799;-0.365568,1.51319,-2.78396
-0.313334,-0.268483,0.0290216;-1.70611,1.48018,-1.4449
-0.31306,-0.269674,0.0289277;-1.70226,1.48776,-1.4488
-0.316812,-0.26792,0.0288897;-1.84468,1.54147,-1.30577
-0.318153,-0.266756,0.0296135;-3.12528,1.53813,-0.0211915
-0.332714,-0.26098,0.0379939;1.81732,1.42825,1.32167
-0.345296,-0.259962,0.0394307;1.08747,1.42351,2.05634
-0.34489,-0.25937,0.0311054;0.903092,1.48685,2.24193
-0.341893,-0.2597,0.0287439;1.4056,1.52623,1.73512
-0.342256,-0.259938,0.0287628;1.44407,1.50713,1.69634
-0.34241,-0.260242,0.0286201;1.56927,1.48419,1.57424
-0.352697,-0.255546,0.0308245;1.56186,1.35872,1.59472
-0.378971,-0.251154,0.0377477;1.21629,1.24857,1.93362
-0.389035,-0.248452,0.0359635;1.05764,1.28662,2.074
-0.376924,-0.250298,0.0285774;1.57207,1.42237,1.57008
-0.377313,-0.250754,0.0287769;1.51269,1.40753,1.62801
-0.377818,-0.251014,0.0287356;1.53608,1.37582,1.60415
-0.379108,-0.249298,0.02917;1.56515,1.2898,1.58381
-0.39546,-0.242157,0.0343636;1.51297,1.20086,1.63602
-0.412076,-0.237121,0.0377483;1.26969,1.17518,1.86138
-0.405819,-0.239136,0.0285576;1.56751,1.31474,1.5738
-0.40564,-0.239524,0.0286648;1.56613,1.30221,1.57239
-0.406596,-0.239447,0.0286925;1.57031,1.27629,1.56579
-0.408078,-0.23756,0.0288652;1.60618,1.19522,1.5368
-0.414358,-0.231582,0.0313533;1.61704,1.13018,1.53757
-0.433344,-0.221906,0.0391364;1.42503,1.03592,1.71371
-0.435274,-0.218338,0.0285217;1.58248,1.16044,1.56194
-0.434544,-0.219086,0.0285839;1.56906,1.17328,1.57286
-0.435036,-0.219273,0.0287739;1.54949,1.16047,1.58961
-0.435711,-0.21923,0.0286093;1.5671,1.08729,1.57723
-0.439757,-0.214659,0.0302775;1.56572,1.01266,1.5924
-0.461185,-0.201162,0.037506;1.40683,0.896457,1.72552
-0.467053,-0.19873,0.0298053;1.51339,1.00971,1.62379
-0.465591,-0.200114,0.0285724;1.57052,1.02866,1.57092
-0.466274,-0.200394,0.0287905;1.55189,1.0093,1.58694
-0.4669,-0.200598,0.0285633;1.5709,0.943774,1.5725
-0.469665,-0.196194,0.030059;1.57377,0.876205,1.58248
-0.488065,-0.180091,0.0368234;1.44324,0.763133,1.68203
-0.495949,-0.173726,0.0342733;1.39885,0.849707,1.70927
-0.49225,-0.179279,0.0288037;1.57089,0.871274,1.5815
-0.492659,-0.179575,0.0288484;1.55104,0.856741,1.58602
-0.493529,-0.179483,0.0285796;1.5707,0.796204,1.57079
-0.493682,-0.178768,0.0288961;1.56607,0.752324,1.58347
-0.500961,-0.166293,0.0319658;1.53615,0.665767,1.61307
-0.52028,-0.143591,0.0371588;1.37865,0.647873,1.69822
-0.5155,-0.151191,0.0307199;1.50688,0.703486,1.61758
-0.514459,-0.153325,0.0285901;1.56958,0.711976,1.57178
-0.51631,-0.152903,0.028678;1.56494,0.639722,1.57428
-0.516244,-0.153047,0.0286492;1.57087,0.612237,1.57409
-0.51711,-0.147827,0.0300141;1.57131,0.546198,1.58671
-0.538267,-0.110357,0.0384694;1.39811,0.431349,1.66279
-0.537051,-0.114157,0.0343493;1.44309,0.494159,1.63861
-0.534952,-0.121147,0.0287303;1.57261,0.526242,1.57884
-0.535859,-0.120831,0.0288053;1.55975,0.489893,1.57499
-0.536078,-0.120866,0.0285767;1.57089,0.460777,1.57066
-0.53592,-0.120369,0.0289366;1.56748,0.420652,1.58236
-0.549068,-0.0809579,0.0394007;1.42781,0.239016,1.63564
-0.551381,-0.0744602,0.0359383;1.42207,0.29821,1.62705
-0.550548,-0.0807607,0.0289209;1.56111,0.313278,1.58078
-0.551037,-0.0811792,0.0286985;1.56852,0.275899,1.56787
-0.55145,-0.0798708,0.0286319;1.5709,0.229113,1.56823
-0.550875,-0.0794324,0.0288409;1.58352,0.204327,1.56841
-0.550352,-0.0564834,0.0420459;1.55772,0.0577505,1.57638
-0.550768,-0.049462,0.0412832;1.4896,0.125764,1.58421
-0.553243,-0.0574242,0.0286356;1.57584,0.173527,1.57404
-0.553878,-0.0575573,0.0287173;1.57037,0.162984,1.56458
-0.554266,-0.0557571,0.0286119;1.57075,0.100047,1.56926
-0.55421,-0.0555989,0.0286662;1.57092,0.0801112,1.57516
-0.55421,-0.0555989,0.0286662;1.57092,0.0801112,1.57516
-0.5529,-0.0503731,0.0305972;1.57267,0.0208197,1.59131
-0.5529,-0.0503731,0.0305972;1.57267,0.0208197,1.59131
