0,0,0.11;-1.57,-2.98023e-08,-1.57
0,0,0.11;-1.57,-2.98023e-08,-1.57
0,0,0.11;-1.57,-2.98023e-08,-1.57
-0.000121077,0.00441901,0.0286122;-1.56971,-0.187594,-1.57007
0.000230361,0.00396064,0.028791;-1.56783,-0.153187,-1.56307
-0.00105608,0.00109995,0.0303932;-1.56809,-0.145537,-1.54163
-0.00268237,-0.013655,0.0317854;-1.56224,-0.114291,-1.5269
-0.00368496,-0.0189188,0.0285792;-1.57087,-0.206974,-1.57082
-0.00385783,-0.0192748,0.0286288;-1.57069,-0.24536,-1.56831
-0.00399237,-0.0196073,0.0286756;-1.56604,-0.253683,-1.56958
-0.00373212,-0.0194622,0.0287826;-1.56678,-0.221189,-1.56419
-0.00415074,-0.0201581,0.0299863;-1.56122,-0.16947,-1.54765
-0.00574449,-0.0252803,0.0330555;-1.55764,-0.107029,-1.51591
-0.00601021,-0.0340342,0.0300465;-1.55981,-0.132697,-1.5478
-0.00669326,-0.0344883,0.0286427;-1.5711,-0.174252,-1.56762
-0.0065238,-0.0342182,0.0286027;-1.57048,-0.188121,-1.56912
-0.00650755,-0.0336123,0.0285813;-1.57109,-0.213197,-1.57104
-0.00633445,-0.0322472,0.0287886;-1.57318,-0.186339,-1.56995
-0.00578272,-0.0297839,0.0320841;-1.58791,-0.123536,-1.54301
-0.00290157,-0.0359471,0.0365571;-1.64859,-0.0069164,-1.53939
-5.49035e-05,-0.0405269,0.0324923;-1.65376,-0.00293872,-1.57642
-0.000155947,-0.0451688,0.0293075;-1.58895,0.0283902,-1.58215
0.000192138,-0.047689,0.0292129;-1.5786,0.0702637,-1.58708
-0.000223538,-0.0487983,0.0292195;-1.58154,0.0885302,-1.58343
-0.00135231,-0.047016,0.033096;-1.66218,0.113872,-1.56107
-0.000884015,-0.0365057,0.0373148;-1.73676,0.144826,-1.54157
-0.000629844,-0.0346742,0.0350221;-1.70468,0.161218,-1.55314
-0.00480545,-0.0421023,0.0290092;-1.57821,0.253458,-1.58239
-0.00524086,-0.0431547,0.0289088;-1.57467,0.270668,-1.58156
-0.00647969,-0.0447451,0.0289592;-1.57354,0.311381,-1.58532
-0.00908536,-0.0464285,0.0328916;-1.65172,0.342085,-1.53249
-0.0106014,-0.0485869,0.0360719;-1.67882,0.366926,-1.4988
-0.00736475,-0.0488102,0.0306905;-1.58236,0.35036,-1.53866
-0.0064802,-0.0471618,0.028749;-1.56203,0.361808,-1.5739
-0.00648993,-0.0471378,0.0287898;-1.56007,0.362213,-1.57444
-0.0062292,-0.047702,0.028726;-1.5634,0.391609,-1.57324
-0.00762833,-0.049006,0.0299447;-1.57876,0.427521,-1.54376
-0.0109609,-0.0524013,0.0324862;-1.59198,0.445901,-1.51124
-0.0124684,-0.0573296,0.0329168;-1.56611,0.447549,-1.52351
-0.010667,-0.057207,0.0285776;-1.57085,0.300654,-1.57132
-0.0109161,-0.0561332,0.0288932;-1.55883,0.269135,-1.57726
-0.0113104,-0.0554791,0.0288317;-1.5606,0.245339,-1.57529
-0.0120345,-0.0578671,0.0286673;-1.56973,0.328479,-1.5673
-0.0174454,-0.0675714,0.0307236;-1.58009,0.387153,-1.54647
-0.0239977,-0.0862781,0.0357697;-1.50723,0.434459,-1.55185
-0.0217666,-0.0838565,0.0287653;-1.57368,0.294032,-1.57801
-0.0191395,-0.078473,0.0290241;-1.56201,0.22204,-1.58609
-0.0172994,-0.072909,0.0289629;-1.56506,0.149136,-1.58461
-0.0236347,-0.0843085,0.0298261;-1.57,0.274417,-1.59649
-0.0304103,-0.104004,0.0340818;-1.57702,0.351511,-1.59513
-0.0365819,-0.130528,0.0377683;-1.40121,0.420723,-1.62331
-0.0351392,-0.127646,0.0343884;-1.50038,0.319464,-1.63928
-0.0302801,-0.115118,0.0329155;-1.56179,0.262618,-1.63633
-0.0262322,-0.102968,0.035235;-1.56681,0.172297,-1.65134
-0.0296491,-0.111562,0.0326307;-1.56675,0.245864,-1.63303
-0.0351164,-0.126258,0.0368686;-1.53354,0.301923,-1.61967
-0.0391454,-0.146462,0.0400459;-1.34323,0.365249,-1.63886
-0.0391338,-0.141389,0.0383879;-1.40801,0.27461,-1.64632
-0.0361089,-0.127724,0.0335795;-1.56186,0.240656,-1.64684
-0.0329479,-0.11325,0.0357271;-1.55417,0.168042,-1.65839
-0.0348365,-0.114952,0.0326469;-1.56429,0.200063,-1.63576
-0.0390114,-0.123107,0.0350025;-1.64031,0.262178,-1.59572
-0.0437551,-0.137181,0.0405653;-1.55223,0.311728,-1.58649
-0.0465239,-0.152482,0.0383892;-1.37095,0.300414,-1.62005
-0.0457856,-0.146589,0.034506;-1.4495,0.280941,-1.60984
-0.0447694,-0.134012,0.0294493;-1.56955,0.203959,-1.59224
-0.044581,-0.127907,0.0289592;-1.56809,0.125717,-1.58675
-0.0447645,-0.127875,0.0287389;-1.57066,0.127513,-1.57817
-0.0481306,-0.132744,0.0300015;-1.56969,0.16867,-1.55814
-0.054433,-0.158435,0.0384794;-1.43653,0.263162,-1.55826
-0.0522432,-0.152409,0.0346199;-1.4689,0.205549,-1.57566
-0.0506796,-0.145544,0.0286377;-1.56927,0.160284,-1.57213
-0.0526431,-0.141015,0.028841;-1.56163,-0.000450224,-1.57396
-0.052941,-0.140688,0.0285708;-1.57064,-0.0126092,-1.5704
-0.0531106,-0.141068,0.0287401;-1.57112,0.00885766,-1.56263
-0.0564032,-0.161501,0.0347068;-1.58297,0.148511,-1.52049
-0.0559361,-0.169397,0.0336597;-1.59078,0.107964,-1.535
-0.0559062,-0.168779,0.0291108;-1.59576,0.0729849,-1.56855
-0.0593585,-0.171757,0.0288661;-1.57556,0.20262,-1.57872
-0.0670096,-0.181025,0.0291094;-1.58196,0.402607,-1.58162
-0.0725228,-0.185583,0.0295912;-1.6036,0.489438,-1.56236
-0.0760201,-0.187825,0.0376908;-1.73246,0.509458,-1.49654
-0.0690298,-0.185232,0.0366467;-1.74302,0.408915,-1.5128
-0.0635101,-0.183889,0.0337032;-1.68271,0.340666,-1.53933
-0.0601841,-0.183609,0.0294769;-1.59288,0.309028,-1.57547
-0.0699618,-0.189575,0.0301927;-1.60058,0.43562,-1.57926
-0.0767088,-0.192908,0.032827;-1.67247,0.536729,-1.52688
-0.0875275,-0.198702,0.0397429;-1.82142,0.679884,-1.43417
-0.0827729,-0.194937,0.0394969;-1.81062,0.634321,-1.45089
-0.0772624,-0.193182,0.0335836;-1.69037,0.565694,-1.51368
-0.0696375,-0.19019,0.0289664;-1.57932,0.384224,-1.57811
-0.0709045,-0.190945,0.0288683;-1.57605,0.418446,-1.57752
-0.0712129,-0.190849,0.0291975;-1.6006,0.429542,-1.56151
-0.0808807,-0.192119,0.0350075;-1.72758,0.564856,-1.48629
-0.0808824,-0.191495,0.0325941;-1.66389,0.595051,-1.51373
-0.0808946,-0.192709,0.0302035;-1.60994,0.599833,-1.54115
-0.0813897,-0.19467,0.0287278;-1.56355,0.426203,-1.57327
-0.0815265,-0.194929,0.028977;-1.5499,0.423446,-1.57946
-0.0815371,-0.195187,0.0286348;-1.56778,0.441578,-1.57159
-0.0830077,-0.196981,0.0294868;-1.57424,0.442607,-1.55168
-0.0953301,-0.221316,0.0347891;-1.56879,0.502622,-1.50397
-0.0943579,-0.227997,0.0311276;-1.56594,0.487838,-1.53683
-0.0930379,-0.22818,0.0287088;-1.57105,0.455949,-1.56439
-0.0938648,-0.227823,0.028614;-1.56898,0.364815,-1.5715
-0.0941029,-0.228073,0.0285856;-1.57058,0.365829,-1.5713
-0.0943918,-0.228388,0.0287585;-1.57164,0.363058,-1.56151
-0.107385,-0.243288,0.0358763;-1.58665,0.490803,-1.52013
-0.113211,-0.253235,0.0351613;-1.56005,0.441363,-1.56575
-0.113471,-0.253826,0.0290076;-1.57457,0.406302,-1.58619
-0.111909,-0.252628,0.030062;-1.57611,0.387138,-1.59489
-0.111768,-0.252821,0.0313716;-1.57515,0.386706,-1.61353
-0.11357,-0.25465,0.031052;-1.56928,0.409828,-1.6126
-0.116965,-0.257446,0.0447927;-1.6124,0.481631,-1.56978
-0.113927,-0.257999,0.0449648;-1.61159,0.434058,-1.58695
-0.109152,-0.256671,0.0343107;-1.627,0.400295,-1.59957
-0.1117,-0.262067,0.0370877;-1.58727,0.487138,-1.66293
-0.115247,-0.267068,0.0367795;-1.57841,0.554554,-1.67196
-0.118336,-0.269381,0.0344152;-1.57919,0.598578,-1.64328
-0.12588,-0.270573,0.0457303;-1.63523,0.698823,-1.55927
-0.125927,-0.271755,0.0482441;-1.61587,0.721788,-1.57099
-0.117356,-0.271004,0.0411576;-1.57836,0.662912,-1.61852
-0.10877,-0.264755,0.0343406;-1.56148,0.660383,-1.64631
-0.109044,-0.264396,0.0355016;-1.53197,0.677248,-1.6791
-0.109374,-0.265252,0.0324312;-1.56544,0.705333,-1.63514
-0.122544,-0.274938,0.0362782;-1.55654,0.81734,-1.60254
-0.132944,-0.283628,0.0429631;-1.38123,0.874116,-1.69178
-0.135531,-0.291413,0.0428961;-1.19528,0.824626,-1.82558
-0.110811,-0.26878,0.0300265;-1.56697,0.695957,-1.60508
-0.108831,-0.264897,0.0319157;-1.52776,0.668685,-1.63321
-0.108841,-0.264603,0.0324502;-1.52883,0.683397,-1.6397
-0.11746,-0.270152,0.0309989;-1.5933,0.756608,-1.58178
-0.129112,-0.282356,0.0385331;-1.58142,0.81391,-1.57164
-0.144178,-0.306437,0.042678;-1.2519,0.82087,-1.76449
-0.132298,-0.301335,0.0389001;-1.30615,0.741352,-1.7661
-0.123151,-0.287764,0.0297746;-1.54022,0.667363,-1.60926
-0.118857,-0.2819,0.0301345;-1.53651,0.603,-1.61045
-0.122829,-0.284736,0.0294576;-1.57383,0.634291,-1.58726
-0.13418,-0.294695,0.034344;-1.63161,0.704104,-1.5441
-0.151346,-0.318925,0.0408143;-1.3533,0.773762,-1.67335
-0.151054,-0.315665,0.0353256;-1.40934,0.659812,-1.68059
-0.146207,-0.306094,0.0293729;-1.55599,0.605997,-1.59764
-0.143137,-0.300933,0.0291635;-1.55303,0.55157,-1.59319
-0.147834,-0.305365,0.0295813;-1.56844,0.606487,-1.59336
-0.158504,-0.3196,0.0322878;-1.52974,0.670342,-1.60299
-0.169116,-0.339023,0.0383858;-1.39764,0.716382,-1.64432
-0.166817,-0.3358,0.0326814;-1.46851,0.640067,-1.63718
-0.162687,-0.326029,0.0291273;-1.56231,0.557464,-1.59482
-0.160198,-0.320486,0.0290869;-1.55728,0.498312,-1.59011
-0.161074,-0.320296,0.028848;-1.57075,0.509889,-1.58352
-0.168254,-0.329211,0.0304133;-1.57468,0.5674,-1.56117
-0.180547,-0.350008,0.0362483;-1.46959,0.641324,-1.58918
-0.180652,-0.354078,0.0341879;-1.44251,0.62948,-1.63927
-0.176908,-0.344982,0.0288091;-1.57274,0.553131,-1.5825
-0.175616,-0.341744,0.0289549;-1.55877,0.485486,-1.58389
-0.175726,-0.338072,0.0287731;-1.56955,0.389272,-1.57942
-0.178089,-0.339829,0.02885;-1.56581,0.417858,-1.5702
-0.189505,-0.354805,0.0328973;-1.55546,0.50668,-1.5509
-0.205358,-0.389501,0.0388605;-1.37625,0.582523,-1.65188
-0.199833,-0.380518,0.0324195;-1.48033,0.509944,-1.6162
-0.196202,-0.371527,0.0287801;-1.56759,0.400345,-1.58026
-0.19609,-0.368143,0.0289296;-1.56332,0.321845,-1.58274
-0.196778,-0.369034,0.0286706;-1.57136,0.351713,-1.57536
-0.203187,-0.376602,0.0300985;-1.57602,0.41703,-1.5537
-0.224916,-0.418786,0.0394281;-1.40381,0.547781,-1.6188
-0.221668,-0.414014,0.0360404;-1.42022,0.51314,-1.63754
-0.215407,-0.40192,0.0285737;-1.57562,0.422107,-1.57315
-0.215562,-0.396617,0.0290028;-1.55607,0.275107,-1.58073
-0.215618,-0.396716,0.0286265;-1.57059,0.280945,-1.57313
-0.21703,-0.398183,0.0289937;-1.56843,0.308415,-1.56442
-0.234099,-0.432362,0.0383076;-1.4203,0.468295,-1.59513
-0.233633,-0.440475,0.0373262;-1.39104,0.424969,-1.63365
-0.228118,-0.42592,0.0304207;-1.52592,0.338686,-1.58899
-0.226878,-0.418015,0.0290179;-1.55691,0.257826,-1.58551
-0.227093,-0.418416,0.0288646;-1.57089,0.27369,-1.58482
-0.229432,-0.42142,0.0289422;-1.57626,0.332076,-1.58125
-0.244748,-0.456767,0.0378392;-1.4118,0.478695,-1.60926
-0.244026,-0.458697,0.0376378;-1.38889,0.417628,-1.63667
-0.239612,-0.442905,0.0325099;-1.50719,0.318369,-1.60993
-0.230013,-0.422847,0.0291163;-1.56418,0.148171,-1.58592
-0.230468,-0.423626,0.0292143;-1.57323,0.159036,-1.58739
-0.234742,-0.428306,0.0298678;-1.58373,0.224255,-1.58623
-0.234742,-0.428306,0.0298678;-1.58373,0.224255,-1.58623
-0.240144,-0.435924,0.0332641;-1.64928,0.269079,-1.56401
-0.240144,-0.435924,0.0332641;-1.64928,0.269079,-1.56401
