0,0,0.11;-1.57,-2.98023e-08,-1.57
0,0,0.11;-1.57,-2.98023e-08,-1.57
0,0,0.11;-1.57,-2.98023e-08,-1.57
0.000464849,0.00788144,0.0286126;-1.5691,-0.145729,-1.57072
0.000353175,0.00734827,0.02858;-1.57067,-0.10566,-1.57058
-0.00112234,0.00367072,0.02977;-1.57755,-0.0590779,-1.56112
-0.00103824,-0.0256687,0.0353966;-1.44995,0.00567025,-1.56129
-0.00262029,-0.0187412,0.0285909;-1.57133,-0.103153,-1.57184
-0.00246724,-0.0188086,0.0287329;-1.56516,-0.102712,-1.57194
-0.00247913,-0.0189392,0.0286241;-1.57071,-0.102709,-1.57285
-0.00229076,-0.0205012,0.0285798;-1.5707,-0.0283061,-1.57073
-0.00393966,-0.0253305,0.0298816;-1.57445,0.0160645,-1.561
-0.00628832,-0.0458994,0.0361724;-1.47689,0.0930764,-1.56087
-0.00687657,-0.055165,0.0327369;-1.4919,0.0527483,-1.56876
-0.00795477,-0.0502508,0.0285664;-1.57115,-0.00751693,-1.57191
-0.00762203,-0.0494894,0.0286295;-1.5684,-0.0337796,-1.57086
-0.00771235,-0.050599,0.0285796;-1.57074,0.00447263,-1.57092
-0.00905197,-0.0530884,0.0293287;-1.57268,0.0581156,-1.56548
-0.0130275,-0.0694972,0.0349378;-1.53349,0.132172,-1.56223
-0.0141743,-0.0942665,0.036562;-1.43187,0.179124,-1.57889
-0.0158575,-0.0922639,0.0325998;-1.49284,0.121408,-1.57587
-0.0161989,-0.0869103,0.0285771;-1.57082,0.0648279,-1.571
-0.0159503,-0.0869257,0.0285823;-1.57092,0.0737564,-1.57084
-0.0162458,-0.0876539,0.0285785;-1.57067,0.123082,-1.57053
-0.0189006,-0.0923404,0.0301254;-1.58182,0.185183,-1.55851
-0.0239603,-0.110027,0.0348286;-1.50558,0.24052,-1.57605
-0.0259771,-0.118639,0.0306512;-1.52628,0.226764,-1.57772
-0.0253243,-0.115718,0.0286365;-1.56774,0.161383,-1.57094
-0.0253298,-0.116079,0.0286875;-1.56691,0.175239,-1.57277
-0.0253258,-0.116785,0.0285778;-1.57081,0.208807,-1.57092
-0.0327141,-0.127997,0.0325403;-1.55837,0.321822,-1.562
-0.0392455,-0.149713,0.0387314;-1.44027,0.391569,-1.60038
-0.0425697,-0.161504,0.0349449;-1.44453,0.374665,-1.60918
-0.0415845,-0.154425,0.0285968;-1.57149,0.300037,-1.57201
-0.0411272,-0.154572,0.0286365;-1.56847,0.316655,-1.57241
-0.0410369,-0.154835,0.0286392;-1.57071,0.330123,-1.5736
-0.0440123,-0.158119,0.0296894;-1.57246,0.428353,-1.56188
-0.0541923,-0.174543,0.0362016;-1.4998,0.516372,-1.59037
-0.0622099,-0.194094,0.0361781;-1.40858,0.542164,-1.6406
-0.0610698,-0.187631,0.0285523;-1.57073,0.435795,-1.57202
-0.060323,-0.187126,0.0286075;-1.56945,0.437444,-1.57102
-0.0602855,-0.188145,0.0287089;-1.56636,0.468074,-1.575
-0.0614416,-0.189421,0.0286766;-1.57084,0.55743,-1.56576
-0.069412,-0.196988,0.0318146;-1.5514,0.629522,-1.56981
-0.0826296,-0.216615,0.0380897;-1.38417,0.708577,-1.66651
-0.0835056,-0.217316,0.0284669;-1.57758,0.623256,-1.56712
-0.0824384,-0.216341,0.028565;-1.57166,0.598841,-1.57024
-0.0821615,-0.216843,0.0287097;-1.5656,0.6232,-1.57621
-0.0827337,-0.217271,0.0286345;-1.57117,0.699625,-1.56731
-0.0885033,-0.220266,0.0309575;-1.59391,0.759582,-1.53887
-0.104892,-0.233899,0.0386684;-1.43591,0.851308,-1.6502
-0.112768,-0.243905,0.0285908;-1.57501,0.836574,-1.56708
-0.11208,-0.243412,0.028577;-1.57113,0.813658,-1.57063
-0.111776,-0.243344,0.0286025;-1.56965,0.815173,-1.57299
-0.112255,-0.24372,0.0286496;-1.57124,0.855371,-1.56674
-0.115926,-0.244492,0.0311578;-1.60994,0.900651,-1.52218
-0.129332,-0.251,0.0388262;-1.5781,0.981132,-1.54182
-0.14186,-0.26167,0.0290187;-1.54033,1.01721,-1.59139
-0.140289,-0.260826,0.0285941;-1.5715,0.974254,-1.57156
-0.139778,-0.260648,0.0285885;-1.57008,0.964753,-1.57165
-0.140263,-0.261087,0.0285796;-1.57092,0.983994,-1.57076
-0.142384,-0.261117,0.0300324;-1.59718,1.02583,-1.5349
-0.15433,-0.265389,0.0359894;-1.64558,1.09043,-1.48333
-0.17137,-0.275421,0.0350268;-1.31271,1.1376,-1.78594
-0.167351,-0.273067,0.0286056;-1.57219,1.10736,-1.5678
-0.165722,-0.272302,0.0285913;-1.57147,1.05884,-1.57082
-0.165975,-0.272507,0.028587;-1.57103,1.08257,-1.57087
-0.166005,-0.272091,0.0286663;-1.57477,1.12836,-1.5634
-0.172062,-0.271461,0.0316737;-1.66598,1.18201,-1.46906
-0.210544,-0.28394,0.0402425;-0.937034,1.244,-2.14172
-0.209595,-0.283495,0.0366393;-1.12425,1.23597,-1.97816
-0.202494,-0.281242,0.0285649;-1.5839,1.22693,-1.55952
-0.201899,-0.281539,0.0287238;-1.5498,1.23041,-1.59068
-0.202332,-0.281752,0.0285759;-1.57154,1.26276,-1.5698
-0.203471,-0.281189,0.0290971;-1.6082,1.28699,-1.52806
-0.234614,-0.284598,0.0426029;-1.07853,1.42227,-2.02942
-0.254471,-0.290177,0.0407625;-0.538861,1.31302,-2.56327
-0.246747,-0.289253,0.0289491;-1.47915,1.41375,-1.65776
-0.243935,-0.289309,0.0286635;-1.56104,1.37053,-1.58244
-0.244494,-0.289666,0.0285815;-1.56992,1.39959,-1.57178
-0.24483,-0.289476,0.0287798;-1.60035,1.41413,-1.53638
-0.264915,-0.286163,0.0398181;-2.80583,1.50334,-0.314744
-0.28736,-0.289254,0.041096;0.00418061,1.3873,-3.12652
-0.284544,-0.290848,0.0287168;0.0946588,1.56728,3.04984
-0.282089,-0.291178,0.0286286;-1.53462,1.52761,-1.60767
-0.282385,-0.291224,0.0285803;-1.56529,1.54384,-1.57654
-0.28253,-0.291043,0.0286951;-1.7855,1.5512,-1.35362
-0.300505,-0.284998,0.0394879;2.11541,1.44264,1.05038
-0.321008,-0.285057,0.0407707;0.649088,1.35268,2.49752
-0.319711,-0.287018,0.0290457;1.44922,1.4293,1.69655
-0.317615,-0.287444,0.0286172;1.5655,1.47605,1.57477
-0.31838,-0.287399,0.0285797;1.57016,1.45264,1.57133
-0.318647,-0.287274,0.0286288;1.57258,1.45574,1.57149
-0.334041,-0.280711,0.0368193;1.70956,1.34931,1.46058
-0.350614,-0.278428,0.0376447;0.936366,1.28241,2.20444
-0.349834,-0.279316,0.0332942;1.254,1.30554,1.89208
-0.346005,-0.280452,0.0285995;1.5645,1.38293,1.57726
-0.34629,-0.280442,0.0287994;1.51656,1.37617,1.62395
-0.346435,-0.280329,0.0285773;1.57003,1.35649,1.57158
-0.348084,-0.278758,0.0296067;1.61977,1.32308,1.53528
-0.38088,-0.262876,0.0409993;1.30778,1.15754,1.84054
-0.394837,-0.258992,0.0370379;1.18185,1.14332,1.94051
-0.389423,-0.262877,0.028561;1.57456,1.18021,1.56775
-0.388611,-0.263297,0.0285826;1.5705,1.21735,1.57089
-0.388824,-0.263314,0.0285792;1.5708,1.20553,1.57071
-0.388946,-0.262985,0.028695;1.57166,1.19993,1.57649
-0.407176,-0.250125,0.039512;1.3734,1.07853,1.77099
-0.42337,-0.243414,0.0371437;1.23113,1.06244,1.87776
-0.41882,-0.247115,0.0285822;1.58039,1.08658,1.56301
-0.417899,-0.24785,0.0285821;1.57033,1.13269,1.57104
-0.418093,-0.247835,0.0285796;1.5706,1.11584,1.57084
-0.418138,-0.247735,0.0286455;1.5708,1.11281,1.57418
-0.431249,-0.235965,0.0379325;1.4994,1.01248,1.65556
-0.445881,-0.226414,0.0366495;1.34647,0.993219,1.766
-0.445147,-0.227904,0.0287843;1.55994,0.99789,1.58369
-0.444564,-0.228257,0.0285796;1.57081,1.03163,1.5708
-0.444684,-0.228203,0.0285806;1.57061,1.02498,1.57089
-0.444661,-0.228228,0.0285808;1.57094,1.0185,1.5707
-0.449789,-0.220366,0.0357207;1.5154,0.960694,1.63874
-0.456922,-0.213194,0.0387427;1.43367,0.940336,1.69717
-0.46253,-0.208615,0.0321874;1.45059,0.938882,1.67418
-0.460573,-0.210706,0.0286023;1.57036,0.984128,1.57264
-0.460518,-0.210655,0.0285808;1.57064,0.98667,1.5709
-0.460542,-0.210611,0.02858;1.57069,0.977286,1.57082
-0.461722,-0.207913,0.0310212;1.55752,0.943707,1.60242
-0.467017,-0.199996,0.0403297;1.51104,0.881715,1.64089
-0.477872,-0.188482,0.0364238;1.43137,0.853566,1.68476
-0.478555,-0.187779,0.0285767;1.57106,0.885896,1.57051
-0.47835,-0.187997,0.0285799;1.57076,0.89252,1.5708
-0.478442,-0.187998,0.0286205;1.5676,0.886462,1.5732
-0.479021,-0.186707,0.0294239;1.55249,0.854115,1.59608
-0.481408,-0.180694,0.0346155;1.5667,0.809293,1.59846
-0.487313,-0.17165,0.0397749;1.48949,0.769761,1.64584
-0.491932,-0.165649,0.0285794;1.57089,0.789669,1.57075
-0.491416,-0.166246,0.0286045;1.57052,0.813335,1.57229
-0.4914,-0.166281,0.0285882;1.57016,0.810752,1.57124
-0.491625,-0.166322,0.0287604;1.56871,0.779924,1.58004
-0.492094,-0.164281,0.031021;1.56744,0.758884,1.59447
-0.494139,-0.157008,0.0394426;1.54466,0.702601,1.61241
-0.500837,-0.149452,0.0285828;1.57102,0.718923,1.57098
-0.500835,-0.149645,0.0285781;1.57107,0.728938,1.57065
-0.500652,-0.149978,0.0285798;1.57081,0.730102,1.57079
-0.500945,-0.150044,0.0286617;1.57009,0.70235,1.57465
-0.501469,-0.147841,0.0303835;1.56309,0.673096,1.59242
-0.502415,-0.143194,0.0368699;1.56221,0.634995,1.6017
-0.50783,-0.130164,0.0285863;1.57119,0.613468,1.57117
-0.507848,-0.1304,0.0285783;1.57064,0.616561,1.57102
-0.50771,-0.13076,0.0285798;1.5708,0.625109,1.57084
-0.507769,-0.130752,0.0285939;1.57069,0.604124,1.57152
-0.508031,-0.128795,0.0299996;1.55472,0.579545,1.59468
-0.508989,-0.123937,0.0363651;1.53295,0.549165,1.61375
-0.513531,-0.113064,0.0307956;1.51584,0.524931,1.60331
-0.512922,-0.114519,0.0285794;1.57087,0.522379,1.57071
-0.51283,-0.114943,0.0285816;1.57075,0.529503,1.57089
-0.512858,-0.114944,0.0285793;1.57075,0.518188,1.57079
-0.512903,-0.114434,0.0290664;1.56303,0.503373,1.58603
-0.513008,-0.111475,0.032197;1.57477,0.486005,1.59616
-0.51775,-0.0994544,0.035857;1.45073,0.461206,1.63301
-0.517062,-0.101799,0.0285884;1.57135,0.456583,1.5715
-0.517188,-0.102107,0.0285777;1.57095,0.461574,1.57069
-0.51723,-0.102151,0.0285831;1.5706,0.466932,1.57067
-0.517308,-0.102168,0.028676;1.57081,0.459187,1.57539
-0.517145,-0.10032,0.0302742;1.57957,0.445314,1.58873
-0.517973,-0.0916363,0.0389713;1.55037,0.3954,1.60607
-0.520162,-0.0885138,0.0317207;1.49683,0.39808,1.60587
-0.519657,-0.0908715,0.0285797;1.57071,0.397301,1.5707
-0.519535,-0.0910292,0.0286616;1.56649,0.40445,1.5725
-0.519534,-0.0909096,0.02858;1.57078,0.388391,1.57072
-0.519506,-0.0903468,0.0290577;1.57302,0.375712,1.58211
-0.518098,-0.083956,0.0382941;1.64549,0.32793,1.58485
-0.519629,-0.08172,0.037524;1.52619,0.324699,1.60078
-0.520338,-0.082021,0.0285985;1.57111,0.318803,1.57189
-0.520116,-0.0824644,0.0285794;1.5708,0.338505,1.57071
-0.520194,-0.0822973,0.02858;1.57067,0.328232,1.57072
-0.520112,-0.0822163,0.0287031;1.57085,0.322196,1.57683
-0.519166,-0.0739506,0.0365306;1.63038,0.269835,1.58769
-0.521121,-0.0695063,0.0386106;1.49472,0.263212,1.60478
-0.521183,-0.0705474,0.028698;1.57847,0.267608,1.56965
-0.521332,-0.0706196,0.0285802;1.57075,0.278345,1.57073
-0.521324,-0.0705643,0.0285807;1.57067,0.270496,1.57069
-0.521258,-0.0704764,0.0286626;1.5709,0.258326,1.57484
-0.521258,-0.0704764,0.0286626;1.5709,0.258326,1.57484
-0.520626,-0.0686088,0.0307717;1.58681,0.246528,1.58703
-0.520626,-0.0686088,0.0307717;1.58681,0.246528,1.58703
