0,0,0.11;-1.57,-2.98023e-08,-1.57
0,0,0.11;-1.57,-2.98023e-08,-1.57
0,0,0.11;-1.57,-2.98023e-08,-1.57
0.000598859,0.00982853,0.0286214;-1.56866,-0.141924,-1.56998
0.000646252,0.0101654,0.0286329;-1.57076,-0.108285,-1.56833
-0.00120677,0.00466201,0.0302181;-1.57674,-0.0412257,-1.55239
-0.000258628,-0.0401908,0.0352625;-1.4613,0.106174,-1.56128
0.00043348,-0.0368781,0.0285773;-1.5711,0.0443245,-1.5709
0.000591086,-0.0368408,0.0287097;-1.56467,0.0459454,-1.57108
0.00063548,-0.0367861,0.0286703;-1.56642,0.0471795,-1.5712
0.00140279,-0.0372283,0.0286094;-1.57078,0.112665,-1.56938
-0.000552816,-0.0414061,0.0299185;-1.57306,0.165875,-1.55342
-0.00625699,-0.0652504,0.0366442;-1.47474,0.26177,-1.56821
-0.00611821,-0.0929623,0.0324342;-1.50798,0.395276,-1.57568
-0.0054832,-0.0924538,0.0285764;-1.57225,0.385567,-1.56912
-0.00549455,-0.092482,0.0285848;-1.57129,0.380664,-1.57149
-0.00547721,-0.0918895,0.0287427;-1.57081,0.359686,-1.57858
-0.00526238,-0.0922243,0.0287948;-1.56568,0.373833,-1.57545
-0.00471735,-0.0906986,0.0332643;-1.50157,0.375316,-1.57829
-0.00244363,-0.0992584,0.0381094;-1.53897,0.447638,-1.56382
-0.000632146,-0.105727,0.0337963;-1.58198,0.416981,-1.56926
0.000457671,-0.106304,0.0292804;-1.59845,0.39574,-1.56864
0.00279226,-0.104282,0.0293373;-1.60261,0.363729,-1.56674
-0.000511215,-0.107531,0.0316853;-1.62752,0.420554,-1.56634
-0.000927943,-0.108139,0.0345447;-1.65955,0.435047,-1.55802
-0.00035133,-0.11254,0.0404062;-1.6695,0.488281,-1.54898
0.00184606,-0.124646,0.0376476;-1.70814,0.544123,-1.54832
0.00784326,-0.125848,0.0312596;-1.62973,0.458361,-1.55963
0.00989443,-0.124997,0.0309439;-1.62861,0.435984,-1.55617
0.0102995,-0.124689,0.0303309;-1.61361,0.425819,-1.56433
0.00863937,-0.12421,0.0372248;-1.70582,0.475963,-1.52754
0.00541453,-0.128633,0.0450286;-1.66807,0.527934,-1.53354
0.00195354,-0.146168,0.0418087;-1.65919,0.60025,-1.53783
0.00172709,-0.162767,0.0291511;-1.60151,0.644192,-1.55787
0.00340888,-0.161684,0.0290846;-1.59514,0.608772,-1.56436
0.00399951,-0.161757,0.0288875;-1.58485,0.593112,-1.56823
0.0052228,-0.159065,0.0294138;-1.5514,0.530272,-1.57642
0.00444971,-0.158571,0.0349188;-1.49287,0.579908,-1.59793
-0.00187543,-0.168268,0.0366599;-1.47155,0.636777,-1.59341
-0.00419536,-0.184087,0.0286096;-1.57305,0.701914,-1.56882
-0.00325365,-0.183779,0.0287224;-1.57598,0.660056,-1.57087
-0.00286581,-0.183697,0.0286162;-1.57195,0.646479,-1.57141
-0.00290995,-0.183159,0.0287031;-1.56898,0.590952,-1.56672
-0.00292893,-0.182119,0.0309853;-1.54947,0.627361,-1.56286
-0.00879998,-0.185532,0.0398859;-1.53135,0.67915,-1.56894
-0.0191945,-0.207079,0.0285586;-1.57074,0.822759,-1.57181
-0.0191694,-0.207597,0.0285863;-1.57111,0.82541,-1.57105
-0.0179998,-0.207275,0.0286351;-1.57186,0.781023,-1.5719
-0.0169811,-0.20642,0.0285815;-1.57065,0.726626,-1.57048
-0.0155242,-0.203717,0.0300984;-1.56874,0.699038,-1.56038
-0.0107381,-0.195996,0.0392277;-1.57743,0.688207,-1.55016
-0.0138287,-0.20099,0.0311955;-1.65222,0.759599,-1.51798
-0.0172173,-0.204909,0.0294311;-1.61388,0.798855,-1.54294
-0.0153131,-0.205541,0.0296222;-1.61134,0.77336,-1.55387
-0.00949903,-0.202319,0.0314902;-1.64454,0.695111,-1.53441
-0.00641445,-0.196292,0.0338614;-1.67286,0.651557,-1.51996
0.00245029,-0.181145,0.0414773;-1.67899,0.594936,-1.51043
0.000217016,-0.178144,0.0382385;-1.80506,0.649147,-1.43676
-0.00378602,-0.183209,0.0369833;-1.77766,0.70446,-1.45316
-0.00253254,-0.185584,0.0363124;-1.7578,0.695019,-1.46773
0.000890683,-0.1836,0.0352631;-1.70229,0.621139,-1.52242
0.00151079,-0.179807,0.0358115;-1.70264,0.589138,-1.52338
0.0049432,-0.169473,0.0395827;-1.68323,0.54057,-1.52631
0.00641181,-0.157665,0.039263;-1.77323,0.507927,-1.45456
0.00656604,-0.157688,0.0377509;-1.78409,0.535269,-1.46874
0.00542269,-0.160337,0.0363477;-1.75448,0.555083,-1.48098
0.00574844,-0.162047,0.0338707;-1.66903,0.542916,-1.54875
0.00710164,-0.158079,0.0323961;-1.6464,0.492676,-1.55099
0.00750114,-0.148911,0.032921;-1.62296,0.428822,-1.55458
0.0115385,-0.118678,0.0439881;-1.60553,0.291247,-1.5407
0.0145299,-0.113633,0.038264;-1.67857,0.313517,-1.52422
0.0136137,-0.117531,0.030762;-1.62781,0.354765,-1.55337
0.0140819,-0.119155,0.0291042;-1.59199,0.338612,-1.57045
0.0150419,-0.118001,0.0287068;-1.57559,0.274991,-1.57155
0.014477,-0.116782,0.0290086;-1.5622,0.262516,-1.56597
0.0131025,-0.0926043,0.0424906;-1.4895,0.13413,-1.55719
0.0149937,-0.0871312,0.0409886;-1.53963,0.145818,-1.55606
0.0158049,-0.0907459,0.0289938;-1.56487,0.167724,-1.55779
0.0161547,-0.0903289,0.0285868;-1.57177,0.203738,-1.57141
0.0162002,-0.0903917,0.02858;-1.57083,0.192655,-1.57081
0.0163886,-0.0902719,0.0289803;-1.5615,0.195451,-1.56241
0.00837972,-0.0803933,0.0390278;-1.43291,0.0811076,-1.54381
0.00484255,-0.0737661,0.0407897;-1.5006,0.0553693,-1.54449
0.00441434,-0.0700201,0.030184;-1.56822,0.0471049,-1.54512
0.0046739,-0.0689732,0.0288594;-1.58403,0.0985749,-1.56999
0.00457731,-0.0692705,0.0291067;-1.59408,0.11517,-1.57085
0.00405488,-0.0707193,0.0288664;-1.58134,0.153212,-1.57263
-0.00198848,-0.062294,0.0408052;-1.50388,0.0456273,-1.55185
-0.00979193,-0.0525606,0.0456795;-1.5846,-0.0318315,-1.55799
-0.0164982,-0.0377009,0.0343577;-1.6559,-0.106736,-1.55037
-0.0177462,-0.0373318,0.0327984;-1.66177,-0.0545135,-1.57787
-0.0173622,-0.038354,0.0337749;-1.67591,-0.042756,-1.58434
-0.0173273,-0.0411875,0.0353669;-1.67154,-0.00466587,-1.60423
-0.0177523,-0.0403986,0.04266;-1.6363,0.00597311,-1.59229
-0.021266,-0.04234,0.0450844;-1.65007,-0.0517416,-1.5796
-0.0260634,-0.033746,0.0414248;-1.65858,-0.113664,-1.56438
-0.0260461,-0.0245253,0.0355649;-1.70992,-0.119293,-1.58822
-0.0262688,-0.0253708,0.0351074;-1.7008,-0.109992,-1.5946
-0.0271364,-0.0266219,0.035717;-1.69838,-0.0890371,-1.60179
-0.028016,-0.0278816,0.037005;-1.69979,-0.05034,-1.60321
-0.0366919,-0.0171379,0.0478623;-1.6063,-0.150743,-1.56124
-0.0414652,-0.0100259,0.0442689;-1.64044,-0.233521,-1.56315
-0.0425652,-0.000797205,0.0344618;-1.68369,-0.277159,-1.59061
-0.0439449,-0.00253503,0.0291965;-1.5985,-0.230888,-1.58037
-0.0439412,-0.00261444,0.0292435;-1.60047,-0.229479,-1.5812
-0.0449095,-0.00440847,0.0295342;-1.59988,-0.201483,-1.57834
-0.0467474,-0.0090185,0.0406675;-1.4982,-0.191775,-1.52622
-0.0517811,-0.0105112,0.041927;-1.51373,-0.257508,-1.52213
-0.0613722,-0.00369831,0.0330734;-1.58882,-0.325189,-1.52228
-0.059288,0.00245572,0.0306184;-1.59317,-0.330986,-1.55856
-0.0613991,0.00278597,0.0292209;-1.5937,-0.285573,-1.57426
-0.0631314,0.00143208,0.0318433;-1.62476,-0.251492,-1.56982
-0.0631181,-0.016426,0.0455733;-1.55114,-0.16165,-1.54459
-0.0682554,-0.0194588,0.0453054;-1.54057,-0.235469,-1.52839
-0.0732017,-0.0117007,0.0374573;-1.59835,-0.328993,-1.52472
-0.0689764,-0.00289971,0.0295459;-1.58754,-0.354548,-1.56782
-0.0707276,-0.00392633,0.029274;-1.58918,-0.300995,-1.57317
-0.0717417,-0.00472914,0.0303601;-1.62015,-0.279394,-1.58344
-0.0728329,-0.023333,0.043745;-1.65917,-0.136537,-1.58657
-0.0724365,-0.0324651,0.0481188;-1.61445,-0.140498,-1.57076
-0.0751443,-0.0304058,0.0427245;-1.65017,-0.197176,-1.55989
-0.070163,-0.0252438,0.0359013;-1.69871,-0.239087,-1.58782
-0.0697478,-0.0256294,0.0341935;-1.68522,-0.22464,-1.5966
-0.0697698,-0.0269353,0.033634;-1.6805,-0.212932,-1.59785
-0.0743765,-0.0372128,0.0413857;-1.79705,-0.0899103,-1.59581
-0.0748265,-0.0485355,0.0499389;-1.72341,-0.0234347,-1.58411
-0.0768857,-0.0589624,0.0510157;-1.69256,-0.0136696,-1.57444
-0.0701869,-0.0508167,0.039519;-1.77649,-0.0745176,-1.57688
-0.0691773,-0.0505715,0.0379588;-1.74957,-0.0756708,-1.58319
-0.069025,-0.0518334,0.0363917;-1.72763,-0.0682813,-1.58669
-0.0733123,-0.0565728,0.0390632;-1.77096,0.0154329,-1.57269
-0.0759376,-0.0635242,0.0439932;-1.78584,0.0863704,-1.56225
-0.078623,-0.0763272,0.0511395;-1.72691,0.147919,-1.55536
-0.0766221,-0.0784505,0.0413234;-1.80553,0.116003,-1.52233
-0.0750417,-0.0767992,0.0396958;-1.77629,0.0967553,-1.54211
-0.0741899,-0.0771971,0.0377276;-1.74576,0.092301,-1.55383
-0.0777604,-0.080573,0.0353085;-1.70969,0.136387,-1.55418
-0.0823026,-0.0818234,0.0397314;-1.7716,0.188015,-1.52865
-0.0875624,-0.0903411,0.0470474;-1.73537,0.249069,-1.53123
-0.0994638,-0.108464,0.0387615;-1.68064,0.287291,-1.52208
-0.0935619,-0.106125,0.0342771;-1.66668,0.257652,-1.52837
-0.09237,-0.10754,0.0293089;-1.58621,0.248542,-1.56354
-0.092062,-0.106333,0.0290547;-1.59301,0.231897,-1.56703
-0.0957272,-0.107388,0.0325479;-1.61793,0.281608,-1.53856
-0.102682,-0.116128,0.0408705;-1.61148,0.3435,-1.53579
-0.12349,-0.141942,0.0320986;-1.5462,0.460437,-1.53342
-0.123296,-0.141836,0.0308314;-1.57414,0.42854,-1.53487
-0.121418,-0.141083,0.0291845;-1.56974,0.393249,-1.55837
-0.120741,-0.141027,0.0287529;-1.57092,0.365823,-1.56238
-0.121042,-0.139899,0.0308197;-1.58265,0.382092,-1.54289
-0.124873,-0.141667,0.0385735;-1.65059,0.439253,-1.50301
-0.14728,-0.16164,0.0368818;-1.55149,0.555604,-1.53785
-0.149592,-0.169441,0.0309841;-1.58111,0.560108,-1.52753
-0.14443,-0.168685,0.0294919;-1.57856,0.506599,-1.55849
-0.13979,-0.166267,0.0291701;-1.59757,0.441549,-1.56401
-0.137452,-0.163428,0.0313943;-1.63299,0.414987,-1.54946
-0.135342,-0.157779,0.0373777;-1.72542,0.419225,-1.48932
-0.146764,-0.163891,0.0454062;-1.75533,0.517755,-1.46492
-0.155809,-0.175539,0.0417865;-1.76037,0.583361,-1.46119
-0.153785,-0.180973,0.038696;-1.7837,0.588361,-1.45074
-0.135772,-0.174651,0.038451;-1.78767,0.464723,-1.47989
-0.134844,-0.175655,0.0357811;-1.71413,0.447387,-1.52755
-0.132671,-0.172624,0.0378586;-1.77299,0.429667,-1.48911
-0.13606,-0.168071,0.0454261;-1.8727,0.496278,-1.40856
-0.146845,-0.172792,0.0445776;-1.88767,0.567149,-1.39152
-0.152657,-0.17932,0.044044;-1.95006,0.627277,-1.34371
-0.147996,-0.185774,0.0422842;-1.87103,0.630495,-1.40877
-0.146569,-0.185038,0.0393511;-1.79216,0.599362,-1.4726
-0.144892,-0.18282,0.0376808;-1.7439,0.568277,-1.50374
-0.144291,-0.172148,0.0441891;-1.85081,0.574383,-1.40364
-0.151548,-0.171468,0.0430873;-1.91187,0.614892,-1.35713
-0.158149,-0.172309,0.0412881;-1.90517,0.681261,-1.35797
-0.15655,-0.17781,0.0418054;-1.89163,0.72352,-1.35856
-0.157147,-0.179295,0.0352305;-1.74181,0.708532,-1.465
-0.156642,-0.180089,0.0298187;-1.58723,0.67131,-1.57797
-0.147129,-0.165529,0.0405966;-1.68832,0.618825,-1.48093
-0.149409,-0.15974,0.0396034;-1.77705,0.626353,-1.40665
-0.159057,-0.159511,0.0363176;-1.72183,0.7063,-1.43915
-0.16464,-0.165289,0.0293952;-1.58356,0.790213,-1.55134
-0.165057,-0.167003,0.0287928;-1.57423,0.76319,-1.56043
-0.165378,-0.167001,0.0286623;-1.56816,0.726844,-1.56992
-0.165378,-0.167001,0.0286623;-1.56816,0.726844,-1.56992
-0.164252,-0.163089,0.0319624;-1.4995,0.68211,-1.60389
-0.164252,-0.163089,0.0319624;-1.4995,0.68211,-1.60389
