0,0,0.11;-1.57,-2.98023e-08,-1.57
0,0,0.11;-1.57,-2.98023e-08,-1.57
0,0,0.11;-1.57,-2.98023e-08,-1.57
0.000504481,0.00925401,0.028632;-1.5684,-0.149551,-1.57021
0.00062649,0.00952072,0.0286143;-1.57085,-0.11214,-1.56916
-0.0012155,0.00372152,0.0301743;-1.57544,-0.0426992,-1.55295
-0.00176157,-0.0309644,0.0366577;-1.43552,0.0388559,-1.56391
-0.00163426,-0.0219184,0.0285766;-1.57102,-0.0572009,-1.57097
-0.00150091,-0.0219623,0.028846;-1.55887,-0.0587917,-1.57108
-0.00142259,-0.0219882,0.0287615;-1.56316,-0.0522793,-1.57187
-0.00102632,-0.0224637,0.0286376;-1.5709,-0.000134826,-1.56799
-0.00305835,-0.0274801,0.0301494;-1.57522,0.0577011,-1.5524
-0.00654745,-0.0529848,0.0368242;-1.46775,0.160978,-1.5609
-0.00652272,-0.0613109,0.0335128;-1.47572,0.127767,-1.57447
-0.00583667,-0.0539997,0.0285319;-1.57454,0.0749991,-1.56916
-0.00565915,-0.0533303,0.028693;-1.56535,0.0497697,-1.57106
-0.00544921,-0.0539081,0.0285783;-1.57082,0.104343,-1.57064
-0.00704141,-0.0566385,0.0296536;-1.57398,0.151825,-1.55677
-0.0132634,-0.0794278,0.0346235;-1.50154,0.249969,-1.56503
-0.0171637,-0.0999326,0.0391;-1.40044,0.277,-1.59516
-0.0158378,-0.0942938,0.0336441;-1.46815,0.224699,-1.58794
-0.0144216,-0.0881206,0.0285776;-1.57097,0.169642,-1.5709
-0.014249,-0.0880303,0.0285812;-1.57069,0.176695,-1.57083
-0.0142477,-0.0879657,0.0286785;-1.57108,0.217763,-1.56578
-0.0183072,-0.0944359,0.0304573;-1.57756,0.285231,-1.54899
-0.0266117,-0.11742,0.0351358;-1.46763,0.338783,-1.58978
-0.0269196,-0.120743,0.032239;-1.49359,0.310882,-1.58996
-0.0251179,-0.116845,0.0288421;-1.55882,0.272449,-1.57488
-0.0251087,-0.117484,0.0288294;-1.55944,0.293809,-1.57511
-0.0249066,-0.11754,0.0285782;-1.57079,0.318171,-1.57093
-0.0345182,-0.132859,0.0324415;-1.54605,0.447523,-1.55857
-0.0455847,-0.158066,0.0401091;-1.38293,0.522783,-1.63409
-0.0471934,-0.162866,0.0369109;-1.38937,0.48584,-1.64778
-0.0403585,-0.151562,0.0285605;-1.57082,0.411961,-1.57029
-0.0402833,-0.151788,0.0288097;-1.56021,0.41632,-1.57637
-0.040147,-0.152681,0.0287267;-1.56307,0.452099,-1.57421
-0.0443523,-0.156298,0.0302077;-1.57834,0.538876,-1.54922
-0.0596888,-0.177869,0.0369925;-1.44255,0.641407,-1.62176
-0.0686211,-0.191857,0.0388269;-1.36173,0.642868,-1.67716
-0.0607383,-0.181991,0.028542;-1.56973,0.551895,-1.57181
-0.0606448,-0.182151,0.0287891;-1.55904,0.550289,-1.57683
-0.0609107,-0.182662,0.0287894;-1.56029,0.565659,-1.57751
-0.0617254,-0.183198,0.0288082;-1.57333,0.622566,-1.56255
-0.0712543,-0.191641,0.0324578;-1.59442,0.689821,-1.53991
-0.086347,-0.210049,0.0393559;-1.35821,0.75084,-1.68949
-0.0808009,-0.205306,0.0287287;-1.59086,0.645846,-1.56108
-0.0793862,-0.204726,0.0286319;-1.57106,0.616831,-1.57329
-0.0793913,-0.205284,0.0287143;-1.57052,0.636609,-1.57737
-0.0817838,-0.20699,0.0290659;-1.59703,0.728037,-1.55537
-0.0893634,-0.211419,0.0326806;-1.66258,0.77899,-1.50566
-0.102904,-0.223342,0.0410822;-1.54642,0.874028,-1.5838
-0.0989974,-0.226302,0.0291286;-1.59506,0.760525,-1.56283
-0.097383,-0.225905,0.0288522;-1.57679,0.735913,-1.57522
-0.0980794,-0.226369,0.0288428;-1.57504,0.761286,-1.5772
-0.103099,-0.227701,0.029581;-1.61926,0.848963,-1.53952
-0.109639,-0.229754,0.0341156;-1.73349,0.901129,-1.45012
-0.121193,-0.237436,0.042042;-1.67059,0.988155,-1.49272
-0.119283,-0.239375,0.029064;-1.59848,0.884998,-1.55499
-0.115848,-0.238513,0.0292516;-1.6066,0.849288,-1.55282
-0.116283,-0.23863,0.0290183;-1.58772,0.865162,-1.56796
-0.123426,-0.240118,0.029485;-1.61827,0.957719,-1.53894
-0.128945,-0.240918,0.0334233;-1.74622,1.0072,-1.42925
-0.139417,-0.244799,0.0399694;-1.83136,1.07673,-1.34941
-0.146427,-0.249116,0.0361859;-1.61507,1.06738,-1.54041
-0.138874,-0.247495,0.0299458;-1.63776,1.00487,-1.52119
-0.137037,-0.247686,0.0291235;-1.60277,0.975609,-1.55267
-0.13955,-0.247904,0.0290218;-1.58649,1.02423,-1.57016
-0.14325,-0.247509,0.029868;-1.64682,1.07085,-1.50833
-0.15129,-0.248146,0.0345899;-1.82401,1.12222,-1.34736
-0.177216,-0.258329,0.042722;-1.43045,1.21981,-1.69855
-0.174551,-0.258165,0.0367881;-1.43381,1.15802,-1.70563
-0.165038,-0.257114,0.0290927;-1.61779,1.10631,-1.53568
-0.165478,-0.257675,0.028741;-1.57062,1.12648,-1.57848
-0.167217,-0.25759,0.028823;-1.57449,1.17908,-1.57839
-0.169645,-0.256882,0.0297981;-1.65327,1.20822,-1.49719
-0.202689,-0.26425,0.0431514;-1.15239,1.33646,-1.96018
-0.210626,-0.266993,0.0379189;-1.01585,1.23737,-2.09805
-0.198634,-0.262565,0.0285826;-1.57128,1.21599,-1.57052
-0.196784,-0.262905,0.0287025;-1.56678,1.19487,-1.57986
-0.198654,-0.264216,0.0286078;-1.57002,1.28809,-1.57307
-0.199494,-0.263981,0.0286473;-1.5736,1.31371,-1.56479
-0.234248,-0.269089,0.0384413;-0.53931,1.38326,-2.56249
-0.243559,-0.271204,0.0378824;-0.700226,1.33905,-2.41822
-0.233246,-0.267835,0.0290462;-1.48324,1.36234,-1.65391
-0.231629,-0.267794,0.0288317;-1.5221,1.33761,-1.61964
-0.232198,-0.268796,0.0285775;-1.5708,1.40218,-1.57077
-0.232622,-0.268416,0.0287127;-1.57779,1.43809,-1.55754
-0.275199,-0.269456,0.0403784;0.34075,1.40768,2.83201
-0.286584,-0.270395,0.038176;0.0941774,1.40294,3.05561
-0.276344,-0.270452,0.0302615;-0.699618,1.52336,-2.43775
-0.272147,-0.270757,0.0288284;-1.4503,1.4822,-1.69212
-0.273111,-0.271262,0.028557;-1.57041,1.53866,-1.57051
-0.273414,-0.271093,0.0286547;-1.57081,1.54609,-1.56725
-0.305466,-0.266845,0.0379431;0.87153,1.38953,2.28849
-0.320833,-0.267028,0.037449;0.60615,1.36905,2.53185
-0.315316,-0.267664,0.0342003;0.776995,1.42036,2.36836
-0.306884,-0.268646,0.0286771;1.42011,1.53998,1.72113
-0.307995,-0.269204,0.0288663;1.37715,1.50471,1.7625
-0.308004,-0.269301,0.0285796;1.56726,1.47729,1.57444
-0.310068,-0.267695,0.0294459;1.5887,1.42812,1.5655
-0.35584,-0.257196,0.039642;1.06863,1.22637,2.0768
-0.357457,-0.257662,0.0358344;1.06411,1.28074,2.06568
-0.348167,-0.260622,0.0285089;1.5808,1.36551,1.56354
-0.347662,-0.260924,0.0287773;1.52587,1.38178,1.61393
-0.34828,-0.261474,0.028579;1.57036,1.33115,1.57138
-0.348499,-0.261221,0.0287426;1.57315,1.30245,1.57652
-0.385739,-0.245857,0.0401106;1.23653,1.09689,1.90456
-0.397238,-0.243186,0.0377288;1.17434,1.12837,1.93912
-0.386997,-0.248583,0.0286612;1.56631,1.20413,1.57714
-0.385733,-0.249534,0.0288553;1.53371,1.24337,1.60455
-0.386608,-0.249803,0.028579;1.57059,1.19032,1.5707
-0.386707,-0.249795,0.0286999;1.5719,1.15938,1.57613
-0.420129,-0.230184,0.0393631;1.32367,0.967868,1.80718
-0.43217,-0.225057,0.0377312;1.26763,0.99052,1.83562
-0.4234,-0.231746,0.0290362;1.53861,1.05475,1.60144
-0.421951,-0.233299,0.0288409;1.54547,1.10109,1.59205
-0.422659,-0.233303,0.0286541;1.56338,1.06214,1.57732
-0.422557,-0.233285,0.028607;1.57019,1.0332,1.57259
-0.446893,-0.211264,0.0370843;1.3924,0.868149,1.7326
-0.461077,-0.202,0.0381795;1.30534,0.850364,1.79003
-0.457661,-0.20544,0.0332103;1.42261,0.899176,1.69463
-0.454423,-0.20891,0.0287505;1.55832,0.91542,1.5797
-0.455115,-0.208718,0.0287665;1.56109,0.891401,1.57545
-0.455695,-0.20848,0.0285755;1.57054,0.856628,1.57113
-0.461563,-0.198197,0.0330137;1.63222,0.763798,1.54283
-0.477717,-0.181284,0.0406356;1.43403,0.674861,1.67729
-0.485378,-0.175074,0.0371083;1.36119,0.707474,1.7152
-0.477102,-0.186898,0.0287015;1.57128,0.814182,1.56439
-0.477626,-0.186784,0.0287225;1.57068,0.79447,1.56404
-0.478595,-0.185467,0.0287003;1.57045,0.752631,1.5652
-0.479802,-0.179392,0.0312691;1.6322,0.666111,1.53189
-0.486479,-0.166197,0.0388305;1.65296,0.580805,1.52728
-0.496194,-0.152296,0.0418082;1.50194,0.555034,1.61282
-0.494233,-0.16294,0.0291501;1.59572,0.671574,1.54721
-0.494529,-0.163481,0.0288041;1.5765,0.674658,1.56106
-0.494923,-0.162228,0.0288318;1.57464,0.646764,1.55966
-0.494932,-0.158005,0.0302874;1.62001,0.571881,1.54007
-0.496893,-0.149434,0.0356922;1.70614,0.50513,1.50251
-0.50341,-0.134914,0.0443185;1.60411,0.418516,1.55609
-0.507126,-0.137804,0.0292431;1.595,0.533718,1.54742
-0.507311,-0.139812,0.029025;1.58443,0.557231,1.5537
-0.507471,-0.138801,0.0289291;1.57764,0.528192,1.55675
-0.507447,-0.132948,0.0298982;1.61119,0.433541,1.54895
-0.50749,-0.126526,0.0345872;1.68796,0.374497,1.52042
-0.511078,-0.11337,0.0424986;1.62734,0.289571,1.54882
-0.515006,-0.1139,0.0291935;1.59162,0.404871,1.55228
-0.515324,-0.116016,0.0289506;1.58046,0.429264,1.55789
-0.515468,-0.114801,0.0288473;1.57437,0.399474,1.5601
-0.51455,-0.109797,0.0294085;1.60286,0.3079,1.55636
-0.513281,-0.103998,0.0333771;1.65858,0.253694,1.5454
-0.514882,-0.0890755,0.0408521;1.63192,0.162796,1.56061
-0.517636,-0.0790232,0.0298254;1.55164,0.233446,1.57006
-0.517837,-0.082457,0.0289615;1.58036,0.279911,1.559
-0.518033,-0.0820975,0.0287188;1.5705,0.259757,1.56415
-0.517893,-0.0795708,0.0287925;1.57223,0.192409,1.5617
-0.516613,-0.0773759,0.0294515;1.591,0.152243,1.56756
-0.515013,-0.0638791,0.0348341;1.63379,0.0839112,1.57574
-0.518246,-0.0335335,0.0360116;1.43158,0.0460115,1.5839
-0.51802,-0.0429058,0.0287309;1.57936,0.095497,1.57077
-0.51831,-0.0438494,0.0285788;1.57086,0.113063,1.57079
-0.518886,-0.0422522,0.0286226;1.56946,0.0490375,1.56985
-0.518788,-0.0421728,0.0286103;1.571,0.0212528,1.57255
-0.516351,-0.036647,0.0305422;1.58427,-0.0319163,1.588
-0.511833,0.00761518,0.0380235;1.39441,-0.140868,1.5612
-0.512874,0.00201325,0.0334327;1.4756,-0.0950163,1.5674
-0.513839,-0.00496599,0.0285909;1.57087,-0.04361,1.57122
-0.514054,-0.0049895,0.0288048;1.56133,-0.0389118,1.56903
-0.514413,-0.00457405,0.028579;1.57064,-0.0732273,1.57064
-0.513645,-0.00384832,0.0290559;1.5734,-0.11147,1.58024
-0.502664,0.0403041,0.0405961;1.3989,-0.283341,1.55527
-0.50218,0.0473843,0.0371389;1.4028,-0.237392,1.53762
-0.505709,0.0361182,0.0286039;1.58049,-0.196318,1.57552
-0.506355,0.0355954,0.0288128;1.56055,-0.17074,1.56807
-0.506986,0.0361831,0.0285565;1.57258,-0.225316,1.5713
-0.50682,0.0365051,0.0286922;1.57118,-0.253675,1.57668
-0.491455,0.072694,0.0393144;1.41712,-0.4232,1.53747
-0.488045,0.0855041,0.0375085;1.39187,-0.390054,1.50608
-0.49257,0.0750577,0.0285135;1.57699,-0.350916,1.57534
-0.493508,0.0740525,0.0288576;1.55814,-0.313447,1.56561
-0.493827,0.0746398,0.0285745;1.57121,-0.359217,1.57072
-0.493672,0.074687,0.0286927;1.57104,-0.389266,1.57675
-0.493672,0.074687,0.0286927;1.57104,-0.389266,1.57675
-0.487966,0.0811332,0.0309039;1.58055,-0.454536,1.59764
-0.487966,0.0811332,0.0309039;1.58055,-0.454536,1.59764
