0,0,0.11;-1.57,-2.98023e-08,-1.57
0,0,0.11;-1.57,-2.98023e-08,-1.57
0,0,0.11;-1.57,-2.98023e-08,-1.57
0.000351273,0.00757051,0.028668;-1.57025,-0.134583,-1.57473
-5.84252e-05,0.00598251,0.0285842;-1.57116,-0.0813722,-1.57104
-0.00188756,0.000485857,0.030242;-1.5912,-0.0294899,-1.56632
-0.00433006,-0.0261984,0.0351945;-1.45665,0.0201684,-1.56618
-0.00404315,-0.0152749,0.0287748;-1.57767,-0.093142,-1.57661
-0.0038358,-0.0153386,0.0287898;-1.56759,-0.0856593,-1.57748
-0.00380135,-0.0147929,0.0286868;-1.57077,-0.0986752,-1.57582
-0.00438741,-0.0174638,0.0285994;-1.57189,-0.0190802,-1.57091
-0.00679054,-0.0244369,0.0309555;-1.60104,0.0244783,-1.56225
-0.00944284,-0.0442473,0.0381572;-1.54936,0.111782,-1.55838
-0.00895173,-0.0496132,0.0320097;-1.51033,0.0546334,-1.56972
-0.0078197,-0.0425523,0.0287708;-1.58069,-0.00492915,-1.57154
-0.00724678,-0.0419416,0.0286091;-1.57075,-0.0115864,-1.57214
-0.00801528,-0.0444973,0.028595;-1.57156,0.0626899,-1.5715
-0.0104345,-0.0478864,0.0298742;-1.58864,0.108659,-1.56433
-0.0156141,-0.0648605,0.0364338;-1.58782,0.188773,-1.55654
-0.0181064,-0.0830715,0.0373066;-1.42406,0.194229,-1.58402
-0.0170506,-0.076051,0.0326072;-1.49879,0.129582,-1.57807
-0.0150244,-0.0693137,0.0285765;-1.57062,0.0755081,-1.57149
-0.0152866,-0.0700283,0.0286426;-1.57078,0.12237,-1.57375
-0.0163056,-0.0708907,0.0286023;-1.57176,0.171076,-1.56995
-0.0200655,-0.076895,0.0313223;-1.60428,0.220875,-1.55386
-0.0256122,-0.0930675,0.0357423;-1.52939,0.265098,-1.57082
-0.0262261,-0.0954271,0.0304732;-1.53305,0.210085,-1.57741
-0.0241103,-0.0912827,0.028733;-1.56799,0.157847,-1.57582
-0.0242766,-0.0920753,0.0287358;-1.56834,0.176625,-1.57635
-0.0247417,-0.0930351,0.0285712;-1.57033,0.212802,-1.57093
-0.0324992,-0.106342,0.0339838;-1.61065,0.319645,-1.54518
-0.0383151,-0.126497,0.0400992;-1.45361,0.378979,-1.59283
-0.040228,-0.131262,0.0356961;-1.43462,0.318845,-1.60807
-0.03568,-0.11926,0.0285787;-1.57137,0.235528,-1.5705
-0.0357525,-0.119972,0.0287257;-1.56891,0.259226,-1.57651
-0.0357987,-0.120876,0.0286707;-1.56874,0.286297,-1.57383
-0.0401696,-0.124402,0.0305515;-1.59318,0.374288,-1.55275
-0.0494094,-0.14124,0.0375683;-1.54172,0.465454,-1.56815
-0.055486,-0.156623,0.037279;-1.41613,0.459894,-1.62427
-0.0513238,-0.147286,0.0285058;-1.57009,0.350502,-1.57024
-0.0510831,-0.147314,0.0287552;-1.56581,0.362794,-1.57623
-0.0513104,-0.147929,0.0287134;-1.56875,0.38139,-1.57614
-0.0525911,-0.148719,0.02889;-1.57602,0.452714,-1.56354
-0.0602456,-0.157537,0.0331961;-1.60323,0.514736,-1.53972
-0.0708395,-0.176395,0.0401446;-1.45154,0.590973,-1.61483
-0.0705811,-0.174345,0.0286642;-1.57617,0.461781,-1.56869
-0.0694771,-0.173507,0.0285748;-1.57103,0.445626,-1.57066
-0.0695055,-0.174278,0.0287303;-1.56838,0.473651,-1.57707
-0.0705759,-0.175352,0.0286107;-1.57113,0.550715,-1.56871
-0.0761236,-0.178891,0.031363;-1.60298,0.600187,-1.5387
-0.0886644,-0.194727,0.0391699;-1.48999,0.689162,-1.60151
-0.0911471,-0.195799,0.0286567;-1.58329,0.556271,-1.5647
-0.0901812,-0.195297,0.0285754;-1.57098,0.535792,-1.57063
-0.0904125,-0.196159,0.0287474;-1.56664,0.563386,-1.57754
-0.0914287,-0.197192,0.028616;-1.57097,0.638434,-1.56927
-0.0969717,-0.200622,0.0311193;-1.59941,0.69384,-1.53851
-0.111149,-0.216144,0.0386985;-1.46846,0.786417,-1.62349
-0.114551,-0.2197,0.0290109;-1.55546,0.688616,-1.57508
-0.113396,-0.219001,0.0285786;-1.57135,0.663245,-1.57053
-0.113331,-0.219434,0.0287596;-1.56395,0.685616,-1.57837
-0.114666,-0.220908,0.0285812;-1.57084,0.753054,-1.57084
-0.118331,-0.222009,0.0299396;-1.58663,0.802392,-1.54914
-0.13344,-0.232908,0.0364907;-1.53165,0.895416,-1.58583
-0.142574,-0.242279,0.0336801;-1.42708,0.874458,-1.67204
-0.13887,-0.238388,0.0286871;-1.57401,0.823499,-1.56451
-0.137961,-0.23809,0.0285799;-1.57128,0.804666,-1.57044
-0.138333,-0.238233,0.0285797;-1.57079,0.837148,-1.5708
-0.138671,-0.237781,0.0286547;-1.57163,0.885879,-1.56599
-0.145956,-0.239671,0.031198;-1.60849,0.946641,-1.52509
-0.175809,-0.260922,0.037015;-1.294,1.02296,-1.78652
-0.173296,-0.260187,0.0339021;-1.39502,0.965228,-1.70868
-0.168046,-0.257171,0.0285929;-1.57218,0.929556,-1.56843
-0.16831,-0.258075,0.0287111;-1.5649,0.965076,-1.57895
-0.168859,-0.258712,0.0285809;-1.57096,1.00756,-1.57058
-0.169743,-0.258455,0.0289962;-1.57585,1.034,-1.55935
-0.201501,-0.27348,0.0407977;-1.27883,1.18364,-1.81371
-0.210008,-0.277896,0.0361728;-1.24128,1.10716,-1.85695
-0.201772,-0.272963,0.0290337;-1.53741,1.07149,-1.59401
-0.20044,-0.273081,0.0287578;-1.55908,1.08066,-1.58411
-0.201656,-0.273979,0.0285801;-1.57051,1.14512,-1.57101
-0.201989,-0.273808,0.0287035;-1.57157,1.16576,-1.56336
-0.229865,-0.281605,0.0394143;-1.19885,1.30557,-1.90432
-0.241403,-0.286262,0.0364552;-1.14979,1.2335,-1.96205
-0.233122,-0.281373,0.0287968;-1.55628,1.19404,-1.57927
-0.232115,-0.281695,0.0287638;-1.55412,1.19778,-1.58916
-0.233004,-0.28229,0.028579;-1.57057,1.26133,-1.57108
-0.233038,-0.282119,0.0286783;-1.57213,1.27736,-1.56411
-0.262103,-0.28767,0.0390307;-0.922631,1.40646,-2.18634
-0.272949,-0.290194,0.0362116;-0.964467,1.33085,-2.15517
-0.26524,-0.286745,0.0293138;-1.48746,1.31472,-1.64395
-0.264161,-0.287037,0.0287771;-1.54043,1.31999,-1.60207
-0.265007,-0.287427,0.0285796;-1.57036,1.37335,-1.57124
-0.265249,-0.28745,0.0286153;-1.57085,1.37515,-1.56912
-0.289795,-0.288354,0.0372734;-0.615673,1.49597,-2.50486
-0.304244,-0.290773,0.034621;-0.617918,1.41709,-2.50903
-0.301623,-0.290547,0.0326489;-0.88224,1.44724,-2.24481
-0.297345,-0.290102,0.028609;-1.56032,1.43386,-1.58109
-0.298735,-0.290525,0.028798;-1.46797,1.47988,-1.67463
-0.298621,-0.29049,0.0285793;-1.56961,1.50033,-1.57208
-0.299939,-0.28958,0.0293032;-1.42781,1.54575,-1.70292
-0.337871,-0.288017,0.0378347;0.739241,1.39573,2.42181
-0.34197,-0.286719,0.0340549;0.448331,1.45547,2.69952
-0.336101,-0.286651,0.0286278;1.65148,1.55964,1.49339
-0.3363,-0.287208,0.0286645;1.4772,1.53261,1.66378
-0.337195,-0.287316,0.028571;1.56965,1.49413,1.57223
-0.33714,-0.287251,0.028768;1.56459,1.47017,1.58544
-0.366423,-0.279936,0.0384204;1.19206,1.29079,1.96301
-0.377836,-0.278419,0.0350273;0.997247,1.33457,2.14268
-0.369847,-0.27881,0.028649;1.5818,1.42442,1.56478
-0.369911,-0.279666,0.0287688;1.52419,1.40985,1.61521
-0.370608,-0.279922,0.0285772;1.56998,1.36259,1.5716
-0.370573,-0.279993,0.0287107;1.56977,1.34385,1.57813
-0.397264,-0.270443,0.0375854;1.32384,1.16853,1.82555
-0.409797,-0.266699,0.0352981;1.20247,1.21028,1.92955
-0.403999,-0.267692,0.0289217;1.53381,1.27573,1.6118
-0.403866,-0.26816,0.0287799;1.54198,1.26308,1.59723
-0.404252,-0.268271,0.0285896;1.56908,1.22957,1.5723
-0.404302,-0.268269,0.0286389;1.57056,1.20801,1.57381
-0.425149,-0.255982,0.0363388;1.43364,1.0492,1.71198
-0.441685,-0.249411,0.0360837;1.3008,1.03358,1.82455
-0.440326,-0.249363,0.0323392;1.40731,1.09272,1.72564
-0.437435,-0.250825,0.0287615;1.55069,1.11882,1.58889
-0.437589,-0.251021,0.0287319;1.55455,1.10309,1.58516
-0.437578,-0.251237,0.02858;1.57079,1.07954,1.57079
-0.444964,-0.242955,0.0317825;1.56366,0.967262,1.59766
-0.466477,-0.22944,0.0386297;1.39796,0.872783,1.73337
-0.47523,-0.223862,0.0354203;1.36025,0.920144,1.7539
-0.470767,-0.227233,0.0285797;1.57116,0.971938,1.57048
-0.471433,-0.227221,0.0287591;1.55557,0.949946,1.58311
-0.471661,-0.227144,0.0287392;1.55798,0.929682,1.5811
-0.472678,-0.224721,0.0297569;1.5608,0.852978,1.59333
-0.485473,-0.210578,0.0350332;1.49612,0.761715,1.6441
-0.502629,-0.196807,0.036504;1.38851,0.722753,1.71609
-0.500067,-0.198278,0.0286479;1.57168,0.817358,1.57395
-0.500079,-0.198401,0.0287059;1.56206,0.807631,1.57703
-0.500356,-0.198465,0.0287441;1.56025,0.79263,1.57743
-0.500825,-0.198701,0.028862;1.56691,0.731173,1.58424
-0.504903,-0.190525,0.0314093;1.54843,0.659084,1.60586
-0.520768,-0.171368,0.0382634;1.43027,0.557907,1.67748
-0.522182,-0.168701,0.028842;1.56337,0.67688,1.58227
-0.521784,-0.169468,0.0285802;1.57083,0.686096,1.5708
-0.522228,-0.169541,0.0287857;1.55814,0.66669,1.57868
-0.522479,-0.169535,0.0287732;1.57048,0.613509,1.5802
-0.524167,-0.164254,0.03047;1.55646,0.549619,1.59791
-0.536076,-0.14411,0.0369352;1.45166,0.443406,1.65224
-0.538943,-0.138297,0.0288872;1.55954,0.546197,1.5817
-0.538488,-0.13923,0.0285749;1.57059,0.560895,1.57046
-0.539055,-0.139127,0.0287948;1.55867,0.540457,1.57716
-0.539344,-0.139733,0.028727;1.57101,0.488668,1.57774
-0.540054,-0.134452,0.0304526;1.5628,0.426151,1.59453
-0.549102,-0.112132,0.0367339;1.47286,0.322092,1.6288
-0.555171,-0.0989414,0.0316753;1.50386,0.375951,1.60258
-0.553983,-0.101805,0.0285697;1.5711,0.396919,1.57039
-0.554341,-0.101798,0.0287956;1.55965,0.378544,1.57504
-0.554578,-0.102078,0.028567;1.57147,0.348955,1.5723
-0.554295,-0.101191,0.0291081;1.56579,0.30496,1.58377
-0.556037,-0.085845,0.0328107;1.53684,0.213074,1.59954
-0.565436,-0.0553827,0.0349067;1.44775,0.188663,1.60515
-0.564691,-0.0605611,0.0290014;1.55529,0.215541,1.57931
-0.564519,-0.0615913,0.0285738;1.57077,0.226066,1.57054
-0.565183,-0.0615506,0.0285807;1.57071,0.187452,1.57075
-0.565244,-0.061581,0.0286619;1.57031,0.162912,1.57711
-0.563984,-0.0566352,0.0302997;1.56679,0.0997469,1.58989
-0.567544,-0.0135853,0.0368458;1.43549,-0.00582436,1.59034
-0.5681,-0.0155063,0.0327054;1.48938,0.0428962,1.58329
-0.567832,-0.019232,0.028639;1.57127,0.073299,1.5738
-0.568408,-0.0192158,0.0287285;1.56074,0.0561151,1.57079
-0.568363,-0.0194284,0.028591;1.57017,0.0268248,1.57084
-0.56813,-0.0188032,0.0289406;1.56691,-0.00975302,1.58124
-0.565585,0.0194376,0.0383601;1.43832,-0.171631,1.58113
-0.565495,0.0266054,0.0354253;1.44243,-0.107701,1.56588
-0.564221,0.0173637,0.0287968;1.56424,-0.046268,1.57428
-0.564788,0.0172508,0.0287761;1.56131,-0.0465239,1.57032
-0.565255,0.0174421,0.0285784;1.57093,-0.087416,1.57103
-0.565454,0.0173825,0.0287552;1.57031,-0.108507,1.57869
-0.558383,0.0496771,0.0375761;1.45135,-0.286413,1.56799
-0.556645,0.0610782,0.0356928;1.44042,-0.227764,1.55139
-0.558107,0.0525289,0.0290909;1.5551,-0.178414,1.57154
-0.558826,0.0519572,0.0288089;1.56081,-0.168043,1.56807
-0.559039,0.0521101,0.0285801;1.57071,-0.198079,1.5707
-0.559264,0.0521065,0.0287288;1.57059,-0.229071,1.57793
-0.559264,0.0521065,0.0287288;1.57059,-0.229071,1.57793
-0.55476,0.0593893,0.0309701;1.56268,-0.30415,1.58718
-0.55476,0.0593893,0.0309701;1.56268,-0.30415,1.58718
