0,0,0.11;-1.57,-2.98023e-08,-1.57
0,0,0.11;-1.57,-2.98023e-08,-1.57
0,0,0.11;-1.57,-2.98023e-08,-1.57
8.69096e-05,0.00356671,0.0286048;-1.57081,-0.211859,-1.57228
-0.000213186,0.00224518,0.0285803;-1.57071,-0.164124,-1.57066
-0.0022247,-0.00421027,0.0291247;-1.56407,-0.111465,-1.56703
-0.00147483,-0.0216079,0.0350268;-1.45598,-0.0039054,-1.5676
-0.00313709,-0.0124675,0.0287138;-1.57114,-0.115093,-1.57735
-0.00294231,-0.0119553,0.0287001;-1.5673,-0.133714,-1.57285
-0.00314029,-0.0120808,0.0286799;-1.56793,-0.143214,-1.57234
-0.00275692,-0.0129707,0.028583;-1.57071,-0.0704616,-1.5706
-0.00361254,-0.0144295,0.0290595;-1.56767,-0.00230938,-1.56356
-0.00481382,-0.0273458,0.0340325;-1.55322,0.108622,-1.55789
-0.00195527,-0.042349,0.0320637;-1.50109,0.110896,-1.57215
-0.00332197,-0.0376645,0.0286006;-1.57186,0.0367796,-1.57299
-0.0033278,-0.0363093,0.0285828;-1.56974,-0.0136236,-1.57065
-0.00406511,-0.0372583,0.0286502;-1.57071,-0.0571645,-1.5674
-0.00523841,-0.0398964,0.0294586;-1.56749,-0.064347,-1.55179
-0.00868336,-0.0481465,0.0320181;-1.54618,-0.0322291,-1.53519
-0.00789808,-0.0772846,0.0359762;-1.43658,0.0833277,-1.57678
-0.00954332,-0.075696,0.0328298;-1.48891,0.0356809,-1.57362
-0.0110533,-0.0705392,0.0285747;-1.57105,-0.0311404,-1.57073
-0.0103709,-0.0701854,0.02863;-1.56841,-0.0177299,-1.57072
-0.00913206,-0.0690181,0.0288137;-1.56872,0.0627618,-1.56188
-0.00999395,-0.0673788,0.0303308;-1.5732,0.16689,-1.54516
-0.0136061,-0.0788194,0.0328072;-1.53235,0.25593,-1.5567
-0.0125658,-0.0891669,0.0313997;-1.51287,0.307911,-1.59239
-0.0123303,-0.0869967,0.0287802;-1.56182,0.274531,-1.57403
-0.0127973,-0.0868548,0.0287231;-1.56366,0.250171,-1.5724
-0.0130399,-0.0869139,0.0285908;-1.57002,0.248387,-1.57069
-0.0177219,-0.0946042,0.0313231;-1.5678,0.231647,-1.53453
-0.0213162,-0.113355,0.0353058;-1.50414,0.267932,-1.55023
-0.0231351,-0.133849,0.0334312;-1.47429,0.248105,-1.59124
-0.022518,-0.132832,0.0285748;-1.5711,0.230313,-1.57071
-0.0226034,-0.132617,0.0285793;-1.57076,0.216583,-1.57084
-0.0223367,-0.132695,0.0286177;-1.57115,0.234874,-1.56851
-0.0203323,-0.131386,0.0300164;-1.56619,0.352867,-1.54814
-0.0224077,-0.136479,0.033127;-1.53909,0.48249,-1.54277
-0.0227733,-0.146799,0.0353474;-1.47774,0.564449,-1.59153
-0.0157639,-0.14966,0.0285771;-1.57127,0.650095,-1.5707
-0.0155801,-0.149486,0.0286119;-1.56891,0.646706,-1.57195
-0.0155624,-0.149197,0.0286162;-1.56866,0.649612,-1.57208
-0.0154719,-0.149011,0.0289955;-1.56897,0.6742,-1.55803
-0.0200911,-0.15198,0.0315735;-1.58358,0.715155,-1.52211
-0.0296018,-0.165358,0.033698;-1.56099,0.77361,-1.52066
-0.0344775,-0.18433,0.0288091;-1.5558,0.772137,-1.58147
-0.0345663,-0.183267,0.0287271;-1.56231,0.728909,-1.57703
-0.0345024,-0.182935,0.0286021;-1.57067,0.716349,-1.57204
-0.0348075,-0.183332,0.0287804;-1.5708,0.715283,-1.56109
-0.0378135,-0.184645,0.030763;-1.5674,0.748933,-1.54014
-0.0452066,-0.188242,0.0335832;-1.54869,0.790629,-1.52916
-0.0442271,-0.196193,0.0289674;-1.5459,0.866062,-1.59201
-0.043939,-0.197432,0.0288974;-1.55434,0.910419,-1.58876
-0.0438695,-0.198634,0.0286905;-1.56346,0.951673,-1.57773
-0.0436842,-0.198367,0.0287289;-1.5711,0.976983,-1.56326
-0.0458534,-0.198989,0.0304827;-1.58339,0.981365,-1.53289
-0.0552258,-0.203866,0.0330131;-1.60376,1.02581,-1.48708
-0.0639829,-0.218139,0.0288525;-1.54346,1.07466,-1.59482
-0.0634286,-0.219112,0.0287272;-1.56573,1.11223,-1.58008
-0.0642477,-0.221038,0.0290239;-1.5247,1.16318,-1.61585
-0.0653381,-0.221707,0.0287087;-1.57086,1.12806,-1.56452
-0.0687941,-0.223085,0.0299882;-1.57592,1.10052,-1.54186
-0.0789578,-0.225848,0.0330637;-1.57142,1.09515,-1.51392
-0.101587,-0.239423,0.0323963;-1.42649,1.07056,-1.6844
-0.103037,-0.238858,0.029543;-1.51349,1.03954,-1.62196
-0.102447,-0.238618,0.0289872;-1.55016,1.042,-1.59762
-0.102174,-0.239628,0.0285787;-1.57121,1.06818,-1.57056
-0.100287,-0.239951,0.0288962;-1.56363,1.13138,-1.56517
-0.0967636,-0.239317,0.0306307;-1.55782,1.20944,-1.5488
-0.0985061,-0.23961,0.0332811;-1.50151,1.26915,-1.57961
-0.0993519,-0.243276,0.030422;-1.4408,1.2831,-1.68394
-0.0985551,-0.244136,0.0290621;-1.55362,1.30317,-1.60612
-0.0990802,-0.245761,0.028637;-1.5717,1.33005,-1.57282
-0.0989231,-0.245794,0.0285796;-1.57163,1.2972,-1.57039
-0.0992851,-0.245912,0.0289856;-1.55849,1.29221,-1.56767
-0.110245,-0.242842,0.0336768;-1.46298,1.27931,-1.61834
-0.118391,-0.246387,0.0330493;-1.44982,1.2266,-1.67648
-0.121271,-0.248291,0.0289274;-1.57616,1.22771,-1.58057
-0.123354,-0.249079,0.0287659;-1.58131,1.29052,-1.56648
-0.122748,-0.249156,0.028716;-1.58949,1.26531,-1.55393
-0.122431,-0.24899,0.0286754;-1.57023,1.27151,-1.56629
-0.11611,-0.251318,0.0330916;-1.46096,1.4138,-1.62807
-0.114482,-0.256193,0.0335463;-1.62147,1.41836,-1.50208
-0.111827,-0.259792,0.0289635;-1.61632,1.42152,-1.5376
-0.117438,-0.26201,0.0293084;-1.57976,1.52021,-1.57936
-0.119663,-0.262156,0.0288681;-1.6162,1.53629,-1.53736
-0.119012,-0.262105,0.0291445;-2.14473,1.52229,-0.9988
-0.121884,-0.257308,0.0365206;-3.06266,1.48421,-0.0358668
-0.127355,-0.259271,0.0345122;-2.46061,1.46679,-0.658671
-0.131578,-0.260771,0.02905;-1.78044,1.46174,-1.36289
-0.137463,-0.259673,0.030478;-1.81444,1.52097,-1.35604
-0.148249,-0.25551,0.029983;1.61616,1.49639,1.49755
-0.148993,-0.255805,0.0291301;1.86511,1.48228,1.27631
-0.154291,-0.248742,0.0352859;2.39994,1.51557,0.787847
-0.159587,-0.248379,0.0332818;-2.80164,1.52894,-0.316658
-0.160514,-0.248608,0.029042;-1.66743,1.53066,-1.47803
-0.1623,-0.250513,0.0311007;-2.84622,1.55561,-0.330175
-0.173942,-0.245421,0.0325655;1.66471,1.40506,1.42931
-0.172431,-0.247488,0.0291991;1.72375,1.41271,1.41383
-0.169016,-0.247365,0.0310417;1.85505,1.38302,1.29223
-0.160641,-0.247321,0.0376266;1.98982,1.28895,1.19989
-0.162133,-0.250874,0.0340616;2.0674,1.34003,1.08629
-0.162374,-0.253846,0.031716;1.90115,1.3909,1.23087
-0.171431,-0.247832,0.0340972;1.66176,1.32902,1.41719
-0.179515,-0.239497,0.0328195;1.62003,1.24141,1.46442
-0.179686,-0.240565,0.0310023;1.74556,1.23521,1.40239
-0.181156,-0.236802,0.0395335;1.88442,1.21871,1.32342
-0.18702,-0.235098,0.03696;1.97399,1.2817,1.21084
-0.188423,-0.237023,0.0307278;1.83525,1.36903,1.30767
-0.193585,-0.232943,0.0342885;1.72574,1.3186,1.36146
-0.200989,-0.223324,0.0350177;1.63819,1.21569,1.43197
-0.20199,-0.223885,0.0317588;1.70516,1.18616,1.42892
-0.194438,-0.239227,0.0395868;1.82454,1.0273,1.38893
-0.19204,-0.250119,0.0369758;1.81503,0.970882,1.38325
-0.19167,-0.255164,0.0329362;1.74857,1.01033,1.4166
-0.192354,-0.255668,0.0335576;1.6201,0.996234,1.47128
-0.196148,-0.246167,0.0358483;1.61169,0.925478,1.45216
-0.198166,-0.244858,0.0330539;1.68637,0.902748,1.45868
-0.20296,-0.236614,0.0399356;1.8224,0.905038,1.39858
-0.206773,-0.234125,0.0399571;1.83097,0.966409,1.38821
-0.212244,-0.231296,0.0360531;1.82915,1.02878,1.35541
-0.213938,-0.234301,0.0318248;1.70891,1.10264,1.43387
-0.21691,-0.228066,0.0348262;1.65661,1.05154,1.43368
-0.220075,-0.220022,0.0349839;1.6288,0.994568,1.44751
-0.222718,-0.215816,0.0350779;1.71335,0.899866,1.4655
-0.221021,-0.21907,0.039767;1.72789,0.881088,1.48615
-0.223793,-0.224395,0.0379832;1.76755,0.89459,1.44114
-0.225583,-0.231029,0.0311145;1.66435,0.97119,1.48257
-0.226494,-0.229872,0.0320313;1.63061,0.941351,1.48662
-0.229445,-0.222649,0.0358309;1.60199,0.848144,1.46052
-0.230829,-0.217078,0.0348616;1.73242,0.721867,1.45504
-0.231117,-0.215461,0.0370091;1.772,0.712449,1.44549
-0.233468,-0.214822,0.0393327;1.78273,0.760704,1.4445
-0.239864,-0.215321,0.032039;1.69227,0.893273,1.46913
-0.240379,-0.218411,0.0303299;1.62348,0.955545,1.50991
-0.241995,-0.213456,0.0334706;1.6254,0.905384,1.47621
-0.244721,-0.201323,0.0317643;1.65836,0.795232,1.49786
-0.245521,-0.197019,0.0343144;1.68155,0.74213,1.50643
-0.244529,-0.198053,0.0386927;1.67968,0.724248,1.53519
-0.249562,-0.198311,0.0311372;1.65837,0.825455,1.50247
-0.249554,-0.201455,0.0301221;1.63174,0.869009,1.51889
-0.249402,-0.203867,0.0300862;1.60858,0.902589,1.52305
-0.250662,-0.196061,0.032338;1.62708,0.79665,1.49997
-0.251391,-0.195011,0.0339079;1.65,0.685341,1.50631
-0.252194,-0.198345,0.0374954;1.66073,0.584658,1.53752
-0.255532,-0.208003,0.0311441;1.64624,0.681296,1.5193
-0.256439,-0.209374,0.0291318;1.5994,0.704887,1.54721
-0.256217,-0.210332,0.0293283;1.59458,0.717872,1.54333
-0.257565,-0.204559,0.0315048;1.6076,0.685385,1.51947
-0.258613,-0.191101,0.033759;1.6734,0.681795,1.50645
-0.260967,-0.172485,0.0377011;1.59529,0.655836,1.57439
-0.262495,-0.167558,0.0290437;1.5946,0.812689,1.54758
-0.262295,-0.168934,0.0292786;1.61331,0.834295,1.53377
-0.262098,-0.170266,0.0292096;1.60861,0.847005,1.53684
-0.262424,-0.170701,0.0294613;1.57804,0.838347,1.5434
-0.261732,-0.168348,0.0296225;1.57198,0.803049,1.5516
-0.261681,-0.16629,0.032005;1.5504,0.70143,1.59672
-0.263883,-0.174764,0.0321717;1.60061,0.672101,1.57069
-0.263329,-0.176646,0.0290811;1.59899,0.737136,1.54808
-0.26312,-0.177011,0.0289793;1.58762,0.739218,1.55212
-0.262009,-0.178218,0.0289031;1.57271,0.753399,1.55582
-0.261877,-0.177342,0.0291244;1.57415,0.740144,1.5514
-0.262618,-0.170788,0.0307791;1.60619,0.70717,1.55109
-0.280838,-0.140618,0.0316173;1.52979,0.701006,1.63233
-0.282365,-0.137399,0.0289293;1.56031,0.818676,1.57993
-0.281686,-0.138451,0.0287345;1.5802,0.899191,1.56136
-0.281625,-0.13883,0.028798;1.57613,0.928157,1.55899
-0.281934,-0.138545,0.0288883;1.57033,0.920571,1.55627
-0.282997,-0.136913,0.029759;1.55049,0.890069,1.56705
-0.285743,-0.129469,0.034478;1.43771,0.757647,1.68631
-0.287952,-0.128087,0.0304004;1.53855,0.813201,1.61778
-0.288084,-0.127559,0.0285635;1.57119,0.863889,1.57001
-0.287098,-0.129487,0.0285825;1.57097,0.893663,1.57062
-0.286868,-0.129082,0.0285804;1.57192,0.850839,1.56929
-0.287006,-0.129345,0.028653;1.56571,0.813184,1.57463
-0.287807,-0.127972,0.033144;1.54769,0.678721,1.64385
-0.293138,-0.122833,0.0307699;1.54957,0.72043,1.61404
-0.293413,-0.120612,0.0285523;1.57025,0.79287,1.56949
-0.293103,-0.121194,0.0285756;1.57032,0.892555,1.57121
-0.293025,-0.120931,0.02858;1.57078,0.887722,1.57077
-0.29293,-0.120253,0.0290087;1.53897,0.901989,1.59535
-0.29293,-0.120253,0.0290087;1.53897,0.901989,1.59535
-0.293841,-0.11903,0.031572;1.47586,0.867993,1.64444
-0.293841,-0.11903,0.031572;1.47586,0.867993,1.64444
