0,0,0.11;-1.57,-2.98023e-08,-1.57
0,0,0.11;-1.57,-2.98023e-08,-1.57
0,0,0.11;-1.57,-2.98023e-08,-1.57
-0.000159219,-0.000228454,0.028598;-1.57091,-0.120107,-1.57179
-0.00012852,-0.000621109,0.0285798;-1.57074,-0.1108,-1.57083
-0.000117188,-0.000899227,0.0288596;-1.56737,-0.102372,-1.56366
-0.000225404,-0.00399963,0.0340428;-1.46884,-0.113514,-1.55408
-0.00100985,0.001701,0.0290143;-1.5684,-0.178931,-1.58915
-0.000377152,0.00537209,0.0298531;-1.57994,-0.213837,-1.59581
0.000638103,0.00831284,0.0291547;-1.58349,-0.242312,-1.58883
-0.000317396,0.00235173,0.0288528;-1.57158,-0.171467,-1.58291
-0.00148314,3.4545e-05,0.0287043;-1.57269,-0.133354,-1.5713
-0.00244652,-0.00148863,0.0294283;-1.56864,-0.112992,-1.55555
-0.00141497,-0.00309085,0.0315944;-1.50939,-0.144449,-1.56072
-0.00230648,-0.00228817,0.0288193;-1.5657,-0.166094,-1.5763
-0.00245015,-0.00198997,0.0288186;-1.57264,-0.172563,-1.58095
-0.00232179,-0.00120158,0.0286111;-1.57099,-0.190599,-1.57245
-0.00242511,-0.00124333,0.0285793;-1.57097,-0.184973,-1.57069
-0.00246417,-0.00134265,0.0288315;-1.57116,-0.168932,-1.55877
-0.000957125,-0.0042704,0.0305123;-1.55221,-0.131919,-1.5895
-0.000938729,-0.00260205,0.0303096;-1.56679,-0.164684,-1.60421
-0.00143932,0.000314472,0.0309407;-1.56571,-0.195752,-1.6077
-0.0034297,0.0049458,0.028768;-1.5615,-0.258501,-1.5683
-0.00325259,0.00516575,0.0285804;-1.57065,-0.247622,-1.57068
-0.00304596,0.00525846,0.0287135;-1.57092,-0.221531,-1.56452
-0.00312187,0.00511547,0.028881;-1.56825,-0.218677,-1.55834
-0.00303844,0.00467178,0.0286219;-1.57087,-0.230942,-1.56869
-0.00330864,0.00463555,0.0288552;-1.57017,-0.235203,-1.5833
-0.00424538,0.00572539,0.0288429;-1.56397,-0.265203,-1.57488
-0.00427566,0.00580197,0.0289052;-1.55466,-0.266788,-1.56613
-0.00355336,0.0051675,0.0290631;-1.55885,-0.18916,-1.55692
-0.00403036,0.00107262,0.0296831;-1.57236,-0.159736,-1.564
-0.00318422,-0.00285647,0.0291873;-1.56538,-0.155072,-1.58153
-0.00372352,0.000937534,0.0304918;-1.56904,-0.198234,-1.60211
-0.00383594,0.0031079,0.0292156;-1.56419,-0.22615,-1.58422
-0.00423571,0.00381032,0.0288079;-1.56932,-0.238563,-1.57994
-0.00341594,0.00340652,0.0291831;-1.55769,-0.192101,-1.5518
-0.00396486,0.00327885,0.0308943;-1.55678,-0.18797,-1.53037
-0.00421863,0.00197467,0.0301996;-1.56385,-0.199033,-1.53991
-0.00423505,0.000528328,0.0288028;-1.56838,-0.219342,-1.57868
-0.00388162,0.00119768,0.0298782;-1.56486,-0.223115,-1.5935
-0.003817,0.00270603,0.031387;-1.56319,-0.236497,-1.61206
-0.00348749,0.000434038,0.0294866;-1.57066,-0.207582,-1.59359
-0.00377293,-0.000885044,0.0289699;-1.55742,-0.172627,-1.56928
-0.00458843,-0.00140571,0.0311134;-1.54903,-0.142236,-1.53308
-0.00553217,-0.00439327,0.0288683;-1.55665,-0.194019,-1.56787
-0.00544961,-0.00424445,0.0287977;-1.57058,-0.187898,-1.58107
-0.00509664,-0.00427721,0.0291784;-1.55768,-0.187909,-1.58495
-0.00543132,-0.00451948,0.0289138;-1.56374,-0.17585,-1.57871
-0.00554692,-0.00463539,0.0287864;-1.56775,-0.166038,-1.56327
-0.00602772,-0.00432358,0.0296482;-1.57123,-0.157327,-1.54795
-0.00558087,-0.00608842,0.0289639;-1.55745,-0.177119,-1.563
-0.00612025,-0.00546069,0.0287378;-1.56815,-0.201581,-1.57551
-0.00662949,-0.00356324,0.0295335;-1.55381,-0.229193,-1.5849
-0.00578199,6.54764e-05,0.0314679;-1.55738,-0.262224,-1.61437
-0.00749862,5.30805e-05,0.0291316;-1.56068,-0.265744,-1.57866
-0.00817736,-0.000218443,0.0291414;-1.57018,-0.238374,-1.55824
-0.00756685,-0.00163585,0.0287637;-1.57099,-0.241757,-1.56199
-0.00774172,-0.00154547,0.0285881;-1.57091,-0.248639,-1.57044
-0.00757863,-0.00154032,0.028867;-1.55706,-0.241928,-1.56652
-0.00804209,-0.0011502,0.029393;-1.5394,-0.259,-1.5717
-0.0083599,-0.00144545,0.0291727;-1.55446,-0.254468,-1.57932
-0.00828956,-0.00199291,0.0288785;-1.56156,-0.238311,-1.56504
-0.00825476,-0.00220538,0.0288054;-1.56436,-0.206606,-1.56491
-0.00835116,-0.00183366,0.02882;-1.5661,-0.22116,-1.57661
-0.00881627,-0.000627896,0.0288902;-1.57472,-0.243685,-1.58282
-0.0101681,0.00221953,0.0290069;-1.55658,-0.335308,-1.57301
-0.0092998,0.00141563,0.0292641;-1.54248,-0.314281,-1.56779
-0.00835476,0.000819446,0.0305397;-1.52063,-0.299215,-1.55927
-0.0103522,0.00104683,0.0300092;-1.57555,-0.302334,-1.54745
-0.00975404,0.000385953,0.0289784;-1.57445,-0.309121,-1.5601
-0.00959911,0.00029419,0.0286967;-1.57108,-0.313434,-1.56525
-0.00978075,0.000440043,0.0285793;-1.57085,-0.312502,-1.57082
-0.00930211,-8.61675e-05,0.0287171;-1.5665,-0.286793,-1.57299
-0.00832645,-0.00105595,0.029885;-1.53559,-0.270546,-1.57012
-0.00721371,-0.0089585,0.0349079;-1.45744,-0.207524,-1.54543
-0.00608875,-0.0112116,0.0350457;-1.4448,-0.199791,-1.55079
-0.00577795,-0.010259,0.0333088;-1.47374,-0.20305,-1.56515
-0.0122813,-0.00304886,0.0298041;-1.52743,-0.275112,-1.55707
-0.0131425,-0.00196868,0.0311573;-1.50092,-0.29787,-1.54824
-0.0133329,-0.0011862,0.0319314;-1.49176,-0.304217,-1.54341
-0.012706,-0.00206329,0.0375187;-1.40689,-0.253227,-1.50679
-0.0108404,-0.00527441,0.0383723;-1.3771,-0.259407,-1.51122
-0.00790551,-0.00682052,0.0386623;-1.37488,-0.223639,-1.52005
-0.00729959,-0.00195905,0.0392323;-1.4216,-0.281162,-1.59076
-0.012251,0.00447131,0.0400354;-1.41757,-0.346203,-1.59287
-0.0131561,0.00786027,0.0393487;-1.41413,-0.373985,-1.57127
-0.0187264,0.0038738,0.0395813;-1.40827,-0.297801,-1.49537
-0.0186738,-0.00720295,0.0413559;-1.40565,-0.263782,-1.49533
-0.0160164,-0.0168064,0.0388326;-1.42236,-0.23544,-1.50731
-0.0106492,-0.0123775,0.0352601;-1.50459,-0.276347,-1.60642
-0.0128992,-0.00692406,0.0366486;-1.48224,-0.317535,-1.60955
-0.0130461,-0.00281685,0.0376404;-1.46524,-0.34214,-1.60422
-0.0165072,-0.00840034,0.0392221;-1.43962,-0.28456,-1.54577
-0.0219911,-0.0191972,0.0458042;-1.36647,-0.254907,-1.49076
-0.029102,-0.0313175,0.0475364;-1.29967,-0.222576,-1.44286
-0.00778304,-0.0340096,0.0448915;-1.2594,-0.242903,-1.49104
-0.00940468,-0.0232628,0.0450885;-1.30581,-0.320099,-1.52997
-0.0200724,-0.0175162,0.0455663;-1.36247,-0.340517,-1.51787
-0.0330546,-0.0145638,0.0490922;-1.47505,-0.309179,-1.51103
-0.0567988,-0.00779093,0.0478759;-1.75403,-0.220351,-1.56465
-0.0535439,-0.00376093,0.0518767;-1.73728,-0.228111,-1.56873
-0.0467359,-0.00351469,0.0524286;-1.72291,-0.234544,-1.57614
-0.0375013,-0.00370685,0.0324158;-1.53592,-0.293795,-1.52526
-0.0407659,-0.00152518,0.0366151;-1.49573,-0.288096,-1.49347
-0.0453679,-0.00272422,0.0397205;-1.51057,-0.273851,-1.47159
-0.0545169,-0.0130208,0.0435155;-1.55543,-0.214436,-1.45652
-0.0456225,-0.0100628,0.0472927;-1.59555,-0.229013,-1.48837
-0.0330352,-0.00716828,0.0473716;-1.59078,-0.230382,-1.53776
-0.0219307,-0.000597754,0.0416432;-1.45254,-0.286066,-1.56425
-0.0247136,0.000323805,0.0386272;-1.39273,-0.298655,-1.52907
-0.0301772,0.00444237,0.038846;-1.40848,-0.305799,-1.4986
-0.043155,0.00425146,0.0449391;-1.46013,-0.249264,-1.46383
-0.0432844,-0.00443901,0.0463;-1.45684,-0.244133,-1.44108
-0.038832,-0.00861037,0.0472244;-1.47983,-0.244267,-1.44317
-0.0344306,-0.0105508,0.0497222;-1.50931,-0.183129,-1.45598
-0.0360466,-0.00438225,0.0481395;-1.49427,-0.209969,-1.45842
-0.040675,-0.000921617,0.050119;-1.49786,-0.225233,-1.46216
-0.0399205,-0.000805515,0.05147;-1.50745,-0.208201,-1.4648
-0.033275,-0.000358588,0.0541412;-1.50797,-0.216981,-1.46438
-0.0234215,-0.00187541,0.0537825;-1.48191,-0.234892,-1.46447
0.000603829,-0.0190947,0.0405729;-1.36722,-0.219382,-1.49096
0.00255986,-0.0181507,0.0382116;-1.38413,-0.22032,-1.52416
0.00319047,-0.0175689,0.0378289;-1.39651,-0.196511,-1.54685
0.00376018,-0.0211077,0.0390292;-1.40909,-0.143825,-1.56118
0.00133136,-0.0234737,0.0444344;-1.41911,-0.120559,-1.54047
-0.00331497,-0.0279926,0.0486903;-1.40892,-0.104017,-1.50592
0.00552841,-0.0326792,0.044381;-1.36728,-0.168339,-1.52014
0.00556825,-0.0345717,0.040687;-1.3579,-0.178843,-1.54361
0.00431193,-0.0318797,0.0362436;-1.4491,-0.158122,-1.58607
-0.00181072,-0.0320577,0.0363071;-1.44782,-0.128204,-1.53176
-0.00762612,-0.0299425,0.0403546;-1.46419,-0.116671,-1.49811
-0.014543,-0.0280739,0.0442549;-1.48424,-0.100867,-1.48003
-0.019484,-0.0364791,0.0498141;-1.48911,-0.0523546,-1.48018
-0.0129111,-0.0361363,0.053235;-1.48979,-0.0644513,-1.50165
0.00105328,-0.0339913,0.0557493;-1.47976,-0.0565742,-1.52959
-0.0121085,-0.0386867,0.0567154;-1.4642,-0.0648473,-1.51232
-0.0105766,-0.0397188,0.0556783;-1.47647,-0.0350386,-1.52078
4.9082e-05,-0.0398203,0.0570048;-1.49374,-0.0417802,-1.53828
0.0154778,-0.0308634,0.060416;-1.50519,-0.115151,-1.56776
0.027223,-0.0275342,0.0537643;-1.43321,-0.128204,-1.56987
0.0343853,-0.0280751,0.0469698;-1.33802,-0.14286,-1.58325
0.0261054,-0.0299939,0.0473652;-1.25902,-0.169165,-1.56148
0.0220085,-0.0293353,0.0491436;-1.30841,-0.15381,-1.55151
0.0168983,-0.0287907,0.0549343;-1.38548,-0.125056,-1.54827
0.0243579,-0.0370793,0.057625;-1.40637,-0.125846,-1.5407
0.0339385,-0.0411471,0.0518316;-1.34334,-0.118998,-1.54548
0.0405752,-0.0437274,0.0458274;-1.30371,-0.12448,-1.56689
0.0342293,-0.0410235,0.0426647;-1.37015,-0.141393,-1.59343
0.0240027,-0.0387002,0.0442514;-1.3996,-0.137082,-1.55468
0.0141084,-0.0373732,0.0465065;-1.46305,-0.133497,-1.53351
0.00620823,-0.0344959,0.0517195;-1.55113,-0.0839121,-1.55297
0.00822334,-0.0339998,0.0582927;-1.56859,-0.117763,-1.53768
0.0150977,-0.0290596,0.0549169;-1.56705,-0.173458,-1.54819
0.0189535,-0.0281512,0.0478337;-1.51165,-0.148402,-1.5493
0.0125651,-0.0361409,0.0519726;-1.49338,-0.089398,-1.53101
0.00794489,-0.0437705,0.0526923;-1.46937,-0.06628,-1.51473
0.0125873,-0.0457305,0.0569852;-1.46639,-0.0660151,-1.532
0.0111829,-0.0404709,0.0617024;-1.52298,-0.105709,-1.55377
0.00581228,-0.0356894,0.061683;-1.57006,-0.13036,-1.57073
-0.000715668,-0.0311673,0.0536258;-1.58722,-0.181825,-1.52935
-0.00113796,-0.0336714,0.0535363;-1.54844,-0.154543,-1.52474
0.00460046,-0.0412258,0.0552433;-1.49352,-0.0954621,-1.52173
0.0233144,-0.0512636,0.0581217;-1.42095,-0.0729713,-1.52689
0.0291637,-0.0579631,0.0566114;-1.38913,-0.0758881,-1.51158
0.0285885,-0.0622681,0.0580636;-1.3773,-0.0869687,-1.50799
0.0320406,-0.0406427,0.0534654;-1.45124,-0.161911,-1.54834
0.0373772,-0.0342861,0.0507182;-1.40091,-0.187341,-1.56545
0.0396141,-0.034491,0.0472904;-1.33919,-0.200863,-1.57536
0.0414072,-0.0405656,0.041895;-1.31236,-0.18615,-1.5143
0.0449193,-0.0418875,0.0412895;-1.33269,-0.153634,-1.54262
0.043471,-0.0386558,0.0404775;-1.36104,-0.169531,-1.56715
0.0471723,-0.0418793,0.0431123;-1.3167,-0.160257,-1.56572
0.046462,-0.0410594,0.0428827;-1.33859,-0.186103,-1.57638
0.0429867,-0.0363164,0.041719;-1.38955,-0.230832,-1.59502
0.0373175,-0.0300347,0.0413083;-1.37861,-0.305297,-1.57157
0.0322301,-0.0314354,0.0400541;-1.37858,-0.285424,-1.53296
0.0304758,-0.0367457,0.0366411;-1.41861,-0.264171,-1.52204
0.0327798,-0.0349505,0.02999;-1.53022,-0.246203,-1.56591
0.0321647,-0.0337727,0.028952;-1.5527,-0.264226,-1.56626
0.0312611,-0.0326474,0.0287965;-1.56448,-0.300461,-1.57314
0.0312611,-0.0326474,0.0287965;-1.56448,-0.300461,-1.57314
0.0309472,-0.0320071,0.0285766;-1.57087,-0.319048,-1.57069
0.0309472,-0.0320071,0.0285766;-1.57087,-0.319048,-1.57069
