0,0,0.11;-1.57,-2.98023e-08,-1.57
0,0,0.11;-1.57,-2.98023e-08,-1.57
0,0,0.11;-1.57,-2.98023e-08,-1.57
2.37813e-05,0.00726308,0.0286361;-1.5679,-0.173194,-1.57008
0.000182194,0.00749661,0.0286423;-1.5694,-0.141105,-1.56825
-0.0016355,0.00237176,0.0299125;-1.56829,-0.073663,-1.55464
-0.0023449,-0.0286378,0.0356118;-1.46377,-0.0182917,-1.55497
-0.00414693,-0.0227887,0.028578;-1.57104,-0.146134,-1.57093
-0.00399817,-0.0231209,0.02873;-1.56849,-0.139384,-1.57553
-0.00392493,-0.0233538,0.0287207;-1.5709,-0.136964,-1.57764
-0.00497834,-0.0253929,0.0289672;-1.58713,-0.0665636,-1.57446
-0.00799442,-0.0297868,0.0300624;-1.58499,-0.0149161,-1.56457
-0.00938703,-0.0471365,0.0365773;-1.52836,0.0758998,-1.55576
-0.00970962,-0.0589204,0.0321077;-1.50155,0.028411,-1.56407
-0.0095995,-0.0543656,0.0286414;-1.57273,-0.0184855,-1.56596
-0.00926629,-0.0540696,0.0287337;-1.56335,-0.0217483,-1.57101
-0.00833525,-0.0536869,0.0286602;-1.57078,0.0656191,-1.56698
-0.00997004,-0.0556661,0.0297608;-1.57381,0.126045,-1.55458
-0.0148526,-0.0753957,0.0345222;-1.5196,0.238393,-1.55615
-0.017563,-0.0983095,0.0373646;-1.41415,0.262339,-1.58664
-0.0161271,-0.094071,0.031931;-1.50616,0.208624,-1.57843
-0.0134693,-0.0896555,0.0290572;-1.59468,0.183038,-1.56729
-0.0151456,-0.0924767,0.029049;-1.58122,0.262258,-1.58037
-0.0175726,-0.0933872,0.0294397;-1.60187,0.309531,-1.56255
-0.0220553,-0.0962641,0.0331418;-1.65138,0.369576,-1.53955
-0.0274181,-0.105353,0.0362093;-1.61,0.422336,-1.53838
-0.0284842,-0.109532,0.0298322;-1.5413,0.383842,-1.57419
-0.0276392,-0.1083,0.0288665;-1.55751,0.348655,-1.57678
-0.0275428,-0.109247,0.0289197;-1.55396,0.381912,-1.5777
-0.0274047,-0.109002,0.0285749;-1.57125,0.401753,-1.57039
-0.0384596,-0.123407,0.0325772;-1.57619,0.51926,-1.5385
-0.0528568,-0.150067,0.0403268;-1.37081,0.578861,-1.64007
-0.0547034,-0.153704,0.037154;-1.39686,0.534682,-1.64188
-0.0443397,-0.145547,0.0289818;-1.5849,0.484925,-1.57096
-0.045882,-0.147518,0.028992;-1.5799,0.518722,-1.57808
-0.0472485,-0.148776,0.0288419;-1.575,0.544523,-1.57737
-0.0546327,-0.151143,0.0311679;-1.61162,0.618797,-1.53818
-0.0677628,-0.165011,0.0369098;-1.51925,0.711466,-1.57919
-0.0788648,-0.181351,0.0376666;-1.38298,0.702235,-1.67496
-0.0746283,-0.175731,0.0286056;-1.57071,0.5902,-1.56883
-0.0748171,-0.175934,0.0288401;-1.55663,0.567998,-1.57886
-0.0750452,-0.176062,0.0287576;-1.56063,0.570305,-1.57623
-0.0752463,-0.176008,0.0289507;-1.56992,0.625985,-1.56111
-0.0846848,-0.183746,0.0320878;-1.54333,0.714405,-1.56603
-0.0994441,-0.202327,0.0385894;-1.42233,0.773933,-1.65204
-0.095474,-0.200902,0.0288179;-1.58593,0.635077,-1.56191
-0.094408,-0.200622,0.0289101;-1.58748,0.625776,-1.56348
-0.0955847,-0.201746,0.028788;-1.57289,0.659473,-1.5776
-0.0967416,-0.202165,0.0286463;-1.57058,0.732617,-1.56725
-0.101055,-0.203851,0.0305229;-1.56387,0.811773,-1.55367
-0.119165,-0.220494,0.0378381;-1.41119,0.926496,-1.66502
-0.124524,-0.228396,0.0286886;-1.57922,0.830026,-1.55986
-0.123422,-0.228157,0.0285815;-1.57073,0.809655,-1.57077
-0.123333,-0.229009,0.0288437;-1.55389,0.835575,-1.58469
-0.123542,-0.230068,0.0287972;-1.574,0.925917,-1.55939
-0.129703,-0.231566,0.031495;-1.62032,0.992758,-1.51184
-0.146877,-0.241131,0.0403118;-1.56255,1.09323,-1.56325
-0.142543,-0.246062,0.0307907;-1.66562,1.00059,-1.49702
-0.137778,-0.246231,0.030265;-1.65077,0.956503,-1.50953
-0.139041,-0.246417,0.0292159;-1.59998,0.984004,-1.55828
-0.146923,-0.245754,0.0291973;-1.62667,1.07235,-1.52513
-0.150999,-0.244261,0.0322536;-1.71727,1.10969,-1.43874
-0.166814,-0.248773,0.0365475;-1.74559,1.19714,-1.3912
-0.184989,-0.258594,0.0363788;-1.2558,1.17322,-1.84157
-0.176335,-0.256572,0.0284537;-1.60081,1.15434,-1.53748
-0.175908,-0.256633,0.0285793;-1.57021,1.11987,-1.57139
-0.175819,-0.256732,0.0285814;-1.57012,1.13162,-1.57156
-0.175513,-0.256472,0.0288567;-1.57976,1.17297,-1.55216
-0.183886,-0.256465,0.0317665;-1.66094,1.23058,-1.46657
-0.218933,-0.266374,0.0412419;-1.21907,1.30383,-1.90005
-0.213577,-0.266032,0.0360192;-1.33125,1.23224,-1.79791
-0.205333,-0.265398,0.029006;-1.62372,1.18095,-1.52297
-0.206029,-0.266343,0.028737;-1.55643,1.18502,-1.58636
-0.206098,-0.266685,0.0285795;-1.5703,1.22187,-1.57127
-0.206993,-0.266135,0.0290908;-1.56332,1.24554,-1.56567
-0.248376,-0.275331,0.0401855;-0.751114,1.37949,-2.3421
-0.259656,-0.277518,0.0372341;-0.952265,1.32098,-2.16004
-0.250082,-0.273453,0.0300276;-1.46273,1.28585,-1.66954
-0.247998,-0.273231,0.0288018;-1.53728,1.24595,-1.60245
-0.247834,-0.273614,0.028579;-1.57034,1.29203,-1.57138
-0.247789,-0.273752,0.0288452;-1.56321,1.32809,-1.56706
-0.274843,-0.276871,0.0424523;-1.03226,1.48074,-2.09878
-0.281232,-0.279562,0.0423112;-1.30859,1.42625,-1.84043
-0.270404,-0.281593,0.0291196;-1.66567,1.36423,-1.48483
-0.268502,-0.282573,0.0287242;-1.57052,1.3794,-1.57791
-0.270281,-0.282663,0.0285664;-1.57157,1.45171,-1.56942
-0.270381,-0.282519,0.0287886;-1.58033,1.47781,-1.55075
-0.307609,-0.280544,0.0397619;0.742617,1.39564,2.43047
-0.321523,-0.281297,0.0383941;0.393649,1.39967,2.75849
-0.309839,-0.280187,0.0304368;-0.134571,1.5329,-3.00053
-0.305202,-0.281151,0.0288746;-1.16641,1.53897,-1.97647
-0.305515,-0.281825,0.028579;1.56546,1.54973,1.5761
-0.305376,-0.281754,0.0289215;2.20795,1.54318,0.933581
-0.321656,-0.276498,0.0411768;2.35231,1.32309,0.788563
-0.328943,-0.277501,0.0424523;2.17607,1.38012,0.955571
-0.325349,-0.278875,0.036693;2.41152,1.36655,0.727452
-0.320561,-0.282287,0.0290662;1.86718,1.51538,1.26754
-0.323807,-0.28016,0.0289051;1.55582,1.46101,1.57734
-0.324538,-0.279673,0.02858;1.57134,1.43311,1.57041
-0.326304,-0.277641,0.0296055;1.60275,1.39887,1.55387
-0.373201,-0.265372,0.040076;1.12222,1.20555,2.03026
-0.377563,-0.265214,0.0360998;1.11033,1.25689,2.02282
-0.369026,-0.269872,0.0285338;1.56429,1.32621,1.58107
-0.369018,-0.270032,0.0287015;1.55034,1.34392,1.58902
-0.370014,-0.269733,0.0286166;1.57093,1.31392,1.56897
-0.370893,-0.268265,0.0294421;1.6634,1.28286,1.4803
-0.391872,-0.256252,0.0458207;1.63405,1.14968,1.50434
-0.396226,-0.254953,0.0441858;1.65287,1.2311,1.47696
-0.388646,-0.259565,0.0298088;1.71307,1.31256,1.4265
-0.387184,-0.260656,0.0286918;1.56991,1.33572,1.56609
-0.388874,-0.260765,0.0285776;1.57288,1.25848,1.56967
-0.388736,-0.260805,0.0287246;1.57262,1.23524,1.57609
-0.416529,-0.247337,0.0379289;1.36679,1.04131,1.77958
-0.430374,-0.241283,0.0356794;1.31839,1.08611,1.80596
-0.423455,-0.243086,0.0289127;1.54215,1.16147,1.60194
-0.423019,-0.244096,0.0287361;1.55881,1.16138,1.57906
-0.423904,-0.243745,0.0286652;1.57079,1.13285,1.56692
-0.424651,-0.242223,0.0293076;1.62695,1.08866,1.51783
-0.437642,-0.231421,0.0435035;1.69744,0.916033,1.45043
-0.441989,-0.228794,0.0467924;1.66365,0.914693,1.47889
-0.440362,-0.233172,0.0372835;1.72173,0.978001,1.42751
-0.435972,-0.239192,0.0287856;1.57599,1.04954,1.55915
-0.43685,-0.23853,0.0287244;1.56763,1.01577,1.56808
-0.437857,-0.238479,0.0285786;1.57073,0.968247,1.57074
-0.445769,-0.22646,0.03232;1.58208,0.822921,1.59425
-0.46693,-0.207221,0.0405997;1.37904,0.71158,1.73986
-0.475191,-0.20076,0.0386446;1.35903,0.734993,1.73747
-0.467865,-0.211907,0.0285681;1.57101,0.794223,1.57051
-0.468599,-0.211976,0.0288003;1.5604,0.773304,1.57487
-0.469176,-0.21155,0.0288085;1.56282,0.754526,1.57107
-0.469514,-0.206897,0.0341825;1.7115,0.681852,1.4746
-0.473722,-0.198235,0.0400234;1.81532,0.593238,1.41795
-0.483382,-0.186575,0.0440198;1.66498,0.57084,1.51421
-0.48303,-0.189734,0.0285763;1.57084,0.708249,1.57064
-0.483105,-0.18993,0.0287876;1.55993,0.71103,1.57625
-0.483957,-0.189705,0.0287929;1.55963,0.68461,1.57636
-0.48421,-0.188784,0.0290386;1.57107,0.62659,1.58313
-0.489066,-0.17556,0.032143;1.56752,0.549564,1.60206
-0.504029,-0.150401,0.0401399;1.4116,0.439597,1.67632
-0.504749,-0.148845,0.0286699;1.57173,0.565951,1.57528
-0.504664,-0.150091,0.0285781;1.57081,0.609003,1.57068
-0.50477,-0.149839,0.0286998;1.56761,0.607568,1.56836
-0.504912,-0.146667,0.0294021;1.6011,0.533204,1.55116
-0.505874,-0.138375,0.0333922;1.6392,0.472351,1.53545
-0.509487,-0.125606,0.042964;1.56424,0.406162,1.57262
-0.508482,-0.123098,0.0286698;1.57905,0.539483,1.5662
-0.508689,-0.123839,0.0286501;1.57115,0.553768,1.57427
-0.509309,-0.123922,0.0287704;1.56074,0.527534,1.57544
-0.509726,-0.124134,0.0287019;1.57075,0.457185,1.5782
-0.509467,-0.118414,0.0306534;1.57586,0.374945,1.59179
-0.517719,-0.0955259,0.0372158;1.47915,0.258594,1.62417
-0.525495,-0.0800431,0.0311441;1.51828,0.302677,1.59269
-0.524911,-0.0825938,0.0285529;1.57035,0.326832,1.5707
-0.52547,-0.0827246,0.0288107;1.56003,0.308512,1.5733
-0.52608,-0.0829457,0.0285802;1.57116,0.264082,1.57115
-0.52498,-0.0822719,0.0293078;1.57553,0.211239,1.57964
-0.524019,-0.069168,0.0344511;1.60451,0.125698,1.58765
-0.531655,-0.0368551,0.036548;1.43851,0.0788118,1.59518
-0.533243,-0.0451089,0.0287143;1.57247,0.0901554,1.57726
-0.533256,-0.0455054,0.028578;1.57078,0.106997,1.57069
-0.533933,-0.0448179,0.0286282;1.56845,0.0632364,1.57102
-0.533839,-0.0449206,0.0287753;1.572,0.036501,1.57923
-0.531437,-0.0385322,0.0309694;1.58274,-0.026723,1.59677
-0.528511,0.0123353,0.0396719;1.40274,-0.166314,1.57376
-0.531577,0.00656189,0.0339897;1.46917,-0.145598,1.56778
-0.534044,0.000418276,0.0285797;1.57085,-0.114219,1.57082
-0.534374,0.000859924,0.0288649;1.55699,-0.125357,1.56919
-0.534364,0.0005736,0.0285809;1.57089,-0.14236,1.57083
-0.533494,0.00141741,0.0292269;1.57194,-0.162976,1.58498
-0.521633,0.0456029,0.0408642;1.40322,-0.336527,1.55644
-0.520446,0.0548385,0.0376393;1.40824,-0.29078,1.53708
-0.525443,0.0459988,0.0287273;1.57749,-0.262718,1.57937
-0.525603,0.0461783,0.0287648;1.56234,-0.237832,1.56804
-0.525995,0.0466613,0.028566;1.57161,-0.273287,1.57122
-0.525735,0.0468089,0.0287722;1.57096,-0.286416,1.5806
-0.510431,0.0790394,0.0387975;1.43794,-0.455496,1.54623
-0.505334,0.0921765,0.0363363;1.42782,-0.407161,1.52297
-0.508734,0.0830718,0.0286979;1.57058,-0.351371,1.57606
-0.509545,0.0821832,0.0287518;1.56254,-0.311361,1.5674
-0.509398,0.0825949,0.0285796;1.57084,-0.336969,1.5707
-0.509222,0.0824296,0.028692;1.57129,-0.373292,1.57657
-0.509222,0.0824296,0.028692;1.57129,-0.373292,1.57657
-0.504805,0.0867497,0.0307554;1.57878,-0.440452,1.59673
-0.504805,0.0867497,0.0307554;1.57878,-0.440452,1.59673
