0,0,0.11;-1.57,-2.98023e-08,-1.57
0,0,0.11;-1.57,-2.98023e-08,-1.57
0,0,0.11;-1.57,-2.98023e-08,-1.57
-0.000372946,0.00352459,0.0285796;-1.5708,-0.192104,-1.57074
-0.000780286,0.00349678,0.0288297;-1.56604,-0.212947,-1.56219
-0.00141714,0.00339648,0.0301586;-1.56343,-0.214687,-1.54003
-0.00303479,0.00094222,0.032765;-1.55906,-0.230698,-1.51094
-0.0023815,-0.00213457,0.0285797;-1.57079,-0.258055,-1.57081
-0.00242389,-0.00192145,0.0285827;-1.57078,-0.282615,-1.57085
-0.00227564,-0.000491076,0.0286937;-1.57204,-0.333728,-1.57633
-0.00186295,0.000698241,0.0288183;-1.58153,-0.369883,-1.57622
-0.0022352,0.000996095,0.0294017;-1.59286,-0.363627,-1.56559
-0.00428302,0.00178022,0.0338935;-1.61118,-0.340516,-1.52905
-0.00295899,-0.00133955,0.0330103;-1.62964,-0.364676,-1.56491
-0.00218819,-0.00433824,0.0307374;-1.62422,-0.375976,-1.59714
-0.0015781,-0.00647987,0.0303519;-1.60869,-0.367649,-1.59914
-0.00117252,-0.00282903,0.0300152;-1.60862,-0.409769,-1.59294
-0.00166266,-0.0022627,0.0292727;-1.59018,-0.411207,-1.58388
-0.00266155,-0.000659894,0.030847;-1.57232,-0.39794,-1.53652
-0.00493532,-0.00063905,0.0339927;-1.55767,-0.36601,-1.49487
-0.00348249,-0.00767275,0.0309412;-1.55253,-0.375155,-1.5375
-0.00317955,-0.00917884,0.0286858;-1.56686,-0.375814,-1.57075
-0.00379601,-0.00817383,0.0286678;-1.57073,-0.411025,-1.57492
-0.00419887,-0.00795831,0.0286774;-1.56749,-0.422672,-1.57168
-0.00476129,-0.00781655,0.0294507;-1.54385,-0.421944,-1.55505
-0.00594732,-0.00540989,0.0319824;-1.52478,-0.403868,-1.52417
-0.00492608,-0.00367105,0.031348;-1.54889,-0.406306,-1.5236
-0.00349181,-0.00516105,0.0291914;-1.59888,-0.382203,-1.58508
-0.00351304,-0.00598873,0.0295637;-1.60458,-0.364571,-1.58782
-0.00354423,-0.00645522,0.029948;-1.61206,-0.3601,-1.58956
-0.00609321,-0.00614372,0.0330271;-1.64043,-0.319192,-1.57331
-0.00901349,-0.00431014,0.0369367;-1.65738,-0.287853,-1.53808
-0.00907027,-0.00414211,0.0376371;-1.65653,-0.306627,-1.53612
-0.0057432,-0.0115492,0.029112;-1.59598,-0.310725,-1.58323
-0.00666439,-0.0138002,0.0289639;-1.58683,-0.276837,-1.58163
-0.00699986,-0.0144555,0.0289704;-1.58976,-0.26154,-1.57984
-0.00767658,-0.0150848,0.0291255;-1.56344,-0.240699,-1.55125
-0.00856911,-0.0135286,0.0321167;-1.55773,-0.230319,-1.51889
-0.00977112,-0.0127013,0.0346659;-1.53113,-0.238249,-1.49736
-0.00719987,-0.0154043,0.0288651;-1.55656,-0.289475,-1.56654
-0.00726417,-0.0149567,0.0288613;-1.5645,-0.302795,-1.57628
-0.00735847,-0.0146629,0.0288437;-1.56549,-0.304006,-1.57672
-0.00820374,-0.0139478,0.0292722;-1.54,-0.327249,-1.56482
-0.00894945,-0.0131435,0.0323279;-1.4936,-0.327873,-1.54181
-0.0101121,-0.0131387,0.0364897;-1.40722,-0.324428,-1.50996
-0.00737528,-0.013155,0.0305096;-1.53326,-0.321952,-1.57005
-0.00674275,-0.0126303,0.0295818;-1.56803,-0.318105,-1.59413
-0.00682439,-0.0130545,0.030267;-1.57138,-0.312243,-1.60032
-0.00640654,-0.0128016,0.0290813;-1.56196,-0.317178,-1.5839
-0.00709345,-0.012471,0.0289469;-1.57108,-0.305868,-1.56717
-0.00790379,-0.0113423,0.032376;-1.54363,-0.291285,-1.52213
-0.00835296,-0.0125631,0.0319515;-1.55535,-0.304745,-1.51744
-0.00815844,-0.0132061,0.0287996;-1.57063,-0.332253,-1.56045
-0.00814592,-0.0131066,0.0286641;-1.571,-0.335508,-1.56665
-0.0081114,-0.012895,0.0286787;-1.57058,-0.323452,-1.56597
-0.00808084,-0.0125733,0.0289251;-1.56639,-0.311404,-1.55674
-0.00854191,-0.0117059,0.0316451;-1.56397,-0.292827,-1.52292
-0.00927585,-0.0135851,0.0338473;-1.55631,-0.303213,-1.49534
-0.00756133,-0.0157501,0.0303573;-1.57173,-0.332568,-1.53959
-0.00719573,-0.0165387,0.0288274;-1.57376,-0.341621,-1.56243
-0.00711766,-0.016051,0.028579;-1.57079,-0.400981,-1.5709
-0.00708303,-0.015773,0.0287561;-1.56323,-0.404458,-1.56927
-0.00770579,-0.0148804,0.0296571;-1.54688,-0.403488,-1.55851
-0.00737204,-0.0156894,0.0350504;-1.46317,-0.372186,-1.5229
-0.00391859,-0.0195743,0.0336686;-1.49374,-0.362706,-1.55576
-0.00361722,-0.018867,0.0307154;-1.56767,-0.369607,-1.60778
-0.00340304,-0.018548,0.0312876;-1.56774,-0.357129,-1.61137
-0.00307779,-0.0186786,0.0304579;-1.55847,-0.355458,-1.60126
-0.00415965,-0.0195797,0.0325531;-1.50244,-0.356375,-1.56057
-0.00728906,-0.0212772,0.037656;-1.40804,-0.347832,-1.49204
-0.00531943,-0.0228422,0.0365725;-1.41357,-0.363536,-1.50864
-0.00555838,-0.0201471,0.0324819;-1.50426,-0.377993,-1.56014
-0.00426894,-0.0198858,0.0310335;-1.5599,-0.354275,-1.60184
-0.00308414,-0.0216214,0.0311602;-1.5581,-0.331582,-1.60992
-0.00331986,-0.023095,0.0315805;-1.52644,-0.322497,-1.57736
-0.00789581,-0.0224857,0.0363414;-1.46561,-0.298583,-1.4945
-0.00650123,-0.0227978,0.0364906;-1.44753,-0.309093,-1.50698
-0.00609126,-0.0231388,0.0356085;-1.44147,-0.319604,-1.52187
-0.00463078,-0.0197401,0.0303511;-1.54856,-0.314358,-1.58422
-0.00612635,-0.0169225,0.0299899;-1.54284,-0.330193,-1.56152
-0.00605259,-0.0181113,0.0336434;-1.47752,-0.31945,-1.53518
-0.0102011,-0.0187942,0.039693;-1.4251,-0.299149,-1.47031
-0.00575146,-0.0206868,0.0394555;-1.40849,-0.314617,-1.48185
-0.00546464,-0.0211985,0.0379148;-1.41092,-0.331378,-1.49962
-0.00512737,-0.0152022,0.029805;-1.55907,-0.356226,-1.57636
-0.00596692,-0.0137056,0.0291245;-1.56354,-0.369543,-1.57798
-0.00642373,-0.0130859,0.0289876;-1.55655,-0.369992,-1.57176
-0.00799794,-0.0102147,0.0341281;-1.5207,-0.338334,-1.51753
-0.00864089,-0.0105961,0.036582;-1.52631,-0.352609,-1.49976
-0.0126609,-0.00894247,0.037126;-1.56256,-0.355519,-1.4929
-0.00305947,0.00190276,0.0321288;-1.57871,-0.43173,-1.5453
0.000105133,0.00134852,0.0294656;-1.56223,-0.430951,-1.56891
-0.000140231,0.00146302,0.0291909;-1.56392,-0.423693,-1.5773
-0.00701474,-0.00555059,0.0333031;-1.5807,-0.361079,-1.52547
-0.0116966,-0.0106045,0.0348724;-1.58638,-0.370087,-1.50545
-0.0148679,-0.0113332,0.0361692;-1.57783,-0.357894,-1.4876
-0.0134981,-0.00191925,0.0325558;-1.5983,-0.444286,-1.53826
-0.0103157,0.00378213,0.0291082;-1.59445,-0.529317,-1.58811
-0.0102599,0.00438074,0.0292107;-1.60423,-0.532139,-1.58991
-0.0114748,0.00324842,0.02997;-1.59631,-0.505232,-1.56537
-0.0179595,-0.00667082,0.0378204;-1.62057,-0.41123,-1.49274
-0.0183525,-0.0202464,0.0388798;-1.61287,-0.355945,-1.47294
-0.0174913,-0.0236894,0.0389226;-1.59751,-0.378149,-1.46304
-0.0102429,-0.0238957,0.0323717;-1.57494,-0.536155,-1.51739
-0.00770182,-0.0256214,0.0288404;-1.57486,-0.577352,-1.56184
-0.00777855,-0.0249975,0.0289155;-1.57893,-0.577358,-1.56178
-0.0132392,-0.0251639,0.0361516;-1.58944,-0.492569,-1.48201
-0.0161733,-0.0335583,0.0371286;-1.59627,-0.448297,-1.47517
-0.0201214,-0.0439828,0.0381356;-1.59738,-0.372947,-1.47151
-0.0100056,-0.0515038,0.0341105;-1.51933,-0.450668,-1.50748
-0.00810018,-0.0521144,0.0302772;-1.54151,-0.506378,-1.55267
-0.00840565,-0.0501439,0.029545;-1.55587,-0.529698,-1.56659
-0.00848169,-0.0500884,0.0356901;-1.43565,-0.485132,-1.49527
-0.00822471,-0.0535839,0.0377853;-1.39302,-0.468727,-1.47519
-0.0101579,-0.0555311,0.0379201;-1.40271,-0.462826,-1.48121
-0.0011477,-0.0660351,0.0349263;-1.4823,-0.437271,-1.55362
-0.0026358,-0.0630074,0.032508;-1.55346,-0.46883,-1.61029
-0.0039401,-0.0607869,0.0320653;-1.55987,-0.489567,-1.62027
-0.0053029,-0.0611081,0.0381856;-1.41951,-0.440952,-1.52489
-0.00616696,-0.0616726,0.040166;-1.37264,-0.422796,-1.49536
-0.0062382,-0.0642164,0.0412574;-1.39586,-0.377217,-1.50279
0.00823381,-0.0749549,0.0377522;-1.46852,-0.375226,-1.58703
0.0086918,-0.0743437,0.0363576;-1.52165,-0.393928,-1.63618
0.00772861,-0.0730637,0.0354632;-1.53458,-0.412096,-1.64506
0.00485768,-0.0749912,0.0356788;-1.47988,-0.382679,-1.5616
0.000417572,-0.0754057,0.0371654;-1.41166,-0.375434,-1.49713
-0.00266017,-0.0737948,0.0385283;-1.39298,-0.383865,-1.49164
0.00284194,-0.076859,0.0329561;-1.53247,-0.365943,-1.57793
0.00314232,-0.0761314,0.0319621;-1.5557,-0.367438,-1.59989
0.00261557,-0.0755163,0.0320399;-1.55066,-0.376608,-1.60801
-0.0021459,-0.0687055,0.0310162;-1.5464,-0.451439,-1.59713
-0.00461249,-0.0637931,0.0316161;-1.54574,-0.486741,-1.58746
-0.00868904,-0.0527112,0.0329952;-1.54699,-0.531251,-1.58921
-0.00977726,-0.0385026,0.0410799;-1.57346,-0.547512,-1.5955
-0.00399913,-0.0341699,0.0382964;-1.57713,-0.574282,-1.63339
0.00166983,-0.0318356,0.0354071;-1.55336,-0.606209,-1.64121
0.0044253,-0.0341947,0.0349763;-1.53219,-0.59007,-1.62301
0.00352106,-0.0351631,0.0341672;-1.52344,-0.597775,-1.60287
0.000344468,-0.0312661,0.0332426;-1.54582,-0.622999,-1.57965
-0.00631969,-0.0198393,0.0375831;-1.6941,-0.612711,-1.58375
-0.00511937,-0.0205354,0.0373311;-1.68723,-0.646482,-1.58395
-0.00099496,-0.0239877,0.029982;-1.57886,-0.703706,-1.57276
-0.00226319,-0.0216597,0.0288071;-1.57083,-0.744039,-1.58175
-0.00439808,-0.0208817,0.0290051;-1.55852,-0.748966,-1.56192
-0.00628957,-0.0193856,0.0301766;-1.56674,-0.736944,-1.55098
-0.00837056,-0.0167788,0.0323496;-1.55656,-0.722177,-1.51771
-0.00776578,-0.0182266,0.0317094;-1.53693,-0.750139,-1.51438
-0.00619701,-0.0199376,0.0302875;-1.53927,-0.764981,-1.5329
-0.00423384,-0.0205074,0.0288046;-1.57085,-0.765924,-1.58082
-0.00453157,-0.0210449,0.0292004;-1.5729,-0.774855,-1.57982
-0.00566457,-0.0203224,0.0298406;-1.58123,-0.75303,-1.57476
-0.00708843,-0.0205131,0.0304749;-1.59241,-0.704467,-1.56939
-0.00860157,-0.0210394,0.0308063;-1.58352,-0.69465,-1.55535
-0.0083397,-0.0231973,0.0295953;-1.55803,-0.723823,-1.55294
-0.00671434,-0.0250041,0.0290325;-1.56873,-0.757244,-1.57476
-0.00703417,-0.0249261,0.0290718;-1.55612,-0.770584,-1.56924
-0.00795739,-0.0239854,0.0294369;-1.55109,-0.778814,-1.56238
-0.00745269,-0.0232052,0.0310354;-1.52751,-0.73409,-1.54188
-0.0036395,-0.0270995,0.0344855;-1.45094,-0.671085,-1.50235
-0.000280652,-0.0308868,0.0365992;-1.40581,-0.614014,-1.48594
0.00275279,-0.0329241,0.0349167;-1.48697,-0.612291,-1.57353
0.00263753,-0.0317169,0.0357259;-1.45782,-0.617395,-1.54895
0.0024631,-0.0319111,0.0380699;-1.36652,-0.611203,-1.47144
0.00222196,-0.0339231,0.0436114;-1.24024,-0.564381,-1.39687
0.00130569,-0.035326,0.0439378;-1.2406,-0.53039,-1.40408
0.00304392,-0.0387796,0.043824;-1.22591,-0.52064,-1.39355
0.00304488,-0.040984,0.0408366;-1.28056,-0.569821,-1.4157
0.00230756,-0.039968,0.0382923;-1.34528,-0.577184,-1.45343
0.00252449,-0.0397293,0.0356491;-1.41253,-0.559202,-1.49736
0.000831753,-0.0412953,0.0394138;-1.32611,-0.53133,-1.43835
-0.000388058,-0.0399624,0.040176;-1.31572,-0.502311,-1.43643
-0.0014467,-0.0388746,0.0402854;-1.3211,-0.485041,-1.44186
0.0018478,-0.0440592,0.03821;-1.34552,-0.538507,-1.45947
0.00158409,-0.0431478,0.0363432;-1.39453,-0.538105,-1.48683
0.00131749,-0.0420798,0.0342101;-1.45386,-0.525874,-1.52972
0.00128793,-0.0429029,0.0382888;-1.35311,-0.495826,-1.45973
0.00103359,-0.0423098,0.0396545;-1.32889,-0.478181,-1.44895
-1.62045e-05,-0.0409177,0.039767;-1.33114,-0.461476,-1.45226
0.00116053,-0.0442341,0.0376797;-1.36708,-0.50091,-1.47701
0.00166962,-0.0429208,0.0357767;-1.42648,-0.50344,-1.51894
0.000403148,-0.0409441,0.034257;-1.48816,-0.508622,-1.56849
0.000403148,-0.0409441,0.034257;-1.48816,-0.508622,-1.56849
-0.000386456,-0.0407427,0.0346373;-1.43751,-0.503493,-1.51425
-0.000386456,-0.0407427,0.0346373;-1.43751,-0.503493,-1.51425
