0,0,0.11;-1.57,-2.98023e-08,-1.57
0,0,0.11;-1.57,-2.98023e-08,-1.57
0,0,0.11;-1.57,-2.98023e-08,-1.57
-0.000548713,0.00125517,0.0285987;-1.57091,-0.174793,-1.56971
-0.000520163,0.000991745,0.0287525;-1.57081,-0.163113,-1.56243
-0.00172087,-0.00101316,0.0301196;-1.56597,-0.141025,-1.54569
-0.00246554,-0.00573525,0.0315673;-1.55922,-0.0925165,-1.5316
-0.00257894,-0.00635192,0.0285795;-1.57078,-0.151627,-1.57076
-0.00244197,-0.00589322,0.0286174;-1.569,-0.149342,-1.57045
-0.00239867,-0.00594716,0.0287177;-1.56441,-0.148546,-1.57015
-0.00141662,-0.00550783,0.0287222;-1.57089,-0.0520689,-1.56391
-0.00263595,-0.00540937,0.0297597;-1.59263,-0.00818309,-1.55983
-0.00381706,-0.0103801,0.0347197;-1.6707,0.0224562,-1.54947
-0.00224294,-0.0124735,0.0312384;-1.63199,-0.00699854,-1.57153
0.000487639,-0.0100975,0.0290896;-1.58328,-0.0745759,-1.58362
0.000814444,-0.00926469,0.029008;-1.57789,-0.0997437,-1.5848
0.000832619,-0.0120156,0.0291103;-1.57916,-0.0897372,-1.58835
-0.000897555,-0.0192218,0.030649;-1.62068,-0.0780082,-1.57516
-0.00392583,-0.0356264,0.0343063;-1.63464,-0.0780399,-1.5526
-0.00923908,-0.0529295,0.0332055;-1.51385,-0.144894,-1.53577
-0.0101755,-0.052829,0.0291025;-1.55977,-0.18245,-1.56732
-0.0102479,-0.0510709,0.0287638;-1.57076,-0.222306,-1.57998
-0.0101141,-0.0503612,0.0286078;-1.5708,-0.243856,-1.5721
-0.00931671,-0.04913,0.0287484;-1.56919,-0.159016,-1.56398
-0.00935787,-0.0482187,0.0302027;-1.56537,-0.081495,-1.54446
-0.00971673,-0.0482061,0.0318422;-1.5694,-0.00197318,-1.52651
-0.00890908,-0.0446349,0.0292647;-1.56802,0.010514,-1.55633
-0.00973389,-0.045238,0.0287743;-1.56204,-0.0590362,-1.56957
-0.00985345,-0.0453992,0.0287823;-1.56181,-0.062244,-1.56933
-0.00966052,-0.0459263,0.0285791;-1.57078,-0.0302335,-1.57085
-0.0116603,-0.0513635,0.0312574;-1.61274,0.0417897,-1.55851
-0.010547,-0.0611816,0.0360559;-1.64434,0.0381949,-1.54803
-0.0100281,-0.0627969,0.0341076;-1.64801,-0.0360155,-1.56842
-0.00511478,-0.0603508,0.0296595;-1.5853,-0.137533,-1.592
-0.00391678,-0.0602549,0.0298885;-1.58556,-0.141468,-1.59398
-0.00361861,-0.0611087,0.0312432;-1.589,-0.125022,-1.6078
-0.00531292,-0.0696118,0.0337611;-1.66527,-0.00390602,-1.58076
-0.0051385,-0.0683569,0.038663;-1.71216,0.0777045,-1.55416
-0.00321505,-0.0601335,0.0415317;-1.72571,0.0950606,-1.54886
-0.000987472,-0.0503734,0.0294744;-1.58454,0.0926532,-1.58661
-0.00132511,-0.0508158,0.028866;-1.57335,0.117569,-1.58138
-0.00157839,-0.0495925,0.0288047;-1.56929,0.0908594,-1.58035
-0.00255239,-0.0516567,0.0287778;-1.57417,0.151523,-1.56327
-0.00507501,-0.0574693,0.0315262;-1.59325,0.162907,-1.53414
-0.00797245,-0.0708624,0.0343717;-1.57965,0.183793,-1.50667
-0.0046546,-0.0723619,0.0286938;-1.57124,0.140271,-1.56485
-0.00507395,-0.072654,0.0287159;-1.56431,0.100049,-1.57132
-0.00551538,-0.0727579,0.0287878;-1.5609,0.0779374,-1.57152
-0.00525509,-0.0733559,0.0288154;-1.56808,0.10803,-1.56228
-0.00644148,-0.0774371,0.0304557;-1.57642,0.128107,-1.54832
-0.00844446,-0.0875937,0.033609;-1.57421,0.179945,-1.52305
-0.00566423,-0.0920374,0.0287776;-1.5712,0.0830793,-1.57958
-0.00424073,-0.0900717,0.0291293;-1.58139,0.0632851,-1.58566
-0.00328605,-0.088378,0.02906;-1.57828,0.047216,-1.58511
-0.00546747,-0.0941686,0.0315259;-1.62056,0.136635,-1.582
-0.00766614,-0.0953042,0.0353076;-1.70357,0.206251,-1.55087
-0.00883908,-0.095081,0.0390807;-1.76696,0.261396,-1.53005
-0.00471317,-0.087233,0.0355601;-1.70762,0.183603,-1.55474
-0.00300438,-0.0856119,0.0311577;-1.61169,0.133813,-1.58597
-0.00294856,-0.0862245,0.0293177;-1.58179,0.131985,-1.58402
-0.006182,-0.0906638,0.0291339;-1.58585,0.189092,-1.57957
-0.00944948,-0.0947207,0.0297722;-1.60673,0.20957,-1.56219
-0.0132098,-0.103276,0.0333708;-1.62806,0.218555,-1.53176
-0.0135183,-0.109953,0.0313483;-1.55626,0.174869,-1.53472
-0.0142536,-0.112858,0.0288314;-1.56701,0.10945,-1.56268
-0.0150297,-0.113272,0.028583;-1.5706,0.0663639,-1.57102
-0.0149143,-0.113218,0.0286161;-1.56908,0.0679775,-1.57088
-0.0139594,-0.112471,0.0287462;-1.56999,0.130082,-1.56369
-0.0150407,-0.112801,0.0307026;-1.56569,0.186554,-1.54139
-0.018333,-0.119604,0.0340965;-1.54999,0.269373,-1.51421
-0.0150175,-0.113776,0.0312382;-1.5861,0.222481,-1.54699
-0.0129638,-0.110814,0.0288863;-1.58227,0.196653,-1.5722
-0.0122456,-0.110575,0.0289692;-1.57692,0.174898,-1.58216
-0.0131144,-0.113669,0.0294704;-1.58326,0.205124,-1.58611
-0.0152469,-0.117032,0.0315552;-1.63657,0.239455,-1.56631
-0.0183896,-0.1244,0.0403526;-1.74448,0.28855,-1.52813
-0.0144712,-0.121548,0.0388948;-1.77305,0.246208,-1.53905
-0.0124509,-0.121071,0.0359334;-1.70726,0.215251,-1.55997
-0.0106183,-0.122497,0.0295142;-1.58445,0.183187,-1.58628
-0.0135535,-0.12555,0.0295881;-1.57836,0.230851,-1.58944
-0.0159008,-0.128094,0.0300433;-1.61044,0.273269,-1.56566
-0.0256691,-0.136436,0.0375558;-1.65768,0.312653,-1.50237
-0.0246582,-0.134922,0.0336238;-1.61176,0.25852,-1.52974
-0.0231247,-0.133278,0.028773;-1.56915,0.237854,-1.56359
-0.0235216,-0.133205,0.0287974;-1.56029,0.20183,-1.57291
-0.0230248,-0.133674,0.0285734;-1.57108,0.253288,-1.57046
-0.0230998,-0.133452,0.0288273;-1.56911,0.283185,-1.56018
-0.0325791,-0.142854,0.0342832;-1.58001,0.417852,-1.50361
-0.0331045,-0.147536,0.032149;-1.55242,0.388998,-1.53175
-0.0324027,-0.146168,0.0294066;-1.56071,0.378166,-1.55744
-0.0327832,-0.146176,0.0287605;-1.56585,0.33221,-1.57632
-0.0334146,-0.147189,0.0289249;-1.57485,0.370023,-1.58187
-0.0345378,-0.148074,0.0291976;-1.59399,0.408217,-1.57015
-0.0387397,-0.157264,0.0373664;-1.75342,0.436024,-1.49121
-0.0358338,-0.160187,0.0380293;-1.74694,0.391543,-1.50682
-0.0351607,-0.161262,0.0371211;-1.73609,0.354588,-1.51956
-0.0332299,-0.162975,0.0323076;-1.63457,0.290005,-1.57487
-0.0386042,-0.168654,0.0323522;-1.59192,0.368048,-1.60838
-0.0414106,-0.171032,0.0305002;-1.58797,0.406098,-1.59227
-0.0449506,-0.172204,0.0322918;-1.65726,0.461741,-1.53608
-0.0452648,-0.16481,0.0384081;-1.71366,0.562303,-1.46841
-0.0412517,-0.156154,0.033187;-1.67517,0.529108,-1.5146
-0.0410318,-0.157053,0.0286001;-1.56968,0.513139,-1.57345
-0.040782,-0.155961,0.0287986;-1.5589,0.477865,-1.57619
-0.0403209,-0.156439,0.0286506;-1.5668,0.508326,-1.5728
-0.0397691,-0.156189,0.0287611;-1.57059,0.541598,-1.56174
-0.0469349,-0.160137,0.0336896;-1.59393,0.712018,-1.50014
-0.0462025,-0.164318,0.0318466;-1.5649,0.681662,-1.53347
-0.0447124,-0.166391,0.0287614;-1.57062,0.618236,-1.56243
-0.0450112,-0.166616,0.0287229;-1.56752,0.549976,-1.57652
-0.045933,-0.167969,0.0287639;-1.57131,0.602114,-1.57873
-0.0472064,-0.168573,0.0288697;-1.58676,0.639326,-1.56265
-0.0583556,-0.177462,0.0393368;-1.73782,0.661619,-1.43798
-0.0576322,-0.179775,0.0403181;-1.7353,0.628725,-1.45449
-0.0496329,-0.176805,0.0345669;-1.71689,0.578867,-1.49376
-0.0507881,-0.179959,0.0312524;-1.59535,0.570717,-1.59145
-0.0552754,-0.182599,0.0318744;-1.58551,0.618743,-1.6072
-0.057961,-0.183671,0.031869;-1.62107,0.661613,-1.56827
-0.0633646,-0.183087,0.036848;-1.78464,0.731531,-1.43054
-0.059211,-0.177731,0.0370218;-1.7593,0.764973,-1.44058
-0.0505367,-0.168352,0.0327599;-1.6869,0.75721,-1.49552
-0.0464128,-0.167,0.0286943;-1.57098,0.692914,-1.5763
-0.0464966,-0.167452,0.0287193;-1.56777,0.712976,-1.57717
-0.0469224,-0.168378,0.028672;-1.56823,0.754232,-1.57511
-0.0546365,-0.174459,0.0315748;-1.58458,0.734315,-1.52155
-0.0670927,-0.187372,0.034471;-1.56509,0.727511,-1.51011
-0.0767885,-0.198073,0.0336042;-1.52719,0.692987,-1.54534
-0.081805,-0.19908,0.0285594;-1.57083,0.562836,-1.57181
-0.0819197,-0.199048,0.0286794;-1.5652,0.542175,-1.57384
-0.0820418,-0.199028,0.0285777;-1.57073,0.541272,-1.57069
-0.08378,-0.199669,0.0294662;-1.58734,0.652705,-1.55264
-0.0854734,-0.199144,0.0338056;-1.64535,0.727462,-1.49537
-0.0822581,-0.198167,0.0363792;-1.67044,0.762917,-1.47706
-0.0710763,-0.195242,0.0312013;-1.64512,0.692681,-1.53151
-0.0696696,-0.195588,0.029822;-1.59264,0.694703,-1.57644
-0.0719718,-0.1973,0.030096;-1.58736,0.732677,-1.585
-0.0778333,-0.200056,0.0333514;-1.70104,0.810223,-1.49144
-0.0787561,-0.19906,0.0371964;-1.82364,0.8272,-1.39117
-0.0805724,-0.199081,0.0400621;-1.9012,0.846952,-1.33278
-0.0744243,-0.199584,0.0339075;-1.72698,0.748035,-1.47259
-0.0737818,-0.20147,0.0290308;-1.58308,0.698524,-1.57497
-0.0741212,-0.201632,0.0288877;-1.57841,0.688484,-1.57469
-0.0778007,-0.203055,0.028624;-1.571,0.774865,-1.56836
-0.0823484,-0.203726,0.030553;-1.55095,0.780495,-1.55625
-0.0877576,-0.204903,0.0333512;-1.54636,0.818978,-1.52856
-0.0876821,-0.207161,0.0291382;-1.55884,0.792746,-1.5669
-0.0866579,-0.206403,0.0285635;-1.57074,0.800007,-1.57164
-0.0863823,-0.20659,0.0287457;-1.55922,0.808731,-1.57896
-0.085842,-0.207592,0.028645;-1.57091,0.894694,-1.56753
-0.0858899,-0.205339,0.0299971;-1.61384,0.951542,-1.52443
-0.0890672,-0.20497,0.034449;-1.72593,0.985398,-1.41691
-0.0843649,-0.206201,0.0316641;-1.69825,1.00193,-1.46398
-0.0810385,-0.208352,0.0291891;-1.61135,0.940692,-1.54377
-0.0804278,-0.208777,0.0291537;-1.59656,0.922903,-1.56215
-0.0874081,-0.211954,0.0303536;-1.60832,0.97948,-1.56342
-0.0892609,-0.213019,0.0332664;-1.74954,0.979635,-1.42627
-0.0915272,-0.214345,0.0380524;-1.8883,0.936075,-1.31202
-0.103007,-0.217433,0.0410174;-1.80878,0.888661,-1.37352
-0.105136,-0.216163,0.0332073;-1.70732,0.797027,-1.47935
-0.104002,-0.216471,0.0300409;-1.62164,0.761902,-1.54479
-0.106272,-0.217091,0.0290362;-1.58659,0.830391,-1.57033
-0.108346,-0.216981,0.0288538;-1.58501,0.899553,-1.56391
-0.108697,-0.215216,0.0299292;-1.61123,0.965319,-1.52807
-0.110499,-0.211641,0.0338005;-1.58997,1.10512,-1.49997
-0.10536,-0.210727,0.0301577;-1.56513,1.09482,-1.54979
-0.103985,-0.210161,0.0286257;-1.57091,1.08018,-1.56848
-0.103972,-0.210429,0.0288361;-1.54561,1.07659,-1.59318
-0.104171,-0.210804,0.0285808;-1.57051,1.09894,-1.57094
-0.105178,-0.210949,0.0288876;-1.57046,1.10232,-1.55915
-0.119124,-0.216386,0.0350825;-1.66563,1.13051,-1.43462
-0.121736,-0.220332,0.033234;-1.64266,1.06947,-1.47804
-0.122498,-0.222786,0.0288361;-1.59396,1.00219,-1.55162
-0.121266,-0.223504,0.0290395;-1.59216,0.945465,-1.56298
-0.126069,-0.224045,0.0292769;-1.61102,1.00179,-1.54927
-0.130264,-0.223911,0.030679;-1.66877,1.05114,-1.4929
-0.129467,-0.224944,0.0403271;-1.98265,1.14508,-1.1756
-0.121498,-0.225638,0.0406257;-1.95775,1.15815,-1.20672
-0.111146,-0.226394,0.0353426;-1.88786,1.12534,-1.28853
-0.113567,-0.225861,0.0294298;-1.61351,1.16354,-1.54489
-0.118843,-0.224811,0.0292686;-1.60285,1.22585,-1.5562
-0.120947,-0.224099,0.0297118;-1.67201,1.2522,-1.48234
-0.120947,-0.224099,0.0297118;-1.67201,1.2522,-1.48234
-0.122735,-0.222223,0.0328701;-1.88723,1.2652,-1.26842
-0.122735,-0.222223,0.0328701;-1.88723,1.2652,-1.26842
