0,0,0.11;-1.57,-2.98023e-08,-1.57
0,0,0.11;-1.57,-2.98023e-08,-1.57
0,0,0.11;-1.57,-2.98023e-08,-1.57
-0.000413535,-0.00125004,0.0286232;-1.5694,-0.155781,-1.56965
-0.000317731,-0.00100929,0.0286568;-1.57089,-0.14308,-1.5671
-0.00113197,-0.00137539,0.0292527;-1.58285,-0.1067,-1.56521
-0.00331603,-0.0145795,0.0327375;-1.59956,-0.104041,-1.55698
-0.00381245,-0.0172469,0.0287622;-1.5736,-0.197174,-1.57764
-0.00363183,-0.0164184,0.0288004;-1.57786,-0.243707,-1.57712
-0.00355566,-0.0164505,0.028603;-1.57082,-0.286724,-1.56963
-0.00317881,-0.016178,0.0287073;-1.57088,-0.253449,-1.56471
-0.00330672,-0.0155516,0.0289802;-1.56081,-0.215227,-1.55857
-0.00372859,-0.0160308,0.0309896;-1.54932,-0.166255,-1.53923
-0.0028767,-0.0196414,0.0311921;-1.52978,-0.194895,-1.56616
-0.0021954,-0.0183287,0.0288156;-1.57445,-0.21343,-1.58228
-0.00190607,-0.0173244,0.0290622;-1.58323,-0.224387,-1.5858
-0.00223522,-0.0182326,0.028717;-1.5707,-0.217367,-1.57724
-0.00140997,-0.0187216,0.0292075;-1.56394,-0.154704,-1.57193
-0.00277103,-0.0214228,0.029834;-1.56596,-0.0823858,-1.56979
-0.0024417,-0.0260791,0.0343284;-1.47181,-0.0322339,-1.56486
0.000779524,-0.0242285,0.0338412;-1.50024,-0.043443,-1.59548
0.00372727,-0.0177892,0.0301127;-1.56749,-0.0723339,-1.60095
0.00421639,-0.0159151,0.0312598;-1.56857,-0.0986447,-1.6121
0.00216333,-0.0147468,0.0288806;-1.57033,-0.101803,-1.58465
-6.97514e-05,-0.0150159,0.029105;-1.57406,-0.0708332,-1.57375
-0.000825487,-0.0122632,0.0301925;-1.59867,-0.0283883,-1.55921
0.00023238,-0.010548,0.0286972;-1.57621,-0.036795,-1.57202
0.00103064,-0.00929709,0.0288309;-1.57362,-0.0516763,-1.58021
0.00145486,-0.00921165,0.029065;-1.58087,-0.0559943,-1.58444
0.00116194,-0.0097461,0.0292731;-1.58919,-0.0503132,-1.58616
-0.00427541,-0.0120693,0.0322179;-1.63646,0.000576019,-1.56281
-0.00495957,-0.0110763,0.0339622;-1.65488,0.0185146,-1.55136
-0.00378185,-0.012842,0.0295848;-1.57863,0.0142515,-1.55675
-0.00366689,-0.0138089,0.0288859;-1.55609,-0.0412716,-1.57021
-0.0035312,-0.0139295,0.0288788;-1.56467,-0.0439142,-1.57556
-0.00300498,-0.0141661,0.0289574;-1.57947,-0.0309105,-1.58122
-0.00657917,-0.0204843,0.0339262;-1.6824,0.0121096,-1.57176
-0.00949458,-0.0215168,0.0370383;-1.72239,0.0194902,-1.55594
-0.00892163,-0.0223632,0.0363087;-1.70455,0.0115524,-1.5548
-0.00664933,-0.0278066,0.029021;-1.56239,-0.0759805,-1.58284
-0.00671969,-0.0267678,0.0289903;-1.56316,-0.0995156,-1.58018
-0.00627093,-0.0266847,0.0292563;-1.56899,-0.0951077,-1.58351
-0.00787947,-0.0343111,0.0332464;-1.56444,-0.0649407,-1.64064
-0.0145687,-0.0438348,0.0356993;-1.54674,-0.0584928,-1.65191
-0.0197684,-0.0459534,0.0382171;-1.55283,-0.0476064,-1.64413
-0.0184554,-0.0373082,0.0301442;-1.56176,-0.137294,-1.59632
-0.0184768,-0.0348838,0.0287439;-1.57077,-0.174827,-1.57857
-0.0187878,-0.0341962,0.0288467;-1.56123,-0.193717,-1.57217
-0.019147,-0.0345587,0.0290337;-1.55452,-0.172257,-1.57138
-0.0209639,-0.0381879,0.029072;-1.58736,-0.167693,-1.575
-0.0222762,-0.0408459,0.0328465;-1.64859,-0.139931,-1.57805
-0.0209512,-0.0438489,0.0288164;-1.56977,-0.162074,-1.58285
-0.0205253,-0.0431474,0.0286444;-1.57094,-0.17363,-1.57416
-0.0203593,-0.0424939,0.0285766;-1.57063,-0.177701,-1.57064
-0.0190963,-0.0414026,0.0289769;-1.563,-0.106011,-1.55384
-0.0191324,-0.0417631,0.0293059;-1.55571,-0.0934573,-1.56242
-0.0184604,-0.0401514,0.0315173;-1.60736,-0.0793931,-1.55458
-0.0143264,-0.0406652,0.0322348;-1.64765,-0.111193,-1.58427
-0.0139251,-0.038053,0.0310721;-1.61962,-0.114548,-1.58751
-0.0130081,-0.035423,0.0291508;-1.5867,-0.145254,-1.58467
-0.0130343,-0.0366092,0.0285809;-1.57066,-0.10833,-1.5708
-0.0135857,-0.0372217,0.0292906;-1.56626,-0.0740486,-1.56038
-0.0178149,-0.0425272,0.033231;-1.60601,-0.0417045,-1.53711
-0.0157739,-0.056158,0.0326068;-1.59221,-0.0263453,-1.61691
-0.0123105,-0.0563915,0.0338908;-1.56962,-0.0591094,-1.63584
-0.0104071,-0.0562801,0.0343294;-1.57455,-0.0739567,-1.65108
-0.0106551,-0.0498251,0.033337;-1.56643,-0.0456519,-1.64003
-0.0113456,-0.0486091,0.0304074;-1.56637,-0.0420283,-1.60398
-0.014313,-0.0482576,0.0308599;-1.54603,0.00159967,-1.57674
-0.0226683,-0.0694882,0.0396142;-1.43175,7.28071e-05,-1.58689
-0.0203298,-0.0727881,0.0375811;-1.46528,-0.0382848,-1.6191
-0.0165924,-0.0664306,0.0313489;-1.57271,-0.0758732,-1.61862
-0.0162369,-0.0633273,0.0304347;-1.5635,-0.0904172,-1.59881
-0.0185072,-0.0617728,0.0290851;-1.55046,-0.0910757,-1.5727
-0.0201781,-0.0632642,0.0321844;-1.5001,-0.065104,-1.56434
-0.0295005,-0.075099,0.0408946;-1.42115,0.0371919,-1.53754
-0.0281175,-0.0781605,0.0388657;-1.41806,0.0115183,-1.55355
-0.0262129,-0.0727189,0.0288359;-1.5686,-0.0200511,-1.56079
-0.0259014,-0.0727014,0.0286131;-1.56917,-0.0449555,-1.57079
-0.0258394,-0.0728748,0.028579;-1.57078,-0.0188414,-1.57055
-0.0258735,-0.0722782,0.0287038;-1.57095,0.00887108,-1.56488
-0.0329179,-0.0820763,0.0335409;-1.56632,0.0911783,-1.51977
-0.0351757,-0.0959209,0.0382632;-1.41965,0.0338192,-1.56022
-0.0369013,-0.0983233,0.0363558;-1.41602,-0.0062481,-1.56579
-0.0356902,-0.0933813,0.0291931;-1.54487,-0.00673555,-1.56654
-0.0351152,-0.0934054,0.0290465;-1.54898,0.0157009,-1.57018
-0.0351822,-0.0934917,0.029293;-1.54765,0.0195913,-1.56649
-0.0447034,-0.11336,0.0407471;-1.37238,0.117567,-1.58175
-0.0497602,-0.123202,0.0403591;-1.34311,0.0743094,-1.59049
-0.0507668,-0.121057,0.0379423;-1.3866,0.0656255,-1.57945
-0.0481916,-0.115127,0.029104;-1.54677,0.0649072,-1.57081
-0.0478198,-0.115461,0.0290987;-1.55245,0.0816949,-1.5787
-0.0476738,-0.115536,0.0290712;-1.55882,0.0874745,-1.58337
-0.0496382,-0.117649,0.0305414;-1.59585,0.176965,-1.56217
-0.049756,-0.120867,0.0288659;-1.56152,0.196971,-1.56815
-0.0491394,-0.120911,0.0297398;-1.56285,0.22819,-1.55613
-0.0483185,-0.118922,0.0289511;-1.56685,0.237744,-1.55781
-0.0487467,-0.119336,0.0289641;-1.55903,0.230054,-1.5664
-0.0476815,-0.117872,0.0287169;-1.57091,0.285839,-1.56418
-0.048172,-0.116159,0.0287736;-1.575,0.354509,-1.56394
-0.0511645,-0.111517,0.0335067;-1.6865,0.470184,-1.52144
-0.0511992,-0.112251,0.0320513;-1.65569,0.467964,-1.5341
-0.0513173,-0.113876,0.0288528;-1.56931,0.441596,-1.55809
-0.0530575,-0.115165,0.0290312;-1.5634,0.379589,-1.55874
-0.0519783,-0.114597,0.0288243;-1.56797,0.41431,-1.56286
-0.051853,-0.114188,0.0287678;-1.57112,0.42979,-1.5614
-0.0575181,-0.11236,0.0310696;-1.61532,0.547681,-1.53591
-0.0571406,-0.11102,0.0306051;-1.6299,0.568799,-1.54102
-0.0566098,-0.11239,0.029111;-1.60067,0.555848,-1.55533
-0.0562632,-0.113758,0.0291452;-1.54403,0.513017,-1.57965
-0.0566622,-0.114186,0.029058;-1.54674,0.52028,-1.58034
-0.0566583,-0.115139,0.0290985;-1.55374,0.53835,-1.57213
-0.0654208,-0.130329,0.0322505;-1.54613,0.638402,-1.57419
-0.0707683,-0.143743,0.0325454;-1.48779,0.662986,-1.62851
-0.070266,-0.142849,0.030228;-1.53471,0.641104,-1.60749
-0.0694673,-0.139415,0.0289542;-1.56554,0.602972,-1.58748
-0.0697947,-0.13993,0.0288497;-1.57063,0.606425,-1.5838
-0.0704153,-0.139995,0.0287309;-1.57023,0.594772,-1.5781
-0.0795744,-0.14537,0.0304266;-1.58183,0.604897,-1.55126
-0.084058,-0.150835,0.0303124;-1.57715,0.618114,-1.55298
-0.0862086,-0.155127,0.0286359;-1.57099,0.607502,-1.56785
-0.0852499,-0.155352,0.0290962;-1.59602,0.553386,-1.56121
-0.085572,-0.155696,0.0293072;-1.60596,0.560368,-1.55814
-0.0860957,-0.155899,0.0293997;-1.60677,0.563756,-1.5544
-0.0908766,-0.154272,0.0326322;-1.61425,0.592939,-1.5115
-0.0967535,-0.158142,0.0326337;-1.60656,0.648452,-1.51822
-0.104171,-0.167391,0.0290802;-1.56403,0.682894,-1.57139
-0.104618,-0.168365,0.0285981;-1.57273,0.657336,-1.57027
-0.104407,-0.168194,0.0290882;-1.59753,0.662004,-1.55804
-0.105042,-0.168622,0.0291794;-1.60086,0.673708,-1.55768
-0.106384,-0.164797,0.0334216;-1.68364,0.730907,-1.47937
-0.10597,-0.161493,0.0356072;-1.7073,0.768601,-1.44126
-0.107054,-0.164051,0.0333415;-1.63183,0.793106,-1.51153
-0.105927,-0.164679,0.0291948;-1.54237,0.780798,-1.60001
-0.105068,-0.163797,0.0291517;-1.54822,0.777281,-1.59784
-0.105087,-0.164477,0.0292113;-1.54905,0.803151,-1.60179
-0.106663,-0.165815,0.030816;-1.57707,0.841737,-1.60289
-0.110659,-0.166554,0.0358103;-1.6765,0.838998,-1.51825
-0.114993,-0.164029,0.0436686;-1.64751,0.843205,-1.52044
-0.11597,-0.169472,0.0290926;-1.56176,0.785729,-1.59557
-0.11568,-0.168476,0.0291814;-1.54242,0.774025,-1.59895
-0.115473,-0.168694,0.0291779;-1.54114,0.79119,-1.59963
-0.116081,-0.169374,0.028582;-1.57142,0.845516,-1.57024
-0.116748,-0.167867,0.031591;-1.68049,0.860423,-1.4885
-0.120256,-0.166482,0.0378372;-1.86033,0.886862,-1.35059
-0.125949,-0.172564,0.0315743;-1.6857,0.932645,-1.48006
-0.126308,-0.174192,0.0285639;-1.56944,0.904148,-1.5724
-0.125936,-0.173853,0.0286159;-1.56797,0.900079,-1.57304
-0.125624,-0.173699,0.0286181;-1.57095,0.920821,-1.56877
-0.125891,-0.172117,0.0293849;-1.60515,0.955852,-1.53566
-0.128494,-0.17031,0.0334142;-1.76012,0.982944,-1.41466
-0.133382,-0.174213,0.0340155;-1.78501,1.02041,-1.39272
-0.132259,-0.176438,0.0298235;-1.64177,0.988346,-1.51664
-0.131218,-0.177054,0.0289782;-1.59558,0.938019,-1.55536
-0.131313,-0.177128,0.0286142;-1.56772,0.929039,-1.57259
-0.131803,-0.177099,0.0286956;-1.57085,0.93429,-1.5652
-0.134567,-0.176847,0.0298303;-1.58723,0.944494,-1.54721
-0.149755,-0.187151,0.0318775;-1.62151,0.914338,-1.54398
-0.155203,-0.192398,0.0298287;-1.56554,0.849485,-1.59983
-0.155005,-0.192791,0.0306402;-1.57726,0.817168,-1.59735
-0.153728,-0.191617,0.0319834;-1.5571,0.800609,-1.62878
-0.154522,-0.191006,0.0304325;-1.54477,0.803541,-1.61595
-0.156247,-0.190364,0.0307957;-1.5279,0.808426,-1.62145
-0.163238,-0.195493,0.034115;-1.43978,0.858351,-1.69059
-0.163424,-0.194723,0.0315694;-1.50742,0.820319,-1.63599
-0.161348,-0.193695,0.0295809;-1.56688,0.795491,-1.59703
-0.162034,-0.194057,0.0303347;-1.58546,0.809364,-1.59087
-0.162376,-0.193038,0.0297287;-1.56553,0.81009,-1.59762
-0.162415,-0.192687,0.0289348;-1.55984,0.828797,-1.58832
-0.164088,-0.191817,0.0308187;-1.55956,0.918071,-1.56498
-0.165882,-0.19441,0.0289185;-1.5571,0.944064,-1.5803
-0.165384,-0.194877,0.0286206;-1.57145,0.945553,-1.56802
-0.165169,-0.195098,0.028853;-1.59226,0.918033,-1.55396
-0.166236,-0.195196,0.0291464;-1.6073,0.951457,-1.54737
-0.167184,-0.19418,0.0300515;-1.64077,0.973407,-1.51634
-0.164964,-0.18563,0.0333179;-1.76019,1.06111,-1.39876
-0.163366,-0.183301,0.0298782;-1.63377,1.13209,-1.50746
-0.162996,-0.183861,0.0287685;-1.55164,1.14139,-1.58918
-0.161861,-0.182742,0.0288053;-1.57129,1.08079,-1.58149
-0.163276,-0.183883,0.0298154;-1.57212,1.08503,-1.59306
-0.16526,-0.185053,0.0319107;-1.62214,1.09988,-1.56139
-0.16526,-0.185053,0.0319107;-1.62214,1.09988,-1.56139
-0.166706,-0.184325,0.0361931;-1.7721,1.13831,-1.4363
-0.166706,-0.184325,0.0361931;-1.7721,1.13831,-1.4363
