0,0,0.11;-1.57,-2.98023e-08,-1.57
0,0,0.11;-1.57,-2.98023e-08,-1.57
0,0,0.11;-1.57,-2.98023e-08,-1.57
-0.000520273,0.000835397,0.0285853;-1.5711,-0.26092,-1.57045
-0.00055734,0.00109568,0.0285793;-1.57084,-0.236822,-1.57066
-0.000335211,0.00492166,0.0289675;-1.56635,-0.137552,-1.55665
-0.00719669,0.0239035,0.0341306;-1.6644,0.0803756,-1.54569
-0.00620002,0.0211817,0.0320247;-1.56353,0.0442601,-1.60048
-0.00831558,0.0184045,0.0331608;-1.51075,-0.00819341,-1.59586
-0.00850288,0.0196544,0.0304855;-1.52445,-0.0571824,-1.56752
-0.01054,0.0121801,0.0290379;-1.54891,-0.0897696,-1.56822
-0.0101725,0.0125098,0.0290046;-1.56212,-0.0780326,-1.55837
-0.00846223,0.0183075,0.0301554;-1.57197,0.00466187,-1.54524
-0.00692458,0.0337805,0.02905;-1.58041,0.1307,-1.56298
-0.00330263,0.0463881,0.0291756;-1.58642,0.0849963,-1.58231
0.000394442,0.0545829,0.0311583;-1.58024,-0.0126565,-1.60854
0.00437604,0.0638523,0.0290841;-1.58013,-0.180998,-1.58724
0.00399118,0.0627281,0.028881;-1.57385,-0.174196,-1.58255
0.00342626,0.0596755,0.0289633;-1.55371,-0.165126,-1.56845
-0.00440573,0.0509468,0.0348098;-1.53528,-0.130431,-1.50506
-0.00382619,0.0533387,0.0320988;-1.55207,-0.0898902,-1.5261
-0.00280153,0.0584774,0.0291896;-1.55835,-0.0312323,-1.55359
-0.00133641,0.0618168,0.0290401;-1.5808,-0.145597,-1.58427
-0.000865401,0.0620009,0.0291043;-1.58507,-0.166801,-1.58413
-0.00262624,0.0586115,0.0292664;-1.59893,-0.12469,-1.5801
-0.0030312,0.0580682,0.0291046;-1.59369,-0.115802,-1.57623
-0.00106031,0.0582852,0.0305924;-1.60846,-0.14054,-1.56573
0.00245061,0.0549628,0.0289566;-1.55704,-0.311951,-1.57129
0.000949963,0.0576437,0.029117;-1.5549,-0.381038,-1.5763
3.38753e-05,0.0607787,0.0293509;-1.53884,-0.431068,-1.56602
0.00129525,0.0578974,0.0304492;-1.53492,-0.347672,-1.56507
-0.00109812,0.0528229,0.0310302;-1.55912,-0.264265,-1.54677
-0.0030903,0.0451891,0.0308854;-1.57415,-0.187817,-1.53662
0.000272234,0.0399269,0.0290077;-1.58116,-0.182004,-1.56222
0.00148859,0.0376829,0.0286207;-1.5706,-0.267463,-1.56867
0.00145668,0.0370279,0.0286172;-1.57069,-0.288833,-1.57265
0.00294883,0.0344349,0.0290425;-1.56223,-0.222387,-1.58272
0.00371174,0.0334374,0.0290459;-1.56325,-0.185604,-1.57957
0.00164929,0.0350194,0.0308316;-1.54414,-0.162918,-1.55725
-0.00248137,0.047818,0.0340495;-1.64818,-0.191946,-1.55598
-0.0019505,0.0522377,0.0295267;-1.57324,-0.238974,-1.54679
0.000452982,0.0503849,0.0302779;-1.54795,-0.313853,-1.53726
0.00108743,0.0455023,0.0289035;-1.55599,-0.404167,-1.56288
0.000986276,0.0445831,0.0286321;-1.57079,-0.420799,-1.56839
0.00083737,0.0424361,0.0290544;-1.57841,-0.442402,-1.56114
-0.00187287,0.0385249,0.0296581;-1.57602,-0.337966,-1.55803
-0.00165305,0.0464307,0.0300877;-1.58796,-0.215239,-1.58294
-0.000568079,0.0565733,0.0312074;-1.59229,-0.151865,-1.60548
-0.00608612,0.0667224,0.0289174;-1.55375,-0.331905,-1.56491
-0.00656137,0.066046,0.0302281;-1.52134,-0.357781,-1.55348
-0.00807751,0.0633866,0.0315847;-1.50104,-0.402047,-1.53798
-0.0108371,0.0468647,0.0373301;-1.42093,-0.569642,-1.44658
-0.011362,0.0461751,0.0406584;-1.4039,-0.555435,-1.41279
-0.0109428,0.0495615,0.0428578;-1.43193,-0.50333,-1.39557
-0.00537191,0.0403085,0.0371134;-1.46117,-0.573092,-1.4566
-0.00320189,0.0369128,0.0311119;-1.50439,-0.60019,-1.52971
-0.00273181,0.0359668,0.0289099;-1.55425,-0.609863,-1.56378
0.00127805,0.0371458,0.0292012;-1.55932,-0.494278,-1.54798
0.000916597,0.0376819,0.0316285;-1.55368,-0.486041,-1.51621
0.000140021,0.0359767,0.03308;-1.53986,-0.496646,-1.49672
0.000604181,0.0377928,0.0317523;-1.51524,-0.485501,-1.51371
0.000858485,0.0433595,0.0317663;-1.50049,-0.43493,-1.5203
-0.00071928,0.0476881,0.0318631;-1.48877,-0.432099,-1.52584
0.00625415,0.050633,0.0317362;-1.52454,-0.337549,-1.55738
0.00409456,0.0507849,0.0310955;-1.53423,-0.281814,-1.55757
0.00275754,0.0469988,0.0322133;-1.53391,-0.210747,-1.54194
0.00218151,0.0380033,0.0325968;-1.48661,-0.25317,-1.5403
-0.000186168,0.0363131,0.0320043;-1.49142,-0.284355,-1.53878
-0.00183068,0.0352081,0.0325398;-1.47816,-0.298287,-1.53448
-0.006159,0.0357444,0.035403;-1.41912,-0.347111,-1.50831
-0.00644356,0.0341895,0.0360582;-1.40676,-0.356979,-1.50226
-0.00670213,0.0356104,0.0349099;-1.42902,-0.352321,-1.50968
-0.00500599,0.0410107,0.0362594;-1.45234,-0.283111,-1.48871
-0.00533246,0.0357116,0.0351992;-1.43898,-0.345628,-1.50391
-0.00622627,0.0342781,0.0327157;-1.47303,-0.378118,-1.52509
-0.00917548,0.034574,0.0312345;-1.49579,-0.425866,-1.52911
-0.00798667,0.036898,0.0320092;-1.48354,-0.402815,-1.52801
-0.00769013,0.0374983,0.034055;-1.44414,-0.385445,-1.51299
-0.00832168,0.0382056,0.0362411;-1.46456,-0.364587,-1.47609
-0.00807752,0.0302939,0.0349883;-1.43711,-0.437226,-1.49324
-0.00844994,0.0289164,0.0341386;-1.43887,-0.45381,-1.5035
-0.00979176,0.0301901,0.0295431;-1.53378,-0.490972,-1.54645
-0.0105532,0.0308858,0.0286398;-1.57204,-0.528608,-1.57523
-0.0100453,0.0314621,0.0288872;-1.5792,-0.551761,-1.58259
-0.0102602,0.0276531,0.0318625;-1.64527,-0.487837,-1.6166
-0.00784131,0.0274298,0.034263;-1.63943,-0.498685,-1.65272
-0.00690608,0.0268704,0.0357972;-1.62895,-0.486684,-1.67177
-0.00519769,0.0380951,0.0325502;-1.62765,-0.617523,-1.63949
-0.00524677,0.0452745,0.0312497;-1.65014,-0.673956,-1.62261
-0.00794031,0.0445611,0.0291567;-1.60079,-0.661117,-1.59069
-0.00917703,0.0408074,0.0285947;-1.57041,-0.536348,-1.57004
-0.00962745,0.0403395,0.0288666;-1.58417,-0.501894,-1.57443
-0.00981305,0.040036,0.0288886;-1.58665,-0.479216,-1.57726
-0.00859759,0.0420755,0.0302665;-1.57939,-0.520657,-1.60374
-0.00609589,0.0446546,0.0331925;-1.60845,-0.56112,-1.64614
-0.00335386,0.0507561,0.0352053;-1.67797,-0.636291,-1.67238
-0.0122267,0.059377,0.0350864;-1.6522,-0.504872,-1.65401
-0.0157403,0.052468,0.0292067;-1.59885,-0.419039,-1.58526
-0.0151854,0.0520901,0.0286428;-1.57411,-0.4234,-1.5722
-0.0151113,0.0531516,0.0287424;-1.57061,-0.473655,-1.57848
-0.013825,0.0598384,0.0292109;-1.60447,-0.615843,-1.59392
-0.0111457,0.0607471,0.0309235;-1.64585,-0.659855,-1.61449
-0.0073981,0.0559903,0.0343516;-1.68905,-0.691721,-1.62164
-0.0163242,0.0597788,0.0352774;-1.72184,-0.546008,-1.65909
-0.0174479,0.0530815,0.0363239;-1.69231,-0.47161,-1.66771
-0.0165216,0.0467607,0.0334709;-1.6105,-0.447351,-1.63942
-0.0157652,0.0502121,0.0288697;-1.57457,-0.573672,-1.58336
-0.0138455,0.0512959,0.0296076;-1.58919,-0.628512,-1.59552
-0.0103676,0.051159,0.0317989;-1.61632,-0.667355,-1.6253
0.00675131,0.0394994,0.0353563;-1.63414,-0.573448,-1.66464
0.00995084,0.0330145,0.0358983;-1.64519,-0.476386,-1.67265
0.00620058,0.0261985,0.0369593;-1.637,-0.386682,-1.67082
-0.0089277,0.0274726,0.0326029;-1.55768,-0.46306,-1.61897
-0.00932494,0.0274408,0.0322517;-1.55087,-0.550506,-1.59646
-0.00501751,0.0275994,0.0295585;-1.54668,-0.636106,-1.55954
0.00532361,0.0210681,0.0307697;-1.59202,-0.673871,-1.61095
0.00659729,0.015724,0.0318316;-1.61357,-0.613368,-1.62307
0.00752597,0.0126201,0.0344152;-1.6428,-0.519582,-1.64776
0.00788848,0.010599,0.0364588;-1.6099,-0.434366,-1.67431
0.00255349,0.0122014,0.0350786;-1.58917,-0.433265,-1.65997
-0.00134559,0.0184486,0.0340687;-1.60841,-0.496999,-1.64503
0.00323379,0.0279651,0.0293618;-1.59247,-0.634198,-1.5787
0.00486585,0.0268465,0.0289011;-1.56624,-0.646617,-1.5553
0.00501964,0.0263353,0.0288256;-1.56203,-0.624202,-1.56092
0.00573479,0.0319264,0.0316011;-1.5634,-0.503386,-1.60427
0.00497758,0.0379209,0.0339229;-1.59064,-0.513627,-1.64773
0.00385617,0.0404576,0.0343551;-1.58791,-0.509262,-1.65214
0.000314248,0.0540368,0.0331879;-1.69754,-0.643097,-1.64803
0.0032806,0.057699,0.0324526;-1.68189,-0.707458,-1.64544
0.00512597,0.0554856,0.0289025;-1.59127,-0.716772,-1.58457
0.0058609,0.0535593,0.0290292;-1.59648,-0.700783,-1.58543
0.00712755,0.0536252,0.0289118;-1.58889,-0.744511,-1.5858
0.00681834,0.0548164,0.0289357;-1.57541,-0.777074,-1.58736
0.00393312,0.0680256,0.0336675;-1.60088,-0.745803,-1.63913
0.0098036,0.0740376,0.0361958;-1.6217,-0.75432,-1.68272
0.0111354,0.0739173,0.036211;-1.62175,-0.764798,-1.68618
0.0145494,0.0663691,0.0325195;-1.65715,-0.732008,-1.64914
0.0139618,0.0624696,0.0309896;-1.64712,-0.711648,-1.62338
0.0148901,0.0613349,0.0288769;-1.5874,-0.717402,-1.58011
0.0143049,0.0634721,0.0292432;-1.59931,-0.746855,-1.59122
0.0127719,0.068722,0.0298727;-1.61751,-0.756017,-1.6052
0.0122825,0.0762626,0.0314595;-1.66057,-0.763569,-1.63685
0.0151655,0.073533,0.034351;-1.62827,-0.724238,-1.66455
0.0101456,0.064476,0.0359825;-1.61691,-0.601432,-1.67068
0.00453118,0.0592551,0.0342872;-1.60213,-0.533556,-1.64157
0.00014121,0.0646812,0.028991;-1.55436,-0.541741,-1.5664
-0.00109591,0.067397,0.028871;-1.58048,-0.497069,-1.56995
-0.00335381,0.0692111,0.0294163;-1.59878,-0.467324,-1.5835
-0.00352764,0.0665539,0.0299246;-1.61263,-0.414509,-1.59398
-0.00409298,0.0606574,0.0329385;-1.65898,-0.340083,-1.61927
-0.00497945,0.054809,0.0360736;-1.71009,-0.245977,-1.62714
-0.0132398,0.045775,0.0322279;-1.58412,-0.203254,-1.61984
-0.0147421,0.0505564,0.0300439;-1.56439,-0.249708,-1.58611
-0.0174403,0.0635399,0.0323279;-1.5023,-0.256465,-1.55377
-0.0184798,0.0805033,0.0351909;-1.45179,-0.228823,-1.53985
-0.0112696,0.0781739,0.038162;-1.43564,-0.305092,-1.54251
-0.00649332,0.0699098,0.0426119;-1.4544,-0.322739,-1.55055
-0.0155232,0.0499898,0.0528982;-1.46418,-0.172216,-1.54995
-0.0191751,0.0524986,0.057004;-1.48081,-0.0601142,-1.54741
-0.024248,0.0557144,0.0538405;-1.46783,-0.0137041,-1.53719
-0.0174167,0.0605484,0.0511927;-1.43495,-0.114187,-1.56857
-0.014891,0.0567595,0.0466578;-1.3992,-0.235614,-1.59659
-0.0114293,0.05743,0.0424062;-1.40526,-0.252984,-1.60792
-0.0089408,0.0699311,0.0472028;-1.45048,-0.136085,-1.5919
-0.0154454,0.0703027,0.0526646;-1.4646,-0.104984,-1.56628
-0.0259666,0.0726243,0.0538872;-1.50662,-0.115102,-1.5496
-0.0394824,0.0735769,0.0582762;-1.50649,0.0154041,-1.56073
-0.0439676,0.0732744,0.0576776;-1.51339,0.0236405,-1.55771
-0.0431127,0.0712367,0.049101;-1.52697,0.0640943,-1.55545
-0.0289737,0.0623907,0.0384539;-1.54815,0.0243467,-1.55524
-0.0186851,0.0668376,0.0407826;-1.59136,-0.0691895,-1.57897
-0.00870122,0.0669953,0.0459085;-1.58566,-0.144219,-1.58393
0.0085002,0.0396744,0.0419234;-1.30527,-0.314182,-1.4868
0.00755208,0.0399647,0.0438741;-1.25173,-0.326826,-1.47178
0.00323782,0.0463133,0.0446468;-1.26223,-0.359059,-1.47862
8.57955e-05,0.052436,0.0417538;-1.40525,-0.549199,-1.5652
0.00051964,0.0475384,0.0402524;-1.45782,-0.580567,-1.60837
0.00247118,0.0468061,0.040174;-1.46168,-0.564164,-1.61516
0.00657919,0.0465655,0.0405104;-1.43358,-0.45051,-1.596
0.00904047,0.0465188,0.0413941;-1.49035,-0.463881,-1.62788
0.0105242,0.0449855,0.0408282;-1.54848,-0.527443,-1.67093
0.0105242,0.0449855,0.0408282;-1.54848,-0.527443,-1.67093
0.00930808,0.048098,0.0395702;-1.48963,-0.520096,-1.64428
0.00930808,0.048098,0.0395702;-1.48963,-0.520096,-1.64428
