0,0,0.11;-1.57,-2.98023e-08,-1.57
0,0,0.11;-1.57,-2.98023e-08,-1.57
0,0,0.11;-1.57,-2.98023e-08,-1.57
8.1766e-05,0.00711241,0.0286199;-1.56891,-0.136906,-1.57046
0.000490797,0.00740604,0.0286474;-1.57069,-0.0746627,-1.56756
-0.00115744,0.00424929,0.0298955;-1.57187,-0.0129024,-1.55358
-0.00285274,-0.0286219,0.0373251;-1.42988,0.0713398,-1.56069
-0.00186753,-0.0213971,0.028564;-1.57056,-0.0188194,-1.56976
-0.00188727,-0.0213431,0.0287758;-1.56147,-0.0306402,-1.5707
-0.00187788,-0.0212708,0.0286903;-1.56555,-0.0315859,-1.57076
-0.00174732,-0.0218864,0.0287367;-1.5709,0.0174246,-1.56293
-0.00452417,-0.0274649,0.030694;-1.57987,0.0834368,-1.54728
-0.00809881,-0.0531306,0.0370431;-1.47155,0.186928,-1.5601
-0.008927,-0.0641597,0.0345484;-1.45939,0.154461,-1.57878
-0.00813668,-0.0561073,0.0286649;-1.57229,0.0935051,-1.56515
-0.00786227,-0.0553334,0.0285894;-1.5704,0.0703093,-1.57152
-0.00783494,-0.0558135,0.0286569;-1.57079,0.113531,-1.56718
-0.0102083,-0.0590737,0.0299773;-1.57248,0.174264,-1.55548
-0.0168903,-0.0809152,0.0351911;-1.49719,0.276374,-1.56621
-0.0204494,-0.10151,0.0387408;-1.40421,0.291554,-1.59489
-0.0187749,-0.0961846,0.034149;-1.46174,0.238016,-1.58979
-0.0166637,-0.0895823,0.028653;-1.57019,0.19122,-1.56743
-0.016339,-0.0893316,0.0285792;-1.57084,0.209325,-1.57076
-0.0159033,-0.088503,0.0287034;-1.56983,0.277159,-1.56459
-0.0205575,-0.0943863,0.0307276;-1.58176,0.368693,-1.54614
-0.0316362,-0.11831,0.0356344;-1.46605,0.393745,-1.5893
-0.0342295,-0.124405,0.0328959;-1.48155,0.334857,-1.59304
-0.0317934,-0.120053,0.0287745;-1.56104,0.325144,-1.5738
-0.0311625,-0.120881,0.0287557;-1.5619,0.3644,-1.57406
-0.0309233,-0.120994,0.0285998;-1.57046,0.415876,-1.56993
-0.0441407,-0.136189,0.032947;-1.55775,0.581187,-1.549
-0.0571289,-0.158468,0.0414359;-1.35418,0.639507,-1.65733
-0.0602637,-0.164048,0.0394661;-1.34222,0.594594,-1.67857
-0.050109,-0.153572,0.0285537;-1.57214,0.548175,-1.56989
-0.0500292,-0.153821,0.0288286;-1.55671,0.559057,-1.57863
-0.0494482,-0.154791,0.0286945;-1.56407,0.608612,-1.57469
-0.0551993,-0.158099,0.0307912;-1.59399,0.689873,-1.53531
-0.0734034,-0.178105,0.0363101;-1.46526,0.791088,-1.61081
-0.0860589,-0.193063,0.0420108;-1.2748,0.774475,-1.7416
-0.0715044,-0.183781,0.0285191;-1.56597,0.720614,-1.5696
-0.0715036,-0.183768,0.0288051;-1.55667,0.698134,-1.57977
-0.0715488,-0.183829,0.0288158;-1.55634,0.702994,-1.58068
-0.0732668,-0.184203,0.0293777;-1.57769,0.763671,-1.55368
-0.0884913,-0.194347,0.0328572;-1.55078,0.849878,-1.55811
-0.110771,-0.213284,0.041011;-1.28426,0.913478,-1.76101
-0.108113,-0.212908,0.0291751;-1.5473,0.823399,-1.58388
-0.106581,-0.212187,0.0285735;-1.57123,0.779711,-1.57042
-0.106953,-0.212092,0.0287734;-1.5581,0.759667,-1.5796
-0.107543,-0.212246,0.0287943;-1.57101,0.817338,-1.5599
-0.116261,-0.216204,0.0311737;-1.57944,0.88162,-1.54586
-0.135603,-0.231862,0.037839;-1.34681,0.968426,-1.72724
-0.140593,-0.230956,0.0289013;-1.55428,0.83445,-1.57857
-0.139178,-0.230244,0.0285916;-1.57209,0.82294,-1.57004
-0.139119,-0.231108,0.0287784;-1.56086,0.853977,-1.58118
-0.141568,-0.231919,0.0285856;-1.57233,0.978449,-1.56871
-0.150632,-0.234476,0.03196;-1.64359,1.04477,-1.50217
-0.16856,-0.245063,0.0406466;-1.41684,1.13723,-1.69621
-0.17713,-0.247439,0.0309536;-1.49466,0.979721,-1.63144
-0.17195,-0.244927,0.0288628;-1.59555,0.9293,-1.55125
-0.172408,-0.245355,0.02868;-1.57046,0.941024,-1.57584
-0.176827,-0.246258,0.0289566;-1.57997,1.05852,-1.57617
-0.18371,-0.24798,0.0308264;-1.65416,1.11976,-1.50663
-0.198077,-0.254326,0.0391643;-1.5337,1.20338,-1.61251
-0.205993,-0.256934,0.0370482;-1.37702,1.14612,-1.75037
-0.19763,-0.25474,0.0304232;-1.55401,1.08778,-1.59784
-0.193385,-0.254305,0.0291645;-1.61903,1.05141,-1.5335
-0.195466,-0.254398,0.0290824;-1.59342,1.08238,-1.56418
-0.199168,-0.254389,0.0293694;-1.6243,1.14637,-1.53091
-0.208388,-0.255681,0.0334589;-1.71828,1.2192,-1.4454
-0.225303,-0.261262,0.0446158;-1.3311,1.2867,-1.79557
-0.222269,-0.260277,0.0415852;-1.45673,1.2213,-1.68595
-0.208606,-0.257658,0.0293476;-1.64755,1.15968,-1.50721
-0.208483,-0.258175,0.0289263;-1.58416,1.17761,-1.56969
-0.210299,-0.257918,0.0291039;-1.60218,1.20416,-1.55536
-0.216931,-0.257099,0.0314506;-1.76282,1.25638,-1.3934
-0.247193,-0.261594,0.0461306;-1.21493,1.36139,-1.9135
-0.249942,-0.262405,0.0445074;-1.2372,1.29757,-1.90296
-0.232586,-0.259825,0.030576;-1.65244,1.25057,-1.51205
-0.226741,-0.259826,0.0288816;-1.58269,1.23038,-1.56992
-0.229446,-0.259403,0.02893;-1.57827,1.28904,-1.57782
-0.233891,-0.25811,0.0307147;-1.79547,1.34452,-1.35545
-0.264018,-0.258614,0.0452235;-1.65762,1.49597,-1.47949
-0.27784,-0.261388,0.0433755;-0.897883,1.39372,-2.24049
-0.269654,-0.26077,0.0292303;-1.60331,1.35854,-1.55409
-0.265509,-0.261558,0.0287508;-1.57182,1.32389,-1.57803
-0.267796,-0.261239,0.0287605;-1.57567,1.39464,-1.57381
-0.271608,-0.259724,0.0296518;-1.81858,1.45311,-1.32816
-0.303518,-0.258153,0.0430854;0.972673,1.4862,2.18136
-0.317636,-0.259195,0.039943;0.019148,1.42317,3.12594
-0.308378,-0.258293,0.0316369;-0.830198,1.48759,-2.3059
-0.30158,-0.260718,0.0287227;-1.55728,1.51829,-1.59063
-0.303886,-0.260699,0.0285788;1.57025,1.5424,1.57143
-0.304521,-0.259714,0.0290264;1.85035,1.49887,1.28994
-0.333044,-0.252752,0.0393976;1.66771,1.34634,1.4887
-0.35047,-0.249266,0.0400635;0.743843,1.29449,2.40919
-0.346717,-0.24906,0.0372458;0.889713,1.34705,2.26799
-0.335463,-0.252733,0.0287059;1.52386,1.4555,1.61848
-0.33652,-0.253595,0.0287933;1.51148,1.40019,1.62862
-0.336513,-0.253427,0.0286176;1.56965,1.35423,1.57426
-0.339209,-0.250496,0.0304728;1.65044,1.30439,1.5087
-0.382349,-0.233937,0.0425433;1.06453,1.1249,2.08672
-0.384618,-0.233213,0.040956;0.987038,1.1803,2.14821
-0.372055,-0.241496,0.0288669;1.60616,1.2531,1.55073
-0.371678,-0.242796,0.0288141;1.53606,1.24397,1.60368
-0.371749,-0.24353,0.0286691;1.57114,1.19667,1.57504
-0.372375,-0.242045,0.0297183;1.59601,1.16918,1.56531
-0.415162,-0.215995,0.0426012;1.24279,0.965003,1.89519
-0.426757,-0.209909,0.0408914;1.17107,1.00217,1.93579
-0.420281,-0.218343,0.0320656;1.43956,1.06682,1.69387
-0.417033,-0.222586,0.0287846;1.54857,1.11229,1.59078
-0.416902,-0.223273,0.0286438;1.57097,1.05725,1.57371
-0.417274,-0.221684,0.0294871;1.58182,1.03244,1.5798
-0.449273,-0.195113,0.0403353;1.37389,0.811351,1.76072
-0.459682,-0.185248,0.0394149;1.33147,0.868001,1.78849
-0.450853,-0.192919,0.0329826;1.45316,0.96231,1.68592
-0.444163,-0.201944,0.0288116;1.55637,0.996395,1.58633
-0.443963,-0.203936,0.0287367;1.5662,0.915698,1.57917
-0.44322,-0.203832,0.028959;1.58229,0.866873,1.57306
-0.463503,-0.17856,0.0375684;1.46291,0.656172,1.67416
-0.475227,-0.165283,0.0398655;1.38264,0.666028,1.72821
-0.471871,-0.167086,0.0373732;1.37877,0.759882,1.72932
-0.46425,-0.179171,0.0288065;1.55903,0.854484,1.58313
-0.464498,-0.17969,0.0287733;1.5572,0.828451,1.58073
-0.46456,-0.180417,0.028702;1.57093,0.786408,1.57663
-0.470877,-0.165484,0.0329559;1.57644,0.61894,1.59895
-0.488613,-0.144374,0.0407489;1.39773,0.523472,1.70218
-0.492188,-0.135328,0.0401852;1.3581,0.586201,1.72443
-0.484617,-0.153432,0.0287729;1.57239,0.683152,1.57877
-0.48477,-0.154396,0.0288508;1.55513,0.669712,1.58148
-0.485207,-0.154852,0.0287827;1.55873,0.630967,1.57806
-0.485931,-0.14772,0.0313222;1.59234,0.54021,1.58683
-0.49777,-0.120831,0.0372683;1.4681,0.428583,1.64784
-0.506752,-0.103997,0.0409377;1.37869,0.39199,1.68446
-0.499838,-0.120488,0.0291251;1.58312,0.536869,1.58008
-0.500154,-0.121868,0.0288322;1.56134,0.54865,1.57991
-0.500717,-0.122688,0.0288276;1.55738,0.511468,1.57731
-0.499999,-0.121173,0.0300714;1.5845,0.444099,1.58552
-0.503835,-0.102573,0.0337308;1.57108,0.351825,1.61047
-0.514319,-0.0741172,0.0423925;1.3853,0.247917,1.66544
-0.517713,-0.0765216,0.0316039;1.51725,0.364355,1.6001
-0.518242,-0.0823655,0.0287395;1.57086,0.391924,1.57863
-0.518877,-0.0834273,0.0287699;1.56106,0.359488,1.57433
-0.51848,-0.0841148,0.0295767;1.57964,0.241772,1.58631
-0.517411,-0.0719503,0.0328646;1.59981,0.157399,1.60143
-0.520852,-0.0424239,0.0409564;1.3976,0.0650797,1.63028
-0.521399,-0.0358792,0.0330899;1.49447,0.173009,1.59785
-0.522657,-0.0415102,0.0287154;1.57061,0.18051,1.57836
-0.523203,-0.0421168,0.0288007;1.56016,0.164899,1.57279
-0.522942,-0.0429271,0.028864;1.57499,0.0450662,1.58032
-0.519619,-0.0361913,0.0316522;1.60004,-0.0406176,1.58919
-0.517931,-0.0125865,0.0383521;1.49945,-0.15247,1.58885
-0.514166,0.00243929,0.0344193;1.47007,-0.013697,1.58718
-0.515539,-0.00292088,0.0288243;1.57171,0.00406931,1.58264
-0.516243,-0.00350625,0.0288774;1.55948,-0.0237619,1.57365
-0.516823,-0.0041515,0.0286748;1.57087,-0.0956937,1.57538
-0.514993,-0.00335998,0.029315;1.58667,-0.152246,1.57511
-0.510718,0.00988471,0.0343799;1.59552,-0.246835,1.58711
-0.504155,0.0350089,0.0359866;1.45113,-0.21576,1.56701
-0.506679,0.0256513,0.0295066;1.56678,-0.15567,1.58824
-0.508416,0.0231126,0.0287817;1.56917,-0.146794,1.57885
-0.509761,0.0235975,0.0285816;1.57068,-0.22657,1.5705
-0.508609,0.024641,0.0286498;1.57505,-0.282619,1.57178
-0.503207,0.0317922,0.0317824;1.62185,-0.332106,1.59158
-0.485825,0.068169,0.0383118;1.39712,-0.396579,1.52564
-0.486867,0.0636423,0.0348609;1.4556,-0.318309,1.54433
-0.492593,0.0545745,0.0290041;1.58313,-0.278806,1.58259
-0.494028,0.0556615,0.0286732;1.57092,-0.346007,1.56619
-0.493773,0.0560024,0.0286288;1.57148,-0.378354,1.57419
-0.491155,0.0569296,0.0300558;1.59996,-0.423809,1.58681
-0.470726,0.0867031,0.0414844;1.47059,-0.573723,1.54272
-0.466886,0.0928928,0.0372839;1.44263,-0.492053,1.52464
-0.473656,0.0833326,0.028748;1.5825,-0.442257,1.57952
-0.476739,0.0825468,0.0287311;1.56723,-0.495879,1.56496
-0.476624,0.0830413,0.028585;1.57071,-0.538837,1.57127
-0.475556,0.0821396,0.0291136;1.58452,-0.598802,1.58571
-0.451693,0.104366,0.0413654;1.45287,-0.782691,1.52113
-0.441027,0.116062,0.0395982;1.31906,-0.701324,1.43384
-0.443766,0.111273,0.0318445;1.49364,-0.659322,1.53443
-0.449214,0.10883,0.0288815;1.55392,-0.696822,1.5585
-0.44962,0.109373,0.0286179;1.56811,-0.747635,1.5688
-0.44915,0.109048,0.0286538;1.57423,-0.79797,1.57575
-0.44915,0.109048,0.0286538;1.57423,-0.79797,1.57575
-0.440372,0.113328,0.0316761;1.62635,-0.862914,1.62489
-0.440372,0.113328,0.0316761;1.62635,-0.862914,1.62489
