0,0,0.11;-1.57,-2.98023e-08,-1.57
0,0,0.11;-1.57,-2.98023e-08,-1.57
0,0,0.11;-1.57,-2.98023e-08,-1.57
0.00031454,0.0064296,0.02864;-1.56794,-0.123552,-1.57038
0.000441156,0.00652446,0.0286754;-1.57095,-0.0891654,-1.56608
-0.00166409,0.00133892,0.0300854;-1.57335,-0.0320976,-1.55184
-0.00352777,-0.0315631,0.0365684;-1.42053,0.0441725,-1.56701
-0.00490712,-0.0244035,0.0285773;-1.57096,-0.0642995,-1.57099
-0.00479557,-0.0242908,0.0287578;-1.56227,-0.0682651,-1.57036
-0.00475542,-0.0242569,0.02868;-1.56601,-0.0620391,-1.57073
-0.00460057,-0.025512,0.0285794;-1.5705,0.00558013,-1.57051
-0.00656409,-0.0320894,0.0300573;-1.59246,0.057129,-1.56974
-0.0103638,-0.0535122,0.0383151;-1.46921,0.128866,-1.58354
-0.0105557,-0.0534485,0.0337727;-1.50583,0.0516719,-1.59752
-0.00619104,-0.0438914,0.0292894;-1.57336,-0.0128868,-1.59157
-0.0043397,-0.0400812,0.0291757;-1.58794,-0.0456632,-1.58302
-0.00722682,-0.0486112,0.0294728;-1.57762,0.0341878,-1.59243
-0.0108581,-0.0550276,0.0307243;-1.59865,0.0900756,-1.58362
-0.0145877,-0.0675593,0.0364414;-1.50863,0.151885,-1.59375
-0.0186672,-0.0760724,0.0374845;-1.40862,0.137968,-1.58786
-0.0209917,-0.0696327,0.0327793;-1.48624,0.0710038,-1.57186
-0.0214091,-0.0652462,0.0285279;-1.56835,0.0179816,-1.57004
-0.0213487,-0.0651596,0.0285795;-1.57084,0.021633,-1.57082
-0.021153,-0.0653174,0.0286151;-1.5717,0.0697397,-1.56697
-0.024069,-0.0713097,0.0298067;-1.56012,0.144209,-1.56098
-0.0291113,-0.0898046,0.034534;-1.45945,0.195379,-1.58478
-0.0308118,-0.0905693,0.0316547;-1.50799,0.153201,-1.57801
-0.0305546,-0.0877101,0.0287034;-1.56486,0.0793757,-1.5712
-0.0303276,-0.0878977,0.0286996;-1.56501,0.0984796,-1.57136
-0.0302522,-0.0879113,0.0285716;-1.5707,0.119552,-1.57047
-0.0354545,-0.101542,0.0318518;-1.52338,0.241561,-1.58534
-0.0392282,-0.119109,0.0382702;-1.39977,0.272724,-1.61929
-0.0404936,-0.119801,0.0367859;-1.44499,0.197538,-1.61812
-0.0342843,-0.10598,0.0291538;-1.58519,0.07478,-1.58283
-0.0345886,-0.106948,0.0290679;-1.58118,0.0923428,-1.5828
-0.0354409,-0.108142,0.0291429;-1.58604,0.118137,-1.58088
-0.0434197,-0.120143,0.0304164;-1.56598,0.238702,-1.59441
-0.0487857,-0.130959,0.0363796;-1.45189,0.294415,-1.61734
-0.0518678,-0.135174,0.0370489;-1.42243,0.272487,-1.61426
-0.0533748,-0.125234,0.0285741;-1.57098,0.143365,-1.57092
-0.0528951,-0.124953,0.0286906;-1.56612,0.140757,-1.57073
-0.0525435,-0.124872,0.028674;-1.56624,0.155985,-1.57148
-0.0522687,-0.125266,0.0287673;-1.56471,0.230413,-1.56833
-0.0579132,-0.134801,0.0311658;-1.52215,0.324521,-1.58059
-0.0661561,-0.155744,0.0372923;-1.40464,0.404485,-1.62317
-0.0705675,-0.151192,0.0285362;-1.57339,0.243148,-1.57117
-0.0690306,-0.149833,0.0285849;-1.5712,0.177043,-1.57024
-0.0684123,-0.149677,0.0286855;-1.56553,0.1845,-1.57183
-0.0683081,-0.150008,0.0285843;-1.56906,0.269959,-1.57122
-0.0711516,-0.155332,0.030211;-1.55172,0.343642,-1.5813
-0.0779109,-0.171226,0.0370623;-1.4177,0.425766,-1.63656
-0.077842,-0.168943,0.0294315;-1.57233,0.265475,-1.59282
-0.0731658,-0.164545,0.0292212;-1.58836,0.210939,-1.58062
-0.0735513,-0.165799,0.0291733;-1.58225,0.228939,-1.58077
-0.0796615,-0.17246,0.0294629;-1.57237,0.328889,-1.5919
-0.085014,-0.178889,0.0317312;-1.54275,0.401275,-1.60525
-0.0899276,-0.18848,0.0378104;-1.43642,0.45763,-1.64674
-0.0937296,-0.184091,0.0298177;-1.54403,0.316224,-1.58329
-0.093295,-0.181956,0.0285741;-1.57097,0.275243,-1.57047
-0.0925354,-0.181915,0.0286902;-1.56475,0.289024,-1.57249
-0.0924115,-0.182596,0.0285795;-1.5706,0.369367,-1.5708
-0.0935187,-0.185082,0.0291797;-1.55804,0.444796,-1.57269
-0.102463,-0.200353,0.0340657;-1.46184,0.557612,-1.6223
-0.109256,-0.208585,0.0347345;-1.43677,0.523704,-1.63098
-0.108913,-0.20412,0.0297922;-1.53552,0.469092,-1.58411
-0.108744,-0.203201,0.0285527;-1.5696,0.410987,-1.5709
-0.108615,-0.203118,0.0285787;-1.57082,0.432209,-1.57072
-0.108778,-0.203808,0.0285765;-1.56989,0.493173,-1.5704
-0.113276,-0.209086,0.0298461;-1.54632,0.592477,-1.5801
-0.124647,-0.227813,0.0374162;-1.36726,0.66255,-1.68884
-0.124508,-0.226851,0.0350311;-1.44527,0.594883,-1.65564
-0.120277,-0.220168,0.0289311;-1.58235,0.524594,-1.57372
-0.120075,-0.220805,0.0288932;-1.57686,0.554542,-1.57729
-0.121908,-0.221826,0.0289602;-1.57576,0.598624,-1.5818
-0.125436,-0.223888,0.0290376;-1.58313,0.658244,-1.57578
-0.14739,-0.243619,0.0383281;-1.32409,0.791246,-1.73657
-0.151591,-0.244944,0.0370288;-1.35348,0.733608,-1.71056
-0.148549,-0.235469,0.029375;-1.54217,0.668002,-1.58727
-0.146572,-0.23425,0.0287112;-1.56305,0.635988,-1.57535
-0.146525,-0.234675,0.0285811;-1.57054,0.685698,-1.57115
-0.146881,-0.234785,0.028734;-1.56843,0.724052,-1.56639
-0.1736,-0.256773,0.038289;-1.31081,0.897454,-1.7554
-0.181403,-0.262793,0.036997;-1.32885,0.8586,-1.74913
-0.175992,-0.252718,0.0293865;-1.54033,0.784336,-1.59144
-0.173418,-0.250822,0.0287382;-1.56061,0.720691,-1.57738
-0.173321,-0.251259,0.0285738;-1.57149,0.774034,-1.56979
-0.173433,-0.251348,0.0286069;-1.57081,0.805918,-1.5694
-0.19636,-0.269625,0.0380872;-1.27307,0.949314,-1.79755
-0.200756,-0.272502,0.037064;-1.33774,0.901233,-1.76081
-0.19442,-0.265298,0.0301736;-1.52667,0.840207,-1.60714
-0.191278,-0.263782,0.0289406;-1.5759,0.832898,-1.57749
-0.19366,-0.264526,0.0290359;-1.58153,0.881626,-1.57746
-0.197355,-0.265848,0.0291602;-1.5916,0.914311,-1.57008
-0.218654,-0.276145,0.0367069;-1.34588,1.03296,-1.77444
-0.224043,-0.276361,0.0367514;-1.30721,0.973108,-1.79001
-0.220497,-0.273618,0.034361;-1.38471,0.966219,-1.72158
-0.214856,-0.269074,0.0286258;-1.56766,0.913785,-1.5729
-0.215175,-0.26997,0.0287626;-1.55543,0.964202,-1.58337
-0.215034,-0.27001,0.028578;-1.57084,0.993091,-1.57068
-0.216534,-0.270121,0.0291018;-1.56311,1.04666,-1.56952
-0.253415,-0.287871,0.0390931;-1.13743,1.16199,-1.94668
-0.255949,-0.28837,0.0358273;-1.24413,1.11994,-1.85924
-0.248317,-0.285529,0.0287374;-1.58003,1.10299,-1.55371
-0.247931,-0.285818,0.0287381;-1.5535,1.10961,-1.58631
-0.247858,-0.286268,0.0285802;-1.57034,1.15035,-1.57139
-0.247891,-0.286048,0.0287512;-1.57292,1.18894,-1.55976
-0.280995,-0.294213,0.0387539;-0.933732,1.28705,-2.15979
-0.28778,-0.296304,0.0373891;-1.05824,1.23787,-2.05757
-0.273078,-0.293442,0.0288085;-1.56688,1.21916,-1.58196
-0.270507,-0.294256,0.0290028;-1.58072,1.21361,-1.57344
-0.271685,-0.294086,0.0290479;-1.59667,1.23875,-1.56035
-0.276006,-0.293276,0.0293969;-1.64501,1.28571,-1.50939
-0.30258,-0.295628,0.0411498;-1.2032,1.41114,-1.93056
-0.312071,-0.295864,0.0383079;-0.985615,1.32702,-2.13346
-0.301816,-0.293033,0.0290177;-1.51776,1.30348,-1.61911
-0.29897,-0.293377,0.028807;-1.53121,1.3047,-1.60963
-0.299293,-0.293785,0.0286759;-1.55003,1.34498,-1.59098
-0.29948,-0.293812,0.0285765;-1.57172,1.37699,-1.56987
-0.328531,-0.295908,0.0349412;-0.345425,1.48426,-2.77443
-0.346552,-0.298336,0.0385265;-0.187826,1.41946,-2.92282
-0.340813,-0.2971,0.0343354;-0.731814,1.43987,-2.39028
-0.329672,-0.297628,0.0287833;-1.51401,1.43315,-1.62487
-0.329781,-0.298292,0.0287948;-1.46676,1.47173,-1.67441
-0.329665,-0.298479,0.0285705;-1.57381,1.49854,-1.56798
-0.343324,-0.296528,0.0308362;1.45036,1.52187,1.70445
-0.370809,-0.298501,0.037409;0.720527,1.38202,2.44133
-0.375826,-0.296621,0.0371582;0.452321,1.41549,2.70908
-0.357725,-0.301199,0.0290026;-3.04928,1.55156,-0.0939975
-0.358815,-0.301009,0.0288654;1.64654,1.54213,1.48392
-0.360228,-0.300459,0.0288339;1.62502,1.51262,1.50789
-0.369719,-0.29546,0.0310006;1.80247,1.40209,1.32841
-0.382312,-0.291513,0.0364363;1.7129,1.33559,1.42186
-0.394252,-0.2882,0.0406276;1.31744,1.32315,1.83161
-0.383317,-0.289345,0.0285929;1.56346,1.43524,1.58042
-0.382645,-0.289856,0.0287312;1.53256,1.42213,1.61024
-0.382983,-0.290058,0.028814;1.50478,1.40095,1.63579
-0.38335,-0.289864,0.0287119;1.57163,1.33464,1.57672
-0.393813,-0.28494,0.0310395;1.58724,1.26167,1.57507
-0.420121,-0.280028,0.0388208;1.29114,1.15352,1.86729
-0.4193,-0.283653,0.028457;1.6008,1.26217,1.54534
-0.418281,-0.284505,0.0285421;1.58109,1.29574,1.56207
-0.418227,-0.284757,0.0288287;1.52874,1.28232,1.61129
-0.4188,-0.285073,0.0286383;1.57162,1.22123,1.57314
-0.42515,-0.280685,0.0302576;1.58721,1.1547,1.56881
-0.44994,-0.272745,0.0358896;1.36742,1.05786,1.7775
-0.451257,-0.272003,0.0284937;1.58847,1.19719,1.55661
-0.449415,-0.27368,0.0285793;1.56804,1.20545,1.57476
-0.449934,-0.274181,0.0287819;1.55122,1.16434,1.5856
-0.450641,-0.27435,0.0285789;1.57036,1.09116,1.57124
-0.455354,-0.270103,0.0298982;1.57792,1.03319,1.575
-0.477262,-0.25956,0.0356733;1.43728,0.934159,1.70366
-0.482901,-0.253509,0.0336586;1.44243,1.02212,1.70691
-0.473963,-0.259167,0.0288469;1.57079,1.07484,1.58402
-0.473778,-0.260109,0.0286933;1.56019,1.04963,1.5812
-0.475182,-0.258607,0.0289094;1.57731,0.981311,1.55112
-0.478637,-0.25395,0.0311718;1.65641,0.933019,1.49233
-0.487612,-0.244678,0.0368256;1.69084,0.869629,1.46138
-0.499019,-0.232786,0.0426866;1.54321,0.903262,1.60384
-0.487177,-0.243676,0.0316897;1.69526,0.954734,1.4704
-0.486729,-0.24623,0.0290974;1.60825,0.979643,1.53776
-0.48777,-0.244291,0.0288684;1.57787,0.928753,1.55574
-0.488201,-0.242242,0.0290339;1.60301,0.882197,1.54401
-0.493848,-0.234442,0.0326236;1.67304,0.839703,1.49239
-0.512611,-0.214423,0.0457375;1.57008,0.789318,1.57608
-0.50927,-0.222228,0.0415808;1.6713,0.838726,1.49066
-0.505639,-0.232068,0.0342654;1.75766,0.879162,1.4218
-0.511561,-0.226345,0.0309641;1.59612,0.829348,1.51909
-0.512811,-0.223172,0.0319379;1.64828,0.791815,1.4926
-0.513237,-0.219389,0.0362758;1.74776,0.744778,1.4305
-0.521294,-0.203834,0.0498942;1.67287,0.660856,1.49342
-0.519947,-0.203593,0.0492006;1.67591,0.71793,1.49228
-0.511368,-0.212933,0.034169;1.74324,0.779056,1.44602
-0.51272,-0.213338,0.0287171;1.57063,0.790942,1.56439
-0.513111,-0.212507,0.0285862;1.57126,0.756709,1.57026
-0.512812,-0.211188,0.0290313;1.5816,0.721984,1.57169
-0.534562,-0.180416,0.0385642;1.43182,0.555856,1.68838
-0.543234,-0.168261,0.0398279;1.39897,0.599668,1.71139
-0.53443,-0.178305,0.0333574;1.49572,0.695098,1.64742
-0.529054,-0.18966,0.0288059;1.5617,0.740179,1.58116
-0.52905,-0.190795,0.0286037;1.5708,0.672773,1.5719
-0.528973,-0.19004,0.0289167;1.5771,0.647692,1.57929
-0.528973,-0.19004,0.0289167;1.5771,0.647692,1.57929
-0.533442,-0.179321,0.031805;1.57951,0.58244,1.59387
-0.533442,-0.179321,0.031805;1.57951,0.58244,1.59387
