0,0,0.11;-1.57,-2.98023e-08,-1.57
0,0,0.11;-1.57,-2.98023e-08,-1.57
0,0,0.11;-1.57,-2.98023e-08,-1.57
0.00037831,0.0083408,0.028673;-1.57074,-0.124691,-1.57521
-0.000142696,0.00691512,0.0285801;-1.57085,-0.0707903,-1.57062
-0.00212804,0.00144041,0.0304064;-1.59527,-0.0189706,-1.56562
-0.00449687,-0.0220872,0.0357931;-1.4445,0.0201908,-1.56857
-0.00442551,-0.0107617,0.0287962;-1.57146,-0.098765,-1.5806
-0.00423839,-0.0105715,0.0288082;-1.56747,-0.0936621,-1.5781
-0.00427286,-0.0100143,0.0286963;-1.57077,-0.105631,-1.57634
-0.00488902,-0.0127729,0.0285966;-1.57147,-0.0246356,-1.57091
-0.00741856,-0.020039,0.03051;-1.59703,0.0255125,-1.56521
-0.0110965,-0.0425404,0.0377972;-1.51708,0.112555,-1.56622
-0.0112793,-0.0455325,0.0318479;-1.51329,0.0484135,-1.57206
-0.0103291,-0.0392238,0.0286843;-1.56987,-0.0159845,-1.57689
-0.00984711,-0.0382754,0.028663;-1.57001,-0.0274859,-1.5739
-0.0105287,-0.0410925,0.0286944;-1.57093,0.0400868,-1.57626
-0.0125071,-0.0456241,0.0295444;-1.58755,0.0874622,-1.56835
-0.0175343,-0.0646989,0.0360344;-1.55397,0.168729,-1.56609
-0.0203032,-0.079677,0.0376506;-1.4057,0.166551,-1.59228
-0.0210105,-0.0729687,0.0331583;-1.49057,0.101103,-1.58297
-0.019848,-0.0656315,0.0286491;-1.56934,0.0359858,-1.57733
-0.0197391,-0.0662428,0.0286964;-1.5707,0.0731774,-1.57629
-0.0205613,-0.0676027,0.0285821;-1.57109,0.128496,-1.57082
-0.0245296,-0.0753855,0.0304754;-1.59238,0.187517,-1.56137
-0.0301468,-0.0929458,0.0345741;-1.4721,0.222732,-1.59043
-0.0308091,-0.0895417,0.0309726;-1.52771,0.164225,-1.58201
-0.0290919,-0.0841634,0.0287844;-1.56777,0.0960333,-1.57785
-0.0290842,-0.0841659,0.0286935;-1.5707,0.0967999,-1.57624
-0.0294987,-0.0851706,0.0287055;-1.57068,0.137387,-1.57679
-0.0383385,-0.103025,0.032856;-1.57282,0.264113,-1.56496
-0.0446901,-0.122563,0.0382871;-1.38596,0.306063,-1.6183
-0.0456781,-0.120399,0.0364388;-1.42993,0.247112,-1.60883
-0.042851,-0.107689,0.0286638;-1.571,0.144851,-1.57479
-0.04261,-0.107896,0.0287122;-1.57068,0.156897,-1.57696
-0.0426925,-0.108495,0.0286471;-1.57079,0.173055,-1.57402
-0.048393,-0.116846,0.029712;-1.58286,0.286616,-1.5634
-0.0578256,-0.137344,0.0362229;-1.46074,0.369176,-1.6035
-0.0611332,-0.145056,0.0379476;-1.39193,0.345761,-1.62736
-0.059473,-0.131702,0.0286522;-1.5696,0.206407,-1.57775
-0.0589947,-0.131553,0.0287431;-1.56805,0.215206,-1.57649
-0.0589548,-0.131582,0.0287002;-1.57066,0.218198,-1.57645
-0.061214,-0.134724,0.0286259;-1.57361,0.312993,-1.56962
-0.0692306,-0.14788,0.0322542;-1.56774,0.383719,-1.56654
-0.0780858,-0.167565,0.0382585;-1.37791,0.439945,-1.64438
-0.0774793,-0.156009,0.0286993;-1.58059,0.289538,-1.56992
-0.0764852,-0.154977,0.028603;-1.57103,0.265125,-1.57193
-0.0762243,-0.155209,0.0287077;-1.57072,0.278846,-1.57682
-0.0780377,-0.157859,0.028582;-1.57156,0.366945,-1.57021
-0.0856167,-0.166937,0.0301805;-1.57919,0.42646,-1.5628
-0.0971576,-0.186866,0.0370246;-1.39939,0.502321,-1.64645
-0.0981616,-0.179984,0.0286409;-1.57631,0.354083,-1.57229
-0.0969076,-0.178958,0.028589;-1.57107,0.327065,-1.57131
-0.0966278,-0.179132,0.0287259;-1.56976,0.340018,-1.57711
-0.0984557,-0.181506,0.0285842;-1.5714,0.431827,-1.57047
-0.105948,-0.189611,0.0299219;-1.57906,0.497017,-1.56346
-0.118733,-0.208209,0.0369303;-1.40013,0.574041,-1.65804
-0.120311,-0.202713,0.0285636;-1.57123,0.448207,-1.57019
-0.119054,-0.2013,0.0286853;-1.5737,0.403741,-1.57336
-0.118754,-0.201612,0.0287371;-1.56783,0.41921,-1.57685
-0.12051,-0.203533,0.0286093;-1.57083,0.499673,-1.57206
-0.124533,-0.207017,0.029059;-1.57598,0.556345,-1.56881
-0.137008,-0.222074,0.034601;-1.45151,0.632592,-1.64007
-0.141331,-0.225963,0.0336661;-1.46482,0.586488,-1.63161
-0.139028,-0.220014,0.0284551;-1.58196,0.520346,-1.56736
-0.1375,-0.219155,0.0286194;-1.57113,0.476408,-1.57285
-0.137993,-0.220117,0.0286926;-1.57071,0.524798,-1.57617
-0.139566,-0.221291,0.0285785;-1.57085,0.586152,-1.57075
-0.145223,-0.225473,0.0297664;-1.55951,0.658134,-1.57621
-0.162331,-0.244639,0.0373473;-1.3627,0.726242,-1.70417
-0.161679,-0.2401,0.0340963;-1.45315,0.654735,-1.6483
-0.157947,-0.233669,0.0286165;-1.56996,0.580144,-1.57518
-0.157139,-0.234012,0.0286839;-1.57073,0.591803,-1.57576
-0.158048,-0.234868,0.0285907;-1.56976,0.637838,-1.57264
-0.160303,-0.235764,0.0285878;-1.57166,0.702753,-1.56953
-0.187953,-0.25763,0.0382645;-1.31514,0.82853,-1.75026
-0.191745,-0.258276,0.0370514;-1.37148,0.756314,-1.71457
-0.186913,-0.24848,0.0286928;-1.56553,0.676979,-1.57559
-0.184803,-0.247954,0.0287226;-1.56775,0.66036,-1.57815
-0.185917,-0.249051,0.0286555;-1.57081,0.708621,-1.57415
-0.187705,-0.249931,0.0285802;-1.57099,0.7762,-1.57064
-0.213926,-0.268212,0.0374544;-1.30946,0.923267,-1.77279
-0.220213,-0.270791,0.0367645;-1.35926,0.856457,-1.73864
-0.21473,-0.26132,0.0286372;-1.5702,0.774229,-1.57383
-0.212739,-0.26123,0.0287363;-1.56776,0.751233,-1.57813
-0.21362,-0.261919,0.0286332;-1.5707,0.796327,-1.57337
-0.215865,-0.262765,0.0285795;-1.57102,0.865792,-1.57039
-0.243502,-0.277987,0.0369901;-1.29437,1.00935,-1.7998
-0.250568,-0.28022,0.0364098;-1.34724,0.941239,-1.76057
-0.244729,-0.271782,0.0286648;-1.56453,0.863124,-1.57541
-0.242821,-0.271745,0.0287439;-1.56569,0.844499,-1.57911
-0.243974,-0.272296,0.0286493;-1.57066,0.891505,-1.57416
-0.245251,-0.272857,0.0285805;-1.57068,0.937449,-1.57095
-0.268531,-0.283283,0.0355528;-1.32726,1.07711,-1.78367
-0.276049,-0.285994,0.0353648;-1.35033,1.01692,-1.76379
-0.273176,-0.283461,0.0322196;-1.4518,0.99852,-1.67323
-0.268416,-0.28017,0.0285843;-1.5713,0.913302,-1.57048
-0.268652,-0.280854,0.0286894;-1.56843,0.941411,-1.57661
-0.269782,-0.281545,0.0285811;-1.57102,0.993093,-1.57074
-0.272193,-0.282015,0.0286873;-1.56593,1.05327,-1.57207
-0.298508,-0.293106,0.0371155;-1.20467,1.14043,-1.90058
-0.298234,-0.290365,0.034168;-1.3675,1.07948,-1.75563
-0.292667,-0.285887,0.0285841;-1.57366,1.01164,-1.56994
-0.291581,-0.286338,0.0286571;-1.57071,1.00721,-1.57449
-0.292556,-0.286889,0.0286149;-1.57073,1.04453,-1.57246
-0.294153,-0.287037,0.0285794;-1.57088,1.10355,-1.57032
-0.323849,-0.295589,0.0367708;-1.12779,1.22908,-1.98334
-0.329924,-0.296202,0.0358986;-1.2454,1.17172,-1.87755
-0.322264,-0.290023,0.0285415;-1.59068,1.10206,-1.55421
-0.32085,-0.291005,0.0287369;-1.56482,1.09342,-1.58084
-0.321743,-0.291465,0.0286145;-1.57073,1.13281,-1.57247
-0.323405,-0.291391,0.0285658;-1.57109,1.19109,-1.56979
-0.352268,-0.296596,0.0364184;-1.00956,1.315,-2.10962
-0.359803,-0.29728,0.0359971;-1.13686,1.26116,-1.98916
-0.351806,-0.291847,0.0285142;-1.58792,1.2013,-1.5572
-0.350351,-0.292807,0.0287329;-1.56269,1.18757,-1.58256
-0.351163,-0.293282,0.0286174;-1.57065,1.21664,-1.57267
-0.35247,-0.293251,0.0285726;-1.56924,1.27164,-1.57243
-0.377533,-0.294213,0.0352996;-0.906433,1.38947,-2.22248
-0.386676,-0.295364,0.0367001;-0.824703,1.35663,-2.30111
-0.381133,-0.291519,0.0319251;-1.31614,1.32649,-1.81973
-0.376408,-0.290776,0.0287006;-1.55923,1.28181,-1.58434
-0.376719,-0.291038,0.0286563;-1.57063,1.29694,-1.57458
-0.377959,-0.291389,0.0285925;-1.57054,1.3382,-1.57156
-0.391921,-0.289449,0.0310196;-1.19335,1.45948,-1.94305
-0.411243,-0.291509,0.037204;-0.162328,1.41108,-2.96701
-0.413367,-0.290558,0.0360568;-0.561035,1.41429,-2.57504
-0.403024,-0.287594,0.0285978;-1.57311,1.37277,-1.56977
-0.403265,-0.288085,0.0287413;-1.55073,1.39621,-1.59479
-0.403931,-0.288166,0.0286625;-1.55853,1.41531,-1.58501
-0.409281,-0.286349,0.0291167;-1.35933,1.52072,-1.77955
-0.428026,-0.284059,0.0344914;0.337203,1.46788,2.8071
-0.438574,-0.283941,0.0371749;0.238495,1.41151,2.90716
-0.426921,-0.280472,0.028561;-1.57281,1.46425,-1.56883
-0.42648,-0.280912,0.0286584;-1.528,1.46809,-1.6139
-0.426489,-0.281104,0.028637;-1.57045,1.47387,-1.57381
-0.4284,-0.28065,0.0285852;-1.6682,1.56042,-1.47162
-0.439659,-0.277434,0.0308078;1.08027,1.50317,2.06591
-0.460083,-0.276125,0.0376188;0.711138,1.35593,2.42959
-0.45293,-0.27274,0.0285554;-2.6897,1.56454,-0.454854
-0.45184,-0.273386,0.0285754;-1.58034,1.54374,-1.56117
-0.452156,-0.273718,0.028718;-1.24302,1.56208,-1.90259
-0.454635,-0.273213,0.0285824;1.56181,1.49561,1.58048
-0.462584,-0.269335,0.0299147;1.43785,1.42677,1.70896
-0.482481,-0.2648,0.0368968;1.00882,1.29301,2.12711
-0.477707,-0.261483,0.0286062;1.6581,1.47306,1.48364
-0.476427,-0.26222,0.0285774;1.57672,1.50352,1.5651
-0.476795,-0.262509,0.0287431;1.52604,1.48309,1.61127
-0.478774,-0.261961,0.0285773;1.57135,1.39517,1.5707
-0.485089,-0.258146,0.029759;1.54052,1.33684,1.60732
-0.506937,-0.25125,0.0362026;1.15907,1.22276,1.97093
-0.505658,-0.248816,0.0306186;1.36358,1.3558,1.77544
-0.502034,-0.249645,0.0286169;1.58311,1.40735,1.55857
-0.502304,-0.24998,0.0287652;1.54226,1.38729,1.59526
-0.503627,-0.249716,0.0285801;1.57093,1.33491,1.57061
-0.504785,-0.248422,0.0287322;1.56508,1.28041,1.5821
-0.518937,-0.240292,0.0325727;1.44434,1.19977,1.69694
-0.534205,-0.23388,0.0352839;1.22469,1.19178,1.897
-0.525658,-0.235278,0.0285822;1.57397,1.2801,1.56741
-0.525064,-0.235868,0.028583;1.57193,1.29164,1.56959
-0.525898,-0.236021,0.0286053;1.57087,1.25267,1.5696
-0.526738,-0.235394,0.0285801;1.57067,1.20348,1.57101
-0.531047,-0.230992,0.0296768;1.562,1.14162,1.58767
-0.556692,-0.215655,0.0373667;1.24452,1.0427,1.86354
-0.549433,-0.216892,0.0322224;1.40193,1.12939,1.72584
-0.544572,-0.218846,0.0285497;1.57071,1.18718,1.57102
-0.544738,-0.219154,0.0286339;1.57023,1.16626,1.56892
-0.54593,-0.218556,0.0285722;1.57054,1.12434,1.57133
-0.546672,-0.216986,0.0287178;1.56878,1.07259,1.57894
-0.574224,-0.196098,0.03825;1.28841,0.91613,1.81218
-0.574005,-0.194237,0.0360221;1.3175,0.981287,1.7861
-0.564664,-0.197757,0.0284857;1.57668,1.06787,1.56398
-0.564441,-0.198542,0.028716;1.5643,1.06692,1.57315
-0.565271,-0.198188,0.0285714;1.57088,1.03355,1.57109
-0.565645,-0.197556,0.028609;1.57076,0.988461,1.57265
-0.588863,-0.175196,0.0372591;1.34849,0.82681,1.75234
-0.592881,-0.170571,0.0365419;1.33816,0.885435,1.75531
-0.582526,-0.175299,0.0285961;1.58938,0.976839,1.55389
-0.582055,-0.176569,0.0287901;1.55965,0.995474,1.57626
-0.582495,-0.176363,0.0285897;1.57189,0.964546,1.56853
-0.582821,-0.175375,0.028589;1.5709,0.910989,1.57125
-0.582821,-0.175375,0.028589;1.5709,0.910989,1.57125
-0.587848,-0.167457,0.0303823;1.58283,0.851169,1.57385
-0.587848,-0.167457,0.0303823;1.58283,0.851169,1.57385
