0,0,0.11;-1.57,-2.98023e-08,-1.57
0,0,0.11;-1.57,-2.98023e-08,-1.57
0,0,0.11;-1.57,-2.98023e-08,-1.57
9.79227e-05,0.00499874,0.028623;-1.56879,-0.104119,-1.5702
0.000231882,0.00516692,0.0287799;-1.56959,-0.086819,-1.56219
-0.000550478,0.00408359,0.0305389;-1.56843,-0.0676368,-1.53977
-0.00101977,-0.0135045,0.0319779;-1.55772,0.00573501,-1.52648
0.000152613,-0.0131834,0.0287203;-1.57089,-0.0521007,-1.57731
0.000662366,-0.0119962,0.0287209;-1.57182,-0.0732549,-1.57714
0.00076388,-0.0110882,0.0289022;-1.57536,-0.0888055,-1.5819
0.00026947,-0.0128808,0.0288673;-1.57432,-0.0544167,-1.58196
-0.00120539,-0.0142931,0.0298788;-1.59446,-0.0315811,-1.56276
-0.00340192,-0.0163373,0.0339809;-1.61812,-0.0227341,-1.52896
-0.00306964,-0.0206583,0.0303642;-1.56861,-0.0164652,-1.54752
-0.0025395,-0.0206238,0.0285789;-1.57086,-0.023562,-1.57078
-0.0025356,-0.0206725,0.0285851;-1.57103,-0.0384143,-1.57062
-0.00257338,-0.0207038,0.0285801;-1.57078,-0.035989,-1.57081
-0.00322768,-0.021105,0.0292285;-1.55728,-0.0306678,-1.56486
-0.00475949,-0.0222853,0.0322041;-1.55632,-0.0148256,-1.53727
-0.00558323,-0.0324576,0.0362612;-1.43961,-0.0152763,-1.55544
-0.00247495,-0.0322303,0.0362369;-1.46222,-0.0422374,-1.59792
0.00162041,-0.0206339,0.0308594;-1.57222,-0.0922693,-1.61344
0.001137,-0.0251315,0.0323643;-1.57355,-0.0392448,-1.62561
-0.000840863,-0.0317099,0.0308655;-1.5617,0.0232581,-1.61271
-0.00244742,-0.0399768,0.0321118;-1.52879,0.0676511,-1.59024
-0.0041929,-0.0453252,0.0352702;-1.44713,0.055075,-1.56544
-0.00451673,-0.0430854,0.0329799;-1.486,0.0105536,-1.57104
-0.00466099,-0.0363311,0.0288526;-1.56417,-0.0550038,-1.57674
-0.00504689,-0.0357461,0.0288083;-1.56541,-0.0678218,-1.57581
-0.00536997,-0.0351976,0.0287365;-1.57061,-0.0751629,-1.57813
-0.00735884,-0.0419534,0.0310507;-1.57211,0.0201841,-1.54529
-0.00901788,-0.0572882,0.0340298;-1.52027,0.0596817,-1.53002
-0.00686687,-0.0610124,0.0329954;-1.5322,0.0083902,-1.55853
-0.00179511,-0.0496564,0.0290664;-1.57909,-0.078936,-1.58632
-0.0022051,-0.0499043,0.0289743;-1.57902,-0.0645187,-1.5819
-0.00238441,-0.0506108,0.0288681;-1.5755,-0.0495922,-1.57999
-0.00317166,-0.0522263,0.0298182;-1.56036,-0.0225722,-1.55151
-0.00574091,-0.0552797,0.0331793;-1.57202,0.010422,-1.51869
-0.00908039,-0.0639997,0.0344943;-1.55903,0.0546318,-1.50756
-0.00834498,-0.0725017,0.0286815;-1.57097,0.0376365,-1.56577
-0.00836287,-0.0723235,0.028591;-1.57077,0.020715,-1.57013
-0.00839485,-0.0722079,0.0285798;-1.57072,0.0223816,-1.5708
-0.00845523,-0.0723451,0.0286401;-1.57118,0.062411,-1.56741
-0.0102971,-0.0756747,0.0306614;-1.58175,0.0733236,-1.55351
-0.010749,-0.0744011,0.0373114;-1.63381,0.0726558,-1.53332
-0.00388393,-0.0669885,0.0325534;-1.64438,-0.00350917,-1.58429
-0.00426254,-0.0694148,0.0300164;-1.57387,0.00505202,-1.59768
-0.00551937,-0.0727917,0.0292341;-1.57339,0.0397903,-1.58713
-0.00595025,-0.0826873,0.0290908;-1.55715,0.161244,-1.58364
-0.00622879,-0.0894061,0.0335981;-1.48176,0.199245,-1.58799
-0.0103737,-0.0965517,0.0383663;-1.39679,0.205126,-1.59171
-0.0098772,-0.0946719,0.0338845;-1.47309,0.14464,-1.59987
-0.00809993,-0.0873372,0.0294362;-1.56313,0.108979,-1.59422
-0.00776768,-0.0862177,0.0303416;-1.54565,0.108099,-1.59634
-0.00960389,-0.084733,0.0298314;-1.54743,0.0885277,-1.58825
-0.012723,-0.0892374,0.0336921;-1.48564,0.127542,-1.5855
-0.0164362,-0.102026,0.0381084;-1.39637,0.192407,-1.59083
-0.0152238,-0.108083,0.0360332;-1.45449,0.184907,-1.61569
-0.0123934,-0.108642,0.0334182;-1.53253,0.21586,-1.63266
-0.0114774,-0.111509,0.0336508;-1.55291,0.248982,-1.64298
-0.00981364,-0.120196,0.0323917;-1.53496,0.340962,-1.6333
-0.00940264,-0.126512,0.0327292;-1.49957,0.395762,-1.61448
-0.00918436,-0.131696,0.0345917;-1.44796,0.434699,-1.61125
-0.0119798,-0.135258,0.0364234;-1.42051,0.411954,-1.61451
-0.0135097,-0.136319,0.0340284;-1.45362,0.369676,-1.61104
-0.0139322,-0.131324,0.0298226;-1.53227,0.330889,-1.58728
-0.0143272,-0.128381,0.0293276;-1.54654,0.302082,-1.59061
-0.0152133,-0.127338,0.0307492;-1.5403,0.289156,-1.60551
-0.0171923,-0.126934,0.034095;-1.49523,0.282677,-1.6211
-0.0182663,-0.132603,0.038244;-1.391,0.33264,-1.60975
-0.0185145,-0.135522,0.0367893;-1.40403,0.316903,-1.61818
-0.0173586,-0.132586,0.0329259;-1.47798,0.302428,-1.60667
-0.0138846,-0.136893,0.0292476;-1.55503,0.380138,-1.59072
-0.0141235,-0.137811,0.0298938;-1.56035,0.3946,-1.59881
-0.0155436,-0.139359,0.0308717;-1.53868,0.409502,-1.60696
-0.0233397,-0.139632,0.0382663;-1.42466,0.406015,-1.61963
-0.0250611,-0.144092,0.0365609;-1.41922,0.37952,-1.63252
-0.0253271,-0.13997,0.0334514;-1.49288,0.351504,-1.6236
-0.0224531,-0.14184,0.0292013;-1.54612,0.431952,-1.58842
-0.0216519,-0.144976,0.0291264;-1.5498,0.504791,-1.5886
-0.0221567,-0.14634,0.0294903;-1.53749,0.535562,-1.59024
-0.0273464,-0.148518,0.0364612;-1.46602,0.579164,-1.58852
-0.0299115,-0.156507,0.0338547;-1.44885,0.576853,-1.63193
-0.0295977,-0.156118,0.0318657;-1.48773,0.572221,-1.61593
-0.0295561,-0.151723,0.0290924;-1.54797,0.513107,-1.58646
-0.0296085,-0.152509,0.0293085;-1.54021,0.53211,-1.59484
-0.0307393,-0.154331,0.0295724;-1.52911,0.557038,-1.60086
-0.0348166,-0.160418,0.0349749;-1.44259,0.621875,-1.62335
-0.0389173,-0.16419,0.0339657;-1.45172,0.573712,-1.63193
-0.038595,-0.161198,0.0327386;-1.47485,0.541118,-1.61939
-0.0372678,-0.155673,0.0290814;-1.54832,0.507497,-1.58594
-0.0376048,-0.15601,0.0294639;-1.53449,0.517001,-1.59647
-0.0378081,-0.156512,0.0304555;-1.52467,0.52104,-1.60733
-0.0402311,-0.16711,0.0349187;-1.43345,0.634661,-1.64707
-0.0442252,-0.168276,0.0358487;-1.4031,0.606138,-1.65559
-0.0453246,-0.168115,0.0359664;-1.40006,0.599536,-1.65637
-0.0446467,-0.15872,0.0292018;-1.54244,0.500072,-1.58915
-0.044678,-0.153554,0.0290287;-1.5569,0.404333,-1.58489
-0.044649,-0.151467,0.0292066;-1.54966,0.361926,-1.58839
-0.0441295,-0.151727,0.0300469;-1.53919,0.379592,-1.59279
-0.047309,-0.157465,0.037383;-1.4063,0.422191,-1.63254
-0.0474321,-0.158954,0.0377333;-1.4109,0.380114,-1.64792
-0.0438885,-0.152811,0.030511;-1.54587,0.348246,-1.60103
-0.041239,-0.149218,0.0287667;-1.57061,0.30659,-1.57972
-0.0409004,-0.149314,0.0288108;-1.56669,0.314121,-1.57936
-0.0408533,-0.150324,0.0290746;-1.55414,0.33777,-1.58411
-0.0484707,-0.157036,0.0375294;-1.46033,0.405558,-1.60551
-0.0532997,-0.163778,0.0397605;-1.37329,0.398248,-1.67249
-0.0518264,-0.160965,0.0369337;-1.42645,0.372367,-1.65548
-0.0459627,-0.151458,0.0289631;-1.56479,0.301949,-1.58557
-0.045959,-0.151859,0.0289769;-1.56353,0.314804,-1.58513
-0.0468397,-0.154447,0.0297198;-1.55116,0.354311,-1.59343
-0.053274,-0.161476,0.0383175;-1.47069,0.404682,-1.63039
-0.0585934,-0.166782,0.0418533;-1.38508,0.394763,-1.68649
-0.0574417,-0.168327,0.0415408;-1.38432,0.380208,-1.71028
-0.0420978,-0.163525,0.0362169;-1.58581,0.342219,-1.6623
-0.042239,-0.162807,0.0370753;-1.57803,0.343926,-1.66794
-0.0465341,-0.165193,0.0363695;-1.52752,0.371722,-1.67299
-0.0540526,-0.170763,0.0399014;-1.42944,0.405856,-1.69119
-0.0569559,-0.170172,0.0427074;-1.41018,0.400436,-1.68273
-0.0576065,-0.170251,0.0428409;-1.34302,0.391578,-1.72058
-0.0543663,-0.164245,0.0350966;-1.47787,0.363668,-1.64227
-0.0530019,-0.16251,0.0302093;-1.55694,0.371875,-1.60003
-0.0546071,-0.164719,0.0330019;-1.53641,0.403402,-1.63087
-0.0587203,-0.170847,0.0383443;-1.43719,0.448498,-1.68844
-0.0639077,-0.176671,0.0405956;-1.39381,0.491316,-1.69957
-0.0682568,-0.180793,0.0418478;-1.34521,0.476607,-1.71852
-0.0609058,-0.181039,0.0387567;-1.477,0.465474,-1.70039
-0.0585477,-0.180235,0.0371525;-1.55506,0.467951,-1.67726
-0.0597003,-0.180249,0.0365983;-1.57441,0.486686,-1.66306
-0.0646879,-0.184095,0.0352611;-1.51251,0.536683,-1.67127
-0.0667161,-0.179738,0.0375185;-1.45737,0.522882,-1.6685
-0.0678867,-0.174381,0.0402959;-1.42355,0.50672,-1.65202
-0.0678845,-0.172535,0.0329961;-1.47412,0.461689,-1.62349
-0.0661358,-0.168818,0.0290872;-1.54785,0.431259,-1.58369
-0.0659571,-0.169243,0.0291321;-1.54934,0.446278,-1.58699
-0.0655624,-0.167899,0.0307671;-1.53298,0.440454,-1.60839
-0.066851,-0.170596,0.0351186;-1.47806,0.465994,-1.64256
-0.0712573,-0.173753,0.040317;-1.44992,0.488572,-1.65075
-0.0651175,-0.172413,0.0383101;-1.45866,0.409834,-1.68432
-0.0572222,-0.169536,0.0324748;-1.58613,0.399302,-1.61456
-0.0545016,-0.169092,0.0333816;-1.59277,0.37872,-1.62266
-0.0606139,-0.170833,0.0346794;-1.60941,0.439065,-1.61395
-0.0646416,-0.169539,0.035732;-1.61882,0.467837,-1.58712
-0.0688823,-0.168059,0.0408;-1.59982,0.48968,-1.57041
-0.0795169,-0.175248,0.0374107;-1.426,0.481417,-1.68111
-0.0766397,-0.176386,0.0324133;-1.54874,0.510065,-1.62835
-0.0743784,-0.177702,0.0329469;-1.57855,0.505429,-1.62971
-0.0733755,-0.176521,0.0333772;-1.58063,0.498758,-1.62743
-0.0752354,-0.177363,0.0359812;-1.61953,0.533804,-1.61289
-0.0777133,-0.181176,0.0409679;-1.61986,0.579559,-1.59335
-0.07894,-0.17888,0.0460163;-1.6376,0.5558,-1.54303
-0.0723334,-0.176609,0.0376311;-1.71511,0.557342,-1.51284
-0.0757184,-0.180926,0.0318041;-1.59135,0.590101,-1.59948
-0.0841687,-0.183337,0.0290198;-1.58338,0.682098,-1.57415
-0.0850125,-0.183565,0.0287514;-1.56972,0.697329,-1.57914
-0.0864094,-0.183516,0.0296912;-1.54465,0.699633,-1.58377
-0.0923228,-0.182499,0.0349488;-1.45469,0.674756,-1.60925
-0.0916077,-0.182871,0.0327659;-1.46591,0.647759,-1.62158
-0.089381,-0.181585,0.0290188;-1.54407,0.650987,-1.58674
-0.0885525,-0.181796,0.0287617;-1.55961,0.702425,-1.57769
-0.0882915,-0.181654,0.0286472;-1.57012,0.711492,-1.56785
-0.0891618,-0.181519,0.0289063;-1.55318,0.726657,-1.57936
-0.0974301,-0.18227,0.0355286;-1.42493,0.730052,-1.6405
-0.0974845,-0.183479,0.0341523;-1.42865,0.720424,-1.65177
-0.0941256,-0.18299,0.0286995;-1.56864,0.729341,-1.56819
-0.0950461,-0.18393,0.0290228;-1.58396,0.756438,-1.57342
-0.0952215,-0.183733,0.0289986;-1.58608,0.757337,-1.56921
-0.0970596,-0.184069,0.0288033;-1.57686,0.797825,-1.57285
-0.112582,-0.19218,0.0354593;-1.44907,0.884543,-1.64602
-0.112681,-0.193753,0.0371354;-1.4475,0.837466,-1.66084
-0.104935,-0.194561,0.0319755;-1.50549,0.808859,-1.64197
-0.0982907,-0.191958,0.0289517;-1.58128,0.7763,-1.57364
-0.101299,-0.192927,0.029051;-1.58959,0.837447,-1.5673
-0.105014,-0.194847,0.0302796;-1.61271,0.887545,-1.55163
-0.111732,-0.198994,0.0391962;-1.67603,0.982284,-1.48227
-0.113081,-0.193492,0.0409071;-1.64115,0.942875,-1.47987
-0.109687,-0.189102,0.0301917;-1.5493,0.899771,-1.56045
-0.108522,-0.189316,0.0286219;-1.57078,0.887815,-1.56879
-0.108337,-0.18921,0.0286394;-1.57068,0.911984,-1.56814
-0.108406,-0.188969,0.0286729;-1.5708,0.922019,-1.56623
-0.108406,-0.188969,0.0286729;-1.5708,0.922019,-1.56623
-0.109801,-0.188418,0.0291561;-1.55718,0.951143,-1.57389
-0.109801,-0.188418,0.0291561;-1.55718,0.951143,-1.57389
