0,0,0.11;-1.57,-2.98023e-08,-1.57
0,0,0.11;-1.57,-2.98023e-08,-1.57
0,0,0.11;-1.57,-2.98023e-08,-1.57
-1.91483e-05,0.00546778,0.0286354;-1.56834,-0.12282,-1.57014
0.000181111,0.00563579,0.0286722;-1.57094,-0.093226,-1.56633
-0.00162142,0.00136718,0.0300794;-1.573,-0.036927,-1.55219
-0.00290687,-0.0298932,0.035488;-1.45186,0.0370913,-1.5616
-0.00474564,-0.0270655,0.0285778;-1.57086,-0.0665644,-1.57058
-0.00497246,-0.0272606,0.0287803;-1.56116,-0.0809995,-1.56989
-0.00508214,-0.0272579,0.0287234;-1.5639,-0.0840001,-1.57018
-0.00477886,-0.0269508,0.0286855;-1.57066,-0.048221,-1.56543
-0.00605916,-0.0298839,0.0298511;-1.56706,0.00711411,-1.55519
-0.00784119,-0.05091,0.0353713;-1.49313,0.105501,-1.55064
-0.00903876,-0.0638048,0.0323227;-1.50016,0.0494807,-1.5671
-0.00951688,-0.0597239,0.0285943;-1.57261,-0.00191736,-1.56844
-0.00932085,-0.0594947,0.0287083;-1.5647,0.00135902,-1.57055
-0.0092498,-0.0603724,0.0285802;-1.57068,0.0492948,-1.57083
-0.0107029,-0.0643056,0.0289215;-1.58027,0.111801,-1.5745
-0.0138208,-0.0802263,0.035438;-1.5279,0.182862,-1.57665
-0.0145145,-0.0943476,0.036661;-1.44543,0.174116,-1.59659
-0.0123461,-0.0883331,0.0333992;-1.52065,0.106643,-1.60465
-0.00847151,-0.0789459,0.0291052;-1.57781,0.0495492,-1.58827
-0.00881328,-0.0818089,0.0291177;-1.58017,0.0948725,-1.58617
-0.0110935,-0.086065,0.0299617;-1.58006,0.149335,-1.59229
-0.0142309,-0.0929838,0.033678;-1.61553,0.215914,-1.58659
-0.0155642,-0.0996128,0.0391614;-1.56017,0.253029,-1.59397
-0.015139,-0.0982415,0.0334004;-1.59021,0.190553,-1.60087
-0.0116511,-0.0918778,0.0291026;-1.57448,0.140648,-1.58373
-0.0117216,-0.0919133,0.0289009;-1.57583,0.144238,-1.58029
-0.0127447,-0.09357,0.0289606;-1.57324,0.181874,-1.58597
-0.0212519,-0.109066,0.0338849;-1.59722,0.317537,-1.55957
-0.0264071,-0.127408,0.0384962;-1.40182,0.374633,-1.60393
-0.0283751,-0.129681,0.0364254;-1.42016,0.316812,-1.60861
-0.0263377,-0.118826,0.0285736;-1.57068,0.252131,-1.57105
-0.0261144,-0.11907,0.0287343;-1.56316,0.267572,-1.57274
-0.0258951,-0.119491,0.0287605;-1.56173,0.299081,-1.57339
-0.0290224,-0.122354,0.0301715;-1.57888,0.38729,-1.54878
-0.0389676,-0.144547,0.0353679;-1.49041,0.494137,-1.57508
-0.0447397,-0.156314,0.041176;-1.34261,0.486405,-1.64018
-0.0395291,-0.146227,0.0285598;-1.57099,0.417195,-1.57081
-0.0395304,-0.146391,0.0288373;-1.55748,0.414997,-1.57643
-0.0393475,-0.146662,0.028846;-1.55708,0.427636,-1.57683
-0.0397308,-0.146795,0.0289235;-1.57748,0.484859,-1.55683
-0.0479289,-0.158243,0.0317393;-1.58377,0.568211,-1.53628
-0.0618464,-0.183175,0.0402911;-1.37073,0.647279,-1.64585
-0.0578734,-0.183228,0.0286439;-1.57652,0.591136,-1.5638
-0.0571726,-0.182667,0.0285737;-1.57119,0.56713,-1.5706
-0.0572185,-0.183087,0.0288394;-1.55767,0.574164,-1.57917
-0.0593125,-0.185138,0.0287522;-1.58151,0.666196,-1.56417
-0.066797,-0.191502,0.0335686;-1.6939,0.717051,-1.49874
-0.0783831,-0.203152,0.0413386;-1.65886,0.806654,-1.51111
-0.0740019,-0.206951,0.0290842;-1.5799,0.697254,-1.58141
-0.0694657,-0.204448,0.0290745;-1.58171,0.657414,-1.57904
-0.070414,-0.205065,0.0291657;-1.57728,0.673383,-1.58152
-0.0778293,-0.210291,0.0304848;-1.61083,0.758116,-1.56201
-0.0846983,-0.214154,0.0361674;-1.7531,0.814587,-1.45843
-0.0934653,-0.22078,0.0436202;-1.73135,0.874189,-1.46918
-0.090879,-0.221915,0.0324338;-1.66531,0.768597,-1.52225
-0.0866187,-0.220214,0.0290494;-1.57823,0.717558,-1.58253
-0.0871001,-0.220636,0.0291229;-1.57736,0.728828,-1.57971
-0.0903995,-0.222096,0.0288993;-1.57119,0.791854,-1.58573
-0.0964425,-0.224898,0.0302525;-1.61007,0.83795,-1.5421
-0.112614,-0.236894,0.0366499;-1.47201,0.901903,-1.63894
-0.119431,-0.242191,0.0340548;-1.41632,0.85815,-1.67932
-0.117156,-0.238169,0.0286847;-1.57035,0.810119,-1.56594
-0.117103,-0.237986,0.0285764;-1.57084,0.778079,-1.57089
-0.117276,-0.23804,0.0285797;-1.57078,0.783709,-1.57081
-0.117093,-0.237971,0.0287379;-1.57133,0.824464,-1.56277
-0.125806,-0.24068,0.030464;-1.57556,0.901287,-1.54606
-0.157919,-0.264241,0.0380184;-1.29608,0.977859,-1.77504
-0.158843,-0.263213,0.0337095;-1.40931,0.924406,-1.69292
-0.155415,-0.259748,0.0286412;-1.57216,0.888152,-1.56571
-0.155325,-0.25991,0.0287428;-1.55837,0.88869,-1.58038
-0.154911,-0.259953,0.0285793;-1.57068,0.919016,-1.57096
-0.155384,-0.260009,0.0289198;-1.56505,0.960296,-1.56568
-0.188431,-0.279948,0.0391727;-1.24608,1.13313,-1.8266
-0.198688,-0.285957,0.0364648;-1.27771,1.08038,-1.81427
-0.194156,-0.282457,0.029259;-1.52685,1.05832,-1.60322
-0.192976,-0.282417,0.0287534;-1.55829,1.06814,-1.58393
-0.193612,-0.282806,0.0287007;-1.57057,1.10748,-1.57661
-0.195992,-0.283127,0.0286908;-1.5757,1.16958,-1.57049
-0.224975,-0.290912,0.0419017;-1.21571,1.29572,-1.90554
-0.230982,-0.294469,0.0404556;-1.28629,1.22399,-1.8565
-0.217863,-0.292854,0.029718;-1.58471,1.17575,-1.58193
-0.211091,-0.293139,0.0292228;-1.58937,1.15209,-1.56851
-0.214855,-0.294142,0.0293108;-1.59439,1.19672,-1.56625
-0.22139,-0.294082,0.0309659;-1.66843,1.25382,-1.49842
-0.240234,-0.296056,0.0452798;-1.49455,1.39356,-1.6567
-0.243627,-0.296738,0.0447531;-1.5038,1.33277,-1.65899
-0.230488,-0.293641,0.0312973;-1.69926,1.27483,-1.46814
-0.227719,-0.293543,0.0290526;-1.58022,1.27399,-1.57428
-0.230045,-0.293251,0.0288581;-1.57238,1.32457,-1.58182
-0.231411,-0.292755,0.0289756;-1.61614,1.36213,-1.53578
-0.25558,-0.292469,0.0384559;-1.23229,1.49874,-1.8936
-0.26812,-0.294488,0.0382276;-0.496832,1.36869,-2.61755
-0.263472,-0.293604,0.0335178;-0.821251,1.43591,-2.30133
-0.257985,-0.293264,0.0286864;-1.53437,1.43025,-1.60671
-0.258102,-0.293622,0.0288684;-1.46065,1.45107,-1.68079
-0.257719,-0.29381,0.0286159;-1.56338,1.47577,-1.57654
-0.259449,-0.292541,0.029491;-1.69876,1.52625,-1.42922
-0.306887,-0.291872,0.0403704;0.546281,1.36071,2.62841
-0.308485,-0.292006,0.0373135;0.484116,1.40619,2.67476
-0.299383,-0.294287,0.0284659;1.49936,1.52838,1.64638
-0.298896,-0.294519,0.0288111;1.30124,1.52936,1.84017
-0.298797,-0.295258,0.0285648;1.58556,1.49525,1.55649
-0.299047,-0.294941,0.0288188;1.59821,1.46961,1.55271
-0.337806,-0.287182,0.0395771;1.09229,1.26263,2.07585
-0.349704,-0.286607,0.0394015;0.923674,1.26164,2.22115
-0.340389,-0.290149,0.0286392;1.62091,1.33437,1.52189
-0.340102,-0.290905,0.0288706;1.52671,1.35022,1.60966
-0.340768,-0.290803,0.0286673;1.57109,1.32437,1.5665
-0.342283,-0.289295,0.0289961;1.6194,1.26713,1.51871
-0.367252,-0.277498,0.0426711;1.62568,1.13766,1.51846
-0.379226,-0.275304,0.0418764;1.32085,1.18112,1.79489
-0.370735,-0.282327,0.029265;1.59104,1.24572,1.5338
-0.366509,-0.285687,0.0292154;1.59505,1.28399,1.53262
-0.36927,-0.28458,0.0296578;1.59704,1.25834,1.52483
-0.374001,-0.281298,0.029846;1.61323,1.20954,1.51014
-0.390417,-0.26946,0.0429077;1.63618,1.08808,1.4978
-0.398417,-0.265061,0.0437999;1.4805,1.11303,1.64089
-0.397173,-0.265426,0.0358023;1.49119,1.1756,1.61772
-0.388512,-0.271697,0.0290358;1.58863,1.24376,1.54285
-0.388873,-0.271323,0.028835;1.57926,1.23966,1.55353
-0.390184,-0.270096,0.0288583;1.57045,1.20329,1.55786
-0.403581,-0.259187,0.0320891;1.55736,1.08384,1.588
-0.424075,-0.248507,0.0373958;1.29558,0.997854,1.83032
-0.42867,-0.245568,0.0356837;1.29625,1.04862,1.82248
-0.422491,-0.24737,0.0285789;1.57122,1.12761,1.57057
-0.422518,-0.247433,0.0287529;1.55162,1.1238,1.58819
-0.422668,-0.247442,0.028744;1.5541,1.10355,1.5862
-0.423917,-0.245781,0.0296059;1.5649,1.015,1.5899
-0.440967,-0.233846,0.0346959;1.45586,0.902927,1.68696
-0.458927,-0.223472,0.0370371;1.35932,0.866698,1.7568
-0.454711,-0.223147,0.0286252;1.57323,0.981305,1.57211
-0.45457,-0.223436,0.028762;1.55488,0.976588,1.58439
-0.454593,-0.223606,0.0287223;1.5588,0.966998,1.5808
-0.454935,-0.224279,0.0287768;1.56994,0.892611,1.58064
-0.461621,-0.215998,0.0314026;1.54564,0.8036,1.60957
-0.480888,-0.199362,0.0383072;1.40871,0.694487,1.7114
-0.484323,-0.194991,0.0286232;1.57268,0.782918,1.57287
-0.484286,-0.195474,0.0285791;1.57101,0.779604,1.57053
-0.484686,-0.195552,0.0287556;1.56529,0.76348,1.57025
-0.48567,-0.192919,0.0287466;1.57176,0.67138,1.56309
-0.489828,-0.183755,0.0322681;1.62173,0.603552,1.53483
-0.500171,-0.169385,0.0413625;1.47682,0.537043,1.62273
-0.498365,-0.177721,0.0297279;1.57854,0.664763,1.54392
-0.495947,-0.185021,0.0291034;1.58667,0.711436,1.54741
-0.496609,-0.184265,0.0291832;1.57887,0.693249,1.55081
-0.499584,-0.176914,0.0301752;1.59755,0.614272,1.5361
-0.501254,-0.170038,0.0352057;1.69401,0.539694,1.48771
-0.504866,-0.161672,0.0437862;1.66146,0.464632,1.51231
-0.505279,-0.161156,0.0332564;1.6109,0.535828,1.52781
-0.503388,-0.167869,0.02909;1.58016,0.596277,1.54899
-0.5037,-0.167775,0.0289108;1.57436,0.583208,1.55756
-0.50416,-0.166062,0.0288312;1.57068,0.539064,1.55891
-0.504369,-0.162271,0.0293019;1.59671,0.478083,1.55705
-0.50934,-0.146868,0.034598;1.64493,0.403388,1.54896
-0.519843,-0.123491,0.0381327;1.39426,0.375183,1.66093
-0.51692,-0.132162,0.0285913;1.57683,0.41358,1.57435
-0.516847,-0.132604,0.0285781;1.57084,0.440824,1.57058
-0.517314,-0.13284,0.0286569;1.56684,0.406755,1.57242
-0.517251,-0.132891,0.0286875;1.57175,0.380873,1.57652
-0.517406,-0.126788,0.0304696;1.58183,0.326042,1.58686
-0.531247,-0.084818,0.0408065;1.36705,0.209615,1.65011
-0.53033,-0.0904821,0.0338093;1.4798,0.241503,1.60715
-0.530173,-0.0963528,0.0285558;1.571,0.274214,1.57138
-0.530443,-0.0963669,0.0288239;1.5586,0.265904,1.57411
-0.530391,-0.0966145,0.0285195;1.57384,0.246662,1.57023
-0.529898,-0.0953678,0.0291156;1.57399,0.215909,1.58039
-0.53595,-0.0495819,0.0403497;1.40091,0.0488258,1.62285
-0.536478,-0.0443121,0.0375843;1.40745,0.0898346,1.60497
-0.536833,-0.0523261,0.0286594;1.57644,0.105996,1.57148
-0.537175,-0.0526236,0.0287217;1.56951,0.118006,1.56549
-0.537212,-0.0521544,0.0287493;1.57065,0.0984531,1.56277
-0.536305,-0.0504399,0.0289351;1.58136,0.0496109,1.5637
-0.532836,-0.0216522,0.0426615;1.50362,-0.064253,1.56915
-0.533273,-0.0120718,0.0395224;1.45861,0.00956344,1.55215
-0.535402,-0.0247561,0.0298865;1.57721,0.0723808,1.54648
-0.537105,-0.0313995,0.0291842;1.57874,0.123942,1.55541
-0.536726,-0.0285871,0.0292934;1.58017,0.0963454,1.5541
-0.534997,-0.0222819,0.0300156;1.58972,0.0395998,1.55021
-0.534997,-0.0222819,0.0300156;1.58972,0.0395998,1.55021
-0.532183,-0.0129631,0.0345808;1.6391,-0.0220108,1.55281
-0.532183,-0.0129631,0.0345808;1.6391,-0.0220108,1.55281
