0,0,0.11;-1.57,-2.98023e-08,-1.57
0,0,0.11;-1.57,-2.98023e-08,-1.57
0,0,0.11;-1.57,-2.98023e-08,-1.57
6.65509e-05,0.00546398,0.0287129;-1.57078,-0.207917,-1.57706
-0.000649236,0.00362647,0.0286335;-1.57128,-0.144696,-1.57295
-0.00199498,0.00142875,0.028914;-1.58707,-0.0752227,-1.57226
-0.00308976,-0.0118107,0.0300306;-1.59714,-0.00644545,-1.5608
-0.00206652,-0.0133793,0.0287572;-1.57088,-0.0625123,-1.57939
-0.00202005,-0.0123705,0.0286485;-1.57097,-0.0861,-1.5742
-0.00251986,-0.0102966,0.0286528;-1.57066,-0.152522,-1.57408
-0.00205246,-0.0120218,0.0285796;-1.57079,-0.101308,-1.57083
-0.00235482,-0.0126062,0.028763;-1.57271,-0.0721915,-1.56648
-0.00277143,-0.0145774,0.0303361;-1.57284,-0.0270259,-1.5562
-0.00260755,-0.0131131,0.0292195;-1.57359,-0.0887534,-1.56383
-0.00240197,-0.0126822,0.0285803;-1.57095,-0.11334,-1.57085
-0.00234904,-0.0126054,0.0285828;-1.57065,-0.111348,-1.57084
-0.00237772,-0.0138502,0.0287684;-1.57097,-0.0825746,-1.56174
-0.00330995,-0.0191092,0.030161;-1.57827,-0.0427982,-1.54775
-0.00161177,-0.0356944,0.0318496;-1.56463,0.0338355,-1.53046
-0.0034344,-0.047689,0.0338829;-1.53568,-0.0210365,-1.51542
-0.00565917,-0.0421622,0.031638;-1.56265,-0.0915185,-1.52284
-0.00662026,-0.030593,0.0298562;-1.56968,-0.137964,-1.54545
-0.00588322,-0.0276662,0.0288384;-1.56853,-0.124804,-1.56046
-0.00505776,-0.0259625,0.0289676;-1.56581,-0.0637041,-1.5568
-0.00600351,-0.026388,0.0302929;-1.56965,-0.013208,-1.54594
-0.00759579,-0.0306623,0.0323237;-1.5873,0.0529305,-1.52497
-0.00776602,-0.0330124,0.0305436;-1.57048,0.0403845,-1.53776
-0.00940927,-0.0324998,0.0292006;-1.57349,0.0278926,-1.55745
-0.00917631,-0.0320119,0.0291652;-1.57357,0.0111323,-1.55748
-0.00929535,-0.030757,0.0295084;-1.57382,0.0297617,-1.55155
-0.00936835,-0.0357648,0.0314678;-1.56809,0.0704373,-1.5322
-0.0105281,-0.0456028,0.0317633;-1.56385,0.0999961,-1.53121
-0.0107221,-0.0482982,0.0293573;-1.56338,0.0667633,-1.55933
-0.0107914,-0.0486941,0.0287362;-1.57027,-0.00965101,-1.56387
-0.0110797,-0.0489285,0.0287527;-1.56542,-0.0261681,-1.56773
-0.0112266,-0.0494863,0.028717;-1.56444,-0.029213,-1.56968
-0.0114624,-0.0505235,0.0290269;-1.56939,0.00578761,-1.56062
-0.0125457,-0.0538937,0.0317827;-1.57881,0.0549415,-1.53173
-0.0142184,-0.0632985,0.0321941;-1.56992,0.0619659,-1.52737
-0.0142973,-0.0591987,0.0291447;-1.57254,0.0575857,-1.5574
-0.0142683,-0.0596362,0.0288301;-1.56842,0.0340387,-1.56135
-0.0142232,-0.059098,0.0288982;-1.56385,0.0345561,-1.56267
-0.0148949,-0.0620303,0.0307777;-1.5714,0.0685151,-1.5358
-0.0189321,-0.0692046,0.0337954;-1.57547,0.112418,-1.50864
-0.0243947,-0.0807987,0.0360076;-1.56053,0.155895,-1.49316
-0.0329096,-0.0860565,0.0333083;-1.55284,0.124203,-1.51585
-0.0351124,-0.0862781,0.0308646;-1.56223,0.0728701,-1.53894
-0.0369934,-0.0842381,0.0298909;-1.54851,0.0546499,-1.55732
-0.0401396,-0.0912621,0.0317481;-1.5487,0.0266175,-1.53482
-0.041672,-0.0949834,0.0325105;-1.54481,0.0196939,-1.52635
-0.0413547,-0.0966343,0.0354723;-1.54334,0.0600435,-1.49914
-0.0429267,-0.0864652,0.0342531;-1.54085,0.0368563,-1.51006
-0.0455173,-0.0872,0.0329304;-1.53889,-0.0381805,-1.52193
-0.0475784,-0.0897176,0.0326534;-1.49687,-0.0640243,-1.54791
-0.0465411,-0.0889402,0.033736;-1.54175,-0.0246805,-1.51538
-0.0485984,-0.100466,0.0324784;-1.56234,0.00841019,-1.52605
-0.0499863,-0.112109,0.0326184;-1.56192,0.128144,-1.52637
-0.0497658,-0.118123,0.0291173;-1.56954,0.096572,-1.56175
-0.0493238,-0.117964,0.0287111;-1.57089,0.0660219,-1.56446
-0.0490641,-0.117597,0.0288934;-1.55941,0.0733432,-1.56786
-0.048452,-0.116744,0.0287269;-1.5703,0.10877,-1.56396
-0.0498363,-0.118043,0.0292446;-1.56771,0.131611,-1.56205
-0.053604,-0.121308,0.0315416;-1.58061,0.203359,-1.53698
-0.0561336,-0.129732,0.030685;-1.56978,0.191108,-1.54519
-0.0557837,-0.129334,0.0286179;-1.57102,0.144487,-1.56903
-0.0551811,-0.129182,0.0288036;-1.5688,0.124642,-1.56245
-0.0550833,-0.128865,0.0287351;-1.56339,0.153777,-1.57158
-0.055256,-0.128921,0.0286412;-1.57095,0.199533,-1.56752
-0.057399,-0.129962,0.0297259;-1.57856,0.250098,-1.55526
-0.0668002,-0.144912,0.0329338;-1.57698,0.325665,-1.51819
-0.0654163,-0.146362,0.0297729;-1.57512,0.235054,-1.55221
-0.0645141,-0.146808,0.0287;-1.5716,0.205278,-1.56554
-0.0634116,-0.145896,0.0289661;-1.55474,0.20865,-1.57109
-0.0631061,-0.145632,0.0288365;-1.56392,0.236204,-1.56681
-0.0631222,-0.145203,0.0287504;-1.57169,0.272237,-1.56224
-0.0726884,-0.157427,0.0329092;-1.57196,0.385619,-1.52163
-0.0735573,-0.160772,0.0318735;-1.55132,0.340161,-1.5398
-0.0742138,-0.160456,0.0296458;-1.55789,0.321319,-1.56005
-0.074313,-0.160082,0.0289694;-1.55361,0.301774,-1.57331
-0.0740916,-0.160085,0.0290828;-1.54968,0.321817,-1.57303
-0.0743371,-0.160125,0.0295742;-1.56633,0.326599,-1.55471
-0.0816154,-0.169806,0.0325956;-1.56609,0.432045,-1.52385
-0.0837971,-0.175596,0.0301458;-1.56739,0.405106,-1.55216
-0.0835998,-0.176173,0.0286455;-1.57098,0.39602,-1.56759
-0.0829322,-0.175232,0.0290049;-1.55409,0.373309,-1.57188
-0.0823747,-0.174913,0.0287383;-1.56694,0.403685,-1.56836
-0.0824464,-0.174894,0.0288144;-1.56851,0.418563,-1.56224
-0.0880542,-0.179612,0.0321085;-1.56397,0.486261,-1.53102
-0.0910784,-0.186065,0.0296819;-1.56966,0.458988,-1.55869
-0.0915463,-0.186098,0.0287154;-1.57119,0.417911,-1.56385
-0.0908225,-0.185881,0.0289345;-1.55608,0.409106,-1.57294
-0.0900975,-0.185311,0.0286661;-1.57142,0.445332,-1.56594
-0.0902712,-0.185396,0.0286372;-1.57085,0.460455,-1.5681
-0.0941886,-0.188934,0.031647;-1.57561,0.515362,-1.53674
-0.09844,-0.194588,0.0303584;-1.56719,0.507509,-1.54983
-0.0989018,-0.195712,0.0302815;-1.57155,0.500302,-1.54734
-0.0985247,-0.196287,0.0288631;-1.56683,0.465553,-1.56259
-0.0981658,-0.196099,0.0289705;-1.55454,0.458566,-1.57361
-0.0983216,-0.196263,0.0285775;-1.57017,0.510575,-1.57058
-0.0989881,-0.196311,0.0287967;-1.57532,0.570552,-1.56087
-0.105165,-0.201158,0.0325261;-1.57913,0.592567,-1.52355
-0.104905,-0.203324,0.0294226;-1.57891,0.528996,-1.55494
-0.103383,-0.203504,0.0287944;-1.58043,0.46956,-1.56476
-0.102828,-0.203757,0.0287871;-1.55993,0.445034,-1.57512
-0.102881,-0.20354,0.0285788;-1.57108,0.45128,-1.57095
-0.10305,-0.20363,0.0287196;-1.57164,0.454063,-1.56418
-0.11044,-0.209068,0.0334293;-1.61348,0.556706,-1.50738
-0.114505,-0.216885,0.0310655;-1.61191,0.551543,-1.53636
-0.115044,-0.21798,0.0288009;-1.58205,0.530438,-1.56432
-0.114415,-0.218197,0.0288036;-1.56179,0.542139,-1.57195
-0.114272,-0.218382,0.0287594;-1.56448,0.558403,-1.57038
-0.114712,-0.218341,0.0285993;-1.57109,0.599076,-1.56918
-0.123473,-0.22742,0.0313822;-1.58941,0.690867,-1.53106
-0.128714,-0.235557,0.0302195;-1.5649,0.685193,-1.55661
-0.127895,-0.234993,0.0286887;-1.57216,0.666798,-1.56491
-0.1267,-0.234598,0.0287766;-1.56226,0.688752,-1.57333
-0.126699,-0.234283,0.0287857;-1.56539,0.675094,-1.56855
-0.126645,-0.234154,0.0286092;-1.57105,0.661146,-1.56921
-0.128916,-0.23627,0.0312082;-1.55054,0.676987,-1.55594
-0.130501,-0.235854,0.0317475;-1.55102,0.650631,-1.54574
-0.128285,-0.234423,0.0290611;-1.5787,0.586389,-1.56203
-0.125706,-0.233472,0.0287794;-1.56742,0.524673,-1.56593
-0.125551,-0.233319,0.0287419;-1.56428,0.511521,-1.57191
-0.125611,-0.233009,0.0286064;-1.57065,0.487524,-1.57253
-0.127028,-0.232778,0.0301582;-1.59868,0.558722,-1.54681
-0.130141,-0.235929,0.033069;-1.61631,0.606922,-1.50991
-0.135602,-0.241031,0.0329481;-1.61842,0.62006,-1.51292
-0.137169,-0.243027,0.028747;-1.57143,0.583394,-1.56273
-0.13692,-0.242918,0.0287346;-1.56153,0.594362,-1.57617
-0.136826,-0.24299,0.0287593;-1.56049,0.606418,-1.57643
-0.141855,-0.24454,0.029228;-1.60004,0.758657,-1.54862
-0.147588,-0.249155,0.0312435;-1.61363,0.769827,-1.52321
-0.153723,-0.252757,0.0327909;-1.58735,0.761227,-1.52355
-0.146215,-0.241039,0.0314621;-1.53834,0.65592,-1.55565
-0.145078,-0.238995,0.0302607;-1.5369,0.603894,-1.56777
-0.145805,-0.240136,0.0306741;-1.51506,0.608146,-1.59521
-0.149103,-0.245998,0.0310763;-1.54259,0.709924,-1.55836
-0.156802,-0.251772,0.0310289;-1.55595,0.759657,-1.55216
-0.161431,-0.254401,0.0325063;-1.56378,0.789705,-1.53568
-0.163611,-0.258419,0.0286278;-1.57407,0.692637,-1.56936
-0.162803,-0.258398,0.0287573;-1.56859,0.684327,-1.56543
-0.162634,-0.257954,0.0287698;-1.56296,0.665643,-1.57265
-0.161007,-0.259019,0.030303;-1.54754,0.755244,-1.56293
-0.158219,-0.261825,0.0339355;-1.50159,0.854843,-1.5675
-0.163855,-0.272996,0.0346855;-1.50796,0.916866,-1.55526
-0.167016,-0.274681,0.0311126;-1.53774,0.873713,-1.56539
-0.162634,-0.264673,0.0292123;-1.55724,0.789916,-1.5665
-0.160664,-0.26274,0.0297285;-1.53898,0.766349,-1.58305
-0.157001,-0.263037,0.0325206;-1.5119,0.825475,-1.57215
-0.16158,-0.266149,0.0338127;-1.52439,0.861005,-1.54142
-0.170401,-0.270208,0.0369067;-1.534,0.888486,-1.52162
-0.179275,-0.272782,0.034179;-1.52506,0.860237,-1.53529
-0.177298,-0.270941,0.0337798;-1.53658,0.761888,-1.5317
-0.179664,-0.270447,0.0328128;-1.5103,0.74223,-1.56745
-0.186071,-0.272542,0.0309924;-1.51982,0.743723,-1.58251
-0.191405,-0.276749,0.0296648;-1.55097,0.809608,-1.5705
-0.195921,-0.280249,0.0318198;-1.56818,0.88975,-1.53873
-0.200443,-0.283011,0.0343178;-1.50157,0.946573,-1.56328
-0.196052,-0.278677,0.0326863;-1.52119,0.853051,-1.55672
-0.196411,-0.278742,0.0306855;-1.54124,0.824499,-1.56182
-0.194127,-0.280301,0.0290526;-1.54191,0.898166,-1.58841
-0.193087,-0.28093,0.0300933;-1.5385,0.959461,-1.57511
-0.198841,-0.283986,0.031698;-1.54765,1.03495,-1.54683
-0.216855,-0.29494,0.0369621;-1.44344,1.10148,-1.60587
-0.216391,-0.293203,0.0346274;-1.49435,1.05996,-1.57298
-0.212608,-0.288243,0.0314858;-1.53031,1.02164,-1.56684
-0.20729,-0.285985,0.030799;-1.5182,1.04493,-1.59005
-0.207882,-0.286745,0.0313075;-1.52437,1.03259,-1.57621
-0.210258,-0.287853,0.0331068;-1.49948,1.03425,-1.58225
-0.220117,-0.29504,0.0342716;-1.51705,1.04081,-1.55059
-0.2213,-0.296679,0.0312256;-1.54241,0.999121,-1.56052
-0.218724,-0.296364,0.0286084;-1.56889,0.924733,-1.56975
-0.217851,-0.296124,0.0290235;-1.54632,0.933588,-1.58358
-0.217206,-0.296076,0.0288071;-1.56041,0.976713,-1.57435
-0.21729,-0.295491,0.0288194;-1.5742,1.03491,-1.55675
-0.236357,-0.304317,0.0345041;-1.62637,1.19972,-1.46723
-0.239414,-0.306814,0.0325461;-1.52382,1.20343,-1.56505
-0.232651,-0.304287,0.0294073;-1.58361,1.16267,-1.54656
-0.225861,-0.301747,0.0292928;-1.53891,1.07701,-1.58785
-0.225409,-0.301474,0.0290195;-1.54867,1.07533,-1.57963
-0.225567,-0.301401,0.0287625;-1.56971,1.06311,-1.56356
-0.225567,-0.301401,0.0287625;-1.56971,1.06311,-1.56356
-0.230425,-0.302444,0.0305411;-1.57354,1.06858,-1.54634
-0.230425,-0.302444,0.0305411;-1.57354,1.06858,-1.54634
