0,0,0.11;-1.57,-2.98023e-08,-1.57
0,0,0.11;-1.57,-2.98023e-08,-1.57
0,0,0.11;-1.57,-2.98023e-08,-1.57
-7.84344e-05,0.00485892,0.0286312;-1.56864,-0.126319,-1.56993
-0.000104001,0.00468267,0.0288977;-1.56537,-0.105759,-1.56027
-0.000693116,0.00369034,0.0308255;-1.56968,-0.113583,-1.53296
-0.000836015,0.00229343,0.0331097;-1.56813,-0.113282,-1.5079
-0.000150051,0.00277857,0.0285852;-1.57079,-0.15649,-1.57102
-0.000747669,0.00394274,0.0286887;-1.56887,-0.187418,-1.57393
-0.00146427,0.00567844,0.0287149;-1.57069,-0.255957,-1.57715
-0.00161735,0.00566676,0.028672;-1.57021,-0.260813,-1.57496
-0.00329686,0.00314365,0.0299993;-1.56505,-0.232212,-1.55226
-0.0072519,-0.0099988,0.0336344;-1.56397,-0.160418,-1.51339
-0.00438596,-0.0217688,0.0312533;-1.53273,-0.149804,-1.54991
-0.00513632,-0.0208187,0.0287218;-1.56396,-0.19248,-1.56937
-0.00580568,-0.0193136,0.0287365;-1.56714,-0.224542,-1.5737
-0.00604232,-0.0182706,0.0286786;-1.57079,-0.243681,-1.56595
-0.00624753,-0.0178078,0.0302079;-1.56326,-0.228509,-1.54149
-0.00747843,-0.0177481,0.0334986;-1.56307,-0.226319,-1.50098
-0.00768291,-0.0207225,0.0335282;-1.57076,-0.206481,-1.49784
-0.00477305,-0.0228598,0.0298354;-1.57145,-0.20111,-1.54792
-0.00367909,-0.0239214,0.0286662;-1.57071,-0.153946,-1.57504
-0.00462816,-0.021887,0.0287498;-1.57062,-0.221848,-1.57878
-0.00538459,-0.0209886,0.0287888;-1.56469,-0.252308,-1.56494
-0.00597282,-0.0189243,0.0304012;-1.56862,-0.254425,-1.53802
-0.00659624,-0.0182299,0.032402;-1.57037,-0.242718,-1.51123
-0.0056358,-0.0195689,0.0293836;-1.56269,-0.256251,-1.5555
-0.00622005,-0.0180955,0.0288043;-1.56669,-0.298047,-1.57635
-0.005957,-0.018249,0.0289147;-1.56393,-0.292691,-1.57825
-0.00602948,-0.0184169,0.0290399;-1.55936,-0.293746,-1.5785
-0.00814606,-0.0201326,0.0327807;-1.53053,-0.273836,-1.52635
-0.0109074,-0.0251801,0.0351556;-1.53499,-0.252413,-1.50157
-0.00717762,-0.0274995,0.0314959;-1.53846,-0.27668,-1.53964
-0.00558642,-0.0282284,0.0288305;-1.57272,-0.2411,-1.58112
-0.00586742,-0.031674,0.0288768;-1.57259,-0.208317,-1.5812
-0.0059556,-0.0328652,0.0287173;-1.57098,-0.185504,-1.5769
-0.00614834,-0.0344141,0.0299575;-1.56356,-0.165682,-1.54056
-0.00785067,-0.0335322,0.0336521;-1.55809,-0.177057,-1.49726
-0.00695819,-0.0305591,0.0335124;-1.55638,-0.194378,-1.49969
-0.00471188,-0.0290572,0.028586;-1.57095,-0.213485,-1.57145
-0.00456576,-0.0294654,0.028642;-1.57089,-0.205741,-1.57381
-0.00461377,-0.0300177,0.0286935;-1.57095,-0.193996,-1.57643
-0.00571184,-0.0334308,0.0286871;-1.57031,-0.117192,-1.57428
-0.00635657,-0.0371457,0.0311383;-1.54811,-0.111105,-1.56222
-0.00844333,-0.0418111,0.0391766;-1.49107,-0.119343,-1.55387
-0.000729206,-0.0273527,0.0315938;-1.56837,-0.251614,-1.6228
-0.000202442,-0.0202622,0.0317654;-1.57599,-0.300372,-1.61962
-9.82673e-05,-0.0182512,0.0304356;-1.58546,-0.302567,-1.60241
-0.000926834,-0.0247457,0.0288428;-1.58382,-0.210607,-1.57096
-0.00175521,-0.0253315,0.0307677;-1.58673,-0.215345,-1.54746
-0.00476894,-0.0236252,0.0353714;-1.60996,-0.20483,-1.50922
-0.000432151,-0.0222101,0.0290004;-1.59196,-0.282839,-1.57689
-0.000230401,-0.0226521,0.0288655;-1.57423,-0.279721,-1.58192
-0.000181058,-0.0225148,0.0289843;-1.58113,-0.279095,-1.58302
-0.000671896,-0.0241884,0.0289225;-1.58792,-0.243637,-1.57449
-0.00184626,-0.0249067,0.0304105;-1.58929,-0.223038,-1.55561
-0.00375055,-0.0288499,0.0366059;-1.64162,-0.171743,-1.53382
0.00219281,-0.0281921,0.0315325;-1.61621,-0.227133,-1.59918
0.00220331,-0.0273255,0.0314289;-1.57083,-0.258311,-1.61889
0.0022915,-0.021313,0.0331093;-1.58297,-0.308841,-1.63149
0.00318342,-0.0212834,0.030002;-1.56781,-0.309642,-1.59993
0.000434309,-0.0253589,0.0297068;-1.57184,-0.277353,-1.56977
-0.0037634,-0.0381897,0.0329695;-1.53962,-0.220095,-1.53184
-0.00348501,-0.0433599,0.0309314;-1.55952,-0.226755,-1.54101
-0.00273743,-0.0425728,0.0287135;-1.57317,-0.276673,-1.56719
-0.00240775,-0.0422947,0.0286085;-1.57148,-0.280784,-1.5727
-0.00238947,-0.0415846,0.0286721;-1.57082,-0.283238,-1.57515
-0.00228911,-0.0414115,0.0287118;-1.57104,-0.28024,-1.56419
-0.00225579,-0.0407743,0.0303243;-1.5673,-0.275167,-1.53856
-0.00537296,-0.0464582,0.0345866;-1.58818,-0.225237,-1.50825
-0.00459551,-0.0487865,0.030596;-1.56674,-0.245582,-1.53835
-0.00398439,-0.0493645,0.0286008;-1.57066,-0.217369,-1.57248
-0.00436403,-0.0488024,0.0286131;-1.56919,-0.246624,-1.57036
-0.00430312,-0.0488316,0.0285805;-1.57072,-0.240317,-1.57089
-0.00434764,-0.0488789,0.029107;-1.55496,-0.218513,-1.55835
-0.0100531,-0.0592424,0.0363818;-1.51455,-0.127946,-1.49663
-0.00593004,-0.0698315,0.0342084;-1.46211,-0.12731,-1.54712
-0.00523606,-0.0679656,0.0308815;-1.51991,-0.147373,-1.56328
-0.00766181,-0.0626176,0.0288837;-1.56558,-0.234473,-1.579
-0.00815217,-0.0622377,0.0289138;-1.56687,-0.246276,-1.58204
-0.00842654,-0.0619961,0.0290223;-1.55139,-0.255392,-1.56819
-0.0123412,-0.0513495,0.0344952;-1.55277,-0.307585,-1.49771
-0.0116762,-0.0399598,0.0323922;-1.5697,-0.389019,-1.52265
-0.00987091,-0.0386186,0.0286936;-1.57082,-0.402305,-1.56539
-0.00978263,-0.0386231,0.0285854;-1.57069,-0.37619,-1.57057
-0.00974444,-0.0386871,0.0285795;-1.57073,-0.368435,-1.57077
-0.00965531,-0.0386065,0.0289911;-1.56403,-0.359423,-1.55456
-0.0133892,-0.0366987,0.0353656;-1.55475,-0.342986,-1.47787
-0.0118772,-0.0355468,0.033002;-1.55729,-0.400961,-1.50785
-0.0106186,-0.0352082,0.0289376;-1.5649,-0.41579,-1.55667
-0.0109211,-0.0343329,0.028733;-1.56944,-0.431944,-1.57657
-0.0101017,-0.0354908,0.0289981;-1.56772,-0.400419,-1.58724
-0.00857357,-0.0393828,0.0295571;-1.56054,-0.354774,-1.5906
-0.00879377,-0.0502476,0.0368213;-1.43186,-0.302588,-1.52796
-0.00631939,-0.0527228,0.0360314;-1.44021,-0.328975,-1.53943
-0.00713558,-0.0498505,0.0347352;-1.46657,-0.357092,-1.54861
-0.00459004,-0.0444515,0.0358719;-1.55133,-0.367683,-1.65912
-0.00249255,-0.0373175,0.0378399;-1.56035,-0.419255,-1.67588
-0.000632579,-0.039896,0.0374073;-1.54354,-0.392941,-1.6767
0.00164759,-0.0454114,0.0398681;-1.44791,-0.366104,-1.61708
0.00167885,-0.0522917,0.0441727;-1.33853,-0.376291,-1.54907
0.00339318,-0.0431662,0.0418736;-1.39558,-0.467847,-1.5786
0.0062732,-0.028494,0.0376816;-1.51949,-0.523924,-1.64843
0.00417761,-0.0196538,0.0382345;-1.57808,-0.546673,-1.68467
0.00553462,-0.0297652,0.0380704;-1.56316,-0.475682,-1.69544
0.00899395,-0.0429888,0.0411481;-1.46169,-0.39673,-1.64284
0.0128296,-0.0699321,0.0414581;-1.35199,-0.246784,-1.52986
0.0167614,-0.0744688,0.0405456;-1.37088,-0.228705,-1.55477
0.0171844,-0.0745144,0.0393609;-1.41297,-0.230263,-1.58985
0.0171298,-0.0720442,0.0381662;-1.52181,-0.22198,-1.6712
0.0157196,-0.0678018,0.0388456;-1.49273,-0.272731,-1.65296
0.0168754,-0.0665161,0.0400687;-1.42162,-0.290753,-1.602
0.0218446,-0.0765587,0.041531;-1.34067,-0.189126,-1.53196
0.025505,-0.0773345,0.0408721;-1.35909,-0.206883,-1.55075
0.0252225,-0.0762806,0.0404291;-1.39338,-0.225549,-1.58691
0.0222806,-0.0667456,0.0411871;-1.52088,-0.271658,-1.70308
0.0208877,-0.0690944,0.0413022;-1.51447,-0.269449,-1.70359
0.0219213,-0.0735112,0.041618;-1.44455,-0.246099,-1.64615
0.0265154,-0.0811826,0.0401793;-1.36486,-0.16645,-1.54353
0.0262092,-0.0836821,0.0401119;-1.36565,-0.180756,-1.54196
0.0226258,-0.0833013,0.0389624;-1.3983,-0.227923,-1.56887
0.00443384,-0.0632499,0.0296544;-1.55899,-0.437542,-1.58531
0.000588867,-0.0575592,0.0299901;-1.55718,-0.50537,-1.58798
0.00106584,-0.0584707,0.0302821;-1.56353,-0.492032,-1.60034
0.00768416,-0.0690962,0.0379839;-1.40694,-0.406962,-1.5268
0.00944127,-0.0779823,0.0382344;-1.39624,-0.354855,-1.50637
0.0150103,-0.0843582,0.0370471;-1.41614,-0.322472,-1.52744
0.0163194,-0.0825267,0.0351226;-1.49604,-0.341329,-1.60428
0.0140162,-0.0812512,0.0355252;-1.53552,-0.351174,-1.64107
0.0119546,-0.0791795,0.0342105;-1.53473,-0.380794,-1.624
0.0140093,-0.0814253,0.0343217;-1.46463,-0.346253,-1.54688
0.0173771,-0.0867357,0.0356535;-1.44495,-0.273805,-1.52329
0.0184558,-0.0890563,0.0366311;-1.42234,-0.284214,-1.52037
0.015004,-0.0840795,0.0351312;-1.46772,-0.387088,-1.57815
0.00665472,-0.0755932,0.0344586;-1.54849,-0.473023,-1.63598
1.89643e-05,-0.0654354,0.0353566;-1.54312,-0.572531,-1.64027
-0.00254213,-0.0623838,0.0326202;-1.51955,-0.612371,-1.58644
-0.000437703,-0.0638369,0.0375255;-1.42679,-0.597175,-1.52889
-0.00349476,-0.0627889,0.0418557;-1.40122,-0.622311,-1.50004
-0.00169066,-0.0498395,0.0355816;-1.52249,-0.739795,-1.62342
-0.00632978,-0.0446569,0.0357566;-1.56485,-0.777736,-1.66087
-0.00891426,-0.0438506,0.0348859;-1.5937,-0.754878,-1.65957
-0.00635007,-0.0655079,0.0346865;-1.52523,-0.621157,-1.61701
-0.00824873,-0.0701537,0.0344021;-1.46074,-0.614632,-1.52139
-0.0152757,-0.0677307,0.0351064;-1.46306,-0.642557,-1.47676
-0.0175977,-0.0489578,0.0290662;-1.56293,-0.784647,-1.57879
-0.0196463,-0.0454366,0.0292481;-1.56416,-0.820432,-1.5838
-0.0220293,-0.0421855,0.0289049;-1.57582,-0.85779,-1.58665
-0.0209227,-0.0458612,0.0288906;-1.57298,-0.788099,-1.58548
-0.0200975,-0.0499955,0.0307656;-1.56837,-0.745464,-1.56197
-0.0190894,-0.0560433,0.0343845;-1.55848,-0.707871,-1.53088
-0.00818736,-0.0536161,0.0346825;-1.53383,-0.775089,-1.60433
-0.00873292,-0.0512613,0.0346322;-1.56162,-0.796486,-1.65249
-0.0104224,-0.0494042,0.0386506;-1.56963,-0.805087,-1.68625
-0.0132208,-0.0494059,0.0376219;-1.55353,-0.814401,-1.6844
-0.0109811,-0.0576665,0.0385707;-1.45995,-0.749011,-1.59097
-0.00553252,-0.0715586,0.0409258;-1.34126,-0.646409,-1.47565
0.00321874,-0.0850938,0.039693;-1.35136,-0.565839,-1.478
-0.000622526,-0.0822614,0.037648;-1.40363,-0.612116,-1.51799
-0.00864288,-0.0760726,0.0361691;-1.48269,-0.692097,-1.58951
-0.015134,-0.0601113,0.0365978;-1.52763,-0.811502,-1.63944
-0.0138731,-0.0618352,0.0367585;-1.47976,-0.797029,-1.58801
-0.00822231,-0.0670575,0.0396554;-1.33856,-0.745394,-1.4581
-0.00270743,-0.0733129,0.0409831;-1.29818,-0.7004,-1.41405
-0.00210146,-0.0762358,0.0387023;-1.35071,-0.697197,-1.46034
-0.00664351,-0.0739217,0.0355977;-1.42617,-0.741479,-1.52293
-0.0179954,-0.0637627,0.0335631;-1.53791,-0.85321,-1.61018
-0.0188493,-0.0643435,0.0337072;-1.55085,-0.854867,-1.63014
-0.0136546,-0.0689744,0.0347336;-1.47662,-0.788848,-1.55746
0.00647594,-0.0880419,0.0376755;-1.38023,-0.573082,-1.45813
0.0112353,-0.0937363,0.0360252;-1.41174,-0.579206,-1.48557
0.00952138,-0.0920392,0.0337733;-1.4599,-0.609198,-1.52809
0.00127333,-0.0860865,0.0345936;-1.53175,-0.677735,-1.61864
-0.000464484,-0.0853787,0.0341636;-1.53392,-0.696495,-1.61773
0.00160911,-0.0858343,0.0350057;-1.45342,-0.682158,-1.53584
0.0125401,-0.0898731,0.0390442;-1.35074,-0.548631,-1.44873
0.0157872,-0.0908442,0.0385838;-1.35841,-0.556834,-1.46461
0.0104381,-0.0892011,0.0379009;-1.40127,-0.602476,-1.518
0.00945076,-0.0870115,0.0365752;-1.53204,-0.592091,-1.64288
0.00912705,-0.0845954,0.0358103;-1.51919,-0.616634,-1.62717
0.0110836,-0.0859229,0.0338888;-1.4699,-0.602943,-1.54201
0.0110836,-0.0859229,0.0338888;-1.4699,-0.602943,-1.54201
0.0104707,-0.0873048,0.0353105;-1.42054,-0.593707,-1.4897
0.0104707,-0.0873048,0.0353105;-1.42054,-0.593707,-1.4897
