0,0,0.11;-1.57,-2.98023e-08,-1.57
0,0,0.11;-1.57,-2.98023e-08,-1.57
0,0,0.11;-1.57,-2.98023e-08,-1.57
8.9703e-05,0.0061497,0.0286325;-1.56805,-0.117122,-1.57015
0.000333755,0.00638299,0.0286641;-1.5706,-0.0847988,-1.56678
-0.0013527,0.00190742,0.0298992;-1.56818,-0.0344896,-1.55417
-0.00208847,-0.0261915,0.0352589;-1.4571,0.013851,-1.57323
0.00172009,-0.0140735,0.0291829;-1.58118,-0.0893535,-1.58865
0.00159379,-0.0140302,0.0288896;-1.56845,-0.0855905,-1.57915
0.00145013,-0.0128949,0.0286309;-1.57072,-0.108192,-1.57315
0.00180319,-0.0129146,0.0286593;-1.57061,-0.0681875,-1.56699
0.000297189,-0.0166634,0.0298062;-1.56748,-0.0153013,-1.55435
-0.00182003,-0.039431,0.0354373;-1.48805,0.0855519,-1.55066
-0.00285872,-0.0517326,0.0326793;-1.49359,0.0364806,-1.56673
-0.00302326,-0.0471814,0.0285578;-1.57178,-0.0193616,-1.57048
-0.00282198,-0.0468643,0.0286515;-1.5696,-0.024317,-1.57294
-0.00312969,-0.0491216,0.0289039;-1.5705,0.0315027,-1.58624
-0.00471138,-0.0523317,0.028834;-1.57337,0.0878038,-1.57104
-0.00716326,-0.0669192,0.0329454;-1.50518,0.150992,-1.56433
-0.00915214,-0.0873145,0.0367992;-1.43446,0.180005,-1.57271
-0.0109505,-0.0859185,0.0321602;-1.49912,0.119201,-1.57395
-0.0108593,-0.0826538,0.028615;-1.57207,0.0801766,-1.56769
-0.0106623,-0.0824946,0.0285799;-1.57074,0.0995955,-1.57078
-0.0103271,-0.0823947,0.028583;-1.57051,0.144922,-1.57086
-0.0115066,-0.0852059,0.0292221;-1.55686,0.200594,-1.56732
-0.0150265,-0.0977466,0.0335947;-1.50859,0.232465,-1.56537
-0.0171799,-0.103516,0.0302895;-1.53386,0.191438,-1.57459
-0.0168448,-0.102339,0.0287676;-1.56165,0.156712,-1.57212
-0.0164342,-0.102472,0.0287373;-1.56309,0.178661,-1.57208
-0.0163436,-0.10246,0.028585;-1.57012,0.201846,-1.57066
-0.0217388,-0.114002,0.0311547;-1.53,0.326847,-1.57131
-0.0263269,-0.133489,0.0371337;-1.42219,0.361531,-1.60591
-0.027052,-0.136332,0.0356353;-1.45002,0.294404,-1.61385
-0.0158189,-0.120871,0.0293024;-1.58365,0.189439,-1.58551
-0.0173696,-0.122409,0.0293283;-1.58045,0.218456,-1.58374
-0.0189346,-0.123812,0.028915;-1.57806,0.248199,-1.57773
-0.024556,-0.130915,0.0294745;-1.58219,0.362128,-1.57817
-0.0309993,-0.146721,0.0380364;-1.50967,0.427015,-1.61162
-0.0325404,-0.153767,0.0414914;-1.48562,0.398045,-1.62713
-0.0164859,-0.144247,0.0345377;-1.67631,0.28751,-1.5631
-0.0135846,-0.145192,0.0330195;-1.59694,0.266043,-1.61891
-0.0142317,-0.146243,0.0360463;-1.59706,0.277889,-1.65414
-0.0214352,-0.149401,0.0346084;-1.6516,0.361802,-1.57592
-0.0280347,-0.154457,0.0372698;-1.62463,0.428684,-1.57346
-0.035993,-0.161548,0.0423472;-1.50406,0.452893,-1.59737
-0.0333802,-0.155166,0.0292005;-1.57903,0.309536,-1.58443
-0.0288656,-0.151091,0.0291652;-1.58393,0.272468,-1.58267
-0.028073,-0.15136,0.0297146;-1.58296,0.275276,-1.58849
-0.02855,-0.155867,0.0348622;-1.65374,0.327363,-1.58178
-0.0315952,-0.15531,0.0409;-1.76053,0.390595,-1.53278
-0.037474,-0.159487,0.0478167;-1.67029,0.451652,-1.55562
-0.0383683,-0.15639,0.0295833;-1.58709,0.315217,-1.58159
-0.0373132,-0.155529,0.0286745;-1.57095,0.294317,-1.57532
-0.0372752,-0.155777,0.028741;-1.56767,0.309259,-1.57646
-0.0399954,-0.159041,0.0293116;-1.58579,0.387928,-1.5794
-0.045278,-0.167157,0.0350047;-1.67192,0.454729,-1.55189
-0.0499074,-0.177788,0.0455421;-1.62639,0.525834,-1.5741
-0.0379919,-0.171128,0.0386605;-1.77137,0.418126,-1.50651
-0.0354272,-0.167191,0.0383661;-1.78259,0.382435,-1.4988
-0.0414054,-0.171504,0.0313253;-1.58212,0.415637,-1.60664
-0.049929,-0.178944,0.028878;-1.5726,0.530435,-1.5823
-0.0537995,-0.182277,0.0297462;-1.60013,0.581382,-1.56217
-0.0648363,-0.195272,0.0358256;-1.5673,0.653046,-1.57653
-0.0684354,-0.201551,0.0383268;-1.48765,0.611945,-1.63334
-0.0553503,-0.19308,0.0343657;-1.6996,0.554646,-1.51852
-0.0494159,-0.191235,0.032584;-1.65639,0.493857,-1.54389
-0.0550656,-0.199181,0.0338331;-1.59512,0.5707,-1.62476
-0.058657,-0.200004,0.0350233;-1.66044,0.617109,-1.56229
-0.0626969,-0.200147,0.0380171;-1.75006,0.663382,-1.49311
-0.0736203,-0.20953,0.0434684;-1.54348,0.707463,-1.58554
-0.0734318,-0.214508,0.039007;-1.51543,0.635533,-1.62704
-0.0618289,-0.209865,0.0321299;-1.63625,0.564221,-1.5589
-0.0595965,-0.212368,0.035336;-1.59716,0.564863,-1.63678
-0.0631768,-0.214966,0.0364207;-1.62405,0.60996,-1.6227
-0.0638225,-0.214976,0.0377349;-1.74582,0.63727,-1.50192
-0.0724537,-0.215532,0.047736;-1.79443,0.754644,-1.4471
-0.0775855,-0.222123,0.0452965;-1.64789,0.703818,-1.54238
-0.0770649,-0.220937,0.0289848;-1.57493,0.631088,-1.58395
-0.0760975,-0.220708,0.0287971;-1.56982,0.624495,-1.581
-0.0773552,-0.221646,0.029024;-1.5784,0.651761,-1.58162
-0.0821677,-0.225157,0.0312223;-1.62109,0.702527,-1.55977
-0.0926483,-0.235731,0.0478669;-1.75025,0.84012,-1.47398
-0.0952799,-0.236366,0.0498397;-1.77267,0.78482,-1.47015
-0.0881274,-0.229269,0.0380666;-1.7889,0.704464,-1.45357
-0.0888139,-0.22947,0.0290626;-1.57918,0.698229,-1.57791
-0.0908536,-0.230618,0.0287382;-1.57027,0.752588,-1.57884
-0.092985,-0.231576,0.0286856;-1.57116,0.810902,-1.57549
-0.116612,-0.248784,0.0420858;-1.51468,0.941743,-1.62818
-0.122414,-0.255812,0.0400687;-1.45653,0.867712,-1.69369
-0.108875,-0.251148,0.0328766;-1.64943,0.812754,-1.54206
-0.0979384,-0.249662,0.0338965;-1.6522,0.721317,-1.55927
-0.110492,-0.252341,0.0357833;-1.60774,0.828397,-1.62873
-0.116095,-0.254382,0.0318552;-1.61146,0.878523,-1.57534
-0.132772,-0.261379,0.0365087;-1.5343,0.99444,-1.60863
-0.141187,-0.265455,0.0364282;-1.33155,0.931171,-1.76213
-0.139086,-0.263148,0.0346422;-1.40194,0.91849,-1.70107
-0.127064,-0.259096,0.0288937;-1.58061,0.824315,-1.5718
-0.128342,-0.259699,0.0290424;-1.58532,0.858034,-1.57235
-0.132112,-0.261675,0.0302796;-1.60212,0.901949,-1.57482
-0.137727,-0.26318,0.0341445;-1.70146,0.953673,-1.4924
-0.152749,-0.266334,0.0431248;-1.51467,1.03843,-1.61395
-0.158707,-0.268813,0.0348802;-1.3456,0.959589,-1.75639
-0.153404,-0.26298,0.0285515;-1.56895,0.900368,-1.57094
-0.152367,-0.262771,0.0287034;-1.57077,0.887228,-1.57669
-0.153475,-0.263228,0.0288949;-1.57583,0.915311,-1.57893
-0.1579,-0.264543,0.0298121;-1.6113,0.957538,-1.55287
-0.176746,-0.273911,0.046718;-1.58225,1.07609,-1.5827
-0.180856,-0.273645,0.0452909;-1.56977,1.00906,-1.59449
-0.172539,-0.267089,0.0292003;-1.59468,0.929117,-1.56705
-0.170935,-0.267201,0.0287167;-1.56295,0.907057,-1.57885
-0.170851,-0.267431,0.0285723;-1.57178,0.93478,-1.56946
-0.17095,-0.267436,0.0285803;-1.57058,0.961899,-1.57101
-0.194129,-0.28,0.0368025;-1.30747,1.0719,-1.80283
-0.200164,-0.283055,0.0380162;-1.28519,0.999911,-1.82775
-0.186435,-0.280272,0.0308416;-1.55633,0.960086,-1.61385
-0.174005,-0.283103,0.0316745;-1.60593,0.879907,-1.58435
-0.181433,-0.283247,0.0356695;-1.62331,0.941515,-1.60733
-0.186535,-0.284627,0.031667;-1.60513,0.987566,-1.58079
-0.2043,-0.288524,0.0375306;-1.44241,1.08062,-1.70697
-0.208499,-0.290126,0.0400506;-1.39003,1.03867,-1.74946
-0.203883,-0.289825,0.0375929;-1.52285,0.98303,-1.6449
-0.184753,-0.29307,0.0336773;-1.70963,0.876875,-1.48298
-0.190584,-0.294771,0.0356684;-1.60158,0.914771,-1.63376
-0.194438,-0.29584,0.0366767;-1.64856,0.961912,-1.59179
-0.203505,-0.294345,0.039414;-1.74993,1.05344,-1.45475
-0.213493,-0.29266,0.0445777;-1.5464,1.08395,-1.61147
-0.217886,-0.288403,0.0390154;-1.40681,1.02353,-1.71198
-0.213766,-0.2836,0.0286295;-1.56517,0.93302,-1.56863
-0.213066,-0.283759,0.028747;-1.55641,0.952785,-1.58258
-0.213145,-0.284081,0.028728;-1.55878,0.983108,-1.57995
-0.214776,-0.2844,0.028988;-1.55309,1.06821,-1.5801
-0.231623,-0.291377,0.0336755;-1.37428,1.15502,-1.7379
-0.246509,-0.299993,0.0370189;-1.19695,1.15278,-1.89819
-0.244671,-0.297473,0.0287454;-1.57264,1.06776,-1.5608
-0.244416,-0.297609,0.0287737;-1.55384,1.0744,-1.58411
-0.244018,-0.298016,0.0287035;-1.55785,1.09608,-1.58217
-0.24349,-0.298574,0.0287588;-1.56568,1.16992,-1.56819
-0.253043,-0.299759,0.0311207;-1.47855,1.24589,-1.64447
-0.274898,-0.30811,0.0371022;-1.00854,1.28686,-2.09477
-0.2709,-0.304595,0.0291462;-1.55278,1.18733,-1.59648
-0.266909,-0.306202,0.029155;-1.62371,1.15096,-1.52916
-0.26924,-0.307563,0.029281;-1.603,1.18305,-1.55769
-0.278445,-0.306273,0.0292647;-1.58123,1.2784,-1.58025
-0.286945,-0.306382,0.0314418;-1.50175,1.34565,-1.66502
-0.299368,-0.30821,0.0401458;-1.10976,1.38309,-2.04634
-0.289668,-0.313247,0.0338873;-1.72554,1.26272,-1.46136
-0.280068,-0.317052,0.0339115;-1.8716,1.20834,-1.2914
-0.281748,-0.319934,0.0320782;-1.63374,1.22351,-1.558
-0.291004,-0.319168,0.0349403;-1.83316,1.31097,-1.3636
-0.294621,-0.316923,0.0372059;-2.03279,1.35091,-1.15946
-0.303706,-0.31315,0.0427613;-1.60114,1.43279,-1.56854
-0.30544,-0.304079,0.0326013;-1.26855,1.31786,-1.86079
-0.302289,-0.3029,0.0287944;-1.57326,1.27324,-1.55749
-0.302276,-0.303354,0.0288882;-1.52266,1.28517,-1.61552
-0.301822,-0.303827,0.0285627;-1.57179,1.33592,-1.56853
-0.302794,-0.303821,0.0285866;-1.56766,1.38966,-1.57342
-0.31352,-0.30444,0.0311555;-1.15214,1.45793,-1.97828
-0.337926,-0.306453,0.0359465;-0.515333,1.40876,-2.61013
-0.335242,-0.305402,0.0305368;-1.28777,1.42612,-1.84539
-0.332974,-0.306422,0.0286986;-1.56196,1.43382,-1.57508
-0.332676,-0.307382,0.0285808;-1.57712,1.48642,-1.56393
-0.332684,-0.307344,0.028617;-1.57061,1.51768,-1.5693
-0.336036,-0.306365,0.0294009;0.629621,1.55384,2.52091
-0.364572,-0.305109,0.0382925;0.36094,1.39056,2.77618
-0.360538,-0.306973,0.0346859;-0.0775199,1.47697,-3.08141
-0.348985,-0.31143,0.0292089;-1.89075,1.49671,-1.25888
-0.349029,-0.312876,0.0294677;-1.79527,1.50413,-1.3637
-0.352997,-0.310727,0.029105;-1.91631,1.5544,-1.24159
-0.359002,-0.307699,0.0294128;1.80607,1.51943,1.32291
-0.381366,-0.303609,0.0461711;1.19116,1.41227,1.92866
-0.381586,-0.307251,0.0438322;1.19938,1.4885,1.90843
-0.370061,-0.318652,0.0360893;3.03266,1.43174,0.0913811
-0.371453,-0.320576,0.0355036;-3.00996,1.53472,-0.205731
-0.378346,-0.314992,0.036956;1.8515,1.50225,1.18727
-0.383248,-0.312185,0.0321599;1.90143,1.43733,1.21557
-0.399147,-0.301138,0.0398001;1.27222,1.32008,1.85748
-0.403636,-0.295621,0.0360004;0.893864,1.35307,2.24076
-0.399031,-0.294543,0.0306276;1.14423,1.46709,1.99682
-0.395708,-0.29643,0.0288623;1.3905,1.49836,1.75145
-0.396455,-0.296556,0.0286741;1.5701,1.46063,1.56709
-0.398649,-0.295219,0.0289459;1.59159,1.39811,1.53629
-0.398649,-0.295219,0.0289459;1.59159,1.39811,1.53629
-0.406823,-0.290608,0.0296741;1.60781,1.32858,1.52662
-0.406823,-0.290608,0.0296741;1.60781,1.32858,1.52662
