0,0,0.11;-1.57,-2.98023e-08,-1.57
0,0,0.11;-1.57,-2.98023e-08,-1.57
0,0,0.11;-1.57,-2.98023e-08,-1.57
3.3324e-06,0.00563002,0.0285852;-1.57062,-0.127441,-1.57055
0.000166718,0.00564052,0.0286453;-1.57033,-0.107283,-1.56788
-0.00143437,0.00350009,0.0301069;-1.57535,-0.055612,-1.54651
-0.00287881,-0.0180926,0.0325138;-1.54077,0.00404207,-1.5343
-0.00340854,-0.019211,0.0285817;-1.57072,-0.120945,-1.57127
-0.00421964,-0.0188666,0.0287037;-1.56448,-0.176622,-1.56958
-0.00524401,-0.0186284,0.0286138;-1.56909,-0.226466,-1.57031
-0.00497623,-0.0187821,0.0286715;-1.57088,-0.175629,-1.56625
-0.00597557,-0.0205535,0.030029;-1.56768,-0.127889,-1.54887
-0.00662677,-0.0295054,0.0325842;-1.54992,-0.0612983,-1.52359
-0.00540258,-0.0363489,0.0300611;-1.54652,-0.106155,-1.55605
-0.00522665,-0.0339486,0.0288308;-1.57097,-0.168317,-1.58306
-0.00446598,-0.0324768,0.0288232;-1.57329,-0.187846,-1.58021
-0.00440719,-0.0336871,0.0290854;-1.57578,-0.16048,-1.59049
-0.00554852,-0.037476,0.0309822;-1.61783,-0.0993131,-1.58405
-0.00640045,-0.0442256,0.0356065;-1.63199,-0.0260718,-1.56905
-0.00315175,-0.0496799,0.040328;-1.59646,-0.00051105,-1.56973
-0.00278124,-0.0455299,0.0360752;-1.63161,-0.0794081,-1.59371
-0.000752662,-0.0390805,0.0296144;-1.58193,-0.145741,-1.59302
3.46187e-05,-0.0372958,0.0293086;-1.57594,-0.149709,-1.58901
-0.0012167,-0.0399302,0.0290241;-1.57979,-0.0860224,-1.58387
-0.00372177,-0.0442293,0.0304838;-1.60758,-0.0294681,-1.56478
-0.00579312,-0.0520838,0.0325255;-1.60158,0.0143567,-1.53737
-0.00460965,-0.0579466,0.0291178;-1.55836,0.00861629,-1.56083
-0.00503593,-0.0568422,0.0286944;-1.56525,-0.048431,-1.57057
-0.00510948,-0.0565535,0.0286054;-1.56967,-0.0554956,-1.57101
-0.00496134,-0.0566035,0.0285799;-1.5708,-0.0466803,-1.57084
-0.00973694,-0.0627759,0.0320025;-1.59335,0.0667919,-1.52577
-0.0134626,-0.0830121,0.0348606;-1.5537,0.140484,-1.51095
-0.0117878,-0.0984908,0.0340719;-1.50702,0.174092,-1.54364
-0.0107815,-0.0946098,0.0285874;-1.57048,0.114612,-1.57112
-0.0109458,-0.0940147,0.0288022;-1.56203,0.0964786,-1.57344
-0.0110944,-0.0938321,0.0288443;-1.5599,0.0853195,-1.5733
-0.0129636,-0.0952369,0.0302074;-1.58374,0.139424,-1.54391
-0.0182649,-0.10974,0.0325989;-1.58543,0.206325,-1.51338
-0.0207107,-0.126058,0.0357376;-1.48742,0.225096,-1.53906
-0.0184167,-0.121922,0.0286305;-1.57085,0.134046,-1.57333
-0.0182362,-0.121212,0.0287879;-1.57137,0.124307,-1.58081
-0.0181285,-0.121169,0.0288478;-1.57285,0.120721,-1.58111
-0.0203111,-0.123777,0.0297035;-1.60539,0.169025,-1.56618
-0.0248761,-0.130175,0.0338909;-1.66436,0.216926,-1.53581
-0.0297561,-0.138855,0.039938;-1.6567,0.270919,-1.52061
-0.0258292,-0.142345,0.0291396;-1.58446,0.153548,-1.58192
-0.0246458,-0.140021,0.0289967;-1.57681,0.115335,-1.58373
-0.0245882,-0.139265,0.0289694;-1.57618,0.105166,-1.58332
-0.0258625,-0.140473,0.0286554;-1.57389,0.148935,-1.57086
-0.0288614,-0.142734,0.0305486;-1.58195,0.184825,-1.54424
-0.0353251,-0.15211,0.0336887;-1.5816,0.240589,-1.51548
-0.0388363,-0.165611,0.0287782;-1.57067,0.219094,-1.56156
-0.0392171,-0.165577,0.0285769;-1.57085,0.182142,-1.57095
-0.039573,-0.164927,0.0286621;-1.56686,0.152542,-1.57133
-0.03956,-0.164555,0.0287418;-1.57081,0.148916,-1.56284
-0.041449,-0.165818,0.030735;-1.56935,0.208329,-1.54052
-0.0486096,-0.175914,0.0339358;-1.56725,0.301956,-1.51468
-0.0523541,-0.193244,0.0297809;-1.54961,0.322494,-1.56572
-0.052491,-0.192499,0.0285811;-1.57089,0.2735,-1.57067
-0.0523997,-0.192006,0.0286451;-1.56835,0.259296,-1.57205
-0.052299,-0.192031,0.0285797;-1.57089,0.269229,-1.5707
-0.0527139,-0.191661,0.0295192;-1.57344,0.322411,-1.55174
-0.0580967,-0.196145,0.0323002;-1.58815,0.404879,-1.5156
-0.062151,-0.206697,0.0326471;-1.52084,0.431511,-1.55611
-0.0611302,-0.206587,0.0286935;-1.5719,0.37328,-1.56403
-0.0607565,-0.206281,0.0287546;-1.57076,0.355503,-1.5791
-0.0606371,-0.206241,0.0288722;-1.5737,0.365013,-1.58081
-0.0612598,-0.20672,0.0292204;-1.60028,0.396829,-1.56357
-0.0622908,-0.205598,0.0317375;-1.64457,0.42483,-1.53431
-0.0666441,-0.20779,0.0389806;-1.73927,0.509414,-1.45563
-0.0644563,-0.215051,0.0353814;-1.69079,0.515863,-1.50566
-0.0613789,-0.216718,0.0290798;-1.58706,0.472375,-1.57292
-0.0600429,-0.215421,0.0288739;-1.57472,0.438994,-1.57946
-0.0602657,-0.215507,0.0287313;-1.57077,0.442401,-1.57806
-0.0605511,-0.215507,0.0288806;-1.57873,0.455219,-1.55986
-0.0720807,-0.222672,0.034449;-1.60449,0.547252,-1.48702
-0.0774793,-0.238916,0.0339927;-1.51874,0.583944,-1.56163
-0.0764506,-0.242616,0.0287343;-1.57088,0.598751,-1.56337
-0.0765299,-0.241727,0.0287315;-1.56378,0.552141,-1.57714
-0.0764949,-0.241464,0.028585;-1.57031,0.545419,-1.57063
-0.0767503,-0.241405,0.0288138;-1.57216,0.548203,-1.55828
-0.0921249,-0.251685,0.034594;-1.58532,0.659934,-1.4943
-0.103369,-0.26917,0.0340689;-1.49667,0.682749,-1.58446
-0.102618,-0.271813,0.0287992;-1.57109,0.683351,-1.55998
-0.102794,-0.271042,0.0286843;-1.565,0.624204,-1.57478
-0.102839,-0.270518,0.0285787;-1.57087,0.598885,-1.57059
-0.102865,-0.270465,0.0287865;-1.57095,0.601481,-1.56053
-0.113717,-0.274238,0.034079;-1.56067,0.680352,-1.51415
-0.119427,-0.280774,0.0327042;-1.53541,0.653122,-1.55503
-0.120087,-0.282207,0.0294835;-1.55504,0.649412,-1.56314
-0.119937,-0.282248,0.028883;-1.57759,0.619153,-1.5761
-0.120195,-0.282302,0.0290359;-1.58349,0.61861,-1.57572
-0.119535,-0.281901,0.0292511;-1.60734,0.609224,-1.55314
-0.120944,-0.27967,0.0349288;-1.67034,0.641431,-1.48108
-0.120764,-0.279896,0.0356403;-1.65978,0.637378,-1.48692
-0.125318,-0.284534,0.0330628;-1.60944,0.667803,-1.52723
-0.127303,-0.289062,0.0289826;-1.57908,0.622269,-1.57831
-0.126374,-0.287957,0.028881;-1.57803,0.598613,-1.57505
-0.126272,-0.28788,0.0286141;-1.57089,0.602228,-1.57239
-0.126292,-0.28743,0.0288606;-1.57116,0.636788,-1.5569
-0.134539,-0.293126,0.0340299;-1.53536,0.747566,-1.53644
-0.140898,-0.304826,0.0318254;-1.52407,0.765696,-1.576
-0.140204,-0.305997,0.0287383;-1.57189,0.764185,-1.56158
-0.139909,-0.305889,0.0285851;-1.57035,0.755548,-1.57152
-0.139942,-0.305677,0.0285799;-1.57078,0.755538,-1.57082
-0.139602,-0.30559,0.028808;-1.57083,0.766885,-1.55951
-0.147998,-0.306348,0.0341017;-1.57748,0.868768,-1.49844
-0.157907,-0.314548,0.0346021;-1.48967,0.873828,-1.58925
-0.156881,-0.316656,0.0288402;-1.57524,0.884024,-1.55213
-0.156589,-0.316571,0.0286894;-1.56493,0.886252,-1.5768
-0.156518,-0.316171,0.0285801;-1.57078,0.87559,-1.57081
-0.156524,-0.31591,0.0288235;-1.57206,0.879199,-1.55821
-0.161596,-0.315205,0.033282;-1.58699,0.930733,-1.49516
-0.165463,-0.318394,0.0339757;-1.57893,0.924064,-1.51031
-0.165027,-0.321485,0.0295181;-1.57681,0.929913,-1.54385
-0.165143,-0.322555,0.0289948;-1.58559,0.931162,-1.56978
-0.165096,-0.322596,0.0289441;-1.58118,0.924875,-1.5735
-0.164375,-0.322237,0.0293386;-1.62183,0.920611,-1.53283
-0.164088,-0.318745,0.0363666;-1.7754,0.957615,-1.37617
-0.164462,-0.318349,0.0385075;-1.81342,0.963749,-1.32922
-0.166616,-0.320736,0.0355025;-1.76045,0.975643,-1.38566
-0.167726,-0.324952,0.0290134;-1.59087,0.956087,-1.56356
-0.167763,-0.32482,0.0287757;-1.5736,0.943941,-1.57603
-0.167715,-0.324657,0.0286782;-1.57086,0.937928,-1.5755
-0.169957,-0.323657,0.0309716;-1.57716,0.960788,-1.53311
-0.174342,-0.323788,0.0336378;-1.54937,0.974674,-1.5299
-0.181793,-0.327333,0.0352572;-1.47558,0.973973,-1.59986
-0.184755,-0.332765,0.0286317;-1.57036,0.974964,-1.56881
-0.184781,-0.332818,0.0286001;-1.57057,0.977996,-1.57201
-0.185326,-0.332298,0.0286136;-1.56791,0.961663,-1.57347
-0.185775,-0.331686,0.0294481;-1.56346,0.964627,-1.56041
-0.188277,-0.330433,0.0322959;-1.54841,0.99171,-1.54377
-0.193674,-0.331157,0.0354536;-1.48064,1.00931,-1.59372
-0.202529,-0.336096,0.0287397;-1.57246,0.975242,-1.56089
-0.202362,-0.336143,0.0285803;-1.57056,0.975144,-1.57124
-0.202222,-0.336297,0.0285783;-1.57088,0.984174,-1.571
-0.201948,-0.335868,0.0288106;-1.56808,0.988275,-1.56258
-0.201895,-0.335732,0.0307737;-1.54493,1.01543,-1.56265
-0.202792,-0.335095,0.0336123;-1.52157,1.03648,-1.56004
-0.204492,-0.339856,0.028697;-1.57583,0.994569,-1.5637
-0.203901,-0.34013,0.0289813;-1.59301,0.985715,-1.55923
-0.205604,-0.340639,0.0290218;-1.59343,1.03016,-1.56131
-0.20505,-0.339933,0.0293113;-1.62525,1.0276,-1.52521
-0.204336,-0.338246,0.0322613;-1.69017,1.06202,-1.45174
-0.203311,-0.336722,0.0371419;-1.77443,1.09509,-1.34613
-0.20382,-0.339679,0.0295441;-1.61331,1.07892,-1.52412
-0.203807,-0.340466,0.0287647;-1.58358,1.05894,-1.5622
-0.204251,-0.340484,0.0289993;-1.59534,1.07937,-1.5576
-0.204801,-0.340299,0.028594;-1.5733,1.09012,-1.56876
-0.204651,-0.33902,0.0298502;-1.57404,1.12483,-1.54741
-0.206255,-0.33794,0.0325051;-1.55793,1.14949,-1.52889
-0.210587,-0.3385,0.0329305;-1.46775,1.11886,-1.62663
-0.209001,-0.338798,0.0288693;-1.57119,1.13099,-1.55646
-0.208814,-0.33889,0.0285774;-1.57117,1.14018,-1.57071
-0.209925,-0.339557,0.0285794;-1.57095,1.17419,-1.57065
-0.209938,-0.339208,0.0288118;-1.57437,1.17808,-1.55678
-0.211178,-0.33806,0.0313554;-1.57081,1.21264,-1.53348
-0.220784,-0.337326,0.0358091;-1.37355,1.19093,-1.70601
-0.219516,-0.338268,0.0306853;-1.51287,1.19856,-1.60098
-0.218382,-0.33876,0.0286483;-1.57069,1.20932,-1.56757
-0.21921,-0.339945,0.0285789;-1.57187,1.26208,-1.57007
-0.219394,-0.339583,0.028591;-1.57124,1.25921,-1.56988
-0.219861,-0.338711,0.0298774;-1.57456,1.27924,-1.54503
-0.224957,-0.337272,0.03363;-1.47301,1.28181,-1.60545
-0.227677,-0.339429,0.0303092;-1.55194,1.26392,-1.55919
-0.22785,-0.340196,0.0286022;-1.57115,1.2564,-1.56936
-0.228801,-0.340628,0.0288629;-1.59096,1.27371,-1.55896
-0.228545,-0.340436,0.0290643;-1.63629,1.26684,-1.51221
-0.228433,-0.339857,0.029118;-1.65712,1.26542,-1.48781
-0.230424,-0.336732,0.0362854;-1.72794,1.3021,-1.36917
-0.230086,-0.337756,0.0344372;-1.60093,1.24154,-1.50312
-0.231044,-0.33938,0.028811;-1.57967,1.2184,-1.55434
-0.231892,-0.339538,0.0286166;-1.5708,1.22647,-1.57256
-0.232311,-0.339737,0.0285797;-1.57039,1.25103,-1.57116
-0.232342,-0.339649,0.0287991;-1.57125,1.24871,-1.55962
-0.23653,-0.336623,0.0341444;-1.46628,1.31374,-1.61762
-0.241127,-0.336055,0.0353112;-1.30609,1.26621,-1.78859
-0.243643,-0.335725,0.0302079;-1.45214,1.23403,-1.67633
-0.242201,-0.336291,0.0285832;-1.57039,1.27006,-1.57142
-0.241971,-0.336795,0.028581;-1.56989,1.30796,-1.57178
-0.241887,-0.336741,0.028668;-1.57118,1.32859,-1.56611
-0.241887,-0.336741,0.028668;-1.57118,1.32859,-1.56611
-0.242683,-0.335513,0.0301123;-1.56023,1.34857,-1.55968
-0.242683,-0.335513,0.0301123;-1.56023,1.34857,-1.55968
