0,0,0.11;-1.57,-2.98023e-08,-1.57
0,0,0.11;-1.57,-2.98023e-08,-1.57
0,0,0.11;-1.57,-2.98023e-08,-1.57
0.000444837,0.00920613,0.0286657;-1.57057,-0.130692,-1.57464
0.000126872,0.00778849,0.0285796;-1.57085,-0.081158,-1.57062
-0.00167027,0.00335909,0.0304011;-1.59493,-0.0307438,-1.56604
-0.00362519,-0.020598,0.0350839;-1.45862,0.0138248,-1.5646
-0.00298601,-0.0094615,0.0287003;-1.57098,-0.105874,-1.57659
-0.00275964,-0.00929259,0.0288048;-1.56733,-0.0984791,-1.57781
-0.00282008,-0.008927,0.0286927;-1.57075,-0.107172,-1.57612
-0.00328157,-0.010811,0.0285862;-1.5711,-0.0393614,-1.57076
-0.00545612,-0.0164545,0.0310526;-1.60685,0.00616548,-1.56257
-0.00807187,-0.0363851,0.03819;-1.57191,0.0926028,-1.55793
-0.00716929,-0.0412455,0.0315004;-1.52049,0.0371921,-1.56845
-0.0055871,-0.0347163,0.0287265;-1.57886,-0.0176749,-1.57152
-0.00526298,-0.0339245,0.0286889;-1.5691,-0.0308579,-1.57466
-0.00598974,-0.0364578,0.0285896;-1.57112,0.0470359,-1.57116
-0.00838841,-0.0396357,0.0300487;-1.59286,0.0922004,-1.56471
-0.01325,-0.0564698,0.0363801;-1.61557,0.174438,-1.55244
-0.0162468,-0.0758764,0.0374829;-1.41759,0.176265,-1.5846
-0.0140534,-0.0682249,0.0326489;-1.49625,0.112999,-1.57979
-0.0117065,-0.0613204,0.028568;-1.56969,0.0620899,-1.57305
-0.012037,-0.0623218,0.0286848;-1.57072,0.115497,-1.57575
-0.0129932,-0.0634428,0.0286091;-1.57227,0.164161,-1.57061
-0.01663,-0.0690429,0.0315202;-1.61116,0.210306,-1.5539
-0.0214443,-0.0836752,0.0356829;-1.55379,0.253045,-1.5649
-0.0214868,-0.084538,0.0300156;-1.54154,0.197123,-1.57557
-0.0194921,-0.0811259,0.0287191;-1.57072,0.153255,-1.5774
-0.0196769,-0.0819847,0.0287408;-1.5691,0.172244,-1.57722
-0.0199446,-0.0828489,0.0286476;-1.57073,0.205349,-1.574
-0.0280882,-0.0957253,0.0344498;-1.63948,0.312391,-1.53761
-0.0345739,-0.115434,0.0406216;-1.4597,0.372656,-1.59391
-0.0358254,-0.11963,0.0360339;-1.42503,0.309699,-1.61303
-0.0302903,-0.107285,0.0286112;-1.57107,0.22614,-1.57256
-0.0301819,-0.107848,0.0287175;-1.57054,0.250107,-1.57745
-0.0304544,-0.108939,0.0286918;-1.56992,0.277714,-1.57557
-0.0350847,-0.112871,0.030888;-1.60371,0.366967,-1.55127
-0.0446308,-0.129195,0.0379781;-1.57947,0.459115,-1.55393
-0.0512101,-0.143502,0.0384193;-1.41947,0.448241,-1.62409
-0.0446457,-0.132982,0.0285749;-1.56923,0.335646,-1.57344
-0.0444146,-0.13307,0.0287426;-1.5689,0.347279,-1.57747
-0.0446526,-0.133841,0.0287112;-1.57049,0.370599,-1.57714
-0.0463488,-0.135027,0.0289891;-1.58404,0.441739,-1.56268
-0.0547663,-0.144711,0.0339012;-1.64175,0.510304,-1.52316
-0.0658613,-0.163686,0.0410966;-1.46445,0.587328,-1.61111
-0.0621263,-0.160191,0.0287909;-1.58881,0.460396,-1.5634
-0.0610259,-0.159496,0.0285785;-1.57112,0.431257,-1.57062
-0.0611346,-0.160209,0.0287169;-1.57061,0.456338,-1.57748
-0.0622888,-0.161302,0.0287116;-1.57818,0.531746,-1.5669
-0.0684315,-0.165553,0.0321873;-1.62602,0.583523,-1.52954
-0.0815049,-0.182007,0.0398517;-1.51878,0.678451,-1.58855
-0.081485,-0.183901,0.0286894;-1.58629,0.55594,-1.56294
-0.0801125,-0.18319,0.0285755;-1.57116,0.525157,-1.57065
-0.0802455,-0.18366,0.0287171;-1.57058,0.547146,-1.57743
-0.0821873,-0.185352,0.0287498;-1.58092,0.62879,-1.56481
-0.0883091,-0.18866,0.031758;-1.62313,0.682683,-1.52858
-0.102437,-0.203147,0.0396318;-1.51591,0.77799,-1.59496
-0.103702,-0.204601,0.0286794;-1.57694,0.668978,-1.56474
-0.101265,-0.20351,0.0286033;-1.57033,0.634802,-1.57323
-0.101163,-0.203773,0.0287106;-1.57063,0.655143,-1.5771
-0.103428,-0.205699,0.0286244;-1.57432,0.73215,-1.56911
-0.107608,-0.206907,0.0304659;-1.61087,0.7743,-1.53629
-0.123487,-0.218062,0.0373076;-1.58345,0.862222,-1.5493
-0.130786,-0.224967,0.033226;-1.45186,0.823755,-1.65263
-0.12407,-0.220529,0.0287045;-1.59306,0.773352,-1.55475
-0.122534,-0.220405,0.0285901;-1.57113,0.742937,-1.57149
-0.123204,-0.220914,0.0286995;-1.57112,0.781673,-1.57607
-0.124819,-0.220727,0.0287549;-1.58332,0.833257,-1.56141
-0.132807,-0.222909,0.0323379;-1.64735,0.890903,-1.5002
-0.16005,-0.240526,0.0388096;-1.33096,0.963997,-1.75264
-0.155555,-0.240017,0.033979;-1.40579,0.906939,-1.70027
-0.148646,-0.236809,0.0286444;-1.57651,0.860741,-1.56638
-0.14873,-0.237525,0.0287034;-1.57054,0.891466,-1.57687
-0.149536,-0.237811,0.0285966;-1.57192,0.931111,-1.57026
-0.15082,-0.237251,0.0293225;-1.59501,0.958463,-1.54691
-0.181557,-0.252693,0.0422637;-1.34962,1.10665,-1.74865
-0.186706,-0.256559,0.0386116;-1.29298,1.02723,-1.80964
-0.176356,-0.251932,0.0285057;-1.59322,0.987745,-1.55201
-0.17493,-0.252183,0.0287059;-1.57053,0.981418,-1.57705
-0.176852,-0.25298,0.0286636;-1.57106,1.05468,-1.57442
-0.177947,-0.252631,0.0289021;-1.60266,1.08125,-1.54136
-0.206755,-0.261519,0.0408992;-1.33954,1.22891,-1.77251
-0.21476,-0.265696,0.0386148;-1.24403,1.14938,-1.87379
-0.205161,-0.262108,0.0287132;-1.60042,1.10115,-1.54516
-0.203487,-0.262396,0.028707;-1.57022,1.08635,-1.57746
-0.20551,-0.262951,0.0286381;-1.57037,1.16105,-1.57408
-0.206535,-0.262331,0.0289014;-1.61322,1.19418,-1.53138
-0.236747,-0.267904,0.0406629;-1.23552,1.34343,-1.88237
-0.245629,-0.271081,0.0380661;-1.13196,1.26254,-1.99481
-0.236466,-0.268258,0.0286489;-1.59126,1.22591,-1.54982
-0.235195,-0.268751,0.0287089;-1.57052,1.22144,-1.57718
-0.237228,-0.269064,0.0285985;-1.57156,1.29201,-1.57104
-0.237833,-0.268797,0.0287229;-1.59708,1.30935,-1.54558
-0.263704,-0.269745,0.0387233;-1.30728,1.45164,-1.81977
-0.275078,-0.272255,0.036513;-0.909196,1.35556,-2.22167
-0.269568,-0.271578,0.0315741;-1.28569,1.38017,-1.84503
-0.263736,-0.27197,0.0286256;-1.57248,1.32672,-1.57171
-0.266218,-0.272445,0.0287753;-1.55264,1.39182,-1.59477
-0.266742,-0.272167,0.028627;-1.58556,1.41546,-1.55701
-0.268336,-0.270448,0.0296368;-1.71418,1.46035,-1.42215
-0.302983,-0.268923,0.0398046;0.17176,1.46108,2.9838
-0.303522,-0.270534,0.0341288;-0.450026,1.45845,-2.68771
-0.296129,-0.271718,0.0286987;-1.63719,1.46879,-1.50573
-0.296053,-0.272279,0.0286908;-1.57551,1.49261,-1.57243
-0.297453,-0.272213,0.0286596;-1.57549,1.53278,-1.57054
-0.297793,-0.271542,0.0287877;-2.25663,1.55732,-0.883655
-0.326622,-0.26482,0.0403473;1.1407,1.40466,2.01117
-0.336063,-0.264649,0.0369102;0.575153,1.41257,2.55695
-0.326258,-0.265859,0.0287583;2.1454,1.54391,0.995643
-0.325859,-0.266747,0.0286981;1.57477,1.5527,1.56067
-0.327502,-0.266501,0.0286156;1.57451,1.49451,1.56528
-0.328029,-0.265838,0.0287715;1.65941,1.46858,1.48273
-0.353988,-0.257549,0.0397505;1.34278,1.30999,1.80461
-0.363959,-0.256196,0.0371571;0.954471,1.33727,2.17214
-0.354356,-0.258586,0.0287785;1.67827,1.4395,1.46444
-0.353523,-0.259658,0.028704;1.56939,1.45032,1.56626
-0.355171,-0.259481,0.0286426;1.56981,1.39261,1.56886
-0.355406,-0.259009,0.0286116;1.57794,1.36924,1.56385
-0.376577,-0.248255,0.0380553;1.48928,1.21948,1.65984
-0.388869,-0.243953,0.0379935;1.18508,1.21124,1.94347
-0.384025,-0.246152,0.0316044;1.36457,1.29056,1.77212
-0.379667,-0.248608,0.0286807;1.57067,1.33233,1.56616
-0.380708,-0.24829,0.0286961;1.57038,1.30475,1.56562
-0.381583,-0.247847,0.0286176;1.57238,1.26967,1.56747
-0.390408,-0.23951,0.033572;1.69625,1.16376,1.46859
-0.410282,-0.230283,0.0404965;1.37747,1.07827,1.758
-0.4162,-0.228645,0.0361323;1.23145,1.12435,1.87957
-0.407232,-0.235053,0.0285829;1.57134,1.22396,1.57001
-0.407547,-0.235066,0.0286956;1.57048,1.20382,1.56556
-0.408885,-0.234301,0.02869;1.57036,1.16231,1.56591
-0.410471,-0.230476,0.0304664;1.61964,1.09038,1.53555
-0.42467,-0.219501,0.0370203;1.55921,0.99562,1.59239
-0.437735,-0.211383,0.0383748;1.33601,0.976132,1.77805
-0.430694,-0.218332,0.0285175;1.56857,1.1076,1.57192
-0.430492,-0.218778,0.0286949;1.56833,1.10122,1.56859
-0.431171,-0.218484,0.0287013;1.5706,1.0764,1.56505
-0.431984,-0.216824,0.028887;1.59153,1.0083,1.55633
-0.438498,-0.208415,0.0331379;1.64878,0.940341,1.52127
-0.455324,-0.194453,0.0409224;1.42511,0.858369,1.6973
-0.453106,-0.197782,0.028762;1.59871,0.990525,1.5467
-0.452472,-0.199172,0.0285797;1.57117,1.01846,1.5703
-0.452965,-0.199028,0.0287007;1.57045,0.994606,1.5653
-0.454261,-0.197094,0.0286574;1.57663,0.902467,1.56636
-0.457565,-0.190838,0.0316932;1.62523,0.847717,1.5413
-0.472008,-0.175453,0.039493;1.47526,0.74712,1.64944
-0.473082,-0.175435,0.0287858;1.59106,0.874435,1.55383
-0.472726,-0.177069,0.028573;1.57125,0.901538,1.57063
-0.473087,-0.17671,0.028704;1.57056,0.879718,1.56504
-0.474404,-0.174276,0.0286119;1.57303,0.789746,1.56927
-0.476048,-0.168251,0.0312478;1.61306,0.733661,1.55197
-0.487877,-0.151776,0.0388136;1.50039,0.634493,1.62477
-0.490943,-0.149258,0.0300704;1.52632,0.735096,1.60371
-0.489662,-0.152406,0.0285769;1.57095,0.777658,1.57048
-0.489752,-0.152338,0.0286928;1.57072,0.757321,1.56551
-0.491032,-0.150467,0.0285797;1.5708,0.695114,1.57083
-0.490433,-0.148529,0.0292107;1.58825,0.654503,1.5648
-0.495639,-0.135591,0.0346091;1.60603,0.571889,1.56354
-0.507383,-0.118207,0.034951;1.43147,0.576944,1.64958
-0.503342,-0.126034,0.0287777;1.58578,0.640019,1.56154
-0.503499,-0.126921,0.028587;1.57114,0.654851,1.57003
-0.504678,-0.125311,0.028636;1.57077,0.57875,1.56818
-0.504455,-0.124687,0.0285807;1.57083,0.553056,1.57088
-0.504622,-0.119149,0.030907;1.60101,0.500984,1.56593
-0.516876,-0.0880859,0.0373771;1.40864,0.419436,1.64351
-0.514355,-0.0942381,0.0316275;1.50405,0.485124,1.60176
-0.513122,-0.0993626,0.0285918;1.57122,0.537126,1.56897
-0.513725,-0.0984207,0.0286993;1.57056,0.490104,1.56517
-0.513951,-0.0975562,0.028591;1.5712,0.458124,1.57033
-0.513008,-0.0964331,0.0290174;1.58131,0.419487,1.56997
-0.519596,-0.0631217,0.0401299;1.44283,0.281481,1.62023
-0.521126,-0.0615601,0.0356526;1.43493,0.347343,1.61509
-0.51942,-0.071267,0.0287295;1.58066,0.411884,1.56778
-0.519842,-0.0718612,0.0286872;1.57071,0.411048,1.56568
-0.520411,-0.0702799,0.0286403;1.5707,0.347698,1.56799
-0.520005,-0.0696924,0.0286274;1.57323,0.322612,1.57017
-0.522722,-0.0414645,0.0393589;1.48712,0.169233,1.59757
-0.525068,-0.0321956,0.0360249;1.42929,0.230034,1.59804
-0.522672,-0.0421173,0.0287643;1.58065,0.30163,1.5666
-0.523206,-0.0428572,0.0286976;1.57129,0.30402,1.56493
-0.523416,-0.0405089,0.0286311;1.57123,0.234734,1.56795
-0.522942,-0.0397576,0.0286458;1.57407,0.204949,1.57016
-0.522942,-0.0397576,0.0286458;1.57407,0.204949,1.57016
-0.52122,-0.0322661,0.0311946;1.59997,0.150481,1.57531
-0.52122,-0.0322661,0.0311946;1.59997,0.150481,1.57531
