0,0,0.11;-1.57,-2.98023e-08,-1.57
0,0,0.11;-1.57,-2.98023e-08,-1.57
0,0,0.11;-1.57,-2.98023e-08,-1.57
-0.000396196,0.00427252,0.0286061;-1.56958,-0.193008,-1.57027
-0.000633787,0.00371455,0.0286023;-1.56956,-0.193387,-1.56999
-0.00151414,0.000229811,0.0292879;-1.55454,-0.147484,-1.56045
-0.00448883,-0.0237021,0.0342876;-1.49162,-0.0118668,-1.57261
-0.000159515,-0.0230665,0.029105;-1.58206,0.00499802,-1.58569
-0.00236279,-0.0275326,0.028979;-1.56954,0.0828098,-1.58063
-0.0023307,-0.0265003,0.0286525;-1.57074,0.0570885,-1.57422
-0.00240992,-0.0267919,0.0286868;-1.57067,0.0689196,-1.56537
-0.00418355,-0.0322274,0.0299461;-1.57261,0.0850028,-1.55339
-0.0074199,-0.0602039,0.0362023;-1.47638,0.164058,-1.56382
-0.010621,-0.0743449,0.0344368;-1.45452,0.0567083,-1.56552
-0.0116855,-0.0688168,0.0293169;-1.54365,-0.00712225,-1.56592
-0.0121114,-0.0685799,0.0286857;-1.566,-0.0512572,-1.56968
-0.0115218,-0.0697631,0.0285789;-1.5707,0.0338094,-1.57081
-0.0107932,-0.0701029,0.0288172;-1.56364,0.136109,-1.56701
-0.0141977,-0.0836251,0.0326382;-1.52097,0.237077,-1.56671
-0.0147564,-0.0965051,0.0391741;-1.40443,0.275238,-1.57903
-0.0152065,-0.0933326,0.0354257;-1.45807,0.245591,-1.57536
-0.0141558,-0.0886406,0.0287787;-1.57056,0.212341,-1.56257
-0.0140225,-0.0885492,0.0286841;-1.5657,0.225714,-1.57187
-0.0142605,-0.0888491,0.0285793;-1.57068,0.227571,-1.57084
-0.0173619,-0.0943826,0.029815;-1.57694,0.263335,-1.55793
-0.0246428,-0.120629,0.0339773;-1.49288,0.290313,-1.57918
-0.0291766,-0.12979,0.0329957;-1.47881,0.217906,-1.58393
-0.0281191,-0.12626,0.0288671;-1.55662,0.172467,-1.57288
-0.0272225,-0.127501,0.0287912;-1.56022,0.243283,-1.57315
-0.0260228,-0.126751,0.028692;-1.57058,0.307623,-1.5658
-0.0314062,-0.130626,0.0334408;-1.6201,0.477175,-1.53202
-0.0370082,-0.141793,0.0432682;-1.56076,0.549751,-1.56514
-0.0375677,-0.141866,0.041072;-1.4866,0.4752,-1.58574
-0.0308863,-0.129637,0.0306062;-1.55202,0.379144,-1.54743
-0.0338309,-0.132185,0.0335358;-1.45552,0.354095,-1.5936
-0.0365787,-0.132443,0.0349321;-1.43151,0.352347,-1.60207
-0.044984,-0.139494,0.0385996;-1.43551,0.35451,-1.57861
-0.0534146,-0.156505,0.0418743;-1.3982,0.448333,-1.59466
-0.0570297,-0.17061,0.0438255;-1.3443,0.464306,-1.62067
-0.0463579,-0.15309,0.0398646;-1.35985,0.434259,-1.62228
-0.0419419,-0.150131,0.0353888;-1.41734,0.476887,-1.62379
-0.0399945,-0.149262,0.0315149;-1.49295,0.513495,-1.59969
-0.0388757,-0.148615,0.0286224;-1.57369,0.55673,-1.56784
-0.0435013,-0.15123,0.0299495;-1.59225,0.628531,-1.55782
-0.0550424,-0.168058,0.0344524;-1.59039,0.724498,-1.55904
-0.0572705,-0.170575,0.0285657;-1.57147,0.567506,-1.57036
-0.0568603,-0.170152,0.028599;-1.57102,0.562174,-1.57178
-0.0586011,-0.171998,0.0287392;-1.57267,0.639217,-1.57563
-0.0752889,-0.176834,0.0295525;-1.61984,0.905396,-1.54055
-0.0875037,-0.182873,0.0328839;-1.71479,0.980432,-1.46366
-0.107319,-0.200461,0.036136;-1.70479,1.00941,-1.45978
-0.121915,-0.209437,0.0295092;-1.53395,0.84173,-1.59237
-0.120863,-0.208719,0.0285873;-1.57083,0.807866,-1.56995
-0.120711,-0.209327,0.028692;-1.56287,0.825692,-1.57656
-0.121235,-0.210636,0.0289603;-1.59788,0.927862,-1.55138
-0.125878,-0.210156,0.0334621;-1.7429,1.00359,-1.4357
-0.136296,-0.213175,0.0382027;-1.87575,1.11784,-1.33369
-0.133282,-0.206436,0.0290041;-1.55745,1.08105,-1.57002
-0.133625,-0.205968,0.0287291;-1.57085,1.02471,-1.56364
-0.133432,-0.205887,0.0288353;-1.5479,1.02139,-1.59042
-0.133567,-0.206219,0.0285812;-1.57067,1.06158,-1.57075
-0.135758,-0.207226,0.0292171;-1.59793,1.06895,-1.54377
-0.149413,-0.214053,0.0335144;-1.75276,1.10642,-1.41313
-0.162098,-0.223473,0.033304;-1.45422,0.994415,-1.68278
-0.156531,-0.222865,0.0291231;-1.58847,0.918603,-1.57186
-0.15184,-0.222724,0.0291679;-1.59643,0.858091,-1.5629
-0.155345,-0.223153,0.0287492;-1.57059,0.95243,-1.57897
-0.157843,-0.223484,0.0286104;-1.57406,1.06214,-1.56774
-0.161675,-0.221319,0.0303633;-1.65481,1.16987,-1.49004
-0.183206,-0.230647,0.0406469;-1.51118,1.27088,-1.62468
-0.185192,-0.232977,0.0375721;-1.20739,1.18083,-1.9063
-0.174028,-0.229106,0.0325299;-1.41882,1.13551,-1.7271
-0.155782,-0.224938,0.0328081;-1.60184,0.984447,-1.60107
-0.160838,-0.224339,0.0335328;-1.60838,1.01283,-1.59544
-0.169409,-0.225536,0.031334;-1.67146,1.05787,-1.49098
-0.19876,-0.228755,0.0403387;-1.1829,0.998132,-1.89038
-0.198137,-0.226189,0.0397427;-1.19687,0.9592,-1.87234
-0.19086,-0.221067,0.0369841;-1.29762,0.947447,-1.778
-0.184221,-0.223293,0.0325735;-1.42746,0.991073,-1.67548
-0.181589,-0.221393,0.0332932;-1.40448,1.00226,-1.69681
-0.183572,-0.221303,0.0362874;-1.33491,1.00883,-1.74665
-0.199574,-0.2294,0.0408593;-1.16596,1.12825,-1.88446
-0.20111,-0.229585,0.0417531;-1.13932,1.06265,-1.91312
-0.192785,-0.223535,0.0386355;-1.23442,1.03009,-1.82774
-0.187097,-0.221719,0.0386692;-1.1927,0.986341,-1.88018
-0.192675,-0.224668,0.0408565;-1.06801,1.04505,-2.00378
-0.1939,-0.228034,0.0369397;-1.28957,1.12363,-1.7846
-0.223394,-0.241696,0.0356453;-1.35752,1.31774,-1.74718
-0.231848,-0.246606,0.0342535;-1.32424,1.27765,-1.7895
-0.221889,-0.244233,0.0286568;-1.56893,1.20888,-1.56731
-0.220913,-0.244549,0.0287809;-1.5434,1.21538,-1.59625
-0.220796,-0.245241,0.0286782;-1.55492,1.25836,-1.58571
-0.220637,-0.245333,0.028641;-1.5714,1.2778,-1.56742
-0.230049,-0.244478,0.0325322;-1.92605,1.3892,-1.22347
-0.232846,-0.246081,0.029899;-1.69749,1.3847,-1.44727
-0.232511,-0.247661,0.0289617;-1.63124,1.33455,-1.51672
-0.226217,-0.250645,0.028692;-1.57334,1.14781,-1.57297
-0.226046,-0.250992,0.028709;-1.56081,1.15684,-1.58377
-0.226907,-0.251428,0.0285885;-1.57014,1.20803,-1.57183
-0.228369,-0.251306,0.0290329;-1.61013,1.25004,-1.52634
-0.258439,-0.257239,0.0338001;-1.22713,1.36807,-1.8866
-0.261674,-0.256912,0.0348644;-1.16022,1.32108,-1.94823
-0.255296,-0.254782,0.0293933;-1.52217,1.31246,-1.59929
-0.254423,-0.253741,0.0306356;-1.40104,1.2714,-1.72433
-0.253117,-0.253755,0.029187;-1.48576,1.28429,-1.64678
-0.25281,-0.253909,0.029252;-1.57354,1.29808,-1.54683
-0.28084,-0.256109,0.0388553;-0.744402,1.45919,-2.34485
-0.292559,-0.259116,0.0412098;-0.729316,1.36505,-2.34956
-0.279355,-0.255323,0.0374554;-0.995187,1.30868,-2.09209
-0.271271,-0.251651,0.0375316;-0.898386,1.27631,-2.20696
-0.278001,-0.250753,0.039654;-0.701364,1.29324,-2.40898
-0.288626,-0.255827,0.0375389;-0.768329,1.39524,-2.32492
-0.323795,-0.262761,0.0363834;0.58707,1.48919,2.58262
-0.330909,-0.264244,0.0320828;0.713453,1.50262,2.44536
-0.327343,-0.264485,0.028682;-1.77484,1.5444,-1.36675
-0.327025,-0.265318,0.0288513;-0.329465,1.5572,-2.81234
-0.328018,-0.26594,0.0287978;1.31751,1.53286,1.82295
-0.327863,-0.265968,0.0285795;1.56981,1.521,1.57175
-0.34036,-0.260909,0.036066;1.95794,1.32187,1.1635
-0.347041,-0.262472,0.0373045;1.91703,1.28206,1.19603
-0.346787,-0.263528,0.033635;1.91387,1.32258,1.21818
-0.345233,-0.264884,0.028768;1.6031,1.38189,1.53481
-0.348904,-0.261715,0.0287332;1.56836,1.22073,1.56675
-0.352394,-0.260684,0.0286404;1.56461,1.07556,1.57615
-0.355394,-0.257754,0.0296873;1.5917,0.964974,1.5588
-0.371522,-0.252048,0.0308407;1.53043,0.856276,1.60062
-0.374684,-0.251923,0.0307983;1.52726,0.897026,1.59711
-0.364817,-0.260989,0.0288972;1.60136,1.04829,1.54406
-0.365561,-0.260691,0.0290919;1.60687,1.02929,1.53307
-0.366534,-0.256521,0.0290569;1.59848,0.964446,1.53889
-0.369119,-0.244278,0.0311827;1.64995,0.79162,1.50781
-0.377338,-0.234417,0.0322012;1.63521,0.682643,1.51871
-0.391158,-0.228585,0.0297563;1.57314,0.697115,1.57414
-0.392946,-0.224961,0.0290162;1.54841,0.910118,1.59572
-0.390992,-0.224384,0.0287305;1.56272,1.0045,1.57486
-0.389115,-0.226015,0.0289253;1.58172,1.07416,1.54994
-0.387147,-0.229747,0.0325506;1.73006,1.09021,1.41664
-0.384487,-0.232228,0.0365953;1.79441,1.01548,1.36093
-0.395007,-0.228875,0.0374379;1.6959,0.879866,1.44338
-0.391946,-0.227034,0.0289926;1.55784,0.951131,1.59395
-0.391224,-0.227457,0.0290764;1.54508,0.950484,1.60072
-0.391499,-0.228173,0.0290638;1.53726,0.931905,1.60134
-0.394089,-0.225247,0.0289122;1.57969,0.750088,1.55542
-0.400728,-0.218059,0.0330043;1.63861,0.66088,1.49752
-0.412828,-0.211993,0.041478;1.73075,0.628761,1.40813
-0.410587,-0.218476,0.0320998;1.65624,0.84178,1.48961
-0.409205,-0.222265,0.028657;1.57058,0.959856,1.56709
-0.407432,-0.222201,0.0287211;1.55779,1.02863,1.58216
-0.407905,-0.223018,0.0286459;1.57059,0.960051,1.57432
-0.408723,-0.221161,0.0291847;1.58858,0.856384,1.55841
-0.419038,-0.212831,0.0334431;1.63678,0.734915,1.51351
-0.418646,-0.212925,0.031394;1.63842,0.728166,1.51131
-0.418008,-0.214601,0.0302279;1.62279,0.740664,1.52848
-0.420191,-0.206722,0.0293201;1.58041,0.650219,1.55355
-0.423213,-0.198279,0.0287385;1.57007,0.539474,1.56325
-0.423023,-0.196918,0.0289333;1.58909,0.499662,1.56079
-0.425441,-0.191009,0.0306614;1.60987,0.442876,1.55298
-0.453087,-0.161749,0.0297804;1.54336,0.455851,1.58871
-0.45025,-0.16413,0.0285313;1.57094,0.571768,1.57067
-0.450847,-0.164557,0.0285801;1.57091,0.615023,1.57082
-0.449006,-0.152292,0.0292999;1.59271,0.394376,1.55144
-0.445229,-0.144638,0.0310705;1.63226,0.285273,1.55013
-0.442611,-0.134941,0.0337375;1.66301,0.162229,1.5433
-0.445604,-0.124265,0.0317497;1.58511,-0.013009,1.56315
-0.444483,-0.127667,0.0285902;1.57072,0.0445226,1.57041
-0.443988,-0.128143,0.0287403;1.57247,0.111832,1.58006
-0.444046,-0.129157,0.0287653;1.56139,0.105183,1.57147
-0.444198,-0.129602,0.0288919;1.57407,0.112667,1.55853
-0.445285,-0.13222,0.0317149;1.63372,0.131929,1.55196
-0.451626,-0.112532,0.0411378;1.70817,0.0396553,1.51935
-0.454446,-0.101705,0.0344055;1.63841,0.12265,1.54862
-0.454386,-0.101437,0.0285641;1.57131,0.200359,1.57156
-0.455125,-0.101746,0.0290959;1.54996,0.180252,1.57907
-0.456244,-0.103167,0.0286601;1.56685,0.105485,1.5712
-0.455643,-0.101867,0.0285817;1.57131,0.0289993,1.5715
-0.455706,-0.0908951,0.0386838;1.66661,-0.154672,1.53707
-0.456726,-0.096889,0.0389462;1.67612,-0.0980861,1.53268
-0.459757,-0.108193,0.0330406;1.64229,-0.00429867,1.54872
-0.4627,-0.118236,0.0286785;1.5667,0.156511,1.57017
-0.462794,-0.118089,0.0287512;1.56244,0.165844,1.57244
-0.462837,-0.118163,0.028579;1.57186,0.158793,1.57163
-0.462837,-0.118163,0.028579;1.57186,0.158793,1.57163
-0.463389,-0.111401,0.0292785;1.58348,0.108201,1.56959
-0.463389,-0.111401,0.0292785;1.58348,0.108201,1.56959
