0,0,0.11;-1.57,-2.98023e-08,-1.57
0,0,0.11;-1.57,-2.98023e-08,-1.57
0,0,0.11;-1.57,-2.98023e-08,-1.57
3.55655e-05,0.00695139,0.0286104;-1.56922,-0.139996,-1.57063
0.000134335,0.00674143,0.0286046;-1.57068,-0.103544,-1.56945
-0.00117162,0.00295087,0.0296955;-1.568,-0.0494098,-1.5568
-0.00207068,-0.0219407,0.0348288;-1.46274,-0.00515627,-1.55305
-0.00356814,-0.0198876,0.0285783;-1.57098,-0.110761,-1.57084
-0.00338108,-0.0202273,0.0288025;-1.56113,-0.103204,-1.57081
-0.00337457,-0.019974,0.0286067;-1.56951,-0.10949,-1.57064
-0.00292712,-0.0202922,0.0287011;-1.57081,-0.0347167,-1.56488
-0.00457247,-0.0240385,0.0299494;-1.57168,0.0255943,-1.55356
-0.00713833,-0.0431297,0.0354072;-1.50094,0.12385,-1.55143
-0.00751233,-0.0529603,0.0322145;-1.50119,0.0825349,-1.56539
-0.00718523,-0.0495906,0.0286274;-1.57201,0.0395228,-1.56751
-0.00690653,-0.0492217,0.0286797;-1.56671,0.047755,-1.5717
-0.00646448,-0.0491819,0.0286264;-1.57081,0.109727,-1.56858
-0.00845919,-0.0508264,0.0297246;-1.57434,0.162406,-1.55393
-0.0150558,-0.0659496,0.0351297;-1.59557,0.249807,-1.53817
-0.0196275,-0.0897564,0.0385314;-1.40221,0.296636,-1.58721
-0.019469,-0.0862534,0.0329882;-1.48252,0.255855,-1.5815
-0.0181906,-0.0822865,0.0285786;-1.57093,0.21977,-1.57097
-0.0177017,-0.082175,0.0285793;-1.57075,0.254145,-1.57092
-0.0176465,-0.0818083,0.028745;-1.5708,0.304119,-1.56253
-0.0219691,-0.0849801,0.0311009;-1.59916,0.363968,-1.54158
-0.0306262,-0.102535,0.0348352;-1.58111,0.419891,-1.54126
-0.0346119,-0.111037,0.0321121;-1.49644,0.381738,-1.58988
-0.0332454,-0.109052,0.0288017;-1.56155,0.335164,-1.57559
-0.0334111,-0.109126,0.0287089;-1.56424,0.332618,-1.57295
-0.0333681,-0.109067,0.0285806;-1.57088,0.356719,-1.57073
-0.044237,-0.121061,0.0328902;-1.58768,0.461456,-1.53646
-0.0562997,-0.143551,0.0381036;-1.38914,0.528733,-1.63319
-0.0601164,-0.150342,0.0354944;-1.42704,0.482894,-1.62501
-0.0591543,-0.144951,0.0285778;-1.57119,0.420515,-1.56985
-0.0591854,-0.14514,0.0286848;-1.56533,0.425183,-1.57311
-0.0592797,-0.145166,0.0287172;-1.56351,0.431398,-1.57379
-0.0625407,-0.146768,0.0298826;-1.5735,0.534108,-1.55266
-0.074471,-0.159635,0.0357296;-1.51779,0.63076,-1.57761
-0.0847502,-0.178583,0.0366152;-1.39337,0.648701,-1.659
-0.0824014,-0.173296,0.028563;-1.5707,0.575734,-1.57109
-0.0821361,-0.173729,0.0287791;-1.55986,0.602097,-1.57745
-0.0818763,-0.173909,0.0286803;-1.56497,0.613448,-1.57407
-0.082608,-0.173725,0.0290468;-1.57118,0.703946,-1.55681
-0.0926603,-0.179936,0.0326895;-1.61345,0.77905,-1.51518
-0.110793,-0.197728,0.0392503;-1.32596,0.858994,-1.7132
-0.110682,-0.19692,0.0287515;-1.5762,0.776165,-1.56226
-0.109448,-0.196353,0.0285757;-1.57112,0.773109,-1.57064
-0.109652,-0.197329,0.0288553;-1.55188,0.796498,-1.58412
-0.109591,-0.197507,0.0288068;-1.57166,0.857125,-1.55911
-0.117875,-0.200601,0.0315055;-1.61871,0.909034,-1.51267
-0.138561,-0.213568,0.0385354;-1.48633,1.01106,-1.6092
-0.144421,-0.21948,0.0286507;-1.59604,0.958454,-1.54978
-0.144062,-0.219729,0.028589;-1.57101,0.926193,-1.57003
-0.14411,-0.219969,0.0287427;-1.55768,0.934409,-1.58134
-0.144218,-0.220099,0.0288148;-1.57159,0.973505,-1.5584
-0.151333,-0.221323,0.0313347;-1.60548,1.01979,-1.51553
-0.171813,-0.228667,0.0384403;-1.48149,1.11072,-1.6201
-0.18542,-0.237312,0.0289381;-1.55222,1.10383,-1.57853
-0.185248,-0.237068,0.0285722;-1.57104,1.06726,-1.57096
-0.185256,-0.23703,0.0286885;-1.56011,1.0607,-1.5801
-0.185567,-0.237163,0.0286842;-1.57091,1.06265,-1.56569
-0.187541,-0.236992,0.0298255;-1.56748,1.107,-1.55471
-0.199676,-0.238825,0.0349684;-1.5685,1.17615,-1.54399
-0.216364,-0.24564,0.0332231;-1.33634,1.2117,-1.77502
-0.213667,-0.244476,0.028677;-1.57326,1.18545,-1.56324
-0.213446,-0.24443,0.0285813;-1.56964,1.16233,-1.5713
-0.213105,-0.244461,0.0285792;-1.57084,1.18962,-1.57073
-0.212748,-0.24422,0.0288103;-1.57153,1.24353,-1.55863
-0.218539,-0.242329,0.0311585;-1.63595,1.31671,-1.48426
-0.258787,-0.251108,0.0387977;-0.626245,1.36353,-2.47301
-0.25949,-0.250378,0.0348132;-0.957873,1.36376,-2.16119
-0.25395,-0.249382,0.0286773;-1.57136,1.3621,-1.56552
-0.254128,-0.249849,0.0287349;-1.53052,1.39403,-1.61113
-0.253905,-0.250223,0.0285888;-1.57011,1.43781,-1.57099
-0.254886,-0.249332,0.0291917;-1.59892,1.4812,-1.52819
-0.295404,-0.247809,0.0412986;0.53818,1.39683,2.64809
-0.307853,-0.248565,0.0409144;0.146273,1.34952,3.02158
-0.299445,-0.248681,0.0291035;0.49413,1.54987,2.65427
-0.2984,-0.249327,0.0287844;-0.802658,1.55687,-2.33945
-0.298362,-0.249615,0.0285795;1.56214,1.55264,1.57942
-0.299106,-0.249226,0.0288793;1.62013,1.53214,1.53546
-0.331353,-0.239738,0.0400194;1.14752,1.3542,2.02006
-0.352384,-0.238034,0.0383401;0.769419,1.31486,2.3701
-0.346255,-0.23937,0.0287291;1.5647,1.40665,1.58285
-0.346106,-0.239318,0.0286401;1.54902,1.43856,1.59241
-0.346246,-0.239141,0.0285801;1.57025,1.4361,1.57136
-0.346342,-0.239036,0.0288262;1.56825,1.42333,1.58509
-0.36672,-0.228629,0.0392244;1.38337,1.28492,1.78126
-0.386321,-0.223756,0.0363813;1.14661,1.25801,1.99263
-0.384001,-0.225262,0.0288669;1.54677,1.2825,1.60082
-0.382859,-0.226258,0.0285937;1.56784,1.28875,1.57365
-0.382924,-0.226355,0.0285797;1.57062,1.26457,1.57099
-0.382862,-0.226547,0.0287566;1.57882,1.2583,1.57194
-0.394152,-0.218124,0.0363271;1.55142,1.11696,1.61854
-0.410291,-0.211282,0.035066;1.3062,1.08675,1.82591
-0.409137,-0.212609,0.0322577;1.43511,1.07987,1.70428
-0.40653,-0.214286,0.0286113;1.56714,1.13276,1.57423
-0.407126,-0.2144,0.0288693;1.53945,1.10931,1.59906
-0.407077,-0.214453,0.02861;1.57064,1.07688,1.57241
-0.407927,-0.21228,0.0296463;1.58362,1.02951,1.57635
-0.442209,-0.186962,0.0396028;1.30878,0.854301,1.81239
-0.448478,-0.186603,0.0358511;1.39468,0.865914,1.73399
-0.444308,-0.190959,0.0286434;1.57302,0.897766,1.57342
-0.444318,-0.191009,0.028586;1.57035,0.909186,1.57109
-0.444436,-0.190901,0.0285781;1.57102,0.90528,1.5707
-0.444672,-0.190686,0.0288326;1.57158,0.882563,1.58299
-0.466399,-0.165894,0.0388284;1.35953,0.735144,1.7518
-0.479349,-0.15727,0.0371578;1.36158,0.744673,1.73293
-0.476206,-0.163879,0.028735;1.57798,0.752919,1.57114
-0.476084,-0.163817,0.0285797;1.57082,0.794414,1.57075
-0.47616,-0.163684,0.0285798;1.57072,0.790854,1.5708
-0.47606,-0.163363,0.0287681;1.57017,0.788723,1.58015
-0.487868,-0.144997,0.0366355;1.42803,0.659099,1.6876
-0.500487,-0.132535,0.0349246;1.41879,0.676148,1.67817
-0.499319,-0.137124,0.0286902;1.57251,0.675901,1.57631
-0.498935,-0.137226,0.0285795;1.57083,0.698442,1.57078
-0.499036,-0.13732,0.0285808;1.57072,0.684203,1.57085
-0.498962,-0.137619,0.0286893;1.57085,0.670816,1.57592
-0.507063,-0.124832,0.0353313;1.48613,0.522637,1.64051
-0.518984,-0.109934,0.0365576;1.41693,0.495882,1.66697
-0.521133,-0.111624,0.0315246;1.51221,0.495761,1.61108
-0.520545,-0.114405,0.0286302;1.5684,0.503491,1.57121
-0.52048,-0.114586,0.02858;1.57079,0.502981,1.57076
-0.520438,-0.114704,0.0285798;1.57076,0.488761,1.57078
-0.52234,-0.1068,0.0315483;1.56218,0.386245,1.59984
-0.530938,-0.0889112,0.0393469;1.41612,0.312146,1.66631
-0.53839,-0.0798125,0.0371714;1.4277,0.298812,1.64517
-0.538519,-0.0875055,0.0285768;1.57043,0.306465,1.57116
-0.538099,-0.0878326,0.0285796;1.57085,0.320223,1.5708
-0.538199,-0.0874319,0.0287658;1.56139,0.317688,1.57386
-0.537852,-0.0850327,0.0297937;1.56442,0.2871,1.58965
-0.541792,-0.0702101,0.0350289;1.4822,0.223993,1.62307
-0.547702,-0.0546968,0.0378915;1.42577,0.191321,1.63511
-0.552274,-0.057808,0.0286415;1.57119,0.19551,1.57398
-0.552024,-0.0578952,0.028671;1.56719,0.213787,1.57067
-0.551817,-0.0581405,0.0285797;1.57072,0.231666,1.57077
-0.551382,-0.0576631,0.0289429;1.56325,0.226707,1.58314
-0.551567,-0.0536671,0.0319456;1.52882,0.179179,1.59985
-0.555148,-0.0393088,0.0377806;1.44732,0.113039,1.62611
-0.561674,-0.0315345,0.0287455;1.57117,0.132361,1.57869
-0.561606,-0.031255,0.028576;1.57095,0.160458,1.57056
-0.561134,-0.0314185,0.0285801;1.57079,0.180285,1.57078
-0.561161,-0.0313014,0.0287972;1.56896,0.159651,1.57963
-0.561975,-0.030661,0.0307825;1.53918,0.104954,1.588
-0.564199,-0.0203468,0.0362744;1.46972,0.0282472,1.61229
-0.572929,-0.00884725,0.0287409;1.57354,0.00936674,1.57854
-0.572964,-0.00873959,0.0285808;1.57098,0.0292728,1.57091
-0.572791,-0.00922705,0.0285794;1.57085,0.0356473,1.57077
-0.572757,-0.00923088,0.0287622;1.57038,0.0122012,1.57914
-0.572235,-0.00863862,0.0304731;1.55175,-0.0187065,1.58911
-0.571763,0.0014144,0.0369396;1.46118,-0.0851325,1.60331
-0.576681,0.0118557,0.0304027;1.54381,-0.115342,1.5818
-0.577217,0.0103343,0.0285746;1.57086,-0.108096,1.57061
-0.576994,0.00990877,0.0286664;1.56804,-0.0966846,1.56922
-0.576959,0.00979316,0.0285909;1.57054,-0.105355,1.57133
-0.576029,0.0104717,0.0291524;1.56235,-0.103296,1.58202
-0.574466,0.0170475,0.0327246;1.52615,-0.146287,1.59324
-0.574467,0.0429091,0.0354661;1.45695,-0.199079,1.57323
-0.578271,0.038039,0.0287322;1.57092,-0.209484,1.57826
-0.578248,0.0379368,0.028578;1.57086,-0.195113,1.57074
-0.577816,0.0373849,0.0285795;1.57083,-0.171374,1.57089
-0.577222,0.0377276,0.0287774;1.57001,-0.165198,1.57956
-0.575465,0.0390272,0.0304609;1.54363,-0.166078,1.58064
-0.571289,0.0587247,0.0359393;1.45482,-0.224676,1.57289
-0.572413,0.0597489,0.0311889;1.52495,-0.218668,1.57317
-0.573412,0.0583262,0.0286074;1.57097,-0.206083,1.57217
-0.572862,0.0580132,0.0285804;1.57074,-0.170347,1.57074
-0.572777,0.0579656,0.0285817;1.57066,-0.182986,1.57084
-0.572364,0.0582159,0.0290328;1.55748,-0.181696,1.57813
-0.572416,0.0712975,0.0368979;1.4581,-0.289117,1.57851
-0.572489,0.0834351,0.0338336;1.48096,-0.291263,1.56345
-0.575729,0.0810563,0.028734;1.57181,-0.307909,1.57941
-0.575681,0.0804841,0.0285783;1.57072,-0.287625,1.57067
-0.575758,0.0805047,0.0285791;1.57097,-0.299962,1.57092
-0.575902,0.0802989,0.0288231;1.56944,-0.314094,1.58061
-0.572131,0.0907217,0.0373294;1.44999,-0.425623,1.56402
-0.570559,0.105382,0.0353938;1.44995,-0.436772,1.54298
-0.57557,0.101554,0.0287052;1.57133,-0.459604,1.57745
-0.575605,0.100441,0.028587;1.57051,-0.430678,1.57061
-0.575523,0.100503,0.0285785;1.57069,-0.435364,1.57095
-0.575059,0.100611,0.0287904;1.57024,-0.434963,1.58094
-0.575059,0.100611,0.0287904;1.57024,-0.434963,1.58094
-0.573297,0.101278,0.0309319;1.54586,-0.434923,1.58116
-0.573297,0.101278,0.0309319;1.54586,-0.434923,1.58116
