0,0,0.11;-1.57,-2.98023e-08,-1.57
0,0,0.11;-1.57,-2.98023e-08,-1.57
0,0,0.11;-1.57,-2.98023e-08,-1.57
-2.8432e-05,0.00674057,0.028625;-1.56859,-0.164023,-1.57056
0.000620612,0.00638819,0.0287513;-1.57007,-0.115268,-1.56308
-0.000310889,0.00406684,0.030465;-1.56949,-0.106272,-1.54067
-0.00173229,-0.0107085,0.0318143;-1.56581,-0.0586171,-1.52539
-0.000898311,-0.0130928,0.0285791;-1.5708,-0.0892673,-1.57084
-0.00100542,-0.0129309,0.0285947;-1.5706,-0.106463,-1.56976
-0.00101523,-0.0130134,0.0286503;-1.56743,-0.111445,-1.57043
-0.000363351,-0.0134791,0.028745;-1.5705,-0.0594946,-1.56319
-0.00104268,-0.0142756,0.0302025;-1.56504,-0.0460139,-1.54429
-0.00308905,-0.0183524,0.0327602;-1.56243,0.00225541,-1.5131
-0.00256755,-0.0230449,0.0300022;-1.55951,-0.0301052,-1.54711
-0.00250176,-0.022816,0.0288226;-1.58383,-0.0503672,-1.57169
-0.00314696,-0.0245487,0.0287115;-1.57297,-0.00784238,-1.57485
-0.0062137,-0.030338,0.0289388;-1.57406,0.112975,-1.58412
-0.00835126,-0.0349175,0.0298449;-1.60362,0.161256,-1.56799
-0.0120809,-0.0479437,0.0333705;-1.59676,0.20281,-1.54652
-0.0158262,-0.0524387,0.0369521;-1.46792,0.141841,-1.5949
-0.0135333,-0.0451228,0.0344628;-1.5592,0.0619355,-1.60728
-0.00832828,-0.0317607,0.0299794;-1.59905,-0.0383041,-1.58536
-0.00431827,-0.0250375,0.0293037;-1.59524,-0.113329,-1.58426
-0.0079755,-0.0304071,0.0298011;-1.60733,-0.0377693,-1.57626
-0.0113588,-0.0370979,0.0324243;-1.64602,0.0442008,-1.56607
-0.0152197,-0.0473131,0.0352168;-1.64365,0.105464,-1.53972
-0.0170084,-0.0570953,0.0286918;-1.56492,0.0993795,-1.56956
-0.0168608,-0.0560119,0.0285796;-1.57089,0.0490305,-1.57089
-0.0166951,-0.0558991,0.0286313;-1.56835,0.0348581,-1.57061
-0.0166546,-0.0558384,0.0286234;-1.56971,0.046335,-1.56841
-0.0181618,-0.0577008,0.0318704;-1.56699,0.124532,-1.52716
-0.0223352,-0.066821,0.034207;-1.55869,0.175339,-1.51114
-0.0238567,-0.073596,0.0310897;-1.55382,0.148645,-1.54106
-0.0242309,-0.0742188,0.0285978;-1.56952,0.107753,-1.5707
-0.0239045,-0.0737304,0.0285846;-1.57048,0.107055,-1.57067
-0.0237212,-0.0740503,0.0286524;-1.56865,0.126678,-1.56968
-0.0239724,-0.0756835,0.029886;-1.56007,0.210571,-1.55057
-0.0258459,-0.0793738,0.0321811;-1.54632,0.245592,-1.52952
-0.0272652,-0.0815638,0.0324877;-1.54326,0.20611,-1.53351
-0.0240158,-0.0748628,0.028935;-1.57308,0.0413038,-1.58522
-0.0213458,-0.0712299,0.0290029;-1.58049,-0.0368173,-1.58171
-0.0208578,-0.0708207,0.0290486;-1.581,-0.0516496,-1.58346
-0.0263129,-0.0821905,0.0312602;-1.62734,0.0865129,-1.57269
-0.0289759,-0.09168,0.0359027;-1.68802,0.162177,-1.54936
-0.0303981,-0.101404,0.0406318;-1.65429,0.222817,-1.53521
-0.0261356,-0.109937,0.0296146;-1.56916,0.186553,-1.59608
-0.0260835,-0.103109,0.0297659;-1.57512,0.128195,-1.59231
-0.0252508,-0.0940839,0.029962;-1.57938,0.0414568,-1.5936
-0.025794,-0.0933806,0.0291537;-1.58978,0.0419725,-1.57863
-0.0280391,-0.0912706,0.0314728;-1.62226,0.0682408,-1.55755
-0.0301476,-0.0924838,0.0359639;-1.65284,0.113875,-1.52893
-0.0279809,-0.0985153,0.0286432;-1.57135,0.0775749,-1.5738
-0.0278735,-0.0980953,0.0286639;-1.57054,0.0688976,-1.57464
-0.0281464,-0.0965435,0.0286532;-1.57074,0.0211046,-1.57417
-0.0280888,-0.0983837,0.028651;-1.5712,0.0981971,-1.56687
-0.0302263,-0.102339,0.0303422;-1.57381,0.137069,-1.54717
-0.0351914,-0.116136,0.0342748;-1.55404,0.222825,-1.52344
-0.0330368,-0.119344,0.0293768;-1.55013,0.155189,-1.57096
-0.0329916,-0.115053,0.0287556;-1.57058,0.0875566,-1.57894
-0.0333578,-0.113431,0.0290168;-1.55742,0.051257,-1.57902
-0.0332148,-0.11467,0.0286977;-1.56802,0.0902178,-1.57402
-0.0361991,-0.121827,0.0293604;-1.57355,0.164685,-1.56875
-0.041201,-0.1452,0.0344648;-1.50857,0.260032,-1.55853
-0.0400661,-0.151442,0.0343003;-1.46323,0.255622,-1.58773
-0.0399132,-0.146241,0.0312974;-1.52182,0.227465,-1.5934
-0.0395409,-0.139261,0.0291692;-1.56457,0.178335,-1.58886
-0.0390417,-0.126614,0.0303239;-1.57085,0.0581279,-1.6029
-0.0394998,-0.127911,0.030608;-1.56866,0.0792513,-1.60693
-0.0430558,-0.133965,0.03383;-1.6274,0.138482,-1.58987
-0.0460255,-0.159803,0.0420015;-1.48469,0.247074,-1.58656
-0.0433365,-0.164564,0.0369355;-1.42052,0.223045,-1.61566
-0.0430673,-0.152735,0.0321321;-1.55274,0.168333,-1.62787
-0.0423209,-0.134068,0.0331593;-1.56243,0.0290221,-1.63302
-0.0431662,-0.135443,0.0315284;-1.56875,0.0593423,-1.61906
-0.045217,-0.144295,0.0310881;-1.57747,0.127534,-1.60562
-0.0510263,-0.168998,0.040787;-1.51051,0.202391,-1.56205
-0.0479996,-0.171854,0.0383403;-1.4359,0.158934,-1.58453
-0.0458364,-0.158769,0.0304913;-1.5445,0.085106,-1.58883
-0.0459063,-0.151136,0.0291565;-1.55304,0.00661473,-1.58088
-0.046061,-0.150819,0.028879;-1.56863,0.0134635,-1.58311
-0.0465705,-0.152195,0.0287708;-1.56942,0.0367927,-1.57842
-0.0511902,-0.186913,0.0357548;-1.50005,0.197128,-1.5372
-0.0502854,-0.193609,0.0360151;-1.47232,0.151167,-1.55503
-0.0510586,-0.18438,0.0289341;-1.55858,0.0852064,-1.57653
-0.0531215,-0.177303,0.0289798;-1.5584,-0.0855714,-1.57632
-0.0537065,-0.176756,0.0288472;-1.56573,-0.10551,-1.578
-0.0543114,-0.178145,0.0287317;-1.56949,-0.082136,-1.57646
-0.0540398,-0.218399,0.0353587;-1.49319,0.0684149,-1.53088
-0.0516926,-0.222526,0.0351805;-1.47007,0.0289891,-1.54989
-0.0531264,-0.211444,0.0288094;-1.55943,-0.0346901,-1.57054
-0.0545158,-0.206949,0.0289297;-1.56345,-0.111489,-1.57944
-0.0546441,-0.206671,0.0288938;-1.5706,-0.116488,-1.58566
-0.0547737,-0.20717,0.0288694;-1.57058,-0.106861,-1.58453
-0.057211,-0.216329,0.0358876;-1.67466,-0.0386326,-1.55707
-0.0542766,-0.223344,0.033453;-1.61441,-0.0596341,-1.56339
-0.0523281,-0.222241,0.0301161;-1.60002,-0.0830409,-1.56781
-0.0507503,-0.219733,0.0286984;-1.5721,-0.138102,-1.57566
-0.0523643,-0.223482,0.0287267;-1.5708,-0.0364966,-1.57776
-0.0533866,-0.226084,0.0285629;-1.57052,0.0560107,-1.56966
-0.0550052,-0.228037,0.0292966;-1.58247,0.101742,-1.5558
-0.0599895,-0.251609,0.0333636;-1.57721,0.165723,-1.50817
-0.0578908,-0.253441,0.030475;-1.56822,0.121337,-1.54139
-0.0574192,-0.252163,0.0286839;-1.57097,0.0941915,-1.56576
-0.0573017,-0.252246,0.0288088;-1.56094,0.0860112,-1.57281
-0.0567632,-0.253894,0.0286689;-1.56626,0.140522,-1.57142
-0.0570375,-0.254548,0.0288721;-1.56829,0.151506,-1.55958
-0.0655252,-0.271322,0.0345261;-1.56685,0.240136,-1.50559
-0.0652361,-0.280435,0.0320549;-1.55803,0.223016,-1.53225
-0.0641286,-0.280244,0.0287356;-1.57123,0.213946,-1.56294
-0.0643397,-0.279951,0.0286142;-1.56914,0.185844,-1.57098
-0.0643242,-0.280259,0.0286307;-1.56819,0.207145,-1.57137
-0.0644116,-0.280354,0.0288347;-1.56856,0.213533,-1.56101
-0.0714111,-0.290811,0.0342978;-1.5633,0.298133,-1.50988
-0.0734565,-0.298158,0.0316423;-1.55267,0.260026,-1.53642
-0.0728863,-0.297752,0.0287468;-1.57036,0.241653,-1.56337
-0.0740558,-0.298742,0.0286588;-1.57079,0.302245,-1.57453
-0.0780492,-0.301872,0.0287077;-1.57194,0.446389,-1.57516
-0.0813462,-0.303644,0.0288106;-1.58129,0.553325,-1.56748
-0.0992562,-0.321135,0.0350195;-1.62639,0.661793,-1.50453
-0.104057,-0.32505,0.0348276;-1.55056,0.634948,-1.55843
-0.102111,-0.321706,0.029159;-1.56622,0.558985,-1.57894
-0.0938971,-0.315657,0.0289276;-1.58006,0.343838,-1.57557
-0.0898308,-0.313167,0.0287158;-1.57163,0.185453,-1.57612
-0.0885659,-0.312122,0.0286455;-1.57144,0.118225,-1.57431
-0.0940471,-0.314707,0.0317624;-1.58171,0.215637,-1.5279
-0.103431,-0.327298,0.0335966;-1.55256,0.280004,-1.51129
-0.107098,-0.335883,0.0318415;-1.55038,0.266046,-1.53752
-0.107911,-0.337398,0.0285775;-1.57106,0.206264,-1.57066
-0.107702,-0.337131,0.0286185;-1.56902,0.206308,-1.57095
-0.107596,-0.337493,0.0287398;-1.56416,0.219458,-1.57099
-0.108204,-0.337429,0.0298515;-1.56262,0.255766,-1.55179
-0.112428,-0.340788,0.0328457;-1.55968,0.31362,-1.52145
-0.1167,-0.348817,0.0328887;-1.5478,0.332505,-1.52754
-0.120971,-0.353948,0.028608;-1.57124,0.257978,-1.56897
-0.120752,-0.353953,0.028678;-1.5671,0.257467,-1.57057
-0.120575,-0.354194,0.0287216;-1.56372,0.268985,-1.57274
-0.120011,-0.35443,0.0289618;-1.56545,0.33268,-1.55893
-0.121235,-0.355226,0.0313174;-1.56165,0.358768,-1.53627
-0.123953,-0.356867,0.033551;-1.55667,0.405757,-1.51357
-0.126977,-0.361341,0.0285632;-1.57062,0.248323,-1.57181
-0.1237,-0.358483,0.0285883;-1.57059,0.135861,-1.57186
-0.120194,-0.355835,0.0287056;-1.57217,0.00916685,-1.57532
-0.122689,-0.357852,0.0292336;-1.60127,0.0734311,-1.56649
-0.12839,-0.36343,0.032539;-1.6388,0.162549,-1.54584
-0.135971,-0.376141,0.039336;-1.63679,0.271726,-1.53138
-0.141828,-0.388963,0.0293455;-1.57302,0.209214,-1.59164
-0.141715,-0.390026,0.0293447;-1.57403,0.227732,-1.58823
-0.139869,-0.386769,0.0289773;-1.57576,0.194635,-1.58365
-0.140326,-0.387271,0.0288756;-1.57122,0.205823,-1.58474
-0.142088,-0.390289,0.0295838;-1.56379,0.262245,-1.56802
-0.150697,-0.405805,0.0337673;-1.50555,0.366844,-1.5699
-0.154279,-0.413603,0.0317087;-1.50631,0.31974,-1.59282
-0.153596,-0.407029,0.0289639;-1.56558,0.250149,-1.58545
-0.152799,-0.403216,0.0290051;-1.55899,0.176107,-1.58164
-0.153212,-0.402205,0.0287533;-1.57057,0.165303,-1.57927
-0.155233,-0.404763,0.0288388;-1.56181,0.213556,-1.57277
-0.165001,-0.419736,0.0341557;-1.49256,0.313004,-1.58608
-0.173925,-0.446779,0.0362281;-1.42129,0.373865,-1.62548
-0.172282,-0.436352,0.0312331;-1.5154,0.303059,-1.59758
-0.17059,-0.429393,0.0289741;-1.56213,0.229808,-1.58331
-0.170198,-0.424359,0.0288487;-1.56749,0.13904,-1.58086
-0.170403,-0.425627,0.028897;-1.56581,0.177231,-1.58181
-0.174641,-0.432864,0.0305343;-1.53818,0.232128,-1.5753
-0.182432,-0.453073,0.0373906;-1.41582,0.295084,-1.5995
-0.181947,-0.450716,0.0344997;-1.45329,0.264866,-1.60305
-0.180772,-0.441622,0.0290243;-1.56514,0.21058,-1.58778
-0.179908,-0.436093,0.0290407;-1.56044,0.128629,-1.58417
-0.180048,-0.43692,0.028978;-1.5678,0.146385,-1.58745
-0.181677,-0.442069,0.0300474;-1.549,0.200756,-1.58508
-0.186923,-0.466438,0.0392463;-1.40155,0.294233,-1.59165
-0.186309,-0.468191,0.0370633;-1.40627,0.256109,-1.61182
-0.185682,-0.459965,0.0328293;-1.49064,0.209764,-1.60121
-0.183453,-0.44125,0.0300441;-1.56362,0.0733228,-1.5972
-0.183288,-0.441294,0.0303009;-1.56947,0.0735435,-1.60289
-0.18359,-0.444712,0.029709;-1.55457,0.104358,-1.58826
-0.189377,-0.484445,0.0400978;-1.38768,0.26792,-1.60478
-0.189383,-0.491823,0.0393687;-1.37299,0.251186,-1.62713
-0.189069,-0.48274,0.0368371;-1.42662,0.19235,-1.62468
-0.188201,-0.460637,0.0300734;-1.55353,0.0383688,-1.59449
-0.188132,-0.458626,0.0299678;-1.56974,0.0174777,-1.59833
-0.188384,-0.462692,0.0307013;-1.54921,0.0570996,-1.59826
-0.188384,-0.462692,0.0307013;-1.54921,0.0570996,-1.59826
-0.190472,-0.474951,0.0368318;-1.43958,0.114101,-1.60072
-0.190472,-0.474951,0.0368318;-1.43958,0.114101,-1.60072
