0,0,0.11;-1.57,-2.98023e-08,-1.57
0,0,0.11;-1.57,-2.98023e-08,-1.57
0,0,0.11;-1.57,-2.98023e-08,-1.57
9.59139e-05,0.00805349,0.0286644;-1.57031,-0.132843,-1.57427
-0.000180819,0.00647215,0.02858;-1.57075,-0.0792208,-1.57062
-0.00184103,0.00207581,0.0302125;-1.58864,-0.0287937,-1.5639
-0.00304865,-0.0257819,0.0354191;-1.45361,0.0342921,-1.56508
-0.00279915,-0.0168683,0.0286384;-1.57142,-0.0755837,-1.57402
-0.0025703,-0.0166045,0.0287606;-1.56693,-0.0716926,-1.57545
-0.00256418,-0.0164049,0.0286589;-1.57071,-0.0757962,-1.57452
-0.00252429,-0.0184127,0.0285806;-1.57082,-0.00831336,-1.57078
-0.00421904,-0.0228107,0.0301667;-1.58313,0.0337594,-1.5587
-0.00689669,-0.0432624,0.0364298;-1.5043,0.113122,-1.55691
-0.00660577,-0.0500401,0.0319967;-1.50611,0.068226,-1.56768
-0.00622751,-0.044959,0.0284715;-1.56868,0.0144638,-1.5713
-0.00616842,-0.0448194,0.0286658;-1.56717,0.00866579,-1.57121
-0.00625187,-0.0458621,0.0285799;-1.57077,0.0588946,-1.57084
-0.00794716,-0.0480842,0.0294817;-1.57464,0.106431,-1.55906
-0.013453,-0.0661838,0.0344728;-1.54642,0.189292,-1.55437
-0.0152034,-0.0849808,0.0373501;-1.41966,0.210589,-1.57886
-0.0152642,-0.0822682,0.0325699;-1.49049,0.162118,-1.57583
-0.0145491,-0.0778404,0.0285451;-1.57059,0.121884,-1.57122
-0.014314,-0.0777728,0.0285794;-1.57079,0.149205,-1.57075
-0.0143551,-0.0777695,0.0286916;-1.57107,0.191505,-1.56512
-0.0174883,-0.0820938,0.0304013;-1.57748,0.241177,-1.54905
-0.023675,-0.101943,0.03353;-1.48851,0.296031,-1.57579
-0.0245926,-0.106448,0.0312286;-1.51432,0.26775,-1.57965
-0.0235583,-0.104288,0.0288117;-1.55939,0.243336,-1.57357
-0.0232877,-0.104658,0.0288053;-1.55965,0.261657,-1.57377
-0.0229642,-0.104598,0.0285906;-1.57061,0.281378,-1.57006
-0.0316857,-0.118213,0.0321944;-1.54894,0.397676,-1.55294
-0.0410751,-0.143532,0.0390487;-1.40697,0.481052,-1.61373
-0.0434274,-0.148586,0.0362105;-1.41886,0.435458,-1.62359
-0.0391058,-0.140751,0.0285728;-1.57021,0.387823,-1.57065
-0.0388991,-0.141033,0.0287466;-1.56265,0.397971,-1.57434
-0.0389027,-0.141899,0.0287273;-1.56304,0.426835,-1.57399
-0.0428878,-0.145407,0.0302201;-1.57669,0.512003,-1.54854
-0.0573436,-0.16621,0.0367719;-1.4595,0.609766,-1.60671
-0.0662266,-0.183728,0.0379966;-1.39196,0.634692,-1.65464
-0.0612552,-0.17612,0.0285379;-1.57073,0.539729,-1.5712
-0.0609605,-0.176182,0.0288004;-1.55946,0.542704,-1.57742
-0.0610426,-0.176696,0.0287669;-1.56155,0.557746,-1.5767
-0.0618074,-0.177187,0.0289444;-1.57075,0.623658,-1.56031
-0.0723503,-0.186884,0.0322158;-1.55022,0.701138,-1.55959
-0.0898385,-0.208492,0.0399563;-1.36589,0.7969,-1.68172
-0.0880138,-0.208822,0.0285523;-1.57917,0.717327,-1.561
-0.0868785,-0.208267,0.028576;-1.57107,0.697348,-1.57065
-0.0868088,-0.208728,0.0287835;-1.55928,0.70889,-1.57926
-0.0868274,-0.209545,0.0287069;-1.57117,0.779871,-1.56413
-0.0941132,-0.213751,0.0307594;-1.56819,0.842771,-1.55127
-0.113356,-0.230977,0.0388978;-1.36001,0.943187,-1.70842
-0.115326,-0.233835,0.028688;-1.5783,0.863378,-1.56124
-0.114197,-0.233481,0.0285852;-1.57044,0.829287,-1.57095
-0.114182,-0.233737,0.0288102;-1.55621,0.833955,-1.58274
-0.11426,-0.234592,0.0286967;-1.57081,0.908628,-1.56515
-0.12157,-0.237542,0.0306774;-1.57068,0.967806,-1.54982
-0.142357,-0.251443,0.0388234;-1.31807,1.06264,-1.76034
-0.148155,-0.25595,0.0298413;-1.51799,1.02296,-1.61043
-0.146646,-0.255005,0.0285755;-1.57123,0.987164,-1.57044
-0.146595,-0.255177,0.028771;-1.55517,0.994548,-1.58477
-0.146846,-0.255783,0.0285828;-1.57011,1.04203,-1.57115
-0.150936,-0.255933,0.0300497;-1.58162,1.09303,-1.54301
-0.173459,-0.263588,0.0359977;-1.37059,1.18435,-1.73132
-0.192463,-0.273736,0.0347063;-1.26636,1.22149,-1.84166
-0.187532,-0.271044,0.0287564;-1.55588,1.19262,-1.58187
-0.186532,-0.270742,0.0285765;-1.57096,1.16841,-1.57056
-0.186447,-0.270825,0.0285806;-1.57065,1.17965,-1.57103
-0.186283,-0.270565,0.0287176;-1.57168,1.22613,-1.56297
-0.195101,-0.26992,0.0309474;-1.6009,1.30417,-1.5175
-0.240779,-0.280713,0.0387798;-0.651559,1.39306,-2.4518
-0.240322,-0.281608,0.0347988;-0.954784,1.37918,-2.16797
-0.233694,-0.280973,0.0286466;-1.56697,1.37412,-1.57228
-0.233651,-0.28138,0.0287536;-1.52685,1.38066,-1.6145
-0.233842,-0.281954,0.0285847;-1.56882,1.42203,-1.57244
-0.234882,-0.28136,0.0291144;-1.57105,1.46129,-1.56071
-0.279476,-0.283654,0.0409138;0.493737,1.40089,2.68443
-0.288156,-0.28435,0.0381615;0.195152,1.41699,2.96284
-0.27656,-0.285026,0.030002;-0.727152,1.52844,-2.40978
-0.273566,-0.285582,0.0288319;-1.41157,1.50442,-1.73109
-0.274115,-0.286021,0.0285797;-1.55232,1.55537,-1.5896
-0.274339,-0.285863,0.0287429;1.53289,1.56132,1.61672
-0.312524,-0.282591,0.0401295;0.941009,1.33713,2.22743
-0.323436,-0.282448,0.0379803;0.739536,1.36868,2.40873
-0.312714,-0.283818,0.0298047;1.21566,1.48529,1.92792
-0.309731,-0.284496,0.0288132;1.36671,1.52306,1.77328
-0.310766,-0.285053,0.0285766;1.56866,1.46966,1.5729
-0.310859,-0.28503,0.0287266;1.56759,1.4525,1.58094
-0.34557,-0.276977,0.0401168;1.12396,1.25054,2.03374
-0.359443,-0.274907,0.0377797;1.06243,1.27253,2.07388
-0.353821,-0.275864,0.0298825;1.44615,1.33093,1.69653
-0.352334,-0.276533,0.0287487;1.53771,1.3503,1.60213
-0.352954,-0.276658,0.0285796;1.57047,1.32237,1.57101
-0.353055,-0.276513,0.0286756;1.56955,1.31621,1.57636
-0.379757,-0.262031,0.0378023;1.32808,1.14487,1.82166
-0.400592,-0.255876,0.0357454;1.29107,1.11777,1.83486
-0.400015,-0.256622,0.0331666;1.37574,1.11405,1.75796
-0.396305,-0.258097,0.0286065;1.56748,1.16915,1.57418
-0.39693,-0.258075,0.0288635;1.54234,1.1466,1.59479
-0.39721,-0.258157,0.0285883;1.57028,1.11688,1.57211
-0.39799,-0.256622,0.0293584;1.57031,1.07628,1.58264
-0.436118,-0.232868,0.0388166;1.3608,0.892197,1.7692
-0.439805,-0.230822,0.0350508;1.38014,0.941388,1.73666
-0.43325,-0.234451,0.0286253;1.57107,1.00347,1.57279
-0.433201,-0.234814,0.0287469;1.55782,1.00512,1.58037
-0.434259,-0.235175,0.0285792;1.5705,0.951581,1.57098
-0.434281,-0.23514,0.0287112;1.57153,0.924604,1.57682
-0.463484,-0.210827,0.0389712;1.39181,0.742126,1.7297
-0.472007,-0.204518,0.0363188;1.39086,0.778485,1.71358
-0.466199,-0.209198,0.0288148;1.55811,0.831351,1.58291
-0.465634,-0.209999,0.0287624;1.55852,0.841437,1.5795
-0.465839,-0.210281,0.0285803;1.57057,0.816627,1.57088
-0.465855,-0.210445,0.0287225;1.57113,0.790382,1.57751
-0.486781,-0.183739,0.0376788;1.41994,0.618026,1.69141
-0.499765,-0.172228,0.0349108;1.42726,0.61628,1.66988
-0.498084,-0.175887,0.0288586;1.55837,0.634542,1.58153
-0.497897,-0.17647,0.028654;1.56633,0.642603,1.57346
-0.498144,-0.176428,0.0286549;1.56635,0.627603,1.57341
-0.498116,-0.176568,0.0286482;1.57073,0.606309,1.57402
-0.508268,-0.150362,0.0365508;1.4957,0.446324,1.62808
-0.51955,-0.13201,0.0363939;1.42204,0.408867,1.65446
-0.519737,-0.134245,0.0314048;1.51078,0.417093,1.60624
-0.518917,-0.136343,0.0286344;1.5683,0.447567,1.57133
-0.518939,-0.136254,0.0286337;1.56817,0.440632,1.57108
-0.519046,-0.136172,0.0285796;1.57073,0.430757,1.57072
-0.519389,-0.124822,0.0324558;1.59453,0.324417,1.5839
-0.527426,-0.100452,0.0399461;1.46926,0.229576,1.6211
-0.534336,-0.0876962,0.0341422;1.46607,0.22609,1.61279
-0.534387,-0.0921346,0.028581;1.57114,0.277883,1.57037
-0.534438,-0.0922769,0.0286059;1.57076,0.270137,1.56955
-0.534567,-0.0918316,0.0287171;1.56602,0.257205,1.57015
-0.532807,-0.0883868,0.0300237;1.58473,0.181266,1.57771
-0.534154,-0.069514,0.0362062;1.54608,0.0947646,1.58962
-0.539377,-0.0506936,0.037415;1.47696,0.045561,1.60033
-0.541128,-0.0521619,0.0285767;1.57102,0.129231,1.5699
-0.541349,-0.0527061,0.0286188;1.57087,0.126587,1.56886
-0.541348,-0.0520985,0.0286654;1.57074,0.111052,1.56676
-0.540476,-0.050151,0.0290075;1.58423,0.0359663,1.57226
-0.53834,-0.0397095,0.0331862;1.6121,-0.0245685,1.58387
-0.5389,-0.0181385,0.0411354;1.51326,-0.11149,1.58399
-0.543363,-0.0116252,0.0286722;1.57687,-0.037844,1.56982
-0.544317,-0.0130027,0.0285793;1.57089,-0.0104405,1.57062
-0.544226,-0.0131036,0.0286762;1.57083,-0.0202764,1.56628
-0.542703,-0.011295,0.0290709;1.59435,-0.0990119,1.57241
-0.538907,-0.00528952,0.0327627;1.63035,-0.154373,1.58746
-0.533995,0.013481,0.0408924;1.55823,-0.248834,1.57865
-0.536019,0.0283671,0.028946;1.58697,-0.21646,1.56991
-0.537035,0.0275287,0.0288513;1.58383,-0.193404,1.57213
-0.536868,0.027786,0.0287424;1.57505,-0.202714,1.56786
-0.535252,0.0286607,0.0291547;1.5978,-0.253923,1.57577
-0.531642,0.03133,0.0332223;1.64884,-0.308533,1.59992
-0.524914,0.0449991,0.0407334;1.61916,-0.397789,1.59442
-0.521521,0.0650182,0.0289069;1.58375,-0.409555,1.57198
-0.523056,0.0640189,0.0291703;1.59929,-0.375704,1.57875
-0.52314,0.064005,0.0289237;1.58342,-0.373883,1.57066
-0.522247,0.0646532,0.0291523;1.59939,-0.404111,1.58027
-0.519108,0.065494,0.0312507;1.63202,-0.444096,1.59668
-0.512336,0.0720127,0.0371938;1.70268,-0.512264,1.64134
-0.49991,0.10038,0.0384843;1.58527,-0.597109,1.57487
-0.503759,0.10004,0.0291197;1.596,-0.546972,1.57844
-0.504916,0.0995236,0.0290782;1.59597,-0.528364,1.57884
-0.503104,0.100699,0.0289122;1.58126,-0.57103,1.56897
-0.501253,0.100864,0.0297632;1.61499,-0.601594,1.59354
-0.496627,0.102176,0.0340288;1.69361,-0.649694,1.64127
-0.480353,0.122398,0.0435785;1.60863,-0.762186,1.59136
-0.482169,0.125302,0.0333495;1.61429,-0.713036,1.58663
-0.486373,0.124117,0.0293054;1.60984,-0.668419,1.59014
-0.485119,0.124595,0.029006;1.5868,-0.69643,1.57298
-0.483259,0.124909,0.0293053;1.612,-0.735753,1.59578
-0.480022,0.124845,0.0322196;1.6765,-0.773592,1.6407
-0.461845,0.137619,0.0450539;1.65538,-0.918785,1.63324
-0.455991,0.145921,0.0420058;1.64601,-0.901625,1.61179
-0.461576,0.146724,0.02921;1.60855,-0.844599,1.59345
-0.463064,0.14629,0.029134;1.59967,-0.842,1.5848
-0.460519,0.146721,0.02921;1.60705,-0.883188,1.59113
-0.457974,0.146073,0.0313141;1.67378,-0.910686,1.64955
-0.441464,0.151192,0.0434573;1.7565,-1.04777,1.72227
-0.431404,0.159866,0.0436798;1.72898,-1.0541,1.68662
-0.43434,0.162702,0.0311484;1.67269,-1.01367,1.64826
-0.435938,0.163308,0.029225;1.61484,-0.995652,1.60035
-0.432891,0.163156,0.029257;1.62503,-1.03388,1.61211
-0.432071,0.162354,0.0316742;1.71354,-1.04903,1.69259
-0.432071,0.162354,0.0316742;1.71354,-1.04903,1.69259
-0.427919,0.161471,0.0360138;1.88281,-1.0921,1.84267
-0.427919,0.161471,0.0360138;1.88281,-1.0921,1.84267
