0,0,0.11;-1.57,-2.98023e-08,-1.57
0,0,0.11;-1.57,-2.98023e-08,-1.57
0,0,0.11;-1.57,-2.98023e-08,-1.57
3.10452e-05,0.00778507,0.0286428;-1.56745,-0.170686,-1.57003
0.000185842,0.00816769,0.0286832;-1.5704,-0.147714,-1.566
-0.00145334,0.00593256,0.0301312;-1.57447,-0.0938584,-1.54399
0.000380183,-0.018886,0.0346809;-1.47502,-0.0335359,-1.55907
-0.00145521,-0.00900285,0.0289865;-1.56623,-0.161321,-1.58523
-0.00321895,-0.00471984,0.0289387;-1.56049,-0.254257,-1.5752
-0.00509553,-0.00285944,0.0285936;-1.57065,-0.340177,-1.57116
-0.00480951,-0.00313812,0.0287436;-1.57059,-0.31464,-1.56292
-0.00505511,-0.00466082,0.0303301;-1.56655,-0.283746,-1.54176
-0.00502982,-0.0115687,0.0329006;-1.57902,-0.220978,-1.5163
-0.00206985,-0.0172253,0.031106;-1.52083,-0.247697,-1.55365
-0.0027949,-0.0140611,0.0289943;-1.5601,-0.283642,-1.57715
-0.00363555,-0.0109991,0.0291034;-1.55806,-0.320988,-1.58022
-0.00437032,-0.0100014,0.0287376;-1.5706,-0.329423,-1.57825
-0.00365623,-0.0106284,0.0290656;-1.55775,-0.281977,-1.55832
-0.0027398,-0.0138761,0.0319719;-1.55774,-0.228245,-1.52326
-0.00348933,-0.0191508,0.0328551;-1.53912,-0.264668,-1.51189
-0.00511229,-0.017345,0.0295601;-1.56228,-0.332091,-1.55696
-0.0060293,-0.0145161,0.0289042;-1.5704,-0.395999,-1.58612
-0.00793471,-0.00425931,0.0302212;-1.57315,-0.494102,-1.60144
-0.00769199,-0.00487701,0.0308056;-1.57233,-0.487012,-1.60935
-0.00875526,-0.0100877,0.0344635;-1.63039,-0.439616,-1.62206
-0.00826942,-0.0198355,0.0397529;-1.61704,-0.392899,-1.59737
-0.00669783,-0.019887,0.0309396;-1.62335,-0.454964,-1.60234
-0.00608293,-0.0182641,0.0291011;-1.58894,-0.462635,-1.588
-0.00668503,-0.0254064,0.0290288;-1.58217,-0.375095,-1.58592
-0.00740529,-0.0319075,0.0292487;-1.58165,-0.295721,-1.5914
-0.00675374,-0.0586944,0.0362058;-1.5494,-0.132981,-1.58722
-0.00208991,-0.0790337,0.0382623;-1.42002,-0.07367,-1.5438
-0.0018879,-0.083549,0.0360627;-1.43528,-0.114062,-1.55414
-0.00652956,-0.0649373,0.0299362;-1.56962,-0.233114,-1.59722
-0.00851209,-0.0562688,0.0290677;-1.56962,-0.315106,-1.5843
-0.00864515,-0.0559536,0.0288447;-1.57244,-0.319843,-1.58219
-0.00533222,-0.0698041,0.0326852;-1.51621,-0.193412,-1.57786
0.000559333,-0.0871535,0.0379084;-1.40765,-0.105801,-1.54627
0.00829458,-0.09951,0.0402852;-1.35563,-0.0690415,-1.55209
0.00543063,-0.0868146,0.0366289;-1.45162,-0.178617,-1.59811
0.00369503,-0.0777877,0.034187;-1.5478,-0.220063,-1.63818
0.0028504,-0.0727692,0.03549;-1.54358,-0.259856,-1.64692
-0.00167994,-0.073576,0.035207;-1.47718,-0.287629,-1.58465
0.00310127,-0.084721,0.0388508;-1.40424,-0.179895,-1.55852
0.0108711,-0.10241,0.0407733;-1.35982,-0.105108,-1.54244
0.00935037,-0.0987941,0.0378015;-1.41256,-0.19084,-1.57151
0.0048005,-0.0873073,0.033571;-1.53828,-0.248503,-1.6243
0.004753,-0.0795381,0.0337728;-1.54881,-0.297362,-1.62882
0.00128589,-0.0834573,0.0333484;-1.50298,-0.29449,-1.5833
-0.000212577,-0.0893897,0.0348859;-1.45128,-0.257512,-1.53716
-0.00138947,-0.097118,0.0375395;-1.44413,-0.207713,-1.50781
-0.00412455,-0.0943674,0.0313149;-1.51751,-0.307448,-1.56464
-0.00545682,-0.0885545,0.0301614;-1.56948,-0.339096,-1.60121
-0.00691059,-0.0824042,0.0310139;-1.56114,-0.385019,-1.6037
-0.00476764,-0.0869566,0.0320858;-1.5528,-0.335508,-1.61724
-0.00413917,-0.0958606,0.0367696;-1.4859,-0.298757,-1.58526
-0.00204495,-0.111752,0.0413633;-1.42098,-0.232575,-1.54105
-0.00111384,-0.108642,0.0365211;-1.47697,-0.32773,-1.59745
-0.00395252,-0.101902,0.031584;-1.56776,-0.36139,-1.62241
-0.00447391,-0.0987367,0.0318508;-1.56918,-0.369736,-1.61541
-0.00250628,-0.101589,0.0330545;-1.56163,-0.333785,-1.63801
-0.00232141,-0.107273,0.0351448;-1.52861,-0.310851,-1.6199
-0.000566506,-0.121245,0.0424638;-1.47939,-0.25115,-1.57906
0.00199216,-0.129228,0.0395662;-1.4043,-0.260131,-1.56342
-0.00118878,-0.124156,0.0358503;-1.47889,-0.309194,-1.59382
-0.00372694,-0.11632,0.0315916;-1.56945,-0.345377,-1.6208
-0.00311714,-0.114434,0.0332897;-1.55927,-0.34351,-1.63336
-0.00227338,-0.117479,0.0318446;-1.55401,-0.304045,-1.61788
0.000248396,-0.129235,0.0361499;-1.46725,-0.222709,-1.57723
0.00798527,-0.144041,0.039922;-1.36193,-0.151296,-1.52675
0.00577954,-0.145269,0.0393508;-1.36004,-0.205246,-1.5266
0.000560837,-0.136937,0.0346424;-1.46756,-0.269126,-1.56891
-0.00698138,-0.120314,0.0291344;-1.55734,-0.407976,-1.57983
-0.00594698,-0.122208,0.0298904;-1.56457,-0.381757,-1.59633
-0.00424583,-0.127131,0.032607;-1.52156,-0.339317,-1.58513
0.000297364,-0.161771,0.0397898;-1.39823,-0.186629,-1.50616
0.00520761,-0.167894,0.0390929;-1.36882,-0.216145,-1.52173
0.00268034,-0.159813,0.0369683;-1.41624,-0.274161,-1.54735
-0.00113334,-0.142348,0.0341311;-1.54485,-0.361566,-1.6293
-0.00433428,-0.140514,0.03459;-1.54371,-0.398161,-1.63573
-0.00577458,-0.14113,0.0323839;-1.51528,-0.397784,-1.57791
0.00298819,-0.173005,0.0402041;-1.37242,-0.213713,-1.50206
0.00500022,-0.181909,0.0393082;-1.36021,-0.25841,-1.51101
-0.000538098,-0.174106,0.0357602;-1.42738,-0.337342,-1.53144
-0.0123836,-0.156596,0.0291413;-1.55915,-0.493658,-1.57891
-0.0128971,-0.156318,0.0288956;-1.57051,-0.496822,-1.58586
-0.0116828,-0.158668,0.0293199;-1.56164,-0.456031,-1.57962
0.000855576,-0.189277,0.0383825;-1.40496,-0.29368,-1.49211
0.00199387,-0.194416,0.0368792;-1.40794,-0.352862,-1.50846
-0.00249182,-0.188941,0.0328877;-1.49761,-0.399242,-1.55986
-0.00998355,-0.174774,0.0299054;-1.56773,-0.504575,-1.59318
-0.0104381,-0.174002,0.0296464;-1.57185,-0.512664,-1.59504
-0.00965131,-0.175802,0.0297603;-1.56649,-0.493091,-1.59479
-0.0020898,-0.189033,0.0330823;-1.5141,-0.384161,-1.53086
0.000983775,-0.194316,0.0337836;-1.47553,-0.416715,-1.53569
0.000658546,-0.194314,0.0338276;-1.47535,-0.417196,-1.53786
-0.00530003,-0.186833,0.0289776;-1.57605,-0.51412,-1.58746
-0.00811356,-0.182491,0.0287781;-1.5725,-0.590744,-1.57963
-0.00771284,-0.183315,0.0288263;-1.57105,-0.571997,-1.58207
-0.00740401,-0.184268,0.0289006;-1.58231,-0.53941,-1.58218
-0.00779542,-0.190047,0.0340453;-1.57055,-0.513874,-1.53198
-0.00901425,-0.188641,0.0301325;-1.57346,-0.580315,-1.55914
-0.00921539,-0.187487,0.0286689;-1.57239,-0.614499,-1.57516
-0.00918773,-0.186608,0.0286591;-1.57076,-0.624526,-1.57449
-0.00810371,-0.187232,0.02858;-1.57072,-0.568951,-1.57086
-0.00758737,-0.18695,0.0287265;-1.57024,-0.518622,-1.56389
-0.00583091,-0.198296,0.0335277;-1.56277,-0.436416,-1.50847
-0.00181589,-0.205552,0.031035;-1.56356,-0.455699,-1.53553
-0.00125784,-0.206471,0.0286796;-1.57104,-0.475442,-1.56609
-0.00145174,-0.205977,0.0285805;-1.57066,-0.527192,-1.57076
-0.000652295,-0.206932,0.0286919;-1.57061,-0.484751,-1.57601
0.000631568,-0.208942,0.0287444;-1.56752,-0.423601,-1.57433
0.00314163,-0.220245,0.033014;-1.5531,-0.320452,-1.51273
0.00469548,-0.223676,0.0322719;-1.54933,-0.343718,-1.5191
0.00443896,-0.225346,0.0286503;-1.57157,-0.379147,-1.56706
0.00447025,-0.225048,0.0286143;-1.57096,-0.391328,-1.56909
0.00454512,-0.225121,0.0285801;-1.57069,-0.399642,-1.57036
0.00444176,-0.224832,0.0285789;-1.57051,-0.44071,-1.57031
0.00985896,-0.228264,0.0343955;-1.48029,-0.317739,-1.5222
0.0138731,-0.23644,0.0354719;-1.46822,-0.317975,-1.50863
0.013272,-0.23921,0.0312493;-1.51833,-0.375146,-1.54127
0.0120547,-0.23784,0.0286227;-1.56871,-0.421093,-1.5694
0.0124528,-0.237765,0.0286702;-1.56608,-0.399559,-1.56883
0.0126644,-0.237682,0.0285799;-1.57073,-0.378602,-1.57075
0.0125986,-0.239482,0.0308215;-1.56398,-0.301302,-1.53649
0.0142716,-0.249101,0.032989;-1.55452,-0.239963,-1.51153
0.0187768,-0.261083,0.0313677;-1.54628,-0.20736,-1.5301
0.0201281,-0.263837,0.0286206;-1.57176,-0.23321,-1.57362
0.019755,-0.262548,0.0286182;-1.57113,-0.280975,-1.57319
0.0193211,-0.261283,0.0286441;-1.57082,-0.322494,-1.57391
0.0214503,-0.264694,0.0287493;-1.57169,-0.215358,-1.56942
0.0239826,-0.270032,0.0316046;-1.55123,-0.158102,-1.53381
0.0293389,-0.278386,0.0335297;-1.5292,-0.116411,-1.51538
0.0260806,-0.281987,0.0290397;-1.56616,-0.229893,-1.5876
0.0240605,-0.275214,0.028938;-1.56501,-0.294571,-1.58095
0.0215687,-0.269002,0.0288264;-1.57031,-0.383084,-1.58242
0.0219959,-0.269054,0.0286895;-1.57049,-0.353659,-1.56521
0.022002,-0.270264,0.0304649;-1.55469,-0.345431,-1.538
0.0218862,-0.270212,0.0331982;-1.54542,-0.33532,-1.50582
0.0235621,-0.272541,0.0287053;-1.57092,-0.390847,-1.56484
0.0235586,-0.272518,0.028645;-1.569,-0.409692,-1.56862
0.0235982,-0.272221,0.0285956;-1.56989,-0.409901,-1.5703
0.0253989,-0.275545,0.0288944;-1.56379,-0.298153,-1.57686
0.0260444,-0.288279,0.0298677;-1.55588,-0.225436,-1.5563
0.0276952,-0.305557,0.0338396;-1.53154,-0.137339,-1.51651
0.0291987,-0.316065,0.0287772;-1.56993,-0.175718,-1.56215
0.028998,-0.316206,0.0285835;-1.57124,-0.186641,-1.57055
0.0289362,-0.315964,0.0286026;-1.57076,-0.188164,-1.57178
0.0294141,-0.317003,0.0286248;-1.5712,-0.150123,-1.56774
0.0299784,-0.318367,0.0293562;-1.55623,-0.101726,-1.5599
0.0312473,-0.326892,0.033381;-1.50198,-0.0391511,-1.54408
0.0307299,-0.33737,0.030477;-1.52896,-0.0806282,-1.56266
0.0299812,-0.334809,0.0288342;-1.57254,-0.118282,-1.58151
0.030427,-0.333917,0.0289983;-1.57932,-0.119732,-1.5805
0.031038,-0.335331,0.0288682;-1.56431,-0.0979178,-1.57769
0.0311246,-0.33679,0.0291171;-1.5649,-0.0655913,-1.56635
0.0263656,-0.334829,0.0329195;-1.56881,-0.0856099,-1.52666
0.0272274,-0.335795,0.0323428;-1.55676,-0.0861069,-1.53053
0.0289044,-0.337278,0.0288328;-1.55887,-0.104044,-1.57024
0.0288011,-0.335952,0.0287759;-1.57299,-0.126564,-1.57889
0.0271002,-0.33255,0.0286449;-1.57051,-0.237484,-1.5735
0.0263262,-0.331132,0.0288233;-1.57566,-0.275746,-1.58183
0.0264272,-0.329644,0.0292827;-1.56274,-0.269855,-1.55458
0.0274036,-0.337349,0.0335417;-1.56363,-0.170561,-1.52364
0.0303656,-0.345797,0.0295925;-1.56308,-0.173501,-1.55756
0.0301079,-0.346142,0.0288597;-1.57069,-0.192698,-1.58414
0.0294091,-0.341825,0.0291197;-1.57233,-0.238139,-1.58646
0.0292676,-0.34292,0.0289485;-1.5734,-0.221278,-1.58658
0.0307569,-0.34601,0.0286206;-1.57114,-0.135895,-1.57301
0.0342006,-0.359961,0.0335471;-1.53929,-0.0386074,-1.51374
0.0359243,-0.366728,0.031215;-1.54743,-0.0643862,-1.53656
0.0344104,-0.367373,0.028607;-1.57097,-0.120514,-1.56952
0.0344867,-0.366836,0.0285722;-1.5705,-0.162405,-1.5714
0.0346947,-0.36714,0.0285691;-1.56986,-0.136093,-1.57205
0.0350921,-0.369598,0.0287528;-1.56692,-0.061545,-1.57475
0.0299693,-0.391639,0.0347358;-1.51206,0.0554729,-1.53026
0.0300586,-0.403988,0.0323113;-1.52826,0.053263,-1.54566
0.0290262,-0.403923,0.0286495;-1.56802,0.00681349,-1.57026
0.0297368,-0.402292,0.0286753;-1.56683,-0.0614572,-1.56989
0.0297815,-0.402363,0.02858;-1.57069,-0.0536832,-1.57079
0.0303423,-0.402063,0.0287472;-1.57055,-0.0172595,-1.56271
0.0303423,-0.402063,0.0287472;-1.57055,-0.0172595,-1.56271
0.0299684,-0.402612,0.0302432;-1.56622,0.0100626,-1.54552
0.0299684,-0.402612,0.0302432;-1.56622,0.0100626,-1.54552
