0,0,0.11;-1.57,-2.98023e-08,-1.57
0,0,0.11;-1.57,-2.98023e-08,-1.57
0,0,0.11;-1.57,-2.98023e-08,-1.57
-0.000895636,0.000490025,0.0288472;-1.57436,-0.226743,-1.5813
-0.000295562,0.00148672,0.0285842;-1.57038,-0.204369,-1.57067
0.000391753,0.00677011,0.0292187;-1.57152,-0.139362,-1.55208
-0.00022372,0.0240603,0.0305084;-1.57957,-0.0342738,-1.53925
0.00119723,0.0211251,0.0285888;-1.5704,-0.119765,-1.57153
0.000862777,0.0205434,0.0286145;-1.57232,-0.113123,-1.57144
0.000795926,0.0203571,0.028582;-1.57048,-0.130166,-1.57125
0.000893057,0.0206568,0.0286493;-1.57074,-0.112963,-1.56738
0.00178163,0.0242715,0.0291884;-1.5626,-0.0597022,-1.55231
0.00283818,0.0357248,0.0316229;-1.57271,0.0474329,-1.52201
0.00372391,0.0410389,0.0295663;-1.5731,0.0646487,-1.54793
0.0038058,0.0390709,0.0288127;-1.57045,0.0162003,-1.55986
0.00282688,0.0377497,0.0285787;-1.57105,-0.039747,-1.57059
0.00288558,0.0378093,0.0286688;-1.57054,-0.0344284,-1.56653
0.00465256,0.0410023,0.0291234;-1.55698,0.0319811,-1.55844
0.00806379,0.0508982,0.0309968;-1.56609,0.131181,-1.53383
0.010993,0.060561,0.0316981;-1.57408,0.236184,-1.52312
0.0113408,0.0573501,0.0295914;-1.57368,0.193193,-1.54996
0.0107727,0.0552325,0.0286951;-1.57079,0.154506,-1.56529
0.0104836,0.0550587,0.0285815;-1.57098,0.161735,-1.57064
0.0105832,0.0552552,0.0285894;-1.57049,0.171023,-1.57013
0.0111248,0.0565295,0.0289572;-1.56626,0.191765,-1.55772
0.0127617,0.0613772,0.0305488;-1.57186,0.233624,-1.53857
0.0151628,0.0641268,0.0288148;-1.57212,0.255539,-1.56024
0.014883,0.0638201,0.0285797;-1.57073,0.23536,-1.5708
0.0148552,0.0637908,0.0285817;-1.57087,0.239722,-1.57086
0.0147179,0.0637399,0.0285783;-1.57081,0.259211,-1.57069
0.017043,0.0684015,0.0295732;-1.57088,0.325835,-1.55095
0.0204575,0.079249,0.0322132;-1.58425,0.434992,-1.51789
0.0234399,0.0812603,0.0306524;-1.58382,0.455979,-1.53802
0.0238758,0.0785387,0.0286391;-1.56966,0.384398,-1.57485
0.0233997,0.0782686,0.0287126;-1.57417,0.383136,-1.57281
0.0231738,0.0782014,0.0287562;-1.57699,0.399202,-1.57112
0.0238102,0.0799129,0.0287805;-1.57285,0.440666,-1.56236
0.0265719,0.0869537,0.0310171;-1.58435,0.517657,-1.53184
0.0290066,0.0926854,0.0318881;-1.59862,0.568741,-1.51819
0.0300919,0.0895527,0.0286089;-1.5705,0.511182,-1.57282
0.0297473,0.0894069,0.0287139;-1.57069,0.508416,-1.57736
0.0293582,0.0888881,0.0287141;-1.57074,0.53741,-1.57717
0.0296073,0.0888653,0.0286396;-1.56756,0.572945,-1.57389
0.0323718,0.0936942,0.0297151;-1.58082,0.647756,-1.54955
0.032183,0.0975654,0.0316927;-1.60063,0.686752,-1.5155
0.0305514,0.0895214,0.0286306;-1.57256,0.57753,-1.56905
0.0302852,0.0890891,0.0286462;-1.57076,0.571437,-1.57393
0.0293757,0.0888985,0.0286902;-1.57452,0.609667,-1.57096
0.0294236,0.0891151,0.0285856;-1.57095,0.652625,-1.57068
0.0330894,0.093489,0.0295646;-1.57809,0.705323,-1.55069
0.0358643,0.100808,0.0314344;-1.59867,0.7835,-1.51561
0.0375352,0.0986765,0.0286535;-1.57124,0.744163,-1.5674
0.0365163,0.0981963,0.0286143;-1.57043,0.701526,-1.57265
0.0362605,0.0980954,0.0286496;-1.57071,0.698067,-1.57418
0.0361207,0.0976928,0.0286138;-1.57086,0.711483,-1.56917
0.0397932,0.100551,0.0292723;-1.56732,0.782816,-1.5567
0.0446182,0.107533,0.0319428;-1.58727,0.873983,-1.51277
0.0519387,0.112027,0.0292268;-1.58013,0.938993,-1.54889
0.0508485,0.109464,0.0286724;-1.57083,0.867687,-1.56629
0.0498792,0.108926,0.0285784;-1.5709,0.816968,-1.5709
0.0496553,0.108848,0.0285798;-1.57086,0.813516,-1.57065
0.0516884,0.110259,0.0289105;-1.56483,0.850942,-1.56303
0.058423,0.114273,0.0307225;-1.57053,0.941236,-1.53631
0.0710676,0.124682,0.0319152;-1.59108,1.08248,-1.50567
0.07026,0.122398,0.0299076;-1.57741,1.04963,-1.54207
0.067701,0.120966,0.0287193;-1.57079,1.01187,-1.56408
0.0649467,0.120838,0.0286481;-1.57092,0.932436,-1.56742
0.065496,0.12089,0.0287434;-1.57118,0.952159,-1.56247
0.0665565,0.121604,0.0291626;-1.56295,0.96943,-1.56152
0.080371,0.133078,0.0337342;-1.60678,1.15282,-1.46974
0.0842737,0.134304,0.0315651;-1.59245,1.17438,-1.50666
0.0832177,0.134456,0.0288095;-1.57383,1.16529,-1.558
0.0803616,0.135115,0.02859;-1.57109,1.06966,-1.56954
0.0805349,0.135318,0.0287391;-1.55722,1.05974,-1.58152
0.0814304,0.135208,0.0289348;-1.56145,1.06908,-1.56648
0.0866371,0.138967,0.0335011;-1.59644,1.11493,-1.47988
0.0866649,0.136597,0.0320843;-1.58813,1.08121,-1.50505
0.0857851,0.135628,0.0289836;-1.57554,1.06254,-1.55363
0.084325,0.135414,0.0289066;-1.53973,1.03983,-1.59745
0.0843951,0.134988,0.02889;-1.54045,1.05946,-1.59703
0.0845187,0.134975,0.0289307;-1.56119,1.06026,-1.56699
0.0874088,0.137985,0.0336767;-1.60771,1.12254,-1.46634
0.0895018,0.137975,0.0319669;-1.5986,1.13918,-1.49687
0.089573,0.137521,0.0290612;-1.56688,1.14601,-1.56246
0.0895759,0.13751,0.028976;-1.52984,1.14885,-1.61015
0.0899169,0.137878,0.0290922;-1.51907,1.12752,-1.6197
0.0900098,0.138191,0.0290017;-1.52624,1.11605,-1.60977
0.0903755,0.138422,0.0327575;-1.60091,1.09808,-1.48367
0.087693,0.136312,0.0315237;-1.58584,1.06064,-1.51209
0.0867782,0.136405,0.0305149;-1.57338,1.05772,-1.53706
0.0858443,0.136182,0.0290468;-1.54201,1.07928,-1.60474
0.0854193,0.135781,0.0288946;-1.56223,1.11104,-1.58971
0.0848966,0.135007,0.0289829;-1.54626,1.13771,-1.60199
0.0853602,0.135116,0.0310491;-1.51483,1.18435,-1.59824
0.0843181,0.134426,0.0313621;-1.55966,1.1951,-1.54228
0.082653,0.133665,0.0317607;-1.55128,1.19863,-1.54676
0.0806428,0.129763,0.0290871;-1.53075,1.18203,-1.61673
0.0815055,0.130395,0.0301954;-1.52106,1.1694,-1.63519
0.082616,0.130915,0.0305157;-1.48688,1.16775,-1.6655
0.0847339,0.132627,0.0318609;-1.42306,1.1721,-1.71125
0.0943951,0.142914,0.0347193;-1.56183,1.22901,-1.53578
0.103192,0.146507,0.0339291;-1.71292,1.24756,-1.40208
0.104172,0.146068,0.0338173;-1.74206,1.24253,-1.38991
0.0986986,0.139598,0.0305063;-1.51404,1.17598,-1.63422
0.0993101,0.142868,0.0300955;-1.55839,1.26287,-1.58527
0.10153,0.146893,0.0318772;-1.67722,1.30943,-1.45179
0.103861,0.156314,0.0364451;-1.98739,1.33787,-1.13103
0.108079,0.154436,0.036933;-1.96369,1.28804,-1.16494
0.110396,0.151187,0.0357701;-1.86105,1.23224,-1.28167
0.110492,0.143502,0.0305987;-1.63955,1.12962,-1.522
0.109607,0.143186,0.0294876;-1.59186,1.11531,-1.56302
0.1132,0.147943,0.031925;-1.67573,1.17294,-1.47018
0.122649,0.157169,0.03629;-1.91564,1.24272,-1.21757
0.12497,0.156262,0.0369411;-1.95842,1.2207,-1.17625
0.125608,0.154102,0.037101;-1.95644,1.20493,-1.1836
0.124375,0.149762,0.0328369;-1.78613,1.19241,-1.38049
0.121042,0.149231,0.0309596;-1.68118,1.20442,-1.48337
0.118536,0.151139,0.0313856;-1.71076,1.23169,-1.45041
0.120506,0.162839,0.0354505;-2.01554,1.33497,-1.13224
0.119979,0.164517,0.0369595;-2.15647,1.33982,-0.989897
0.121661,0.163249,0.0370448;-2.20187,1.32166,-0.954066
0.12252,0.15574,0.0346463;-1.96674,1.27291,-1.20399
0.121671,0.153266,0.0323317;-1.79118,1.26263,-1.37535
0.120368,0.150768,0.0304951;-1.66833,1.24673,-1.4927
0.126042,0.158089,0.0347754;-2.07595,1.34043,-1.08244
0.128991,0.163758,0.036613;-2.40591,1.36546,-0.756477
0.129428,0.167957,0.037172;-2.60678,1.38374,-0.554282
0.129974,0.163646,0.0366961;-2.45942,1.37879,-0.711328
0.12604,0.161817,0.0348584;-2.1878,1.40679,-0.992993
0.117461,0.15875,0.0334459;-1.80715,1.40896,-1.38384
0.103639,0.161692,0.032418;-2.70295,1.50036,-0.453438
0.107178,0.170682,0.0342502;2.63951,1.45505,0.492634
0.110818,0.178049,0.0356698;2.53452,1.41173,0.600572
0.121907,0.174071,0.0372138;3.08804,1.44204,0.0146272
0.122701,0.169905,0.0347217;-2.54351,1.48026,-0.646263
0.122089,0.165713,0.0330748;-1.85464,1.45108,-1.33593
0.117961,0.167125,0.0342102;-2.40219,1.45497,-0.766116
0.119242,0.170167,0.0354249;-2.7045,1.43455,-0.454849
0.121118,0.17474,0.0373123;-3.02967,1.40964,-0.128482
0.126145,0.171735,0.0375871;-2.73846,1.39421,-0.431519
0.125138,0.170462,0.0369327;-2.59743,1.42281,-0.592029
0.117319,0.169354,0.034304;-2.21333,1.49168,-0.983023
0.107863,0.167119,0.033041;-2.43501,1.50628,-0.740708
0.109214,0.169156,0.0344523;-2.87686,1.4754,-0.28823
0.112113,0.171094,0.0362375;-2.89724,1.42588,-0.260303
0.121525,0.167925,0.0374696;-2.54944,1.36676,-0.6164
0.125791,0.164141,0.0363705;-2.26498,1.33719,-0.904162
0.128914,0.161598,0.0348318;-2.05275,1.30937,-1.11754
0.128187,0.160038,0.0339044;-1.89919,1.31779,-1.2795
0.129292,0.161464,0.0346689;-2.07937,1.31925,-1.0849
0.129479,0.162989,0.0364541;-2.24181,1.31471,-0.922699
0.128827,0.162821,0.0382242;-2.31928,1.28015,-0.847674
0.129051,0.161672,0.0385412;-2.30633,1.27052,-0.864376
0.12731,0.161711,0.036712;-2.21971,1.30294,-0.952993
0.120738,0.160552,0.034476;-1.84001,1.34088,-1.35493
0.119449,0.163079,0.0348638;-2.04472,1.37555,-1.13629
0.122038,0.1644,0.0350405;-2.23897,1.36487,-0.923552
0.125542,0.165663,0.0371753;-2.40514,1.33815,-0.757159
0.12841,0.16243,0.0373821;-2.28446,1.29379,-0.881101
0.12949,0.159238,0.0362504;-2.12802,1.27185,-1.03994
0.127301,0.156459,0.0339687;-1.89729,1.25253,-1.27386
0.125347,0.159411,0.0342952;-2.00514,1.28974,-1.1566
0.126272,0.162724,0.0348824;-2.14463,1.33213,-1.0139
0.128403,0.171446,0.036922;-2.69978,1.3845,-0.455201
0.129347,0.170084,0.0376561;-2.70493,1.37057,-0.452658
0.128518,0.167237,0.035831;-2.48617,1.38798,-0.677459
0.123429,0.161989,0.0321572;-1.93022,1.39761,-1.23928
0.121662,0.162848,0.0326973;-2.10204,1.41635,-1.0578
0.122701,0.164858,0.0331747;-2.31273,1.42914,-0.839008
0.133018,0.174601,0.036031;-3.13538,1.425,-0.00191065
0.136249,0.175757,0.0362774;-3.03461,1.4202,-0.10142
0.13731,0.172244,0.0358948;-2.74782,1.41181,-0.394716
0.132063,0.16452,0.0315089;-1.94054,1.37468,-1.20828
0.130839,0.164072,0.0304;-1.82028,1.37369,-1.32718
0.130422,0.165619,0.032086;-1.99326,1.37731,-1.15488
0.138266,0.177034,0.0347083;-3.0532,1.4451,-0.0859565
0.14091,0.179575,0.035177;2.95149,1.43,0.190739
0.141192,0.17942,0.0353828;2.92009,1.42502,0.221893
0.138372,0.173175,0.0323432;-2.62354,1.47347,-0.521643
0.135672,0.171045,0.0303669;-2.1202,1.47651,-1.02642
0.134181,0.170545,0.0301819;-2.01526,1.46765,-1.12847
0.134181,0.170545,0.0301819;-2.01526,1.46765,-1.12847
0.134428,0.171568,0.0321062;-2.22179,1.44963,-0.91804
0.134428,0.171568,0.0321062;-2.22179,1.44963,-0.91804
