0,0,0.11;-1.57,-2.98023e-08,-1.57
0,0,0.11;-1.57,-2.98023e-08,-1.57
0,0,0.11;-1.57,-2.98023e-08,-1.57
-0.000496639,0.00092722,0.0286272;-1.56926,-0.179023,-1.56964
-0.000547747,0.000484527,0.0285795;-1.57067,-0.153459,-1.57085
-0.00208198,-0.0063702,0.0291741;-1.57687,-0.0912783,-1.57764
0.000297368,-0.0202481,0.0378046;-1.44794,-0.014219,-1.60609
-0.00310881,-0.00521424,0.0289279;-1.57241,-0.128439,-1.58612
-0.00317541,-0.00419211,0.0287106;-1.56493,-0.163561,-1.57051
-0.00341105,-0.00437988,0.0287602;-1.56199,-0.183688,-1.56912
-0.00278249,-0.00564336,0.0286392;-1.57366,-0.125399,-1.57123
-0.00361499,-0.0120994,0.0313014;-1.62753,-0.110714,-1.58061
-0.00153012,-0.0333844,0.0400412;-1.61925,-0.0763454,-1.58751
-0.000563916,-0.0472902,0.0361386;-1.49727,-0.194839,-1.61759
-0.00485796,-0.041362,0.0309591;-1.56487,-0.271543,-1.6124
-0.0054453,-0.0351127,0.0291011;-1.57288,-0.312224,-1.58435
-0.00512805,-0.0356039,0.0285844;-1.57048,-0.294405,-1.57117
-0.00342294,-0.0384932,0.0298893;-1.55965,-0.215886,-1.58329
0.00108026,-0.047023,0.0362628;-1.47465,-0.107621,-1.58732
0.0126891,-0.0457663,0.0437481;-1.44511,-0.0626226,-1.61806
0.0167856,-0.0306075,0.0431485;-1.49823,-0.0696779,-1.63986
0.0171613,-0.0184846,0.0352697;-1.55352,-0.0972409,-1.66392
0.0101043,-0.00851237,0.0318365;-1.55978,-0.215594,-1.61532
0.00986375,-0.011255,0.0316793;-1.56247,-0.204075,-1.62096
0.0106933,-0.0285429,0.0364158;-1.54857,-0.193283,-1.61972
0.0166366,-0.0484679,0.0412554;-1.45991,-0.201355,-1.61602
0.0201784,-0.0511403,0.0391231;-1.48996,-0.26796,-1.65119
0.0163307,-0.0370143,0.0378064;-1.55948,-0.329383,-1.67393
0.0135582,-0.0328949,0.0361804;-1.55134,-0.374663,-1.65572
0.0106407,-0.0315568,0.0326287;-1.56511,-0.385211,-1.63179
0.0150119,-0.0404417,0.0381929;-1.48878,-0.211892,-1.60726
0.0176722,-0.0447611,0.0455934;-1.49298,-0.143688,-1.59814
0.0223949,-0.0408801,0.0429458;-1.56221,-0.214627,-1.62079
0.021723,-0.0271042,0.0329958;-1.5739,-0.331134,-1.63578
0.0200023,-0.022542,0.0306401;-1.57894,-0.369049,-1.6052
0.0200364,-0.0229584,0.0288137;-1.57525,-0.35425,-1.57925
0.0192557,-0.0287527,0.0313098;-1.63214,-0.281426,-1.58963
0.0193107,-0.037257,0.038318;-1.68343,-0.266338,-1.58444
0.0210939,-0.0408652,0.041092;-1.68032,-0.295377,-1.5983
0.0191495,-0.0376491,0.0327132;-1.62553,-0.416164,-1.62397
0.0189044,-0.0332789,0.0312305;-1.58514,-0.428973,-1.61161
0.0181889,-0.031524,0.0288952;-1.57491,-0.446492,-1.58379
0.0171598,-0.0361518,0.0297668;-1.60459,-0.335892,-1.58465
0.0164925,-0.0388714,0.0337956;-1.67269,-0.269304,-1.6022
0.0180056,-0.0399159,0.0392503;-1.71465,-0.23294,-1.60528
0.019445,-0.0329633,0.0346111;-1.69785,-0.341146,-1.62221
0.0198161,-0.0297626,0.0296681;-1.58057,-0.407655,-1.59563
0.0196331,-0.0283735,0.0295157;-1.57815,-0.425261,-1.59276
0.0188218,-0.0318918,0.0289613;-1.58581,-0.354159,-1.58036
0.019216,-0.0380476,0.030821;-1.61681,-0.328766,-1.58471
0.0197937,-0.0441561,0.0379345;-1.6549,-0.283717,-1.57539
0.0270321,-0.0404897,0.0346684;-1.70172,-0.359591,-1.62314
0.026404,-0.0392677,0.03305;-1.65274,-0.369923,-1.61623
0.0249818,-0.0396179,0.0317174;-1.58628,-0.381357,-1.61802
0.0224606,-0.0443098,0.0289412;-1.58,-0.292506,-1.58599
0.0210166,-0.0492521,0.0307737;-1.62151,-0.212984,-1.58375
0.0214994,-0.0536988,0.0358674;-1.67752,-0.15954,-1.5788
0.0273232,-0.0525542,0.0342689;-1.69011,-0.267724,-1.60808
0.0282906,-0.0490511,0.0331678;-1.67236,-0.329012,-1.61171
0.0283455,-0.0488554,0.0294485;-1.595,-0.350256,-1.5885
0.0245867,-0.0587812,0.0289612;-1.57223,-0.257025,-1.58958
0.0235405,-0.064318,0.0291444;-1.5911,-0.208948,-1.58108
0.023484,-0.0734158,0.0339156;-1.59823,-0.152078,-1.56795
0.0347448,-0.064761,0.0350613;-1.68322,-0.151319,-1.59069
0.0365154,-0.0588574,0.035698;-1.71568,-0.189108,-1.60384
0.0365846,-0.0590165,0.0299562;-1.60327,-0.223503,-1.58718
0.0353721,-0.0609182,0.0289854;-1.57615,-0.190349,-1.58573
0.034445,-0.0646793,0.0296468;-1.59015,-0.141072,-1.58789
0.0317041,-0.0719362,0.0333068;-1.6427,-0.0744931,-1.59363
0.0351013,-0.0896432,0.0399033;-1.68588,-0.0843872,-1.57259
0.0362069,-0.0873752,0.0364757;-1.72636,-0.178707,-1.60037
0.0379943,-0.0884223,0.0334788;-1.67611,-0.213243,-1.59904
0.0373506,-0.09073,0.0289475;-1.58118,-0.188878,-1.58015
0.0361852,-0.0928334,0.0289639;-1.57338,-0.136759,-1.58671
0.034852,-0.0962589,0.0294263;-1.57486,-0.0837566,-1.58878
0.0386215,-0.100167,0.0413184;-1.63263,0.0785064,-1.54593
0.0453053,-0.0942556,0.0389461;-1.72066,0.0343357,-1.55236
0.0487454,-0.0930851,0.0352024;-1.70713,0.00628842,-1.57731
0.0481018,-0.0907729,0.0290907;-1.58445,-0.0361455,-1.58222
0.0463975,-0.0931425,0.0289601;-1.57641,0.0188001,-1.58299
0.0451673,-0.0942678,0.0291076;-1.59035,0.0449692,-1.57598
0.0391721,-0.126673,0.0424683;-1.62956,0.127413,-1.56549
0.0399817,-0.138132,0.0403734;-1.65753,0.0276785,-1.57943
0.0438409,-0.138474,0.0335939;-1.67444,-0.0482612,-1.58146
0.0428312,-0.138686,0.029403;-1.59414,-0.0578875,-1.57987
0.0407205,-0.141075,0.028818;-1.57461,0.00779854,-1.57815
0.0398295,-0.141306,0.028698;-1.5746,0.0364001,-1.56889
0.0405761,-0.146652,0.0417261;-1.60739,0.236659,-1.56239
0.0439734,-0.14825,0.04134;-1.67505,0.192322,-1.56033
0.0478606,-0.146495,0.0332927;-1.67307,0.130955,-1.56278
0.0478757,-0.146122,0.0291656;-1.58538,0.113122,-1.57963
0.0457683,-0.148138,0.0290418;-1.58365,0.153135,-1.57818
0.0455389,-0.148291,0.0289062;-1.58606,0.144191,-1.56785
0.0394779,-0.16362,0.0380564;-1.6733,0.183153,-1.53494
0.0395987,-0.173728,0.0381612;-1.61894,0.103502,-1.58301
0.0388305,-0.179641,0.033691;-1.6176,0.0650171,-1.60021
0.0425322,-0.175365,0.0310155;-1.62843,-0.0492358,-1.57845
0.0387564,-0.178857,0.0290278;-1.58497,0.0446502,-1.57758
0.0380737,-0.179456,0.0286138;-1.57066,0.0774463,-1.57254
0.0371574,-0.178074,0.0292915;-1.5896,0.135258,-1.56018
0.0360738,-0.180779,0.0423959;-1.68921,0.30145,-1.54582
0.0408777,-0.183979,0.0384745;-1.67904,0.257011,-1.57914
0.0462816,-0.180703,0.0344902;-1.6754,0.198767,-1.57187
0.0469003,-0.177327,0.0292524;-1.58559,0.141281,-1.58141
0.0450327,-0.178826,0.0290676;-1.58477,0.180331,-1.57795
0.0447295,-0.17909,0.0289926;-1.58666,0.183902,-1.56362
0.0374121,-0.195259,0.0395912;-1.65347,0.258361,-1.53222
0.0388842,-0.203542,0.0400559;-1.62171,0.180823,-1.59066
0.0444823,-0.202522,0.0339432;-1.61785,0.113948,-1.61932
0.0527636,-0.189173,0.0305329;-1.60287,0.024996,-1.58791
0.0500091,-0.191064,0.0290531;-1.58288,0.0930554,-1.58029
0.0483233,-0.191384,0.0290507;-1.5936,0.147592,-1.5678
0.0441599,-0.190973,0.0370082;-1.72861,0.265437,-1.51414
0.0480652,-0.190521,0.0355346;-1.71182,0.241792,-1.54448
0.0526802,-0.188961,0.0341028;-1.6543,0.189763,-1.5882
0.0564272,-0.18485,0.0339193;-1.6045,0.100904,-1.62386
0.0510697,-0.187568,0.030829;-1.59299,0.149408,-1.5939
0.0497558,-0.188717,0.0292029;-1.60024,0.159942,-1.56759
0.0421677,-0.197513,0.0356913;-1.6376,0.199425,-1.51469
0.0407492,-0.204805,0.0356207;-1.64866,0.153448,-1.52555
0.0442132,-0.206468,0.0315786;-1.63758,0.0963185,-1.56959
0.0490425,-0.200643,0.034624;-1.59591,0.0592974,-1.63994
0.0466882,-0.196542,0.0356927;-1.59235,0.0879371,-1.64911
0.044957,-0.195552,0.0292352;-1.59697,0.119499,-1.5733
0.0396929,-0.194048,0.0324054;-1.63138,0.202961,-1.54071
0.0382619,-0.199391,0.0375659;-1.70668,0.216593,-1.51868
0.0407813,-0.200844,0.0354502;-1.71418,0.181563,-1.5438
0.0470794,-0.199968,0.0325901;-1.61062,0.0623997,-1.61096
0.0468928,-0.197608,0.0355243;-1.60684,0.0251235,-1.6439
0.0410434,-0.199834,0.0331462;-1.59708,0.0286355,-1.62033
0.0377344,-0.201871,0.0296428;-1.57583,0.0724454,-1.55479
0.0348932,-0.20589,0.0342361;-1.62276,0.126793,-1.52786
0.0364391,-0.20838,0.0372187;-1.65494,0.140414,-1.52492
0.0484519,-0.205335,0.0334457;-1.66954,0.12075,-1.56925
0.0503697,-0.202892,0.0330799;-1.59523,0.0847427,-1.62206
0.0493197,-0.199627,0.0351638;-1.58807,0.0982643,-1.6475
0.0452993,-0.198102,0.0295667;-1.60481,0.145603,-1.56544
0.0436197,-0.203232,0.0330846;-1.64601,0.149444,-1.54452
0.0418885,-0.213113,0.038696;-1.71349,0.155863,-1.51902
0.0488558,-0.221184,0.0330829;-1.66916,0.0635185,-1.57007
0.0521145,-0.221391,0.0322108;-1.63446,0.00977824,-1.59063
0.0518181,-0.219371,0.0347849;-1.6132,-0.0219743,-1.63419
0.0434951,-0.224043,0.0307004;-1.61605,0.0437567,-1.57632
0.0408227,-0.226688,0.0297793;-1.58407,0.131087,-1.55842
0.0420776,-0.224816,0.0344709;-1.60575,0.212162,-1.52125
0.051657,-0.218335,0.0315026;-1.63768,0.183543,-1.56247
0.0528954,-0.219542,0.0297972;-1.6043,0.177907,-1.57509
0.0519635,-0.221685,0.0319711;-1.59433,0.202071,-1.60856
0.0452132,-0.223349,0.0337915;-1.65074,0.268351,-1.57718
0.041365,-0.22703,0.0346272;-1.69283,0.28489,-1.54445
0.0352394,-0.243868,0.0360173;-1.68357,0.318989,-1.5013
0.0348249,-0.263685,0.0317542;-1.644,0.195806,-1.55979
0.0363855,-0.265461,0.0303886;-1.61702,0.164252,-1.56997
0.0358986,-0.269304,0.0305969;-1.6148,0.168029,-1.57981
0.0283523,-0.273151,0.0327945;-1.61739,0.241475,-1.59456
0.0250203,-0.275123,0.0321114;-1.61578,0.315773,-1.57591
0.0243994,-0.276238,0.0329916;-1.57025,0.44064,-1.55883
0.0320763,-0.273644,0.033497;-1.6737,0.489588,-1.51718
0.0345749,-0.274594,0.0319051;-1.65289,0.465979,-1.53867
0.0346289,-0.27619,0.0302349;-1.60934,0.475902,-1.56619
0.0262438,-0.278545,0.0324773;-1.59227,0.54804,-1.6083
0.0254059,-0.278311,0.0313016;-1.64087,0.542356,-1.54547
0.0198805,-0.282262,0.0349796;-1.70425,0.566227,-1.5082
-0.00856424,-0.315674,0.0358849;-1.55096,0.571176,-1.56261
-0.00808404,-0.319066,0.0302535;-1.62031,0.479937,-1.55065
-0.00592988,-0.319342,0.030837;-1.63563,0.444198,-1.55005
-0.0117629,-0.323569,0.032396;-1.62445,0.516065,-1.57512
-0.016169,-0.324718,0.0321893;-1.62197,0.5784,-1.573
-0.0181093,-0.323608,0.0333112;-1.68055,0.646884,-1.51434
-0.0298092,-0.326696,0.0399545;-1.64796,0.856344,-1.49091
-0.0289924,-0.330119,0.0348581;-1.66817,0.833364,-1.49403
-0.025045,-0.330671,0.0309279;-1.64961,0.799127,-1.51887
-0.0280526,-0.334521,0.0305961;-1.60978,0.822621,-1.56781
-0.0366702,-0.333692,0.0338809;-1.61432,0.887293,-1.59761
-0.0352978,-0.33256,0.0326213;-1.70797,0.863089,-1.46818
-0.0559904,-0.340995,0.0392397;-1.527,0.960242,-1.59695
-0.0688836,-0.349247,0.0352022;-1.49194,0.870217,-1.64959
-0.0651903,-0.3482,0.0295977;-1.61014,0.781012,-1.55036
-0.0656195,-0.35159,0.0305421;-1.6171,0.810188,-1.5576
-0.0757466,-0.350311,0.0335541;-1.59759,0.912578,-1.61205
-0.0735538,-0.348093,0.0319938;-1.70099,0.926984,-1.46829
-0.0735538,-0.348093,0.0319938;-1.70099,0.926984,-1.46829
-0.0743921,-0.344809,0.0339169;-1.76321,0.97446,-1.40985
-0.0743921,-0.344809,0.0339169;-1.76321,0.97446,-1.40985
