0,0,0.11;-1.57,-2.98023e-08,-1.57
0,0,0.11;-1.57,-2.98023e-08,-1.57
0,0,0.11;-1.57,-2.98023e-08,-1.57
-0.000808882,0.00031887,0.0285884;-1.57089,-0.24565,-1.57041
-0.00114601,-0.000195713,0.0286435;-1.57046,-0.267335,-1.56775
-0.00186565,-0.00124381,0.0288437;-1.56794,-0.292432,-1.55965
-0.00391286,-0.00527199,0.0304495;-1.55278,-0.31013,-1.54051
-0.00496893,-0.00938895,0.0291052;-1.55576,-0.358957,-1.55426
-0.00531657,-0.00970845,0.0287786;-1.57058,-0.369222,-1.56101
-0.0053973,-0.010132,0.0286856;-1.57063,-0.375072,-1.56569
-0.00538161,-0.00997825,0.0287039;-1.57096,-0.321527,-1.5649
-0.00463159,-0.00832546,0.0288635;-1.56794,-0.259911,-1.55896
-0.00510871,-0.00389308,0.0301739;-1.57435,-0.199987,-1.54403
-0.00486399,-0.00256888,0.0290993;-1.5754,-0.163223,-1.55738
-0.00493524,-0.00245683,0.0287057;-1.57104,-0.159314,-1.56473
-0.00506542,-0.00275458,0.0285866;-1.57075,-0.157085,-1.5704
-0.00565175,-0.00341642,0.0291371;-1.54605,-0.180659,-1.56342
-0.00644155,-0.00400404,0.0298831;-1.55066,-0.177006,-1.54837
-0.00728508,-0.00371158,0.0327653;-1.55333,-0.176281,-1.51312
-0.00792342,-0.00830234,0.031372;-1.57634,-0.224177,-1.52905
-0.00597965,-0.0121058,0.0289529;-1.57698,-0.29767,-1.5602
-0.00537574,-0.0133921,0.0286482;-1.57094,-0.341573,-1.56755
-0.0043394,-0.0135717,0.0285898;-1.57162,-0.444739,-1.57105
-0.00385356,-0.0137544,0.0287219;-1.57129,-0.478709,-1.56411
-0.0043115,-0.0132175,0.0289619;-1.56233,-0.480541,-1.55562
-0.00515999,-0.0125829,0.0306321;-1.55009,-0.474363,-1.53418
-0.00512507,-0.0151838,0.0291676;-1.54793,-0.483437,-1.55197
-0.00447639,-0.0144844,0.028798;-1.57121,-0.478903,-1.56056
-0.00447474,-0.0147455,0.0285821;-1.57097,-0.484574,-1.57052
-0.00449607,-0.0145212,0.0286559;-1.57057,-0.483568,-1.56697
-0.00419174,-0.012001,0.0290067;-1.55858,-0.405403,-1.55606
-0.00340331,-0.00832216,0.030772;-1.56818,-0.340288,-1.53772
-0.00193807,-0.00893296,0.0293141;-1.56989,-0.313531,-1.55567
-0.00144891,-0.008688,0.0285798;-1.57078,-0.273533,-1.5707
-0.00150039,-0.00861501,0.0286883;-1.57052,-0.276181,-1.56542
-0.00173554,-0.00883347,0.0289556;-1.55932,-0.278608,-1.5606
-0.00242591,-0.00858163,0.0298715;-1.56096,-0.277343,-1.54458
-0.00338124,-0.00768527,0.0317184;-1.57612,-0.278185,-1.524
-0.0029473,-0.00789259,0.0316185;-1.57978,-0.289201,-1.52671
-0.000378274,-0.0111745,0.0286103;-1.57093,-0.374493,-1.56939
0.000353588,-0.0106761,0.0286593;-1.57445,-0.448187,-1.57162
0.00119344,-0.010713,0.0285857;-1.5709,-0.496774,-1.5705
0.0013517,-0.0114522,0.0290029;-1.55806,-0.557851,-1.5545
-7.29568e-05,-0.0117961,0.0310061;-1.52754,-0.560959,-1.52456
-0.00170319,-0.011943,0.0345931;-1.51046,-0.541604,-1.48361
-0.00109249,-0.0193884,0.0291733;-1.54239,-0.572706,-1.55026
-0.000752246,-0.0190745,0.0287006;-1.5709,-0.56348,-1.56524
-0.00123167,-0.0192085,0.0289611;-1.58595,-0.53552,-1.57342
-0.00098394,-0.0193166,0.0287386;-1.57124,-0.550038,-1.56322
-0.00174662,-0.0178628,0.0292257;-1.56868,-0.52336,-1.55628
-0.00293495,-0.0152186,0.029887;-1.57266,-0.486121,-1.54725
0.000212676,-0.0151825,0.0288154;-1.57086,-0.473116,-1.55944
0.000777878,-0.0132336,0.0287546;-1.57087,-0.401422,-1.5625
0.00103435,-0.0131592,0.0289379;-1.56109,-0.382198,-1.5587
0.0015068,-0.0120868,0.0292063;-1.55568,-0.37091,-1.54923
0.000937164,-0.0112604,0.029667;-1.56812,-0.36252,-1.5465
-0.000441875,-0.00999225,0.0310853;-1.57796,-0.343314,-1.5329
-0.00039921,-0.011149,0.0288013;-1.57181,-0.342338,-1.56069
-0.000343623,-0.0114813,0.0285796;-1.57075,-0.33229,-1.57077
-0.000107855,-0.0120359,0.0285794;-1.57078,-0.298972,-1.57073
-4.01977e-05,-0.0121067,0.0285802;-1.57062,-0.28526,-1.57059
-0.000478906,-0.0135954,0.0292846;-1.56435,-0.328917,-1.55223
-0.00312354,-0.0134706,0.0321453;-1.54941,-0.354172,-1.51431
-0.0101889,-0.0194407,0.0321029;-1.50827,-0.528999,-1.52148
-0.0108477,-0.0161088,0.0304232;-1.51746,-0.557808,-1.54337
-0.0100473,-0.0135043,0.0289287;-1.55571,-0.550494,-1.56654
-0.00955388,-0.0128183,0.0287066;-1.57077,-0.537528,-1.57677
-0.0098447,-0.0120395,0.0286147;-1.57052,-0.550266,-1.57228
-0.0103267,-0.010031,0.0298824;-1.55872,-0.549846,-1.55155
-0.0110685,-0.00720903,0.0341061;-1.54154,-0.497567,-1.4914
-0.00858306,-0.00592005,0.0337037;-1.52396,-0.442587,-1.50409
-0.00788632,-0.00568795,0.0322283;-1.51671,-0.43758,-1.52867
-0.00276135,0.00325181,0.0319992;-1.5069,-0.238803,-1.53544
0.00233647,0.00507349,0.0330498;-1.52112,-0.169694,-1.52511
0.00551161,0.00461528,0.0331791;-1.53525,-0.130002,-1.51556
0.0055916,0.00153668,0.0345346;-1.54378,-0.190344,-1.49188
0.00513505,0.00358279,0.0338601;-1.53839,-0.218206,-1.50291
0.00550294,0.00428754,0.0316397;-1.54075,-0.229949,-1.53045
0.00286022,0.00509821,0.031056;-1.52173,-0.272484,-1.55659
0.00151704,0.00510155,0.0328595;-1.47751,-0.283445,-1.53885
-0.000238135,0.00622132,0.0349516;-1.47866,-0.294767,-1.51518
-0.00339479,0.00812362,0.038975;-1.46686,-0.316598,-1.46361
-0.00122343,0.0120603,0.0379866;-1.46629,-0.315693,-1.48631
-0.000879508,0.0186152,0.0318943;-1.54974,-0.316752,-1.53768
-0.00121966,0.027929,0.0289473;-1.5757,-0.368714,-1.5852
-0.00125817,0.0290373,0.0288107;-1.57323,-0.395974,-1.58038
-0.00161103,0.0296174,0.0292457;-1.58828,-0.388768,-1.56848
-0.00669684,0.0292064,0.0364803;-1.62905,-0.364232,-1.5165
-0.0062212,0.0365656,0.0350865;-1.60873,-0.404209,-1.51623
-0.00540907,0.040729,0.0335477;-1.58384,-0.433441,-1.50961
-0.00284175,0.0398132,0.0317352;-1.53079,-0.574975,-1.51363
3.78694e-05,0.0400744,0.0320131;-1.53886,-0.574784,-1.51229
0.00144254,0.0420106,0.030286;-1.57523,-0.568521,-1.54255
-0.00257903,0.0439654,0.033332;-1.64917,-0.493545,-1.57824
-0.00714521,0.0461312,0.0332678;-1.6312,-0.441091,-1.55869
-0.00914551,0.0466358,0.0328931;-1.62507,-0.414047,-1.55649
-0.0112756,0.0432624,0.0290338;-1.57663,-0.41682,-1.56018
-0.0117886,0.0397346,0.0288807;-1.57523,-0.412199,-1.56007
-0.0117786,0.0390226,0.0302895;-1.57187,-0.395907,-1.53932
-0.0112506,0.0360457,0.0325764;-1.57345,-0.39691,-1.51057
-0.0100657,0.035979,0.0353993;-1.58812,-0.41084,-1.48797
-0.00828427,0.042435,0.0325023;-1.57373,-0.457363,-1.51192
-0.00602777,0.0441722,0.0288884;-1.57245,-0.50843,-1.55754
-0.00582912,0.0458292,0.0285797;-1.57069,-0.72018,-1.57065
-0.00592868,0.0449514,0.0288845;-1.5627,-0.760935,-1.5565
-0.00577248,0.043811,0.0299289;-1.56104,-0.779431,-1.53534
-0.00750056,0.0400333,0.0362029;-1.56689,-0.780069,-1.46123
-0.00850047,0.0385881,0.0359744;-1.55022,-0.750116,-1.45719
-0.00937178,0.0368912,0.0344431;-1.5329,-0.71437,-1.47123
-0.0115352,0.0424144,0.0291385;-1.55848,-0.629679,-1.54663
-0.0114832,0.0442228,0.0289612;-1.56639,-0.595557,-1.55376
-0.0114929,0.0446465,0.0290801;-1.57027,-0.582166,-1.555
-0.0196657,0.0474661,0.033143;-1.59444,-0.468504,-1.52398
-0.0205237,0.0488257,0.0339492;-1.5895,-0.439604,-1.50951
-0.0188167,0.0474505,0.0318823;-1.575,-0.437568,-1.5212
-0.0177768,0.0421484,0.0295695;-1.55902,-0.517856,-1.54268
-0.0171113,0.0392864,0.0301961;-1.55365,-0.569528,-1.53195
-0.0168599,0.0373485,0.0329328;-1.55268,-0.613488,-1.49787
-0.0157199,0.0350636,0.03614;-1.56769,-0.627331,-1.46767
-0.0172634,0.0361625,0.0357312;-1.57419,-0.610932,-1.47771
-0.0147051,0.0377452,0.0323111;-1.5728,-0.6081,-1.51547
-0.0133042,0.0366403,0.0287463;-1.5707,-0.636188,-1.56267
-0.0128408,0.0357761,0.028737;-1.57079,-0.676544,-1.56315
-0.0128017,0.0352072,0.0289774;-1.56573,-0.696092,-1.55249
-0.010804,0.0288549,0.0335609;-1.56178,-0.76289,-1.49247
-0.0107123,0.0259757,0.0362315;-1.55703,-0.766025,-1.45813
-0.0117848,0.024952,0.0371014;-1.51444,-0.781107,-1.43291
-0.0112399,0.02777,0.0326528;-1.51775,-0.772536,-1.48956
-0.0103192,0.0298598,0.0291163;-1.55508,-0.748368,-1.54577
-0.0101865,0.0299612,0.0287167;-1.57088,-0.758376,-1.5642
-0.0106996,0.0301695,0.0290243;-1.56672,-0.751004,-1.55279
-0.0132134,0.0316268,0.0324267;-1.5725,-0.694528,-1.51446
-0.0148079,0.0310122,0.0347928;-1.56854,-0.652349,-1.48479
-0.0109336,0.0209989,0.0325028;-1.55356,-0.64314,-1.50397
-0.0107261,0.0154337,0.0304623;-1.53669,-0.685647,-1.5211
-0.0112905,0.0110737,0.0296295;-1.54035,-0.734321,-1.52938
-0.011538,0.00914872,0.0338529;-1.53847,-0.761734,-1.47982
-0.0119491,0.00822173,0.0343349;-1.55698,-0.784271,-1.4822
-0.013026,0.00753023,0.0345116;-1.57913,-0.785779,-1.497
-0.0132983,0.00973809,0.0288;-1.56972,-0.810699,-1.55979
-0.0130513,0.00898795,0.0289084;-1.56309,-0.840801,-1.5545
-0.0130946,0.00827125,0.028944;-1.55845,-0.864756,-1.55196
-0.0127839,0.00617471,0.0300724;-1.53715,-0.920931,-1.51896
-0.0134734,0.00435658,0.0331135;-1.51891,-0.968606,-1.47181
-0.0144486,0.00506442,0.0365643;-1.50375,-0.975127,-1.42199
-0.0101038,-0.000597685,0.0362636;-1.38935,-0.973121,-1.3747
-0.00840946,-0.00273181,0.0344298;-1.35199,-0.971059,-1.379
-0.00888066,-0.00219739,0.032663;-1.40688,-0.99056,-1.42395
-0.0100956,-0.000327155,0.032347;-1.41842,-0.991847,-1.43376
-0.0131197,0.00173399,0.0340669;-1.4773,-0.978093,-1.43902
-0.0158662,0.00340258,0.0365919;-1.48953,-0.969954,-1.41299
-0.0148357,-0.000795892,0.0366706;-1.37162,-0.962667,-1.36316
-0.0146032,-0.00393839,0.0347771;-1.33414,-0.97816,-1.36622
-0.0144259,-0.00473417,0.0350249;-1.3223,-0.995178,-1.35284
-0.0160326,-0.0032636,0.0342188;-1.33532,-1.02328,-1.36173
-0.016436,-0.00347725,0.0345917;-1.33633,-1.02199,-1.35674
-0.0183941,-0.00154376,0.0364051;-1.41978,-0.998923,-1.38063
-0.0196145,0.00645656,0.0379923;-1.44697,-0.954235,-1.38024
-0.014852,0.00304813,0.0356305;-1.40993,-0.95944,-1.39087
-0.0146203,0.000963906,0.0341199;-1.37013,-0.945172,-1.39755
-0.0123449,-0.0020634,0.0331978;-1.39318,-0.973833,-1.41349
-0.0108594,-0.00658583,0.0314894;-1.42904,-1.05703,-1.43988
-0.0113332,-0.00757957,0.0297134;-1.5229,-1.09222,-1.51036
-0.0157932,-0.00103763,0.0341463;-1.52708,-1.05173,-1.46139
-0.0150351,-0.00171776,0.0314394;-1.53637,-1.05059,-1.50322
-0.0143798,-0.00390979,0.0289963;-1.54526,-1.05967,-1.54086
-0.0136201,-0.00497952,0.0285799;-1.57086,-0.994918,-1.57083
-0.0116984,-0.00580372,0.028611;-1.57049,-0.911681,-1.57207
-0.0111494,-0.00565484,0.0289289;-1.55621,-0.870205,-1.55141
-0.0160007,-0.00430041,0.0339936;-1.54038,-0.882696,-1.47906
-0.0181821,-0.00150993,0.0330252;-1.53507,-0.943043,-1.48649
-0.0192454,-0.000676509,0.0303773;-1.53027,-0.973772,-1.51429
-0.0205372,0.000595623,0.0298179;-1.52029,-0.892047,-1.52303
-0.0185546,0.000945535,0.0293664;-1.54616,-0.847214,-1.54154
-0.0178654,-0.000367339,0.0290025;-1.55804,-0.801297,-1.54697
-0.0221327,0.00136608,0.0302347;-1.58966,-0.732907,-1.56135
-0.0264052,0.00593477,0.0301461;-1.57748,-0.746096,-1.55145
-0.0278522,0.00647928,0.0287439;-1.56308,-0.780691,-1.56101
-0.0289776,0.0048593,0.0289402;-1.54871,-0.897579,-1.54752
-0.0290446,0.00499682,0.029074;-1.53658,-0.897733,-1.53932
-0.0289947,0.00660168,0.0291231;-1.5411,-0.833707,-1.53907
-0.0289947,0.00660168,0.0291231;-1.5411,-0.833707,-1.53907
-0.0288564,0.00798028,0.0308613;-1.5457,-0.774964,-1.52214
-0.0288564,0.00798028,0.0308613;-1.5457,-0.774964,-1.52214
