0,0,0.11;-1.57,-2.98023e-08,-1.57
0,0,0.11;-1.57,-2.98023e-08,-1.57
0,0,0.11;-1.57,-2.98023e-08,-1.57
0.000521059,0.00749144,0.0286203;-1.56894,-0.108235,-1.57065
0.000561188,0.00748112,0.0285986;-1.5708,-0.0712704,-1.57
-0.000924265,0.00314739,0.0299224;-1.57691,-0.0143452,-1.55729
-0.0027285,-0.0246229,0.0361122;-1.44221,0.0586658,-1.55684
-0.00334525,-0.0205969,0.0285699;-1.57084,-0.0205762,-1.57107
-0.00296895,-0.0209669,0.0288147;-1.56175,-0.0045775,-1.57289
-0.00303607,-0.0203717,0.0285805;-1.57078,-0.0202256,-1.57084
-0.00288726,-0.0209634,0.0286816;-1.57096,0.0385467,-1.56574
-0.00536702,-0.0264193,0.0303075;-1.58063,0.087774,-1.55147
-0.00987601,-0.0495893,0.0357723;-1.47844,0.178594,-1.5556
-0.00911734,-0.0558063,0.0319351;-1.50992,0.171056,-1.56774
-0.00891281,-0.0531659,0.0285696;-1.57176,0.127078,-1.56888
-0.0087462,-0.0528784,0.0286636;-1.56665,0.11744,-1.5719
-0.00868797,-0.0528565,0.0285852;-1.571,0.136017,-1.57028
-0.00995346,-0.0539766,0.0296501;-1.57296,0.182412,-1.55437
-0.017101,-0.0673447,0.0352723;-1.60537,0.259318,-1.53595
-0.0238203,-0.0988779,0.037263;-1.42265,0.372934,-1.59135
-0.0244251,-0.0981326,0.032587;-1.49526,0.340539,-1.58235
-0.0240829,-0.0950706,0.0285298;-1.57058,0.294905,-1.57153
-0.0235984,-0.0947711,0.0285789;-1.57017,0.310664,-1.57155
-0.0233723,-0.0944534,0.0287435;-1.57272,0.355069,-1.56206
-0.0277908,-0.09921,0.030686;-1.58197,0.41323,-1.54471
-0.0398235,-0.120028,0.0338074;-1.482,0.494634,-1.58553
-0.0430367,-0.133416,0.0298306;-1.53758,0.548381,-1.58107
-0.0423931,-0.132619,0.0285793;-1.57079,0.525864,-1.57074
-0.0424877,-0.132736,0.0286713;-1.56579,0.534252,-1.57337
-0.0424823,-0.132691,0.0285808;-1.57093,0.538821,-1.57063
-0.0543764,-0.143111,0.0326272;-1.58872,0.664481,-1.53313
-0.0698843,-0.164217,0.0388461;-1.36206,0.746881,-1.67383
-0.0761844,-0.179083,0.034565;-1.43327,0.813318,-1.647
-0.0739323,-0.177199,0.0285877;-1.57075,0.767196,-1.57031
-0.073764,-0.177099,0.028579;-1.57077,0.783011,-1.57088
-0.0739206,-0.177233,0.0287113;-1.56198,0.782436,-1.5769
-0.0782022,-0.179092,0.0301562;-1.57096,0.875207,-1.54893
-0.093932,-0.191546,0.0360256;-1.3933,0.95114,-1.68275
-0.107087,-0.206952,0.0365644;-1.35254,1.02956,-1.72105
-0.107428,-0.207099,0.0286279;-1.57156,0.975754,-1.56754
-0.107011,-0.206991,0.0286064;-1.5681,0.985866,-1.57284
-0.106975,-0.207074,0.0286307;-1.56631,0.992195,-1.5746
-0.107554,-0.207072,0.0289549;-1.57263,1.04736,-1.55636
-0.120084,-0.211821,0.0316474;-1.53483,1.13008,-1.57314
-0.142858,-0.223762,0.0390757;-1.17994,1.19565,-1.88915
-0.154379,-0.235321,0.0287686;-1.5731,1.24843,-1.55893
-0.154233,-0.235085,0.0286189;-1.57175,1.2336,-1.56799
-0.153781,-0.235029,0.0285802;-1.57083,1.24805,-1.57078
-0.153644,-0.23512,0.0288245;-1.57656,1.26024,-1.55316
-0.158683,-0.234767,0.0310347;-1.59362,1.31757,-1.51857
-0.180289,-0.238342,0.0374226;-0.958299,1.37427,-2.13572
-0.205168,-0.251481,0.0286424;-1.66114,1.52803,-1.47381
-0.205665,-0.251251,0.0286121;-1.5741,1.50389,-1.56583
-0.205311,-0.251198,0.0285815;-1.57201,1.50291,-1.56943
-0.205299,-0.25115,0.0287915;-1.5684,1.47712,-1.56268
-0.206368,-0.250136,0.0308566;-1.62926,1.51535,-1.48402
-0.219829,-0.247551,0.0374575;0.262981,1.4898,2.91467
-0.250116,-0.25242,0.0297054;1.44446,1.42404,1.70543
-0.249831,-0.252626,0.0285977;1.57513,1.45337,1.56702
-0.249287,-0.252841,0.0285796;1.57085,1.46207,1.57079
-0.249591,-0.252907,0.0287231;1.57364,1.49644,1.57481
-0.248881,-0.252623,0.0302004;1.59379,1.47598,1.57174
-0.249361,-0.25095,0.0336155;1.80452,1.45064,1.38304
-0.271535,-0.243712,0.0327;1.44285,1.34349,1.72553
-0.280805,-0.242207,0.0292461;1.50848,1.34331,1.63703
-0.280114,-0.242429,0.0285979;1.57215,1.3404,1.57055
-0.279875,-0.242648,0.0285796;1.57112,1.34914,1.57053
-0.279671,-0.242953,0.0288667;1.58444,1.34607,1.56841
-0.279045,-0.24325,0.0312416;1.61344,1.33981,1.56391
-0.28667,-0.233474,0.0389392;1.84053,1.22772,1.36656
-0.304236,-0.225677,0.0345839;1.55926,1.1635,1.60868
-0.313226,-0.223457,0.0287188;1.57171,1.12302,1.57696
-0.313135,-0.223335,0.0285817;1.57037,1.15235,1.57124
-0.31316,-0.223332,0.0286201;1.57174,1.15796,1.57193
-0.312666,-0.223837,0.0294457;1.57893,1.17726,1.58111
-0.316234,-0.214343,0.0392834;1.78437,1.0679,1.44181
-0.326415,-0.20729,0.0416003;1.69926,1.01414,1.48528
-0.343029,-0.198404,0.0288165;1.56674,0.939924,1.58288
-0.343206,-0.198281,0.0285786;1.5708,0.971724,1.57073
-0.343241,-0.198265,0.0285782;1.57065,0.971232,1.57114
-0.343085,-0.198745,0.0290628;1.57841,0.991911,1.57829
-0.34466,-0.189156,0.0378616;1.70846,0.897847,1.52021
-0.352673,-0.181336,0.0408805;1.66917,0.850054,1.52015
-0.366055,-0.170852,0.0289927;1.56125,0.775745,1.58445
-0.366601,-0.170359,0.0285805;1.57075,0.799474,1.57084
-0.366575,-0.170385,0.0286359;1.57086,0.803818,1.57344
-0.366513,-0.17067,0.0288968;1.57433,0.827712,1.57869
-0.364603,-0.169624,0.0363013;1.65775,0.787786,1.57164
-0.364254,-0.170321,0.0366784;1.71297,0.773726,1.51273
-0.36795,-0.164547,0.0291427;1.574,0.740246,1.58024
-0.36914,-0.163343,0.0285767;1.5709,0.739964,1.57051
-0.369217,-0.163408,0.0286171;1.57098,0.764161,1.57235
-0.369263,-0.163374,0.0287589;1.57053,0.7903,1.57942
-0.363096,-0.169996,0.0342608;1.62081,0.823341,1.5921
-0.362239,-0.172626,0.0337221;1.62846,0.818212,1.58077
-0.362548,-0.167781,0.0321495;1.60088,0.774453,1.5898
-0.367506,-0.161111,0.028614;1.57092,0.711576,1.57253
-0.367391,-0.161143,0.0286624;1.56518,0.754706,1.57463
-0.36749,-0.161186,0.0286671;1.571,0.763105,1.57486
-0.366898,-0.161675,0.0295981;1.57194,0.785998,1.58821
-0.366751,-0.153873,0.0367181;1.64929,0.71033,1.57865
-0.374573,-0.142623,0.0346378;1.58593,0.648847,1.59357
-0.381786,-0.135581,0.0287336;1.5712,0.578388,1.57825
-0.38188,-0.135198,0.0285786;1.57093,0.593997,1.5707
-0.381804,-0.135181,0.0286093;1.57082,0.59543,1.57215
-0.381775,-0.135346,0.0288325;1.57097,0.620384,1.58226
-0.37715,-0.140678,0.0360317;1.63306,0.614421,1.59251
-0.379023,-0.138534,0.0366453;1.67185,0.584721,1.55242
-0.38431,-0.131159,0.0287076;1.5714,0.525635,1.57706
-0.384921,-0.130709,0.0285814;1.57109,0.537926,1.5705
-0.38485,-0.130775,0.0286117;1.57117,0.551645,1.57229
-0.384569,-0.130624,0.0287893;1.57006,0.574326,1.58184
-0.373448,-0.148396,0.0350231;1.60481,0.653017,1.60755
-0.371983,-0.15271,0.035833;1.67036,0.650786,1.55894
-0.37504,-0.146817,0.028817;1.57403,0.618812,1.5778
-0.375327,-0.146463,0.0285781;1.57087,0.606063,1.57061
-0.375,-0.146938,0.0286046;1.5712,0.653165,1.57188
-0.37453,-0.147025,0.028744;1.56987,0.665737,1.57862
-0.362091,-0.159238,0.0363229;1.49428,0.765585,1.66342
-0.357056,-0.165589,0.0356554;1.65252,0.755895,1.57679
-0.359097,-0.161227,0.0312209;1.58746,0.726214,1.59356
-0.362817,-0.158187,0.0285913;1.57081,0.693472,1.57134
-0.362781,-0.158528,0.0285783;1.57091,0.728072,1.57062
-0.362741,-0.158578,0.0285801;1.57115,0.733012,1.57059
-0.355156,-0.163665,0.0332511;1.49265,0.811934,1.65009
-0.347242,-0.171046,0.0360608;1.60004,0.840436,1.61088
-0.345317,-0.174069,0.035271;1.66146,0.834013,1.55789
-0.350226,-0.168486,0.0286034;1.5707,0.776834,1.572
-0.350362,-0.168177,0.0285781;1.57098,0.797005,1.57069
-0.350004,-0.168424,0.0285988;1.57092,0.814111,1.57159
-0.346656,-0.16878,0.0304247;1.52904,0.866958,1.61499
-0.33674,-0.175451,0.0366556;1.43239,0.924227,1.7121
-0.328309,-0.183843,0.0349969;1.63699,0.957911,1.58081
-0.331169,-0.181851,0.0287242;1.57074,0.910241,1.57802
-0.331471,-0.181472,0.0286187;1.57088,0.915746,1.57262
-0.331496,-0.181426,0.0285809;1.57091,0.929458,1.57075
-0.330997,-0.181393,0.0290085;1.56387,0.969712,1.58771
-0.325002,-0.185737,0.0321555;1.51493,1.0097,1.64682
-0.313263,-0.195631,0.0355055;1.66137,1.06849,1.56136
-0.313517,-0.196297,0.0288128;1.57548,1.04299,1.57575
-0.313703,-0.196015,0.0286558;1.5708,1.02767,1.57449
-0.314045,-0.195773,0.0285813;1.57108,1.0415,1.57059
-0.313559,-0.195771,0.0288314;1.56685,1.08804,1.58559
-0.308663,-0.197584,0.0319839;1.48797,1.12099,1.66804
-0.295809,-0.205069,0.0369762;1.47203,1.18793,1.71044
-0.289368,-0.211384,0.0288623;1.5798,1.2072,1.57284
-0.289688,-0.211019,0.0286538;1.57071,1.18408,1.57444
-0.289978,-0.210885,0.0285812;1.57106,1.19298,1.57067
-0.290089,-0.210921,0.02877;1.56959,1.23224,1.58083
-0.286149,-0.211234,0.0317561;1.41384,1.25846,1.73688
-0.274041,-0.213761,0.0391424;1.03569,1.30047,2.1152
-0.253898,-0.22288,0.0307667;1.65984,1.40272,1.5134
-0.255269,-0.222111,0.028685;1.56961,1.37312,1.57701
-0.255745,-0.222028,0.0286053;1.57036,1.3759,1.57243
-0.25562,-0.221992,0.028634;1.57027,1.38993,1.57387
-0.254904,-0.221389,0.0294591;1.45854,1.41445,1.69226
-0.248133,-0.220537,0.0359431;0.700094,1.41847,2.45382
-0.222344,-0.225085,0.032428;-2.34703,1.54905,-0.751564
-0.223237,-0.224737,0.0288311;1.68729,1.55648,1.46495
-0.223699,-0.224843,0.028609;1.59867,1.53056,1.5455
-0.223912,-0.224794,0.0285822;1.57715,1.55389,1.56453
-0.223682,-0.224789,0.0287519;1.57523,1.55574,1.57479
-0.222916,-0.223723,0.0314274;-0.0946438,1.52786,-3.03121
-0.207139,-0.218638,0.0395977;-0.699221,1.34091,-2.41181
-0.197305,-0.218878,0.0305255;-1.64091,1.42,-1.47282
-0.197113,-0.218817,0.0287141;-1.5714,1.43801,-1.56371
-0.197025,-0.218687,0.0285798;-1.57049,1.44877,-1.57109
-0.196976,-0.218663,0.0286282;-1.57106,1.44562,-1.56824
-0.196911,-0.218615,0.0292324;-1.4687,1.44378,-1.66026
-0.189379,-0.212605,0.0416461;-0.844669,1.27809,-2.24679
-0.181825,-0.211513,0.0367358;-1.16346,1.27145,-1.94134
-0.177499,-0.211095,0.0289431;-1.58933,1.32281,-1.53976
-0.177679,-0.210857,0.0285822;-1.57087,1.34199,-1.57065
-0.177689,-0.210906,0.0286439;-1.57112,1.34154,-1.56744
-0.177619,-0.210942,0.0288609;-1.56433,1.34248,-1.5648
-0.174002,-0.206558,0.0402473;-1.04888,1.23872,-2.0385
-0.165385,-0.205431,0.0376137;-1.17816,1.15304,-1.92397
-0.157874,-0.203785,0.0290015;-1.58804,1.19449,-1.54067
-0.15788,-0.203529,0.0285777;-1.57121,1.23157,-1.57044
-0.157857,-0.203419,0.0285817;-1.57133,1.22219,-1.57022
-0.157623,-0.203382,0.0289061;-1.56669,1.2191,-1.56261
-0.157623,-0.203382,0.0289061;-1.56669,1.2191,-1.56261
-0.157144,-0.202495,0.0325325;-1.42392,1.21514,-1.68458
-0.157144,-0.202495,0.0325325;-1.42392,1.21514,-1.68458
