0,0,0.11;-1.57,-2.98023e-08,-1.57
0,0,0.11;-1.57,-2.98023e-08,-1.57
0,0,0.11;-1.57,-2.98023e-08,-1.57
0.000232237,0.00839871,0.0286221;-1.56841,-0.168171,-1.56986
0.000611236,0.00877639,0.0286951;-1.57101,-0.117543,-1.5652
-0.000910012,0.00471569,0.0302747;-1.58136,-0.0779702,-1.54516
0.00012582,-0.0221799,0.0361934;-1.43917,-0.00423984,-1.55817
-0.0028077,-0.0119687,0.0288112;-1.57067,-0.130416,-1.5817
-0.00400765,-0.00859732,0.0286068;-1.5707,-0.238673,-1.57189
-0.00531457,-0.00834477,0.0286247;-1.56845,-0.304419,-1.56998
-0.00525417,-0.00856291,0.0287109;-1.57053,-0.291232,-1.56439
-0.00620476,-0.0104812,0.0304303;-1.56656,-0.252584,-1.54092
-0.00596542,-0.0218836,0.0326939;-1.57274,-0.192816,-1.51623
-0.00262044,-0.0304172,0.0328401;-1.48901,-0.216276,-1.54884
-0.00388843,-0.0243102,0.0295437;-1.54813,-0.263257,-1.57732
-0.00469536,-0.0203609,0.0291315;-1.55715,-0.296415,-1.58049
-0.00580481,-0.0185841,0.0286484;-1.57066,-0.323149,-1.57401
-0.00608738,-0.0191297,0.029477;-1.56724,-0.293695,-1.55445
-0.00672637,-0.0224901,0.0327045;-1.57038,-0.237649,-1.51922
-0.00459586,-0.0330521,0.0345183;-1.51004,-0.246648,-1.51379
-0.00388368,-0.0347849,0.0321072;-1.49834,-0.278894,-1.54808
-0.00604277,-0.0294377,0.0286793;-1.57092,-0.350871,-1.57577
-0.00679291,-0.0272584,0.0287138;-1.57067,-0.403783,-1.57699
-0.00651537,-0.0272491,0.0286602;-1.57045,-0.376861,-1.56714
-0.00624415,-0.0286397,0.0304443;-1.56673,-0.328535,-1.53961
-0.0065091,-0.0323477,0.031632;-1.55453,-0.349129,-1.52241
-0.00644647,-0.0327412,0.02901;-1.5615,-0.403786,-1.55509
-0.00729547,-0.0314422,0.0286238;-1.56884,-0.471604,-1.57109
-0.0071772,-0.03218,0.028723;-1.57072,-0.450637,-1.57764
-0.00764727,-0.036782,0.0290122;-1.5758,-0.367637,-1.58865
-0.00381517,-0.0729714,0.0324691;-1.5088,-0.196242,-1.54937
-0.000599893,-0.0838507,0.035798;-1.4786,-0.144521,-1.51279
0.00138997,-0.0865655,0.0323301;-1.53111,-0.159462,-1.52956
-0.00111042,-0.0839061,0.0287295;-1.57143,-0.2725,-1.578
-0.00110219,-0.0808865,0.0287204;-1.57068,-0.362881,-1.57737
-0.00124087,-0.0808702,0.0289132;-1.57528,-0.367345,-1.58398
0.00382252,-0.0988598,0.032668;-1.52673,-0.223098,-1.58941
0.011271,-0.117185,0.0374807;-1.40552,-0.132209,-1.53839
0.0125081,-0.122373,0.037986;-1.39323,-0.154498,-1.53261
0.00338116,-0.110499,0.028952;-1.56985,-0.288001,-1.58884
0.00294293,-0.108184,0.0288103;-1.57344,-0.315369,-1.57994
0.00188098,-0.104928,0.0288459;-1.5736,-0.375811,-1.58173
0.00371153,-0.111043,0.0299333;-1.56807,-0.299086,-1.59458
0.00898575,-0.124437,0.0343655;-1.4824,-0.203886,-1.56373
0.0166992,-0.137404,0.0388442;-1.38369,-0.148981,-1.52891
0.0144985,-0.131861,0.036525;-1.47462,-0.251767,-1.60494
0.00800112,-0.121052,0.033566;-1.56765,-0.334273,-1.64409
0.00346339,-0.108392,0.0334276;-1.56626,-0.431253,-1.63109
0.00593479,-0.117474,0.0321308;-1.55461,-0.350835,-1.62097
0.0106195,-0.127862,0.0374005;-1.45064,-0.294945,-1.57592
0.0153431,-0.13752,0.0409902;-1.36601,-0.258034,-1.53297
0.0155049,-0.123448,0.0386509;-1.46023,-0.418884,-1.60702
0.0126653,-0.114171,0.03543;-1.55246,-0.462502,-1.65769
0.0123925,-0.106352,0.0366517;-1.55068,-0.502756,-1.65668
0.00664014,-0.105922,0.0328159;-1.54829,-0.555846,-1.61843
0.00522873,-0.112468,0.0364537;-1.50318,-0.508616,-1.57066
0.00694857,-0.126692,0.0411393;-1.49001,-0.412747,-1.5327
0.0058457,-0.132687,0.0299359;-1.53522,-0.495287,-1.55428
0.00418811,-0.12879,0.0290082;-1.56746,-0.517354,-1.58752
0.00331163,-0.125809,0.0291247;-1.57464,-0.529401,-1.58636
0.00551479,-0.135183,0.0291036;-1.57013,-0.427192,-1.59018
0.00684665,-0.142885,0.0290401;-1.56575,-0.354453,-1.56716
0.00956104,-0.153282,0.0323063;-1.53736,-0.293178,-1.52186
0.00822591,-0.156293,0.0316668;-1.53463,-0.340175,-1.52271
0.00695843,-0.156628,0.0290005;-1.55917,-0.403809,-1.55669
0.00648345,-0.156012,0.0285856;-1.57102,-0.435426,-1.57111
0.00663144,-0.156044,0.0287936;-1.57064,-0.427734,-1.5809
0.00806124,-0.158391,0.0289601;-1.55699,-0.34825,-1.5713
0.00817216,-0.170317,0.0305035;-1.53673,-0.274312,-1.5561
0.0102402,-0.194437,0.0358586;-1.50375,-0.176555,-1.50174
0.0104233,-0.194718,0.0316567;-1.54969,-0.23602,-1.52946
0.0103167,-0.19332,0.0287499;-1.57069,-0.254004,-1.56278
0.0103869,-0.192816,0.0286362;-1.56804,-0.249184,-1.57005
0.0104996,-0.192718,0.0285881;-1.5698,-0.232913,-1.57053
0.0104654,-0.193666,0.0288494;-1.56608,-0.165204,-1.56294
0.00873723,-0.230692,0.0379848;-1.4541,0.0115232,-1.52542
0.00883203,-0.235795,0.0358046;-1.45235,-0.0422586,-1.54846
0.00671984,-0.23032,0.0306793;-1.52597,-0.10338,-1.56653
0.00526805,-0.220837,0.028726;-1.56688,-0.308152,-1.57309
0.00534165,-0.221327,0.0288197;-1.57051,-0.303419,-1.58221
0.00596483,-0.226073,0.0295034;-1.55855,-0.243916,-1.57958
0.0170559,-0.267426,0.0404629;-1.37976,-0.0307268,-1.55775
0.0190745,-0.272002,0.0408383;-1.36764,-0.0686553,-1.57802
0.0182056,-0.266551,0.039416;-1.41921,-0.105286,-1.61253
0.0162146,-0.251653,0.035861;-1.53498,-0.176307,-1.65053
0.0151312,-0.250638,0.0356885;-1.52162,-0.190122,-1.63796
0.0151304,-0.252201,0.0357768;-1.48869,-0.177705,-1.61247
0.0108823,-0.27384,0.0418635;-1.39744,-0.064975,-1.56487
0.016893,-0.276515,0.0402991;-1.3856,-0.10859,-1.58373
0.0196296,-0.272383,0.0398726;-1.4164,-0.132441,-1.61064
0.0199183,-0.262913,0.0374147;-1.52533,-0.162731,-1.6646
0.0180008,-0.26296,0.0387591;-1.4844,-0.174449,-1.64617
0.0164097,-0.261035,0.0346163;-1.50752,-0.186145,-1.61274
0.0203556,-0.281755,0.0416235;-1.40948,-0.0526864,-1.58254
0.0182958,-0.288946,0.0414414;-1.36725,-0.0903515,-1.58651
0.0169969,-0.288193,0.0398674;-1.39156,-0.0890855,-1.58291
0.0227596,-0.275679,0.033723;-1.53799,-0.120502,-1.63016
0.0216297,-0.274415,0.0376521;-1.53478,-0.118127,-1.66889
0.019446,-0.274854,0.0351794;-1.5166,-0.121283,-1.62844
0.0150359,-0.281413,0.0343594;-1.50138,-0.0614765,-1.60005
0.00860661,-0.309396,0.0391744;-1.37396,0.101419,-1.57487
0.00999324,-0.31156,0.0389231;-1.37126,0.0831973,-1.58484
0.00801031,-0.301927,0.0342024;-1.48602,0.0125237,-1.60169
0.00580299,-0.279309,0.0288783;-1.57295,-0.175986,-1.58302
0.00575343,-0.280093,0.0288005;-1.57061,-0.1591,-1.58122
0.00570529,-0.282616,0.028724;-1.57291,-0.082858,-1.56523
0.00592446,-0.306815,0.0341089;-1.53314,0.0404357,-1.51232
0.00766875,-0.313204,0.0334588;-1.51923,0.0168534,-1.53246
0.00620821,-0.312352,0.0286902;-1.5696,-0.0354964,-1.56682
0.00639909,-0.308203,0.0287542;-1.57046,-0.147344,-1.57915
0.00630455,-0.308362,0.0288454;-1.57108,-0.146623,-1.58288
0.0061135,-0.312164,0.0287864;-1.57082,-0.0936477,-1.58057
0.00462719,-0.327821,0.0374716;-1.4334,-0.0143635,-1.53985
0.0052459,-0.336199,0.0383094;-1.3864,-0.0443293,-1.5545
0.0060937,-0.331838,0.0358626;-1.44629,-0.0592659,-1.58193
0.00197462,-0.308626,0.0290722;-1.56882,-0.259908,-1.58404
0.00224021,-0.306228,0.0292986;-1.57473,-0.285354,-1.59114
0.00294542,-0.308472,0.0306418;-1.56267,-0.264509,-1.60627
0.00963984,-0.337531,0.0416232;-1.40902,-0.133579,-1.5719
0.01016,-0.34354,0.0435785;-1.37127,-0.180643,-1.56238
0.016241,-0.338808,0.0410608;-1.39019,-0.217354,-1.58488
0.0199524,-0.327589,0.0381179;-1.5206,-0.223685,-1.66491
0.0197573,-0.32496,0.0374817;-1.54811,-0.217994,-1.67298
0.0208246,-0.325787,0.0362157;-1.5287,-0.214015,-1.64931
0.0141026,-0.345062,0.0408909;-1.42414,-0.0977092,-1.59305
0.0071228,-0.360534,0.0443997;-1.3882,-0.0697948,-1.56953
0.00822326,-0.363306,0.0419506;-1.35698,-0.109477,-1.57842
0.0120374,-0.354657,0.0395946;-1.45275,-0.11635,-1.64114
0.0137001,-0.352534,0.0374678;-1.53744,-0.0897864,-1.6709
0.014322,-0.353386,0.0364797;-1.54128,-0.0747295,-1.66367
0.0115886,-0.366738,0.0410509;-1.38022,-0.0212227,-1.60813
0.00912191,-0.378682,0.0415038;-1.32621,0.045322,-1.57229
0.00937296,-0.381029,0.0412375;-1.33377,0.0486872,-1.57076
0.0108039,-0.370862,0.0370735;-1.44804,-0.0262927,-1.61188
0.00898344,-0.359392,0.0342913;-1.54284,-0.0970553,-1.63858
0.0109057,-0.352557,0.0343472;-1.5476,-0.126363,-1.64164
0.00659512,-0.357382,0.0332806;-1.51023,-0.104722,-1.59455
0.00339189,-0.369087,0.0360079;-1.43565,-0.0314213,-1.55869
0.00131988,-0.37483,0.0380723;-1.43581,0.00254819,-1.53141
-0.00247446,-0.375841,0.028756;-1.57081,-0.11869,-1.5622
-0.00272375,-0.375357,0.0286134;-1.57268,-0.147486,-1.57264
-0.00270972,-0.374369,0.0285868;-1.5708,-0.187878,-1.57144
-0.00190731,-0.375578,0.0288009;-1.56892,-0.0986483,-1.56061
-0.00215404,-0.379346,0.0309099;-1.55746,-0.0756657,-1.53515
-0.00299908,-0.383387,0.0337146;-1.5437,-0.0607708,-1.50642
-0.00283269,-0.386609,0.0289971;-1.5672,-0.145486,-1.56036
-0.00297024,-0.386693,0.0286411;-1.57088,-0.15161,-1.57377
-0.00343761,-0.38399,0.0287293;-1.5707,-0.201367,-1.57812
-0.00340075,-0.386215,0.0288238;-1.57373,-0.161927,-1.58028
-0.00278043,-0.392752,0.0298455;-1.56113,-0.0800073,-1.56718
0.00125095,-0.409493,0.0372013;-1.42823,-0.00198817,-1.54899
-0.0018243,-0.409637,0.0382037;-1.41668,-0.134139,-1.57535
-0.00670236,-0.397352,0.031518;-1.54564,-0.224752,-1.61026
-0.00691818,-0.386259,0.0314058;-1.57453,-0.304855,-1.61524
-0.00294416,-0.391059,0.0336414;-1.55908,-0.225233,-1.64391
0.000847385,-0.403516,0.0367774;-1.47986,-0.132188,-1.61762
0.00619929,-0.416776,0.0411071;-1.36192,-0.0605786,-1.57452
0.0082243,-0.42307,0.042377;-1.32489,-0.0647366,-1.56658
0.00465722,-0.415446,0.0400785;-1.40613,-0.137898,-1.60302
0.00343242,-0.407097,0.0372619;-1.50701,-0.172674,-1.64942
-0.00135637,-0.392305,0.0372167;-1.54644,-0.266013,-1.67635
-0.00294116,-0.39754,0.0340624;-1.53746,-0.224518,-1.63437
-0.00447583,-0.408364,0.0360839;-1.47497,-0.155015,-1.58887
0.00134814,-0.424719,0.0401883;-1.3546,-0.0559869,-1.54734
0.00218875,-0.422564,0.0393365;-1.38953,-0.0919278,-1.57359
-0.000148141,-0.414934,0.037201;-1.47106,-0.157416,-1.62576
-0.00797673,-0.391651,0.0371368;-1.5606,-0.308675,-1.66779
-0.00581265,-0.395433,0.034802;-1.55753,-0.249949,-1.65764
-0.00687335,-0.405863,0.037223;-1.48231,-0.209109,-1.6196
-0.0112909,-0.42459,0.040091;-1.37091,-0.142216,-1.53645
-0.00910391,-0.425731,0.0401302;-1.38773,-0.177554,-1.56332
-0.0117614,-0.419784,0.0367685;-1.4718,-0.228886,-1.60305
-0.0174017,-0.39375,0.0320327;-1.58054,-0.40883,-1.62145
-0.016321,-0.395181,0.0308795;-1.59147,-0.388853,-1.61142
-0.0161523,-0.404423,0.0300808;-1.57763,-0.309047,-1.59595
-0.0118302,-0.429612,0.0350332;-1.51163,-0.179798,-1.51902
-0.00952029,-0.437442,0.0347868;-1.47077,-0.221922,-1.5289
-0.00976143,-0.438436,0.0312236;-1.52901,-0.255512,-1.56753
-0.0149294,-0.427849,0.0296569;-1.57636,-0.36796,-1.59255
-0.0161733,-0.424451,0.0296093;-1.57725,-0.403538,-1.59449
-0.0156439,-0.427498,0.0290231;-1.58786,-0.352087,-1.58208
-0.0156439,-0.427498,0.0290231;-1.58786,-0.352087,-1.58208
-0.0134791,-0.436631,0.0308358;-1.58353,-0.271851,-1.57062
-0.0134791,-0.436631,0.0308358;-1.58353,-0.271851,-1.57062
