0,0,0.11;-1.57,-2.98023e-08,-1.57
0,0,0.11;-1.57,-2.98023e-08,-1.57
0,0,0.11;-1.57,-2.98023e-08,-1.57
-0.000337215,0.00148852,0.0286069;-1.56953,-0.145775,-1.57037
-0.000161688,0.0016579,0.0286671;-1.57051,-0.129739,-1.5663
-0.00188028,-0.0026339,0.0298754;-1.56455,-0.0819218,-1.55525
-0.00443555,-0.0280112,0.0350603;-1.45206,-0.0237113,-1.56008
-0.00694105,-0.0235394,0.0285757;-1.57102,-0.161178,-1.57074
-0.00675663,-0.023363,0.0287224;-1.56389,-0.176192,-1.56944
-0.00658537,-0.0233092,0.0286914;-1.56537,-0.170273,-1.56981
-0.006314,-0.0231042,0.028639;-1.571,-0.13062,-1.56783
-0.00757477,-0.026551,0.0294891;-1.5594,-0.0601456,-1.56159
-0.00972499,-0.0478342,0.0348117;-1.47011,0.0559281,-1.56547
-0.0113148,-0.0560416,0.0327049;-1.49192,0.00754414,-1.56637
-0.0121063,-0.0516716,0.02857;-1.57241,-0.043666,-1.56946
-0.01183,-0.0510959,0.0286556;-1.56774,-0.0578303,-1.56907
-0.0116324,-0.0516124,0.0285793;-1.57072,0.000641286,-1.57079
-0.0122435,-0.0523147,0.0288861;-1.56782,0.0765884,-1.56543
-0.0167788,-0.0697377,0.0330084;-1.51473,0.186024,-1.56982
-0.0189051,-0.089064,0.0371697;-1.41384,0.219577,-1.5932
-0.0194182,-0.0825752,0.033209;-1.47884,0.162786,-1.58051
-0.0200704,-0.0767205,0.0285006;-1.56859,0.0924635,-1.57168
-0.0197264,-0.076367,0.0286422;-1.56784,0.08648,-1.57104
-0.0200208,-0.0767049,0.0285807;-1.57063,0.135717,-1.57063
-0.0225708,-0.0794393,0.0296337;-1.5803,0.200026,-1.56431
-0.0267576,-0.0929347,0.0337892;-1.55403,0.255472,-1.57017
-0.0270441,-0.0941766,0.0292425;-1.55143,0.20668,-1.57222
-0.0256553,-0.0914235,0.0287749;-1.56638,0.145377,-1.57637
-0.0258126,-0.0921953,0.0287352;-1.57073,0.16197,-1.57824
-0.0267299,-0.0935587,0.0289012;-1.57294,0.196639,-1.58336
-0.0336715,-0.105111,0.0346868;-1.66238,0.300671,-1.56605
-0.036897,-0.119304,0.0423524;-1.60847,0.342781,-1.57669
-0.0369078,-0.120062,0.0402875;-1.56699,0.279772,-1.58839
-0.0315092,-0.112914,0.0291984;-1.58912,0.175114,-1.57937
-0.0320426,-0.114071,0.0290381;-1.58086,0.194581,-1.58093
-0.034212,-0.116746,0.0291116;-1.58464,0.234975,-1.57958
-0.039909,-0.122551,0.0339017;-1.66215,0.312547,-1.55967
-0.0457193,-0.13444,0.0403233;-1.65027,0.362872,-1.56682
-0.0494204,-0.144106,0.0440938;-1.57641,0.348852,-1.58903
-0.0455342,-0.140027,0.0292707;-1.59314,0.18128,-1.57814
-0.0441106,-0.138911,0.0291219;-1.58952,0.152622,-1.57558
-0.0458732,-0.14072,0.0290488;-1.58429,0.202325,-1.57739
-0.051716,-0.144912,0.0302723;-1.60451,0.29691,-1.57265
-0.0584824,-0.151515,0.0336924;-1.58421,0.35635,-1.58918
-0.0660161,-0.160572,0.0411698;-1.51413,0.39188,-1.61291
-0.0673619,-0.159171,0.0290238;-1.57514,0.229857,-1.58665
-0.0653173,-0.157711,0.0287653;-1.57995,0.194486,-1.56905
-0.0653639,-0.15815,0.0286637;-1.57064,0.205928,-1.57498
-0.0674547,-0.16039,0.0286682;-1.57164,0.31707,-1.57436
-0.0692247,-0.164411,0.0299226;-1.55051,0.389879,-1.57928
-0.0752373,-0.18045,0.0355412;-1.45747,0.489867,-1.62479
-0.0796254,-0.181386,0.0288356;-1.55706,0.36531,-1.57609
-0.0795924,-0.180238,0.0285749;-1.57114,0.324704,-1.5706
-0.0791026,-0.180615,0.0287415;-1.5623,0.343896,-1.57355
-0.0789559,-0.181102,0.0285796;-1.57094,0.423065,-1.57074
-0.0816921,-0.185313,0.0297164;-1.55466,0.520483,-1.57865
-0.0920331,-0.202733,0.0355358;-1.4488,0.636083,-1.63418
-0.0959777,-0.20303,0.0305486;-1.51716,0.52324,-1.59526
-0.0953125,-0.20005,0.0285739;-1.57088,0.468109,-1.57023
-0.0951647,-0.200261,0.028744;-1.56193,0.470981,-1.57465
-0.0950128,-0.20088,0.0285803;-1.57075,0.53271,-1.57088
-0.0977019,-0.202014,0.0287796;-1.57857,0.607826,-1.56989
-0.107824,-0.211405,0.0318448;-1.54721,0.707419,-1.58074
-0.116176,-0.220915,0.0342193;-1.43329,0.705147,-1.65183
-0.114729,-0.216779,0.0291539;-1.54108,0.649058,-1.58426
-0.114258,-0.215878,0.0285578;-1.56978,0.61346,-1.57123
-0.114257,-0.216009,0.0285804;-1.5707,0.635611,-1.57093
-0.115677,-0.216669,0.0285741;-1.57048,0.682854,-1.57079
-0.120841,-0.218469,0.0295589;-1.59649,0.743763,-1.56019
-0.14966,-0.24667,0.0360472;-1.39515,0.826674,-1.69716
-0.150724,-0.246211,0.0329107;-1.47933,0.755606,-1.64268
-0.146559,-0.240886,0.0286926;-1.56972,0.679468,-1.579
-0.145609,-0.241285,0.0286823;-1.56971,0.70288,-1.57595
-0.147468,-0.242132,0.0286978;-1.57341,0.770921,-1.57258
-0.149888,-0.242292,0.0290902;-1.59323,0.822339,-1.56389
-0.176302,-0.25871,0.0410801;-1.49061,0.953352,-1.65008
-0.185539,-0.263526,0.0366079;-1.51781,0.85849,-1.64749
-0.181359,-0.260205,0.0292066;-1.57735,0.787434,-1.58395
-0.178067,-0.260057,0.0289992;-1.58757,0.760581,-1.56723
-0.184271,-0.260891,0.0290702;-1.59191,0.849502,-1.56459
-0.18949,-0.261412,0.0309633;-1.62619,0.892131,-1.5471
-0.204874,-0.268915,0.0406478;-1.57979,0.988027,-1.61367
-0.206963,-0.268583,0.0401501;-1.62367,0.910151,-1.57744
-0.202814,-0.267503,0.0310504;-1.59633,0.841507,-1.58516
-0.197432,-0.267909,0.029294;-1.60158,0.8054,-1.55691
-0.207651,-0.268729,0.0293637;-1.59396,0.908172,-1.56497
-0.213312,-0.268852,0.0328147;-1.64534,0.957189,-1.53432
-0.224507,-0.275375,0.0390494;-1.62528,1.06942,-1.58686
-0.227755,-0.273866,0.0398006;-1.58502,0.994842,-1.60419
-0.224832,-0.271328,0.0304569;-1.56751,0.928957,-1.60698
-0.217772,-0.270898,0.0290995;-1.59712,0.886446,-1.55901
-0.223624,-0.270984,0.029211;-1.60767,0.984885,-1.55048
-0.227142,-0.270886,0.0298424;-1.60571,1.01468,-1.55917
-0.239804,-0.272584,0.0360782;-1.72398,1.18016,-1.46453
-0.242551,-0.272738,0.0350302;-1.5245,1.16907,-1.63848
-0.241079,-0.271795,0.0312745;-1.48751,1.1692,-1.66058
-0.235507,-0.270353,0.0286718;-1.5751,1.06917,-1.56964
-0.236775,-0.271292,0.0286939;-1.57059,1.12381,-1.57637
-0.238169,-0.27179,0.0286531;-1.57046,1.1718,-1.57463
-0.240466,-0.271313,0.0289431;-1.60942,1.23969,-1.5395
-0.277757,-0.280333,0.0362205;-0.931604,1.35677,-2.17976
-0.282816,-0.281564,0.0343946;-1.11625,1.31747,-2.00687
-0.274994,-0.277465,0.0285621;-1.57579,1.26449,-1.56714
-0.274112,-0.277832,0.0287847;-1.53945,1.25306,-1.6006
-0.274199,-0.278014,0.0285692;-1.57205,1.2875,-1.56987
-0.276526,-0.278137,0.0285891;-1.57103,1.3612,-1.57082
-0.312047,-0.281329,0.0350107;-0.556716,1.4795,-2.57343
-0.325917,-0.283818,0.0363874;-0.53259,1.40441,-2.59847
-0.314995,-0.279706,0.0285238;-1.60683,1.40138,-1.53723
-0.313135,-0.279424,0.0288568;-1.5201,1.3139,-1.62049
-0.312893,-0.2797,0.0285813;-1.56999,1.34518,-1.57182
-0.314918,-0.279607,0.0285835;-1.56888,1.4122,-1.57336
-0.348828,-0.278359,0.0336648;0.107028,1.53634,3.02929
-0.362042,-0.277711,0.035954;-0.315005,1.42917,-2.82087
-0.353683,-0.273634,0.0286152;-1.55841,1.44688,-1.58317
-0.352291,-0.274234,0.0288117;-1.52624,1.42395,-1.61937
-0.3526,-0.274362,0.0286212;-1.57226,1.44973,-1.5715
-0.354653,-0.273741,0.0287089;-1.58097,1.50795,-1.56703
-0.377319,-0.266547,0.0330927;1.90366,1.45669,1.2156
-0.391818,-0.263351,0.0345216;0.958196,1.42139,2.16306
-0.388421,-0.261285,0.0327096;0.755595,1.4823,2.37308
-0.382459,-0.261458,0.0286929;-1.43851,1.5568,-1.70666
-0.382121,-0.261416,0.0286913;-1.54663,1.55279,-1.59986
-0.383016,-0.261163,0.0287424;1.60947,1.55645,1.52474
-0.396362,-0.254616,0.0311473;1.71998,1.40869,1.39752
-0.407198,-0.251373,0.0369616;1.58136,1.33319,1.53557
-0.414055,-0.247582,0.0348741;1.13321,1.35118,1.97882
-0.403869,-0.248958,0.0289477;1.6337,1.46066,1.49766
-0.403447,-0.248849,0.0287385;1.56966,1.4703,1.56447
-0.403054,-0.249002,0.0287036;1.57122,1.48511,1.56444
-0.411647,-0.244455,0.0294872;1.60321,1.36603,1.51937
-0.420279,-0.240148,0.0321461;1.61435,1.27382,1.50366
-0.42803,-0.237114,0.0354284;1.2564,1.23023,1.85552
-0.416605,-0.237892,0.0290025;1.59613,1.35682,1.53153
-0.415527,-0.238564,0.0286901;1.56877,1.38081,1.56789
-0.414177,-0.238422,0.0286864;1.57083,1.42249,1.56561
-0.4189,-0.236438,0.0289566;1.59106,1.31891,1.53789
-0.428047,-0.231964,0.0299736;1.60537,1.23672,1.51824
-0.442298,-0.227004,0.0345496;1.33896,1.15636,1.78209
-0.432889,-0.225809,0.0288072;1.5965,1.2921,1.53364
-0.431198,-0.226938,0.0286443;1.57127,1.33226,1.56712
-0.429555,-0.226545,0.0286797;1.56481,1.38984,1.57312
-0.433082,-0.225498,0.0288254;1.57564,1.31121,1.55583
-0.440409,-0.222154,0.0294387;1.60907,1.23374,1.52009
-0.456652,-0.215862,0.0337274;1.36286,1.14873,1.76138
-0.453236,-0.213561,0.0299192;1.47576,1.23699,1.66073
-0.448911,-0.215122,0.0286734;1.57094,1.2922,1.56566
-0.446679,-0.214985,0.0287839;1.54497,1.35513,1.59163
-0.448621,-0.213814,0.028857;1.57611,1.33102,1.55372
-0.458179,-0.210291,0.0301299;1.59198,1.24132,1.52499
-0.469406,-0.206357,0.031661;1.61108,1.17035,1.49941
-0.475848,-0.200018,0.033238;1.31325,1.21275,1.82355
-0.470871,-0.201335,0.0285003;1.57084,1.26466,1.57017
-0.469918,-0.201613,0.0286157;1.57064,1.29404,1.56934
-0.470473,-0.201162,0.0286734;1.57001,1.28097,1.567
-0.475296,-0.198634,0.0289837;1.59051,1.18266,1.5405
-0.485162,-0.192891,0.030132;1.59724,1.08914,1.526
-0.50138,-0.181842,0.0365671;1.30313,1.06289,1.82915
-0.49395,-0.185513,0.029389;1.52776,1.09236,1.618
-0.49253,-0.186385,0.0285772;1.5714,1.11017,1.5702
-0.492191,-0.186311,0.0287048;1.55685,1.12486,1.58341
-0.493703,-0.18616,0.028606;1.56982,1.06151,1.57039
-0.496961,-0.182518,0.029007;1.59331,0.966283,1.54427
-0.526467,-0.162459,0.03705;1.36397,0.910494,1.76257
-0.524147,-0.162083,0.0318212;1.46425,0.96488,1.66419
-0.521156,-0.164322,0.0285901;1.57102,1.01918,1.5698
-0.520563,-0.164236,0.0287958;1.54942,1.06539,1.58966
-0.521823,-0.164775,0.0285922;1.57025,0.994223,1.57049
-0.524713,-0.162622,0.028701;1.5725,0.890228,1.56462
-0.54894,-0.142428,0.0336812;1.48081,0.746251,1.64486
-0.551621,-0.138463,0.0345483;1.41892,0.801024,1.69022
-0.544946,-0.141543,0.0285127;1.57015,0.873401,1.56752
-0.542349,-0.142048,0.0286856;1.56165,0.986703,1.57857
-0.542699,-0.142356,0.0285921;1.56975,0.959968,1.57156
-0.544834,-0.141546,0.0286926;1.5703,0.875903,1.56589
-0.564011,-0.125738,0.0314919;1.52417,0.711869,1.60352
-0.568801,-0.11961,0.0354255;1.41549,0.75849,1.69757
-0.564512,-0.12188,0.0290265;1.54653,0.789937,1.59268
-0.562935,-0.122991,0.0286315;1.56669,0.851544,1.57417
-0.562836,-0.123012,0.0285588;1.57227,0.854067,1.56962
-0.564578,-0.121991,0.0286671;1.57163,0.787851,1.56549
-0.564578,-0.121991,0.0286671;1.57163,0.787851,1.56549
-0.56955,-0.11509,0.0291845;1.59057,0.684677,1.5446
-0.56955,-0.11509,0.0291845;1.59057,0.684677,1.5446
