0,0,0.11;-1.57,-2.98023e-08,-1.57
0,0,0.11;-1.57,-2.98023e-08,-1.57
0,0,0.11;-1.57,-2.98023e-08,-1.57
0.000203687,0.00537632,0.0286756;-1.57081,-0.113256,-1.57535
0.000361625,0.0046185,0.0285934;-1.57096,-0.0816767,-1.56983
-0.000385193,0.00306859,0.0301219;-1.5849,-0.057298,-1.55423
-0.000512794,-0.00482514,0.0327057;-1.5987,-0.0298282,-1.54424
0.000200288,-0.00176345,0.028838;-1.57215,-0.103851,-1.58331
0.000220352,-0.000634245,0.0287264;-1.57071,-0.121295,-1.57773
-0.000145303,0.000634938,0.0287273;-1.57075,-0.153743,-1.57782
9.71465e-06,-0.000893121,0.0285829;-1.57098,-0.100919,-1.57039
-0.00114797,-0.00312495,0.0301046;-1.58636,-0.0777915,-1.5545
-0.00250867,-0.0126357,0.0336825;-1.598,-0.0369772,-1.52809
0.00127305,-0.0134135,0.0301985;-1.5815,-0.0659118,-1.56416
0.00164314,-0.011584,0.0289186;-1.57083,-0.115437,-1.58678
0.00178389,-0.00980773,0.0288656;-1.57502,-0.135821,-1.58072
0.00197818,-0.0105812,0.0285796;-1.57077,-0.115859,-1.57075
0.0018093,-0.0108821,0.0295415;-1.57275,-0.105391,-1.55169
0.000442646,-0.0133749,0.0318776;-1.57265,-0.0719081,-1.52102
0.00267766,-0.0167722,0.0326427;-1.56989,-0.0736322,-1.53373
0.00384031,-0.0130102,0.029309;-1.57575,-0.116898,-1.56627
0.00420629,-0.0121244,0.0288141;-1.57082,-0.150111,-1.58188
0.00451823,-0.0119452,0.0287131;-1.57074,-0.140338,-1.5771
0.00485331,-0.0122463,0.0286661;-1.57077,-0.113717,-1.56639
0.00419965,-0.0130365,0.0300752;-1.57235,-0.0982143,-1.54451
0.00381294,-0.0181295,0.03146;-1.57209,-0.0847618,-1.5356
0.00727437,-0.0163145,0.0291314;-1.58434,-0.124965,-1.58146
0.00712951,-0.00910151,0.0288989;-1.57442,-0.214772,-1.58303
0.00727729,-0.00912506,0.0287239;-1.5712,-0.215523,-1.57743
0.00758393,-0.0104318,0.0286382;-1.57073,-0.174223,-1.57354
0.00616448,-0.012866,0.0310418;-1.58058,-0.124118,-1.53388
0.00611718,-0.0246693,0.0340295;-1.55459,-0.0770284,-1.52422
0.0102352,-0.0270324,0.0337439;-1.48462,-0.130447,-1.56385
0.0137063,-0.00994964,0.0335304;-1.5621,-0.229067,-1.63775
0.0113208,0.000447399,0.0342558;-1.56519,-0.320391,-1.63927
0.0105754,0.00378006,0.0316495;-1.5797,-0.342998,-1.61592
0.00843373,-0.0147948,0.0308008;-1.59631,-0.229037,-1.58574
0.00822336,-0.0349611,0.0378027;-1.47838,-0.138756,-1.55642
0.0115277,-0.0451775,0.0391939;-1.39708,-0.133756,-1.56205
0.0163212,-0.027594,0.0372983;-1.51997,-0.233476,-1.65724
0.012395,-0.0138321,0.0382324;-1.55923,-0.31967,-1.67709
0.00848532,-0.00196922,0.035855;-1.57839,-0.413193,-1.65803
0.00430077,-0.0154674,0.0310059;-1.57242,-0.338021,-1.60735
0.00381117,-0.0355859,0.0361435;-1.48136,-0.257239,-1.57408
0.00733684,-0.0553505,0.0397354;-1.37672,-0.17883,-1.54025
0.0136672,-0.0402408,0.039936;-1.45952,-0.292583,-1.63207
0.0127156,-0.0261335,0.0369446;-1.55587,-0.360999,-1.67637
0.0117051,-0.00883283,0.0384144;-1.57412,-0.475009,-1.68632
0.00738035,-0.0139061,0.034043;-1.58419,-0.451601,-1.64469
0.0092476,-0.0327503,0.0367072;-1.47847,-0.380989,-1.58998
0.0145741,-0.0481345,0.0408341;-1.39249,-0.308236,-1.53653
0.0186014,-0.0353078,0.0390806;-1.47529,-0.417984,-1.62984
0.0162089,-0.0249897,0.0366718;-1.55118,-0.470481,-1.66683
0.0158165,-0.0117704,0.037255;-1.57548,-0.559196,-1.67519
0.0117545,-0.0160282,0.0334447;-1.56997,-0.552004,-1.64017
0.0114039,-0.029511,0.034439;-1.55684,-0.488858,-1.59493
0.0138459,-0.0459708,0.0386079;-1.48163,-0.401861,-1.53402
0.0180445,-0.0429332,0.035389;-1.49271,-0.471918,-1.59253
0.0179352,-0.0355669,0.0332489;-1.56488,-0.506473,-1.64063
0.0171827,-0.0282497,0.0365351;-1.56932,-0.549731,-1.66214
0.0132997,-0.0253525,0.0318416;-1.56853,-0.586711,-1.62123
0.0114815,-0.0302826,0.0302067;-1.62342,-0.537905,-1.59478
0.010178,-0.0399168,0.0322148;-1.59599,-0.477861,-1.54041
0.0162224,-0.0411423,0.0315693;-1.53409,-0.498624,-1.56082
0.0186303,-0.0327739,0.0312892;-1.56397,-0.552689,-1.61494
0.0196052,-0.0307578,0.0338353;-1.56476,-0.560951,-1.64074
0.013586,-0.0247195,0.0322784;-1.57562,-0.622243,-1.6282
0.0122405,-0.0262423,0.0290879;-1.58842,-0.599615,-1.59042
0.0100856,-0.0290588,0.0307191;-1.59003,-0.559651,-1.55817
0.0122434,-0.0408255,0.0334076;-1.57047,-0.509133,-1.51719
0.0154636,-0.0356104,0.02959;-1.57463,-0.558719,-1.57227
0.0168922,-0.0325281,0.0299484;-1.56976,-0.584128,-1.6004
0.0165764,-0.0248595,0.0341083;-1.57846,-0.640705,-1.64785
0.015319,-0.0248665,0.0322386;-1.57171,-0.644869,-1.6276
0.0138473,-0.0270241,0.0297289;-1.60199,-0.623793,-1.59344
0.0100939,-0.0430736,0.034749;-1.5738,-0.53554,-1.49843
0.0137506,-0.0409046,0.0313796;-1.56645,-0.604676,-1.54027
0.015901,-0.0368946,0.029036;-1.57951,-0.626728,-1.59072
0.0157592,-0.0299284,0.0332119;-1.58559,-0.681059,-1.64137
0.0144339,-0.0304583,0.0328953;-1.5694,-0.684654,-1.63578
0.0132312,-0.0310022,0.0296859;-1.61078,-0.668537,-1.59863
0.0098463,-0.0467186,0.0330716;-1.5723,-0.5559,-1.50318
0.0145777,-0.0481183,0.0301838;-1.53784,-0.623647,-1.54088
0.0151204,-0.0423109,0.0293121;-1.57435,-0.680395,-1.59237
0.0139201,-0.0323047,0.0338369;-1.58716,-0.743966,-1.64947
0.0142232,-0.0332776,0.0335615;-1.56545,-0.739015,-1.6398
0.0148968,-0.0378282,0.0324982;-1.57462,-0.697102,-1.62906
0.0162794,-0.0645356,0.0368415;-1.49881,-0.553859,-1.51065
0.0192343,-0.067533,0.0339433;-1.46638,-0.61908,-1.51788
0.0169763,-0.0631262,0.0317922;-1.5255,-0.670902,-1.5711
0.0105378,-0.0449026,0.0352144;-1.56805,-0.799952,-1.64934
0.0126934,-0.0429421,0.0345002;-1.56414,-0.799517,-1.65334
0.0155571,-0.0457626,0.035703;-1.53763,-0.774724,-1.64263
0.0190312,-0.0722704,0.0407758;-1.40063,-0.668497,-1.49595
0.0232441,-0.0766328,0.0391176;-1.3844,-0.677644,-1.49882
0.0222729,-0.0752724,0.037102;-1.4153,-0.689597,-1.50732
0.0166441,-0.0666286,0.0319897;-1.54831,-0.759915,-1.60194
0.0130373,-0.0605271,0.0331302;-1.54333,-0.810229,-1.61039
0.0134934,-0.06078,0.0312454;-1.55992,-0.798585,-1.60798
0.0138626,-0.0637165,0.0322799;-1.51397,-0.781612,-1.55894
0.0168341,-0.0780835,0.0358773;-1.40143,-0.701009,-1.45074
0.018639,-0.0754803,0.0363137;-1.41367,-0.7402,-1.49085
0.0184608,-0.0731989,0.035739;-1.46319,-0.756367,-1.55655
0.01347,-0.0643143,0.0348868;-1.52674,-0.821429,-1.6185
0.0134868,-0.0646474,0.0344639;-1.54234,-0.815969,-1.62986
0.013398,-0.0659072,0.0333375;-1.50681,-0.816203,-1.57427
0.0150552,-0.0808593,0.0363928;-1.38966,-0.724269,-1.43689
0.0173665,-0.0797495,0.0371423;-1.3876,-0.771374,-1.46544
0.0171048,-0.077581,0.0367915;-1.43269,-0.785011,-1.53143
0.00982838,-0.0671027,0.0350775;-1.5259,-0.859371,-1.61503
0.00877835,-0.0668184,0.0342962;-1.54247,-0.86638,-1.62624
0.00887921,-0.0675681,0.031774;-1.53186,-0.862978,-1.58245
0.011272,-0.083522,0.0355057;-1.40911,-0.770258,-1.44048
0.0143054,-0.0838411,0.0355668;-1.40613,-0.795613,-1.46364
0.0136515,-0.0815495,0.0344988;-1.45909,-0.824529,-1.53097
0.00757418,-0.0740075,0.0331756;-1.5361,-0.893886,-1.60215
0.00543631,-0.072729,0.0330086;-1.53932,-0.917227,-1.6035
0.0054693,-0.0732016,0.030184;-1.55493,-0.909134,-1.58941
0.00656995,-0.0827086,0.033744;-1.45641,-0.834424,-1.45878
0.00999832,-0.0864086,0.0338111;-1.44952,-0.823511,-1.46119
0.0114619,-0.0850212,0.0321348;-1.47594,-0.844508,-1.50517
0.00582945,-0.0785776,0.0309181;-1.55033,-0.914479,-1.58724
0.00148259,-0.0744221,0.031147;-1.56137,-0.969586,-1.60306
0.00154501,-0.0747193,0.031751;-1.56575,-0.961681,-1.61841
0.0120421,-0.0950135,0.0356048;-1.46378,-0.836245,-1.52841
0.0189863,-0.110169,0.0385915;-1.42745,-0.755479,-1.47018
0.02483,-0.113002,0.0364207;-1.40658,-0.752465,-1.47823
0.0126167,-0.104043,0.0297882;-1.56385,-0.897626,-1.59011
0.00537753,-0.0940347,0.0314119;-1.56697,-0.9788,-1.61077
0.00305692,-0.0884479,0.0323639;-1.58624,-1.03453,-1.63575
0.0129702,-0.103241,0.0340775;-1.51072,-0.9355,-1.58175
0.0209537,-0.11931,0.0400881;-1.40419,-0.853337,-1.47645
0.0278064,-0.13153,0.0376956;-1.35663,-0.80783,-1.43261
0.0193668,-0.121922,0.0344332;-1.50675,-0.938794,-1.59388
0.00952172,-0.112204,0.0340559;-1.55876,-1.02342,-1.62885
0.00401117,-0.0989894,0.0336995;-1.58761,-1.1289,-1.65515
0.017422,-0.109953,0.03541;-1.51207,-1.03051,-1.60725
0.031812,-0.122819,0.0405905;-1.33564,-0.93845,-1.45123
0.036851,-0.133379,0.0428249;-1.27898,-0.900178,-1.37643
0.0330007,-0.121753,0.0403975;-1.38778,-1.01035,-1.52101
0.0236283,-0.117291,0.0373124;-1.52141,-1.07151,-1.64174
0.0131082,-0.10479,0.0366522;-1.57849,-1.16816,-1.67521
0.0259789,-0.112257,0.0373881;-1.48075,-1.09016,-1.59406
0.0389378,-0.125556,0.0408557;-1.31117,-1.00277,-1.43407
0.0440999,-0.133494,0.0430571;-1.23701,-0.952904,-1.34286
0.0411374,-0.126103,0.0418697;-1.31884,-1.06792,-1.46287
0.031309,-0.120518,0.0386965;-1.49773,-1.13882,-1.63419
0.0193047,-0.108519,0.0391284;-1.55863,-1.22809,-1.68287
0.0239774,-0.109396,0.0384956;-1.44541,-1.21553,-1.5695
0.0349522,-0.122044,0.0421289;-1.28341,-1.14238,-1.40316
0.0434288,-0.132876,0.0438565;-1.16288,-1.06957,-1.27196
0.0466021,-0.130177,0.0436441;-1.19674,-1.11464,-1.33796
0.0398897,-0.126136,0.0422632;-1.32965,-1.16876,-1.48262
0.0268178,-0.119246,0.0408382;-1.5157,-1.24062,-1.66235
0.0208233,-0.109957,0.0393665;-1.4499,-1.3167,-1.58919
0.0295192,-0.117801,0.0420841;-1.20489,-1.25495,-1.33721
0.0403952,-0.129473,0.0443136;-1.10583,-1.17644,-1.22176
0.0493375,-0.134442,0.043849;-1.08892,-1.14286,-1.21356
0.0444239,-0.129846,0.0434322;-1.18865,-1.19407,-1.33099
0.03673,-0.126407,0.0415386;-1.38535,-1.24604,-1.54171
0.0241276,-0.109271,0.0405749;-1.46195,-1.36033,-1.60929
0.0285287,-0.111868,0.0416924;-1.22098,-1.32639,-1.36128
0.041174,-0.12253,0.0436257;-1.0286,-1.24941,-1.15632
0.0523504,-0.13159,0.0440535;-0.96882,-1.17895,-1.07271
0.0493053,-0.127559,0.044175;-0.991439,-1.23062,-1.11687
0.0429499,-0.124587,0.0432474;-1.15208,-1.28806,-1.2978
0.0225867,-0.11162,0.0411854;-1.56317,-1.41915,-1.70948
0.0246173,-0.11248,0.0407722;-1.26701,-1.41415,-1.41285
0.0360811,-0.119879,0.0439259;-0.941662,-1.32538,-1.07459
0.0541661,-0.14077,0.0442485;-0.868337,-1.19523,-0.947552
0.0506157,-0.13453,0.0442662;-0.830976,-1.24551,-0.935862
0.0435995,-0.126994,0.0437194;-0.948745,-1.30773,-1.08256
0.0241551,-0.116305,0.0410379;-1.53937,-1.44132,-1.68487
0.0247769,-0.115019,0.0404033;-1.38095,-1.44808,-1.52779
0.0347898,-0.120602,0.0432122;-0.930028,-1.36543,-1.06247
0.0576199,-0.139503,0.0443047;-0.824532,-1.20837,-0.897842
0.0560857,-0.135069,0.0440009;-0.794128,-1.24936,-0.892851
0.0494642,-0.130763,0.043798;-0.858746,-1.32143,-0.981253
0.024389,-0.124226,0.0404302;-1.48801,-1.50169,-1.62577
0.0199951,-0.121673,0.039417;-1.21727,-1.53694,-1.35619
0.0275058,-0.124833,0.0404957;-0.702598,-1.46698,-0.821823
0.0275058,-0.124833,0.0404957;-0.702598,-1.46698,-0.821823
0.0460984,-0.132785,0.0436571;-0.603656,-1.3463,-0.706013
0.0460984,-0.132785,0.0436571;-0.603656,-1.3463,-0.706013
