0,0,0.11;-1.57,-2.98023e-08,-1.57
0,0,0.11;-1.57,-2.98023e-08,-1.57
0,0,0.11;-1.57,-2.98023e-08,-1.57
0.000261561,0.00813821,0.0286185;-1.56996,-0.151109,-1.57193
0.000159872,0.00772034,0.0285818;-1.57083,-0.11941,-1.57067
-0.00110894,0.00501915,0.0296461;-1.57454,-0.0794373,-1.56061
-0.000967151,-0.0235462,0.0340996;-1.47294,-0.0093063,-1.55688
-0.00266413,-0.0212269,0.0285799;-1.57082,-0.111647,-1.57089
-0.00275172,-0.0213665,0.0287519;-1.56244,-0.122492,-1.56971
-0.00270122,-0.0212216,0.0286762;-1.56617,-0.123297,-1.57017
-0.00232495,-0.0210439,0.0286421;-1.57069,-0.0702313,-1.56786
-0.0041558,-0.0233149,0.0300068;-1.57475,-0.00167939,-1.55269
-0.00806367,-0.0433379,0.0350396;-1.51565,0.101838,-1.54893
-0.00747482,-0.0656017,0.0320189;-1.50506,0.151831,-1.57197
-0.00673921,-0.0631533,0.0286129;-1.57105,0.125146,-1.56907
-0.00659442,-0.0630511,0.0286632;-1.56678,0.11722,-1.57155
-0.00619507,-0.06309,0.02858;-1.57078,0.146285,-1.57081
-0.00710809,-0.0633905,0.0293564;-1.57215,0.193734,-1.55832
-0.012596,-0.0734835,0.0328718;-1.56907,0.260138,-1.54004
-0.0215545,-0.101275,0.0385999;-1.42515,0.323848,-1.59271
-0.0199274,-0.0993247,0.0332508;-1.47681,0.299375,-1.5911
-0.0183844,-0.0958336,0.0285795;-1.57084,0.294881,-1.5708
-0.0182527,-0.0957403,0.0285683;-1.56915,0.293832,-1.57107
-0.0183645,-0.0959283,0.0286126;-1.57039,0.295531,-1.56922
-0.0194896,-0.0972502,0.0300089;-1.57607,0.302035,-1.55037
-0.0253384,-0.102599,0.0325751;-1.59054,0.337737,-1.5231
-0.0280594,-0.108982,0.0288068;-1.57025,0.343597,-1.5613
-0.0279989,-0.108985,0.0286046;-1.56956,0.335312,-1.57123
-0.0282691,-0.108823,0.0286129;-1.56911,0.318392,-1.57142
-0.0283754,-0.108844,0.0285815;-1.57012,0.319071,-1.57056
-0.0307375,-0.110193,0.0313536;-1.55113,0.32943,-1.55877
-0.037185,-0.119138,0.0383415;-1.47957,0.395965,-1.5767
-0.0430154,-0.130655,0.0347481;-1.46505,0.403191,-1.60714
-0.04148,-0.130884,0.0285771;-1.57084,0.420015,-1.57096
-0.0412261,-0.130602,0.0285798;-1.57079,0.423576,-1.57082
-0.0411504,-0.130938,0.0287114;-1.56388,0.436267,-1.57361
-0.0412345,-0.13076,0.0295435;-1.56597,0.469322,-1.55879
-0.0438138,-0.132288,0.0328321;-1.5953,0.49706,-1.52516
-0.0461841,-0.134179,0.0371333;-1.54601,0.496327,-1.55103
-0.0437419,-0.133431,0.0285613;-1.57076,0.483567,-1.57171
-0.043475,-0.133637,0.0286423;-1.56996,0.48849,-1.57346
-0.0434204,-0.133503,0.0286044;-1.57068,0.487067,-1.57194
-0.0440153,-0.133711,0.0286052;-1.5714,0.49207,-1.56928
-0.0462297,-0.134672,0.0318893;-1.61546,0.507682,-1.53315
-0.0515607,-0.138167,0.0391311;-1.62359,0.527346,-1.51716
-0.045369,-0.136274,0.0289159;-1.5876,0.45171,-1.56471
-0.0456674,-0.136901,0.028644;-1.57078,0.461125,-1.57382
-0.0463228,-0.137728,0.028734;-1.57317,0.48133,-1.57484
-0.0472595,-0.13791,0.0290684;-1.5912,0.497927,-1.56657
-0.0491029,-0.137789,0.031449;-1.62241,0.505992,-1.54436
-0.0527893,-0.139447,0.0400869;-1.62503,0.536712,-1.53515
-0.0481124,-0.138348,0.0296456;-1.60504,0.407607,-1.56023
-0.0489094,-0.138802,0.0290415;-1.58461,0.419007,-1.57467
-0.0509754,-0.140868,0.0290134;-1.58254,0.454774,-1.5758
-0.055139,-0.144217,0.0297667;-1.59379,0.536169,-1.57379
-0.0577818,-0.145297,0.0329433;-1.60218,0.557729,-1.57781
-0.0594344,-0.143717,0.0434054;-1.5858,0.576939,-1.57832
-0.0521451,-0.140108,0.0324283;-1.65907,0.486087,-1.53485
-0.0505595,-0.140323,0.0310389;-1.63023,0.471905,-1.55258
-0.0507346,-0.141522,0.0292685;-1.58087,0.481617,-1.58161
-0.0565284,-0.14803,0.030413;-1.57559,0.568912,-1.60207
-0.0590702,-0.150582,0.0324782;-1.60071,0.607996,-1.59246
-0.0610576,-0.152381,0.0404503;-1.58211,0.64895,-1.59434
-0.0544649,-0.143482,0.0403843;-1.68994,0.588975,-1.51501
-0.0473263,-0.138532,0.0363082;-1.75448,0.541141,-1.48122
-0.0482827,-0.141161,0.0306475;-1.59031,0.536248,-1.58897
-0.0520494,-0.145335,0.030216;-1.58102,0.583029,-1.59252
-0.05492,-0.148482,0.0307573;-1.57442,0.615936,-1.60466
-0.0610583,-0.156008,0.0339319;-1.59927,0.670375,-1.58934
-0.0721997,-0.162446,0.044666;-1.43208,0.646122,-1.66696
-0.0676461,-0.159955,0.0412012;-1.51522,0.586958,-1.63148
-0.0589431,-0.155455,0.0307314;-1.5945,0.55443,-1.58431
-0.0578496,-0.154558,0.0292946;-1.58359,0.542123,-1.5791
-0.0595245,-0.15648,0.0295817;-1.57834,0.569982,-1.58909
-0.0636695,-0.161992,0.0306504;-1.56688,0.637431,-1.60836
-0.0757244,-0.177096,0.039857;-1.37327,0.70015,-1.68728
-0.0779321,-0.178523,0.0400697;-1.43568,0.643471,-1.6661
-0.0725213,-0.171978,0.0313254;-1.54741,0.606866,-1.61692
-0.066372,-0.165675,0.0289651;-1.57848,0.56177,-1.57845
-0.0682085,-0.168265,0.0289968;-1.57624,0.607812,-1.58331
-0.0703514,-0.171512,0.0295807;-1.57292,0.661292,-1.58999
-0.0797008,-0.186824,0.0400775;-1.33555,0.747495,-1.69758
-0.0842754,-0.189608,0.037594;-1.37513,0.676834,-1.68463
-0.0812959,-0.183408,0.0305791;-1.54327,0.645765,-1.60432
-0.0778393,-0.177532,0.0288236;-1.57427,0.595779,-1.57747
-0.0786966,-0.178386,0.0288002;-1.57006,0.619781,-1.58221
-0.0790694,-0.178784,0.0289387;-1.57189,0.63386,-1.58562
-0.0895559,-0.198703,0.0398656;-1.32415,0.716704,-1.70483
-0.0927724,-0.203214,0.0362885;-1.39393,0.681489,-1.67227
-0.0911607,-0.199395,0.0302564;-1.53737,0.667426,-1.59099
-0.0885395,-0.195627,0.028665;-1.5709,0.56076,-1.57512
-0.088498,-0.195604,0.0286459;-1.57069,0.55483,-1.57393
-0.0885074,-0.194998,0.0288498;-1.57065,0.535892,-1.58372
-0.0937637,-0.208618,0.0351732;-1.41397,0.650423,-1.65772
-0.100518,-0.215028,0.0340865;-1.44263,0.622051,-1.63288
-0.10063,-0.214138,0.0326941;-1.48425,0.616361,-1.60587
-0.101248,-0.212195,0.0285835;-1.57055,0.51235,-1.57108
-0.10143,-0.211725,0.0285801;-1.57081,0.476718,-1.57071
-0.101356,-0.211766,0.0285802;-1.57077,0.488534,-1.5708
-0.100815,-0.211962,0.0286505;-1.56855,0.536759,-1.5706
-0.110886,-0.224021,0.0362041;-1.44186,0.646716,-1.61944
-0.117162,-0.231327,0.0328326;-1.48574,0.630378,-1.60884
-0.115643,-0.229602,0.0286928;-1.57236,0.611778,-1.56441
-0.114922,-0.22926,0.0286358;-1.56748,0.614095,-1.57257
-0.11458,-0.229205,0.0286007;-1.57076,0.634569,-1.56975
-0.114403,-0.229051,0.0287411;-1.57066,0.664199,-1.56308
-0.121195,-0.232582,0.0353155;-1.53023,0.719653,-1.55858
-0.126491,-0.239119,0.0338262;-1.46816,0.68534,-1.62469
-0.126286,-0.238653,0.0287041;-1.57243,0.679481,-1.56438
-0.125933,-0.238694,0.0286625;-1.56555,0.66772,-1.57387
-0.126043,-0.238681,0.0285818;-1.57068,0.66471,-1.57066
-0.125954,-0.238672,0.0286486;-1.57075,0.667514,-1.56758
-0.131528,-0.240001,0.0338851;-1.54764,0.71498,-1.55227
-0.13956,-0.243865,0.0334123;-1.53965,0.68026,-1.55817
-0.140879,-0.244867,0.0288083;-1.57402,0.653066,-1.56038
-0.14087,-0.244809,0.0285957;-1.57087,0.653371,-1.57003
-0.140909,-0.244776,0.0286215;-1.5702,0.652147,-1.56958
-0.140933,-0.244784,0.0285798;-1.57084,0.654696,-1.57085
-0.141139,-0.246544,0.0325155;-1.50103,0.698368,-1.60972
-0.144736,-0.247165,0.0341583;-1.49728,0.693093,-1.59084
-0.143001,-0.245841,0.0297011;-1.57278,0.640307,-1.54989
-0.142074,-0.245907,0.0286999;-1.56836,0.656696,-1.56832
-0.141965,-0.245738,0.0285788;-1.57089,0.661034,-1.57075
-0.141894,-0.245691,0.0285804;-1.57073,0.665307,-1.57085
-0.141897,-0.245001,0.0299753;-1.53811,0.671655,-1.59185
-0.142511,-0.245654,0.0368024;-1.46064,0.687831,-1.63771
-0.141524,-0.243638,0.0361448;-1.52088,0.6372,-1.584
-0.134968,-0.240248,0.028644;-1.57186,0.586504,-1.56699
-0.135139,-0.240755,0.0286521;-1.57078,0.616617,-1.57426
-0.135451,-0.241189,0.0286637;-1.57075,0.634657,-1.57472
-0.134823,-0.240273,0.0290155;-1.58592,0.609113,-1.57062
-0.135892,-0.239885,0.0331669;-1.6069,0.608641,-1.5481
-0.13911,-0.240703,0.0393761;-1.61623,0.605576,-1.52545
-0.131527,-0.239506,0.0291138;-1.59932,0.490755,-1.55836
-0.131871,-0.240145,0.028747;-1.573,0.492464,-1.57569
-0.132953,-0.240694,0.0289172;-1.5822,0.519648,-1.57138
-0.134891,-0.241797,0.0294803;-1.60315,0.552337,-1.56083
-0.13646,-0.241847,0.0328828;-1.61823,0.562569,-1.55642
-0.138566,-0.24026,0.0423602;-1.58604,0.554606,-1.56774
-0.133668,-0.237559,0.0305485;-1.62581,0.403272,-1.55081
-0.1325,-0.237252,0.0290845;-1.59644,0.402404,-1.5619
-0.134007,-0.237951,0.0291486;-1.59382,0.430127,-1.56787
-0.137912,-0.239472,0.0313404;-1.63953,0.499291,-1.54399
-0.141264,-0.24156,0.0347964;-1.67116,0.563135,-1.54127
-0.140222,-0.242272,0.0417355;-1.62615,0.590213,-1.56282
-0.132961,-0.240606,0.0330585;-1.67899,0.451755,-1.524
-0.130651,-0.241479,0.0310407;-1.63699,0.455584,-1.54217
-0.132114,-0.243183,0.0295451;-1.60181,0.47984,-1.56335
-0.138948,-0.245347,0.031835;-1.64616,0.569912,-1.54262
-0.142254,-0.24606,0.0357624;-1.73627,0.622637,-1.48609
-0.147621,-0.250511,0.0405498;-1.76509,0.712188,-1.47027
-0.14669,-0.25058,0.0356983;-1.7529,0.621777,-1.46441
-0.145621,-0.252656,0.0335267;-1.69881,0.602982,-1.49967
-0.146297,-0.254006,0.0303989;-1.62845,0.608447,-1.54181
-0.151665,-0.255099,0.0308907;-1.63008,0.653476,-1.54918
-0.154607,-0.255305,0.0341;-1.7142,0.688008,-1.48887
-0.160094,-0.256887,0.0381874;-1.8005,0.747753,-1.43165
-0.172011,-0.263906,0.0423728;-1.74667,0.748592,-1.44829
-0.167712,-0.264694,0.034691;-1.73797,0.686082,-1.46558
-0.167515,-0.26612,0.0320194;-1.66875,0.675766,-1.51122
-0.172885,-0.267168,0.0298005;-1.6089,0.713755,-1.55662
-0.17641,-0.266732,0.0322159;-1.66817,0.75195,-1.51611
-0.180828,-0.266772,0.0352256;-1.74358,0.796972,-1.46125
-0.190701,-0.267722,0.0439385;-1.70623,0.848666,-1.47211
-0.190258,-0.268708,0.0363467;-1.7373,0.773039,-1.4524
-0.187598,-0.270014,0.0316897;-1.66716,0.747154,-1.50608
-0.187649,-0.270997,0.0291606;-1.59706,0.770115,-1.56167
-0.18919,-0.270821,0.0292415;-1.60398,0.798112,-1.556
-0.19191,-0.270053,0.0315927;-1.6732,0.839738,-1.49683
-0.204875,-0.26893,0.0414545;-1.82462,0.975495,-1.34583
-0.215978,-0.274494,0.0397984;-1.74889,0.985463,-1.42421
-0.217319,-0.276973,0.0302902;-1.64579,0.966103,-1.51307
-0.217112,-0.2775,0.0288857;-1.5882,0.974022,-1.56375
-0.218845,-0.277423,0.0288253;-1.58219,1.01438,-1.5698
-0.219508,-0.277172,0.0290904;-1.61081,1.03274,-1.54284
-0.230636,-0.275254,0.0375461;-1.86532,1.11459,-1.28636
-0.241149,-0.276927,0.037964;-1.764,1.12168,-1.37937
-0.246711,-0.279848,0.0288968;-1.6033,1.11239,-1.54272
-0.246602,-0.280692,0.0286407;-1.57101,1.07579,-1.57353
-0.247293,-0.28094,0.0285804;-1.57067,1.09684,-1.57111
-0.248099,-0.280863,0.0288002;-1.57317,1.11544,-1.57833
-0.248099,-0.280863,0.0288002;-1.57317,1.11544,-1.57833
-0.24962,-0.280876,0.02894;-1.58238,1.1401,-1.56291
-0.24962,-0.280876,0.02894;-1.58238,1.1401,-1.56291
