0,0,0.11;-1.57,-2.98023e-08,-1.57
0,0,0.11;-1.57,-2.98023e-08,-1.57
0,0,0.11;-1.57,-2.98023e-08,-1.57
3.57104e-05,0.00655279,0.028633;-1.56814,-0.133423,-1.57021
0.000283501,0.00695444,0.0286652;-1.57067,-0.10033,-1.56678
-0.0014884,0.00275013,0.0300807;-1.57321,-0.0445997,-1.55238
-0.0020699,-0.0300866,0.0352436;-1.45281,0.0257535,-1.56156
-0.00393991,-0.0269374,0.0285769;-1.57094,-0.0732434,-1.5708
-0.00373114,-0.0269106,0.0288027;-1.56009,-0.0676265,-1.56989
-0.00369872,-0.0264728,0.0285948;-1.57077,-0.0689252,-1.57166
-0.00431833,-0.0294381,0.0288127;-1.57327,0.0309947,-1.57925
-0.00670529,-0.0355381,0.0316429;-1.6289,0.0915873,-1.57235
-0.00984721,-0.048484,0.0398657;-1.60869,0.173247,-1.56847
-0.0094489,-0.0499721,0.0310433;-1.54437,0.122119,-1.58004
-0.00819254,-0.0441186,0.0286501;-1.57028,0.0564513,-1.57481
-0.00786364,-0.0429364,0.0286915;-1.56751,0.0393084,-1.57294
-0.00763226,-0.0447939,0.0285858;-1.57059,0.0901606,-1.5703
-0.00904446,-0.0470534,0.0295518;-1.57195,0.131421,-1.55595
-0.0142916,-0.0685737,0.0338065;-1.5185,0.222877,-1.55439
-0.0171202,-0.0902632,0.0378363;-1.41407,0.228303,-1.58155
-0.0177885,-0.087832,0.0326847;-1.48906,0.177515,-1.57957
-0.0174567,-0.0840407,0.0285847;-1.57096,0.129518,-1.57049
-0.0175987,-0.0839311,0.0285822;-1.57055,0.117368,-1.5707
-0.0175571,-0.0841058,0.0286501;-1.57044,0.158665,-1.56704
-0.0196098,-0.0879718,0.0296698;-1.57187,0.212439,-1.5613
-0.0222248,-0.101305,0.0343731;-1.50047,0.256965,-1.58882
-0.0205129,-0.101978,0.0306496;-1.55297,0.195947,-1.59589
-0.0165638,-0.0957645,0.0290562;-1.57445,0.151137,-1.58334
-0.0166628,-0.0959651,0.0288843;-1.57469,0.15772,-1.58066
-0.0177268,-0.0971908,0.028913;-1.57214,0.199181,-1.58476
-0.0257325,-0.109894,0.0322453;-1.58765,0.335524,-1.54932
-0.0327562,-0.133773,0.0384313;-1.41266,0.384293,-1.59719
-0.0344191,-0.14295,0.036404;-1.41244,0.338196,-1.61393
-0.0321173,-0.136105,0.0285801;-1.57079,0.257183,-1.57076
-0.0324526,-0.136277,0.028772;-1.56128,0.247887,-1.57305
-0.0324772,-0.136478,0.0286752;-1.56634,0.264129,-1.57167
-0.0345748,-0.138853,0.0297;-1.56483,0.343162,-1.5599
-0.0427043,-0.157996,0.0353404;-1.48489,0.438567,-1.58159
-0.0476831,-0.172687,0.0363484;-1.41782,0.420155,-1.61739
-0.0443181,-0.163745,0.0288472;-1.57546,0.33149,-1.57814
-0.0439191,-0.164472,0.0288737;-1.57431,0.363331,-1.57813
-0.0440558,-0.165507,0.0289064;-1.57575,0.378513,-1.57976
-0.0491094,-0.170144,0.0300642;-1.60563,0.481277,-1.56576
-0.0555876,-0.177562,0.0344755;-1.61017,0.554145,-1.55794
-0.0630845,-0.18904,0.0417707;-1.47971,0.609685,-1.61171
-0.0627778,-0.184475,0.0284922;-1.57006,0.482761,-1.57134
-0.06231,-0.184053,0.0285799;-1.57018,0.473901,-1.57048
-0.0621716,-0.184317,0.0287636;-1.56081,0.483435,-1.57533
-0.0625893,-0.184858,0.0287291;-1.57081,0.520365,-1.56343
-0.0677334,-0.189161,0.0304201;-1.57244,0.584513,-1.54728
-0.0820054,-0.210182,0.0376211;-1.41583,0.679383,-1.63514
-0.0855637,-0.215938,0.0285882;-1.57659,0.59091,-1.56396
-0.085373,-0.215814,0.0285839;-1.57111,0.549344,-1.57021
-0.085894,-0.215913,0.0287551;-1.56106,0.527675,-1.57561
-0.0878678,-0.217632,0.0288324;-1.5745,0.615188,-1.57828
-0.093568,-0.223412,0.0324078;-1.62156,0.691732,-1.55616
-0.102251,-0.234756,0.0420886;-1.52089,0.768713,-1.61446
-0.0954485,-0.230445,0.0296871;-1.57463,0.640759,-1.59075
-0.0918564,-0.227377,0.0290924;-1.58264,0.604813,-1.57876
-0.0919884,-0.227957,0.0288898;-1.57583,0.629485,-1.5787
-0.0945448,-0.229601,0.028579;-1.57067,0.726793,-1.57086
-0.0966194,-0.23013,0.0295446;-1.56849,0.780954,-1.55758
-0.1126,-0.24277,0.0345026;-1.48527,0.888316,-1.60771
-0.124084,-0.254929,0.0350283;-1.39969,0.851922,-1.68555
-0.121719,-0.251428,0.0285763;-1.57681,0.801314,-1.56251
-0.121608,-0.251412,0.0285784;-1.57091,0.757782,-1.57079
-0.121921,-0.251567,0.0285797;-1.57079,0.758103,-1.57081
-0.122114,-0.251511,0.0286076;-1.57097,0.790453,-1.56912
-0.129061,-0.254901,0.0301629;-1.58424,0.852585,-1.55388
-0.152042,-0.276564,0.038718;-1.35921,0.889043,-1.73986
-0.147026,-0.2758,0.0357978;-1.45413,0.846388,-1.68745
-0.133053,-0.26869,0.029524;-1.58613,0.789628,-1.57916
-0.131487,-0.268189,0.029;-1.58104,0.798293,-1.57626
-0.13362,-0.268782,0.0289785;-1.57492,0.844117,-1.58371
-0.137314,-0.269546,0.0295151;-1.61039,0.904767,-1.54563
-0.164724,-0.287346,0.0392983;-1.28058,1.04292,-1.78747
-0.171599,-0.291791,0.038031;-1.26653,0.96868,-1.80816
-0.165417,-0.286192,0.0291651;-1.54216,0.952782,-1.59131
-0.163002,-0.285208,0.0288152;-1.55319,0.930637,-1.58556
-0.162929,-0.285498,0.0285671;-1.57015,0.963142,-1.57049
-0.163425,-0.285526,0.0287597;-1.57164,0.979861,-1.5607
-0.196008,-0.303252,0.0393845;-1.23287,1.12557,-1.83987
-0.207484,-0.309753,0.0366496;-1.24461,1.07414,-1.84836
-0.201233,-0.304626,0.0285703;-1.57263,1.04703,-1.56891
-0.200097,-0.304565,0.0288747;-1.57744,1.0258,-1.57573
-0.202118,-0.305379,0.029123;-1.59326,1.06113,-1.56661
-0.208356,-0.305859,0.0307931;-1.63865,1.11714,-1.53008
-0.224939,-0.312848,0.0448582;-1.51996,1.26574,-1.63514
-0.227767,-0.313765,0.0435402;-1.52968,1.20068,-1.62773
-0.218575,-0.309458,0.0291346;-1.57558,1.12828,-1.5829
-0.214936,-0.309476,0.0287756;-1.56144,1.11425,-1.58444
-0.215446,-0.310066,0.0285801;-1.57061,1.17831,-1.57102
-0.21532,-0.310191,0.0286855;-1.57096,1.21795,-1.56561
-0.244166,-0.316557,0.0364913;-1.06975,1.37562,-2.03164
-0.26015,-0.322124,0.0365366;-0.95551,1.30631,-2.15962
-0.256332,-0.320841,0.0337926;-1.16709,1.3258,-1.95358
-0.251178,-0.319292,0.028646;-1.56355,1.25876,-1.57867
-0.251765,-0.319128,0.0287462;-1.56875,1.25712,-1.58001
-0.254013,-0.318966,0.0290069;-1.58425,1.29649,-1.57461
-0.260263,-0.318256,0.0319122;-1.76137,1.34905,-1.4063
-0.280215,-0.324614,0.0462224;-1.46447,1.42334,-1.70246
-0.278379,-0.327413,0.0422304;-1.74987,1.36584,-1.43796
-0.268191,-0.32933,0.0343767;-1.89759,1.2999,-1.28592
-0.270542,-0.329008,0.0308974;-1.61198,1.33721,-1.56534
-0.273301,-0.328335,0.0292315;-1.63101,1.3756,-1.52737
-0.27785,-0.328453,0.0291456;-1.67225,1.42919,-1.48413
-0.305031,-0.327302,0.0385317;0.25749,1.46973,2.90738
-0.316572,-0.328909,0.0361676;-0.220156,1.42305,-2.91004
-0.306697,-0.325378,0.0286795;-1.66521,1.46678,-1.47605
-0.305757,-0.326158,0.0288199;-1.51925,1.46317,-1.62798
-0.307025,-0.32617,0.0287049;-1.56903,1.49335,-1.57847
-0.309054,-0.325361,0.0289558;-2.01375,1.54149,-1.13362
-0.336576,-0.322534,0.0438616;1.57066,1.47216,1.56123
-0.34539,-0.32525,0.0429626;0.496522,1.52053,2.61608
-0.33396,-0.332064,0.0338737;-2.74942,1.48537,-0.422692
-0.331607,-0.337353,0.0346822;-1.78133,1.45399,-1.4341
-0.339615,-0.335877,0.0363931;-1.90712,1.50439,-1.32978
-0.342084,-0.335497,0.0352455;-2.81734,1.4899,-0.369002
-0.346193,-0.331067,0.0462763;2.38077,1.4314,0.726464
-0.346375,-0.328991,0.0495858;2.32174,1.44859,0.794721
-0.343354,-0.328948,0.0387915;2.87131,1.47939,0.242137
-0.337453,-0.331538,0.0288749;-1.69375,1.53822,-1.45653
-0.338348,-0.331236,0.0287186;-1.56296,1.55671,-1.58521
-0.339512,-0.331035,0.0286618;1.56906,1.53621,1.56873
-0.351263,-0.326867,0.0327912;1.84528,1.4064,1.31068
-0.37335,-0.324084,0.0404951;1.1301,1.32014,2.02346
-0.383437,-0.323085,0.0379331;0.788967,1.33259,2.34221
-0.365732,-0.329981,0.0292414;1.95046,1.52619,1.17625
-0.367973,-0.329935,0.029436;1.76744,1.51402,1.35683
-0.372427,-0.328787,0.0319471;1.74054,1.48098,1.35785
-0.377221,-0.327591,0.0376481;2.23332,1.3767,0.876279
-0.382745,-0.326907,0.045091;1.98691,1.33797,1.12593
-0.386486,-0.325791,0.0493184;1.91053,1.35343,1.20707
-0.379411,-0.327027,0.0361996;2.58299,1.41198,0.541858
-0.381153,-0.325579,0.0324897;1.79071,1.47702,1.30494
-0.385017,-0.322756,0.0309419;1.63107,1.42891,1.47623
-0.389633,-0.318879,0.0291075;1.64342,1.31474,1.49309
-0.398912,-0.313491,0.0321851;1.64121,1.24255,1.5097
-0.417051,-0.30893,0.0391392;1.29985,1.15043,1.84613
-0.414162,-0.309959,0.029001;1.62176,1.30723,1.51443
-0.412315,-0.311652,0.0289372;1.59158,1.33006,1.53865
-0.413515,-0.311688,0.029107;1.58352,1.3062,1.54435
-0.419825,-0.308535,0.0323386;1.74053,1.24511,1.38303
-0.423273,-0.306016,0.0393528;2.00142,1.15541,1.14083
-0.430552,-0.302543,0.047009;1.90144,1.0903,1.23915
-0.430668,-0.308348,0.0387692;2.0708,1.19602,1.07401
-0.430884,-0.309524,0.0359215;1.90375,1.2556,1.21455
-0.43669,-0.304389,0.0369635;1.62247,1.25129,1.42507
-0.445068,-0.294502,0.0335748;1.72319,1.16809,1.39637
-0.447147,-0.289885,0.0365964;1.79699,1.11403,1.33689
-0.453576,-0.28377,0.0439217;1.61998,1.07824,1.50617
-0.447731,-0.282285,0.030099;1.50882,1.17226,1.6124
-0.444202,-0.284889,0.0288681;1.57216,1.22591,1.55589
-0.444276,-0.285781,0.0288355;1.57725,1.21073,1.55483
-0.448247,-0.283378,0.0297164;1.5958,1.14924,1.52498
-0.45247,-0.279773,0.0342043;1.74664,1.08085,1.38903
-0.455488,-0.276485,0.041596;1.89944,0.979486,1.25675
-0.463655,-0.276604,0.0453919;1.83348,0.994681,1.31221
-0.459017,-0.283031,0.0386369;1.93887,1.05342,1.22286
-0.461018,-0.283043,0.0355876;1.76071,1.10675,1.35406
-0.470724,-0.269949,0.0364778;1.60692,1.05485,1.44166
-0.472979,-0.266585,0.0334914;1.68012,1.00301,1.44491
-0.474662,-0.261589,0.0357513;1.73894,0.952065,1.4058
-0.483053,-0.248197,0.0433856;1.51391,0.951137,1.60748
-0.481107,-0.246251,0.0319258;1.46182,1.03062,1.64663
-0.476558,-0.248671,0.0287539;1.57202,1.09759,1.56141
-0.476817,-0.249516,0.0287207;1.57062,1.08294,1.56428
-0.47792,-0.248541,0.0288993;1.57367,1.03894,1.55414
-0.480141,-0.244878,0.0300365;1.62584,0.977809,1.51681
-0.496632,-0.230738,0.0456253;1.54674,0.857555,1.58137
-0.500704,-0.232433,0.0420152;1.55704,0.917903,1.55267
-0.493548,-0.244629,0.0333406;1.70695,0.977371,1.43267
-0.494467,-0.246472,0.0329025;1.60135,0.986765,1.4897
-0.497965,-0.241992,0.0346874;1.59853,0.942004,1.4691
-0.499781,-0.239942,0.0346457;1.70901,0.904087,1.4302
-0.504646,-0.233399,0.0459954;1.81844,0.773067,1.35625
-0.510011,-0.232212,0.0472328;1.7883,0.836825,1.36978
-0.506004,-0.239644,0.0385843;1.86716,0.902732,1.31284
-0.508793,-0.233172,0.0326192;1.59702,0.941943,1.49852
-0.511517,-0.22535,0.0312779;1.57766,0.877521,1.52363
-0.513896,-0.220817,0.0303272;1.5995,0.82587,1.52616
-0.513896,-0.220817,0.0303272;1.5995,0.82587,1.52616
-0.516747,-0.212975,0.0336474;1.65244,0.763156,1.49902
-0.516747,-0.212975,0.0336474;1.65244,0.763156,1.49902
