0,0,0.11;-1.57,-2.98023e-08,-1.57
0,0,0.11;-1.57,-2.98023e-08,-1.57
0,0,0.11;-1.57,-2.98023e-08,-1.57
-0.000407213,0.00469308,0.028581;-1.57072,-0.24308,-1.57064
4.41417e-05,0.00371661,0.0286486;-1.56879,-0.209703,-1.57317
0.000769518,-0.00265619,0.029115;-1.55588,-0.134618,-1.57479
0.0052424,-0.0199464,0.0354552;-1.44893,-0.0112811,-1.58561
0.00062747,-0.0146628,0.028809;-1.58096,-0.126393,-1.57472
0.000636606,-0.0131974,0.0290872;-1.58051,-0.16346,-1.56265
0.000879486,-0.0123777,0.0290883;-1.58145,-0.174539,-1.55878
0.000566484,-0.0130606,0.0286652;-1.57496,-0.139151,-1.57276
0.000309581,-0.0215308,0.0307331;-1.53177,-0.0605735,-1.5834
0.00456181,-0.0362749,0.0369628;-1.43314,0.0457334,-1.5998
0.00358989,-0.0359037,0.0352634;-1.48555,0.0208625,-1.61291
0.000480679,-0.0286189,0.0301902;-1.56957,-0.0473459,-1.60221
0.00110704,-0.0248633,0.0286964;-1.57064,-0.11257,-1.57651
0.00110691,-0.0232711,0.0287643;-1.57076,-0.140441,-1.57957
0.00193913,-0.0239547,0.0296168;-1.56067,-0.12307,-1.58708
0.00572702,-0.0287375,0.0343789;-1.50624,-0.0564198,-1.60793
0.00678784,-0.0333962,0.0391647;-1.44937,-0.0460904,-1.63809
0.00326284,-0.0372387,0.0370297;-1.49676,-0.0458183,-1.63747
-0.000782443,-0.0340335,0.0313525;-1.57975,-0.0627096,-1.61189
0.00250723,-0.0259404,0.0322074;-1.64998,-0.11768,-1.58344
0.0037928,-0.0292848,0.0321378;-1.56724,-0.0923778,-1.62847
0.00618539,-0.0358968,0.0361805;-1.52618,-0.0189617,-1.65474
0.00829599,-0.0392617,0.0406882;-1.47325,0.000523001,-1.67759
0.00742203,-0.0347904,0.0400703;-1.51336,-0.0903442,-1.69547
0.00823315,-0.0137121,0.0349784;-1.63654,-0.214323,-1.63124
0.00777898,-0.0133984,0.0345108;-1.69273,-0.178826,-1.59544
0.00486127,-0.018979,0.0369653;-1.73479,-0.0987509,-1.59642
0.00784678,-0.0362569,0.0473035;-1.60502,0.0909669,-1.62304
0.0129306,-0.0485594,0.0481208;-1.47747,0.0701641,-1.65037
0.012791,-0.0519481,0.0429037;-1.43611,-0.0334364,-1.68804
0.00436599,-0.0181209,0.0382857;-1.68242,-0.185577,-1.64785
0.00753478,0.00157153,0.0345638;-1.68456,-0.243063,-1.60604
0.00584102,9.54125e-05,0.0345388;-1.68218,-0.188426,-1.60352
0.00178695,-0.0256932,0.0425856;-1.56366,0.0527591,-1.62759
0.00423883,-0.0462675,0.0444088;-1.41257,0.154138,-1.61861
0.00457189,-0.0579289,0.0440185;-1.31473,0.146193,-1.62424
-0.00645938,-0.0397434,0.0420049;-1.42141,-0.0873893,-1.62958
-0.00916321,-0.0153968,0.0314619;-1.59621,-0.181604,-1.60023
-0.00712446,-0.00218061,0.0298253;-1.59272,-0.20363,-1.58076
-0.0123722,-0.00902649,0.0366295;-1.69795,-0.0449023,-1.57837
-0.0129869,-0.0321343,0.0455585;-1.55905,0.0825131,-1.6114
-0.00484517,-0.0605271,0.0438309;-1.26114,0.153627,-1.62315
-0.00966107,-0.0489393,0.0443196;-1.33194,0.0434741,-1.63776
-0.014473,-0.0217749,0.0324781;-1.57199,-0.0987084,-1.63088
-0.0135474,-0.00930468,0.0288397;-1.57033,-0.200623,-1.58314
-0.0152819,-0.0191523,0.0311737;-1.57734,-0.113441,-1.60936
-0.0141978,-0.0460413,0.0371508;-1.47824,0.00222597,-1.62625
-0.0110005,-0.0723404,0.0419824;-1.33591,0.0583217,-1.60416
-0.0154473,-0.0689139,0.0450116;-1.33485,0.0608768,-1.65623
-0.0201651,-0.0557595,0.0435073;-1.39719,-0.0314522,-1.65978
-0.0246232,-0.0323536,0.0329707;-1.57659,-0.136182,-1.61978
-0.0267246,-0.0330338,0.0334671;-1.65814,-0.0772133,-1.59247
-0.0278417,-0.041625,0.0369413;-1.66808,0.00317455,-1.61868
-0.0242695,-0.0630426,0.0423007;-1.56182,0.103027,-1.62915
-0.0114632,-0.0615379,0.0445446;-1.51041,0.0350081,-1.68295
-0.0173129,-0.0465107,0.0449301;-1.5672,0.00179154,-1.69166
-0.0229047,-0.0261947,0.0380403;-1.6579,-0.0930231,-1.65136
-0.0302115,-0.0282944,0.0392531;-1.78646,0.00099057,-1.57853
-0.0317898,-0.0307301,0.0427468;-1.84816,0.0431621,-1.57476
-0.0336607,-0.0371331,0.0469816;-1.8959,0.115443,-1.57292
-0.0135121,-0.0466295,0.0523535;-1.71658,0.0831136,-1.62514
-0.010551,-0.0437718,0.0540758;-1.65157,0.000482768,-1.65048
-0.0102229,-0.0304673,0.0408129;-1.73631,-0.0986639,-1.65201
-0.0124593,-0.0303271,0.0372457;-1.69324,-0.0905007,-1.62496
-0.0165526,-0.0392995,0.0398172;-1.72946,0.00403456,-1.62695
-0.0194644,-0.0522826,0.0430467;-1.73839,0.0851927,-1.63828
-0.021154,-0.074973,0.0543541;-1.55201,0.114011,-1.63373
-0.0271977,-0.0755394,0.0559158;-1.50224,0.034679,-1.64237
-0.0348786,-0.058932,0.0475627;-1.65221,-0.060556,-1.63885
-0.0371083,-0.0339458,0.039613;-1.78723,-0.169553,-1.60049
-0.0371621,-0.0333123,0.0419815;-1.81837,-0.142593,-1.58732
-0.0411323,-0.0367563,0.0435253;-1.83519,-0.0702932,-1.57234
-0.0336052,-0.0760425,0.054372;-1.58273,0.0782611,-1.60303
-0.0313546,-0.101541,0.0430323;-1.35597,0.0301623,-1.63948
-0.0334156,-0.0965712,0.0422814;-1.41724,-0.0227433,-1.6619
-0.0415523,-0.0565761,0.032822;-1.57866,-0.245808,-1.62412
-0.0405462,-0.0550371,0.033494;-1.57733,-0.247943,-1.64202
-0.0429565,-0.0615122,0.0341628;-1.57838,-0.193604,-1.64476
-0.0414453,-0.0918506,0.0416277;-1.39841,0.00649287,-1.63723
-0.0417554,-0.0954261,0.0421103;-1.39025,-0.0129981,-1.64303
-0.044534,-0.0893904,0.0411439;-1.45244,-0.085038,-1.66681
-0.0533456,-0.0621115,0.0384862;-1.61652,-0.219888,-1.66049
-0.0591409,-0.0532172,0.0381095;-1.71813,-0.234047,-1.62819
-0.065055,-0.0562592,0.0413153;-1.71595,-0.193938,-1.59284
-0.0483727,-0.0846057,0.048544;-1.51043,-0.0133394,-1.62615
-0.0455776,-0.089832,0.0468899;-1.506,-0.0656453,-1.64205
-0.0444353,-0.0879985,0.046136;-1.52284,-0.115281,-1.66627
-0.0627775,-0.053794,0.0413204;-1.77552,-0.247211,-1.6455
-0.0714583,-0.0481918,0.0432997;-1.82981,-0.208101,-1.60497
-0.0807331,-0.0564354,0.0450572;-1.78656,-0.15608,-1.57185
-0.0759418,-0.0646543,0.0557308;-1.68151,-0.031146,-1.58315
-0.06684,-0.0669007,0.0563781;-1.66124,-0.0869033,-1.61084
-0.0580365,-0.0623545,0.0556015;-1.66032,-0.109214,-1.62477
-0.0603317,-0.0466861,0.044632;-1.7779,-0.296599,-1.66455
-0.0593507,-0.0333857,0.0383737;-1.77829,-0.370848,-1.64911
-0.0610987,-0.0442019,0.038942;-1.71444,-0.27852,-1.65948
-0.0607468,-0.0558537,0.040461;-1.63613,-0.189946,-1.67529
-0.0581872,-0.0663676,0.0510371;-1.55565,-0.109515,-1.6494
-0.0558135,-0.0649904,0.052478;-1.58406,-0.177624,-1.65889
-0.0595998,-0.0593912,0.0519543;-1.64978,-0.234792,-1.66721
-0.0768075,-0.0291382,0.0422888;-1.83528,-0.353824,-1.6498
-0.0793269,-0.0285395,0.0433301;-1.83171,-0.321389,-1.61607
-0.0822159,-0.0307116,0.0451344;-1.84616,-0.242021,-1.58806
-0.0762616,-0.045541,0.056756;-1.70653,0.00639607,-1.59622
-0.0642378,-0.0481957,0.0534128;-1.63534,-0.0539966,-1.64776
-0.0571435,-0.043733,0.0490353;-1.63531,-0.102918,-1.69385
-0.0605684,-0.0177068,0.0403142;-1.63902,-0.256918,-1.69323
-0.0631205,-0.0094464,0.0377965;-1.72552,-0.266784,-1.64019
-0.0641528,-0.00939372,0.0367816;-1.73862,-0.248217,-1.61817
-0.0701656,-0.0213251,0.0483753;-1.70842,-0.0357981,-1.59521
-0.0692359,-0.0268264,0.0523831;-1.62505,-0.0365474,-1.60434
-0.0638027,-0.0218969,0.0509063;-1.64371,-0.0383708,-1.63112
-0.0674549,0.0135982,0.0450218;-1.92197,-0.231032,-1.6618
-0.0672177,0.0128023,0.0424116;-1.85812,-0.247287,-1.64666
-0.0654497,0.00901137,0.0385138;-1.74086,-0.252559,-1.58565
-0.0660988,-0.0132458,0.0399319;-1.62831,-0.0711659,-1.57678
-0.0599214,-0.0344831,0.042887;-1.41914,-0.0259688,-1.59016
-0.0550452,-0.0363312,0.0426194;-1.38068,-0.0289826,-1.63454
-0.0596278,-0.0194914,0.0395014;-1.5118,-0.164146,-1.68562
-0.0628357,-0.00711744,0.0383997;-1.54339,-0.224249,-1.68315
-0.0663712,-0.00464662,0.0336289;-1.57576,-0.23296,-1.64111
-0.070119,-0.0320011,0.0386617;-1.44921,-0.0995501,-1.60883
-0.0636461,-0.0506897,0.0422842;-1.3054,-0.0123345,-1.57438
-0.0635682,-0.0469716,0.0442798;-1.31268,-0.0613123,-1.59751
-0.0704158,-0.0254519,0.0390151;-1.54296,-0.174568,-1.68727
-0.0744285,-0.0152844,0.0389227;-1.55292,-0.23861,-1.68488
-0.0778588,-0.0123728,0.0379061;-1.56054,-0.279872,-1.68144
-0.0847506,-0.0196622,0.0352368;-1.54473,-0.267382,-1.62766
-0.0844599,-0.0288718,0.0353033;-1.48935,-0.212545,-1.59099
-0.0782844,-0.0393453,0.0406061;-1.3992,-0.160895,-1.59072
-0.0812469,-0.0252165,0.0386967;-1.50694,-0.255159,-1.65587
-0.0864962,-0.0111965,0.0357424;-1.56249,-0.349953,-1.66268
-0.0901317,-0.00118989,0.0328401;-1.55721,-0.431788,-1.62418
-0.0925992,-0.00211777,0.0287827;-1.56577,-0.432292,-1.57378
-0.0920947,-0.00467166,0.0303457;-1.55145,-0.418961,-1.57797
-0.0864235,-0.0172827,0.0358927;-1.47488,-0.314188,-1.56988
-0.0790698,-0.00675472,0.0379965;-1.52721,-0.471699,-1.64902
-0.0846063,0.00254748,0.0330347;-1.56437,-0.537878,-1.63352
-0.0884015,0.0113462,0.0308399;-1.5731,-0.623104,-1.60956
-0.0881237,0.0107534,0.028556;-1.57099,-0.5733,-1.56977
-0.0882258,0.00929307,0.0294866;-1.57392,-0.57069,-1.55383
-0.0870576,0.00226634,0.0311688;-1.55742,-0.501419,-1.53255
-0.0832427,0.00711059,0.034376;-1.51039,-0.603091,-1.57983
-0.086469,0.0173741,0.0314984;-1.57066,-0.696299,-1.61785
-0.0933082,0.0286623,0.029851;-1.59351,-0.754933,-1.59595
-0.0931145,0.0276235,0.0288277;-1.56546,-0.709077,-1.55952
-0.092623,0.0283937,0.0294522;-1.55206,-0.670243,-1.54147
-0.0922669,0.0284425,0.030349;-1.54723,-0.6473,-1.52997
-0.0912805,0.0288792,0.0315165;-1.48906,-0.705989,-1.52369
-0.0985319,0.0339288,0.0290647;-1.56566,-0.790534,-1.58714
-0.100971,0.0377899,0.0296545;-1.5588,-0.838686,-1.58225
-0.103873,0.0392517,0.028739;-1.56057,-0.888757,-1.56393
-0.103669,0.0388403,0.0289758;-1.55119,-0.87105,-1.5493
-0.103446,0.0383028,0.0294379;-1.53367,-0.846001,-1.53019
-0.103106,0.0392682,0.0327214;-1.44033,-0.85424,-1.47302
-0.106993,0.0414953,0.0312624;-1.47477,-0.911053,-1.50559
-0.113448,0.0459351,0.0290578;-1.56157,-0.981899,-1.58123
-0.119419,0.0483027,0.0287127;-1.57067,-1.10461,-1.57705
-0.119044,0.0480094,0.0288426;-1.54686,-1.08326,-1.54809
-0.119307,0.0485243,0.0291639;-1.54063,-1.05909,-1.53112
-0.121346,0.0525103,0.0314866;-1.4506,-1.00855,-1.46217
-0.121774,0.0534391,0.0318641;-1.43436,-1.03799,-1.45693
-0.126518,0.0565443,0.0291656;-1.55027,-1.10664,-1.57179
-0.133571,0.0585277,0.0286291;-1.57082,-1.26067,-1.57313
-0.1334,0.0587336,0.0285787;-1.57061,-1.24416,-1.57072
-0.133434,0.0594696,0.0290545;-1.54066,-1.2044,-1.53066
-0.132897,0.0573585,0.0314534;-1.50102,-1.217,-1.46663
-0.129826,0.0543386,0.0298282;-1.45515,-1.28261,-1.45638
-0.132659,0.0545311,0.0291818;-1.49462,-1.34941,-1.50887
-0.137605,0.0555085,0.0285971;-1.5528,-1.47308,-1.55491
-0.137823,0.0555282,0.0285718;-1.56964,-1.47929,-1.56937
-0.138324,0.0564577,0.0289426;-1.51875,-1.42904,-1.5092
-0.140524,0.0572907,0.0305;-1.43564,-1.3883,-1.40471
-0.138372,0.0552467,0.029855;-1.43762,-1.44431,-1.41739
-0.138162,0.053782,0.0291182;-1.24144,-1.49686,-1.24421
-0.147502,0.0516773,0.0290137;1.7335,-1.54995,1.72731
-0.149611,0.0518572,0.0286546;1.57057,-1.4853,1.56693
-0.150114,0.0524623,0.0289323;1.36827,-1.51907,1.37515
-0.150114,0.0524623,0.0289323;1.36827,-1.51907,1.37515
-0.150574,0.0533842,0.029308;0.480147,-1.54762,0.49493
-0.150574,0.0533842,0.029308;0.480147,-1.54762,0.49493
