0,0,0.11;-1.57,-2.98023e-08,-1.57
0,0,0.11;-1.57,-2.98023e-08,-1.57
0,0,0.11;-1.57,-2.98023e-08,-1.57
-0.000130906,0.00630572,0.0286396;-1.56757,-0.179459,-1.57004
2.34072e-05,0.00654775,0.0286482;-1.57059,-0.156699,-1.56743
-0.000375865,0.00617944,0.0296066;-1.58365,-0.143457,-1.56044
0.000128155,0.00355828,0.0360214;-1.66368,-0.140358,-1.54768
0.00405344,0.00262821,0.0286183;-1.57109,-0.250173,-1.56915
0.00424803,0.00233483,0.0287219;-1.56506,-0.27259,-1.56789
0.00459861,0.0021023,0.028711;-1.5654,-0.25247,-1.57077
0.00628593,0.00133271,0.0285817;-1.57055,-0.143306,-1.57099
0.0066464,0.000227889,0.0286508;-1.56823,-0.0642089,-1.56967
0.00537037,-0.00536601,0.0302021;-1.57908,0.00651802,-1.56322
0.00207718,-0.0166346,0.0331826;-1.63054,0.0152336,-1.55298
0.00198008,-0.0194544,0.0304818;-1.61762,-0.0356032,-1.57476
0.00239109,-0.0206967,0.0287522;-1.57674,-0.0492306,-1.5672
0.00150131,-0.0228608,0.0286651;-1.57061,0.0637824,-1.5748
0.0018908,-0.0263218,0.0290008;-1.559,0.132342,-1.58058
0.00223768,-0.0365399,0.033316;-1.48456,0.216867,-1.59972
0.00308737,-0.0421029,0.0381557;-1.40499,0.22981,-1.63281
0.000595044,-0.038986,0.0363191;-1.45664,0.169841,-1.62426
-0.0016531,-0.0294225,0.0297468;-1.57709,0.0946395,-1.58936
0.00152971,-0.0230672,0.0289764;-1.56411,0.0507472,-1.58334
0.00153311,-0.0232682,0.0289652;-1.56752,0.0729172,-1.58613
0.00149782,-0.0285893,0.0309031;-1.52962,0.140721,-1.58874
0.00145655,-0.0357852,0.0346126;-1.45264,0.208242,-1.59907
0.00206649,-0.0308338,0.0316261;-1.51958,0.16949,-1.5933
0.0069743,-0.0213036,0.0287247;-1.57816,0.000843614,-1.56969
0.00690864,-0.0211983,0.028763;-1.57142,0.0052714,-1.56237
0.00693821,-0.0203459,0.0287074;-1.5709,0.0511034,-1.56459
0.00765449,-0.0196236,0.0293482;-1.55326,0.189224,-1.56835
0.00679837,-0.0193726,0.0304293;-1.55173,0.247319,-1.55695
0.00921242,-0.0195608,0.029219;-1.58308,0.2358,-1.56376
0.011468,-0.0188631,0.0289417;-1.58594,0.182822,-1.57073
0.0110392,-0.0190047,0.028587;-1.5709,0.201038,-1.57109
0.0104529,-0.0182382,0.0287301;-1.57092,0.267588,-1.56355
0.0091522,-0.0187076,0.0292547;-1.56694,0.354592,-1.56063
0.00700053,-0.0218636,0.0299026;-1.55245,0.405799,-1.56644
0.00540101,-0.0233721,0.0299812;-1.55307,0.413768,-1.56598
0.00600988,-0.0242397,0.0290034;-1.58662,0.414901,-1.57579
0.00485162,-0.0256737,0.0287443;-1.57035,0.455666,-1.57869
0.00438422,-0.0260944,0.0287072;-1.56717,0.466622,-1.57525
0.00306991,-0.0241262,0.0294617;-1.58765,0.632814,-1.54557
0.000410056,-0.0265624,0.0299588;-1.58401,0.706156,-1.55223
-0.0074216,-0.0394705,0.0317787;-1.49291,0.746542,-1.61433
-0.00121954,-0.0339776,0.0308222;-1.56976,0.623688,-1.61077
0.00302007,-0.0299235,0.030893;-1.5622,0.551445,-1.61375
0.00529837,-0.0251255,0.0289699;-1.57016,0.487019,-1.58357
0.00142895,-0.024642,0.0300692;-1.57881,0.579704,-1.56035
-0.00744648,-0.0261395,0.0339542;-1.63137,0.689629,-1.50928
-0.0218296,-0.0418281,0.0412492;-1.56488,0.804659,-1.53453
-0.0190843,-0.0498713,0.0315721;-1.53244,0.580702,-1.57886
-0.011212,-0.042271,0.0286177;-1.57272,0.494362,-1.57016
-0.00914398,-0.0410792,0.02878;-1.57065,0.447047,-1.58089
-0.00998113,-0.0395755,0.0287823;-1.57194,0.550622,-1.5611
-0.0131986,-0.0410271,0.0310411;-1.58431,0.603457,-1.53001
-0.0219769,-0.051917,0.0338725;-1.58362,0.667044,-1.49854
-0.0278947,-0.0532934,0.0344591;-1.58429,0.630723,-1.4899
-0.02411,-0.0513453,0.0317454;-1.58714,0.546012,-1.51914
-0.0234257,-0.0535352,0.0292936;-1.5823,0.518729,-1.55374
-0.0247225,-0.0516271,0.0288479;-1.58611,0.608258,-1.56254
-0.0267986,-0.0515702,0.0292331;-1.57742,0.680727,-1.55579
-0.0325119,-0.0550635,0.0319727;-1.58267,0.725485,-1.52253
-0.045872,-0.0611743,0.0361497;-1.57955,0.728743,-1.48149
-0.0456528,-0.060933,0.0342365;-1.59715,0.6519,-1.48562
-0.0426369,-0.0608273,0.0314008;-1.57894,0.593217,-1.52297
-0.0422419,-0.062029,0.0290588;-1.59812,0.583305,-1.55654
-0.0443978,-0.0638719,0.0285852;-1.56914,0.66995,-1.57298
-0.0443211,-0.065339,0.0290325;-1.5485,0.723983,-1.58025
-0.0482104,-0.0670657,0.0343163;-1.50536,0.746397,-1.56624
-0.0544316,-0.0680669,0.0339667;-1.50795,0.667126,-1.57089
-0.053084,-0.0618271,0.0313818;-1.58836,0.60864,-1.51856
-0.0438603,-0.0568513,0.0301999;-1.60477,0.491319,-1.55414
-0.0424015,-0.0569599,0.0302615;-1.60762,0.504384,-1.56179
-0.045233,-0.0595884,0.029835;-1.56931,0.552232,-1.59181
-0.0537751,-0.0824506,0.0382802;-1.31769,0.743353,-1.7513
-0.0566419,-0.0852785,0.0382009;-1.34947,0.697676,-1.72708
-0.0544681,-0.0755342,0.034271;-1.46394,0.623247,-1.64457
-0.0436335,-0.0612207,0.0307095;-1.59367,0.502511,-1.56793
-0.0437494,-0.0610016,0.0318749;-1.62756,0.537073,-1.55984
-0.0467112,-0.0628678,0.0334662;-1.59662,0.571955,-1.60934
-0.0532278,-0.0738907,0.0375806;-1.40291,0.693488,-1.71123
-0.0537907,-0.0772467,0.0375222;-1.37371,0.688171,-1.71977
-0.0496016,-0.0664107,0.0343243;-1.45957,0.60472,-1.66201
-0.0427364,-0.0540238,0.0290584;-1.56621,0.478314,-1.58871
-0.0455014,-0.0574011,0.0320771;-1.56403,0.552213,-1.62968
-0.0486971,-0.0609196,0.0337931;-1.56499,0.604604,-1.65101
-0.0655797,-0.0710949,0.0378789;-1.42733,0.794392,-1.72696
-0.0671805,-0.0694142,0.0379026;-1.38858,0.78451,-1.73737
-0.0636809,-0.0617667,0.0353122;-1.42849,0.727211,-1.68798
-0.0508895,-0.0501583,0.0308683;-1.57142,0.601506,-1.60832
-0.0513926,-0.0515755,0.0334681;-1.58434,0.629313,-1.62906
-0.0542022,-0.0540593,0.035279;-1.60374,0.650778,-1.62641
-0.0586767,-0.0616884,0.0466013;-1.64527,0.790309,-1.5804
-0.0594811,-0.0615073,0.049378;-1.63198,0.802121,-1.58848
-0.0618139,-0.0591652,0.0456773;-1.52741,0.818811,-1.6573
-0.0501667,-0.0506704,0.0341033;-1.5481,0.718465,-1.65784
-0.0447575,-0.0499409,0.0375951;-1.5385,0.70551,-1.69881
-0.0441384,-0.0532342,0.0367853;-1.54552,0.75482,-1.70373
-0.0470048,-0.056646,0.0411933;-1.54089,0.789559,-1.68685
-0.0498997,-0.0513844,0.0532516;-1.5439,0.791636,-1.64194
-0.0397261,-0.0430995,0.0483851;-1.51978,0.731294,-1.67191
-0.0295314,-0.0344477,0.0369702;-1.51872,0.665189,-1.699
-0.023623,-0.029683,0.0366765;-1.53905,0.607315,-1.68832
-0.0240253,-0.0311236,0.0378567;-1.55959,0.641327,-1.6976
-0.0257229,-0.0330328,0.0368362;-1.5688,0.649201,-1.6848
-0.0397295,-0.04485,0.0506703;-1.61089,0.731106,-1.61636
-0.0393297,-0.0389677,0.0517754;-1.63326,0.67161,-1.58578
-0.0277059,-0.0252706,0.0387404;-1.666,0.631933,-1.57615
-0.0204743,-0.0152681,0.0297822;-1.56919,0.534293,-1.59657
-0.0258353,-0.0165362,0.0325208;-1.56827,0.597708,-1.62457
-0.0317585,-0.0194512,0.0331627;-1.58026,0.672603,-1.62996
-0.0483938,-0.0366404,0.0368974;-1.63166,0.802135,-1.60535
-0.0548763,-0.0371885,0.0411743;-1.68805,0.757141,-1.5269
-0.0500371,-0.0256982,0.0374856;-1.81025,0.706298,-1.42006
-0.0525073,-0.0292641,0.0287693;-1.57398,0.688731,-1.57642
-0.0533835,-0.0299182,0.0287901;-1.57054,0.724734,-1.58102
-0.0584478,-0.0339737,0.0292777;-1.57828,0.809017,-1.58327
-0.0653274,-0.0468803,0.0336712;-1.5156,0.946586,-1.66205
-0.0673309,-0.047791,0.037209;-1.45326,0.905248,-1.71175
-0.0658539,-0.0442046,0.0396963;-1.56305,0.85581,-1.61393
-0.0493029,-0.0284771,0.0326756;-1.64175,0.718771,-1.54156
-0.0484195,-0.0284043,0.0297198;-1.57629,0.695722,-1.59048
-0.0509993,-0.0300443,0.0304933;-1.57503,0.730707,-1.60074
-0.0613728,-0.0392712,0.0372338;-1.5014,0.851696,-1.70339
-0.0669667,-0.0470742,0.0418819;-1.38568,0.872094,-1.79878
-0.0633927,-0.0488577,0.0426784;-1.42931,0.793032,-1.76529
-0.044947,-0.0380715,0.0341927;-1.58105,0.605857,-1.63496
-0.040109,-0.0337524,0.0305238;-1.57255,0.528831,-1.60376
-0.0408566,-0.0337031,0.0309874;-1.57012,0.544514,-1.60628
-0.0482989,-0.0399778,0.0344352;-1.53461,0.642018,-1.65884
-0.058426,-0.0455938,0.0379166;-1.47984,0.71502,-1.70531
-0.0621122,-0.0491983,0.0395087;-1.44374,0.731761,-1.72712
-0.0586777,-0.0490989,0.0328952;-1.58348,0.600375,-1.62148
-0.0545359,-0.0451668,0.0296995;-1.57227,0.54962,-1.5938
-0.0536846,-0.0440482,0.0290449;-1.58283,0.54448,-1.57428
-0.0579549,-0.0463167,0.0289084;-1.56268,0.695332,-1.58597
-0.0628822,-0.0530396,0.0294942;-1.55598,0.804453,-1.59393
-0.0675867,-0.0619649,0.0328411;-1.46294,0.889346,-1.6677
-0.0678345,-0.0594184,0.0296225;-1.57614,0.846425,-1.58225
-0.0663582,-0.056806,0.0285866;-1.57222,0.778123,-1.57111
-0.0663672,-0.0564616,0.0285832;-1.57135,0.743834,-1.5703
-0.0661208,-0.051968,0.0296623;-1.5954,0.86446,-1.53433
-0.0660259,-0.0518995,0.031265;-1.60435,0.918704,-1.51066
-0.0684963,-0.0571888,0.0315384;-1.54273,0.994184,-1.56617
-0.0714865,-0.0563902,0.0294168;-1.5289,0.923803,-1.60859
-0.0675771,-0.053005,0.02871;-1.56115,0.843511,-1.57801
-0.0675631,-0.0525915,0.0285998;-1.57088,0.811706,-1.56973
-0.0686092,-0.0500767,0.0288589;-1.58395,0.902233,-1.55527
-0.0756192,-0.0490838,0.0315182;-1.61316,1.02955,-1.51798
-0.0925134,-0.0549134,0.0381094;-1.49344,1.15902,-1.61341
-0.0998357,-0.0647735,0.0388961;-1.25046,1.03633,-1.83414
-0.0877931,-0.0622797,0.0341095;-1.42866,0.952317,-1.69228
-0.0743007,-0.0578579,0.0295141;-1.55672,0.913651,-1.58176
-0.0754656,-0.0548235,0.0300053;-1.58364,0.952126,-1.54983
-0.0825456,-0.0513642,0.0344987;-1.66671,1.07284,-1.45028
-0.0978323,-0.0512041,0.042009;-1.61322,1.22424,-1.5085
-0.116367,-0.0578032,0.0461318;-1.17038,1.1958,-1.87981
-0.108522,-0.0533017,0.0443695;-1.32055,1.07262,-1.73505
-0.0876073,-0.0481505,0.0309887;-1.59457,0.981432,-1.52436
-0.0783707,-0.0443091,0.03037;-1.59568,0.988869,-1.53021
-0.0786301,-0.0379126,0.0335946;-1.66142,1.0875,-1.43921
-0.085404,-0.0325515,0.036332;-1.80299,1.19359,-1.29862
-0.110916,-0.0367359,0.0388815;-1.60559,1.33135,-1.44365
-0.106279,-0.0330409,0.0373049;-1.73953,1.2565,-1.3225
-0.0987457,-0.0311614,0.0384704;-1.88066,1.19921,-1.22038
-0.0986729,-0.037579,0.0318858;-1.69296,1.13307,-1.44396
-0.0987084,-0.0375446,0.0289105;-1.58984,1.17641,-1.54468
-0.0974764,-0.0387194,0.0288693;-1.55084,1.27271,-1.58182
-0.104225,-0.0414271,0.032403;-1.59164,1.3281,-1.5061
-0.108302,-0.0376906,0.0349776;-1.64375,1.29395,-1.42983
-0.10488,-0.0323959,0.0348863;-1.73256,1.28574,-1.35332
-0.103956,-0.0331041,0.0356743;-1.82728,1.20422,-1.28975
-0.103866,-0.034955,0.0348136;-1.81747,1.21113,-1.30794
-0.104528,-0.0356385,0.0313991;-1.66818,1.24499,-1.45551
-0.106368,-0.0402298,0.0300015;-1.48475,1.32932,-1.64449
-0.110453,-0.0387363,0.0311123;-1.55412,1.28565,-1.55458
-0.110203,-0.0346302,0.0325641;-1.61632,1.26032,-1.47576
-0.109718,-0.0340921,0.0324501;-1.65218,1.21413,-1.44388
-0.109206,-0.0322565,0.0350908;-1.80082,1.22722,-1.30608
-0.106178,-0.0318874,0.0377058;-1.94761,1.23004,-1.16664
-0.106178,-0.0318874,0.0377058;-1.94761,1.23004,-1.16664
-0.10853,-0.034644,0.0353369;-1.97782,1.32831,-1.15647
-0.10853,-0.034644,0.0353369;-1.97782,1.32831,-1.15647
