0,0,0.11;-1.57,-2.98023e-08,-1.57
0,0,0.11;-1.57,-2.98023e-08,-1.57
0,0,0.11;-1.57,-2.98023e-08,-1.57
0.000235931,0.00731018,0.0286432;-1.57046,-0.12602,-1.57369
8.5938e-05,0.00597926,0.0285792;-1.57079,-0.0748831,-1.57072
-0.001816,0.000970235,0.0300418;-1.58467,-0.0232508,-1.56294
-0.00469935,-0.024758,0.0362385;-1.44057,0.0156001,-1.56106
-0.00445748,-0.0128749,0.028576;-1.57047,-0.109936,-1.57084
-0.00431027,-0.0128363,0.0287885;-1.56457,-0.103073,-1.57401
-0.00434444,-0.0121333,0.0286498;-1.57073,-0.114245,-1.57404
-0.00460988,-0.0137999,0.0285831;-1.57049,-0.0422893,-1.57005
-0.00733479,-0.0211661,0.0309608;-1.59704,0.013958,-1.55853
-0.0109664,-0.0443997,0.0379933;-1.5062,0.106876,-1.56075
-0.0122185,-0.0511287,0.0332679;-1.48964,0.0503956,-1.5629
-0.0116124,-0.0431805,0.0288044;-1.58206,-0.0116293,-1.56661
-0.0110034,-0.0430377,0.0286061;-1.56946,-0.0243474,-1.5712
-0.0113217,-0.0447338,0.0287272;-1.57069,0.03597,-1.57778
-0.0121831,-0.0475541,0.0287439;-1.56941,0.0868682,-1.57539
-0.0162626,-0.0650967,0.0332132;-1.51197,0.165094,-1.57895
-0.0205485,-0.0826698,0.0374944;-1.42469,0.189415,-1.56957
-0.0204647,-0.0775886,0.0332082;-1.48659,0.115763,-1.5674
-0.0189057,-0.0713822,0.0286728;-1.57026,0.0583816,-1.56236
-0.0186231,-0.0712769,0.0285797;-1.57082,0.071675,-1.57081
-0.0186336,-0.0716423,0.0285775;-1.57092,0.118331,-1.5707
-0.0216279,-0.0766758,0.0298754;-1.57035,0.18218,-1.56363
-0.0284521,-0.0964608,0.0341282;-1.49342,0.241676,-1.57224
-0.0325819,-0.102019,0.031541;-1.5325,0.187594,-1.55837
-0.0306091,-0.0980375,0.0288242;-1.56249,0.156503,-1.5684
-0.0303909,-0.0979746,0.0287239;-1.56377,0.171918,-1.57198
-0.030066,-0.0982176,0.0285807;-1.57099,0.206882,-1.57098
-0.0380739,-0.111691,0.0315648;-1.54747,0.343406,-1.56723
-0.0471679,-0.136753,0.0376834;-1.41635,0.416995,-1.61084
-0.0529894,-0.141428,0.0368187;-1.44403,0.375228,-1.58797
-0.0480577,-0.124568,0.0288055;-1.57333,0.237401,-1.5615
-0.0475071,-0.124531,0.0287663;-1.56298,0.243018,-1.57119
-0.0472165,-0.124646,0.0287164;-1.56393,0.278335,-1.5727
-0.0512051,-0.128261,0.0302412;-1.57571,0.39457,-1.55311
-0.0631527,-0.149878,0.0354499;-1.46807,0.497879,-1.59908
-0.0714269,-0.165836,0.0386817;-1.41618,0.514405,-1.61374
-0.0655456,-0.148321,0.0289604;-1.57607,0.361153,-1.55546
-0.0643661,-0.148459,0.0287561;-1.56678,0.335092,-1.56674
-0.0639127,-0.148453,0.0287732;-1.56085,0.357965,-1.57431
-0.0644232,-0.148424,0.0291551;-1.57352,0.452237,-1.56026
-0.0746084,-0.159131,0.032591;-1.56148,0.550922,-1.55115
-0.0893275,-0.183068,0.0396733;-1.402,0.642247,-1.63802
-0.0883408,-0.173204,0.0307442;-1.55726,0.484158,-1.55158
-0.0800625,-0.166532,0.0288457;-1.57477,0.42695,-1.55979
-0.0791105,-0.166559,0.0287578;-1.56497,0.424597,-1.56993
-0.0782756,-0.166249,0.028693;-1.57124,0.522006,-1.56487
-0.0850284,-0.172108,0.0309381;-1.57275,0.604223,-1.55098
-0.101572,-0.194831,0.0382223;-1.40736,0.711633,-1.65321
-0.107986,-0.183225,0.0322238;-1.58925,0.582432,-1.51064
-0.0967614,-0.172946,0.0306163;-1.59003,0.51096,-1.53428
-0.0935571,-0.173699,0.0289853;-1.57262,0.483243,-1.56018
-0.0935974,-0.173462,0.0287152;-1.57012,0.53312,-1.56548
-0.10019,-0.179173,0.030773;-1.57243,0.625908,-1.55185
-0.116823,-0.200876,0.0385496;-1.40131,0.728774,-1.65744
-0.123835,-0.19057,0.0334771;-1.55675,0.620006,-1.53035
-0.112142,-0.177063,0.0313715;-1.59731,0.541426,-1.52288
-0.109085,-0.177378,0.029085;-1.57358,0.506087,-1.55822
-0.10888,-0.17665,0.0286853;-1.57055,0.540174,-1.56562
-0.113007,-0.177738,0.0308713;-1.5887,0.616973,-1.53687
-0.130568,-0.195486,0.036036;-1.48274,0.723882,-1.59885
-0.144516,-0.205005,0.0392995;-1.44679,0.742014,-1.59977
-0.138262,-0.190624,0.0328039;-1.61966,0.651941,-1.48139
-0.134025,-0.186587,0.0321493;-1.59927,0.615486,-1.51173
-0.131753,-0.190636,0.0289408;-1.57745,0.552355,-1.55546
-0.132325,-0.188325,0.0308872;-1.5911,0.593506,-1.52629
-0.141024,-0.192953,0.0343156;-1.63292,0.674536,-1.48687
-0.175301,-0.224537,0.0428068;-1.33245,0.834099,-1.68871
-0.177051,-0.216028,0.0408552;-1.41288,0.757513,-1.62271
-0.167488,-0.19787,0.0332247;-1.6079,0.657035,-1.49214
-0.150898,-0.195583,0.0301861;-1.57075,0.565181,-1.5454
-0.15085,-0.194937,0.0290397;-1.57966,0.583614,-1.55084
-0.15325,-0.195076,0.0304551;-1.58863,0.624883,-1.53625
-0.188915,-0.229546,0.0432637;-1.30825,0.832648,-1.71341
-0.198382,-0.232075,0.0434473;-1.29536,0.801926,-1.71877
-0.194768,-0.210967,0.0361738;-1.53495,0.714129,-1.53402
-0.171735,-0.201242,0.0310891;-1.57193,0.570341,-1.53331
-0.171221,-0.200605,0.0293869;-1.57735,0.585848,-1.54897
-0.17286,-0.201122,0.0301123;-1.5855,0.605391,-1.54044
-0.20526,-0.233607,0.0424358;-1.33597,0.814074,-1.69006
-0.216148,-0.238651,0.0438053;-1.29184,0.788529,-1.7171
-0.213244,-0.217284,0.0366158;-1.51445,0.697232,-1.54757
-0.188659,-0.204449,0.0308395;-1.56876,0.550952,-1.53925
-0.187645,-0.203265,0.0290935;-1.57638,0.571935,-1.55324
-0.188729,-0.203528,0.0299443;-1.58415,0.589054,-1.54321
-0.218076,-0.236899,0.0414101;-1.35223,0.792285,-1.68315
-0.228608,-0.244525,0.043252;-1.28795,0.763123,-1.72384
-0.22555,-0.226419,0.035639;-1.51783,0.705936,-1.552
-0.208641,-0.212259,0.0312947;-1.57573,0.614275,-1.52929
-0.207069,-0.211711,0.0325739;-1.58792,0.647074,-1.50679
-0.207979,-0.212405,0.0299875;-1.58788,0.657696,-1.53646
-0.233979,-0.236008,0.0368371;-1.42932,0.840173,-1.65314
-0.248748,-0.248509,0.0403959;-1.31217,0.86291,-1.73706
-0.246809,-0.244379,0.0382685;-1.41589,0.883488,-1.64498
-0.23618,-0.224265,0.0330247;-1.59816,0.826845,-1.49427
-0.228697,-0.226533,0.0355993;-1.59996,0.810841,-1.46284
-0.230928,-0.227228,0.0297873;-1.5882,0.814114,-1.53458
-0.234778,-0.227152,0.0318932;-1.61044,0.861384,-1.50414
-0.278215,-0.251975,0.0435214;-1.23322,1.04646,-1.80322
-0.284348,-0.247223,0.0419482;-1.30751,0.994929,-1.73399
-0.272392,-0.227925,0.0337811;-1.62521,0.911215,-1.46614
-0.250895,-0.227559,0.0329761;-1.58549,0.810215,-1.502
-0.251641,-0.227659,0.0297943;-1.57796,0.829072,-1.54323
-0.253,-0.227332,0.0301196;-1.59087,0.849421,-1.53277
-0.291281,-0.250778,0.0412829;-1.26586,1.04382,-1.79297
-0.302872,-0.254069,0.042729;-1.20536,1.01151,-1.84034
-0.294527,-0.235298,0.0347892;-1.52232,0.939705,-1.55813
-0.274263,-0.226051,0.0343173;-1.58154,0.871744,-1.49323
-0.273319,-0.226719,0.033696;-1.5997,0.901844,-1.4833
-0.275806,-0.226259,0.0306145;-1.5961,0.921495,-1.51948
-0.315873,-0.247789,0.0396822;-1.24146,1.10416,-1.83934
-0.329193,-0.252939,0.0413284;-1.1596,1.09655,-1.90844
-0.320766,-0.240392,0.0338031;-1.49509,1.06866,-1.59725
-0.306294,-0.229212,0.0333911;-1.60198,1.04256,-1.48223
-0.304984,-0.230083,0.0356604;-1.61841,1.05419,-1.442
-0.30679,-0.22964,0.0308477;-1.62145,1.06802,-1.49191
-0.34192,-0.239996,0.0356438;-1.28535,1.23675,-1.82943
-0.367096,-0.248094,0.0400743;-0.962473,1.25847,-2.1311
-0.365259,-0.243689,0.0370338;-1.18253,1.27082,-1.91159
-0.347455,-0.230253,0.0312752;-1.60739,1.23742,-1.49849
-0.345314,-0.233122,0.033605;-1.61241,1.23023,-1.46701
-0.346054,-0.233306,0.0310901;-1.61569,1.23714,-1.49423
-0.364859,-0.232925,0.0312467;-1.57677,1.36457,-1.55136
-0.398052,-0.239068,0.0400947;-0.519403,1.37891,-2.59237
-0.409931,-0.238289,0.0396563;-0.492966,1.38703,-2.61491
-0.384575,-0.224208,0.0314935;-1.67853,1.40409,-1.42709
-0.380856,-0.22567,0.0331144;-1.67055,1.40489,-1.41491
-0.380514,-0.226828,0.0340644;-1.68123,1.40658,-1.39217
-0.387481,-0.223689,0.0313769;-1.76451,1.47066,-1.34979
-0.414066,-0.222708,0.0349277;0.153615,1.49302,2.99625
-0.441683,-0.222194,0.039156;0.47307,1.38794,2.68087
-0.421745,-0.211146,0.0307995;-2.4834,1.55338,-0.622891
-0.416335,-0.210105,0.0311578;-2.30163,1.54763,-0.804798
-0.413767,-0.208174,0.0336533;2.47586,1.54443,0.730315
-0.414,-0.206213,0.0329369;2.02653,1.49121,1.17154
-0.424427,-0.200685,0.0351623;1.9107,1.39737,1.27811
-0.45568,-0.193319,0.0421709;1.19632,1.25788,1.96474
-0.463205,-0.18382,0.0331913;1.52802,1.31699,1.6586
-0.449002,-0.182764,0.0325381;1.67023,1.33353,1.52148
-0.443206,-0.183792,0.0353404;1.68066,1.30815,1.54504
-0.442428,-0.182014,0.0362423;1.75767,1.24411,1.46721
-0.444274,-0.176727,0.0369251;1.74623,1.18228,1.48325
-0.452601,-0.169622,0.0436205;1.65357,1.13786,1.55681
-0.459384,-0.171069,0.0336202;1.67121,1.19462,1.53658
-0.461929,-0.172389,0.0301327;1.59202,1.20479,1.57653
-0.460427,-0.172157,0.029853;1.60114,1.19463,1.56205
-0.45727,-0.170647,0.0330724;1.64616,1.12649,1.55753
-0.459496,-0.164803,0.035119;1.63921,1.07501,1.57484
-0.465845,-0.155755,0.0442831;1.438,1.04141,1.74674
-0.456358,-0.156288,0.0372319;1.59078,1.18288,1.63344
-0.455028,-0.160971,0.0357087;1.66979,1.25396,1.56209
-0.457361,-0.163624,0.0330627;1.6221,1.29537,1.57884
-0.455708,-0.163457,0.0322428;1.63562,1.27111,1.55906
-0.456766,-0.161417,0.033275;1.6632,1.22702,1.53847
-0.474908,-0.150553,0.0351108;1.47617,1.11979,1.68467
-0.51506,-0.138442,0.035741;1.31277,0.979833,1.78358
-0.510079,-0.140516,0.0296924;1.5175,1.02346,1.62188
-0.508888,-0.14116,0.0287803;1.57144,1.04676,1.58005
-0.506203,-0.141182,0.0302957;1.58373,1.01947,1.5881
-0.505145,-0.140532,0.0321636;1.61127,0.997746,1.58361
-0.51082,-0.134076,0.0334112;1.61576,0.932854,1.58021
-0.536534,-0.107784,0.0420812;1.34489,0.816835,1.79119
-0.525983,-0.106916,0.0389707;1.44328,0.896344,1.73728
-0.508932,-0.116146,0.0349248;1.62067,0.984869,1.60929
-0.508908,-0.129277,0.033245;1.60235,1.07909,1.60348
-0.509366,-0.127931,0.0301692;1.58063,1.07466,1.59156
-0.509325,-0.125564,0.0309646;1.59332,1.03347,1.58689
-0.54098,-0.0953233,0.0381967;1.30671,0.819808,1.75975
-0.545382,-0.0935524,0.0357143;1.37562,0.804737,1.70862
-0.541798,-0.096695,0.0288778;1.55124,0.844549,1.58689
-0.541171,-0.0969135,0.0286908;1.5627,0.859798,1.577
-0.541078,-0.0970853,0.0285821;1.5706,0.856404,1.57077
-0.541149,-0.0967829,0.0289014;1.5481,0.859751,1.58751
-0.54303,-0.0948975,0.0358104;1.41368,0.846178,1.69281
-0.54064,-0.0984646,0.0372339;1.4158,0.909205,1.71175
-0.532241,-0.105963,0.0311021;1.59339,0.956991,1.59236
-0.528294,-0.107107,0.0321341;1.60177,0.943481,1.59233
-0.525894,-0.105763,0.0356852;1.61479,0.909707,1.62667
-0.524013,-0.104582,0.0368683;1.66397,0.890235,1.58239
-0.524013,-0.104582,0.0368683;1.66397,0.890235,1.58239
-0.525596,-0.105483,0.0387831;1.7052,0.882415,1.55835
-0.525596,-0.105483,0.0387831;1.7052,0.882415,1.55835
