0,0,0.11;-1.57,-2.98023e-08,-1.57
0,0,0.11;-1.57,-2.98023e-08,-1.57
0,0,0.11;-1.57,-2.98023e-08,-1.57
-4.3796e-05,0.00496096,0.0286211;-1.56892,-0.124614,-1.57013
-4.39488e-06,0.00506571,0.0285817;-1.57073,-0.0951678,-1.57051
-0.00133242,0.000857858,0.0296492;-1.56803,-0.0342623,-1.5591
-0.00157767,-0.0227137,0.0356289;-1.46187,-0.0103577,-1.58054
0.00081146,-0.00848776,0.0290538;-1.57752,-0.11122,-1.58745
0.000710239,-0.00753351,0.0288176;-1.56633,-0.112606,-1.57733
0.000465736,-0.00631699,0.0285916;-1.57038,-0.14346,-1.57103
0.00089465,-0.00633431,0.0286957;-1.57082,-0.0901876,-1.56509
-0.00115931,-0.00977499,0.0301794;-1.58044,-0.0275217,-1.55211
-0.0033192,-0.0323967,0.0349138;-1.52144,0.0850774,-1.54188
-0.0016413,-0.0415258,0.0326211;-1.49736,0.0663646,-1.56494
0.000149108,-0.0345525,0.0290036;-1.58671,0.0144736,-1.57602
0.000604526,-0.0345054,0.0287235;-1.57018,0.0210178,-1.57708
0.000400869,-0.0363455,0.0285796;-1.57072,0.080088,-1.57087
-0.00113404,-0.0395762,0.0296375;-1.57831,0.108276,-1.55654
-0.0068757,-0.0602458,0.0331445;-1.55547,0.198431,-1.54516
-0.0113951,-0.0862848,0.0392079;-1.39251,0.224604,-1.58118
-0.012125,-0.083653,0.0331939;-1.48165,0.178262,-1.58015
-0.01115,-0.0796418,0.0285852;-1.5711,0.1334,-1.56973
-0.0113152,-0.0792625,0.0286838;-1.57071,0.0988932,-1.57565
-0.0125051,-0.0807085,0.0288799;-1.57254,0.140418,-1.58295
-0.0165925,-0.088686,0.031774;-1.62878,0.200809,-1.5651
-0.0218551,-0.101419,0.036103;-1.52602,0.270315,-1.57277
-0.0227888,-0.103929,0.0302851;-1.53084,0.236668,-1.57516
-0.021967,-0.102194,0.0287594;-1.56226,0.209748,-1.57266
-0.0215439,-0.102729,0.0288366;-1.55931,0.238597,-1.57457
-0.0210753,-0.102822,0.0285804;-1.5704,0.281153,-1.57121
-0.0283809,-0.111744,0.0354937;-1.70872,0.410956,-1.52648
-0.0361144,-0.125282,0.0434346;-1.65551,0.486264,-1.53454
-0.0396066,-0.135373,0.0389498;-1.43294,0.458303,-1.62096
-0.0370683,-0.129376,0.0286096;-1.56905,0.383049,-1.57017
-0.036994,-0.129247,0.0287886;-1.56024,0.385616,-1.57495
-0.0368306,-0.129435,0.0287598;-1.56142,0.400921,-1.57435
-0.0400119,-0.1316,0.0300933;-1.57925,0.464786,-1.54925
-0.0532439,-0.151551,0.0349553;-1.51417,0.558267,-1.57818
-0.0619426,-0.167138,0.0397346;-1.34769,0.547096,-1.66907
-0.0515144,-0.155432,0.0289645;-1.58371,0.433603,-1.57329
-0.0511082,-0.155246,0.0287623;-1.5641,0.407991,-1.57622
-0.0513013,-0.155079,0.0287076;-1.56409,0.395551,-1.57322
-0.0513765,-0.154806,0.0288027;-1.56994,0.485058,-1.56077
-0.0589985,-0.162596,0.0314149;-1.57718,0.577986,-1.54164
-0.0732386,-0.18614,0.0392097;-1.38596,0.669796,-1.64738
-0.0733257,-0.188531,0.0286444;-1.59058,0.604959,-1.55721
-0.0725626,-0.188027,0.028579;-1.57137,0.585038,-1.57084
-0.0722694,-0.187258,0.0287704;-1.56951,0.573208,-1.5795
-0.0728732,-0.18807,0.0287326;-1.5711,0.637806,-1.56288
-0.0799652,-0.193355,0.0310977;-1.59012,0.699699,-1.53504
-0.0986867,-0.215218,0.0374518;-1.41814,0.803065,-1.64196
-0.102116,-0.223335,0.0286242;-1.58855,0.766385,-1.55408
-0.101989,-0.223236,0.0285736;-1.57122,0.720445,-1.57061
-0.101519,-0.222583,0.0287182;-1.56952,0.693146,-1.57726
-0.104756,-0.22456,0.029574;-1.59681,0.729412,-1.57091
-0.111559,-0.228336,0.0352194;-1.7149,0.779208,-1.48768
-0.120643,-0.235778,0.0438945;-1.58504,0.835452,-1.57537
-0.123,-0.238605,0.0286281;-1.57011,0.794244,-1.57316
-0.121982,-0.237982,0.0285774;-1.57162,0.761072,-1.57001
-0.121267,-0.237711,0.0286399;-1.56681,0.768611,-1.57358
-0.121426,-0.238167,0.0285797;-1.57071,0.824161,-1.57084
-0.12415,-0.238425,0.0300013;-1.62177,0.877437,-1.53574
-0.13365,-0.242319,0.0384109;-1.85887,0.946028,-1.35432
-0.143415,-0.249393,0.038952;-1.80112,0.990097,-1.40652
-0.138191,-0.247113,0.0353667;-1.78136,0.954212,-1.41539
-0.138985,-0.248401,0.0287394;-1.56925,0.938901,-1.58058
-0.138798,-0.248331,0.0285808;-1.57065,0.942104,-1.57092
-0.138531,-0.248353,0.0286547;-1.57093,0.985294,-1.56707
-0.145034,-0.248901,0.0304665;-1.59507,1.04723,-1.53294
-0.187123,-0.270109,0.0410573;-1.11514,1.08809,-1.95475
-0.18216,-0.270393,0.0361222;-1.30761,1.04532,-1.80302
-0.167301,-0.266121,0.0291284;-1.60381,1.0023,-1.55157
-0.166356,-0.266072,0.0286903;-1.56753,0.983495,-1.57794
-0.166591,-0.266679,0.0285857;-1.57026,1.01848,-1.57111
-0.167353,-0.266486,0.0288658;-1.56762,1.05782,-1.5639
-0.203605,-0.282161,0.039652;-1.08771,1.23226,-1.98985
-0.213406,-0.286636,0.0382712;-1.10244,1.18309,-1.99017
-0.205424,-0.284166,0.0294176;-1.51444,1.19042,-1.61998
-0.202276,-0.283703,0.0287798;-1.56112,1.16797,-1.58542
-0.203037,-0.28424,0.0286296;-1.57062,1.19945,-1.57334
-0.204027,-0.284094,0.0286366;-1.58117,1.24071,-1.55972
-0.238758,-0.291572,0.0393286;-0.893629,1.36527,-2.19394
-0.253436,-0.29751,0.0404476;-0.693192,1.29467,-2.4057
-0.245054,-0.297027,0.0286442;-1.56638,1.38381,-1.57224
-0.243386,-0.296893,0.0287697;-1.53107,1.33622,-1.6096
-0.243724,-0.2969,0.0287752;-1.57,1.35388,-1.58084
-0.245803,-0.296698,0.0295901;-1.71211,1.38178,-1.44196
-0.261474,-0.294397,0.0447434;-2.95836,1.32578,-0.225447
-0.271172,-0.296271,0.0448361;-2.91095,1.42108,-0.266987
-0.27763,-0.298496,0.0297184;-1.96358,1.51513,-1.18713
-0.276737,-0.29875,0.0285811;-1.57028,1.46458,-1.57135
-0.276718,-0.298814,0.0285805;-1.57015,1.48118,-1.57155
-0.276717,-0.298775,0.028579;-1.57115,1.48835,-1.57041
-0.28948,-0.294457,0.0375023;2.69928,1.42786,0.441351
-0.300108,-0.29338,0.040306;1.91571,1.48423,1.2211
-0.305609,-0.295067,0.0354938;1.98359,1.46607,1.14262
-0.299468,-0.297374,0.0289031;1.70031,1.52981,1.43134
-0.298758,-0.297335,0.0288525;1.28073,1.53755,1.85723
-0.299424,-0.297408,0.0285831;1.56699,1.50334,1.5746
-0.300654,-0.296244,0.0291628;1.611,1.45932,1.53968
-0.341856,-0.288654,0.0398729;0.975696,1.27322,2.17984
-0.345846,-0.289837,0.0375665;0.931048,1.32363,2.20433
-0.332542,-0.295295,0.0289994;1.69244,1.4161,1.44769
-0.330961,-0.295784,0.0286913;1.56966,1.46659,1.5667
-0.331536,-0.296008,0.0285627;1.57093,1.452,1.57138
-0.33178,-0.295588,0.0288596;1.59652,1.41536,1.55573
-0.372479,-0.283135,0.0390856;1.13926,1.20828,2.01621
-0.388192,-0.281454,0.037786;1.13701,1.18628,1.99737
-0.381175,-0.285237,0.0286314;1.58513,1.22363,1.56309
-0.380703,-0.285569,0.0286464;1.56126,1.25789,1.57968
-0.381096,-0.285497,0.0286646;1.57067,1.23312,1.567
-0.382146,-0.28406,0.028856;1.58932,1.17759,1.54763
-0.405995,-0.269231,0.0367242;1.44784,1.02084,1.71032
-0.427213,-0.26047,0.0389049;1.27052,0.974406,1.85352
-0.422944,-0.26584,0.0291394;1.56422,0.985217,1.58722
-0.422261,-0.266533,0.0286597;1.5637,1.00492,1.57696
-0.422429,-0.26668,0.0286748;1.56251,0.989538,1.57786
-0.422396,-0.266517,0.0285801;1.57057,0.986264,1.57101
-0.43402,-0.2546,0.0364834;1.73087,0.861944,1.44328
-0.448431,-0.242537,0.0410206;1.47093,0.841877,1.65961
-0.455788,-0.238206,0.0340726;1.43134,0.856732,1.68923
-0.451734,-0.244073,0.0287111;1.57322,0.955636,1.5634
-0.451357,-0.244313,0.0286396;1.56952,0.970486,1.56968
-0.451387,-0.244393,0.0285799;1.57059,0.966826,1.57083
-0.458616,-0.235228,0.0324287;1.65797,0.831236,1.49902
-0.470923,-0.222764,0.0429329;1.52954,0.75828,1.59293
-0.480487,-0.216621,0.0404311;1.47134,0.76495,1.62763
-0.473863,-0.240336,0.0341116;1.71791,0.887049,1.43174
-0.474428,-0.242226,0.0341361;1.61808,0.918151,1.4671
-0.472628,-0.239267,0.0374491;1.62049,0.883187,1.43264
-0.476678,-0.226433,0.0344676;1.68934,0.736775,1.4657
-0.479399,-0.221235,0.0397519;1.79052,0.666496,1.39776
-0.482168,-0.215667,0.0445306;1.81811,0.622016,1.3918
-0.493153,-0.219529,0.0358784;1.71209,0.680814,1.44281
-0.494065,-0.220914,0.0350753;1.64959,0.712567,1.4594
-0.495059,-0.219666,0.0371384;1.59885,0.725147,1.4542
-0.496836,-0.209614,0.0356103;1.70767,0.622258,1.46453
-0.496977,-0.203017,0.0386401;1.776,0.552207,1.44138
-0.500214,-0.1949,0.0426164;1.72937,0.508668,1.4862
-0.513779,-0.180734,0.0289007;1.58469,0.551449,1.55738
-0.513591,-0.18209,0.0288578;1.57367,0.594133,1.55819
-0.513878,-0.183884,0.0290852;1.58491,0.633416,1.54965
-0.517064,-0.179461,0.0330234;1.62121,0.580681,1.50023
-0.516944,-0.177551,0.038815;1.75425,0.507148,1.45037
-0.516319,-0.173795,0.0452962;1.76382,0.421074,1.45527
-0.518567,-0.169339,0.0342711;1.6719,0.415624,1.50732
-0.519794,-0.169225,0.0287843;1.57115,0.457932,1.56043
-0.519491,-0.170669,0.0286588;1.57116,0.494818,1.56674
-0.519634,-0.169605,0.029507;1.58678,0.476124,1.54446
-0.520033,-0.165413,0.0347873;1.68457,0.421364,1.49988
-0.519456,-0.161018,0.0428682;1.81242,0.335946,1.44657
-0.521056,-0.15168,0.0414828;1.79964,0.297445,1.46326
-0.521532,-0.148446,0.0384167;1.7208,0.306918,1.48059
-0.522098,-0.146054,0.0314335;1.5911,0.344979,1.52827
-0.522111,-0.143908,0.0289242;1.57513,0.321077,1.55721
-0.521469,-0.141127,0.0289646;1.58238,0.266556,1.56022
-0.521732,-0.128362,0.0339162;1.64543,0.208166,1.54722
-0.527599,-0.0993728,0.0381317;1.49055,0.194334,1.56725
-0.532468,-0.112283,0.0327417;1.62101,0.2362,1.52819
-0.535884,-0.121241,0.0340501;1.66379,0.288447,1.51836
-0.535757,-0.120949,0.0375775;1.61151,0.279266,1.46145
-0.534374,-0.115529,0.0338281;1.61985,0.212161,1.51503
-0.532022,-0.109487,0.0350077;1.66737,0.144443,1.53107
-0.529,-0.0954042,0.0424021;1.63659,0.0555829,1.56689
-0.535328,-0.0881164,0.035193;1.6052,0.0586545,1.54442
-0.539925,-0.0931713,0.030779;1.59462,0.109052,1.53963
-0.544376,-0.0975762,0.0340092;1.5943,0.160422,1.50169
-0.544226,-0.0957601,0.0359951;1.62795,0.140233,1.48785
-0.542398,-0.091824,0.0371781;1.7102,0.0846291,1.52756
-0.536804,-0.0820733,0.0433867;1.82728,-0.02288,1.55553
-0.538694,-0.0704548,0.0399841;1.67496,-0.0406098,1.56186
-0.542204,-0.063276,0.0286877;1.57118,-0.0225697,1.5662
-0.543445,-0.0658746,0.0289896;1.57872,0.055335,1.5588
-0.543724,-0.0646557,0.0292842;1.58377,0.0510315,1.55484
-0.543699,-0.0619556,0.0318516;1.60017,0.0349837,1.53609
-0.541244,-0.0522833,0.0455907;1.71633,-0.0855521,1.55296
-0.538215,-0.0475582,0.0484258;1.73762,-0.0986844,1.55547
-0.538465,-0.047592,0.0370885;1.70736,-0.115626,1.55645
-0.539359,-0.0478193,0.0287524;1.57274,-0.0466086,1.5646
-0.539392,-0.0474226,0.028676;1.57074,-0.0583083,1.56626
-0.538814,-0.0467619,0.0290853;1.58143,-0.074216,1.5577
-0.538814,-0.0467619,0.0290853;1.58143,-0.074216,1.5577
-0.536033,-0.041182,0.0329256;1.64643,-0.134944,1.56202
-0.536033,-0.041182,0.0329256;1.64643,-0.134944,1.56202
