0,0,0.11;-1.57,-2.98023e-08,-1.57
0,0,0.11;-1.57,-2.98023e-08,-1.57
0,0,0.11;-1.57,-2.98023e-08,-1.57
0.000279812,0.00673352,0.0286075;-1.56952,-0.127114,-1.5708
0.000197436,0.00665252,0.0285944;-1.57082,-0.112204,-1.56988
-0.000785546,0.00453138,0.0297384;-1.57806,-0.0927146,-1.55157
-0.00144848,-0.0161723,0.0379819;-1.48141,-0.0130898,-1.56837
-0.00109246,-0.0228399,0.030896;-1.54466,-0.0391706,-1.59875
-0.00158757,-0.019023,0.0288619;-1.57063,-0.0732135,-1.58433
-0.00181936,-0.0178185,0.0285801;-1.5707,-0.113413,-1.57093
-0.00139884,-0.0196873,0.0286344;-1.57059,-0.0448951,-1.57351
-0.00144504,-0.020339,0.0287374;-1.5692,-0.0223679,-1.56427
-0.00264342,-0.02204,0.0314002;-1.57259,-0.0129876,-1.54101
-0.00113569,-0.024528,0.0369263;-1.53477,0.0358837,-1.56665
0.000517068,-0.032969,0.0386235;-1.41923,0.0428387,-1.61824
0.00122458,-0.0301247,0.032617;-1.54063,0.0572643,-1.62035
0.00212945,-0.0332545,0.0287103;-1.56688,0.123686,-1.57355
0.00212004,-0.0333328,0.0285911;-1.5709,0.122567,-1.57
0.00148819,-0.0347045,0.0290707;-1.56397,0.151529,-1.56547
0.000371207,-0.0390591,0.0326949;-1.55713,0.121138,-1.53315
0.0019963,-0.0358126,0.0317234;-1.53431,0.0650619,-1.55313
0.00459763,-0.0317607,0.0292693;-1.54956,0.0314766,-1.57481
0.00488177,-0.0305968,0.0289044;-1.56923,0.0301825,-1.58517
0.00482466,-0.0318917,0.0287538;-1.56859,0.0600029,-1.57714
0.00532836,-0.0343166,0.0286157;-1.5712,0.14166,-1.5686
0.00529668,-0.0345163,0.0288573;-1.57575,0.167555,-1.56127
0.00495113,-0.0351699,0.0294342;-1.5663,0.130626,-1.56314
0.00567236,-0.0309303,0.0296518;-1.54417,0.0447994,-1.57527
0.00470002,-0.0283564,0.0289537;-1.56299,-0.0122192,-1.58074
0.00459703,-0.0273387,0.0288142;-1.57073,-0.0303715,-1.582
0.00355541,-0.0307185,0.0291283;-1.57097,0.0628252,-1.57217
0.00160637,-0.0332166,0.0298591;-1.57931,0.118004,-1.55847
0.0016738,-0.0356645,0.0310283;-1.56914,0.160521,-1.55039
0.00670657,-0.0328666,0.0305608;-1.55031,0.0893261,-1.56958
0.00961353,-0.0209051,0.0297854;-1.54981,0.00733013,-1.57304
0.0113167,-0.0179666,0.0288931;-1.5614,-3.39746e-05,-1.57634
0.011711,-0.0198274,0.0286047;-1.56958,0.0826224,-1.57068
0.0114395,-0.0209181,0.0291265;-1.56785,0.108456,-1.57181
0.0115836,-0.0240288,0.0297678;-1.55623,0.141974,-1.58125
0.0133268,-0.0230218,0.031339;-1.57996,0.0839318,-1.55157
0.0153539,-0.0237211,0.0306573;-1.57366,0.0408754,-1.56035
0.0150922,-0.0239322,0.0302506;-1.56271,-0.022998,-1.56016
0.0147595,-0.0251698,0.0286087;-1.57081,-0.00630404,-1.57222
0.0147865,-0.0254287,0.0287147;-1.57019,0.00144047,-1.56487
0.0147013,-0.0256225,0.0289524;-1.5765,0.00511097,-1.55831
0.0175665,-0.0181798,0.0308566;-1.54636,-0.0913478,-1.57415
0.0212432,-0.00695449,0.0302962;-1.5573,-0.168918,-1.57422
0.0260357,8.90292e-05,0.0301397;-1.5544,-0.224609,-1.57463
0.0223907,-0.00193144,0.0293954;-1.54672,-0.216055,-1.56374
0.0231438,-0.00294275,0.0289031;-1.56059,-0.165136,-1.56367
0.0238168,-0.00217928,0.0288598;-1.56862,-0.115514,-1.55924
0.023359,-0.000960888,0.0287168;-1.56727,-0.156416,-1.57357
0.0221609,0.00323368,0.029262;-1.56943,-0.213064,-1.57887
0.0224743,0.0150409,0.0310268;-1.55709,-0.284618,-1.58393
0.0236331,0.0323941,0.0303126;-1.53755,-0.31629,-1.5645
0.0224943,0.0298069,0.0305556;-1.53028,-0.300732,-1.56035
0.0209298,0.0290993,0.0292608;-1.5551,-0.27893,-1.56012
0.0214051,0.0303876,0.0287128;-1.5709,-0.234196,-1.56438
0.0215361,0.0301325,0.0286475;-1.57164,-0.254146,-1.56857
0.0218741,0.030944,0.0293488;-1.58416,-0.280041,-1.56883
0.0259807,0.0267323,0.0315641;-1.52922,-0.314485,-1.57143
0.0240381,0.0234703,0.0355197;-1.45274,-0.317996,-1.554
0.0225545,0.0168783,0.0356646;-1.44172,-0.284841,-1.54134
0.0212513,0.0188905,0.0290346;-1.55789,-0.311477,-1.56943
0.0224376,0.0193626,0.0300826;-1.55766,-0.31517,-1.59093
0.0239816,0.0202244,0.0330103;-1.55744,-0.322632,-1.62873
0.0279774,0.0178099,0.0343572;-1.55283,-0.274493,-1.64106
0.0247932,0.0123527,0.0392546;-1.47715,-0.265542,-1.62432
0.0212372,0.00501884,0.0399774;-1.40741,-0.238851,-1.57793
0.0220581,-0.00310293,0.0390805;-1.3782,-0.179884,-1.54736
0.0254614,-0.00458907,0.0399313;-1.39039,-0.164094,-1.57936
0.0274768,-0.00218912,0.0404303;-1.42156,-0.17538,-1.61569
0.0265674,0.000793171,0.0407735;-1.55051,-0.182077,-1.70921
0.0246527,0.00484837,0.0395277;-1.52315,-0.202935,-1.68073
0.022699,0.00596852,0.038391;-1.46718,-0.211827,-1.61783
0.0212388,0.00419999,0.0385906;-1.3815,-0.209188,-1.53572
0.0181766,0.00761801,0.0397626;-1.35881,-0.280677,-1.52923
0.0160775,0.0107772,0.04089;-1.36489,-0.322383,-1.54908
0.0172094,0.0127827,0.0406576;-1.46101,-0.314947,-1.64267
0.0126142,0.00545013,0.042492;-1.50959,-0.281787,-1.64556
0.00584125,-0.00303184,0.0419026;-1.53313,-0.22067,-1.58383
-0.00166002,-0.0163775,0.0393446;-1.49341,-0.164191,-1.48839
-0.00222768,-0.0160403,0.0395438;-1.48062,-0.142398,-1.49339
-0.00590638,-0.0142764,0.0406348;-1.46611,-0.161556,-1.4912
-0.00100735,0.00269743,0.0432577;-1.4301,-0.288566,-1.50238
0.002923,0.0039315,0.0427811;-1.42824,-0.295323,-1.47285
0.00426598,0.00260041,0.0410747;-1.43467,-0.269876,-1.46921
0.00205686,-0.00612948,0.0414296;-1.42181,-0.340613,-1.44172
-0.00826483,0.00111054,0.0414595;-1.40766,-0.395007,-1.44461
-0.0212798,0.0124069,0.0416206;-1.43459,-0.431986,-1.46667
-0.0332869,0.034284,0.046948;-1.5126,-0.498127,-1.53806
-0.0364228,0.02965,0.0528614;-1.51696,-0.462154,-1.53411
-0.0333314,0.0191812,0.0521847;-1.52597,-0.400049,-1.55257
-0.00554184,-0.00200161,0.0491621;-1.4048,-0.305468,-1.50408
-0.00145613,-0.00322471,0.0464548;-1.34481,-0.332121,-1.50968
-0.0016893,-0.00228355,0.0431409;-1.31968,-0.321813,-1.51844
-0.000316129,-6.86189e-05,0.0444998;-1.34959,-0.344407,-1.58055
0.00196057,-0.00146928,0.0442837;-1.40537,-0.333127,-1.62913
0.00288178,-0.00457317,0.0437589;-1.41815,-0.303682,-1.63854
0.00188671,-0.00766074,0.0423871;-1.45053,-0.282074,-1.64094
-0.00216461,-0.0283794,0.0363774;-1.47057,-0.171418,-1.5931
-0.000124789,-0.0276077,0.035873;-1.48807,-0.181612,-1.6054
-4.688e-06,-0.0231073,0.0359829;-1.51025,-0.21427,-1.62804
-0.00337343,-0.0127328,0.0385865;-1.50784,-0.305533,-1.65624
-0.00076481,-0.010937,0.0383218;-1.50772,-0.296244,-1.65289
-0.0018474,-0.0121955,0.0410376;-1.47325,-0.28048,-1.63946
-0.0116076,-0.0224529,0.038487;-1.41969,-0.239025,-1.56711
-0.0122079,-0.0217545,0.0390803;-1.42528,-0.274528,-1.57863
-0.0116675,-0.019331,0.0401959;-1.43624,-0.285592,-1.60522
-0.00802545,-0.0112969,0.0435427;-1.4334,-0.289992,-1.65429
-0.00760343,-0.0131163,0.0445573;-1.43168,-0.252382,-1.64758
-0.0105007,-0.0169518,0.0453752;-1.4102,-0.230592,-1.6357
-0.0185177,-0.0356829,0.0411833;-1.39619,-0.186351,-1.59048
-0.0195903,-0.0320639,0.0401276;-1.42234,-0.232143,-1.59612
-0.0222288,-0.027331,0.0390888;-1.45157,-0.281862,-1.6061
-0.0293195,-0.0201059,0.0416334;-1.44705,-0.366095,-1.63184
-0.034401,-0.0185511,0.0429135;-1.4287,-0.399664,-1.6258
-0.0383073,-0.0161839,0.042692;-1.40701,-0.410243,-1.59324
-0.0354187,-0.0240652,0.0391228;-1.39552,-0.347091,-1.54195
-0.0310293,-0.0274688,0.0395641;-1.41694,-0.334361,-1.56664
-0.0277397,-0.0252728,0.0400954;-1.45525,-0.368494,-1.61206
-0.0253951,-0.0259494,0.0385088;-1.53382,-0.345146,-1.67575
-0.0253553,-0.0250833,0.0384276;-1.52333,-0.347456,-1.66711
-0.0277846,-0.0267973,0.0385379;-1.53223,-0.358002,-1.67775
-0.031447,-0.0297569,0.0360885;-1.55197,-0.324071,-1.64595
-0.0319967,-0.0359652,0.036429;-1.55178,-0.280444,-1.64474
-0.0280717,-0.0350659,0.0362878;-1.54911,-0.28017,-1.65043
-0.0185947,-0.0202442,0.0402924;-1.5281,-0.331518,-1.69316
-0.0219118,-0.0148721,0.0426974;-1.50568,-0.393143,-1.69132
-0.0263535,-0.00944601,0.0418475;-1.49397,-0.425754,-1.66522
-0.0279864,-0.0186409,0.041759;-1.46372,-0.376349,-1.63082
-0.0304467,-0.0184642,0.0416499;-1.41996,-0.379063,-1.58457
-0.029968,-0.0177747,0.0408689;-1.42265,-0.39646,-1.57907
-0.034519,-0.0144748,0.0385949;-1.49305,-0.458377,-1.62939
-0.0381708,-0.00956572,0.0361737;-1.55709,-0.499003,-1.66062
-0.0393855,-0.00656022,0.0355934;-1.58531,-0.513423,-1.66754
-0.0380028,-0.0099894,0.0340744;-1.58706,-0.46122,-1.64444
-0.0363708,-0.0146106,0.0391896;-1.49779,-0.454719,-1.62114
-0.0364464,-0.0154713,0.0428158;-1.43944,-0.460965,-1.5975
-0.0409993,-0.0142953,0.0441944;-1.42058,-0.510167,-1.60272
-0.0395098,-0.00607032,0.0425277;-1.44807,-0.523269,-1.61717
-0.0387901,-0.00121741,0.0436588;-1.45002,-0.521051,-1.62488
-0.0375402,-0.0123819,0.0455774;-1.41374,-0.44316,-1.61314
-0.042873,-0.0182419,0.0472403;-1.35827,-0.437991,-1.58364
-0.0496546,-0.0210272,0.0450609;-1.33511,-0.440103,-1.5373
-0.0506344,-0.0230473,0.0405922;-1.37202,-0.482425,-1.52862
-0.0513562,-0.0157272,0.0339533;-1.4936,-0.521308,-1.56367
-0.0504984,-0.00920403,0.029744;-1.59668,-0.538964,-1.59081
-0.0478405,-0.0103149,0.0306127;-1.54901,-0.499613,-1.58148
-0.0499055,-0.0178416,0.0327113;-1.51219,-0.50971,-1.55744
-0.0507572,-0.0228729,0.0357658;-1.52753,-0.456188,-1.54083
-0.046956,-0.022096,0.0383721;-1.58655,-0.464025,-1.59803
-0.0447812,-0.0195297,0.0337616;-1.62778,-0.469188,-1.63902
-0.0442852,-0.0232757,0.0346332;-1.58778,-0.443023,-1.653
-0.0425008,-0.0306172,0.0372034;-1.52313,-0.371905,-1.64136
-0.045627,-0.0274458,0.035093;-1.50152,-0.409793,-1.59057
-0.0494473,-0.0239135,0.0313822;-1.52015,-0.43056,-1.55277
-0.0509112,-0.0203026,0.0321234;-1.56704,-0.416593,-1.52282
-0.0513486,-0.0179456,0.0323405;-1.55962,-0.444267,-1.52402
-0.0514209,-0.00898529,0.0324944;-1.59026,-0.472289,-1.54085
-0.0494672,-0.00178974,0.0410155;-1.73836,-0.396673,-1.58253
-0.0490262,-0.0012883,0.043598;-1.76926,-0.340419,-1.59326
-0.0508159,-0.00252187,0.0489416;-1.75619,-0.317956,-1.5729
-0.0633116,-0.0202996,0.0502915;-1.65453,-0.281749,-1.51542
-0.0626985,-0.0247025,0.0491307;-1.62662,-0.331198,-1.5065
-0.0630335,-0.018555,0.0422824;-1.69261,-0.407463,-1.51839
-0.0517556,-0.00485586,0.0414004;-1.80315,-0.466729,-1.64469
-0.0512897,-0.00469598,0.0391162;-1.7782,-0.449031,-1.64502
-0.0516369,-0.00748698,0.0379315;-1.74557,-0.40845,-1.63468
-0.0544947,-0.0294745,0.0450993;-1.51495,-0.38158,-1.55882
-0.0576393,-0.0321683,0.0417932;-1.57507,-0.356761,-1.51962
-0.0626636,-0.024531,0.0382005;-1.62204,-0.384281,-1.51407
-0.0594589,-0.00014232,0.0414826;-1.76883,-0.418984,-1.60166
-0.057467,0.00208263,0.0418704;-1.81613,-0.385974,-1.64245
-0.0562403,0.00201993,0.0399848;-1.79885,-0.353636,-1.64684
-0.058853,0.00217004,0.0413609;-1.69181,-0.316491,-1.61166
-0.062015,-0.00238155,0.046058;-1.66628,-0.303402,-1.60032
-0.0660265,-0.0055219,0.044399;-1.66304,-0.304515,-1.5835
-0.072976,0.00154357,0.0404321;-1.73868,-0.268379,-1.5595
-0.0665914,0.00100651,0.0430982;-1.80861,-0.259367,-1.59777
-0.0627778,0.000807577,0.0404306;-1.81335,-0.25487,-1.63101
-0.0627778,0.000807577,0.0404306;-1.81335,-0.25487,-1.63101
-0.0625375,-0.000236969,0.0404252;-1.80174,-0.238017,-1.62331
-0.0625375,-0.000236969,0.0404252;-1.80174,-0.238017,-1.62331
