0,0,0.11;-1.57,-2.98023e-08,-1.57
0,0,0.11;-1.57,-2.98023e-08,-1.57
0,0,0.11;-1.57,-2.98023e-08,-1.57
-0.000218312,0.00133818,0.0286454;-1.57097,-0.180156,-1.57423
0.00040633,0.00088346,0.0286279;-1.57072,-0.134508,-1.56859
-0.00025857,-0.000787554,0.0299484;-1.55995,-0.100624,-1.54637
0.000712551,-0.0110135,0.0314643;-1.54986,-0.0607772,-1.54637
0.00260149,-0.0171174,0.0296942;-1.57127,-0.104125,-1.59564
0.000331925,-0.0118796,0.0314013;-1.58335,-0.184083,-1.60991
0.000980327,-0.00784105,0.0300651;-1.58341,-0.237928,-1.59759
0.00245598,-0.00707691,0.0309977;-1.57313,-0.240813,-1.61331
0.00272903,-0.00856164,0.0337993;-1.59126,-0.20465,-1.62393
0.00387809,-0.0106679,0.0430203;-1.59998,-0.135795,-1.6075
0.0110706,-0.0205372,0.0444291;-1.58419,-0.134177,-1.66244
0.00960842,-0.0281405,0.0406828;-1.59455,-0.187585,-1.70993
0.00825862,-0.0302703,0.0395319;-1.57249,-0.201458,-1.70645
0.00697224,-0.0235137,0.0362765;-1.57096,-0.242224,-1.67991
0.00398428,-0.0225499,0.0347082;-1.54226,-0.243036,-1.64209
0.00153871,-0.0242449,0.0358889;-1.48286,-0.203822,-1.59226
-0.000585634,-0.0281835,0.0347316;-1.49032,-0.169502,-1.56161
0.00118969,-0.0239909,0.0315527;-1.54253,-0.230173,-1.58624
0.0017267,-0.0188276,0.0300315;-1.57389,-0.267337,-1.60257
0.00287183,-0.0167051,0.0306055;-1.58336,-0.259301,-1.60415
0.00339985,-0.0179626,0.0289828;-1.57489,-0.237012,-1.58724
0.00298225,-0.0177139,0.0291851;-1.58623,-0.211783,-1.5745
0.00302834,-0.0152785,0.0324906;-1.61751,-0.192115,-1.55419
0.00936996,-0.0121181,0.0337307;-1.67382,-0.194947,-1.59804
0.013736,-0.00699336,0.0372757;-1.68856,-0.271949,-1.65174
0.0119415,-0.0152855,0.0376625;-1.61778,-0.217096,-1.67591
0.0108967,-0.0228441,0.0356746;-1.58805,-0.142081,-1.66474
0.00838966,-0.0284409,0.0402429;-1.63831,-0.0345428,-1.60724
0.00666336,-0.0234562,0.0475269;-1.64504,0.0022555,-1.58804
0.0113088,-0.0279036,0.0486521;-1.62344,0.0557043,-1.61796
0.0159388,-0.0262122,0.0399691;-1.56704,-0.0656879,-1.71073
0.0148844,-0.0171926,0.0394335;-1.5622,-0.108095,-1.69801
0.014079,-0.0128559,0.0395878;-1.56842,-0.138015,-1.7032
0.0118093,-0.0229201,0.0383172;-1.44432,-0.028036,-1.62108
0.0099038,-0.0326021,0.0391291;-1.37869,0.0209733,-1.56598
0.0103945,-0.0330063,0.0391724;-1.40269,0.0527727,-1.54492
0.0188289,-0.0372752,0.0340568;-1.5116,0.0787044,-1.62508
0.0183758,-0.0334196,0.0365467;-1.53567,0.0323003,-1.66756
0.0162261,-0.0268769,0.0382123;-1.54608,-0.029242,-1.68231
0.0202954,-0.0294473,0.0379639;-1.46478,0.00382088,-1.63317
0.0217008,-0.0363289,0.038289;-1.39773,0.0434501,-1.59636
0.0212735,-0.0390799,0.0396151;-1.37645,0.0543785,-1.57343
0.0219431,-0.0329015,0.0395269;-1.41903,-0.0371674,-1.6286
0.0216438,-0.0270004,0.0394893;-1.47442,-0.0775091,-1.66013
0.0178697,-0.0218259,0.0408543;-1.50917,-0.134182,-1.69696
0.0157654,-0.01829,0.0422228;-1.44892,-0.182717,-1.65389
0.0178667,-0.024138,0.042047;-1.36541,-0.139458,-1.58929
0.0192938,-0.0305366,0.0412295;-1.31296,-0.0936295,-1.54467
0.0223266,-0.0371803,0.0369811;-1.40747,-0.0251938,-1.57723
0.0186815,-0.033022,0.0358674;-1.45361,-0.0848561,-1.59415
0.0111994,-0.0233977,0.0373973;-1.52342,-0.180112,-1.66178
0.00943573,-0.0158909,0.0375727;-1.4632,-0.25596,-1.60666
0.0106047,-0.0204454,0.037288;-1.41385,-0.227688,-1.55186
0.0131038,-0.025408,0.0374751;-1.38488,-0.177871,-1.53455
0.0154897,-0.0263224,0.031318;-1.52619,-0.134743,-1.5493
0.0145837,-0.0277817,0.0285822;-1.57126,-0.186424,-1.57032
0.0144312,-0.0275342,0.0286385;-1.57073,-0.208483,-1.57353
0.0145918,-0.0265498,0.0289239;-1.57573,-0.216906,-1.58326
0.0152012,-0.026504,0.0294488;-1.55442,-0.206833,-1.57862
0.0140492,-0.0253009,0.0338532;-1.4815,-0.221565,-1.57211
0.0159033,-0.0275507,0.0362595;-1.50703,-0.183155,-1.57955
0.0160154,-0.0285147,0.0367184;-1.55121,-0.210327,-1.61862
0.0173385,-0.029333,0.0326338;-1.5599,-0.205035,-1.63059
0.0154762,-0.0213563,0.0359756;-1.56992,-0.276021,-1.66234
0.0126441,-0.0167347,0.0353567;-1.55903,-0.341231,-1.66239
0.0137704,-0.0177681,0.0362023;-1.50457,-0.321846,-1.61927
0.014549,-0.0216435,0.0384632;-1.40451,-0.259339,-1.53751
0.0164674,-0.0283528,0.0389454;-1.43032,-0.236159,-1.57041
0.0192809,-0.033433,0.0361533;-1.4972,-0.207874,-1.59946
0.018968,-0.0255114,0.0381816;-1.55165,-0.337935,-1.67872
0.0156949,-0.0225039,0.0363554;-1.5375,-0.363613,-1.65539
0.0125435,-0.0194036,0.0394295;-1.51068,-0.36495,-1.62273
0.00422862,-0.0126,0.0519443;-1.58725,-0.278322,-1.56794
0.0119438,-0.0156078,0.0539306;-1.65041,-0.301649,-1.61744
0.0186531,-0.0191134,0.0503561;-1.65718,-0.313558,-1.65446
0.0206232,-0.0357551,0.0413715;-1.64332,-0.42856,-1.71549
0.0199314,-0.0344432,0.0394761;-1.65491,-0.435435,-1.69985
0.0178469,-0.0290883,0.0397943;-1.67005,-0.454018,-1.66921
0.0132671,-0.0173711,0.0474268;-1.72432,-0.394775,-1.5746
0.0171922,-0.0206575,0.0496219;-1.79237,-0.353208,-1.61323
0.0217375,-0.0244533,0.0487661;-1.81362,-0.327587,-1.65216
0.0398704,-0.03166,0.0453143;-1.78293,-0.353105,-1.7278
0.0427675,-0.0381233,0.0439338;-1.71148,-0.333579,-1.71196
0.041021,-0.0481103,0.0348697;-1.54859,-0.305563,-1.6525
0.0275481,-0.0434981,0.0346008;-1.50445,-0.313003,-1.51459
0.0235997,-0.036809,0.0334738;-1.57565,-0.348251,-1.51954
0.0220261,-0.0316536,0.0363257;-1.63514,-0.339914,-1.52617
0.0258396,-0.0343448,0.0312147;-1.61518,-0.400719,-1.57077
0.027314,-0.0367772,0.0289075;-1.58148,-0.409135,-1.56926
0.0273097,-0.0372818,0.0288459;-1.57855,-0.393373,-1.56801
0.0233903,-0.0312721,0.034471;-1.55212,-0.383534,-1.5061
0.0235447,-0.0278784,0.0381213;-1.65783,-0.40371,-1.52799
0.0235003,-0.026549,0.0408256;-1.68012,-0.388044,-1.51634
0.0331436,-0.026608,0.0436955;-1.83399,-0.444823,-1.64293
0.0390236,-0.0277003,0.0398737;-1.81842,-0.48978,-1.69106
0.0391876,-0.0288904,0.0392675;-1.81039,-0.473756,-1.68601
0.037906,-0.0307663,0.0403334;-1.7666,-0.423425,-1.61944
0.029626,-0.0303775,0.0459609;-1.76066,-0.331896,-1.53208
0.0292206,-0.0299292,0.0478486;-1.82318,-0.349399,-1.56182
0.0305403,-0.0317574,0.04596;-1.84166,-0.372656,-1.60835
0.0348837,-0.0356839,0.0368784;-1.73991,-0.392203,-1.63055
0.0363335,-0.0376303,0.031877;-1.64882,-0.400237,-1.60516
0.0364271,-0.040065,0.0291858;-1.58534,-0.366697,-1.57821
0.035128,-0.0372168,0.0347229;-1.55225,-0.250043,-1.48609
0.0346227,-0.0396597,0.0346821;-1.56203,-0.216029,-1.49132
0.0349103,-0.0450994,0.0327591;-1.58333,-0.201683,-1.518
0.0414488,-0.0490712,0.0289246;-1.57626,-0.303498,-1.56602
0.0429862,-0.049419,0.0287279;-1.57854,-0.368443,-1.57382
0.0432703,-0.0486182,0.0289205;-1.58846,-0.384403,-1.57705
0.0406275,-0.0326886,0.0415979;-1.76251,-0.342374,-1.58346
0.038348,-0.0277409,0.0434978;-1.81295,-0.296939,-1.59646
0.0372494,-0.0272487,0.0421417;-1.82561,-0.260188,-1.61715
0.0410936,-0.0367781,0.0455365;-1.91137,-0.232046,-1.66772
0.0426879,-0.0419747,0.0433666;-1.8435,-0.230034,-1.66367
0.043692,-0.0441589,0.0406596;-1.75016,-0.240435,-1.66184
0.0348698,-0.0286905,0.0410865;-1.783,-0.227941,-1.58586
0.0314582,-0.0249018,0.042937;-1.79068,-0.201851,-1.5658
0.0293023,-0.0230441,0.0408633;-1.76355,-0.176714,-1.56822
0.0311397,-0.0322385,0.0310354;-1.62255,-0.202109,-1.57667
0.0318816,-0.0369367,0.0288259;-1.57823,-0.192851,-1.56778
0.0320789,-0.037181,0.028687;-1.57085,-0.189614,-1.56561
0.030883,-0.03388,0.0321939;-1.56355,-0.162877,-1.51423
0.0282579,-0.0314732,0.0343779;-1.56132,-0.175466,-1.48432
0.0278558,-0.0226366,0.0358641;-1.61405,-0.168584,-1.50371
0.0296639,-0.0184441,0.0355046;-1.69735,-0.199719,-1.58574
0.033701,-0.0232913,0.0311373;-1.63343,-0.250542,-1.58927
0.035318,-0.0252935,0.0301822;-1.61364,-0.248023,-1.58471
0.0347097,-0.0234973,0.0348469;-1.69553,-0.219008,-1.59666
0.0321263,-0.0202964,0.0393894;-1.75826,-0.178269,-1.58226
0.0304768,-0.0159564,0.0433872;-1.81137,-0.15705,-1.57169
0.0337386,-0.0111443,0.0434417;-1.88508,-0.167091,-1.62835
0.035129,-0.0162974,0.0428366;-1.8483,-0.184499,-1.6283
0.0357562,-0.0215932,0.0418262;-1.82708,-0.18466,-1.63178
0.0341609,-0.0316171,0.0341239;-1.62689,-0.160597,-1.61958
0.0303393,-0.0304249,0.0322337;-1.61038,-0.153747,-1.55777
0.0246377,-0.0261166,0.036103;-1.64035,-0.161385,-1.51478
0.0186983,-0.0259412,0.0333463;-1.62698,-0.0968133,-1.537
0.0205907,-0.0296068,0.0316444;-1.62567,-0.153194,-1.56879
0.0231219,-0.0333438,0.0292075;-1.5857,-0.187444,-1.57224
0.0254189,-0.0340315,0.0290043;-1.56613,-0.263948,-1.55374
0.0243125,-0.0326995,0.0315994;-1.55493,-0.254851,-1.52343
0.0217856,-0.0302776,0.0343846;-1.54434,-0.246592,-1.48699
0.0213135,-0.028688,0.0346899;-1.62965,-0.186947,-1.53359
0.0240488,-0.0307484,0.0353299;-1.70126,-0.237682,-1.59139
0.0273364,-0.0343151,0.0371177;-1.74525,-0.246014,-1.61591
0.0319813,-0.0320392,0.0391204;-1.78861,-0.300997,-1.64411
0.0315024,-0.028802,0.0386662;-1.74893,-0.323185,-1.61074
0.0290713,-0.0261015,0.0415243;-1.74214,-0.29994,-1.56085
0.027479,-0.0250319,0.0447029;-1.79621,-0.306509,-1.57187
0.0253359,-0.0264851,0.0445761;-1.83836,-0.311654,-1.60617
0.0251147,-0.029618,0.0444711;-1.87212,-0.324768,-1.64045
0.0243743,-0.0518071,0.0369179;-1.66947,-0.246983,-1.64403
0.0230559,-0.058214,0.0333765;-1.52618,-0.26609,-1.6081
0.0186951,-0.0550564,0.0341407;-1.47835,-0.321453,-1.55758
0.0153749,-0.0523237,0.0352713;-1.48281,-0.302155,-1.50414
0.014423,-0.0473632,0.0330271;-1.56148,-0.324373,-1.53107
0.0138277,-0.0409885,0.0365486;-1.67506,-0.345042,-1.56096
0.0202943,-0.0461197,0.0351868;-1.70168,-0.404745,-1.61223
0.0222013,-0.0486516,0.0322801;-1.66128,-0.417174,-1.60777
0.0224679,-0.0494865,0.0324934;-1.63624,-0.398469,-1.58411
0.0185485,-0.0377127,0.043448;-1.72362,-0.363472,-1.52879
0.0224612,-0.0380165,0.0446029;-1.77342,-0.403762,-1.57
0.0244067,-0.039474,0.0440712;-1.81282,-0.429478,-1.61946
0.0289072,-0.0406192,0.0447347;-1.88175,-0.484056,-1.6899
0.0304044,-0.042176,0.0429296;-1.86231,-0.496473,-1.69856
0.0310776,-0.0417379,0.0431185;-1.85856,-0.479356,-1.69747
0.0252303,-0.0397117,0.0465467;-1.805,-0.367315,-1.57985
0.0214931,-0.0446757,0.0469793;-1.83467,-0.338593,-1.58708
0.0191488,-0.0484555,0.0412673;-1.77105,-0.330845,-1.59446
0.023568,-0.0498247,0.0399846;-1.78641,-0.409131,-1.63621
0.0269283,-0.0611782,0.0310017;-1.56753,-0.399824,-1.6055
0.027774,-0.0646085,0.0317237;-1.55367,-0.365845,-1.6115
0.0262693,-0.0658192,0.0394602;-1.39242,-0.337588,-1.547
0.0263051,-0.0683084,0.0410422;-1.38492,-0.31871,-1.55611
0.0233607,-0.0656075,0.0369637;-1.47445,-0.327261,-1.57394
0.0245563,-0.0514517,0.0417764;-1.80521,-0.395099,-1.63049
0.029866,-0.0564362,0.0387834;-1.77451,-0.433553,-1.64639
0.0332794,-0.0611566,0.0365409;-1.73802,-0.424968,-1.63963
0.0332794,-0.0611566,0.0365409;-1.73802,-0.424968,-1.63963
0.0343391,-0.0610916,0.039112;-1.68436,-0.392747,-1.60539
0.0343391,-0.0610916,0.039112;-1.68436,-0.392747,-1.60539
