0,0,0.11;-1.57,-2.98023e-08,-1.57
0,0,0.11;-1.57,-2.98023e-08,-1.57
0,0,0.11;-1.57,-2.98023e-08,-1.57
-0.00134658,-0.00761394,0.0285817;-1.57064,-0.149329,-1.57058
-0.00124231,-0.00785784,0.0286865;-1.57063,-0.122258,-1.57585
-0.000236751,-0.0071911,0.0291857;-1.55564,-0.07681,-1.5814
0.00155059,0.0207417,0.0314857;-1.56173,0.0480723,-1.6107
-0.000233403,0.0262161,0.0288719;-1.57049,0.00457944,-1.58463
-0.000435571,0.0259717,0.028618;-1.57075,-0.00408558,-1.5726
-0.000490269,0.0258272,0.0285804;-1.5707,-0.0084802,-1.57081
-0.000307696,0.02655,0.0285793;-1.57092,0.0285753,-1.57056
3.86317e-05,0.027541,0.0286458;-1.57079,0.0693776,-1.56781
0.00109139,0.0294765,0.0289117;-1.5624,0.112258,-1.57063
0.00369101,0.0393612,0.031482;-1.55911,0.20158,-1.60861
0.00318298,0.043995,0.0294349;-1.5697,0.145587,-1.58536
0.00268849,0.0442502,0.0287187;-1.57054,0.114922,-1.57738
0.00270472,0.0443968,0.0286369;-1.57097,0.117178,-1.56795
0.00266084,0.0457323,0.0286364;-1.57083,0.167852,-1.56798
0.00292866,0.0464082,0.0286471;-1.57093,0.201268,-1.56754
0.00545796,0.0511227,0.0294833;-1.55427,0.285972,-1.57768
0.00706932,0.0530539,0.0292153;-1.56181,0.281135,-1.57888
0.0079632,0.0531772,0.0290306;-1.56638,0.274245,-1.5827
0.00679189,0.0536756,0.0286149;-1.57058,0.211577,-1.56915
0.00673641,0.0537314,0.0286368;-1.57076,0.218655,-1.56804
0.00690122,0.0542312,0.0286532;-1.57081,0.230423,-1.56727
0.00750128,0.055703,0.0287223;-1.57083,0.260379,-1.56395
0.00780529,0.0577352,0.0288826;-1.57297,0.303586,-1.56167
0.0131298,0.060681,0.0297317;-1.56683,0.351796,-1.59317
0.0132424,0.0602393,0.0294262;-1.57041,0.310446,-1.59192
0.0128991,0.0602317,0.0287495;-1.57188,0.30609,-1.57799
0.0133649,0.0612506,0.0286804;-1.57085,0.361838,-1.56601
0.0135994,0.061843,0.0287087;-1.57046,0.369061,-1.5647
0.0144876,0.0635028,0.0291488;-1.56492,0.394544,-1.56776
0.0200585,0.0655999,0.0301903;-1.54713,0.474621,-1.60032
0.0208324,0.0662048,0.0305765;-1.55127,0.466712,-1.6069
0.0203526,0.0654667,0.0300183;-1.56328,0.447641,-1.59862
0.0200143,0.0659031,0.0285993;-1.56992,0.436192,-1.57143
0.0203888,0.0668582,0.0287127;-1.57106,0.455876,-1.56426
0.0203171,0.066996,0.0288966;-1.57113,0.452998,-1.56275
0.0238439,0.0699284,0.0294893;-1.55,0.509907,-1.58407
0.025348,0.069477,0.029307;-1.55755,0.51758,-1.58829
0.0253691,0.0695058,0.0289676;-1.56732,0.510112,-1.5902
0.0245942,0.068276,0.0290055;-1.57691,0.519708,-1.58246
0.0249227,0.068279,0.0286782;-1.5704,0.530989,-1.57564
0.0260762,0.0688681,0.0287905;-1.56657,0.564503,-1.56666
0.0269031,0.0694025,0.0299527;-1.53723,0.578065,-1.57924
0.0334066,0.0715322,0.0305538;-1.51473,0.651699,-1.60204
0.0370324,0.0718132,0.0306822;-1.51989,0.674159,-1.61342
0.0382035,0.0748836,0.0294624;-1.56291,0.626638,-1.59174
0.0383451,0.0743266,0.0288375;-1.57124,0.634294,-1.58219
0.0381446,0.0742919,0.0291288;-1.56599,0.638625,-1.57918
0.0358791,0.0770135,0.0293764;-1.56927,0.61676,-1.55584
0.0361695,0.076196,0.0306105;-1.52343,0.620103,-1.59615
0.03681,0.0750054,0.0315683;-1.50123,0.628247,-1.61419
0.0390029,0.0682222,0.0359842;-1.45642,0.67547,-1.69131
0.0389816,0.0642133,0.0374132;-1.41123,0.702604,-1.71549
0.0393646,0.0640667,0.0387482;-1.39342,0.705191,-1.72878
0.0319946,0.0795705,0.0364158;-1.44472,0.703422,-1.67116
0.0325062,0.084638,0.0305514;-1.56631,0.661507,-1.58971
0.0321206,0.0865254,0.029768;-1.57031,0.647521,-1.57518
0.032726,0.084708,0.0314795;-1.57703,0.632526,-1.61026
0.0320797,0.0850616,0.031735;-1.57907,0.610788,-1.6128
0.0278966,0.0835559,0.0309907;-1.57943,0.648839,-1.60309
0.0224414,0.0797052,0.0305759;-1.57869,0.745767,-1.59591
0.02329,0.0809998,0.0301158;-1.59295,0.780282,-1.57328
0.0245074,0.0841264,0.0311933;-1.65053,0.79935,-1.51889
0.0293284,0.0841067,0.0324278;-1.59128,0.777245,-1.60737
0.0301536,0.0838739,0.0329855;-1.58907,0.776472,-1.61855
0.0306642,0.0837424,0.0333992;-1.58109,0.775314,-1.63158
0.0307301,0.0837559,0.0304382;-1.59895,0.813167,-1.57432
0.0305816,0.0826249,0.0326599;-1.63042,0.8345,-1.56205
0.0297132,0.0837071,0.0363046;-1.75011,0.901382,-1.46194
0.0406957,0.0907883,0.0338079;-1.692,0.826105,-1.50336
0.0391275,0.0893703,0.0337087;-1.60375,0.816055,-1.60848
0.0368611,0.0875097,0.0352523;-1.5876,0.804208,-1.64508
0.0340991,0.0872286,0.0326465;-1.59951,0.78732,-1.60055
0.0337709,0.0872461,0.0326286;-1.59812,0.815808,-1.59759
0.0374208,0.0891433,0.0331853;-1.61509,0.87134,-1.57923
0.0475203,0.0936964,0.0362476;-1.71607,0.996798,-1.50272
0.0532214,0.0941229,0.0360808;-1.69394,0.941206,-1.52724
0.054924,0.091608,0.0349454;-1.60884,0.897421,-1.61595
0.0512524,0.0893331,0.0350937;-1.58409,0.91166,-1.64627
0.0493076,0.0892175,0.0334123;-1.58435,0.940737,-1.62472
0.0504786,0.0929729,0.0324615;-1.58556,0.996372,-1.61046
0.0548051,0.100201,0.0355989;-1.79306,1.05342,-1.40056
0.0612486,0.103719,0.0364142;-1.82781,1.06562,-1.37004
0.0625764,0.103266,0.0362568;-1.77072,1.0408,-1.43746
0.056408,0.100872,0.03461;-1.57441,1.00392,-1.65424
0.0549451,0.100056,0.0334636;-1.59541,1.02008,-1.61368
0.0556611,0.100212,0.0330994;-1.67567,1.03707,-1.5112
0.0548282,0.103721,0.0321442;-1.72936,1.15034,-1.43661
0.058447,0.103498,0.0338432;-1.76679,1.19826,-1.42363
0.0636166,0.104697,0.0354355;-1.81417,1.19804,-1.38685
0.066555,0.102737,0.0345932;-1.64056,1.10155,-1.57382
0.0623679,0.10088,0.0327035;-1.62216,1.08254,-1.57394
0.0558998,0.0977675,0.0322997;-1.59395,1.05758,-1.59896
0.0582612,0.104597,0.0311426;-1.69176,1.15257,-1.46155
0.0673116,0.117735,0.0328088;-1.85583,1.28355,-1.29421
0.068097,0.118002,0.0332192;-1.90201,1.2889,-1.25676
0.0695355,0.115919,0.0342304;-1.90591,1.25619,-1.26582
0.0671529,0.113221,0.0322834;-1.62016,1.19994,-1.57125
0.0666598,0.113381,0.0301434;-1.57831,1.18184,-1.59103
0.06979,0.11502,0.0293521;-1.63346,1.22335,-1.51296
0.0863923,0.12635,0.0307329;-1.86457,1.43023,-1.27355
0.0937929,0.13075,0.0304254;-2.28193,1.50447,-0.860603
0.0945457,0.130451,0.0300941;-2.25931,1.5084,-0.886936
0.0871982,0.123957,0.0321608;-1.92764,1.42439,-1.24402
0.0833359,0.124439,0.032846;-1.88373,1.35153,-1.28303
0.0734945,0.126134,0.0308866;-1.7001,1.29496,-1.44969
0.0784783,0.13095,0.0312804;-1.67988,1.42782,-1.42497
0.0911598,0.135943,0.03268;-2.43173,1.52553,-0.669345
0.102663,0.141203,0.0314082;2.00803,1.47023,1.15351
0.0941339,0.134758,0.0300396;-2.68027,1.52301,-0.459286
0.0875264,0.130289,0.030954;-2.14606,1.47225,-1.00516
0.0836584,0.12805,0.0347065;-2.30474,1.40323,-0.852093
0.084916,0.132568,0.0307955;-1.86413,1.4809,-1.25609
0.0925922,0.135449,0.0328262;-2.92,1.55079,-0.172507
0.103317,0.13861,0.0332553;1.84312,1.47503,1.35206
0.11657,0.143761,0.0305895;1.77793,1.35201,1.37498
0.108116,0.141001,0.0296312;1.87456,1.444,1.27242
0.103286,0.138857,0.030448;2.16926,1.48881,0.971144
0.0940188,0.139832,0.035017;-2.72546,1.47186,-0.399556
0.0955926,0.14344,0.0344492;-2.83067,1.51836,-0.254737
0.1019,0.145757,0.0350346;2.08355,1.5134,1.1343
0.124781,0.145604,0.0327542;1.65455,1.31118,1.54009
0.12755,0.146322,0.0311621;1.64399,1.28424,1.52974
0.125026,0.146053,0.0298945;1.65547,1.31267,1.50267
0.112415,0.144025,0.0342851;2.04192,1.40458,1.12904
0.109944,0.14516,0.0363358;2.19059,1.41399,1.00406
0.11356,0.146416,0.036707;1.94919,1.39918,1.27389
0.129687,0.14388,0.0359368;1.61846,1.28302,1.60768
0.135268,0.142771,0.0341079;1.63407,1.23842,1.5791
0.136945,0.142623,0.0330081;1.59021,1.21327,1.60741
0.134453,0.142155,0.0317434;1.67836,1.25354,1.50589
0.125561,0.142816,0.0342534;1.77432,1.30715,1.4179
0.1171,0.144655,0.0368231;1.95248,1.32485,1.2489
0.122369,0.148836,0.0367695;1.72895,1.32954,1.50933
0.134174,0.144617,0.0359954;1.5908,1.23696,1.63484
0.14185,0.142092,0.0337754;1.61938,1.17492,1.59139
0.149707,0.142234,0.0305612;1.62563,1.09445,1.54478
0.146022,0.141597,0.0319559;1.65086,1.14463,1.53383
0.135802,0.14126,0.0343906;1.72221,1.21331,1.47274
0.126587,0.142279,0.0388645;1.95436,1.25889,1.27566
0.131195,0.142066,0.0379233;1.80714,1.22797,1.42255
0.141635,0.139158,0.0334886;1.63315,1.16021,1.57037
0.145755,0.138871,0.0303562;1.58371,1.11058,1.58598
0.152196,0.138684,0.0304737;1.61673,1.04903,1.55251
0.147306,0.138723,0.0315968;1.63739,1.10689,1.54308
0.140769,0.138804,0.035098;1.74341,1.14607,1.45092
0.142943,0.137255,0.0375691;1.86227,1.10926,1.35019
0.148556,0.135413,0.0371697;1.8361,1.07121,1.36987
0.158546,0.135038,0.0298697;1.59989,0.989412,1.56135
0.158322,0.135377,0.0288524;1.5838,0.985238,1.56584
0.160903,0.135144,0.0291048;1.60302,0.931017,1.55081
0.156436,0.138022,0.0304638;1.62888,0.942009,1.5146
0.152079,0.141424,0.0332048;1.70897,0.938716,1.45556
0.149515,0.14356,0.0333349;1.72076,0.948966,1.45675
0.154643,0.134414,0.0300311;1.59718,0.85002,1.55041
0.158963,0.132418,0.0295421;1.60519,0.847084,1.54293
0.159113,0.132289,0.0289131;1.58189,0.841707,1.5547
0.165005,0.125405,0.0293483;1.58032,0.789679,1.55158
0.168287,0.122866,0.0313828;1.57921,0.781229,1.54121
0.170208,0.12113,0.0344375;1.62628,0.785885,1.506
0.166369,0.114158,0.0331887;1.62156,0.689085,1.50412
0.165105,0.112263,0.0316468;1.55426,0.665202,1.54038
0.167245,0.110889,0.0318977;1.5552,0.676025,1.53276
0.172099,0.110297,0.0300321;1.56793,0.700586,1.5463
0.176882,0.107846,0.030858;1.56972,0.740098,1.54507
0.181282,0.104218,0.0343853;1.63419,0.745615,1.49951
0.195611,0.089924,0.0341024;1.6715,0.708623,1.49765
0.201028,0.0818723,0.0311133;1.58696,0.670938,1.5357
0.20064,0.0784235,0.0307094;1.56144,0.697611,1.53839
0.198374,0.0805178,0.0290624;1.5702,0.637481,1.55385
0.198879,0.0805216,0.0296818;1.60166,0.626166,1.54291
0.198809,0.0815983,0.0319996;1.58888,0.618137,1.51869
0.199887,0.0785499,0.0370083;1.62299,0.611472,1.48279
0.20411,0.0701072,0.0351118;1.65131,0.577818,1.48053
0.205416,0.0665038,0.0343058;1.62757,0.588077,1.49051
0.200359,0.0710482,0.0341922;1.55589,0.649937,1.50311
0.198486,0.0765786,0.0319381;1.56802,0.637304,1.51919
0.198131,0.0794531,0.0310254;1.58655,0.63056,1.52805
0.198131,0.0794531,0.0310254;1.58655,0.63056,1.52805
0.19861,0.0806261,0.0332497;1.56071,0.601259,1.51316
0.19861,0.0806261,0.0332497;1.56071,0.601259,1.51316
