0,0,0.11;-1.57,-2.98023e-08,-1.57
0,0,0.11;-1.57,-2.98023e-08,-1.57
0,0,0.11;-1.57,-2.98023e-08,-1.57
-1.58013e-05,0.00404705,0.0286607;-1.57094,-0.13119,-1.57482
4.34976e-05,0.00339696,0.0286676;-1.57052,-0.111276,-1.56657
-0.000534369,0.00182749,0.0302518;-1.56831,-0.116277,-1.5411
-0.000544366,-0.00323953,0.0309029;-1.56008,-0.128758,-1.53312
0.000367888,-0.00260309,0.0289109;-1.57211,-0.206165,-1.58528
0.00103261,-0.000207481,0.0287857;-1.57541,-0.256386,-1.57734
0.001208,0.000740316,0.0285797;-1.57089,-0.290667,-1.5709
0.00132447,0.000490602,0.0287398;-1.56999,-0.27784,-1.56297
0.000721129,0.000166536,0.0300747;-1.57006,-0.28671,-1.54147
-0.000800565,-0.00103119,0.0334249;-1.56819,-0.278397,-1.49872
0.00125584,-0.00651695,0.0305918;-1.56802,-0.298941,-1.53512
0.00156639,-0.00869317,0.0286437;-1.57089,-0.350649,-1.56775
0.00149847,-0.00711445,0.0287523;-1.57582,-0.40513,-1.57727
0.00162699,-0.00649361,0.0285794;-1.57079,-0.435205,-1.57076
0.00125123,-0.00655931,0.0290326;-1.56896,-0.422973,-1.55499
0.000558502,-0.0056082,0.0325628;-1.56472,-0.407366,-1.51074
-0.000710622,-0.00696947,0.0333797;-1.55906,-0.442331,-1.49761
0.000776415,-0.00752901,0.0297533;-1.56189,-0.455133,-1.54739
0.00110145,-0.00729177,0.0285781;-1.57069,-0.462411,-1.57077
0.0018055,-0.00812489,0.0288082;-1.57086,-0.406684,-1.58194
0.00427721,-0.0110073,0.0294266;-1.56588,-0.353009,-1.59215
0.00706679,-0.0162073,0.0311256;-1.52925,-0.28359,-1.56793
0.00609849,-0.0183045,0.0344151;-1.45299,-0.286062,-1.53223
0.00452355,-0.0150063,0.0333168;-1.46821,-0.331053,-1.54132
-0.00160727,-0.00054102,0.0297055;-1.56154,-0.444194,-1.58791
-0.00222026,0.00200649,0.0293215;-1.56667,-0.463528,-1.58613
-0.0022477,0.00293608,0.0291601;-1.5593,-0.47392,-1.58311
-0.00358204,0.00266268,0.0297207;-1.55958,-0.458518,-1.55309
-0.00486128,0.00129435,0.0350384;-1.58558,-0.437217,-1.55199
-0.00182059,0.00289153,0.0370799;-1.58147,-0.453329,-1.57686
-0.00109488,0.0128333,0.0313104;-1.57593,-0.500614,-1.61712
-0.0029103,0.019149,0.0304114;-1.5742,-0.548563,-1.60335
-0.00318975,0.0199679,0.0292745;-1.57646,-0.551796,-1.58999
-0.00387119,0.0174546,0.0293026;-1.60205,-0.454413,-1.57882
-0.00706953,0.0161306,0.0339628;-1.65785,-0.402882,-1.58199
-0.00845843,0.0180407,0.0374483;-1.74101,-0.384444,-1.62236
-0.00428889,0.0244497,0.0343902;-1.62576,-0.434634,-1.6521
-0.00479439,0.0276204,0.0365381;-1.5901,-0.469776,-1.67306
-0.00736137,0.0308715,0.035982;-1.59071,-0.472283,-1.67078
-0.00751464,0.02517,0.0323398;-1.62841,-0.400211,-1.61789
-0.0083801,0.0234076,0.0339569;-1.69145,-0.392421,-1.61959
-0.00833961,0.0203494,0.0373855;-1.73534,-0.407345,-1.61758
-0.00267787,0.0218008,0.0335287;-1.66442,-0.482696,-1.63557
-0.000526829,0.0204298,0.0333762;-1.57996,-0.499632,-1.64334
0.00164996,0.0197812,0.0362538;-1.5957,-0.529752,-1.67521
0.00438542,0.0146331,0.0385209;-1.68287,-0.453623,-1.69026
0.000902788,0.0142797,0.0400227;-1.7851,-0.402023,-1.68326
-0.00269499,0.0117956,0.0392285;-1.79721,-0.357941,-1.65675
-0.00179992,0.0138481,0.0331224;-1.67343,-0.395691,-1.61338
-0.00121135,0.0133298,0.0299436;-1.57693,-0.410215,-1.59849
-0.00175988,0.0177404,0.0304541;-1.58167,-0.447907,-1.60545
-0.00172739,0.0105042,0.0326025;-1.59264,-0.364964,-1.62961
-0.00113906,0.00453878,0.0344692;-1.68444,-0.274725,-1.61798
-0.00218373,0.00140879,0.0386855;-1.76533,-0.224655,-1.63606
-0.00184232,0.0086386,0.0372078;-1.72574,-0.333243,-1.64581
-0.000145282,0.0106079,0.0326792;-1.59272,-0.388751,-1.62704
0.00040708,0.0148813,0.031848;-1.57948,-0.434465,-1.62131
0.0018051,0.013242,0.0289766;-1.56895,-0.424244,-1.58753
0.00125848,0.00865272,0.0298098;-1.59864,-0.380069,-1.59045
0.000471273,0.00329141,0.0339415;-1.6613,-0.367376,-1.59476
0.00650217,-0.00944635,0.0374374;-1.52307,-0.341422,-1.56756
0.0141713,-0.0195313,0.039539;-1.39312,-0.330644,-1.55099
0.0117551,-0.0117996,0.0342285;-1.55264,-0.365516,-1.64117
0.00552445,-0.00210935,0.0316064;-1.56199,-0.480083,-1.61184
0.00455984,-0.000527335,0.0289951;-1.56455,-0.500995,-1.58292
0.00424267,-0.000359546,0.0292521;-1.55937,-0.496681,-1.55269
0.00282751,-0.00254403,0.033064;-1.57473,-0.509477,-1.50548
0.00563144,-0.0033933,0.0300521;-1.57268,-0.53634,-1.547
0.0063688,-0.00383155,0.0287804;-1.56461,-0.544017,-1.57342
0.00796111,-0.00409677,0.0293928;-1.57644,-0.543877,-1.59209
0.00725265,-0.00399937,0.0289002;-1.57573,-0.557647,-1.58599
0.00703853,-0.00565168,0.0291513;-1.55785,-0.537256,-1.56572
0.00179397,-0.0084086,0.0347296;-1.55012,-0.510243,-1.48338
0.00341587,-0.00735163,0.0327419;-1.56341,-0.555908,-1.50593
0.00420218,-0.00615025,0.0304564;-1.55858,-0.574589,-1.53483
0.00452577,-0.00579489,0.0286002;-1.57082,-0.564254,-1.57179
0.0051174,-0.007104,0.0287168;-1.57104,-0.528686,-1.57759
0.00540747,-0.00860185,0.0289218;-1.57613,-0.496819,-1.58604
0.00439062,-0.019377,0.0330236;-1.55082,-0.397982,-1.51484
0.00381712,-0.0303284,0.0341929;-1.4799,-0.44034,-1.50465
0.00199479,-0.0324815,0.0326028;-1.4749,-0.481269,-1.5206
0.00164007,-0.0288781,0.02878;-1.56087,-0.497029,-1.56682
0.00222979,-0.0286283,0.0285845;-1.57083,-0.461616,-1.57043
0.00225362,-0.0286483,0.0287456;-1.57097,-0.461212,-1.56287
0.000113771,-0.0302816,0.034323;-1.55823,-0.408203,-1.49085
0.0005269,-0.0341144,0.0330338;-1.55812,-0.445689,-1.50308
0.000741419,-0.0337007,0.0308592;-1.55541,-0.459764,-1.52988
0.0016782,-0.0304038,0.0287322;-1.56707,-0.479373,-1.57298
0.0015752,-0.0300725,0.0286612;-1.57102,-0.473822,-1.57487
0.00133485,-0.0296461,0.0285797;-1.5709,-0.475264,-1.57084
0.000175356,-0.025562,0.0319057;-1.55924,-0.408008,-1.51501
0.000556772,-0.024798,0.0305387;-1.56402,-0.389541,-1.52907
0.000717167,-0.0242384,0.0307038;-1.55427,-0.367355,-1.53249
0.00399651,-0.0191663,0.0305946;-1.57505,-0.361939,-1.60249
0.00467081,-0.0114883,0.0335535;-1.59186,-0.41483,-1.64066
0.00316039,-0.0111378,0.0323063;-1.58445,-0.405281,-1.62321
0.00191359,-0.013825,0.0307941;-1.60038,-0.367898,-1.59911
-0.00199853,-0.0153059,0.0355477;-1.66105,-0.335824,-1.55824
-0.0012065,-0.0126714,0.0319689;-1.61241,-0.384034,-1.55532
-0.000704197,-0.00898744,0.0289193;-1.58041,-0.42126,-1.57117
0.00356927,-0.00746962,0.0321006;-1.57939,-0.392686,-1.6245
0.00550741,-0.0103842,0.0332416;-1.58026,-0.35059,-1.63745
0.00630096,-0.0123443,0.0348933;-1.61681,-0.313159,-1.64607
-0.00171101,-0.0126633,0.0377657;-1.75915,-0.246384,-1.62161
-0.00395843,-0.00817038,0.0362353;-1.72588,-0.269372,-1.61737
-0.00571072,-0.00553466,0.0314757;-1.63689,-0.300097,-1.59227
-0.00562021,-0.00103817,0.0290209;-1.58035,-0.325068,-1.58582
-0.00536379,-0.00355074,0.029855;-1.58212,-0.286541,-1.59757
-0.00462494,-0.0101608,0.0306114;-1.59017,-0.219313,-1.6022
-0.00413904,-0.0169173,0.0380074;-1.74595,-0.140141,-1.6157
-0.00233488,-0.0104617,0.0398918;-1.75436,-0.19874,-1.6443
-0.00349524,-0.00826479,0.0381259;-1.69623,-0.235905,-1.64934
-0.00565631,-0.00466866,0.0315106;-1.58857,-0.286265,-1.61123
-0.00539241,-0.00285891,0.0292096;-1.5799,-0.302515,-1.58723
-0.00506521,-0.00449291,0.0299627;-1.57873,-0.286728,-1.59637
-0.00700084,-0.0111941,0.0339422;-1.67319,-0.268792,-1.59341
-0.00732835,-0.0127465,0.0337525;-1.66973,-0.257123,-1.58875
-0.00690511,-0.00977464,0.0307596;-1.61926,-0.273885,-1.58801
-0.00403986,-0.00823707,0.035527;-1.51063,-0.266583,-1.60686
-0.00456114,-0.0076781,0.0363269;-1.49139,-0.244977,-1.6094
-0.00699619,-0.00185887,0.0300932;-1.57068,-0.272774,-1.59947
-0.00838992,-0.00426186,0.0307123;-1.62014,-0.253077,-1.58428
-0.00780958,-0.00698596,0.0335577;-1.65497,-0.247497,-1.57564
-0.00735016,-0.00551282,0.032008;-1.6467,-0.251692,-1.59234
-0.0072083,-0.00352624,0.0319653;-1.53282,-0.294592,-1.58472
-0.00071666,-0.002447,0.034757;-1.52052,-0.25319,-1.61068
0.00724273,0.000377264,0.0342359;-1.56062,-0.239263,-1.63679
0.00582014,-0.00471329,0.0332907;-1.61015,-0.222149,-1.6199
0.00279746,-0.0113113,0.0325055;-1.63136,-0.218673,-1.56694
0.00138465,-0.0155901,0.033124;-1.5842,-0.261424,-1.51757
0.00130109,-0.0187186,0.0300104;-1.56052,-0.297803,-1.54885
0.00423067,-0.0163003,0.0292676;-1.56414,-0.268848,-1.56999
0.00532476,-0.0160964,0.0288781;-1.5762,-0.253202,-1.58227
0.00510922,-0.0216304,0.0311559;-1.58277,-0.213403,-1.60711
0.0034467,-0.030645,0.0313181;-1.63188,-0.171475,-1.58185
0.00281435,-0.044411,0.0350299;-1.55772,-0.16153,-1.53591
0.00546629,-0.0476571,0.0327747;-1.48294,-0.238186,-1.5476
0.00631749,-0.0455084,0.0340203;-1.47326,-0.250599,-1.56251
0.0104719,-0.0417893,0.0373325;-1.4713,-0.292668,-1.5967
0.0126531,-0.0414529,0.0325875;-1.57436,-0.26482,-1.62766
0.0121015,-0.0458652,0.0306153;-1.57416,-0.229619,-1.60485
0.0106694,-0.0490264,0.0298086;-1.59882,-0.220853,-1.57367
0.0134425,-0.0481306,0.0287662;-1.56919,-0.253733,-1.58061
0.0136705,-0.0477946,0.028664;-1.56659,-0.255998,-1.56974
0.0136933,-0.0480813,0.0286862;-1.56829,-0.239132,-1.57444
0.0137223,-0.0485518,0.0291126;-1.56825,-0.240758,-1.5607
0.0133117,-0.0483332,0.028816;-1.57647,-0.233585,-1.56555
0.0127016,-0.0479347,0.029277;-1.5824,-0.214535,-1.55954
0.0131308,-0.0477296,0.0288995;-1.56977,-0.209936,-1.55608
0.0130488,-0.047616,0.0289077;-1.56242,-0.21093,-1.56151
0.0130965,-0.0469598,0.0285793;-1.57084,-0.21351,-1.57074
0.0130717,-0.045968,0.0289692;-1.57564,-0.226691,-1.58558
0.012711,-0.0471497,0.0289413;-1.58034,-0.202953,-1.58058
0.0121389,-0.0487369,0.028943;-1.58436,-0.181025,-1.56875
0.0130923,-0.0499136,0.0289058;-1.57878,-0.200463,-1.56459
0.0131631,-0.0500359,0.028628;-1.57236,-0.209244,-1.57045
0.0127768,-0.0495901,0.0286758;-1.56964,-0.237475,-1.57446
0.0129504,-0.0511644,0.0295776;-1.57639,-0.20871,-1.59204
0.0133669,-0.0545621,0.0309409;-1.57774,-0.163387,-1.60943
0.0135739,-0.0597464,0.0330714;-1.60993,-0.10963,-1.61995
0.0122079,-0.0563138,0.0354104;-1.66997,-0.112133,-1.61437
0.0132074,-0.0504576,0.0332529;-1.62833,-0.161418,-1.6125
0.0137307,-0.046928,0.0309763;-1.57673,-0.198286,-1.6077
0.0149298,-0.0420614,0.0336271;-1.57753,-0.228538,-1.6435
0.014885,-0.0457253,0.0366285;-1.55391,-0.183412,-1.66574
0.0158039,-0.0514349,0.0355395;-1.58853,-0.133848,-1.65825
0.0158974,-0.065247,0.041148;-1.69853,-0.0484132,-1.66248
0.0177855,-0.0634672,0.0409735;-1.66889,-0.0692188,-1.67843
0.018878,-0.0625937,0.0381745;-1.59618,-0.0905657,-1.6847
0.0193476,-0.0550366,0.0369077;-1.57571,-0.150657,-1.6828
0.0204003,-0.0536527,0.0379407;-1.55969,-0.170479,-1.68533
0.0214107,-0.0547873,0.0386353;-1.58786,-0.170565,-1.68667
0.0212846,-0.0499041,0.0422109;-1.74366,-0.15965,-1.6687
0.0223851,-0.0461352,0.041944;-1.74678,-0.17644,-1.67008
0.0224646,-0.0483888,0.0394766;-1.6481,-0.188772,-1.68075
0.0214916,-0.0575185,0.0375497;-1.59278,-0.125639,-1.68225
0.0207591,-0.0564119,0.0366039;-1.57349,-0.139924,-1.67278
0.0180507,-0.0542222,0.0341288;-1.5604,-0.141093,-1.64119
0.0180507,-0.0542222,0.0341288;-1.5604,-0.141093,-1.64119
0.0152156,-0.0505847,0.0330374;-1.63011,-0.149816,-1.60823
0.0152156,-0.0505847,0.0330374;-1.63011,-0.149816,-1.60823
