0,0,0.11;-1.57,-2.98023e-08,-1.57
0,0,0.11;-1.57,-2.98023e-08,-1.57
0,0,0.11;-1.57,-2.98023e-08,-1.57
-0.000366975,0.000525459,0.0286224;-1.56901,-0.226399,-1.56967
-0.000600244,0.000550207,0.0287505;-1.56916,-0.237054,-1.56332
-0.00123232,0.000233445,0.0301606;-1.55629,-0.228633,-1.54642
0.00110225,0.00215731,0.0332006;-1.51604,-0.161377,-1.54593
0.00402186,0.00752991,0.0290119;-1.56802,-0.175842,-1.58942
0.00400637,0.0111131,0.0287551;-1.57065,-0.220646,-1.579
0.00386525,0.0117594,0.0287121;-1.57056,-0.241,-1.57698
0.00437022,0.0110057,0.0286803;-1.57083,-0.151828,-1.56597
0.00307701,0.00918234,0.0303371;-1.57327,-0.10835,-1.54505
0.00107029,-0.00224009,0.033827;-1.58881,-0.0725938,-1.51346
0.00611994,-0.0186662,0.0310966;-1.55253,-0.175415,-1.54567
0.00447483,-0.0210018,0.0287683;-1.56227,-0.266688,-1.56933
0.00309473,-0.0191448,0.028639;-1.57077,-0.364061,-1.57361
0.00294503,-0.0187099,0.0287579;-1.5707,-0.415934,-1.57923
0.00269024,-0.0194793,0.0295436;-1.56529,-0.421074,-1.5859
0.00166477,-0.0227978,0.0346659;-1.48037,-0.416926,-1.56426
-0.00082103,-0.0294638,0.0377147;-1.41711,-0.435839,-1.53913
0.00304146,-0.0317043,0.0386141;-1.45248,-0.42442,-1.59569
0.00382927,-0.0293071,0.0363245;-1.53835,-0.44563,-1.65093
-0.000817641,-0.0194114,0.0312961;-1.58032,-0.520158,-1.61408
0.00104803,-0.0258689,0.0329037;-1.56541,-0.453106,-1.63366
0.0068521,-0.0359565,0.0388216;-1.46452,-0.365008,-1.60816
0.011726,-0.0426047,0.0427416;-1.37979,-0.311375,-1.58484
0.0126929,-0.0422089,0.0417764;-1.43558,-0.328461,-1.62163
0.00711702,-0.0320085,0.0385988;-1.55963,-0.425717,-1.685
0.00629896,-0.0274422,0.036992;-1.58891,-0.473283,-1.67661
0.00665702,-0.0280649,0.0362104;-1.56299,-0.460023,-1.67711
0.0115297,-0.0363614,0.0381787;-1.44424,-0.350247,-1.57811
0.0146846,-0.040426,0.0396238;-1.3832,-0.31667,-1.54294
0.0155943,-0.0433972,0.0396894;-1.41335,-0.353887,-1.56867
0.0106097,-0.0399526,0.0360044;-1.56379,-0.410096,-1.67255
0.0081995,-0.0382261,0.0387085;-1.55391,-0.396957,-1.68048
0.00296584,-0.0376022,0.0339229;-1.57396,-0.415825,-1.64112
0.00634405,-0.0464767,0.0357832;-1.49795,-0.331691,-1.6039
0.00657229,-0.0522599,0.037336;-1.41628,-0.320173,-1.54406
0.00372596,-0.0534896,0.0379462;-1.39933,-0.357124,-1.5293
-0.00493146,-0.0454396,0.0290155;-1.57235,-0.529292,-1.59051
-0.00500595,-0.0415265,0.0294686;-1.5758,-0.558522,-1.59189
-0.00521374,-0.0388549,0.0289814;-1.58759,-0.588193,-1.5855
-0.00515309,-0.0409767,0.0286821;-1.56559,-0.543998,-1.56724
-0.00570808,-0.0437865,0.0305022;-1.53422,-0.48838,-1.54713
-0.00428167,-0.0498335,0.0370527;-1.42159,-0.426609,-1.51934
-0.000536697,-0.0465134,0.0360642;-1.51969,-0.478369,-1.62825
-0.000903742,-0.0431482,0.0348259;-1.55747,-0.502768,-1.65351
-0.000585148,-0.0418368,0.0367342;-1.58301,-0.511822,-1.6732
-0.00238746,-0.0419294,0.032543;-1.55966,-0.521653,-1.6259
0.000731784,-0.0454299,0.0356198;-1.48978,-0.46092,-1.58336
0.00400645,-0.0497866,0.0399386;-1.39684,-0.398089,-1.53822
0.00811784,-0.0414896,0.0399093;-1.48601,-0.494337,-1.6447
0.00475733,-0.0350317,0.0377932;-1.55233,-0.551461,-1.68913
0.0034454,-0.0279077,0.0384684;-1.57297,-0.571204,-1.68863
0.0018742,-0.0321265,0.0348908;-1.56704,-0.546908,-1.65961
0.00249849,-0.0314915,0.0346155;-1.53549,-0.521136,-1.62036
0.000153194,-0.0297302,0.0419881;-1.53731,-0.509397,-1.58727
0.00913912,-0.0197641,0.0427187;-1.63548,-0.571713,-1.66901
0.0124479,-0.0104885,0.0390163;-1.67696,-0.531299,-1.7058
0.0137972,-0.00691077,0.0397058;-1.61486,-0.489631,-1.70687
0.0101522,-0.000150004,0.0382746;-1.57706,-0.382373,-1.6808
0.00732179,0.00798035,0.0377827;-1.6924,-0.328388,-1.65971
0.00584833,0.0120005,0.0400444;-1.8101,-0.285208,-1.64416
0.00482395,0.0137977,0.0428352;-1.87002,-0.260296,-1.65767
0.00743347,0.0100358,0.0428562;-1.8395,-0.247257,-1.66903
0.0106758,-0.00318876,0.0405289;-1.67223,-0.248736,-1.6816
0.00546622,-0.00682886,0.0375726;-1.56586,-0.365009,-1.67667
0.00181785,-0.00882579,0.0342981;-1.55485,-0.415684,-1.6444
-0.00145037,-0.006353,0.0315513;-1.59917,-0.432289,-1.60664
-0.0134818,-0.00498512,0.0393516;-1.64431,-0.481534,-1.5391
-0.00809586,-0.00160761,0.0355227;-1.64512,-0.502133,-1.55601
-0.00338539,-0.000857345,0.0288739;-1.57871,-0.488883,-1.58166
-0.00114138,0.000737115,0.0313792;-1.57055,-0.463654,-1.61389
-0.00211245,0.00246323,0.0302593;-1.56592,-0.434181,-1.60011
-0.00368939,0.0011415,0.0290555;-1.58568,-0.369908,-1.58439
-0.0104955,-0.0122081,0.0345987;-1.59727,-0.311524,-1.50131
-0.00691313,-0.0166993,0.0332328;-1.59885,-0.340453,-1.52523
-0.000749575,-0.0200263,0.0291091;-1.56892,-0.410208,-1.56806
0.000299488,-0.0222662,0.0291705;-1.57079,-0.387964,-1.5828
-0.00158791,-0.0257426,0.0288394;-1.56639,-0.402767,-1.57728
-0.0032543,-0.0272722,0.0289948;-1.56143,-0.410951,-1.56581
-0.00592641,-0.0354614,0.0347206;-1.51421,-0.383912,-1.49975
0.00156982,-0.0401786,0.0338589;-1.47204,-0.396769,-1.53592
0.00375639,-0.0401622,0.0345816;-1.51233,-0.396506,-1.59985
0.00638646,-0.0408691,0.0348958;-1.54673,-0.352015,-1.64305
0.00589104,-0.0399277,0.0333627;-1.53947,-0.361106,-1.62577
0.00420479,-0.0371079,0.0315542;-1.56216,-0.36772,-1.61816
-0.00779894,-0.0230117,0.0391795;-1.5771,-0.392364,-1.54761
-0.00788536,-0.0134781,0.0370366;-1.70181,-0.473063,-1.62689
-0.0066382,-0.00897106,0.0353472;-1.71216,-0.488503,-1.64819
-0.000167293,-0.00194909,0.0362894;-1.61879,-0.591722,-1.67695
0.00237592,-0.00297233,0.0370709;-1.55925,-0.593073,-1.67802
0.0028721,-0.00567608,0.0396428;-1.54354,-0.610507,-1.69298
-0.00234888,-0.0184723,0.0390415;-1.47269,-0.63371,-1.59806
-0.00556225,-0.0244378,0.0402952;-1.49986,-0.661485,-1.59082
-0.00812234,-0.026601,0.0431308;-1.53231,-0.662744,-1.59044
4.8434e-05,-0.0219045,0.040256;-1.5317,-0.717001,-1.70223
-0.000143047,-0.0213916,0.0410522;-1.53681,-0.722437,-1.70957
-0.00368818,-0.0173867,0.0376929;-1.61862,-0.742637,-1.68738
-0.00455341,-0.0134489,0.0389787;-1.68689,-0.703456,-1.70138
-0.00595273,0.00675134,0.051375;-1.6644,-0.608845,-1.61883
-0.00436941,0.0101055,0.0520591;-1.69263,-0.704759,-1.66859
-0.00547413,0.00352616,0.0467118;-1.71302,-0.815053,-1.72512
-0.0105952,0.0105137,0.0357105;-1.69023,-0.956288,-1.72175
-0.0119457,0.0100202,0.0352467;-1.66921,-0.954153,-1.69492
-0.0137154,0.0052512,0.0319468;-1.62636,-0.929652,-1.64196
-0.0234046,0.0052928,0.0358768;-1.58301,-0.891838,-1.47955
-0.0222554,0.00919663,0.0363087;-1.60046,-0.947777,-1.51872
-0.0181923,0.0125095,0.0316071;-1.62113,-1.00797,-1.5887
-0.0165314,0.0207759,0.0308887;-1.62086,-1.07749,-1.64026
-0.0137274,0.0225747,0.0337102;-1.5647,-1.0441,-1.64159
-0.0111273,0.0205922,0.0369418;-1.53966,-0.96457,-1.63994
-0.0161802,0.00856632,0.0438056;-1.55463,-0.773522,-1.5335
-0.0186582,0.00907293,0.042181;-1.67331,-0.695384,-1.58179
-0.0180695,0.00975666,0.040639;-1.789,-0.727453,-1.67371
-0.00593251,-0.000578876,0.0290004;-1.59897,-0.855282,-1.59572
-0.00525556,-2.26421e-05,0.030719;-1.58792,-0.890914,-1.616
-0.00170292,-0.00782241,0.0327001;-1.55799,-0.857536,-1.61952
0.000353824,-0.0178214,0.0396767;-1.40977,-0.830253,-1.53161
0.00098118,-0.0208093,0.0418001;-1.34346,-0.81916,-1.48224
0.00346087,-0.0224286,0.0424428;-1.37309,-0.818162,-1.5258
0.00498351,-0.0149364,0.0476347;-1.79839,-0.907653,-1.82758
0.00436644,-0.00544106,0.0447912;-1.86391,-0.972004,-1.90433
0.00625932,-0.0115248,0.0420865;-1.625,-0.986353,-1.75321
0.00944616,-0.0185467,0.0422975;-1.43108,-0.886014,-1.59129
0.0102957,-0.0167641,0.0462343;-1.28487,-0.805798,-1.47363
0.0119933,-0.012717,0.0479944;-1.25469,-0.741127,-1.45884
0.0152893,-0.00152196,0.0491364;-1.71671,-0.845402,-1.77345
0.0128188,0.00329448,0.0508022;-1.8894,-0.871826,-1.86967
0.0133929,0.00562529,0.0500059;-1.92802,-0.888229,-1.90928
0.0164931,-0.0145885,0.043294;-1.43775,-0.857991,-1.61492
0.0112211,-0.0156644,0.0474861;-1.31373,-0.836192,-1.51225
0.00361892,-0.0153379,0.0522299;-1.36745,-0.824318,-1.51221
0.00367937,0.00198054,0.0581261;-1.94446,-0.851538,-1.87982
0.00316608,0.00955069,0.0559266;-2.13769,-0.900192,-2.03225
-0.000432748,0.0168829,0.0498778;-2.17965,-1.01025,-2.09027
-0.000163118,0.020925,0.0488373;-1.86444,-0.971108,-1.85291
-0.00788112,0.0364994,0.0547119;-1.94974,-0.819393,-1.84188
-0.0156442,0.0440557,0.0574308;-1.86815,-0.748462,-1.75962
-0.00202309,0.0370692,0.0554496;-1.72501,-0.895392,-1.73334
-0.00428587,0.0260102,0.049578;-1.75465,-1.01162,-1.75259
-0.0124383,0.021372,0.0408039;-1.92053,-1.14266,-1.89502
-0.0162504,0.0296121,0.0421617;-1.93796,-1.06219,-1.93473
-0.0185913,0.0287822,0.046603;-1.83515,-1.00964,-1.83011
-0.0245099,0.028307,0.0522089;-1.82242,-0.945405,-1.78567
-0.031552,0.0271002,0.0479296;-2.07506,-0.937831,-1.96221
-0.0308263,0.0316349,0.0473316;-2.17232,-0.936096,-2.05963
-0.0266906,0.0313667,0.0446018;-2.10906,-0.948247,-2.01899
-0.0200265,0.0328183,0.0456176;-1.98457,-0.915144,-1.95385
-0.0213808,0.0343424,0.0476385;-2.00404,-0.789101,-1.95442
-0.0233035,0.0310317,0.0518377;-2.08086,-0.668949,-1.97653
-0.0291931,0.0331942,0.05379;-2.16734,-0.641945,-2.02336
-0.029351,0.0350973,0.0532292;-2.18176,-0.667982,-2.04274
-0.0274293,0.031961,0.0507058;-2.0813,-0.711532,-1.98375
-0.0245066,0.0331971,0.0438505;-1.8953,-0.817153,-1.87274
-0.0241862,0.0319576,0.0435513;-1.85628,-0.842947,-1.85485
-0.0277061,0.0310738,0.0436234;-1.92278,-0.869077,-1.89725
-0.033087,0.034255,0.0498037;-1.9767,-0.910593,-1.90292
-0.0313731,0.0382661,0.049025;-1.94142,-0.979204,-1.89603
-0.030826,0.0438546,0.042428;-1.9382,-1.0189,-1.94911
-0.028993,0.0433577,0.0396553;-1.89601,-1.02932,-1.88298
-0.0269448,0.0406478,0.0394835;-1.91516,-0.970397,-1.88068
-0.0263338,0.0397124,0.0401998;-1.95483,-0.905212,-1.88509
-0.038466,0.0423233,0.046348;-2.08548,-0.751854,-1.94668
-0.0436763,0.0440639,0.0461996;-2.03464,-0.759973,-1.93255
-0.045987,0.0476828,0.0459772;-2.00768,-0.802792,-1.94281
-0.0483336,0.0557174,0.0408056;-1.72208,-0.967077,-1.77439
-0.0505104,0.0559862,0.0419499;-1.74367,-0.941398,-1.79524
-0.0498592,0.0524782,0.0421818;-1.82387,-0.876078,-1.84447
-0.0482307,0.0458946,0.0459702;-2.00333,-0.756821,-1.91189
-0.04753,0.04774,0.0480145;-2.06921,-0.750562,-1.96374
-0.0478785,0.0489746,0.047629;-2.05818,-0.788496,-1.97697
-0.0476268,0.0524099,0.0406547;-1.95681,-0.897514,-1.88693
-0.0433691,0.0513659,0.0333361;-1.71283,-0.951098,-1.68061
-0.0428254,0.0511966,0.0345011;-1.75178,-0.95411,-1.71271
-0.049777,0.0490065,0.0383645;-1.76437,-0.896904,-1.67453
-0.0507178,0.0476609,0.042538;-1.77487,-0.868901,-1.6916
-0.0483613,0.0496387,0.046297;-1.73123,-0.885592,-1.69516
-0.0447635,0.0482056,0.0383042;-1.65531,-1.01588,-1.66106
-0.0460172,0.046127,0.0331817;-1.60837,-0.995319,-1.6118
-0.0480289,0.0443496,0.0328715;-1.65186,-0.945833,-1.63174
-0.0480289,0.0443496,0.0328715;-1.65186,-0.945833,-1.63174
-0.048046,0.0402473,0.0330292;-1.70516,-0.923494,-1.66723
-0.048046,0.0402473,0.0330292;-1.70516,-0.923494,-1.66723
