0,0,0.11;-1.57,-2.98023e-08,-1.57
0,0,0.11;-1.57,-2.98023e-08,-1.57
0,0,0.11;-1.57,-2.98023e-08,-1.57
-0.000398992,0.00227609,0.0286014;-1.57032,-0.231393,-1.57002
-0.000532867,0.00111097,0.0287963;-1.56882,-0.228294,-1.56173
-0.0030326,-0.0058003,0.0298438;-1.56385,-0.274633,-1.54378
-0.0070882,-0.0175406,0.0303026;-1.54334,-0.36539,-1.54501
-0.00798117,-0.019991,0.0285865;-1.57123,-0.450057,-1.57173
-0.00783426,-0.0187722,0.0288082;-1.58167,-0.489434,-1.57335
-0.00675796,-0.0190628,0.0286487;-1.5714,-0.542877,-1.56771
-0.0063427,-0.0190827,0.0288978;-1.56325,-0.523061,-1.55839
-0.00607413,-0.0175049,0.0295945;-1.5543,-0.491721,-1.54462
-0.00542247,-0.0156146,0.032347;-1.54694,-0.418414,-1.50939
-0.00322205,-0.0171534,0.033546;-1.54431,-0.344347,-1.51134
0.00192376,-0.0177108,0.0317696;-1.53506,-0.30632,-1.54811
0.00462042,-0.0185017,0.0305643;-1.54415,-0.284679,-1.57702
0.00229838,-0.00662327,0.0294754;-1.58063,-0.313205,-1.56502
0.00148227,0.000219404,0.0321805;-1.56049,-0.279841,-1.52257
-0.0012178,0.0110624,0.0350318;-1.57524,-0.307446,-1.49781
-0.00665456,0.0347829,0.037504;-1.59915,-0.361443,-1.48134
-0.00743832,0.0355899,0.0325567;-1.57098,-0.372249,-1.50901
-0.00781221,0.0362121,0.0287944;-1.57274,-0.386737,-1.56277
-0.00744977,0.0391991,0.0290388;-1.57257,-0.409318,-1.57545
-0.00669376,0.0368617,0.0287933;-1.56605,-0.3996,-1.56307
-0.00687128,0.0313364,0.0308696;-1.57494,-0.372466,-1.53414
-0.00569715,0.0210804,0.0357328;-1.54182,-0.32959,-1.48561
-0.00226953,0.0190507,0.0339988;-1.51851,-0.33712,-1.50885
-0.00321341,0.023196,0.0293139;-1.55115,-0.395819,-1.56702
-0.0074879,0.033121,0.029056;-1.56294,-0.478114,-1.57738
-0.0081851,0.0342884,0.0289574;-1.56823,-0.487529,-1.58553
-0.00742406,0.026693,0.0310957;-1.54769,-0.500946,-1.53764
-0.00563809,0.0133257,0.0344953;-1.51892,-0.496992,-1.49479
-0.00287635,0.00603167,0.0333287;-1.48533,-0.546175,-1.50352
-0.00377942,0.00920958,0.0292851;-1.55101,-0.615343,-1.57736
-0.00675057,0.0148055,0.0300361;-1.54428,-0.660571,-1.57532
-0.00901026,0.0187142,0.0295371;-1.55003,-0.693361,-1.57476
-0.00815782,0.0145514,0.0318434;-1.49759,-0.662997,-1.53683
-0.00364888,-0.00120548,0.0358831;-1.40857,-0.585844,-1.47659
-0.000166074,-0.0138509,0.0372158;-1.37856,-0.562874,-1.45534
-0.00248908,-0.01196,0.0338664;-1.46114,-0.646559,-1.52951
-0.00836792,-0.0063777,0.0306575;-1.53832,-0.719697,-1.58314
-0.0121544,-0.00237511,0.0299949;-1.53502,-0.775248,-1.56853
-0.00772218,-0.00525937,0.0342262;-1.45554,-0.703248,-1.52388
0.0014299,-0.011973,0.0380073;-1.36171,-0.585185,-1.46744
0.00728085,-0.0183732,0.0394522;-1.33744,-0.497461,-1.45155
0.00448226,-0.0137551,0.0392426;-1.39458,-0.622236,-1.5329
-0.00339713,-0.00676055,0.0382618;-1.5244,-0.718945,-1.66312
-0.012717,0.00349306,0.0387965;-1.5548,-0.821366,-1.68133
-0.00592839,-2.34025e-05,0.0393642;-1.46733,-0.760849,-1.6097
0.00370573,-0.00662732,0.0409412;-1.36924,-0.665468,-1.51364
0.00967044,-0.0124341,0.0408339;-1.3469,-0.595711,-1.46802
0.00929021,-0.0121717,0.0392971;-1.42621,-0.617606,-1.55736
0.0022837,-0.009355,0.0378802;-1.51256,-0.688962,-1.65107
-0.00960634,-0.00230192,0.0370889;-1.53593,-0.802283,-1.65546
-0.0153788,-0.00146112,0.0329243;-1.53429,-0.840108,-1.60268
-0.0126757,-0.00439255,0.0337556;-1.44928,-0.779574,-1.49628
-0.00497749,-0.00965362,0.036225;-1.40495,-0.659988,-1.45423
0.00463501,-0.0119688,0.0364276;-1.4169,-0.603148,-1.48492
0.00223103,-0.00824034,0.0373089;-1.43919,-0.678284,-1.54205
-0.00528819,-0.00431069,0.0367062;-1.49536,-0.76347,-1.61343
-0.0190714,0.000344937,0.033661;-1.54236,-0.873188,-1.62088
-0.0156942,0.000682884,0.0341834;-1.45045,-0.820623,-1.51493
-0.00556089,-0.0047483,0.0353576;-1.4148,-0.682479,-1.46636
-6.35697e-05,-0.012212,0.0372352;-1.43334,-0.603851,-1.45329
0.00191025,-0.0151026,0.0350254;-1.42431,-0.656175,-1.47481
-0.00371904,-0.0146216,0.0335192;-1.46198,-0.741392,-1.5123
-0.0160867,-0.014153,0.0292686;-1.53542,-0.933125,-1.5543
-0.0171576,-0.0136369,0.0298264;-1.515,-0.946032,-1.53235
-0.017837,-0.0130905,0.0325551;-1.43987,-0.933526,-1.46354
-0.0178878,-0.0103667,0.0369147;-1.36506,-0.85972,-1.38847
-0.0132974,-0.0112177,0.0335154;-1.42423,-0.9416,-1.45009
-0.0110547,-0.0106415,0.0337951;-1.48731,-0.982589,-1.55051
-0.020113,-0.0033997,0.0360547;-1.52774,-1.12849,-1.63004
-0.0168548,-0.00358587,0.0370212;-1.55596,-1.06901,-1.67722
-0.00899277,-0.00445642,0.0390036;-1.45751,-0.983227,-1.58057
4.26054e-05,-0.0268036,0.0388661;-1.33833,-0.761338,-1.43105
0.00420996,-0.030816,0.0395497;-1.36775,-0.799224,-1.48264
0.00474105,-0.0323355,0.0391809;-1.42128,-0.816378,-1.54694
-0.00473657,-0.0289088,0.0361843;-1.52882,-0.903748,-1.63058
-0.00847166,-0.0285328,0.0346966;-1.53909,-0.928455,-1.62786
-0.00354203,-0.0298995,0.035811;-1.42861,-0.88445,-1.50782
0.00803851,-0.0285748,0.0404008;-1.26699,-0.71739,-1.35625
0.00871625,-0.0303505,0.0394941;-1.28339,-0.766667,-1.37144
0.0014793,-0.0323709,0.0401697;-1.31434,-0.854746,-1.42494
-0.0105335,-0.0176858,0.0410607;-1.54842,-1.04198,-1.70655
-0.0099383,-0.0125678,0.0402626;-1.52617,-1.03728,-1.68391
-0.00612491,-0.011239,0.0412451;-1.46086,-0.997455,-1.61272
0.00256733,-0.0126641,0.0439877;-1.24241,-0.892675,-1.38608
0.00258959,-0.0155687,0.0454245;-1.21192,-0.879681,-1.36782
0.000427943,-0.017508,0.0443794;-1.26394,-0.904232,-1.40873
-0.00815217,-0.00853517,0.0444347;-1.62717,-1.10003,-1.76602
-0.00443118,-0.00975166,0.0397589;-1.56542,-1.06865,-1.71632
0.00102873,-0.0103772,0.0391576;-1.51923,-1.00625,-1.6577
0.000382073,-0.00908424,0.0439376;-1.25944,-0.951653,-1.4041
-0.00148649,-0.0147743,0.0441184;-1.21612,-0.895415,-1.35835
-0.00321993,-0.0162859,0.0429494;-1.23362,-0.8649,-1.34887
-0.0038976,-0.0216283,0.038622;-1.40629,-0.984631,-1.52313
-0.0143684,-0.019554,0.0383463;-1.5203,-1.09747,-1.64891
-0.0103727,-0.0182733,0.03733;-1.49656,-1.04039,-1.61298
-0.00599732,-0.0210204,0.0382527;-1.36257,-0.972778,-1.45803
-0.011178,-0.0214806,0.0402444;-1.25986,-0.967986,-1.32835
-0.0147449,-0.0180395,0.0438214;-1.37448,-1.01387,-1.43241
-0.0157027,-0.0117897,0.0410794;-1.40654,-1.07164,-1.49706
-0.0103781,0.00223267,0.0364216;-1.57819,-1.10844,-1.66363
-0.00606172,-0.00276186,0.0349086;-1.55713,-1.0626,-1.64718
-0.00529408,-0.00782106,0.0337659;-1.48448,-1.0404,-1.54279
-0.0107088,-0.0138207,0.0380882;-1.26893,-1.05365,-1.32572
-0.0135192,-0.0142474,0.0432725;-1.31753,-1.10012,-1.38177
-0.00941088,-0.00928586,0.0453497;-1.46802,-1.15982,-1.53723
-0.00523931,-0.0154982,0.0410997;-1.56164,-1.27404,-1.63715
0.000366784,-0.0145916,0.0368888;-1.50178,-1.26826,-1.61154
0.00480974,-0.0130873,0.0379377;-1.41824,-1.22227,-1.52511
0.016211,-0.00659274,0.0402522;-1.16708,-1.07089,-1.24391
0.0161713,-0.00951204,0.0405892;-1.13088,-1.01763,-1.19545
0.0153414,-0.00853334,0.0411964;-1.13007,-1.02144,-1.20734
0.0183914,-0.014098,0.0389775;-1.24422,-1.07077,-1.32529
0.0131922,-0.0175793,0.0392334;-1.23109,-1.11739,-1.31003
0.0100887,-0.0187192,0.0380331;-1.17279,-1.15251,-1.23362
0.00766774,-0.0167011,0.0412494;-1.06545,-1.15799,-1.14624
0.0120563,-0.0165806,0.0422829;-0.954305,-1.08371,-1.01538
0.0118528,-0.0167626,0.0423758;-0.968481,-1.06303,-1.02695
0.0109709,-0.01847,0.0414187;-1.06683,-1.13179,-1.14971
0.0045223,-0.0199812,0.0395415;-1.16566,-1.20584,-1.24569
-0.00599516,-0.0183426,0.0374055;-1.06961,-1.31675,-1.12382
-0.0169011,-0.0154208,0.0326657;-1.13449,-1.3951,-1.1438
-0.0181753,-0.0154694,0.0355463;-0.87086,-1.36587,-0.877171
-0.0187932,-0.0167996,0.040217;-0.687396,-1.28945,-0.711746
-0.0198032,-0.00926431,0.0386658;-0.557774,-1.38693,-0.603124
-0.0246464,-0.00655765,0.0351647;-0.443921,-1.44798,-0.458584
-0.0239616,-0.00179752,0.036007;-0.214574,-1.43965,-0.230419
-0.0241825,-0.00642995,0.0317333;-1.06775,-1.4644,-1.0693
-0.0251226,-0.00930617,0.0337409;-1.05186,-1.4107,-1.04183
-0.0249446,-0.0160168,0.0376815;-1.17776,-1.33607,-1.135
-0.0143216,-0.0206074,0.0366192;-1.14646,-1.29718,-1.14509
-0.00363631,-0.0217633,0.0357212;-1.1954,-1.23461,-1.22499
-0.00196258,-0.023048,0.0334733;-1.39977,-1.24089,-1.44917
0.000431913,-0.0250272,0.0373616;-1.21561,-1.21646,-1.28174
0.00667472,-0.0265264,0.0398779;-1.11394,-1.14912,-1.18472
0.0117531,-0.0313198,0.0381889;-1.17983,-1.08571,-1.22271
0.0180433,-0.0338949,0.0390985;-1.37043,-1.0875,-1.37597
0.0251072,-0.0312373,0.0325556;-1.42762,-1.0924,-1.45512
0.0283305,-0.0265575,0.0327565;-1.47421,-1.1023,-1.51603
0.0343581,-0.0264063,0.0299097;-1.51288,-1.02744,-1.53213
0.0355638,-0.027301,0.032242;-1.43543,-0.993119,-1.45173
0.033436,-0.0268906,0.0348005;-1.41459,-0.97718,-1.40847
0.0260211,-0.0281733,0.0393537;-1.30676,-1.00137,-1.30245
0.0309429,-0.0262306,0.0373143;-1.3099,-1.04472,-1.32573
0.0340454,-0.0247711,0.034493;-1.35945,-1.0658,-1.39006
0.03427,-0.0214192,0.0324094;-1.46812,-1.06758,-1.51212
0.0377482,-0.0227781,0.032955;-1.42903,-1.01063,-1.46496
0.0442809,-0.0214905,0.035443;-1.37856,-0.915128,-1.41771
0.0417987,-0.0299688,0.0386196;-1.44572,-0.8165,-1.39771
0.0455123,-0.027459,0.038432;-1.42451,-0.846395,-1.405
0.047763,-0.0222845,0.0346006;-1.40277,-0.922782,-1.43213
0.0406105,-0.0122821,0.0335262;-1.50952,-0.977062,-1.57852
0.0407983,-0.013709,0.0338503;-1.4916,-0.912202,-1.54399
0.0417785,-0.0143053,0.0332885;-1.45731,-0.884211,-1.47499
0.0367656,-0.0141293,0.0415608;-1.38564,-0.869533,-1.36377
0.0384254,-0.0105169,0.0429742;-1.41888,-0.858437,-1.39122
0.0398881,-0.00532381,0.0392637;-1.37129,-0.944995,-1.40547
0.0231534,0.00650601,0.035788;-1.5224,-1.10015,-1.6204
0.0191973,0.00630144,0.0378028;-1.52754,-1.05894,-1.58719
0.0260074,-0.00461334,0.0336218;-1.45207,-1.00614,-1.45601
0.0353985,-0.0178432,0.0391033;-1.41599,-0.940752,-1.38406
0.0338115,-0.0167624,0.0410588;-1.41005,-0.920332,-1.37628
0.0318885,-0.0150131,0.0424564;-1.38101,-1.00471,-1.38702
0.0160109,0.00205011,0.0366022;-1.52474,-1.16755,-1.61836
0.00741261,0.00712689,0.0368516;-1.65209,-1.1115,-1.7298
0.00784462,0.000903643,0.0349686;-1.54297,-1.06675,-1.58424
0.0163413,-0.00885405,0.0402648;-1.53519,-1.01851,-1.50137
0.0199658,-0.00921862,0.0448732;-1.5475,-1.03433,-1.51028
0.0226547,-0.0110123,0.047289;-1.6069,-1.06761,-1.57212
0.0319392,-0.0182033,0.0446017;-1.76323,-1.11066,-1.76409
0.0330488,-0.0246567,0.0340457;-1.69031,-1.17135,-1.72861
0.0361091,-0.0296881,0.0319836;-1.61583,-1.11424,-1.64814
0.0420841,-0.035994,0.0337742;-1.5442,-0.911132,-1.49046
0.0398785,-0.0352268,0.0346326;-1.52801,-0.869193,-1.46681
0.0328449,-0.0322679,0.0357386;-1.47852,-0.897021,-1.43384
0.0299877,-0.0219324,0.0320372;-1.43636,-1.10376,-1.43952
0.0306094,-0.0218782,0.0293444;-1.57565,-1.14113,-1.58069
0.0339942,-0.0221395,0.0288751;-1.55975,-1.09522,-1.56115
0.0339942,-0.0221395,0.0288751;-1.55975,-1.09522,-1.56115
0.0350233,-0.0213091,0.0303223;-1.52127,-1.06661,-1.5094
0.0350233,-0.0213091,0.0303223;-1.52127,-1.06661,-1.5094
