0,0,0.11;-1.57,-2.98023e-08,-1.57
0,0,0.11;-1.57,-2.98023e-08,-1.57
0,0,0.11;-1.57,-2.98023e-08,-1.57
8.89839e-05,0.000693814,0.0285951;-1.57113,-0.218347,-1.5718
-0.000115167,0.000454988,0.0286507;-1.57427,-0.208708,-1.57155
-0.000632861,0.00029673,0.0288553;-1.57881,-0.178999,-1.56684
-0.00188931,0.0042114,0.030223;-1.57674,-0.0825945,-1.5451
-0.00213902,0.00399502,0.0295724;-1.56215,-0.128361,-1.55585
-0.00330088,0.00272567,0.0297182;-1.53724,-0.183954,-1.56295
-0.0035867,-0.000425986,0.0295734;-1.54228,-0.241766,-1.56181
-0.00387065,-0.00429817,0.028794;-1.56138,-0.237562,-1.56961
-0.00397171,-0.00456178,0.028606;-1.57079,-0.241868,-1.56962
-0.00419468,-0.00563615,0.0287777;-1.57053,-0.242397,-1.5614
-0.00507576,-0.00711578,0.0295072;-1.5804,-0.246969,-1.55823
-0.00442672,-0.00717032,0.028759;-1.57123,-0.258817,-1.56225
-0.00420669,-0.0064906,0.0287095;-1.57097,-0.264633,-1.56453
-0.00408454,-0.00525523,0.028579;-1.57091,-0.252287,-1.57081
-0.00406135,-0.00541074,0.0286153;-1.57062,-0.242025,-1.57251
-0.00368811,-0.00643639,0.0290407;-1.55356,-0.217735,-1.56356
-0.00511924,-0.0108535,0.0319954;-1.53922,-0.18932,-1.53143
-0.00473175,-0.014534,0.0306682;-1.52807,-0.236722,-1.55286
-0.00696493,-0.015034,0.0305519;-1.52965,-0.298883,-1.55452
-0.00811339,-0.0129772,0.0288535;-1.57405,-0.339341,-1.58254
-0.00710686,-0.0136028,0.0287714;-1.56708,-0.292478,-1.57526
-0.00499132,-0.0145248,0.0286759;-1.57099,-0.198666,-1.57573
-0.00358418,-0.0149987,0.0286223;-1.57077,-0.126244,-1.57286
-0.00347049,-0.0144446,0.028733;-1.56568,-0.100082,-1.56774
-0.00392362,-0.0174621,0.0288822;-1.56884,-0.197396,-1.55805
-0.00432785,-0.0226607,0.02913;-1.55616,-0.272465,-1.55441
-0.0053558,-0.0262163,0.0292149;-1.54163,-0.323552,-1.55802
-0.00657217,-0.030441,0.0300893;-1.53022,-0.341489,-1.55582
-0.00591189,-0.0309833,0.0296365;-1.54454,-0.330302,-1.55974
-0.00571273,-0.0290195,0.0297372;-1.55995,-0.298703,-1.55768
-0.00692402,-0.0232611,0.0296529;-1.57663,-0.268362,-1.55872
-0.00554301,-0.0228312,0.0290894;-1.5719,-0.290732,-1.56266
-0.00490111,-0.0224653,0.0286712;-1.57012,-0.280896,-1.56691
-0.00520347,-0.023348,0.0286526;-1.56689,-0.320973,-1.56976
-0.00545384,-0.0234799,0.0285842;-1.57051,-0.336661,-1.57069
-0.00553247,-0.0242654,0.028752;-1.56842,-0.356851,-1.56349
-0.00799187,-0.0280852,0.0325096;-1.55863,-0.422234,-1.516
-0.00873397,-0.0264909,0.0336734;-1.55628,-0.44861,-1.50532
-0.00690783,-0.0239905,0.0326001;-1.54815,-0.473153,-1.51363
-0.00392811,-0.0217443,0.0288902;-1.55463,-0.401548,-1.56432
-0.00352412,-0.021127,0.0286425;-1.57133,-0.358354,-1.57464
-0.0035563,-0.0210513,0.0286799;-1.56792,-0.35393,-1.57178
-0.00426156,-0.0230286,0.0288493;-1.57066,-0.40125,-1.56598
-0.00458522,-0.0249945,0.0291863;-1.57313,-0.446979,-1.56223
-0.00492348,-0.0252384,0.0297186;-1.57899,-0.46303,-1.55857
-0.00427654,-0.0270834,0.0287215;-1.5681,-0.471019,-1.56523
-0.00375509,-0.026733,0.0289959;-1.54931,-0.447321,-1.562
-0.00335584,-0.0255254,0.0291042;-1.54384,-0.423171,-1.56085
-0.00294774,-0.0184965,0.0314744;-1.53822,-0.365228,-1.53454
-0.00245993,-0.010532,0.0309155;-1.57394,-0.323218,-1.53978
-0.0036938,-0.00584787,0.0318893;-1.58237,-0.314759,-1.53347
5.84227e-05,-0.0141204,0.0290374;-1.57329,-0.425143,-1.57276
0.00111456,-0.0158228,0.0286218;-1.56929,-0.440339,-1.57095
0.00131933,-0.0160243,0.0285792;-1.5707,-0.439187,-1.57081
-5.82669e-05,-0.0158793,0.0285816;-1.57063,-0.495825,-1.57064
-7.18086e-05,-0.0152686,0.0286476;-1.56774,-0.496626,-1.56842
1.66334e-05,-0.0128649,0.0287476;-1.5681,-0.442829,-1.56355
-0.00183156,-0.00837971,0.0320863;-1.55142,-0.398331,-1.52275
-0.0012243,-0.00454513,0.0327294;-1.54155,-0.346294,-1.51779
-0.00103229,-0.00518169,0.0324449;-1.531,-0.338611,-1.52311
0.0007913,-0.00938812,0.0287532;-1.56402,-0.392927,-1.5662
0.000562407,-0.00912581,0.0287779;-1.56669,-0.419271,-1.5748
0.000328853,-0.00882664,0.028778;-1.57472,-0.428493,-1.57939
-0.0014186,-0.00958308,0.0292729;-1.57383,-0.45115,-1.56194
-8.33429e-05,-0.00943117,0.0289646;-1.57244,-0.43183,-1.5644
0.000150041,-0.00824592,0.0287358;-1.57358,-0.414205,-1.56695
0.000574844,-0.00775835,0.0285895;-1.57085,-0.365498,-1.57132
0.000883375,-0.00765816,0.0288488;-1.55706,-0.345737,-1.56595
0.000851332,-0.00723219,0.0290309;-1.54888,-0.336236,-1.56221
-0.00181615,-0.0114363,0.0317939;-1.52083,-0.397949,-1.5278
-0.00224104,-0.0143317,0.0318678;-1.54967,-0.414955,-1.52656
-0.00265883,-0.0177254,0.0324009;-1.58237,-0.445874,-1.52391
-0.000325892,-0.022777,0.0289948;-1.57236,-0.489872,-1.57733
5.68694e-05,-0.0225661,0.0286538;-1.57081,-0.485104,-1.57435
3.35562e-05,-0.0221159,0.0287751;-1.57477,-0.460589,-1.57825
0.000530465,-0.0206906,0.0287114;-1.56585,-0.436225,-1.57058
0.000570441,-0.0195495,0.0287574;-1.57332,-0.41325,-1.56622
-0.000383601,-0.0176776,0.0293011;-1.57329,-0.394485,-1.55834
0.00139329,-0.0286309,0.029581;-1.56135,-0.488509,-1.55004
0.00140337,-0.0331863,0.0295125;-1.53843,-0.531214,-1.55021
0.000844273,-0.0344983,0.0295381;-1.53414,-0.554973,-1.54783
0.00096135,-0.036109,0.0292399;-1.54182,-0.589186,-1.55513
0.000765345,-0.0350879,0.0287194;-1.56524,-0.588207,-1.56983
0.0014057,-0.033953,0.0287076;-1.57475,-0.551545,-1.57309
-8.2653e-05,-0.0301446,0.0291712;-1.57838,-0.500849,-1.56483
0.000724074,-0.0262531,0.0291125;-1.56843,-0.482891,-1.56679
0.00108434,-0.0252248,0.0285984;-1.57194,-0.462387,-1.57126
6.18615e-05,-0.0255749,0.0286373;-1.57055,-0.534631,-1.57325
-0.00091065,-0.0273352,0.0287724;-1.55932,-0.630699,-1.56388
-0.00116905,-0.0293868,0.0291557;-1.54641,-0.677403,-1.54614
-0.0035338,-0.0388773,0.032537;-1.52594,-0.764589,-1.49912
-0.0018922,-0.0355125,0.0320939;-1.53497,-0.742394,-1.51001
-0.00179603,-0.0311027,0.0298868;-1.54108,-0.706951,-1.54186
-0.00158573,-0.027689,0.0288488;-1.57166,-0.660547,-1.58332
-0.00226042,-0.0260021,0.0290964;-1.57117,-0.661405,-1.58472
-0.00201696,-0.0263218,0.0288942;-1.56597,-0.669685,-1.5793
-0.0016586,-0.0276819,0.0290503;-1.57052,-0.690056,-1.57778
-0.00147757,-0.0295516,0.0291037;-1.57438,-0.695743,-1.55983
0.000119578,-0.0341209,0.0289572;-1.56787,-0.745698,-1.55291
0.000672923,-0.0357615,0.0293616;-1.53607,-0.768326,-1.53779
1.11738e-05,-0.0332112,0.029369;-1.53276,-0.727326,-1.53526
-3.72382e-05,-0.0317575,0.0298697;-1.51599,-0.704969,-1.5276
-0.000352781,-0.0257159,0.0303787;-1.51725,-0.646992,-1.52873
-0.00192854,-0.0208004,0.029453;-1.56558,-0.623422,-1.55766
-0.00155016,-0.0215767,0.0293852;-1.58027,-0.631083,-1.58077
0.000216277,-0.0244299,0.0294751;-1.5742,-0.663841,-1.58246
0.000503672,-0.0271231,0.0287548;-1.57047,-0.710244,-1.57895
0.000246952,-0.0267341,0.0286701;-1.57083,-0.73839,-1.5752
0.000232898,-0.0267552,0.0286008;-1.57091,-0.736879,-1.57191
0.000639639,-0.0251962,0.0292504;-1.545,-0.677295,-1.54224
-0.000145602,-0.0210925,0.0301964;-1.54453,-0.634778,-1.53029
-0.00162832,-0.0143507,0.032024;-1.54162,-0.58129,-1.50698
-0.000879893,-0.0104233,0.0310636;-1.53626,-0.561299,-1.5193
-0.000478756,-0.0115265,0.0292363;-1.54506,-0.590197,-1.54595
-0.000814553,-0.0116967,0.0286025;-1.57081,-0.604393,-1.56971
-0.000778563,-0.0126734,0.0287222;-1.57077,-0.599353,-1.57765
-0.000856378,-0.0130738,0.0290542;-1.5749,-0.586088,-1.57864
-0.00131033,-0.0128792,0.029517;-1.57695,-0.57497,-1.57545
-0.00130902,-0.0113032,0.0287795;-1.57873,-0.563568,-1.57805
-0.00135543,-0.0108192,0.0285819;-1.57056,-0.552831,-1.57041
-0.0011592,-0.0107514,0.0289274;-1.55127,-0.545931,-1.56003
-0.00103817,-0.00975237,0.0292626;-1.5394,-0.518401,-1.54909
-0.00132365,-0.0135919,0.0294811;-1.54158,-0.56924,-1.54065
-0.000865476,-0.0155091,0.0305989;-1.53628,-0.584508,-1.52755
-0.0012065,-0.0174075,0.0295828;-1.56882,-0.584862,-1.55267
-0.00040321,-0.0203575,0.028724;-1.57814,-0.618402,-1.574
-5.01201e-06,-0.0206684,0.0286957;-1.57133,-0.620255,-1.57608
0.000944697,-0.0215462,0.0298338;-1.58306,-0.58136,-1.59874
0.00244137,-0.0261055,0.0304058;-1.56554,-0.532138,-1.59864
0.00452446,-0.029007,0.0297256;-1.57017,-0.487394,-1.59385
0.000729614,-0.0198514,0.0302997;-1.58795,-0.384983,-1.56337
0.000580621,-0.0222787,0.0313824;-1.55683,-0.42732,-1.53825
-0.00075874,-0.0284587,0.0312864;-1.54121,-0.512684,-1.53562
-0.00340194,-0.0343557,0.0293455;-1.5459,-0.623631,-1.55914
-0.00183488,-0.0361627,0.029034;-1.56698,-0.613928,-1.57343
-0.000265986,-0.0378203,0.0288576;-1.57542,-0.583979,-1.58307
8.97788e-05,-0.0367107,0.0295094;-1.5688,-0.515827,-1.58054
-0.000860859,-0.0318184,0.0298695;-1.57204,-0.478528,-1.58386
-0.001693,-0.0286549,0.0303284;-1.56771,-0.47131,-1.58752
-0.00581959,-0.0207047,0.0305096;-1.56134,-0.56027,-1.59915
-0.00652788,-0.0198368,0.0291726;-1.56903,-0.57912,-1.58655
-0.00588674,-0.0237883,0.0293672;-1.57922,-0.582801,-1.58877
-0.00373638,-0.0361839,0.0296328;-1.5525,-0.645351,-1.55576
-0.00479259,-0.0362856,0.0311162;-1.53122,-0.649367,-1.53185
-0.00593307,-0.0345227,0.0331486;-1.51048,-0.636798,-1.49973
-0.00720048,-0.0300188,0.0292737;-1.56651,-0.639814,-1.5711
-0.00771548,-0.0270571,0.0288525;-1.57228,-0.643818,-1.58344
-0.00785284,-0.0262969,0.0288646;-1.57345,-0.641209,-1.58377
-0.00384282,-0.0287809,0.0303682;-1.56274,-0.590439,-1.59718
0.000391145,-0.0314327,0.0311489;-1.54384,-0.559227,-1.59097
-0.000253417,-0.0325634,0.0315347;-1.54649,-0.581989,-1.59572
-0.00821947,-0.034717,0.0318095;-1.50876,-0.699363,-1.53843
-0.0129254,-0.036,0.0309775;-1.51878,-0.777872,-1.54058
-0.0144802,-0.0349992,0.0295989;-1.55452,-0.807094,-1.56041
-0.0110511,-0.0280316,0.0295978;-1.55937,-0.688192,-1.56612
-0.00605414,-0.0256384,0.0289743;-1.56291,-0.603582,-1.572
-0.00218717,-0.0203782,0.0287442;-1.57667,-0.503513,-1.5765
-0.00498146,-0.0189014,0.0293704;-1.57799,-0.502068,-1.57575
-0.00980471,-0.0227856,0.029318;-1.57842,-0.600726,-1.58313
-0.0183123,-0.0222957,0.030487;-1.56611,-0.723599,-1.59633
-0.0140498,-0.0295026,0.0328587;-1.56654,-0.72923,-1.63121
-0.010061,-0.0332902,0.0325493;-1.55619,-0.682141,-1.61933
-0.00666048,-0.0347284,0.0326839;-1.52996,-0.642693,-1.59298
-0.00875738,-0.0314824,0.0320444;-1.50094,-0.62628,-1.53706
-0.0123835,-0.0265143,0.0342202;-1.47553,-0.59474,-1.50698
-0.0156085,-0.0214484,0.0364988;-1.4437,-0.571916,-1.48466
-0.0355475,-0.00151029,0.0367477;-1.59342,-0.605407,-1.50763
-0.0351515,0.0117939,0.0396567;-1.72114,-0.579227,-1.60308
-0.0373548,0.0246834,0.039365;-1.78093,-0.516098,-1.65126
-0.0431601,0.029079,0.0368921;-1.75692,-0.455051,-1.65308
-0.0459293,0.0315257,0.0386739;-1.78492,-0.439601,-1.65533
-0.0469851,0.0332178,0.0399616;-1.81313,-0.441249,-1.66879
-0.0387726,0.0339789,0.041364;-1.79746,-0.566275,-1.64421
-0.0363053,0.0312165,0.0415537;-1.80663,-0.57998,-1.64398
-0.0352987,0.0270909,0.0410598;-1.78867,-0.564785,-1.63893
-0.0369396,0.0203058,0.0410705;-1.74781,-0.572471,-1.60279
-0.0388926,0.0257255,0.0411882;-1.74069,-0.537476,-1.59585
-0.0378511,0.031623,0.0411064;-1.75909,-0.5725,-1.61265
-0.0378511,0.031623,0.0411064;-1.75909,-0.5725,-1.61265
-0.032466,0.0357883,0.0405435;-1.73784,-0.660707,-1.60098
-0.032466,0.0357883,0.0405435;-1.73784,-0.660707,-1.60098
