0,0,0.11;-1.57,-2.98023e-08,-1.57
0,0,0.11;-1.57,-2.98023e-08,-1.57
0,0,0.11;-1.57,-2.98023e-08,-1.57
-0.000633172,-0.00388943,0.0286691;-1.57068,-0.115342,-1.57496
-0.000708055,-0.00392628,0.0286036;-1.57028,-0.119878,-1.56995
-0.000807262,-0.00389064,0.0288306;-1.57078,-0.122802,-1.5586
-0.00143902,-0.00363419,0.0309099;-1.56827,-0.126427,-1.52869
-0.00135668,-0.0035536,0.0288106;-1.57114,-0.127144,-1.55983
-0.00136379,-0.0043827,0.0287084;-1.5709,-0.151169,-1.56474
-0.00138486,-0.00502296,0.0286739;-1.5709,-0.164958,-1.56633
-0.00138668,-0.00568646,0.0286354;-1.56841,-0.178162,-1.56996
-0.00124277,-0.00537799,0.0291651;-1.55421,-0.170095,-1.5561
-0.00150386,-0.00453799,0.0298614;-1.54296,-0.161468,-1.54961
0.000365106,-0.00197189,0.0303816;-1.54776,-0.146056,-1.55023
0.00182145,-0.00204466,0.0288608;-1.56503,-0.151753,-1.57781
0.0020362,-0.00163341,0.0289657;-1.57326,-0.154355,-1.58702
0.00272232,-0.000322166,0.0293562;-1.58495,-0.181899,-1.58783
0.00279508,-6.27868e-05,0.0290629;-1.5808,-0.172767,-1.58564
0.00245656,0.00237821,0.0302577;-1.58021,-0.15844,-1.56382
0.00258063,0.0176735,0.0344704;-1.59275,-0.1129,-1.52684
0.00438479,0.0174942,0.031089;-1.58889,-0.0991895,-1.55957
0.00488952,0.0160034,0.0292441;-1.57693,-0.104332,-1.58647
0.00434389,0.0157022,0.0290565;-1.58007,-0.125991,-1.58541
0.00429905,0.0153227,0.0287348;-1.57074,-0.1223,-1.57817
0.00424399,0.0155526,0.0286115;-1.57004,-0.127718,-1.57195
0.00442128,0.0159177,0.0292687;-1.54661,-0.110846,-1.55558
0.00424431,0.0170191,0.0315607;-1.5193,-0.0957639,-1.54395
0.00468944,0.0147422,0.0291667;-1.57197,-0.132707,-1.55694
0.00471249,0.0142114,0.0291024;-1.58267,-0.139386,-1.55902
0.00498771,0.01377,0.0289624;-1.57986,-0.146145,-1.56267
0.00535106,0.0112181,0.0290643;-1.56087,-0.189336,-1.5554
0.0054891,0.0122755,0.0296111;-1.54568,-0.170084,-1.55153
0.00593056,0.0164226,0.0317893;-1.53072,-0.126297,-1.53105
0.00716126,0.0141198,0.0288472;-1.56525,-0.151487,-1.56055
0.00700662,0.013672,0.0286398;-1.57097,-0.159221,-1.56788
0.007019,0.0137138,0.0286657;-1.57095,-0.15654,-1.56668
0.00656072,0.0138789,0.0293766;-1.56163,-0.156891,-1.55429
0.00494572,0.0129653,0.032123;-1.54944,-0.180666,-1.52472
0.00352483,0.0127517,0.0339152;-1.53478,-0.190623,-1.50728
0.0051001,0.00775802,0.0295449;-1.56232,-0.222505,-1.56915
0.00603663,0.00744773,0.0290004;-1.57724,-0.227858,-1.58579
0.00642477,0.00779438,0.0296185;-1.59589,-0.225676,-1.58585
0.0065309,0.0067156,0.0291344;-1.58345,-0.213563,-1.5876
0.00642515,0.00622888,0.0290465;-1.57011,-0.20786,-1.58553
0.00586186,0.00534668,0.0312369;-1.52599,-0.212439,-1.57096
0.00589058,0.00440843,0.0356246;-1.45507,-0.191702,-1.54295
0.00658175,0.0058617,0.0298937;-1.55681,-0.197789,-1.56173
0.00720046,0.00685344,0.0286886;-1.57535,-0.190677,-1.57252
0.00767955,0.00837209,0.0287124;-1.57428,-0.160393,-1.56837
0.0078741,0.00859124,0.0289391;-1.56342,-0.152021,-1.55956
0.00758569,0.00844202,0.0292306;-1.54843,-0.149148,-1.55796
0.00515038,0.0070017,0.0339961;-1.46096,-0.1473,-1.54218
0.00633973,0.00438586,0.0331317;-1.47832,-0.159358,-1.54878
0.0067637,0.00369508,0.0289018;-1.55737,-0.178707,-1.56595
0.00753349,0.0040096,0.0286527;-1.56944,-0.136614,-1.57294
0.00772176,0.00374202,0.0287537;-1.56349,-0.119343,-1.57105
0.00759052,0.00381985,0.029139;-1.54944,-0.110835,-1.56151
0.00606687,0.00298328,0.0350133;-1.49471,-0.0923277,-1.52152
0.00557698,-0.00175258,0.0342865;-1.51039,-0.124468,-1.52104
0.00501175,-0.00247283,0.0318545;-1.54017,-0.132152,-1.53673
0.00533272,-0.00281944,0.028824;-1.55981,-0.132492,-1.57022
0.00582626,-0.00329461,0.0291138;-1.55512,-0.110248,-1.57892
0.00612157,-0.0034806,0.0292573;-1.54761,-0.103113,-1.57776
0.00471696,-0.00544186,0.0358068;-1.47357,-0.0929951,-1.53709
0.00295171,-0.0102812,0.0359973;-1.48405,-0.121671,-1.52496
0.00216432,-0.0116031,0.0360989;-1.48986,-0.123857,-1.52107
0.00988096,-0.0150493,0.0303346;-1.54948,-0.122651,-1.58162
0.0117555,-0.014839,0.0308841;-1.55321,-0.117544,-1.58649
0.0123133,-0.0147495,0.0311302;-1.55783,-0.113755,-1.59105
0.00975597,-0.015535,0.0338661;-1.48718,-0.0951587,-1.56487
0.00775548,-0.0147649,0.0353786;-1.48068,-0.0741721,-1.53692
0.00639547,-0.0134205,0.0361556;-1.4837,-0.0616485,-1.52116
0.010047,-0.0125197,0.031797;-1.54134,-0.045484,-1.53995
0.0112567,-0.0118474,0.0289154;-1.56025,-0.0394296,-1.56471
0.0114658,-0.0117462,0.02887;-1.55689,-0.0330618,-1.57007
0.00962722,-0.008466,0.0330837;-1.55397,-0.00345061,-1.51252
0.00731137,-0.00842142,0.0364982;-1.5361,-0.000254065,-1.48272
0.00477423,-0.00873994,0.0383243;-1.52966,0.0019463,-1.46631
0.0154983,-0.0110081,0.0333005;-1.54032,0.0172754,-1.52344
0.0172253,-0.0101941,0.0288703;-1.56481,0.0204625,-1.56299
0.0174525,-0.0103355,0.0288153;-1.56424,0.0180474,-1.56616
0.0180187,-0.00849532,0.0290727;-1.55698,0.062446,-1.56168
0.017221,-0.00569421,0.0300898;-1.56549,0.0831833,-1.5493
0.0153264,-0.00402887,0.0324222;-1.55131,0.0932986,-1.52662
0.0140769,0.00421373,0.0328628;-1.63146,0.145988,-1.53259
0.0159178,0.00713755,0.0347174;-1.68547,0.152607,-1.54273
0.0162175,0.0112489,0.0369959;-1.73534,0.174797,-1.54052
0.0202038,0.0144295,0.0346201;-1.68058,0.179441,-1.56743
0.0193678,0.0141867,0.0337957;-1.66713,0.188919,-1.56533
0.0174489,0.0137918,0.0335953;-1.66588,0.198409,-1.56058
0.0157005,0.0156306,0.037666;-1.75813,0.201259,-1.53574
0.0173255,0.0184251,0.0398874;-1.79909,0.196186,-1.53516
0.0191021,0.0196541,0.038398;-1.76655,0.186308,-1.5453
0.0195563,0.0147028,0.0311543;-1.62322,0.169105,-1.57563
0.017482,0.0136854,0.0302757;-1.60927,0.179105,-1.55804
0.0147329,0.0126314,0.0339087;-1.62258,0.175496,-1.51764
0.00917481,0.0102125,0.0370434;-1.60492,0.162666,-1.47768
0.00989758,0.0108153,0.033782;-1.59311,0.164783,-1.51148
0.0110386,0.0105483,0.0294683;-1.56772,0.162292,-1.5529
0.0114429,0.010368,0.0289299;-1.56863,0.162557,-1.56103
0.0109964,0.00821106,0.0292854;-1.57079,0.135,-1.55282
0.00981903,0.00384206,0.0323969;-1.56634,0.0881341,-1.51512
0.00752784,0.00114195,0.0350985;-1.55558,0.0646686,-1.48555
0.00691645,0.00562035,0.0351589;-1.55604,0.105753,-1.48709
0.00848456,0.0105542,0.0350673;-1.5714,0.139805,-1.49268
0.0100497,0.0167442,0.0345781;-1.60667,0.175925,-1.50202
0.0136638,0.0119284,0.0313945;-1.59658,0.116057,-1.53995
0.0141339,0.0073346,0.032044;-1.60241,0.0733245,-1.53604
0.0128735,0.00209,0.0329287;-1.60107,0.0343467,-1.52681
0.00825295,0.00527177,0.0348253;-1.65078,0.084159,-1.53085
0.0119311,0.0109104,0.0385946;-1.75122,0.093841,-1.54253
0.0151814,0.0133681,0.03935;-1.78882,0.0870649,-1.55887
0.0168738,0.0106804,0.0349968;-1.70137,0.0795369,-1.56769
0.0155184,0.0108934,0.036572;-1.73377,0.0826612,-1.56082
0.0128772,0.0131864,0.0397002;-1.78854,0.0856303,-1.54051
0.00793262,0.0174809,0.0434768;-1.80945,0.103446,-1.50657
0.00579614,0.0197577,0.0409808;-1.78222,0.141449,-1.51897
0.00559325,0.0201289,0.0371626;-1.74089,0.170344,-1.54131
0.00545001,0.0159727,0.0291828;-1.5936,0.193097,-1.56894
0.005529,0.0153767,0.0287177;-1.5775,0.186622,-1.56956
0.00528151,0.0138161,0.0289085;-1.57754,0.164617,-1.5602
0.00118634,0.00426428,0.0347842;-1.53999,0.0756487,-1.49207
-0.000330074,0.00183798,0.035499;-1.54149,0.0529604,-1.48527
-0.000194825,0.00324153,0.0355625;-1.55193,0.0667718,-1.48465
0.00236123,0.00560387,0.0349256;-1.57655,0.082172,-1.48928
0.00403531,0.00421534,0.0324644;-1.57549,0.0604692,-1.51484
0.00443238,0.00175531,0.0317643;-1.56815,0.0383534,-1.52235
0.000653067,-0.00676045,0.033282;-1.54389,-0.0488908,-1.50509
-0.000224346,-0.00929549,0.0340131;-1.53781,-0.0690993,-1.49757
-0.00144489,-0.0108976,0.0337072;-1.54431,-0.0876151,-1.50261
0.0039363,-0.0118136,0.0294356;-1.5795,-0.0963822,-1.56567
0.00501485,-0.0116897,0.0292398;-1.5874,-0.102464,-1.5705
0.00558459,-0.011855,0.0290203;-1.59222,-0.104624,-1.57349
0.00221519,-0.00847698,0.0370971;-1.65019,-0.0947337,-1.51582
0.000660034,-0.00634997,0.0424254;-1.71071,-0.111281,-1.49561
0.0015318,-0.00597932,0.045091;-1.75443,-0.129048,-1.50081
0.00651664,-0.00874753,0.0434022;-1.79257,-0.178194,-1.56701
0.00770565,-0.0130308,0.0374745;-1.74627,-0.191642,-1.60747
0.00797118,-0.0159426,0.0339593;-1.68242,-0.190146,-1.59745
0.00479835,-0.0209629,0.0297661;-1.57943,-0.177295,-1.57607
0.000468415,-0.0214187,0.0320967;-1.55711,-0.185698,-1.54403
-0.00432183,-0.0225446,0.0342289;-1.52799,-0.194651,-1.52067
-0.00860504,-0.0214626,0.0344209;-1.56406,-0.186304,-1.51411
-0.00808896,-0.0176155,0.0344582;-1.60194,-0.166068,-1.51515
-0.00750141,-0.0171934,0.0329856;-1.58702,-0.16049,-1.52061
-0.00532097,-0.0185103,0.0311214;-1.54996,-0.166621,-1.53239
-0.00580971,-0.0166002,0.0321051;-1.54317,-0.147891,-1.52503
-0.00783935,-0.0188194,0.0333769;-1.50473,-0.165053,-1.51826
-0.00975678,-0.0184767,0.0330571;-1.50211,-0.15107,-1.53609
-0.00854824,-0.019157,0.032272;-1.52566,-0.153177,-1.53849
-0.00874825,-0.0235228,0.0296904;-1.54375,-0.19372,-1.56346
-0.00845554,-0.0271424,0.0298709;-1.53418,-0.225659,-1.55859
-0.00929137,-0.0258705,0.0318395;-1.53101,-0.209996,-1.53775
-0.0116595,-0.0249521,0.0344599;-1.52176,-0.194393,-1.50516
-0.0127596,-0.0202038,0.0364257;-1.55874,-0.172552,-1.52577
-0.00925114,-0.0266269,0.0364344;-1.5612,-0.231969,-1.56096
-0.00422313,-0.0352347,0.0320146;-1.55043,-0.252737,-1.59853
0.00274722,-0.0394554,0.0325017;-1.56935,-0.275573,-1.62811
0.00400217,-0.0391841,0.0327285;-1.56614,-0.289545,-1.62921
0.0034982,-0.03772,0.0349746;-1.52428,-0.286958,-1.61202
4.62117e-05,-0.0369282,0.0385524;-1.46182,-0.249006,-1.60244
-0.00548916,-0.0341165,0.0376743;-1.47317,-0.227074,-1.60422
-0.00478238,-0.03396,0.0377951;-1.49507,-0.233523,-1.6105
-0.00118081,-0.0463679,0.0351902;-1.54321,-0.25856,-1.63776
-0.00149379,-0.0456503,0.0339897;-1.56648,-0.258599,-1.63132
-0.00296447,-0.044402,0.0345867;-1.51533,-0.259855,-1.6044
-0.00971613,-0.0409759,0.0377597;-1.4309,-0.174583,-1.57531
-0.0094198,-0.0392276,0.0378291;-1.44205,-0.160203,-1.58704
-0.00939198,-0.0429426,0.0367028;-1.46733,-0.186403,-1.59113
-0.00852455,-0.0564076,0.0319498;-1.54098,-0.231184,-1.59676
-0.00781256,-0.0577782,0.0307385;-1.55211,-0.231064,-1.59468
-0.00734134,-0.0576679,0.0304304;-1.56509,-0.232019,-1.6027
-0.00631844,-0.0575288,0.034723;-1.48008,-0.198743,-1.58198
-0.00598012,-0.0564724,0.0351939;-1.48431,-0.185201,-1.59131
-0.00741701,-0.0515392,0.034939;-1.49681,-0.169951,-1.5984
-0.00494329,-0.0578591,0.0372335;-1.46866,-0.177966,-1.60122
-0.00455936,-0.0581711,0.0335733;-1.53959,-0.181538,-1.61842
-0.00347064,-0.0582675,0.0330159;-1.55493,-0.181287,-1.62693
-0.00374024,-0.0564935,0.0358254;-1.46463,-0.163446,-1.58364
-0.00253876,-0.0561631,0.0370122;-1.44439,-0.139346,-1.58714
-0.00310154,-0.053633,0.0372025;-1.44311,-0.127871,-1.58679
-0.00310154,-0.053633,0.0372025;-1.44311,-0.127871,-1.58679
-0.00179196,-0.0545475,0.038074;-1.42157,-0.115017,-1.58751
-0.00179196,-0.0545475,0.038074;-1.42157,-0.115017,-1.58751
