0,0,0.11;-1.57,-2.98023e-08,-1.57
0,0,0.11;-1.57,-2.98023e-08,-1.57
0,0,0.11;-1.57,-2.98023e-08,-1.57
-0.00110405,-0.00341214,0.028699;-1.56765,-0.248865,-1.56696
-0.00142793,-0.0044351,0.028579;-1.57062,-0.254993,-1.57094
-0.00129166,-0.00790807,0.0295651;-1.56815,-0.212356,-1.58292
0.00564384,-0.0175105,0.0390265;-1.44743,-0.0751765,-1.62209
0.00130969,-0.00814988,0.0290294;-1.56645,-0.141292,-1.58744
8.89777e-05,-0.00715698,0.028638;-1.57039,-0.233875,-1.56762
-0.00118532,-0.00947582,0.028694;-1.56794,-0.329117,-1.56672
-0.00143137,-0.0102323,0.0286345;-1.57082,-0.361083,-1.5682
-0.00169807,-0.0123747,0.0288207;-1.58356,-0.360243,-1.57586
-0.00310551,-0.0260729,0.0319718;-1.55153,-0.306759,-1.59751
-0.00391222,-0.0397352,0.0375372;-1.50553,-0.308258,-1.64171
-0.00294612,-0.0398877,0.0363492;-1.52276,-0.314922,-1.63895
-0.00197109,-0.0379911,0.0324811;-1.56268,-0.301991,-1.62573
-0.00247429,-0.0352775,0.0286859;-1.56666,-0.312934,-1.57056
-0.00140614,-0.0349967,0.0289634;-1.55359,-0.273205,-1.56409
-0.00145921,-0.0328897,0.0305914;-1.5412,-0.259529,-1.56639
0.00994535,-0.0352161,0.0396431;-1.49849,-0.252338,-1.62434
0.0137858,-0.0458208,0.0381129;-1.47243,-0.271288,-1.62104
0.0160736,-0.0473653,0.0361749;-1.50372,-0.251823,-1.63062
0.0167126,-0.0429484,0.0346171;-1.53357,-0.282693,-1.62719
0.0148613,-0.0442253,0.0377539;-1.51029,-0.281275,-1.64353
0.0143058,-0.0447652,0.0361506;-1.48711,-0.267566,-1.60128
0.0169853,-0.0422037,0.0374327;-1.43815,-0.242203,-1.57782
0.0192095,-0.0371729,0.0411706;-1.4257,-0.269178,-1.6093
0.0163582,-0.028838,0.0371587;-1.50004,-0.282873,-1.62697
0.0169043,-0.0249213,0.0335171;-1.53841,-0.269836,-1.61752
0.019638,-0.0255741,0.0336651;-1.51417,-0.227853,-1.60099
0.0167664,-0.0303894,0.0373964;-1.39687,-0.18634,-1.54867
0.0166923,-0.0328055,0.0401489;-1.34407,-0.155003,-1.53322
0.0178506,-0.0343378,0.0424224;-1.28832,-0.172481,-1.52287
0.0188498,-0.0236153,0.039312;-1.39714,-0.227998,-1.56635
0.0186836,-0.0176418,0.0352891;-1.4875,-0.257525,-1.5955
0.0185507,-0.0182579,0.0374627;-1.47039,-0.250703,-1.6104
0.0123749,-0.0180662,0.03325;-1.48404,-0.298208,-1.54257
0.0085756,-0.0228356,0.0311806;-1.54899,-0.320186,-1.53724
0.00743904,-0.0322154,0.0347079;-1.47922,-0.3514,-1.51803
0.014542,-0.036738,0.0364829;-1.46124,-0.436442,-1.57783
0.0138954,-0.0351026,0.0337691;-1.52644,-0.45058,-1.60623
0.0149738,-0.0315658,0.0319965;-1.54966,-0.461676,-1.60566
0.0125009,-0.0373878,0.032748;-1.48763,-0.476553,-1.54684
0.00916153,-0.0384325,0.0321281;-1.50025,-0.488201,-1.53404
0.00616075,-0.0401822,0.0335178;-1.47787,-0.470159,-1.51157
0.00639924,-0.0380136,0.031321;-1.51684,-0.53101,-1.54901
0.00450878,-0.0366405,0.0289781;-1.5601,-0.572847,-1.57742
0.00462009,-0.0354033,0.0290655;-1.56502,-0.573004,-1.58208
0.00507756,-0.0379182,0.0308419;-1.52628,-0.576561,-1.55114
0.000670664,-0.0468626,0.0324469;-1.49565,-0.610989,-1.52292
-0.00483419,-0.0567217,0.0340165;-1.49803,-0.597828,-1.49909
-0.00891732,-0.063408,0.0333172;-1.48264,-0.68472,-1.48626
-0.00971764,-0.0635715,0.0309653;-1.54127,-0.742833,-1.52604
-0.00980205,-0.0640645,0.0290001;-1.55236,-0.773659,-1.55066
-0.00869177,-0.0587289,0.0306788;-1.52279,-0.707473,-1.53134
-0.011458,-0.0576942,0.0330876;-1.54105,-0.676634,-1.50271
-0.0178721,-0.0532492,0.0373201;-1.59992,-0.620417,-1.48105
-0.0186191,-0.0557929,0.03613;-1.54138,-0.666326,-1.45764
-0.0158416,-0.0559097,0.0344066;-1.54312,-0.733439,-1.47991
-0.0137627,-0.0521728,0.0351236;-1.58087,-0.782765,-1.51946
-0.0116926,-0.0531014,0.0340203;-1.54724,-0.761359,-1.48641
-0.0145178,-0.0512445,0.0360301;-1.5931,-0.695351,-1.48574
-0.0176154,-0.0474932,0.0370945;-1.61369,-0.588579,-1.4942
-0.0320181,-0.022683,0.0406499;-1.67852,-0.492871,-1.51434
-0.0313544,-0.0174537,0.0408293;-1.69453,-0.491445,-1.53448
-0.0284335,-0.0149458,0.0369135;-1.66709,-0.516892,-1.56376
-0.0237856,-0.0158622,0.0285988;-1.57021,-0.540056,-1.57004
-0.0241701,-0.0194445,0.0304905;-1.57472,-0.540066,-1.54207
-0.0260091,-0.0229528,0.0329127;-1.57701,-0.50147,-1.51114
-0.0357824,-0.0219136,0.0381959;-1.6498,-0.378702,-1.50398
-0.0351872,-0.0177242,0.0416668;-1.70298,-0.451403,-1.5272
-0.031062,-0.0141412,0.0377919;-1.68181,-0.565123,-1.56617
-0.0300342,0.00218442,0.0287761;-1.57534,-0.508265,-1.57833
-0.0344261,0.00706287,0.030271;-1.57294,-0.391093,-1.54257
-0.0390916,0.00810665,0.0332321;-1.59845,-0.327938,-1.52464
-0.0383306,-0.00702824,0.038256;-1.65299,-0.31776,-1.50512
-0.0332185,-0.00751715,0.0395746;-1.68027,-0.389047,-1.52159
-0.0256929,-0.00817697,0.0357493;-1.64865,-0.488926,-1.55164
-0.0223145,-0.00621961,0.0288829;-1.57585,-0.755656,-1.58512
-0.0230495,-0.00631478,0.0297333;-1.55765,-0.732624,-1.54884
-0.0246796,-0.00666405,0.0316078;-1.56393,-0.680398,-1.52322
-0.041437,-0.00306786,0.0385397;-1.63415,-0.416088,-1.4929
-0.0421177,-0.000604558,0.0400588;-1.66153,-0.391625,-1.49901
-0.0411491,0.00207739,0.0365483;-1.64095,-0.413745,-1.52142
-0.0333566,0.0101439,0.0308524;-1.61912,-0.548873,-1.59657
-0.0322937,0.00936917,0.0304815;-1.61052,-0.58421,-1.58079
-0.030162,0.00656899,0.0300245;-1.58437,-0.607489,-1.56052
-0.0333614,-0.00249,0.0356317;-1.59313,-0.613046,-1.49255
-0.0340159,-0.00655533,0.0376855;-1.611,-0.647871,-1.48443
-0.0342312,-0.00808325,0.0391468;-1.64194,-0.654422,-1.50154
-0.0260773,-0.00640062,0.0329319;-1.60475,-0.676052,-1.55762
-0.0226686,-0.00529217,0.0292124;-1.56224,-0.639764,-1.56192
-0.0206535,-0.00443852,0.0291717;-1.57872,-0.579149,-1.58781
-0.0236672,-0.00557116,0.0335542;-1.60036,-0.526164,-1.5312
-0.0273202,-0.011811,0.0356426;-1.61205,-0.528106,-1.50306
-0.0307195,-0.0159005,0.0376693;-1.61347,-0.551596,-1.48385
-0.0191031,-0.0303313,0.0322006;-1.5319,-0.742772,-1.50757
-0.0165018,-0.0358185,0.0296541;-1.56952,-0.818524,-1.59359
-0.0150306,-0.0372884,0.0292144;-1.56428,-0.754214,-1.56688
-0.00839488,-0.0383946,0.0329349;-1.47863,-0.629805,-1.51126
-0.0122262,-0.0293247,0.0391397;-1.51174,-0.402389,-1.44714
-0.0125713,-0.0251038,0.042535;-1.45713,-0.383463,-1.42049
-0.0117667,-0.0295693,0.0416709;-1.45379,-0.465876,-1.4265
-0.00164363,-0.0221358,0.0339156;-1.49285,-0.497188,-1.55676
-0.00534589,-0.0235055,0.0334571;-1.50287,-0.542468,-1.56416
-0.00890013,-0.024023,0.0309917;-1.53132,-0.540845,-1.54488
-0.0159537,-0.0250321,0.0389447;-1.54848,-0.409091,-1.49124
-0.0177175,-0.0227888,0.0413715;-1.59379,-0.426568,-1.49344
-0.0132052,-0.0251058,0.0418511;-1.62532,-0.511187,-1.51863
0.00247155,-0.0177654,0.0313704;-1.50983,-0.499122,-1.54423
0.0017489,-0.0158775,0.0305083;-1.53274,-0.499866,-1.56952
-0.00330134,-0.0132437,0.0305181;-1.54042,-0.552874,-1.56824
-0.00428363,-0.01226,0.0407394;-1.50454,-0.410465,-1.55558
-0.0114258,-0.0166884,0.0473641;-1.4882,-0.443422,-1.52965
-0.0186799,-0.0212578,0.0498047;-1.52652,-0.514834,-1.52861
-0.00233674,-0.0333851,0.0500361;-1.11815,-0.539698,-1.37796
-0.00200831,-0.0316962,0.0515104;-1.16508,-0.560827,-1.43295
-0.0052825,-0.0242656,0.0488335;-1.33781,-0.614482,-1.58595
-0.0217823,-0.0149383,0.0311895;-1.54609,-0.613216,-1.54609
-0.0287921,-0.00999406,0.0342244;-1.59656,-0.559792,-1.51853
-0.0360744,-0.00644072,0.0386776;-1.64408,-0.59549,-1.50626
-0.0264481,-0.000569673,0.0369425;-1.70943,-0.632408,-1.61574
-0.0222912,-0.00137898,0.0319604;-1.65011,-0.70581,-1.63423
-0.0190247,-0.00443366,0.0324437;-1.58472,-0.730239,-1.63435
-0.0250782,-0.00651913,0.0385211;-1.77912,-0.839879,-1.70561
-0.026106,-0.00674503,0.0450948;-1.69163,-0.805744,-1.64346
-0.0338564,-0.0108609,0.0481754;-1.5817,-0.789219,-1.56462
-0.0304478,-0.0146299,0.038025;-1.44111,-0.905094,-1.52534
-0.0291269,-0.00836536,0.0313848;-1.55898,-0.913792,-1.60232
-0.0293718,-0.00626079,0.0297843;-1.56748,-0.910635,-1.59403
-0.0265805,-0.00970597,0.0300282;-1.57441,-0.837975,-1.59849
-0.0249782,-0.0152272,0.0304582;-1.58184,-0.814018,-1.58932
-0.0232218,-0.0259228,0.0335148;-1.52618,-0.812442,-1.52996
-0.0172462,-0.0342557,0.0376475;-1.36946,-0.881959,-1.46192
-0.0176305,-0.0344932,0.0390347;-1.41614,-0.90939,-1.53439
-0.0154165,-0.0317907,0.0388296;-1.54666,-0.893632,-1.68981
-0.00521729,-0.025044,0.0426198;-1.48308,-0.822002,-1.66724
-0.00223221,-0.0251519,0.044231;-1.41337,-0.799803,-1.60227
-0.00206019,-0.0272198,0.0452042;-1.34574,-0.796238,-1.53403
-0.00528777,-0.0346541,0.0494071;-1.11421,-0.76492,-1.32711
-0.00231915,-0.0349541,0.0484705;-1.13645,-0.730701,-1.34484
-0.00291999,-0.0334447,0.0458657;-1.21964,-0.724178,-1.40586
-0.0111598,-0.0281929,0.0399189;-1.33216,-0.749801,-1.45055
-0.00684507,-0.0286491,0.0397953;-1.32632,-0.670225,-1.43783
-0.00507656,-0.0281939,0.0417303;-1.3147,-0.615227,-1.43103
-0.0183097,-0.0265197,0.0491234;-1.47582,-0.548081,-1.49532
-0.0181358,-0.0255743,0.0505738;-1.51515,-0.557444,-1.51104
-0.0126068,-0.0219921,0.0451591;-1.56354,-0.523589,-1.56613
-0.0158917,-0.0095681,0.0299321;-1.57873,-0.518711,-1.59758
-0.0175279,-0.0109198,0.031703;-1.63531,-0.519975,-1.61214
-0.0170153,-0.0126892,0.032761;-1.62794,-0.508029,-1.57608
-0.0149538,-0.0116104,0.0387244;-1.71262,-0.563905,-1.58951
-0.0143392,-0.00098647,0.0433652;-1.80796,-0.665398,-1.68928
-0.0155481,0.0104606,0.045135;-1.95958,-0.685479,-1.79538
-0.0120491,0.013608,0.0383996;-1.68313,-0.620689,-1.70249
-0.0182973,0.0144883,0.0398433;-1.68496,-0.590786,-1.66875
-0.0289564,0.0170809,0.0359449;-1.72133,-0.521043,-1.64038
-0.0357453,0.013784,0.0370529;-1.67,-0.495489,-1.54883
-0.0397443,0.019504,0.0381815;-1.69797,-0.478163,-1.57228
-0.0422587,0.0334556,0.0360356;-1.70915,-0.522056,-1.63146
-0.0396277,0.0364495,0.0343903;-1.66124,-0.488502,-1.64751
-0.0385073,0.0350061,0.0353765;-1.66928,-0.485724,-1.65363
-0.0393401,0.0366175,0.0358449;-1.72808,-0.530799,-1.66084
-0.0405914,0.0306048,0.0392277;-1.73742,-0.617679,-1.6042
-0.0422732,0.0303963,0.0380528;-1.67953,-0.638032,-1.55175
-0.0478591,0.0423178,0.0367946;-1.66531,-0.657084,-1.55735
-0.0577968,0.051549,0.0319057;-1.63954,-0.560681,-1.62076
-0.0582896,0.0498812,0.0305091;-1.59795,-0.503231,-1.60343
-0.0574459,0.048403,0.0320968;-1.62632,-0.488333,-1.61987
-0.0550577,0.0509783,0.0397137;-1.8191,-0.611685,-1.7265
-0.0511621,0.0499848,0.0406772;-1.77997,-0.71822,-1.64285
-0.04183,0.0475424,0.0389908;-1.67581,-0.812756,-1.53879
-0.0316121,0.0536228,0.0357103;-1.71277,-0.940643,-1.64909
-0.0303541,0.0528814,0.030995;-1.61925,-0.908442,-1.6086
-0.0301748,0.0532339,0.0298651;-1.59194,-0.863527,-1.5949
-0.0338673,0.0553643,0.0401527;-1.86933,-0.827748,-1.79211
-0.0360429,0.0502767,0.0414577;-1.86752,-0.918765,-1.75596
-0.0386998,0.0482277,0.0408623;-1.80733,-0.932478,-1.67977
-0.0278348,0.0535902,0.0335445;-1.64721,-1.103,-1.58484
-0.0231379,0.0535427,0.0300595;-1.59636,-1.12755,-1.5868
-0.0164842,0.0500343,0.0295323;-1.59835,-1.11523,-1.60968
-0.0164842,0.0500343,0.0295323;-1.59835,-1.11523,-1.60968
-0.0102314,0.0460979,0.0306135;-1.59839,-1.12896,-1.59743
-0.0102314,0.0460979,0.0306135;-1.59839,-1.12896,-1.59743
