0,0,0.11;-1.57,-2.98023e-08,-1.57
0,0,0.11;-1.57,-2.98023e-08,-1.57
0,0,0.11;-1.57,-2.98023e-08,-1.57
-0.000465509,-0.000204993,0.0286137;-1.57069,-0.17773,-1.56913
-0.000892005,-0.000463337,0.0285795;-1.57085,-0.23427,-1.57081
-0.000866926,-0.000137709,0.0292675;-1.57782,-0.244333,-1.58578
0.00157968,-0.000373454,0.0351578;-1.61236,-0.285817,-1.63125
-0.000509532,-0.00183081,0.0288762;-1.57257,-0.331675,-1.58381
-0.000513192,-0.00203363,0.0288748;-1.56446,-0.292927,-1.56088
-0.000443126,-0.00170855,0.0289889;-1.55836,-0.271669,-1.55971
0.000394396,-0.000869942,0.0290877;-1.54652,-0.228994,-1.5641
0.00283527,-0.00265913,0.0302712;-1.55295,-0.171299,-1.58632
0.00556137,-0.00417194,0.0354656;-1.49885,-0.127914,-1.61281
0.0106515,-0.00485272,0.0366256;-1.54315,-0.134376,-1.66279
0.0114689,-0.00202377,0.034489;-1.57942,-0.13389,-1.64031
0.0127589,0.000162291,0.0303741;-1.58716,-0.138085,-1.59818
0.0135907,-0.000556329,0.0285986;-1.57079,-0.108674,-1.57159
0.013997,-3.14381e-05,0.0289773;-1.56232,-0.104744,-1.57433
0.0161306,0.0029484,0.0307198;-1.55261,-0.100457,-1.58311
0.0259227,0.00811803,0.0425323;-1.55934,-0.0954913,-1.60889
0.0218803,0.0067863,0.0432827;-1.55057,-0.163406,-1.60524
0.0168016,0.00485326,0.0308959;-1.54139,-0.182452,-1.58613
0.0162363,0.0078343,0.0287669;-1.56927,-0.153715,-1.5629
0.0163355,0.00819994,0.0287677;-1.56294,-0.140803,-1.57201
0.0167896,0.0106481,0.029885;-1.56383,-0.134856,-1.5633
0.0182785,0.0113647,0.0302435;-1.58594,-0.1713,-1.59256
0.0212315,0.0106134,0.0351168;-1.61231,-0.224,-1.63333
0.0195979,0.004809,0.0336782;-1.62743,-0.264183,-1.62746
0.0189261,0.00567813,0.0300646;-1.61334,-0.287434,-1.58638
0.0189995,0.00593664,0.0289783;-1.59112,-0.307657,-1.57734
0.0186504,0.00694338,0.0292646;-1.56827,-0.341953,-1.57836
0.018416,0.00665366,0.034599;-1.51553,-0.358289,-1.60042
0.0201166,-6.94076e-05,0.0394248;-1.49855,-0.370444,-1.64502
0.022195,-0.00435883,0.0356112;-1.57888,-0.386685,-1.66819
0.0225573,-0.000551433,0.0349234;-1.70268,-0.38148,-1.63163
0.0231395,-2.03174e-05,0.0321245;-1.65738,-0.404822,-1.608
0.0223782,-0.00390971,0.0289935;-1.57432,-0.337678,-1.58299
0.0249151,-0.00487341,0.03212;-1.55123,-0.260363,-1.60405
0.0325588,-0.00617169,0.0359951;-1.5402,-0.217722,-1.6487
0.0419186,-0.0157961,0.0369295;-1.59308,-0.171294,-1.67418
0.0418388,-0.012198,0.0394328;-1.68263,-0.152147,-1.66154
0.041955,-0.00909338,0.0354846;-1.68434,-0.173021,-1.6163
0.042485,-0.00836125,0.0287993;-1.57098,-0.189866,-1.58098
0.0422956,-0.00739631,0.0311453;-1.52675,-0.178279,-1.56223
0.041936,-0.00418554,0.0362084;-1.50218,-0.157269,-1.55159
0.051118,-0.000975983,0.0372927;-1.50797,-0.199899,-1.63592
0.0502586,-0.00102371,0.0362083;-1.5654,-0.203278,-1.67275
0.0492118,5.66103e-05,0.0345619;-1.5873,-0.193949,-1.64941
0.0496153,0.00435085,0.0305026;-1.55643,-0.214877,-1.59847
0.0490692,0.00561711,0.0308899;-1.5395,-0.226917,-1.58064
0.0491076,0.00475287,0.0336022;-1.49239,-0.212341,-1.55464
0.05753,-0.00161958,0.0369566;-1.45474,-0.17985,-1.59827
0.0545762,0.000672409,0.0360815;-1.5218,-0.211367,-1.64162
0.0513956,0.0036045,0.0347672;-1.54576,-0.242565,-1.63999
0.0497971,0.00570088,0.0297271;-1.54825,-0.273311,-1.58346
0.0503087,0.0046458,0.0310687;-1.53821,-0.267802,-1.57791
0.0504645,0.00252133,0.0338809;-1.48986,-0.259019,-1.55612
0.0541807,0.000686334,0.0377791;-1.43806,-0.283283,-1.58252
0.0499288,0.00509382,0.0366391;-1.46996,-0.337794,-1.59429
0.0471733,0.00955228,0.0333277;-1.52954,-0.362956,-1.60575
0.0440722,0.0133254,0.0291454;-1.55364,-0.421053,-1.57506
0.0457598,0.0130267,0.0295634;-1.55952,-0.367478,-1.57449
0.0472048,0.0112753,0.0310874;-1.54014,-0.319676,-1.56425
0.0543033,0.00472369,0.0389038;-1.40484,-0.220593,-1.55953
0.0541637,0.00189342,0.0405685;-1.38085,-0.214086,-1.57722
0.050389,0.00747326,0.0353282;-1.50455,-0.245237,-1.61396
0.0482976,0.0128539,0.0289513;-1.57421,-0.278389,-1.58595
0.047998,0.0135332,0.0286768;-1.56621,-0.278693,-1.56983
0.0467469,0.0153456,0.0305829;-1.57221,-0.265798,-1.54209
0.0445557,0.0212418,0.0333443;-1.57588,-0.224904,-1.52277
0.0464288,0.0247377,0.0313528;-1.59351,-0.235532,-1.55662
0.0472665,0.0250954,0.0288562;-1.57881,-0.229962,-1.57594
0.0472854,0.0229715,0.0304484;-1.59282,-0.199118,-1.60071
0.0473846,0.026415,0.0291965;-1.59658,-0.230188,-1.58163
0.0468172,0.0267282,0.0305082;-1.62109,-0.225311,-1.58126
0.0440241,0.0283176,0.0349041;-1.65252,-0.226726,-1.54993
0.0479931,0.0270343,0.0344687;-1.6528,-0.274315,-1.56034
0.050418,0.0250665,0.0297238;-1.58615,-0.291247,-1.57363
0.0503509,0.0219586,0.0299042;-1.58911,-0.27552,-1.59486
0.0505766,0.0195696,0.0298874;-1.59841,-0.260448,-1.58769
0.0504051,0.0203687,0.0323755;-1.64408,-0.269916,-1.58624
0.0396492,0.0148905,0.03498;-1.61118,-0.262748,-1.51386
0.0438578,0.00715836,0.0327659;-1.57369,-0.252667,-1.54311
0.0468351,0.00194417,0.0296127;-1.54462,-0.24818,-1.56722
0.046769,-0.00152937,0.0291845;-1.58463,-0.216002,-1.58923
0.0471204,-0.00555873,0.0301465;-1.59126,-0.178382,-1.59674
0.0481192,-0.00537201,0.0335605;-1.65378,-0.164543,-1.6034
0.0403155,-1.30948e-05,0.0339723;-1.65098,-0.13595,-1.55846
0.0437931,0.00218871,0.0311798;-1.59453,-0.190555,-1.564
0.0466845,0.0027477,0.0293302;-1.5558,-0.183702,-1.57179
0.0444659,0.00541106,0.0288797;-1.56502,-0.22415,-1.57821
0.0441304,0.0065089,0.0287662;-1.57137,-0.239614,-1.57921
0.0449397,0.00624075,0.0292752;-1.57934,-0.217121,-1.58189
0.0445439,0.0118406,0.0367454;-1.68829,-0.186427,-1.55825
0.046323,0.0168731,0.0355347;-1.68882,-0.182669,-1.57505
0.0469332,0.0170192,0.0338489;-1.65347,-0.173132,-1.57266
0.0456655,0.0172891,0.0286738;-1.57068,-0.173771,-1.57526
0.045684,0.0164284,0.0288519;-1.57468,-0.147854,-1.58131
0.0450392,0.0133812,0.0294714;-1.59317,-0.109855,-1.58547
0.0437507,0.0098681,0.0341509;-1.67141,-0.0736068,-1.59233
0.0364982,0.00505973,0.0377771;-1.71799,-0.0264933,-1.5514
0.0395999,0.000175721,0.0353614;-1.65307,-0.0263328,-1.55482
0.042871,-0.0078202,0.030171;-1.5314,-0.0399604,-1.56959
0.0404788,-0.00900785,0.0295005;-1.54052,-0.0556296,-1.57085
0.0416089,-0.00994314,0.0290649;-1.5524,-0.0271542,-1.575
0.041739,-0.00930668,0.0288272;-1.57795,-0.0331301,-1.57587
0.0407728,-0.00947499,0.0349784;-1.62215,-0.0371626,-1.56411
0.0429636,-0.012504,0.0380252;-1.63858,-0.0602813,-1.60576
0.0467204,-0.0189433,0.0326778;-1.53716,-0.0682371,-1.61752
0.0435427,-0.0197631,0.0289211;-1.56483,-0.0892011,-1.58065
0.0431479,-0.019511,0.0289775;-1.56801,-0.095787,-1.5869
0.0434653,-0.0190047,0.0287864;-1.58163,-0.0965769,-1.57067
0.0439546,-0.0184404,0.0363506;-1.50027,-0.0702045,-1.61594
0.0463006,-0.0211101,0.0396285;-1.46858,-0.0850586,-1.63461
0.0479088,-0.0222523,0.0405386;-1.44234,-0.0910483,-1.64099
0.0570094,-0.0187811,0.0433668;-1.46757,-0.0853073,-1.69898
0.0629374,-0.020487,0.0443139;-1.46514,-0.0756322,-1.70674
0.0625674,-0.0210823,0.0453063;-1.44923,-0.0850283,-1.70682
0.0482744,-0.0221244,0.044405;-1.46023,-0.061764,-1.669
0.0418591,-0.0177903,0.045336;-1.55977,-0.0572862,-1.62941
0.0406598,-0.0151165,0.0375932;-1.58624,-0.0568708,-1.62765
0.0418941,-0.0133058,0.0288462;-1.57031,-0.0439237,-1.58314
0.0420641,-0.0134159,0.0287279;-1.56563,-0.035698,-1.56843
0.0421158,-0.0133972,0.029058;-1.55793,-0.0381726,-1.56024
0.0418676,-0.0115752,0.0325852;-1.54749,-0.0182635,-1.51644
0.040781,-0.0111608,0.034948;-1.54306,-0.00141865,-1.50562
0.0428158,-0.0129257,0.0411884;-1.52501,-0.0190846,-1.54338
0.0376119,-0.0179158,0.0351505;-1.43323,-0.0384596,-1.55904
0.0376583,-0.0168379,0.0352222;-1.4367,-0.0365952,-1.56564
0.0386985,-0.0174772,0.0354717;-1.43424,-0.0234189,-1.56718
0.0400569,-0.0210877,0.0369702;-1.41832,-0.0098599,-1.55778
0.0395347,-0.0187849,0.0378509;-1.47542,0.00675758,-1.51029
0.0401951,-0.0135635,0.036037;-1.56618,0.0279489,-1.47378
0.040349,-0.0110338,0.03229;-1.54913,0.0308366,-1.52178
0.0381511,-0.0126088,0.029766;-1.53696,0.00863435,-1.55858
0.0371605,-0.0121961,0.0297165;-1.53392,0.00185254,-1.56064
0.0371887,-0.00766442,0.0342289;-1.53921,0.0210193,-1.50125
0.0359585,-0.00550837,0.0369964;-1.53511,0.0207311,-1.4704
0.035301,-0.00346305,0.0382241;-1.53007,0.0325716,-1.45578
0.0379013,-0.0114033,0.0374876;-1.39389,0.00903368,-1.57377
0.0408663,-0.0155954,0.0382758;-1.39968,0.057226,-1.6021
0.0418126,-0.0166305,0.0414691;-1.39733,0.0557411,-1.63775
0.0480952,-0.0259266,0.0441032;-1.35892,0.093502,-1.66161
0.0457404,-0.0333905,0.0449273;-1.32353,0.104318,-1.66352
0.0393877,-0.036016,0.0438097;-1.33813,0.115456,-1.63933
0.037823,-0.0342067,0.0373932;-1.46782,0.0968187,-1.64511
0.0394125,-0.0313717,0.0350328;-1.51964,0.101523,-1.64387
0.0431548,-0.0282879,0.0357887;-1.52863,0.109414,-1.65495
0.0405254,-0.0229467,0.0346981;-1.47724,0.0599547,-1.60718
0.0393384,-0.0226417,0.0329595;-1.48901,0.0787613,-1.57328
0.0384735,-0.018669,0.0320925;-1.55668,0.0942129,-1.53513
0.0436675,-0.0183883,0.0299289;-1.55342,0.143276,-1.57945
0.0454655,-0.0172367,0.0306624;-1.55379,0.130201,-1.60513
0.0455741,-0.0153233,0.0317894;-1.56703,0.11376,-1.62171
0.0437208,-0.0161921,0.0286743;-1.57075,0.122264,-1.57526
0.043549,-0.0163351,0.0289184;-1.57982,0.119876,-1.55951
0.0430547,-0.0171419,0.0298992;-1.57972,0.111105,-1.5477
0.0418717,-0.0227078,0.0303863;-1.57269,0.0725195,-1.54222
0.043741,-0.0258623,0.0297107;-1.56228,0.0654838,-1.5854
0.0459407,-0.0282222,0.0331325;-1.55226,0.0914483,-1.63723
0.0417908,-0.0260942,0.0287579;-1.56767,0.0561951,-1.5764
0.0413046,-0.0262779,0.0290733;-1.55853,0.0443136,-1.55968
0.0405603,-0.0258432,0.0313615;-1.5549,0.04808,-1.53174
0.0399068,-0.0250431,0.0347205;-1.55634,0.0635603,-1.50132
0.0418909,-0.0280762,0.030249;-1.5336,0.0434085,-1.56926
0.0443637,-0.0266056,0.0313182;-1.56145,0.0302847,-1.61927
0.0423473,-0.0135674,0.0307628;-1.5729,-0.057633,-1.6056
0.0423093,-0.0107411,0.0286876;-1.57079,-0.0913089,-1.57594
0.0425327,-0.00996299,0.0287868;-1.5693,-0.0907373,-1.56223
0.0401863,-0.00372845,0.0313751;-1.58961,-0.0148253,-1.53232
0.0413854,-0.00153982,0.0311944;-1.59038,0.0352672,-1.53912
0.0425995,-0.00255988,0.0290548;-1.57252,0.087901,-1.58288
0.0431578,-0.0111924,0.0343102;-1.52988,0.171828,-1.63514
0.0419279,-0.0166264,0.0303877;-1.52397,0.225726,-1.58621
0.0417135,-0.0163321,0.0298447;-1.56091,0.236588,-1.54833
0.0402468,-0.0180057,0.0342232;-1.5917,0.235923,-1.49167
0.0415605,-0.0156085,0.0315895;-1.58862,0.258047,-1.52373
0.0420969,-0.0149768,0.02894;-1.55688,0.25734,-1.57862
0.0414377,-0.00869376,0.0365712;-1.5332,0.19195,-1.67197
0.0391711,-0.0025408,0.0357598;-1.54628,0.124657,-1.66404
0.0373117,0.00132888,0.0313461;-1.56782,0.0825333,-1.61297
0.0373117,0.00132888,0.0313461;-1.56782,0.0825333,-1.61297
0.0373098,0.00150541,0.0291238;-1.58566,0.055839,-1.55914
0.0373098,0.00150541,0.0291238;-1.58566,0.055839,-1.55914
