0,0,0.11;-1.57,-2.98023e-08,-1.57
0,0,0.11;-1.57,-2.98023e-08,-1.57
0,0,0.11;-1.57,-2.98023e-08,-1.57
0.000246782,0.00774775,0.0286453;-1.56764,-0.140239,-1.57028
0.000437235,0.00798561,0.0286543;-1.57088,-0.105932,-1.56717
-0.00140511,0.00366536,0.0300941;-1.57364,-0.0431061,-1.55211
-0.00216364,-0.0301715,0.0352392;-1.44615,0.0322654,-1.56431
-0.00244122,-0.0238653,0.028578;-1.571,-0.0532481,-1.57078
-0.00232114,-0.02403,0.0288169;-1.55996,-0.0513352,-1.57066
-0.0022573,-0.0240033,0.0287132;-1.56454,-0.046899,-1.57058
-0.00195176,-0.0243327,0.0286654;-1.57091,-0.000373244,-1.56662
-0.00311777,-0.0276365,0.0295693;-1.56887,0.0467404,-1.55872
-0.00591769,-0.0470476,0.036172;-1.50951,0.127167,-1.56322
-0.00517584,-0.0522647,0.0317016;-1.5243,0.0611091,-1.57893
-0.00291285,-0.0451736,0.0290926;-1.58612,0.00400053,-1.58138
-0.00227997,-0.0445807,0.0288465;-1.57724,-0.00154027,-1.577
-0.0042184,-0.0482671,0.0290899;-1.58068,0.0636254,-1.5845
-0.00732866,-0.0532983,0.0305236;-1.60982,0.115683,-1.57275
-0.0111899,-0.0666024,0.0371862;-1.58084,0.177753,-1.57398
-0.0137125,-0.081008,0.0353417;-1.44969,0.169181,-1.58509
-0.0143126,-0.076982,0.0316527;-1.50902,0.105527,-1.57259
-0.0143785,-0.0737661,0.0285744;-1.57102,0.0619146,-1.57108
-0.0140245,-0.0737899,0.0285799;-1.57075,0.0790444,-1.57087
-0.0137042,-0.0737598,0.0286715;-1.57031,0.122086,-1.56671
-0.0163254,-0.0786858,0.0300738;-1.56751,0.187583,-1.5551
-0.0204904,-0.0981245,0.0336679;-1.48961,0.235901,-1.57659
-0.0216764,-0.101662,0.0305327;-1.52883,0.194347,-1.57564
-0.0211033,-0.0997713,0.0287921;-1.56048,0.152323,-1.57221
-0.0208745,-0.0999231,0.0287632;-1.56181,0.165514,-1.57223
-0.0205874,-0.099737,0.0285796;-1.57067,0.182716,-1.57094
-0.0265947,-0.112238,0.0322107;-1.53906,0.311783,-1.5621
-0.0322924,-0.136276,0.0367637;-1.42306,0.36531,-1.59999
-0.0344814,-0.139079,0.0346242;-1.453,0.30255,-1.59976
-0.0314504,-0.129327,0.028663;-1.57059,0.225022,-1.57482
-0.0314364,-0.13032,0.028752;-1.57089,0.249933,-1.57901
-0.0321261,-0.131418,0.0288108;-1.57535,0.275496,-1.57607
-0.0380804,-0.137575,0.0315362;-1.62354,0.369596,-1.5622
-0.0443015,-0.149089,0.039637;-1.56663,0.434862,-1.58006
-0.0475393,-0.156149,0.0408426;-1.51566,0.4148,-1.59983
-0.0450894,-0.149036,0.0287165;-1.57117,0.279764,-1.57749
-0.0443582,-0.148626,0.0287224;-1.56477,0.279608,-1.57374
-0.0444439,-0.149793,0.0287318;-1.56386,0.308924,-1.57358
-0.0441586,-0.149803,0.0287876;-1.56874,0.381837,-1.56332
-0.0512837,-0.160938,0.0315865;-1.53974,0.466036,-1.56726
-0.0607026,-0.185021,0.038423;-1.424,0.54967,-1.61832
-0.0623937,-0.185413,0.0285717;-1.57484,0.435646,-1.56587
-0.0621442,-0.185179,0.0285705;-1.57043,0.420418,-1.57078
-0.0618586,-0.185632,0.028781;-1.56011,0.43549,-1.57533
-0.0615194,-0.185974,0.0287002;-1.56926,0.501034,-1.56705
-0.0656723,-0.1903,0.0302471;-1.55573,0.575716,-1.56478
-0.0786304,-0.209447,0.0374899;-1.43881,0.67861,-1.62547
-0.0830225,-0.216011,0.028534;-1.57608,0.589982,-1.56574
-0.0823291,-0.215745,0.0285756;-1.57072,0.582748,-1.57077
-0.0823812,-0.21652,0.028752;-1.56587,0.60364,-1.57782
-0.0848045,-0.217898,0.0289981;-1.58504,0.683837,-1.57095
-0.0914075,-0.22224,0.0319221;-1.63049,0.742223,-1.54053
-0.101683,-0.231544,0.0417787;-1.54776,0.811792,-1.59397
-0.0994989,-0.231848,0.0290071;-1.58044,0.689325,-1.57736
-0.0970264,-0.230701,0.0290414;-1.58985,0.650975,-1.56635
-0.0967417,-0.231393,0.0287156;-1.57057,0.670145,-1.57741
-0.0989898,-0.232709,0.0285798;-1.57072,0.749839,-1.57091
-0.100578,-0.233597,0.0294029;-1.56114,0.799924,-1.56729
-0.115784,-0.246269,0.0348196;-1.4629,0.903407,-1.63314
-0.127824,-0.257973,0.0340787;-1.4125,0.874038,-1.68329
-0.124014,-0.252851,0.0286518;-1.56889,0.82346,-1.56997
-0.123645,-0.252655,0.0285749;-1.57085,0.795916,-1.57066
-0.123546,-0.252802,0.0285792;-1.57078,0.82178,-1.57079
-0.123151,-0.252937,0.0286656;-1.57096,0.874589,-1.5665
-0.130344,-0.255589,0.0302423;-1.55555,0.950897,-1.56851
-0.162729,-0.278052,0.0376277;-1.30522,1.0276,-1.77914
-0.161414,-0.27681,0.0336811;-1.38972,0.971206,-1.71606
-0.15624,-0.272949,0.0285979;-1.57254,0.932288,-1.56749
-0.156372,-0.273643,0.0287055;-1.56669,0.957741,-1.57789
-0.157325,-0.273979,0.0287696;-1.57055,0.993671,-1.57993
-0.159158,-0.273794,0.0293692;-1.61042,1.03086,-1.5418
-0.182107,-0.283472,0.0455171;-1.51304,1.16077,-1.62677
-0.184658,-0.286293,0.0432742;-1.52441,1.09019,-1.62967
-0.172885,-0.284832,0.0291048;-1.59946,1.02105,-1.55646
-0.170134,-0.285116,0.0289385;-1.58432,1.01664,-1.56927
-0.173662,-0.285179,0.0287812;-1.57026,1.09442,-1.58082
-0.17463,-0.284905,0.0290514;-1.61007,1.12323,-1.53928
-0.202597,-0.294084,0.0383376;-1.2222,1.2545,-1.8787
-0.213715,-0.299831,0.0362055;-1.19245,1.18649,-1.91881
-0.205215,-0.294398,0.0288954;-1.53673,1.14821,-1.60037
-0.203179,-0.29435,0.0288252;-1.54611,1.12035,-1.59388
-0.203193,-0.29505,0.0285397;-1.57721,1.16853,-1.56425
-0.203321,-0.295128,0.028695;-1.57157,1.19656,-1.56418
-0.237089,-0.305475,0.0391359;-0.972964,1.34208,-2.12351
-0.249788,-0.310287,0.0369817;-1.02166,1.29436,-2.09358
-0.239838,-0.306845,0.0295371;-1.4893,1.27113,-1.64506
-0.237509,-0.306929,0.0288356;-1.53585,1.24414,-1.60486
-0.237885,-0.307635,0.0285777;-1.57118,1.30006,-1.57052
-0.238067,-0.307624,0.0285836;-1.57257,1.30482,-1.56894
-0.260052,-0.310413,0.039441;-1.44107,1.4415,-1.69372
-0.267762,-0.313497,0.0389535;-1.30322,1.38878,-1.84587
-0.260503,-0.313546,0.0319069;-1.59769,1.38313,-1.55375
-0.250936,-0.315596,0.0291248;-1.64159,1.30939,-1.51044
-0.25666,-0.314264,0.0290207;-1.62695,1.38972,-1.52662
-0.257877,-0.313587,0.0291629;-1.68212,1.41415,-1.47149
-0.260716,-0.311645,0.0317392;-2.0998,1.44343,-1.05041
-0.286999,-0.312152,0.0406803;-0.00962537,1.51501,-3.11866
-0.289146,-0.31353,0.0339156;-0.573073,1.44996,-2.55965
-0.282785,-0.312695,0.0285228;-1.56122,1.45099,-1.57987
-0.28323,-0.313214,0.0288004;-1.47785,1.47472,-1.66491
-0.284153,-0.313772,0.0285534;-1.59014,1.5207,-1.55125
-0.284236,-0.313732,0.0287391;-1.59085,1.5481,-1.54239
-0.322013,-0.310713,0.0396934;0.851733,1.36331,2.31555
-0.332697,-0.311763,0.0379641;0.666873,1.36956,2.47756
-0.32091,-0.31453,0.0286646;1.59134,1.48924,1.55299
-0.319163,-0.31508,0.0288763;1.32952,1.51849,1.8102
-0.320003,-0.315529,0.0285248;1.5946,1.46827,1.54711
-0.320272,-0.315404,0.0287081;1.57094,1.45217,1.57685
-0.347585,-0.3092,0.0390788;1.40033,1.29337,1.75267
-0.355,-0.310328,0.0396148;1.15252,1.32754,1.9807
-0.343627,-0.316406,0.0291124;1.70154,1.39997,1.43698
-0.342585,-0.317305,0.0289011;1.60085,1.39872,1.53128
-0.346734,-0.3148,0.0289281;1.59736,1.33385,1.53478
-0.34758,-0.313658,0.0298837;1.71903,1.30646,1.4234
-0.358393,-0.306505,0.0392681;1.94912,1.15455,1.20841
-0.369547,-0.303402,0.0421036;1.58196,1.17888,1.56205
-0.364982,-0.306451,0.0318151;1.58507,1.23578,1.55499
-0.362047,-0.308712,0.0288037;1.54177,1.28626,1.59621
-0.363942,-0.308978,0.0289133;1.52286,1.23763,1.61587
-0.364188,-0.309276,0.0285636;1.56973,1.20154,1.57202
-0.377079,-0.300949,0.0314833;1.56817,1.0856,1.59555
-0.403439,-0.289168,0.0405717;1.29651,0.977477,1.84158
-0.409385,-0.287141,0.039045;1.25333,1.00312,1.86495
-0.396236,-0.296953,0.0285725;1.56707,1.11038,1.5726
-0.396646,-0.297088,0.0289025;1.53913,1.10093,1.59804
-0.397713,-0.296962,0.0288678;1.54226,1.06431,1.59596
-0.399722,-0.293908,0.0298256;1.58471,0.994095,1.57308
-0.419349,-0.279649,0.0350231;1.45642,0.895716,1.69012
-0.434246,-0.270887,0.0391294;1.29447,0.876271,1.81981
-0.425652,-0.281346,0.0285128;1.56693,0.978835,1.57382
-0.425641,-0.281596,0.0287551;1.56075,0.972369,1.57608
-0.426697,-0.281201,0.0287433;1.56426,0.938855,1.57135
-0.427655,-0.278537,0.0296612;1.61563,0.868736,1.53311
-0.431335,-0.272221,0.0343084;1.71015,0.804735,1.4673
-0.445887,-0.258457,0.0413489;1.57775,0.726193,1.57716
-0.44918,-0.260206,0.0287786;1.58957,0.829505,1.55465
-0.448798,-0.261256,0.028579;1.57042,0.859208,1.57099
-0.449502,-0.260972,0.0288075;1.55993,0.833415,1.57519
-0.451458,-0.260911,0.0286568;1.57096,0.732488,1.57462
-0.455142,-0.253972,0.0304462;1.57802,0.672054,1.58452
-0.473405,-0.23251,0.0388276;1.43239,0.559297,1.68176
-0.477926,-0.234549,0.0286457;1.57504,0.631281,1.56889
-0.477479,-0.235277,0.028597;1.56975,0.667087,1.57145
-0.477838,-0.235177,0.0289097;1.55155,0.659562,1.58166
-0.478893,-0.235232,0.028613;1.57075,0.579457,1.57254
-0.48125,-0.228719,0.0304146;1.58017,0.526103,1.58313
-0.495636,-0.204363,0.0381039;1.45527,0.413581,1.65197
-0.499661,-0.203736,0.0323496;1.48347,0.487989,1.61793
-0.497465,-0.210391,0.0285176;1.57292,0.539675,1.5693
-0.497658,-0.210296,0.0289138;1.55368,0.541232,1.57838
-0.498431,-0.210218,0.0285845;1.57039,0.490849,1.57139
-0.497989,-0.209203,0.0290162;1.58126,0.457694,1.57148
-0.502139,-0.195639,0.0335996;1.61719,0.38399,1.56607
-0.514497,-0.174046,0.0358421;1.42758,0.37846,1.6392
-0.512865,-0.184039,0.0289126;1.59042,0.432091,1.5611
-0.51308,-0.184559,0.0285845;1.57112,0.453709,1.57018
-0.514895,-0.183077,0.0286325;1.56807,0.369624,1.57183
-0.514809,-0.182938,0.0286642;1.57077,0.359177,1.57487
-0.514674,-0.17697,0.0302395;1.57888,0.299358,1.58568
-0.527824,-0.134951,0.0402251;1.39378,0.187155,1.63411
-0.526905,-0.145059,0.0336926;1.46474,0.243184,1.60274
-0.525628,-0.153955,0.0285184;1.57196,0.300731,1.57019
-0.526401,-0.153457,0.0288842;1.55664,0.287189,1.57385
-0.526716,-0.153442,0.0285706;1.57114,0.263566,1.57068
-0.526319,-0.152681,0.0289029;1.57102,0.234471,1.58049
-0.534019,-0.108844,0.0408816;1.41209,0.0667985,1.62173
-0.536374,-0.104442,0.0380492;1.41282,0.110675,1.60415
-0.537383,-0.117706,0.0285234;1.58386,0.147608,1.57117
-0.537821,-0.117923,0.0288447;1.55973,0.173368,1.57096
-0.53864,-0.117094,0.0285744;1.57089,0.116735,1.57089
-0.538649,-0.116972,0.0287014;1.57077,0.0992965,1.57688
-0.538299,-0.0870719,0.0390182;1.50824,-0.0442382,1.58942
-0.540833,-0.0772964,0.0377832;1.45117,0.0125227,1.57537
-0.54253,-0.0871112,0.0289194;1.58496,0.0665681,1.56658
-0.542925,-0.0884622,0.0287238;1.57068,0.0842703,1.56391
-0.542768,-0.0868189,0.0286737;1.57067,0.0304067,1.56639
-0.542191,-0.0861987,0.0288667;1.58478,0.00130862,1.57049
-0.542191,-0.0861987,0.0288667;1.58478,0.00130862,1.57049
-0.539519,-0.0792658,0.030539;1.58442,-0.048963,1.58426
-0.539519,-0.0792658,0.030539;1.58442,-0.048963,1.58426
