0,0,0.11;-1.57,-2.98023e-08,-1.57
0,0,0.11;-1.57,-2.98023e-08,-1.57
0,0,0.11;-1.57,-2.98023e-08,-1.57
0.000165363,0.00563745,0.0286579;-1.57095,-0.139833,-1.57454
-0.000306114,0.00386257,0.0286445;-1.57111,-0.0999608,-1.57346
-0.00282936,-0.00564443,0.0299245;-1.587,-0.0482178,-1.56938
-0.00426841,-0.029449,0.0352279;-1.45985,-0.0165605,-1.57034
-0.00617288,-0.0208669,0.0288113;-1.57073,-0.162841,-1.58267
-0.00601277,-0.0203695,0.0287204;-1.5702,-0.176338,-1.57694
-0.00602809,-0.0201177,0.0286777;-1.57094,-0.192181,-1.57558
-0.00645126,-0.0225743,0.0286874;-1.5708,-0.104982,-1.57586
-0.00825528,-0.0288573,0.0290659;-1.57757,-0.0328738,-1.57589
-0.0103198,-0.0467495,0.0354124;-1.46728,0.0416085,-1.57716
-0.0115603,-0.0503255,0.031872;-1.51659,-0.0159692,-1.57684
-0.0120148,-0.0452071,0.0287849;-1.57544,-0.0692983,-1.58037
-0.0113666,-0.043895,0.0286038;-1.57077,-0.089356,-1.5721
-0.0118635,-0.0457807,0.0288016;-1.57083,-0.0149885,-1.58137
-0.0133519,-0.0474491,0.0288803;-1.5776,0.0675632,-1.57428
-0.0162495,-0.0551545,0.0355402;-1.5799,0.15873,-1.56695
-0.0174805,-0.072719,0.037191;-1.42494,0.215882,-1.58858
-0.0146722,-0.0659272,0.032788;-1.49282,0.185439,-1.58714
-0.0126372,-0.0579415,0.0288067;-1.5709,0.117534,-1.58174
-0.0124458,-0.057713,0.0287331;-1.57072,0.124501,-1.57808
-0.0135997,-0.058959,0.0287717;-1.57571,0.183515,-1.57424
-0.0167288,-0.0635539,0.0313897;-1.62451,0.235618,-1.5617
-0.0202334,-0.0735094,0.0352257;-1.65304,0.302466,-1.54925
-0.0198795,-0.0760219,0.0290456;-1.58608,0.2972,-1.574
-0.0187596,-0.0749273,0.0287743;-1.56683,0.25638,-1.5772
-0.0187624,-0.0749737,0.0288018;-1.5654,0.259843,-1.57753
-0.0190868,-0.0754903,0.0288077;-1.57062,0.280157,-1.5817
-0.02582,-0.087056,0.0344132;-1.68249,0.382817,-1.5369
-0.0316078,-0.106114,0.0408893;-1.58978,0.446834,-1.55704
-0.0336006,-0.117362,0.0373166;-1.50038,0.441629,-1.59373
-0.029306,-0.111182,0.0286948;-1.57093,0.355077,-1.57637
-0.0293103,-0.111758,0.0287207;-1.56991,0.368604,-1.57717
-0.0292896,-0.111752,0.0286904;-1.56985,0.365712,-1.57553
-0.0346888,-0.117476,0.0311733;-1.62418,0.438378,-1.54881
-0.0461264,-0.136703,0.0382545;-1.61754,0.501582,-1.54313
-0.0552331,-0.156931,0.0377607;-1.40507,0.522044,-1.63949
-0.0524536,-0.150028,0.0287852;-1.56895,0.396292,-1.5832
-0.051691,-0.149435,0.0287105;-1.57031,0.372718,-1.57679
-0.0518006,-0.149535,0.0287229;-1.57077,0.369675,-1.57763
-0.05483,-0.15253,0.028792;-1.58124,0.456301,-1.56744
-0.0665576,-0.166803,0.0321625;-1.55793,0.512161,-1.57712
-0.0768381,-0.185629,0.0381582;-1.37119,0.559266,-1.67095
-0.0755601,-0.17875,0.0287891;-1.57214,0.429414,-1.57919
-0.0740406,-0.177512,0.0286522;-1.57107,0.39161,-1.57436
-0.0739326,-0.177874,0.0287213;-1.57071,0.406942,-1.57757
-0.0754664,-0.17917,0.0286972;-1.57208,0.482639,-1.57481
-0.0810549,-0.184375,0.0299426;-1.57794,0.563547,-1.56764
-0.0915178,-0.198066,0.0383779;-1.44905,0.64019,-1.63943
-0.0933654,-0.201722,0.0288078;-1.57951,0.600172,-1.5753
-0.0919931,-0.200618,0.0287165;-1.57124,0.567396,-1.57767
-0.091726,-0.200338,0.0286941;-1.57066,0.564212,-1.57629
-0.0924892,-0.200874,0.0287834;-1.5771,0.598734,-1.57164
-0.0958369,-0.200964,0.0312273;-1.6191,0.660299,-1.53908
-0.106173,-0.208698,0.0394838;-1.66526,0.740059,-1.50326
-0.111344,-0.219798,0.028834;-1.58322,0.786606,-1.56754
-0.110341,-0.21889,0.028838;-1.57105,0.752737,-1.58357
-0.109449,-0.21823,0.0286782;-1.57038,0.730329,-1.57553
-0.109595,-0.21875,0.0287874;-1.57464,0.734822,-1.57655
-0.112803,-0.219447,0.0303854;-1.62305,0.784088,-1.5377
-0.121702,-0.225241,0.0362562;-1.75218,0.848837,-1.44055
-0.133114,-0.23629,0.0318222;-1.5951,0.909814,-1.55335
-0.131564,-0.235814,0.0288165;-1.5732,0.861657,-1.57927
-0.130192,-0.235303,0.0287055;-1.57097,0.827242,-1.57672
-0.130236,-0.235294,0.0287644;-1.57072,0.831584,-1.57963
-0.131776,-0.235442,0.0288732;-1.58635,0.883912,-1.563
-0.137979,-0.237784,0.0319147;-1.67323,0.934394,-1.49435
-0.164194,-0.259135,0.0408509;-1.46852,1.04926,-1.64366
-0.165404,-0.260799,0.0346101;-1.41977,0.981252,-1.69319
-0.158464,-0.256593,0.0289251;-1.58521,0.937484,-1.5677
-0.158378,-0.257453,0.0287398;-1.56792,0.943728,-1.5796
-0.159563,-0.258032,0.0287586;-1.57071,0.979652,-1.57934
-0.161581,-0.258268,0.029342;-1.61047,1.00322,-1.54071
-0.193745,-0.275027,0.0428381;-1.33402,1.09415,-1.76314
-0.20431,-0.281752,0.0380138;-1.21741,1.04724,-1.87448
-0.195585,-0.277538,0.0286108;-1.58007,1.04791,-1.56896
-0.191876,-0.276861,0.0286912;-1.57082,0.96597,-1.57607
-0.193051,-0.277467,0.0287596;-1.57081,0.999321,-1.57934
-0.193774,-0.277369,0.0288428;-1.59049,1.01449,-1.55749
-0.218691,-0.285001,0.0414883;-1.41471,1.12295,-1.70395
-0.233832,-0.29334,0.0366502;-1.25153,1.09744,-1.86278
-0.229412,-0.293049,0.0287424;-1.58243,1.11954,-1.56888
-0.226181,-0.292418,0.0286747;-1.57095,1.05265,-1.57521
-0.227191,-0.292927,0.0287274;-1.57052,1.07746,-1.57803
-0.22702,-0.292698,0.0288149;-1.578,1.07008,-1.57261
-0.241796,-0.296927,0.0414677;-1.50213,1.21437,-1.62645
-0.252505,-0.303393,0.039433;-1.3054,1.22283,-1.82113
-0.250432,-0.30498,0.0286524;-1.57339,1.25333,-1.57094
-0.247006,-0.304153,0.0286748;-1.57071,1.1677,-1.57543
-0.247954,-0.304434,0.0287597;-1.57044,1.1953,-1.57962
-0.247382,-0.304483,0.0287663;-1.58445,1.18292,-1.56208
-0.259296,-0.304111,0.0377378;-2.02109,1.3031,-1.13623
-0.267773,-0.306737,0.0378383;-1.52827,1.37114,-1.61116
-0.270195,-0.306885,0.0291116;-1.62902,1.39151,-1.51697
-0.267737,-0.307311,0.0286243;-1.57127,1.32292,-1.57245
-0.268296,-0.307478,0.0287956;-1.54612,1.33548,-1.59932
-0.26891,-0.307464,0.0287692;-1.57034,1.35667,-1.58025
-0.271294,-0.30643,0.0296417;-1.72379,1.40051,-1.42432
-0.298535,-0.310287,0.0410821;-1.84042,1.52525,-1.29563
-0.309916,-0.3155,0.0348213;-0.645263,1.52366,-2.49403
-0.308299,-0.31608,0.0288162;-1.57516,1.52975,-1.57808
-0.306261,-0.316187,0.0286447;-1.57026,1.49078,-1.57436
-0.307365,-0.316466,0.028747;-1.58248,1.51988,-1.56735
-0.307505,-0.316378,0.0288373;-1.69608,1.51611,-1.45126
-0.325673,-0.319244,0.0394211;1.7717,1.53573,1.37457
-0.334223,-0.322524,0.038237;0.861274,1.51764,2.28074
-0.332431,-0.323792,0.0289354;1.81766,1.54301,1.31142
-0.329795,-0.324179,0.0286697;-1.56952,1.53216,-1.57632
-0.330616,-0.324186,0.028695;-1.56115,1.55967,-1.58585
-0.330702,-0.324004,0.0288135;-1.8512,1.55545,-1.29732
-0.352538,-0.321139,0.039864;1.4544,1.48885,1.69652
-0.368344,-0.321418,0.0376928;0.679846,1.45354,2.46426
-0.367528,-0.322489,0.0287631;1.67848,1.5029,1.45822
-0.36493,-0.323135,0.0286775;0,1.57011,3.13781
-0.365015,-0.32315,0.0286475;-1.55333,1.5665,-1.59141
-0.365151,-0.322886,0.0286953;-1.74044,1.56618,-1.40672
-0.382334,-0.318561,0.0380474;1.06504,1.46308,2.08149
-0.395732,-0.317646,0.0375256;0.524015,1.38238,2.61666
-0.393188,-0.319028,0.0324196;0.870941,1.46238,2.26746
-0.388401,-0.319681,0.0287044;1.6036,1.51512,1.53322
-0.387014,-0.320253,0.0286368;1.51828,1.56398,1.6199
-0.387475,-0.32012,0.0287528;1.59684,1.55349,1.53663
-0.392183,-0.318481,0.0322727;1.86384,1.47598,1.28621
-0.403501,-0.317187,0.0418823;1.09671,1.40428,2.05488
-0.413831,-0.317662,0.0372639;0.803289,1.35065,2.33705
-0.407334,-0.319801,0.0287631;1.5714,1.42704,1.56136
-0.405565,-0.320408,0.0286635;1.56954,1.46912,1.56768
-0.405579,-0.320509,0.0287207;1.5425,1.47494,1.59499
-0.406841,-0.319165,0.0296411;1.70097,1.42744,1.44106
-0.413739,-0.316492,0.0361272;1.96129,1.33968,1.18774
-0.424499,-0.31499,0.0408698;1.50912,1.30595,1.63892
-0.428143,-0.318254,0.0288202;1.57235,1.31174,1.55732
-0.427797,-0.318489,0.0286635;1.57111,1.31519,1.56646
-0.427737,-0.318551,0.0286451;1.57152,1.32007,1.567
-0.427724,-0.318548,0.0286859;1.57342,1.32555,1.56348
-0.428948,-0.317371,0.0312705;1.55301,1.34042,1.59326
-0.430235,-0.315742,0.0415045;1.32291,1.36062,1.82867
-0.430921,-0.317949,0.0288106;1.59164,1.38975,1.54159
-0.430583,-0.31845,0.0286897;1.5705,1.41201,1.56595
-0.43052,-0.318468,0.0286834;1.57057,1.41464,1.56612
-0.431223,-0.318618,0.0287932;1.61322,1.3905,1.52637
-0.432091,-0.317342,0.0312887;1.74286,1.37163,1.40949
-0.437617,-0.314835,0.0382595;1.84372,1.31446,1.32113
-0.437062,-0.316141,0.0286991;1.56124,1.32512,1.57217
-0.436927,-0.316315,0.0286969;1.57045,1.31655,1.56564
-0.436066,-0.316502,0.0286749;1.57048,1.33433,1.56663
-0.436594,-0.316108,0.0288714;1.60154,1.31401,1.53481
-0.437078,-0.315334,0.0308668;1.71367,1.30477,1.43155
-0.440148,-0.313857,0.0361156;1.90646,1.25842,1.25626
-0.431729,-0.318149,0.0298721;1.6962,1.31507,1.44487
-0.432529,-0.318129,0.0287822;1.5672,1.30996,1.56397
-0.433801,-0.318291,0.0288345;1.54577,1.28436,1.5897
-0.434758,-0.318151,0.0287327;1.57088,1.25191,1.56363
-0.435095,-0.317753,0.0291533;1.62453,1.24159,1.5152
-0.435817,-0.316466,0.0333125;1.77853,1.24446,1.37758
-0.430607,-0.319009,0.0346231;1.72986,1.28419,1.42178
-0.428817,-0.320078,0.0288875;1.60383,1.28162,1.53382
-0.429604,-0.319936,0.028677;1.56978,1.26096,1.56699
-0.430741,-0.319892,0.028644;1.57066,1.22867,1.5679
-0.430931,-0.31954,0.0287342;1.57629,1.22125,1.55959
-0.432589,-0.318035,0.0300517;1.64372,1.19382,1.49754
-0.452994,-0.312255,0.039807;1.45083,1.11874,1.69132
-0.455275,-0.312597,0.0304367;1.47663,1.13203,1.65709
-0.453326,-0.313445,0.0288168;1.57088,1.14999,1.55942
-0.452793,-0.313839,0.0286473;1.57087,1.15772,1.56749
-0.453002,-0.31366,0.0287367;1.5706,1.14874,1.56359
-0.453676,-0.313483,0.0286443;1.57146,1.12855,1.56698
-0.452897,-0.31191,0.0414814;1.3821,1.17792,1.76438
-0.447684,-0.313934,0.0387289;1.44126,1.20968,1.6956
-0.443354,-0.316177,0.0288578;1.5885,1.20917,1.54739
-0.444176,-0.316062,0.028649;1.57096,1.1851,1.56751
-0.444658,-0.315866,0.0286906;1.57104,1.17071,1.56537
-0.445615,-0.315182,0.0286653;1.57101,1.1369,1.56658
-0.460154,-0.311005,0.0378051;1.42148,1.07783,1.72769
-0.465172,-0.310952,0.0378285;1.41734,1.0995,1.72015
-0.462073,-0.312897,0.0288694;1.57861,1.10923,1.55248
-0.460761,-0.313807,0.0286974;1.57418,1.13403,1.56357
-0.460469,-0.314158,0.0286173;1.5708,1.14707,1.56913
-0.460976,-0.313464,0.0287273;1.57089,1.1262,1.5639
-0.460976,-0.313464,0.0287273;1.57089,1.1262,1.5639
-0.461779,-0.313168,0.0294526;1.59203,1.11839,1.54969
-0.461779,-0.313168,0.0294526;1.59203,1.11839,1.54969
