0,0,0.11;-1.57,-2.98023e-08,-1.57
0,0,0.11;-1.57,-2.98023e-08,-1.57
0,0,0.11;-1.57,-2.98023e-08,-1.57
-0.000277349,0.00173399,0.0286165;-1.56903,-0.171873,-1.57051
-0.00038752,0.00166277,0.0285806;-1.57073,-0.178099,-1.57086
-0.000431884,0.00146663,0.0286189;-1.57074,-0.173834,-1.57258
0.00290458,-0.000406919,0.0330412;-1.56489,-0.156899,-1.6274
0.00442678,0.00338345,0.0336739;-1.60752,-0.24155,-1.62961
0.00322198,0.0035097,0.0307002;-1.60811,-0.244011,-1.59412
0.00142623,0.000598208,0.0290158;-1.59201,-0.213437,-1.57515
0.00114003,0.000704634,0.028627;-1.57085,-0.124331,-1.56857
0.00127302,0.000800912,0.028868;-1.56766,-0.11533,-1.55979
0.00120122,0.00122345,0.0295041;-1.56121,-0.102304,-1.54967
0.00366573,0.00273857,0.0291665;-1.56436,-0.106323,-1.57638
0.00479933,0.00435256,0.0290078;-1.56964,-0.169493,-1.58347
0.00513438,0.00792624,0.029128;-1.57499,-0.201612,-1.58249
0.00353274,0.0152496,0.0286532;-1.57019,-0.210487,-1.56771
0.00409627,0.019302,0.0299668;-1.55747,-0.168083,-1.54792
0.00455025,0.022735,0.0310647;-1.57023,-0.169604,-1.53524
0.00533687,0.0309127,0.0309573;-1.57329,-0.160944,-1.53204
0.00501371,0.0308347,0.0288431;-1.56815,-0.17373,-1.56053
0.00502739,0.0314638,0.0290261;-1.57679,-0.194596,-1.57723
0.00385759,0.0344434,0.0314525;-1.62624,-0.174055,-1.59067
-0.00010648,0.0378604,0.0316818;-1.63335,-0.113962,-1.57683
-0.00229947,0.0380249,0.0302533;-1.60175,-0.0898515,-1.56079
-0.00270918,0.0371163,0.0297715;-1.57405,-0.0786009,-1.54847
-0.00159559,0.0353549,0.0289264;-1.58029,-0.0917483,-1.56463
-0.00163943,0.0347472,0.0289867;-1.57885,-0.0846717,-1.58305
-0.00171038,0.0341521,0.0296444;-1.5797,-0.0826454,-1.5906
-0.00107979,0.0331964,0.0302422;-1.5787,-0.0716532,-1.59938
-0.000963472,0.0333393,0.0288233;-1.58079,-0.0583526,-1.56957
-0.00110154,0.033481,0.02891;-1.56848,-0.0468494,-1.55927
-0.00116681,0.0335157,0.0290695;-1.56058,-0.0633919,-1.5568
-0.00194764,0.0316344,0.0290819;-1.55285,-0.113588,-1.56223
-0.00225688,0.030789,0.0290757;-1.5518,-0.133118,-1.56297
-0.00217322,0.0306382,0.0286691;-1.56935,-0.12814,-1.56795
-0.00618264,0.0241322,0.0318918;-1.59421,-0.0249297,-1.60275
-0.0102321,0.0169319,0.0320703;-1.61755,0.0141138,-1.57657
-0.0125494,0.0153253,0.0288964;-1.57946,0.0267075,-1.5639
-0.0124126,0.012855,0.0288154;-1.56981,-0.0305672,-1.56054
-0.0127571,0.0125499,0.028587;-1.5708,-0.0398631,-1.57044
-0.0127412,0.012474,0.0286068;-1.57078,-0.042777,-1.56949
-0.0125812,0.0130021,0.0285907;-1.5707,-0.00232393,-1.57037
-0.0117147,0.0114367,0.0290311;-1.5567,0.0390295,-1.57654
-0.0102903,0.00961353,0.0316261;-1.54334,0.0559048,-1.60527
-0.00953963,0.015487,0.031236;-1.56773,-0.074067,-1.61353
-0.00993377,0.0197376,0.0289267;-1.57795,-0.12435,-1.58111
-0.00926935,0.0220279,0.0286907;-1.57276,-0.153744,-1.5676
-0.00877466,0.0238741,0.0288335;-1.5666,-0.117343,-1.56232
-0.00868915,0.0258926,0.0291593;-1.56888,-0.0787304,-1.55685
-0.00874479,0.027618,0.0297523;-1.57295,-0.0418708,-1.54967
-0.00570136,0.0316975,0.0297011;-1.57777,-0.0750543,-1.58421
-0.00543815,0.0373854,0.0321708;-1.64338,-0.094385,-1.58272
-0.0056213,0.040491,0.035078;-1.70669,-0.0718501,-1.58142
-0.0124683,0.0430876,0.0332283;-1.62602,0.0527588,-1.53789
-0.0153431,0.0383094,0.0328325;-1.57669,0.0947621,-1.51553
-0.0177205,0.0329127,0.0341945;-1.578,0.129008,-1.50108
-0.0174976,0.0278563,0.0310568;-1.57466,0.133699,-1.53066
-0.0168986,0.0277048,0.0287418;-1.56466,0.109319,-1.56908
-0.0165237,0.0283892,0.0288848;-1.56863,0.0967864,-1.58449
-0.0160118,0.0316248,0.0289356;-1.57059,0.0672258,-1.58783
-0.0163455,0.0314914,0.0286417;-1.57228,0.0770588,-1.57209
-0.0165707,0.0313885,0.0287766;-1.56585,0.0838538,-1.56446
-0.0159015,0.0314468,0.0290949;-1.56789,0.0663612,-1.57444
-0.0161093,0.0316878,0.0287087;-1.57081,0.0142887,-1.57703
-0.0164858,0.0328091,0.0288474;-1.57058,-0.027065,-1.58353
-0.0162109,0.0361419,0.0302037;-1.57287,-0.0564469,-1.60066
-0.0160375,0.0366872,0.0294041;-1.57313,-0.0570388,-1.58966
-0.0161953,0.0323526,0.0290206;-1.57262,0.0109194,-1.57978
-0.017088,0.0270207,0.0288484;-1.5685,0.0990803,-1.56296
-0.0174138,0.025962,0.0287221;-1.56999,0.0700987,-1.56271
-0.017018,0.0248484,0.0286431;-1.57038,0.0325666,-1.56678
-0.0170044,0.0238476,0.028844;-1.56577,0.0153731,-1.57881
-0.0154403,0.0210356,0.0307424;-1.52395,0.0568236,-1.58793
-0.0139411,0.0171351,0.0348301;-1.45324,0.0889814,-1.59506
-0.0143177,0.0141219,0.0374971;-1.38777,0.109205,-1.58477
-0.0137573,0.0137437,0.0356463;-1.42795,0.0657378,-1.57993
-0.012147,0.0150763,0.0339463;-1.4588,0.0596149,-1.58018
-0.0116415,0.0203735,0.03509;-1.5165,7.32243e-05,-1.62897
-0.00836747,0.0188982,0.0354304;-1.54279,0.0483272,-1.65289
-0.00722592,0.0179691,0.0351756;-1.52823,0.0663691,-1.64016
-0.00533032,0.0198195,0.0388876;-1.50092,0.108266,-1.66493
-0.00418801,0.0242526,0.0402373;-1.55003,0.0612756,-1.6933
-0.00236532,0.022244,0.0397191;-1.54832,0.0699684,-1.69802
-0.00964445,0.00747565,0.0373202;-1.54046,0.09171,-1.68021
-0.00957897,0.0048345,0.0353836;-1.54194,0.156547,-1.65676
-0.00898553,0.00361025,0.0344829;-1.53244,0.175458,-1.6414
-0.00535333,-0.00334789,0.0315932;-1.50117,0.274865,-1.59137
-0.00266377,-0.00279184,0.032793;-1.48442,0.259004,-1.60521
-0.000315453,0.000556104,0.0354602;-1.49051,0.22561,-1.64627
0.00440467,0.00705739,0.0399982;-1.55415,0.130994,-1.70973
0.00677408,0.0123021,0.0419057;-1.55617,0.104475,-1.72966
0.00512764,0.0193966,0.0393653;-1.5637,0.0551257,-1.69714
0.00613917,0.00735945,0.0423112;-1.51098,0.189825,-1.71211
0.00689602,-0.00115596,0.042983;-1.46558,0.201746,-1.72002
0.00798181,-0.00293144,0.0430923;-1.45866,0.211864,-1.72204
0.0104307,0.00240036,0.0441364;-1.55373,0.115981,-1.75723
0.0102673,0.0076189,0.044737;-1.57144,0.0664051,-1.76047
0.00798786,0.00821429,0.0432723;-1.56247,0.0506023,-1.74232
0.00218655,0.00594082,0.0403747;-1.55799,0.0741393,-1.70474
-0.000576968,-0.00915824,0.0379007;-1.48757,0.233267,-1.67058
0.00121627,-0.0114134,0.0403651;-1.47356,0.231509,-1.69621
0.00301027,-0.00519443,0.0404651;-1.54105,0.17492,-1.72149
0.0154126,0.00846859,0.0388;-1.58228,0.0293164,-1.68726
0.0148851,0.0126294,0.0386219;-1.57077,-0.00412361,-1.69024
0.0112384,0.0148979,0.0383117;-1.54356,-0.0460187,-1.68957
0.00471907,0.0216759,0.0309715;-1.55018,-0.0900217,-1.59771
0.00411383,0.0214532,0.0322418;-1.52755,-0.0981863,-1.59912
0.00130189,0.026455,0.0330237;-1.54291,-0.170798,-1.62254
0.00275049,0.0333073,0.0347983;-1.5445,-0.237549,-1.64349
0.00712804,0.0347574,0.0375185;-1.53133,-0.205198,-1.66597
0.00627848,0.0304781,0.0395255;-1.46184,-0.183267,-1.63772
0.00562479,0.0175703,0.0440634;-1.3066,-0.0883981,-1.58674
0.00931612,0.0113479,0.0424902;-1.31167,0.00432707,-1.58585
0.0096546,0.0123573,0.0423983;-1.3419,0.0118981,-1.60554
0.00588209,0.0266459,0.0413864;-1.42011,-0.110189,-1.61927
0.00298743,0.0350943,0.0429661;-1.42672,-0.119923,-1.59968
0.000685691,0.0449313,0.0425794;-1.50181,-0.103687,-1.56282
0.00901806,0.0560749,0.0490486;-1.64145,-0.0328281,-1.57393
0.0127646,0.0554133,0.048017;-1.64769,-0.0454408,-1.59465
0.0168662,0.0657289,0.0421334;-1.76301,-0.100504,-1.60358
0.0176602,0.0700346,0.0376668;-1.75701,-0.148613,-1.60198
0.0154391,0.0687879,0.0346054;-1.69473,-0.144151,-1.59254
0.013786,0.0683205,0.0301027;-1.611,-0.124784,-1.57775
0.0125033,0.0673087,0.0287575;-1.5643,-0.0602644,-1.56836
0.0125384,0.0640321,0.0307499;-1.54886,-0.0216384,-1.59847
0.0143141,0.0609516,0.0329081;-1.55298,-0.0194738,-1.62898
0.0187028,0.0610033,0.0349259;-1.6115,-0.104714,-1.64255
0.0196748,0.0580722,0.036892;-1.62619,-0.0728914,-1.66102
0.0194713,0.0555255,0.0381327;-1.61753,-0.048012,-1.67493
0.00991828,0.0463379,0.032042;-1.55516,-0.032808,-1.61776
0.00565015,0.0412313,0.0326146;-1.4969,0.00118056,-1.58345
0.00591227,0.0376494,0.0339799;-1.45598,0.0388374,-1.57397
0.00935565,0.040095,0.0298515;-1.54407,0.0480775,-1.58005
0.0101892,0.0401837,0.0311519;-1.54343,0.0510859,-1.59743
0.00886552,0.0403694,0.0324028;-1.53586,0.0396458,-1.60906
0.00758499,0.0448212,0.033386;-1.53441,-0.00868009,-1.61223
0.00978055,0.0417075,0.0370767;-1.49162,0.0262388,-1.63518
0.0112875,0.0377008,0.04094;-1.42548,0.0490794,-1.65188
0.00837225,0.0429034,0.0395772;-1.48666,-0.0642673,-1.66844
0.00651075,0.0509854,0.0367878;-1.55418,-0.126995,-1.66216
0.0050152,0.0610428,0.0391245;-1.66918,-0.146454,-1.64067
0.00801281,0.0662128,0.0375028;-1.66567,-0.137152,-1.61916
0.00594368,0.0544054,0.0365289;-1.57525,-0.0568781,-1.63781
0.00708931,0.04124,0.0379334;-1.46527,0.0306631,-1.63636
0.00479219,0.0370307,0.0371706;-1.47385,0.0158782,-1.63554
-0.000634996,0.0442549,0.0329165;-1.55335,-0.0693879,-1.62153
-0.00349421,0.0504621,0.031148;-1.5997,-0.123859,-1.59524
-0.00236267,0.0507978,0.0309071;-1.61107,-0.109597,-1.58964
-0.00124089,0.0509593,0.031546;-1.62861,-0.0923287,-1.58546
0.00121091,0.0540798,0.0331522;-1.66137,-0.0788947,-1.5796
0.00574156,0.060949,0.0354842;-1.70929,-0.143979,-1.59873
0.00388301,0.0606802,0.0331236;-1.6334,-0.163458,-1.60933
0.00145421,0.0571034,0.0294381;-1.58259,-0.147916,-1.58622
0.00133293,0.0570231,0.0287019;-1.57056,-0.144009,-1.57669
0.00102154,0.0542008,0.0300606;-1.57148,-0.104984,-1.59637
-0.000492405,0.0472213,0.0319856;-1.56356,-0.0422451,-1.61443
0.0048145,0.0467331,0.0332307;-1.59409,-0.0688699,-1.62992
0.00784212,0.0490509,0.0347357;-1.59716,-0.123873,-1.64857
0.00684708,0.0454,0.0350683;-1.59744,-0.0971234,-1.64855
-0.000909103,0.0349574,0.031391;-1.58263,0.004124,-1.60892
-0.00339762,0.0306035,0.0308035;-1.57309,0.0574568,-1.60863
-0.00392664,0.0286686,0.0297618;-1.57031,0.0810052,-1.59294
-0.00280281,0.0250733,0.0308523;-1.5586,0.11439,-1.60344
-0.00263751,0.0278523,0.033194;-1.55837,0.0539884,-1.63363
-0.000385381,0.0338292,0.0358986;-1.56547,-0.0335302,-1.67115
0.00333058,0.0388775,0.0394455;-1.57864,-0.103615,-1.69559
-0.0021992,0.0353597,0.0395723;-1.63623,-0.0995348,-1.66746
-0.00709037,0.0254028,0.0328605;-1.54441,-0.0839551,-1.63128
-0.0130663,0.0219276,0.0301625;-1.54624,-0.0788925,-1.56411
-0.0134392,0.0218778,0.0305381;-1.53993,-0.103003,-1.56399
-0.0158966,0.0256652,0.0298283;-1.56031,-0.173741,-1.57156
-0.0159301,0.0436483,0.0296863;-1.58975,-0.337398,-1.58052
-0.011784,0.0478817,0.0321482;-1.64648,-0.314377,-1.5953
-0.00896401,0.0451522,0.0389133;-1.715,-0.245961,-1.58408
-0.0121064,0.0317655,0.0461877;-1.71713,-0.0797727,-1.54874
-0.0164128,0.0114179,0.0335593;-1.46413,-0.0477567,-1.58215
-0.0157505,0.00858808,0.0324821;-1.49956,-0.0219404,-1.57748
-0.017604,0.008024,0.0296842;-1.54652,-0.0351496,-1.56526
-0.0145448,0.00296425,0.0303617;-1.53589,0.0375033,-1.57987
-0.0139701,0.00284463,0.0323861;-1.51748,0.0363292,-1.59878
-0.0139701,0.00284463,0.0323861;-1.51748,0.0363292,-1.59878
-0.0145458,0.00423752,0.0334071;-1.51452,0.016623,-1.61766
-0.0145458,0.00423752,0.0334071;-1.51452,0.016623,-1.61766
