0,0,0.11;-1.57,-2.98023e-08,-1.57
0,0,0.11;-1.57,-2.98023e-08,-1.57
0,0,0.11;-1.57,-2.98023e-08,-1.57
0.000339087,0.00892258,0.0286602;-1.5697,-0.170977,-1.57386
-0.000301056,0.00698232,0.0285816;-1.57085,-0.101368,-1.57053
-0.00240772,-0.00140832,0.0304931;-1.59591,-0.029276,-1.56683
-0.00216589,-0.0307989,0.0358772;-1.43648,0.0438648,-1.56746
-0.0038463,-0.0202558,0.028763;-1.57035,-0.0860306,-1.58132
-0.00470051,-0.0176061,0.0287583;-1.56734,-0.160887,-1.57531
-0.00664704,-0.0157043,0.0286706;-1.57072,-0.256355,-1.57504
-0.00694107,-0.0154157,0.0285827;-1.57093,-0.280321,-1.57082
-0.00880743,-0.0195204,0.0304789;-1.59408,-0.203442,-1.56745
-0.00779295,-0.0428646,0.0377927;-1.54841,-0.103132,-1.55428
-0.00634563,-0.0554043,0.0330917;-1.48344,-0.1265,-1.55364
-0.00900056,-0.0462402,0.0286416;-1.57085,-0.219099,-1.57464
-0.00933804,-0.043455,0.0286107;-1.57066,-0.290154,-1.57197
-0.00958041,-0.0420063,0.0285797;-1.57078,-0.347488,-1.57071
-0.010987,-0.0423067,0.0291946;-1.57895,-0.278544,-1.56748
-0.011335,-0.0547275,0.0346393;-1.61626,-0.197707,-1.56433
-0.00703068,-0.0849465,0.0365922;-1.42851,-0.104892,-1.54053
-0.00759661,-0.0838708,0.033392;-1.47674,-0.13388,-1.55429
-0.00806803,-0.0765895,0.0286264;-1.57061,-0.208121,-1.5745
-0.00946425,-0.0729096,0.0285978;-1.56995,-0.358607,-1.57113
-0.00960496,-0.0727021,0.0285805;-1.57089,-0.36914,-1.57074
-0.0108145,-0.0750416,0.0300825;-1.58466,-0.320566,-1.56239
-0.011015,-0.0946757,0.0360258;-1.56854,-0.210872,-1.5583
-0.00968337,-0.104821,0.0305424;-1.52259,-0.23791,-1.55823
-0.0105178,-0.101077,0.0286786;-1.56826,-0.27589,-1.57233
-0.0106587,-0.10097,0.0286491;-1.56895,-0.277961,-1.57184
-0.0106749,-0.100791,0.0285804;-1.57082,-0.282819,-1.57081
-0.0114692,-0.107205,0.0317963;-1.59316,-0.21283,-1.55831
-0.00792757,-0.130115,0.0405155;-1.48489,-0.109313,-1.54411
-0.0066501,-0.140735,0.0357345;-1.42662,-0.141493,-1.54462
-0.00903569,-0.13112,0.0285812;-1.5708,-0.217698,-1.57079
-0.00927569,-0.13079,0.0287302;-1.56457,-0.228507,-1.57042
-0.00948394,-0.130363,0.0286396;-1.56786,-0.248376,-1.57011
-0.0104569,-0.131941,0.0294812;-1.57162,-0.20395,-1.56084
-0.0105266,-0.151267,0.0356359;-1.55606,-0.0979849,-1.55372
-0.00771536,-0.173923,0.0384135;-1.43142,-0.0634848,-1.54859
-0.0131441,-0.162829,0.0285643;-1.56947,-0.185399,-1.57135
-0.013111,-0.161698,0.0286224;-1.5699,-0.201198,-1.57171
-0.0130121,-0.162008,0.0287292;-1.56501,-0.192612,-1.57121
-0.0130214,-0.1624,0.0286884;-1.56989,-0.146203,-1.56597
-0.0145705,-0.171449,0.0314811;-1.58575,-0.0835203,-1.55628
-0.0121034,-0.199477,0.0399166;-1.45167,0.017429,-1.55593
-0.0170615,-0.19776,0.0284895;-1.57513,-0.107515,-1.57127
-0.0166874,-0.195944,0.0285786;-1.57083,-0.154563,-1.57086
-0.0166521,-0.196083,0.0287831;-1.56181,-0.155509,-1.57026
-0.016954,-0.197517,0.0286186;-1.57099,-0.0646295,-1.56867
-0.0196416,-0.210729,0.0304988;-1.57325,0.00165132,-1.55566
-0.0214351,-0.235929,0.0384159;-1.40479,0.0642733,-1.56101
-0.0256963,-0.229671,0.0285133;-1.57539,-0.0455689,-1.57099
-0.025778,-0.228239,0.0285807;-1.56702,-0.0753734,-1.5706
-0.0260975,-0.228159,0.0285799;-1.57077,-0.0928008,-1.57075
-0.0261004,-0.229053,0.0285958;-1.5707,-0.0490598,-1.57003
-0.0278619,-0.237595,0.0301757;-1.56863,0.0161061,-1.55595
-0.0299255,-0.26487,0.0376493;-1.43178,0.105219,-1.56272
-0.031308,-0.270072,0.0319344;-1.50355,0.0728144,-1.57387
-0.0315609,-0.266042,0.0286558;-1.5709,0.0344513,-1.57442
-0.0318478,-0.264179,0.0285792;-1.57077,-0.0255363,-1.57081
-0.0319636,-0.263652,0.02858;-1.57074,-0.0498133,-1.57084
-0.0316472,-0.266501,0.0289294;-1.56334,0.0130562,-1.56751
-0.032109,-0.283864,0.0335991;-1.49199,0.0897276,-1.56618
-0.0303951,-0.293017,0.0359108;-1.44313,0.10922,-1.57581
-0.0317566,-0.291337,0.0317251;-1.5059,0.0736487,-1.57753
-0.03293,-0.286116,0.0286948;-1.56836,0.00619576,-1.57373
-0.034308,-0.282782,0.0285779;-1.57089,-0.120344,-1.5707
-0.0341625,-0.284276,0.0286385;-1.57081,-0.0735946,-1.57367
-0.0343001,-0.293723,0.0294784;-1.56308,0.00704592,-1.56887
-0.0306009,-0.320106,0.0385277;-1.42054,0.114664,-1.55989
-0.033253,-0.323674,0.036125;-1.42434,0.0564582,-1.5746
-0.037313,-0.313907,0.0292565;-1.55112,-0.0185237,-1.57878
-0.0385567,-0.307666,0.0285807;-1.57055,-0.1882,-1.57064
-0.0380504,-0.309105,0.0286513;-1.57127,-0.143008,-1.57455
-0.0377401,-0.313024,0.0289212;-1.56566,-0.0846988,-1.57388
-0.0332502,-0.346105,0.0401724;-1.40367,0.0452337,-1.54018
-0.0354313,-0.350548,0.0377457;-1.40123,-0.0130315,-1.55822
-0.0388517,-0.345672,0.0316831;-1.50778,-0.0542146,-1.56952
-0.0402965,-0.339677,0.0285805;-1.57091,-0.158438,-1.57095
-0.0404059,-0.339445,0.0287221;-1.57061,-0.174406,-1.57751
-0.0395663,-0.341219,0.0288793;-1.56048,-0.135204,-1.57324
-0.0336891,-0.3637,0.0401787;-1.4024,-0.0195946,-1.53168
-0.0350517,-0.367711,0.0383398;-1.4002,-0.0704374,-1.54763
-0.037285,-0.364351,0.0330968;-1.47699,-0.0986183,-1.56785
-0.044136,-0.350079,0.0286436;-1.57073,-0.303955,-1.57372
-0.044445,-0.349612,0.028766;-1.56989,-0.337622,-1.57872
-0.0436253,-0.351301,0.0289441;-1.56549,-0.308307,-1.58143
-0.0343893,-0.378502,0.0398183;-1.36851,-0.17469,-1.5221
-0.032049,-0.386199,0.0405735;-1.33896,-0.182031,-1.52562
-0.035285,-0.382185,0.0361559;-1.41998,-0.222728,-1.5415
-0.0469395,-0.364915,0.0287568;-1.56805,-0.440935,-1.57551
-0.0477699,-0.36446,0.0290003;-1.55851,-0.474213,-1.57423
-0.047906,-0.364386,0.0289988;-1.5618,-0.479983,-1.57872
-0.0426651,-0.385707,0.0356561;-1.48804,-0.323371,-1.5521
-0.0353747,-0.404759,0.0386492;-1.39321,-0.273896,-1.53733
-0.0345236,-0.406132,0.0385768;-1.39259,-0.27315,-1.53612
-0.0435342,-0.395367,0.0296843;-1.55036,-0.375893,-1.5764
-0.0473083,-0.391901,0.0288315;-1.56532,-0.446618,-1.57545
-0.0454424,-0.39357,0.0291507;-1.5584,-0.399004,-1.58183
-0.0401849,-0.398969,0.0305764;-1.53865,-0.313324,-1.57558
-0.0286162,-0.414028,0.0391385;-1.40193,-0.248252,-1.51789
-0.0288216,-0.417646,0.0379806;-1.40241,-0.254401,-1.53956
-0.031028,-0.415673,0.0329981;-1.49254,-0.274312,-1.56972
-0.0418179,-0.404494,0.0288802;-1.56356,-0.444375,-1.57547
-0.0424021,-0.403962,0.0290753;-1.55824,-0.466283,-1.57761
-0.0397265,-0.406028,0.029364;-1.55614,-0.41928,-1.58158
-0.0241612,-0.425567,0.039713;-1.4021,-0.297995,-1.50102
-0.0208716,-0.433092,0.0377522;-1.4038,-0.300924,-1.52456
-0.0208499,-0.435083,0.0338159;-1.47154,-0.282839,-1.5564
-0.031067,-0.425707,0.0289761;-1.55949,-0.421085,-1.57471
-0.0325786,-0.424481,0.0291701;-1.55188,-0.455518,-1.5736
-0.0317784,-0.424776,0.0292321;-1.54991,-0.440991,-1.57434
-0.0184458,-0.43741,0.0386052;-1.40568,-0.322327,-1.50262
-0.014592,-0.445772,0.037607;-1.39753,-0.323831,-1.51035
-0.0138584,-0.44821,0.0350511;-1.43579,-0.31191,-1.53153
-0.0184006,-0.444169,0.0289985;-1.55923,-0.35721,-1.57587
-0.021627,-0.441492,0.0286932;-1.57105,-0.470335,-1.57665
-0.0220597,-0.439871,0.0286022;-1.57091,-0.527226,-1.57206
-0.0180529,-0.441817,0.0342169;-1.48545,-0.449852,-1.51225
-0.0144758,-0.443796,0.0367097;-1.4431,-0.434971,-1.49139
-0.011756,-0.446488,0.0343481;-1.45229,-0.447945,-1.5173
-0.0119838,-0.445826,0.0289276;-1.5621,-0.424712,-1.57589
-0.0122053,-0.445802,0.0287409;-1.57071,-0.427772,-1.57845
-0.0129624,-0.444923,0.0287187;-1.57004,-0.462124,-1.57646
-0.0106477,-0.445394,0.031124;-1.51865,-0.416236,-1.54202
-0.00965838,-0.44671,0.036712;-1.43095,-0.415857,-1.48928
-0.00782828,-0.446543,0.0362316;-1.43038,-0.415991,-1.49954
-0.00793137,-0.446537,0.0291355;-1.55059,-0.419691,-1.57054
-0.00926816,-0.445876,0.0289581;-1.56285,-0.441053,-1.57836
-0.0105378,-0.445044,0.0288082;-1.56822,-0.470148,-1.57824
-0.00861587,-0.445332,0.0297735;-1.53633,-0.440647,-1.55663
-0.00720042,-0.44635,0.0351457;-1.44829,-0.428013,-1.5062
-0.00578528,-0.44685,0.037477;-1.41015,-0.433303,-1.48304
-0.0054474,-0.448115,0.0291903;-1.54922,-0.441624,-1.5712
-0.00753459,-0.4473,0.0290687;-1.55718,-0.472193,-1.57582
-0.0125262,-0.443839,0.0289672;-1.56223,-0.550861,-1.57771
-0.0117746,-0.443324,0.0291635;-1.5508,-0.545492,-1.5702
-0.00662996,-0.445908,0.0339539;-1.45748,-0.496903,-1.50965
-0.00486515,-0.446972,0.0386758;-1.38779,-0.491658,-1.45952
-0.00519477,-0.44946,0.0319331;-1.48098,-0.539215,-1.52924
-0.00572494,-0.448443,0.029071;-1.55887,-0.523542,-1.57799
-0.00533818,-0.448847,0.0288974;-1.5648,-0.510325,-1.57799
-0.00754955,-0.447105,0.0292161;-1.54894,-0.561699,-1.57141
-0.00393759,-0.448146,0.0330084;-1.47363,-0.520503,-1.51827
-0.00332431,-0.449249,0.0380152;-1.39176,-0.514915,-1.4605
-0.00328373,-0.451169,0.0372369;-1.37172,-0.554372,-1.46991
-0.00838061,-0.448476,0.0342556;-1.45121,-0.597766,-1.52085
-0.011899,-0.446596,0.0291029;-1.55237,-0.615248,-1.56999
-0.0158352,-0.444603,0.0289798;-1.55955,-0.726023,-1.574
-0.0105503,-0.447735,0.0310454;-1.51917,-0.645639,-1.5505
0.000888684,-0.453125,0.036775;-1.41046,-0.571313,-1.48263
0.00877863,-0.45455,0.0377631;-1.37784,-0.604334,-1.47715
0.00639839,-0.454145,0.0374175;-1.39906,-0.627395,-1.50089
0.000486609,-0.451462,0.0326974;-1.51121,-0.665158,-1.57094
-0.00724337,-0.44763,0.0291533;-1.5496,-0.7572,-1.56821
-0.00376899,-0.449077,0.0295944;-1.55278,-0.695145,-1.57608
0.00684986,-0.453906,0.0349954;-1.4462,-0.596504,-1.50867
0.0137692,-0.457011,0.0379607;-1.37255,-0.608778,-1.46605
0.0126243,-0.45791,0.0377532;-1.37547,-0.62383,-1.47998
0.00890495,-0.456564,0.0348133;-1.45997,-0.650768,-1.53615
0.00161806,-0.452688,0.0288782;-1.55961,-0.715996,-1.57174
0.00283422,-0.452851,0.0290994;-1.5543,-0.704173,-1.5761
0.00962607,-0.455537,0.0317487;-1.5084,-0.622146,-1.54657
0.014967,-0.459177,0.0379132;-1.37735,-0.621214,-1.4588
0.014746,-0.46086,0.0378803;-1.36757,-0.64265,-1.46632
0.010431,-0.458798,0.0342473;-1.45589,-0.674601,-1.52691
0.00291453,-0.455677,0.0288426;-1.56249,-0.725307,-1.57313
0.00319043,-0.455826,0.0290898;-1.55122,-0.721836,-1.56972
0.00471739,-0.455747,0.029508;-1.54409,-0.694816,-1.56754
0.0161467,-0.460072,0.03881;-1.36795,-0.628335,-1.44339
0.0181356,-0.461854,0.0383519;-1.35813,-0.655812,-1.45221
0.014037,-0.460333,0.0355981;-1.41515,-0.704238,-1.49945
0.00332862,-0.455301,0.0289912;-1.55695,-0.789564,-1.57128
0.00339224,-0.455458,0.0290755;-1.55459,-0.786272,-1.57216
0.00554627,-0.456243,0.0292985;-1.54868,-0.756627,-1.57177
0.0188801,-0.461916,0.0382199;-1.3716,-0.643998,-1.44456
0.0234536,-0.465729,0.0379744;-1.35809,-0.655961,-1.44236
0.0212101,-0.465442,0.0367923;-1.3789,-0.689779,-1.46608
0.0072906,-0.4594,0.0290271;-1.55535,-0.812875,-1.57035
0.00632477,-0.459415,0.0289343;-1.55806,-0.82578,-1.56971
0.00603133,-0.459008,0.0287;-1.56999,-0.833079,-1.57539
0.00603133,-0.459008,0.0287;-1.56999,-0.833079,-1.57539
0.00990451,-0.460886,0.0299297;-1.53947,-0.773052,-1.55588
0.00990451,-0.460886,0.0299297;-1.53947,-0.773052,-1.55588
