0,0,0.11;-1.57,-2.98023e-08,-1.57
0,0,0.11;-1.57,-2.98023e-08,-1.57
0,0,0.11;-1.57,-2.98023e-08,-1.57
0.000121202,0.0058624,0.02861;-1.5692,-0.124553,-1.57103
2.58489e-05,0.00510595,0.02858;-1.57072,-0.0881303,-1.57071
-0.00132699,0.000760534,0.0295974;-1.5763,-0.0310433,-1.5636
-0.00276361,-0.0241323,0.0349418;-1.45499,0.007477,-1.56476
-0.00468523,-0.0165839,0.0286244;-1.5712,-0.117281,-1.57344
-0.00490782,-0.0165095,0.0287744;-1.56388,-0.137209,-1.5723
-0.00530111,-0.0158339,0.0285818;-1.57071,-0.162707,-1.5709
-0.00459744,-0.018116,0.0285794;-1.57091,-0.0644667,-1.57073
-0.00541217,-0.0228563,0.0293224;-1.56783,0.00341517,-1.56716
-0.00579434,-0.0440362,0.0352503;-1.48819,0.0949348,-1.5618
-0.00589015,-0.0527427,0.0317789;-1.50538,0.042166,-1.56792
-0.00652509,-0.0474117,0.0285116;-1.56888,-0.0178897,-1.57135
-0.00606322,-0.0466633,0.0286235;-1.56874,-0.0164786,-1.57076
-0.00601273,-0.0486407,0.0285792;-1.57075,0.0582029,-1.57074
-0.00717941,-0.0500874,0.0290163;-1.57048,0.12249,-1.56547
-0.011207,-0.0659462,0.0341825;-1.54182,0.209371,-1.56042
-0.0120973,-0.0806729,0.0377375;-1.40795,0.219146,-1.58368
-0.0128789,-0.0777083,0.0329679;-1.48164,0.173542,-1.57965
-0.0121885,-0.0717567,0.0285556;-1.57101,0.124575,-1.57176
-0.0121028,-0.0725109,0.0285798;-1.5708,0.159236,-1.57082
-0.0122413,-0.0726158,0.0285971;-1.57114,0.207769,-1.56955
-0.0155342,-0.076942,0.030458;-1.58882,0.2731,-1.55458
-0.0222366,-0.0975953,0.0332995;-1.48127,0.305091,-1.57602
-0.023351,-0.0985857,0.0318062;-1.50155,0.261931,-1.58382
-0.021996,-0.0947481,0.0288194;-1.56079,0.198195,-1.57434
-0.0220259,-0.0948406,0.0286721;-1.56635,0.199071,-1.57189
-0.0220488,-0.0953495,0.0285789;-1.57057,0.236934,-1.57098
-0.0300615,-0.110386,0.0314586;-1.54487,0.350484,-1.56188
-0.035937,-0.130402,0.0380335;-1.40161,0.392249,-1.60951
-0.0387893,-0.133056,0.0350817;-1.43973,0.337556,-1.60528
-0.0385959,-0.126251,0.0285804;-1.57066,0.257193,-1.5707
-0.0389254,-0.126312,0.0287136;-1.56418,0.248718,-1.57234
-0.0387531,-0.126405,0.0286543;-1.56752,0.26747,-1.57121
-0.0398743,-0.129019,0.0293632;-1.5601,0.386015,-1.56589
-0.0478454,-0.14649,0.0342636;-1.47596,0.475595,-1.59375
-0.0524874,-0.159404,0.0365976;-1.4126,0.463624,-1.62683
-0.0518563,-0.153527,0.0285697;-1.57143,0.394517,-1.57056
-0.0515244,-0.153528,0.0287861;-1.5599,0.407368,-1.5748
-0.0513267,-0.153505,0.0286888;-1.56511,0.414828,-1.57302
-0.0513776,-0.153808,0.0287823;-1.56939,0.516852,-1.56172
-0.0596953,-0.162353,0.0310909;-1.55726,0.601659,-1.55727
-0.0722425,-0.182929,0.0383832;-1.38402,0.674553,-1.65251
-0.0732969,-0.183601,0.0286031;-1.58099,0.598974,-1.56357
-0.0725737,-0.182963,0.0285623;-1.57027,0.575422,-1.57029
-0.0723181,-0.182939,0.0287669;-1.55999,0.584499,-1.57664
-0.0721279,-0.183329,0.0287261;-1.57123,0.650171,-1.56307
-0.0789266,-0.188791,0.0305269;-1.58054,0.704074,-1.54422
-0.0966136,-0.209905,0.0376659;-1.38626,0.796018,-1.66766
-0.0979675,-0.214557,0.0286047;-1.58316,0.745162,-1.56285
-0.0966679,-0.213907,0.0285785;-1.57065,0.699542,-1.57057
-0.0967154,-0.213846,0.0287758;-1.55865,0.691942,-1.57864
-0.096587,-0.214086,0.0287007;-1.57118,0.739764,-1.56446
-0.103777,-0.218267,0.030548;-1.57732,0.80257,-1.54513
-0.123175,-0.236533,0.0375709;-1.36418,0.89398,-1.70221
-0.128866,-0.24048,0.0294021;-1.54123,0.821223,-1.58832
-0.128074,-0.239249,0.0285775;-1.57088,0.759813,-1.57084
-0.128517,-0.239179,0.0287612;-1.55905,0.734857,-1.57856
-0.128718,-0.239439,0.0286062;-1.57027,0.766493,-1.56982
-0.131469,-0.2404,0.0294985;-1.56369,0.829559,-1.56569
-0.148348,-0.252912,0.0346833;-1.44722,0.931922,-1.64888
-0.160957,-0.262468,0.0337666;-1.41679,0.897963,-1.68426
-0.159574,-0.258761,0.0286647;-1.56748,0.84686,-1.5712
-0.158902,-0.258371,0.0285767;-1.57119,0.79756,-1.57046
-0.158869,-0.258387,0.0285801;-1.57075,0.806755,-1.57081
-0.158338,-0.258587,0.0286654;-1.57099,0.860891,-1.56617
-0.164219,-0.261762,0.0300548;-1.55845,0.955824,-1.56872
-0.195144,-0.286621,0.0379559;-1.26387,1.04332,-1.814
-0.195713,-0.285026,0.0337914;-1.3857,0.998821,-1.721
-0.190823,-0.281288,0.0285594;-1.56835,0.960539,-1.57125
-0.189974,-0.28147,0.0287336;-1.55742,0.986853,-1.58194
-0.189787,-0.281975,0.0285785;-1.57112,1.03709,-1.57023
-0.190495,-0.28149,0.0290364;-1.57235,1.09759,-1.55987
-0.232278,-0.298692,0.0405125;-1.01672,1.24232,-2.05828
-0.241397,-0.302456,0.038443;-1.06666,1.19837,-2.02858
-0.23373,-0.299782,0.029624;-1.50036,1.2077,-1.63407
-0.231661,-0.299823,0.0287788;-1.54691,1.17565,-1.59328
-0.231716,-0.30012,0.0285761;-1.57116,1.20912,-1.57046
-0.232001,-0.299929,0.0287506;-1.57259,1.23242,-1.55993
-0.269742,-0.30893,0.0391196;-0.801532,1.34967,-2.29227
-0.282689,-0.311888,0.0370398;-0.927787,1.30552,-2.18799
-0.27518,-0.307407,0.0290977;-1.51144,1.29339,-1.62508
-0.274192,-0.306979,0.0287473;-1.54932,1.1882,-1.59061
-0.27419,-0.30696,0.0285813;-1.57074,1.2127,-1.57055
-0.274383,-0.30715,0.0287071;-1.57175,1.25164,-1.5631
-0.308822,-0.314732,0.0378709;-0.801388,1.39436,-2.29984
-0.323666,-0.31823,0.0358835;-0.937681,1.34526,-2.18155
-0.317474,-0.31471,0.0294257;-1.47811,1.33327,-1.65787
-0.31583,-0.314937,0.0287566;-1.53715,1.31249,-1.60331
-0.315302,-0.315707,0.0285536;-1.57739,1.37425,-1.56436
-0.315592,-0.315895,0.0286555;-1.56714,1.39591,-1.5707
-0.34163,-0.318228,0.0358837;0.174024,1.47755,2.99144
-0.357813,-0.32035,0.0353235;-0.178282,1.4433,-2.95432
-0.355419,-0.319793,0.0329192;-0.371924,1.48198,-2.76129
-0.350717,-0.318452,0.0286356;-1.54581,1.46625,-1.59543
-0.350746,-0.318925,0.0287502;-1.45253,1.501,-1.68875
-0.350549,-0.319127,0.0285782;-1.5437,1.5359,-1.59727
-0.352132,-0.318085,0.0291917;1.53366,1.54483,1.6192
-0.392495,-0.314382,0.0381682;0.856346,1.33562,2.29965
-0.394911,-0.313141,0.0349507;0.819567,1.39316,2.32281
-0.388521,-0.313326,0.0286128;1.59495,1.4828,1.55021
-0.388008,-0.313771,0.0287248;1.49692,1.47623,1.64441
-0.388162,-0.313986,0.0285752;1.5698,1.44941,1.572
-0.388283,-0.313848,0.0287504;1.57824,1.42336,1.57189
-0.42604,-0.302919,0.0388531;1.11144,1.21552,2.03837
-0.437725,-0.299869,0.0368335;1.0459,1.25818,2.08265
-0.429707,-0.300523,0.0284727;1.60496,1.34661,1.53987
-0.429633,-0.300788,0.0287581;1.521,1.39857,1.61998
-0.429548,-0.301273,0.0285668;1.57426,1.35894,1.56748
-0.429527,-0.301465,0.0287163;1.57223,1.32219,1.57623
-0.459774,-0.289315,0.0376392;1.28867,1.10806,1.85611
-0.473317,-0.284788,0.036364;1.20618,1.14832,1.91423
-0.466539,-0.285863,0.0286844;1.56448,1.22186,1.57944
-0.465913,-0.286221,0.0287625;1.54112,1.27196,1.59924
-0.46601,-0.286244,0.0286109;1.56687,1.25649,1.57491
-0.466027,-0.286138,0.028623;1.5708,1.23084,1.57308
-0.490601,-0.27278,0.0354915;1.37782,1.0567,1.76219
-0.506158,-0.26605,0.0366228;1.27906,1.05281,1.84003
-0.503921,-0.263847,0.0322663;1.40115,1.1304,1.72991
-0.499969,-0.264015,0.0287289;1.55085,1.22937,1.59017
-0.499982,-0.263826,0.0286961;1.55397,1.23237,1.58672
-0.499917,-0.264114,0.0285793;1.57027,1.20635,1.57124
-0.509282,-0.257595,0.0310552;1.51694,1.06931,1.63133
-0.533524,-0.247134,0.037583;1.34804,0.970372,1.78517
-0.543796,-0.241115,0.0352362;1.33222,1.01985,1.78322
-0.537649,-0.243562,0.0285827;1.57143,1.08962,1.57042
-0.537866,-0.244136,0.0287486;1.55391,1.07284,1.58573
-0.538009,-0.244819,0.0287161;1.55934,1.03239,1.58175
-0.539376,-0.243202,0.0294332;1.56322,0.902448,1.58652
-0.55571,-0.228329,0.0343877;1.46795,0.794817,1.66512
-0.573215,-0.21576,0.0371386;1.36781,0.764336,1.73127
-0.568394,-0.218282,0.0286025;1.57226,0.856824,1.57177
-0.5684,-0.218935,0.0287168;1.56101,0.851121,1.57875
-0.568859,-0.219278,0.0287343;1.55981,0.832678,1.57887
-0.568867,-0.219417,0.0288057;1.57015,0.733348,1.5807
-0.57461,-0.208977,0.0313346;1.56884,0.63858,1.59547
-0.591699,-0.188066,0.039438;1.39194,0.524055,1.70052
-0.593977,-0.184894,0.0286829;1.57537,0.619162,1.57002
-0.594021,-0.18567,0.0285773;1.571,0.652769,1.57068
-0.594112,-0.185567,0.0287507;1.56057,0.65662,1.57699
-0.594219,-0.185805,0.0287375;1.57115,0.583926,1.57875
-0.59678,-0.177785,0.0307275;1.5743,0.508455,1.59204
-0.610127,-0.156009,0.0381776;1.42333,0.394845,1.66254
-0.611407,-0.150418,0.0284941;1.57878,0.497869,1.5696
-0.610867,-0.152452,0.0285724;1.57053,0.541182,1.57163
-0.610993,-0.152371,0.0287792;1.55971,0.538002,1.57656
-0.611541,-0.152704,0.0287044;1.57103,0.454816,1.57694
-0.612012,-0.146033,0.0306503;1.58145,0.379118,1.58731
-0.621415,-0.120512,0.0373842;1.45202,0.267873,1.63711
-0.625691,-0.111725,0.0319456;1.50301,0.312759,1.59843
-0.625262,-0.114748,0.028522;1.56905,0.343476,1.57098
-0.625522,-0.114846,0.0287916;1.56066,0.335652,1.57372
-0.626174,-0.115185,0.0285782;1.57068,0.297839,1.57093
-0.625554,-0.114109,0.0292058;1.57287,0.252445,1.58086
-0.627863,-0.0956183,0.0323283;1.56358,0.159123,1.59811
-0.635302,-0.0630264,0.037739;1.40604,0.121301,1.60953
-0.635102,-0.0708619,0.028679;1.57839,0.150716,1.57356
-0.635263,-0.0715059,0.0285775;1.57078,0.172299,1.57074
-0.635987,-0.0715557,0.0286444;1.5677,0.135394,1.57125
-0.636017,-0.0716442,0.0286671;1.57079,0.104991,1.575
-0.634289,-0.0650073,0.0303275;1.57984,0.0510741,1.58819
-0.635438,-0.0190326,0.0396403;1.37653,-0.045496,1.58451
-0.635102,-0.0222589,0.0330365;1.48352,-0.0118588,1.57489
-0.63561,-0.0262639,0.0285543;1.57095,0.0226307,1.57067
-0.635692,-0.0261146,0.0287192;1.56427,0.027878,1.57082
-0.635928,-0.0261899,0.0285772;1.57065,0.00126621,1.57086
-0.635206,-0.0252434,0.0289622;1.56931,-0.0403501,1.58068
-0.63012,0.0167485,0.0390192;1.40633,-0.218064,1.56899
-0.628934,0.0239279,0.0363669;1.42172,-0.167791,1.55453
-0.629543,0.0165195,0.0286788;1.57114,-0.125888,1.57599
-0.629725,0.0160162,0.0287314;1.5635,-0.103645,1.57014
-0.630291,0.0161372,0.0285776;1.57074,-0.154531,1.57089
-0.630416,0.015819,0.0287294;1.57127,-0.199044,1.57864
-0.619294,0.0472689,0.0383522;1.42192,-0.39297,1.54979
-0.615665,0.059693,0.0377264;1.39163,-0.343939,1.52261
-0.617274,0.0516174,0.0285914;1.57526,-0.306368,1.574
-0.618248,0.0502964,0.0288075;1.56026,-0.277669,1.56728
-0.618597,0.050511,0.0286049;1.56956,-0.314866,1.57043
-0.618549,0.050337,0.0287017;1.5712,-0.346308,1.57735
-0.618549,0.050337,0.0287017;1.5712,-0.346308,1.57735
-0.61312,0.0572955,0.0306553;1.58104,-0.415117,1.59449
-0.61312,0.0572955,0.0306553;1.58104,-0.415117,1.59449
