0,0,0.11;-1.57,-2.98023e-08,-1.57
0,0,0.11;-1.57,-2.98023e-08,-1.57
0,0,0.11;-1.57,-2.98023e-08,-1.57
-0.000237551,0.000653148,0.0285899;-1.57075,-0.142287,-1.57129
-0.000270116,0.000764323,0.0285841;-1.57107,-0.135634,-1.57033
-0.000356872,0.00166478,0.0287543;-1.57141,-0.122537,-1.56297
5.66145e-05,0.00893197,0.03032;-1.58516,-0.0613982,-1.55299
0.000264905,0.0117149,0.0286113;-1.56938,-0.0713037,-1.57044
-0.000293349,0.0113657,0.0286425;-1.56766,-0.101482,-1.57035
-0.000519028,0.0113179,0.0285815;-1.5707,-0.110428,-1.57073
-0.000418844,0.01151,0.028653;-1.57087,-0.104578,-1.56732
-0.000423964,0.0118703,0.0287705;-1.56918,-0.0972907,-1.56304
-0.000945469,0.0137451,0.0303836;-1.57819,-0.0750068,-1.54851
0.000762868,0.0201566,0.0296221;-1.57978,-0.0258123,-1.55924
0.00139158,0.0212062,0.0286678;-1.57088,-0.0226712,-1.56659
0.00134972,0.0215273,0.0286412;-1.56714,-0.015057,-1.57082
0.00105462,0.0211779,0.0286968;-1.56382,-0.0354647,-1.57074
0.00110232,0.0211274,0.0287333;-1.57088,-0.0419355,-1.5634
0.000725729,0.0203869,0.0293198;-1.57436,-0.0507065,-1.55598
0.000676649,0.0198942,0.0314914;-1.58716,-0.0533202,-1.53706
0.00184646,0.019082,0.0300845;-1.58114,-0.0857065,-1.54933
0.00196153,0.0187877,0.0286896;-1.57058,-0.092849,-1.5652
0.00202845,0.0187844,0.028865;-1.554,-0.0790929,-1.56878
0.00192743,0.0188844,0.0289762;-1.55103,-0.0806909,-1.5658
0.00215551,0.0191551,0.029851;-1.56884,-0.078804,-1.54851
0.00208758,0.0153927,0.0322257;-1.57806,-0.10061,-1.52501
0.00397065,0.00944461,0.0346679;-1.53387,-0.126361,-1.54979
0.00218542,0.00591666,0.0323241;-1.50826,-0.173816,-1.57329
0.00156868,0.00708409,0.0303866;-1.52628,-0.180583,-1.56366
0.00101396,0.00560693,0.0330809;-1.48217,-0.176723,-1.55809
0.000927953,0.00538378,0.036171;-1.4307,-0.152605,-1.55261
0.000596289,0.00278069,0.0398166;-1.37365,-0.138123,-1.55681
0.000648823,-0.00136603,0.0437453;-1.32001,-0.123867,-1.5727
0.00109888,-0.000679181,0.0427836;-1.3753,-0.152593,-1.59897
0.000913472,0.00046885,0.041065;-1.40049,-0.163443,-1.59118
0.000440959,-0.000354532,0.0414202;-1.38728,-0.166601,-1.5865
0.00135429,-0.00178044,0.0455069;-1.35277,-0.137975,-1.61433
0.00130703,-0.00270742,0.0462111;-1.32795,-0.137733,-1.60317
0.000993036,-0.00369319,0.0476582;-1.2868,-0.119469,-1.60422
0.00726284,0.00130522,0.0499873;-1.28347,-0.0717139,-1.64682
0.00757134,0.00252669,0.0477223;-1.32741,-0.0939484,-1.64245
0.00676892,0.00254011,0.04631;-1.35547,-0.116723,-1.6375
0.00662629,0.00207174,0.0464412;-1.37969,-0.111695,-1.65243
0.00690057,0.00128758,0.0471991;-1.35615,-0.0987989,-1.64643
0.00578699,0.000111902,0.0472995;-1.32446,-0.0983918,-1.62676
0.00858753,-0.00218228,0.0487725;-1.33084,-0.0749094,-1.66593
0.010092,-0.000126441,0.0463257;-1.38257,-0.0771978,-1.67163
0.0107493,0.0041364,0.0432774;-1.435,-0.083129,-1.6678
0.00844044,0.00353483,0.0421574;-1.45943,-0.0852388,-1.65341
0.00710886,0.00283347,0.0432258;-1.43496,-0.0451953,-1.6457
0.00447348,0.00196855,0.0440777;-1.41399,-0.0304196,-1.63643
0.0068948,-0.00176115,0.0435845;-1.46682,-0.0820401,-1.63168
0.0107653,-0.00215032,0.0413942;-1.49439,-0.115356,-1.65474
0.0132743,-0.00380245,0.0390888;-1.5051,-0.14927,-1.67101
0.0126849,-0.00649423,0.0392223;-1.47976,-0.163393,-1.6488
0.0126162,-0.00686426,0.0404294;-1.45068,-0.157867,-1.63587
0.0116789,-0.00780511,0.0409528;-1.43875,-0.16677,-1.61733
0.0084928,-0.00851368,0.046859;-1.51664,-0.163174,-1.57815
0.0112039,-0.000246215,0.047285;-1.48557,-0.121614,-1.5934
0.0129408,0.00733537,0.0425566;-1.47353,-0.0798617,-1.61872
0.00999138,0.00252851,0.0395412;-1.47619,-0.103416,-1.63146
0.0101177,-0.00244872,0.0391784;-1.47826,-0.154518,-1.62292
0.00804251,-0.00489762,0.040567;-1.45154,-0.151101,-1.61183
0.000353767,3.41117e-05,0.0416676;-1.41806,-0.100102,-1.58463
0.001479,-0.00100148,0.0447499;-1.40974,-0.102132,-1.5782
0.00407008,-0.000222204,0.0413361;-1.42836,-0.111998,-1.59613
0.00487155,0.00151047,0.0394299;-1.45818,-0.135651,-1.61577
0.00419909,0.000675029,0.0395013;-1.44519,-0.158913,-1.60322
0.0020667,-0.00143359,0.0405472;-1.42544,-0.154952,-1.59395
-0.00600977,-0.00460192,0.0429854;-1.35196,-0.147351,-1.55809
-0.00599545,-0.0065619,0.046403;-1.26615,-0.122171,-1.53317
-0.00514709,-0.00619225,0.0444179;-1.28866,-0.109074,-1.56159
-0.00373794,-0.00309643,0.0411045;-1.38917,-0.135606,-1.58247
-0.00529015,-0.00361894,0.0417431;-1.37051,-0.145342,-1.56676
-0.00718527,-0.00466748,0.0432585;-1.34498,-0.150397,-1.5571
-0.0127472,-0.0101141,0.0457918;-1.28299,-0.177569,-1.52769
-0.00825741,-0.013693,0.0471578;-1.24802,-0.171433,-1.51426
-0.00298942,-0.0162858,0.0482322;-1.24266,-0.175256,-1.5152
-0.000897082,-0.00925032,0.0449485;-1.30699,-0.109908,-1.55896
-0.0016987,-0.0100514,0.0436737;-1.32549,-0.137975,-1.54474
-0.00295058,-0.0119002,0.0448102;-1.30568,-0.1502,-1.53887
-0.00684577,-0.0170705,0.0467277;-1.2811,-0.184136,-1.52283
-0.000615375,-0.0179269,0.0496219;-1.31419,-0.222464,-1.52123
0.00781142,-0.0185255,0.0483199;-1.34969,-0.285712,-1.515
0.0163672,-0.0210094,0.0460655;-1.30015,-0.300996,-1.54951
0.0165689,-0.022593,0.0461348;-1.30706,-0.289001,-1.55649
0.0165162,-0.0231348,0.0463149;-1.30392,-0.285313,-1.55775
0.0127363,-0.024471,0.0469805;-1.29143,-0.265919,-1.5385
0.0119742,-0.0237859,0.0494301;-1.28896,-0.212973,-1.54724
0.00902483,-0.01683,0.0523223;-1.37236,-0.164599,-1.54557
0.0153545,0.00637651,0.0478212;-1.60883,-0.155687,-1.60286
0.0159074,0.00781573,0.0454314;-1.58357,-0.165682,-1.62396
0.0148856,0.00214463,0.0445383;-1.51205,-0.169824,-1.63367
0.00959679,-0.00342983,0.0480033;-1.57789,-0.214026,-1.59883
0.00877756,-0.00202169,0.0507021;-1.61992,-0.216828,-1.60161
0.0102407,0.00333647,0.0513814;-1.69039,-0.208832,-1.60759
0.0224924,0.0191235,0.0438729;-1.82123,-0.189225,-1.65417
0.0222849,0.0188239,0.0432337;-1.78008,-0.216155,-1.67698
0.0198989,0.017632,0.042461;-1.81492,-0.244006,-1.65322
0.0174403,0.0186967,0.0444388;-1.79991,-0.231363,-1.62547
0.0113847,0.0276259,0.0449846;-1.87224,-0.158822,-1.607
0.016947,0.0275623,0.0475645;-1.86077,-0.16071,-1.61273
0.0242632,0.0229161,0.0496093;-1.80219,-0.15578,-1.62176
0.0263896,0.0175908,0.0521419;-1.69618,-0.176092,-1.64264
0.0233264,0.0126953,0.0544448;-1.63962,-0.233139,-1.63107
0.0178976,0.000304491,0.0591336;-1.51561,-0.274582,-1.60704
0.0078821,-0.0122753,0.0619099;-1.50004,-0.329115,-1.56705
0.00943869,-0.0105645,0.0636534;-1.52568,-0.302837,-1.56917
0.0130799,-0.00585321,0.0627379;-1.56665,-0.263897,-1.57758
0.0126152,0.007783,0.0572494;-1.65246,-0.209043,-1.60924
0.00854034,0.00429205,0.0597562;-1.58095,-0.231495,-1.60634
0.00331637,-0.00155862,0.0612656;-1.49515,-0.274824,-1.59257
-0.000118683,0.000487748,0.0614743;-1.52577,-0.394134,-1.5577
0.000421819,0.00275648,0.0621086;-1.5678,-0.368731,-1.56329
0.0038317,-0.000270309,0.0636625;-1.57967,-0.352512,-1.56897
0.00960222,0.0059917,0.0614019;-1.62543,-0.319781,-1.59612
0.00641181,0.0120726,0.0597547;-1.5932,-0.28928,-1.59968
0.00210714,0.0126069,0.0583814;-1.5321,-0.274473,-1.59094
-0.00854843,0.0104908,0.0604196;-1.51803,-0.287748,-1.55274
-0.00824892,0.0103324,0.0625797;-1.54947,-0.285673,-1.56183
-0.00150976,0.0101896,0.0640858;-1.59023,-0.329715,-1.58298
0.0150806,0.0135651,0.0644422;-1.70627,-0.32142,-1.6348
0.0211092,0.0125824,0.0638244;-1.71823,-0.30251,-1.65229
0.0191799,0.0171742,0.0623693;-1.70542,-0.312373,-1.65521
0.00738058,0.0373263,0.0479657;-1.75446,-0.356711,-1.59342
0.00313318,0.0410968,0.0440405;-1.74814,-0.35635,-1.56934
0.00102246,0.0418626,0.046441;-1.79845,-0.331548,-1.59145
0.00972264,0.0452823,0.0470002;-1.92291,-0.316718,-1.65501
0.0115599,0.0455695,0.0459512;-1.94957,-0.302294,-1.69985
0.0126964,0.0436938,0.0472419;-1.93122,-0.291526,-1.71309
0.0101556,0.048871,0.0435608;-1.87731,-0.359183,-1.66908
0.0074391,0.0490381,0.0409486;-1.78302,-0.339337,-1.60516
0.00441445,0.0496574,0.0410126;-1.76636,-0.308482,-1.58277
0.00671655,0.0492315,0.0427619;-1.86089,-0.303989,-1.6522
0.00732934,0.0484735,0.0430613;-1.88169,-0.292596,-1.67045
0.00895648,0.0477122,0.0447132;-1.89743,-0.29204,-1.69115
0.00804924,0.0511057,0.0408332;-1.83848,-0.362575,-1.66901
0.00564926,0.0509498,0.038059;-1.7521,-0.374621,-1.61594
0.00502684,0.0485543,0.0394699;-1.7236,-0.402517,-1.57265
0.00545333,0.0514872,0.0442547;-1.82973,-0.380479,-1.61986
0.00549323,0.0526805,0.0443245;-1.87442,-0.347005,-1.65725
0.00542734,0.0516272,0.0428737;-1.87857,-0.318559,-1.67808
0.00491484,0.0508924,0.0435742;-1.89631,-0.325315,-1.6804
0.00417519,0.051349,0.0430494;-1.82856,-0.373584,-1.63223
-0.000213712,0.0515762,0.0396222;-1.73147,-0.380577,-1.57675
0.00129979,0.0519466,0.0455792;-1.82603,-0.389562,-1.59376
0.00280749,0.0524754,0.0477125;-1.88835,-0.379988,-1.62297
0.00272303,0.0535122,0.0476631;-1.93315,-0.354504,-1.66075
0.000434829,0.0539589,0.0467865;-1.96691,-0.298976,-1.70052
-0.00239759,0.0565443,0.0484087;-1.94092,-0.336589,-1.65491
-0.00534535,0.056777,0.0477861;-1.86949,-0.372684,-1.59821
-0.00761649,0.0441645,0.0539163;-1.66003,-0.402319,-1.55259
-0.00304788,0.0381892,0.0580604;-1.67157,-0.419086,-1.58565
0.00291444,0.0355209,0.0603756;-1.70067,-0.416694,-1.62026
0.0138738,0.0250596,0.0627374;-1.71597,-0.3919,-1.6605
0.0095409,0.0248454,0.064829;-1.61708,-0.40669,-1.63498
0.000666252,0.0254554,0.0623185;-1.53552,-0.433126,-1.58586
-0.0097675,0.026249,0.0590032;-1.50537,-0.391941,-1.53104
-0.00629944,0.0275864,0.0623885;-1.57113,-0.38498,-1.5615
-0.00111025,0.0256859,0.0636115;-1.60677,-0.388388,-1.59499
0.00902954,0.0275098,0.0634247;-1.66058,-0.372254,-1.64853
0.0112839,0.019104,0.0647206;-1.6211,-0.35592,-1.63756
0.00560805,0.0113156,0.0635168;-1.51906,-0.381667,-1.59951
-0.0101903,0.00710298,0.0623843;-1.50226,-0.31456,-1.54334
-0.00986825,0.00808122,0.0634407;-1.51019,-0.273794,-1.54784
-0.0101854,0.0112057,0.0628977;-1.54862,-0.249489,-1.5677
-0.010901,0.0291217,0.0557466;-1.64176,-0.160818,-1.62864
-0.00812023,0.0305295,0.0554655;-1.63774,-0.169571,-1.63389
-0.00908314,0.0240948,0.0575639;-1.58248,-0.208424,-1.62213
-0.018297,0.00563163,0.0566133;-1.57614,-0.293123,-1.58871
-0.0184518,0.00172775,0.0569353;-1.59813,-0.31008,-1.57792
-0.0178276,0.00493766,0.0561002;-1.63252,-0.293978,-1.58518
-0.0142832,0.0303059,0.0445198;-1.82246,-0.214549,-1.64964
-0.014193,0.0329742,0.043318;-1.80162,-0.187753,-1.66324
-0.0157103,0.0285517,0.0422814;-1.73288,-0.162253,-1.66949
-0.0236224,0.0177165,0.0448099;-1.69557,-0.228438,-1.62408
-0.0276099,0.015629,0.044113;-1.73254,-0.239436,-1.60345
-0.0271124,0.0183366,0.0422075;-1.81222,-0.242163,-1.59849
-0.0231308,0.0213412,0.0441068;-1.87202,-0.256372,-1.63333
-0.0206103,0.0234425,0.0426665;-1.86508,-0.246467,-1.6524
-0.0199188,0.0236577,0.0414796;-1.79639,-0.225737,-1.65136
-0.0199188,0.0236577,0.0414796;-1.79639,-0.225737,-1.65136
-0.0246876,0.0235117,0.0391434;-1.72759,-0.194643,-1.63879
-0.0246876,0.0235117,0.0391434;-1.72759,-0.194643,-1.63879
