0,0,0.11;-1.57,-2.98023e-08,-1.57
0,0,0.11;-1.57,-2.98023e-08,-1.57
0,0,0.11;-1.57,-2.98023e-08,-1.57
0.000562776,0.00955326,0.0286411;-1.56936,-0.120136,-1.57211
0.000430834,0.0086066,0.0285785;-1.57072,-0.0703361,-1.57063
-0.00132644,0.00432072,0.0301423;-1.58593,-0.0188715,-1.56138
-0.00319114,-0.0205749,0.0356858;-1.45305,0.0252765,-1.55632
-0.00249606,-0.0125944,0.0285778;-1.57108,-0.0669942,-1.57091
-0.00228286,-0.0129009,0.0288481;-1.5628,-0.0520807,-1.57521
-0.00224488,-0.0122582,0.0286388;-1.57049,-0.0639775,-1.57327
-0.00228992,-0.0134391,0.0286193;-1.57054,0.00160202,-1.56841
-0.00479122,-0.0186783,0.0306144;-1.58862,0.046946,-1.55425
-0.00809284,-0.0407701,0.0369193;-1.54011,0.136141,-1.5509
-0.00782025,-0.0481706,0.0324264;-1.5031,0.0904039,-1.56479
-0.00626418,-0.0423489,0.028547;-1.56978,0.0439745,-1.56863
-0.00613371,-0.0421072,0.0287106;-1.56741,0.0501002,-1.57394
-0.00614351,-0.0431677,0.0285793;-1.57073,0.11174,-1.57083
-0.00809712,-0.0451454,0.029559;-1.57889,0.159984,-1.55842
-0.0146153,-0.0630005,0.0349845;-1.58479,0.24208,-1.54798
-0.0185923,-0.0809044,0.0382081;-1.4081,0.248488,-1.58182
-0.0177885,-0.0767753,0.0332532;-1.48306,0.193505,-1.57672
-0.0156906,-0.071917,0.0286039;-1.57061,0.162052,-1.56864
-0.0155624,-0.0721525,0.0285823;-1.57054,0.205881,-1.57083
-0.0157744,-0.0721333,0.0286842;-1.57157,0.250058,-1.56544
-0.0196052,-0.0771638,0.0306955;-1.58618,0.301632,-1.54911
-0.0273124,-0.0949245,0.0342016;-1.50695,0.347899,-1.5647
-0.0294027,-0.0980655,0.0315851;-1.51157,0.295748,-1.578
-0.0275755,-0.0955844,0.0288556;-1.56005,0.291091,-1.57679
-0.0275441,-0.0960159,0.0287402;-1.56416,0.307902,-1.57411
-0.027503,-0.0965312,0.0285767;-1.57059,0.343554,-1.57091
-0.0373598,-0.110237,0.0329244;-1.59368,0.457024,-1.53526
-0.0477691,-0.132099,0.0390728;-1.38304,0.5108,-1.62575
-0.0503351,-0.136885,0.0374307;-1.39472,0.4593,-1.62833
-0.0435958,-0.127691,0.0285701;-1.5708,0.436159,-1.57127
-0.0433257,-0.128361,0.028774;-1.56124,0.460834,-1.57565
-0.0434676,-0.128841,0.0287307;-1.56261,0.48554,-1.57461
-0.0474627,-0.131576,0.0303639;-1.57763,0.566693,-1.54487
-0.0621784,-0.150005,0.0356775;-1.49049,0.659119,-1.58779
-0.0720374,-0.164635,0.038911;-1.35627,0.6486,-1.6711
-0.0647989,-0.156437,0.0286788;-1.57009,0.588478,-1.5629
-0.0644619,-0.156519,0.0288402;-1.55535,0.609959,-1.57969
-0.064337,-0.156767,0.0287334;-1.56169,0.624289,-1.57607
-0.0648494,-0.156909,0.0291484;-1.57154,0.685625,-1.55647
-0.0766347,-0.165456,0.0320677;-1.57912,0.760909,-1.53492
-0.0953941,-0.184098,0.0395608;-1.34676,0.823896,-1.6957
-0.0892333,-0.184059,0.0287625;-1.57863,0.763879,-1.55549
-0.0881481,-0.183419,0.0285928;-1.5706,0.75448,-1.57046
-0.0879167,-0.183655,0.028769;-1.5582,0.768203,-1.5794
-0.0877807,-0.183769,0.0289848;-1.57614,0.823192,-1.55303
-0.09673,-0.187417,0.0316357;-1.58847,0.888554,-1.5227
-0.118224,-0.203231,0.0383792;-1.35345,0.980777,-1.7117
-0.118801,-0.208163,0.0287866;-1.57153,0.912349,-1.55998
-0.117408,-0.208072,0.0286468;-1.57106,0.893213,-1.56721
-0.117284,-0.208574,0.0287944;-1.5552,0.917892,-1.58398
-0.117591,-0.208935,0.0288747;-1.57729,0.98263,-1.55362
-0.12573,-0.210725,0.0315192;-1.59648,1.04696,-1.51784
-0.149329,-0.223554,0.0381706;-1.29827,1.13837,-1.7815
-0.151999,-0.22717,0.031613;-1.47839,1.06828,-1.63142
-0.144635,-0.224954,0.0287137;-1.57024,1.01892,-1.56429
-0.144277,-0.225059,0.0288109;-1.54914,1.02773,-1.58919
-0.144394,-0.225832,0.0286154;-1.56954,1.09176,-1.56964
-0.147758,-0.225598,0.0297678;-1.58134,1.14362,-1.54718
-0.170266,-0.233043,0.0344311;-1.40539,1.23884,-1.70171
-0.182331,-0.23676,0.0373691;-1.22058,1.19785,-1.86788
-0.170795,-0.233084,0.0307026;-1.5169,1.1515,-1.6002
-0.168351,-0.233109,0.0287139;-1.57159,1.11692,-1.56346
-0.167837,-0.233145,0.0285799;-1.57072,1.15381,-1.5709
-0.167623,-0.232776,0.0287464;-1.57177,1.19818,-1.5615
-0.176525,-0.232565,0.0309739;-1.6062,1.26759,-1.51354
-0.214428,-0.242036,0.0404792;-0.874299,1.30288,-2.20977
-0.211144,-0.240625,0.0374156;-1.1031,1.25781,-1.99546
-0.197769,-0.239609,0.0289466;-1.5888,1.24316,-1.53853
-0.197558,-0.240921,0.0287588;-1.54209,1.26998,-1.59828
-0.197343,-0.241471,0.028655;-1.57126,1.30691,-1.56665
-0.199155,-0.240415,0.0296679;-1.58671,1.33909,-1.53675
-0.244788,-0.244904,0.0413511;-0.291023,1.4071,-2.7984
-0.254059,-0.247259,0.0395922;-0.545075,1.37033,-2.5621
-0.240979,-0.249294,0.0310649;-1.25403,1.40855,-1.87447
-0.236129,-0.250789,0.0288189;-1.50944,1.39726,-1.6321
-0.235996,-0.251436,0.028663;-1.56978,1.44921,-1.56796
-0.237112,-0.250738,0.0294364;-1.61069,1.46806,-1.51319
-0.27863,-0.24933,0.0406237;0.588237,1.40716,2.59591
-0.292574,-0.250951,0.0391351;0.24088,1.39826,2.92079
-0.28204,-0.253705,0.031372;-0.106722,1.52336,-3.02312
-0.277184,-0.256101,0.0288036;-1.07043,1.54966,-2.07165
-0.277089,-0.256718,0.0286556;1.57367,1.53245,1.57162
-0.277418,-0.256384,0.0288489;1.62711,1.51098,1.52531
-0.316088,-0.249429,0.039485;1.0683,1.29506,2.0959
-0.329172,-0.247201,0.0382784;0.886159,1.32199,2.26122
-0.318502,-0.249357,0.0324263;1.17958,1.42698,1.97709
-0.30973,-0.253828,0.0288172;1.45989,1.46743,1.68137
-0.309986,-0.254745,0.0285838;1.56963,1.4039,1.57218
-0.310145,-0.254641,0.02858;1.56992,1.38835,1.5719
-0.337115,-0.245005,0.0344464;1.35106,1.21336,1.79265
-0.350483,-0.239546,0.0363244;1.14514,1.22931,1.98818
-0.344344,-0.240213,0.0350579;1.23499,1.26104,1.91292
-0.332997,-0.245009,0.0287098;1.54608,1.35096,1.59571
-0.334038,-0.245445,0.0288072;1.53165,1.30008,1.60814
-0.333806,-0.245548,0.0285798;1.57058,1.27534,1.5709
-0.334365,-0.244402,0.0290838;1.57456,1.22424,1.577
-0.372922,-0.22638,0.0391972;1.2676,1.05925,1.86975
-0.375661,-0.225943,0.0356439;1.25906,1.12511,1.86472
-0.368061,-0.232629,0.0287979;1.57678,1.17891,1.57479
-0.368583,-0.232764,0.0287633;1.54892,1.16826,1.59061
-0.368966,-0.232979,0.0285794;1.57057,1.13347,1.571
-0.36881,-0.232803,0.0288041;1.57477,1.10251,1.5775
-0.400156,-0.210648,0.0387835;1.36904,0.910742,1.76782
-0.410927,-0.20394,0.0375973;1.30814,0.956245,1.80498
-0.401918,-0.212276,0.0292558;1.54737,1.02142,1.59916
-0.400846,-0.214503,0.0288158;1.55024,1.02761,1.58782
-0.401497,-0.214735,0.0285782;1.57024,0.977191,1.57159
-0.401484,-0.214712,0.0286653;1.57102,0.945532,1.57494
-0.427232,-0.190525,0.0370989;1.42417,0.759507,1.69881
-0.437385,-0.180134,0.0376154;1.36335,0.800305,1.74332
-0.428394,-0.187403,0.0308799;1.5109,0.889389,1.62931
-0.425885,-0.193006,0.0288019;1.55407,0.892719,1.58356
-0.426921,-0.193268,0.0286446;1.56621,0.837453,1.57432
-0.426884,-0.19319,0.0285881;1.57129,0.810918,1.57119
-0.442098,-0.172793,0.0336894;1.48801,0.650545,1.63447
-0.452985,-0.160225,0.0376495;1.39051,0.647518,1.70096
-0.449252,-0.162588,0.0337351;1.44879,0.722535,1.66443
-0.445125,-0.170692,0.0287843;1.55712,0.759515,1.5802
-0.44607,-0.170403,0.0287738;1.55862,0.728733,1.57875
-0.445997,-0.170531,0.0285715;1.57121,0.705225,1.57037
-0.449785,-0.160964,0.0298558;1.56795,0.574068,1.57943
-0.464566,-0.139532,0.0367001;1.43301,0.489079,1.65315
-0.467702,-0.13095,0.0366466;1.40726,0.533508,1.67234
-0.460926,-0.144465,0.0286007;1.57124,0.633078,1.57201
-0.461474,-0.14449,0.0288046;1.55832,0.606496,1.57749
-0.462232,-0.144135,0.0287855;1.55899,0.57206,1.57725
-0.462127,-0.142321,0.0289155;1.56785,0.485095,1.57784
-0.469501,-0.123074,0.0327964;1.52162,0.39255,1.60523
-0.479173,-0.104866,0.0380633;1.41975,0.368702,1.6502
-0.475893,-0.114649,0.0286452;1.57147,0.485219,1.57493
-0.47607,-0.114927,0.0287925;1.5598,0.480662,1.57531
-0.476385,-0.1148,0.0287713;1.5605,0.465601,1.57532
-0.476532,-0.114894,0.0286197;1.57059,0.398811,1.57435
-0.477984,-0.105231,0.0304635;1.57373,0.318184,1.58568
-0.487331,-0.0795303,0.0377041;1.44411,0.22423,1.62486
-0.486687,-0.0801876,0.028756;1.57614,0.33202,1.57483
-0.486827,-0.0811806,0.0286061;1.57093,0.355941,1.57206
-0.487077,-0.0809806,0.0287962;1.5602,0.342451,1.57405
-0.487154,-0.0809974,0.0285921;1.57087,0.269331,1.57137
-0.487153,-0.0754416,0.0293382;1.56967,0.194046,1.57456
-0.491407,-0.0515763,0.0347607;1.47784,0.092478,1.59136
-0.490052,-0.0476989,0.0285395;1.58125,0.204461,1.57676
-0.490789,-0.049733,0.0286625;1.57112,0.229161,1.57522
-0.491087,-0.0495925,0.0288137;1.56002,0.209302,1.57248
-0.491479,-0.0495653,0.0285809;1.57055,0.132479,1.57088
-0.490923,-0.0455803,0.0291417;1.5732,0.0570465,1.57066
-0.491967,-0.0276748,0.0332065;1.50177,-0.0539558,1.56942
-0.488923,-0.020968,0.031101;1.52198,0.0492272,1.57897
-0.489177,-0.0256581,0.0285843;1.57113,0.10492,1.57151
-0.48951,-0.0256977,0.0288155;1.55963,0.0942809,1.57104
-0.490046,-0.02543,0.0285789;1.57075,0.0398656,1.57068
-0.48975,-0.0245347,0.0286099;1.57198,-0.0161118,1.57187
-0.488339,-0.0130888,0.0299349;1.56221,-0.118866,1.56962
-0.485776,0.0134916,0.0350222;1.45082,-0.111063,1.56816
-0.486118,0.004279,0.0287563;1.57344,-0.0462014,1.57824
-0.486533,0.0035327,0.0285958;1.57051,-0.0248357,1.57177
-0.487045,0.00381825,0.0286015;1.56982,-0.0696067,1.57074
-0.48712,0.00374708,0.0285873;1.57078,-0.0989894,1.57116
-0.485868,0.00672676,0.0291057;1.57198,-0.165928,1.57194
-0.478361,0.0444919,0.0365817;1.42906,-0.256414,1.54766
-0.477005,0.0389308,0.0319939;1.50506,-0.181803,1.56469
-0.47764,0.0329995,0.0285467;1.57178,-0.110582,1.57087
-0.477954,0.0331168,0.02877;1.56157,-0.129725,1.56963
-0.478159,0.032983,0.0285784;1.57064,-0.152217,1.57076
-0.478333,0.0329429,0.0286058;1.57077,-0.199337,1.57215
-0.469238,0.0677992,0.0368686;1.43671,-0.357461,1.54027
-0.465833,0.0739633,0.0355806;1.43647,-0.300692,1.53971
-0.46812,0.0622587,0.0286373;1.57235,-0.227267,1.57535
-0.469045,0.062031,0.0287724;1.5618,-0.218192,1.56829
-0.469455,0.062532,0.0285803;1.57073,-0.25753,1.57075
-0.469363,0.0625341,0.0285807;1.57067,-0.287669,1.57084
-0.459961,0.0877698,0.0339864;1.47693,-0.472629,1.53363
-0.454168,0.100913,0.035238;1.43924,-0.419748,1.52477
-0.455552,0.0901474,0.0286384;1.57905,-0.333826,1.57757
-0.456899,0.0894774,0.0288061;1.55976,-0.309188,1.56694
-0.457329,0.0894956,0.0285623;1.57322,-0.346661,1.57299
-0.456848,0.089756,0.0285787;1.57071,-0.374085,1.5708
-0.456848,0.089756,0.0285787;1.57071,-0.374085,1.5708
-0.454202,0.0940091,0.0291714;1.574,-0.449937,1.57118
-0.454202,0.0940091,0.0291714;1.574,-0.449937,1.57118
