0,0,0.11;-1.57,-2.98023e-08,-1.57
0,0,0.11;-1.57,-2.98023e-08,-1.57
0,0,0.11;-1.57,-2.98023e-08,-1.57
-7.94306e-05,0.00492955,0.028626;-1.56878,-0.122621,-1.57016
0.000117979,0.00498773,0.0285794;-1.57074,-0.0733083,-1.57073
-0.000976218,0.00138571,0.0296239;-1.58155,-0.0081645,-1.56786
-0.000263077,-0.0216705,0.0392276;-1.47776,0.047103,-1.59214
0.00248227,-0.00509515,0.0290066;-1.57386,-0.0579651,-1.58783
0.00232864,-0.00304988,0.0287177;-1.57088,-0.0870686,-1.57741
0.0017293,-0.00231556,0.0286662;-1.56767,-0.123866,-1.57134
0.00179526,-0.00243562,0.0286597;-1.57054,-0.0962949,-1.56681
-0.000417119,-0.00868763,0.0304962;-1.574,-0.0413454,-1.55258
-0.00249592,-0.0353733,0.0359604;-1.45025,0.0573226,-1.5586
-0.000678734,-0.0425645,0.0350896;-1.47436,0.0483744,-1.58593
0.000230943,-0.0327332,0.0291211;-1.58163,-3.19779e-05,-1.58552
0.000700774,-0.0313971,0.0287682;-1.5708,-0.0151111,-1.57972
0.000483347,-0.0315355,0.0289271;-1.57084,-0.0106897,-1.58757
-0.00140586,-0.0337607,0.0292469;-1.57717,0.0412905,-1.56831
-0.00624346,-0.0479563,0.0334684;-1.57456,0.100729,-1.54633
-0.0112079,-0.0851451,0.0391414;-1.37834,0.194953,-1.59232
-0.011962,-0.0816883,0.0362497;-1.43857,0.139952,-1.59173
-0.0107768,-0.0722444,0.0289357;-1.57277,0.0892604,-1.58536
-0.0096288,-0.0720955,0.0296572;-1.57855,0.106861,-1.59168
-0.011884,-0.0754852,0.0311428;-1.5972,0.156249,-1.59485
-0.0150517,-0.0790107,0.0353013;-1.68053,0.222094,-1.56628
-0.019454,-0.0848912,0.0408101;-1.69083,0.254547,-1.55018
-0.0227706,-0.093776,0.035694;-1.59671,0.225256,-1.57993
-0.0240033,-0.0949,0.0286764;-1.56616,0.149287,-1.57135
-0.0243303,-0.0946902,0.0285793;-1.57073,0.125221,-1.57088
-0.0246128,-0.0954027,0.0288621;-1.57085,0.147636,-1.58423
-0.0300969,-0.105132,0.0372155;-1.66362,0.276227,-1.56482
-0.0339622,-0.114178,0.046452;-1.58868,0.3489,-1.58117
-0.0358307,-0.121184,0.0454723;-1.56769,0.338965,-1.59267
-0.033671,-0.122269,0.0287437;-1.56921,0.292264,-1.57774
-0.0342448,-0.120684,0.0285767;-1.57088,0.228477,-1.57073
-0.0346224,-0.121015,0.0286365;-1.56844,0.205068,-1.57089
-0.0345975,-0.121586,0.0291657;-1.56963,0.259509,-1.56793
-0.0387509,-0.128976,0.0377609;-1.59514,0.335743,-1.56389
-0.041982,-0.139661,0.0459829;-1.5585,0.387156,-1.5914
-0.037743,-0.148546,0.0314302;-1.586,0.370204,-1.60426
-0.03659,-0.144271,0.0290816;-1.57226,0.3222,-1.58365
-0.035693,-0.142263,0.0286959;-1.57106,0.289949,-1.57594
-0.0362628,-0.142551,0.0288343;-1.56583,0.280732,-1.56607
-0.0398719,-0.145975,0.0319418;-1.58153,0.324728,-1.53741
-0.0498152,-0.161187,0.0408822;-1.48059,0.402306,-1.58338
-0.0537391,-0.175127,0.0298528;-1.54109,0.412149,-1.58196
-0.0532142,-0.173941,0.0286065;-1.57053,0.389754,-1.57224
-0.0538081,-0.173191,0.0285725;-1.57105,0.346878,-1.57058
-0.0542591,-0.172944,0.0287316;-1.5638,0.320927,-1.57236
-0.0570455,-0.175075,0.0307933;-1.56481,0.373312,-1.55526
-0.0668106,-0.188233,0.0382182;-1.46083,0.450534,-1.59306
-0.071468,-0.203138,0.0333794;-1.48671,0.456733,-1.61099
-0.0698217,-0.202115,0.0287574;-1.56824,0.472018,-1.57826
-0.069965,-0.203834,0.0290429;-1.55188,0.507714,-1.58556
-0.069811,-0.202937,0.0298026;-1.5315,0.508449,-1.5966
-0.069739,-0.201594,0.034066;-1.46105,0.499697,-1.63036
-0.0708325,-0.205224,0.03938;-1.35719,0.516182,-1.67848
-0.0728308,-0.206579,0.0381205;-1.40986,0.500782,-1.65871
-0.0712475,-0.20026,0.0333771;-1.49345,0.465915,-1.61452
-0.0702641,-0.196027,0.0294385;-1.55834,0.458747,-1.58296
-0.0700199,-0.195019,0.0286334;-1.56797,0.449949,-1.57195
-0.0699808,-0.194019,0.0297162;-1.56697,0.472502,-1.55954
-0.0739155,-0.196557,0.0341295;-1.59316,0.531274,-1.52485
-0.0899653,-0.220843,0.0435731;-1.28731,0.595459,-1.71045
-0.0931171,-0.222344,0.0425315;-1.28322,0.534848,-1.71937
-0.0916435,-0.218242,0.0350712;-1.44569,0.542951,-1.639
-0.0897311,-0.213288,0.0286788;-1.56707,0.522831,-1.57405
-0.0895866,-0.212945,0.0289005;-1.56448,0.522288,-1.57418
-0.0897732,-0.211967,0.0327989;-1.63629,0.535825,-1.53601
-0.0957542,-0.21663,0.0457623;-1.58959,0.583787,-1.5462
-0.0985142,-0.225855,0.0460066;-1.26989,0.516225,-1.72306
-0.0977652,-0.220661,0.038788;-1.37365,0.472768,-1.67021
-0.0945259,-0.212133,0.0289633;-1.55641,0.445971,-1.58227
-0.0941485,-0.212281,0.0286963;-1.5685,0.466107,-1.57526
-0.0940744,-0.212318,0.0299844;-1.56998,0.474276,-1.56194
-0.108216,-0.225066,0.0452037;-1.62073,0.597159,-1.52617
-0.115685,-0.241226,0.0500611;-1.28047,0.569519,-1.72601
-0.116945,-0.243181,0.0426519;-1.30198,0.544927,-1.74092
-0.112925,-0.23588,0.0291363;-1.55357,0.576699,-1.59234
-0.112614,-0.236373,0.0291867;-1.56915,0.590291,-1.59044
-0.112707,-0.236392,0.0296028;-1.57128,0.592914,-1.59082
-0.122876,-0.246289,0.0432674;-1.30736,0.620465,-1.7064
-0.129387,-0.258408,0.0472303;-1.1405,0.583231,-1.81962
-0.126147,-0.251852,0.0432418;-1.27364,0.567513,-1.74905
-0.122675,-0.236175,0.0297184;-1.54421,0.520333,-1.59916
-0.124839,-0.240739,0.0291432;-1.55846,0.589567,-1.59449
-0.126978,-0.243567,0.0291167;-1.55226,0.620852,-1.59226
-0.140606,-0.2568,0.0443427;-1.22256,0.614359,-1.76702
-0.147752,-0.261212,0.0475468;-1.14775,0.570361,-1.81243
-0.145624,-0.254271,0.043935;-1.26767,0.554714,-1.74382
-0.145984,-0.240251,0.0314253;-1.54569,0.496607,-1.61004
-0.148102,-0.244052,0.0290333;-1.55244,0.583032,-1.59117
-0.150342,-0.248871,0.0291477;-1.5428,0.659988,-1.59374
-0.158592,-0.255647,0.0407636;-1.30452,0.667011,-1.72286
-0.162535,-0.257568,0.0436217;-1.23416,0.621593,-1.76865
-0.162299,-0.256235,0.0437252;-1.244,0.623462,-1.76045
-0.16197,-0.250985,0.0372168;-1.3982,0.578555,-1.68525
-0.162982,-0.257918,0.0291037;-1.54845,0.73937,-1.59299
-0.162738,-0.259579,0.0293574;-1.54939,0.781224,-1.58189
-0.16443,-0.25906,0.0338924;-1.45524,0.778279,-1.63389
-0.174792,-0.258666,0.0514349;-1.33859,0.770133,-1.72267
-0.175755,-0.24925,0.0502397;-1.39136,0.71879,-1.67557
-0.173003,-0.238437,0.0397915;-1.59713,0.639086,-1.53672
-0.172628,-0.239817,0.0290945;-1.56908,0.654399,-1.5668
-0.173179,-0.241936,0.0289771;-1.57957,0.719918,-1.55236
-0.174299,-0.24133,0.0313768;-1.58521,0.753909,-1.51615
-0.18845,-0.243091,0.0455393;-1.52544,0.753475,-1.54643
-0.188884,-0.240692,0.0472493;-1.41445,0.692598,-1.62248
-0.187889,-0.235764,0.0396437;-1.46081,0.596707,-1.60866
-0.18518,-0.232283,0.0289691;-1.56784,0.599228,-1.56619
-0.184476,-0.234359,0.0288395;-1.55691,0.655566,-1.58053
-0.185202,-0.236315,0.0297923;-1.52636,0.682375,-1.59972
-0.204305,-0.257209,0.041508;-1.31626,0.783703,-1.71361
-0.212838,-0.262778,0.0426546;-1.26396,0.780934,-1.75352
-0.219159,-0.256969,0.0408583;-1.28717,0.720272,-1.74371
-0.220628,-0.263255,0.0344758;-1.42124,0.788174,-1.66556
-0.21734,-0.267004,0.0288564;-1.55147,0.880261,-1.58657
-0.217601,-0.266969,0.028964;-1.55095,0.884076,-1.58017
-0.225377,-0.263708,0.0383846;-1.39512,0.883777,-1.65925
-0.231571,-0.263795,0.0421796;-1.29311,0.848876,-1.73731
-0.232022,-0.259767,0.0409448;-1.28819,0.797885,-1.75937
-0.232189,-0.259299,0.0331164;-1.46601,0.799354,-1.63769
-0.231677,-0.268845,0.0292305;-1.55254,0.932522,-1.58257
-0.230722,-0.271983,0.0287293;-1.56889,1.00691,-1.5663
-0.234485,-0.267773,0.0360201;-1.46849,1.04221,-1.60626
-0.243184,-0.263961,0.0422618;-1.312,1.04708,-1.72825
-0.246138,-0.258216,0.0425163;-1.27926,1.00859,-1.76425
-0.243147,-0.255384,0.0403788;-1.26952,0.829877,-1.79041
-0.24456,-0.257523,0.0383515;-1.31823,0.841314,-1.75331
-0.24559,-0.264996,0.0322925;-1.46017,0.957966,-1.65609
-0.245612,-0.266611,0.0335167;-1.45325,1.03941,-1.64279
-0.250407,-0.266967,0.0408338;-1.34613,1.08502,-1.72683
-0.252717,-0.266787,0.0449929;-1.32597,1.09082,-1.74447
-0.256002,-0.268755,0.0336306;-1.46229,1.02544,-1.63174
-0.25365,-0.269794,0.0291061;-1.5631,1.03742,-1.56875
-0.253319,-0.269202,0.0288126;-1.56844,1.03238,-1.5662
-0.255571,-0.265515,0.0309965;-1.53233,1.00958,-1.58591
-0.260168,-0.261544,0.0380749;-1.4525,1.03633,-1.63734
-0.268408,-0.258581,0.0464779;-1.26814,1.01446,-1.78387
-0.264416,-0.261249,0.0445825;-1.50478,0.999875,-1.63728
-0.264933,-0.268049,0.0413192;-1.4851,1.00201,-1.68008
-0.267741,-0.265262,0.0323862;-1.5371,0.930298,-1.62747
-0.261861,-0.263318,0.0349178;-1.50482,0.912285,-1.6748
-0.258778,-0.256891,0.0421918;-1.54425,0.928517,-1.61255
-0.259631,-0.255641,0.049426;-1.58235,0.957257,-1.57554
-0.256282,-0.260014,0.0496642;-1.70843,0.977827,-1.50379
-0.253066,-0.26042,0.0508293;-1.82445,0.987714,-1.43111
-0.248307,-0.257504,0.0427559;-1.79386,0.955671,-1.46705
-0.253617,-0.263324,0.0362365;-1.69183,0.974789,-1.52927
-0.251691,-0.25875,0.0423457;-1.77963,1.01717,-1.44095
-0.25435,-0.255399,0.0496479;-1.73999,1.05462,-1.45717
-0.258103,-0.255525,0.0490599;-1.62326,1.03875,-1.55362
-0.262199,-0.26112,0.0496936;-1.62532,0.989886,-1.5865
-0.266842,-0.264328,0.0442077;-1.63476,0.922657,-1.61593
-0.267733,-0.259496,0.0348089;-1.66762,0.890622,-1.54604
-0.26849,-0.256273,0.0379236;-1.79409,0.928883,-1.42399
-0.269414,-0.257636,0.041603;-1.75789,1.00274,-1.44609
-0.272952,-0.253244,0.0492003;-1.57359,1.05545,-1.58287
-0.268607,-0.253596,0.0469731;-1.58834,1.02934,-1.58961
-0.269166,-0.250307,0.0426895;-1.5907,0.980284,-1.61114
-0.270669,-0.241689,0.0307046;-1.56672,0.848651,-1.60114
-0.272266,-0.24097,0.0295269;-1.60823,0.870308,-1.551
-0.279848,-0.244808,0.0336896;-1.71439,0.932089,-1.46715
-0.292866,-0.256164,0.0475495;-1.51798,1.00961,-1.62682
-0.285499,-0.257752,0.0471781;-1.5975,0.991088,-1.57791
-0.281691,-0.26106,0.0472376;-1.63384,0.972712,-1.58137
-0.280862,-0.250871,0.0377902;-1.66601,0.831257,-1.56493
-0.277787,-0.243992,0.033846;-1.6762,0.787622,-1.52504
-0.278597,-0.242179,0.0335243;-1.70906,0.804196,-1.47952
-0.296236,-0.25223,0.0421098;-1.45013,0.928879,-1.64396
-0.302859,-0.260078,0.0433786;-1.36766,0.927578,-1.72394
-0.303351,-0.262827,0.0425713;-1.52402,0.975993,-1.62079
-0.303114,-0.284385,0.0319857;-1.56662,1.02928,-1.60263
-0.297112,-0.288214,0.0339889;-1.58939,1.02312,-1.60512
-0.300792,-0.290969,0.0352132;-1.68846,1.01464,-1.49615
-0.304019,-0.278656,0.0479104;-1.66712,1.04016,-1.48322
-0.306066,-0.278687,0.0493488;-1.66787,1.00648,-1.4957
-0.303172,-0.27255,0.046808;-1.72651,0.980825,-1.45919
-0.298713,-0.286229,0.0354153;-1.76527,1.06262,-1.40616
-0.300424,-0.291511,0.0302334;-1.65447,1.05838,-1.49708
-0.300615,-0.291745,0.0306736;-1.68409,1.06851,-1.46981
-0.300615,-0.291745,0.0306736;-1.68409,1.06851,-1.46981
-0.301772,-0.290236,0.0344701;-1.80282,1.08005,-1.35229
-0.301772,-0.290236,0.0344701;-1.80282,1.08005,-1.35229
