0,0,0.11;-1.57,-2.98023e-08,-1.57
0,0,0.11;-1.57,-2.98023e-08,-1.57
0,0,0.11;-1.57,-2.98023e-08,-1.57
0.000552679,0.00902728,0.0286504;-1.5673,-0.12778,-1.56998
0.000719603,0.00941573,0.0286638;-1.57086,-0.0903832,-1.56667
-0.00131026,0.00427674,0.0301912;-1.57556,-0.0226381,-1.55125
-0.00361311,-0.0286397,0.0368151;-1.44653,0.0517531,-1.5547
-0.00241755,-0.0190533,0.0286072;-1.57102,-0.0503035,-1.56923
-0.00209485,-0.0192012,0.028884;-1.55753,-0.0375666,-1.57141
-0.00193009,-0.019396,0.0287728;-1.56236,-0.0251385,-1.57146
-0.00172266,-0.0194543,0.0288102;-1.57262,0.021427,-1.56079
-0.00449034,-0.0240983,0.0310674;-1.58257,0.0793997,-1.54217
-0.00851819,-0.0488588,0.037104;-1.48627,0.184932,-1.54928
-0.00831904,-0.0584534,0.0335723;-1.48738,0.138442,-1.56592
-0.00648472,-0.0524586,0.0287856;-1.5826,0.0996983,-1.566
-0.00606289,-0.0526239,0.0286941;-1.56643,0.104718,-1.57261
-0.00719684,-0.0540723,0.0290704;-1.59481,0.175496,-1.5669
-0.0106396,-0.0584261,0.0320979;-1.63784,0.216115,-1.55473
-0.0166561,-0.0698074,0.0389927;-1.69005,0.298982,-1.53064
-0.019753,-0.0820868,0.0422416;-1.57696,0.303706,-1.56084
-0.0155451,-0.0764015,0.0344244;-1.60946,0.23959,-1.55932
-0.0118421,-0.0728974,0.0292037;-1.59914,0.197596,-1.568
-0.0126566,-0.0738944,0.0286737;-1.57096,0.232655,-1.57526
-0.0139069,-0.0735562,0.0289763;-1.58744,0.281611,-1.563
-0.0194506,-0.0788441,0.0324276;-1.62072,0.329964,-1.53874
-0.0268151,-0.0950722,0.0348488;-1.51578,0.380221,-1.56306
-0.0279748,-0.10049,0.0315617;-1.5101,0.336134,-1.58262
-0.0260851,-0.0974688,0.0288821;-1.55768,0.315142,-1.57679
-0.0260426,-0.0987682,0.0288732;-1.55783,0.351767,-1.57704
-0.0258766,-0.0988664,0.0285972;-1.57077,0.376433,-1.56971
-0.03762,-0.113514,0.0330151;-1.55578,0.502312,-1.54544
-0.0501477,-0.137954,0.0404586;-1.39774,0.576978,-1.625
-0.0516992,-0.142034,0.0372505;-1.41293,0.522406,-1.63224
-0.0423488,-0.129057,0.028567;-1.57066,0.433099,-1.5712
-0.042198,-0.129705,0.0288069;-1.56078,0.453942,-1.577
-0.0422655,-0.131198,0.028769;-1.56078,0.499225,-1.5758
-0.0466631,-0.134037,0.03076;-1.5811,0.576048,-1.53976
-0.062514,-0.154478,0.0374448;-1.45504,0.682362,-1.61003
-0.0711525,-0.167901,0.038844;-1.37659,0.675787,-1.66368
-0.0639208,-0.161583,0.0285385;-1.57007,0.606964,-1.57058
-0.0639535,-0.161742,0.0287913;-1.56443,0.626864,-1.57991
-0.0643812,-0.162462,0.0287167;-1.57063,0.651727,-1.57743
-0.0670428,-0.162013,0.0307475;-1.63118,0.706511,-1.52975
-0.0740147,-0.164829,0.0368284;-1.74834,0.768642,-1.43806
-0.0863011,-0.175968,0.0441372;-1.63336,0.851239,-1.51325
-0.0810545,-0.17803,0.0291611;-1.60603,0.733375,-1.54965
-0.0798471,-0.178029,0.0288146;-1.58574,0.723353,-1.56109
-0.0806515,-0.178504,0.0287539;-1.57294,0.748946,-1.57599
-0.082688,-0.178486,0.0290637;-1.59754,0.822478,-1.54532
-0.090376,-0.18081,0.0313581;-1.59889,0.878996,-1.52587
-0.110969,-0.19588,0.0383556;-1.4241,0.979681,-1.65835
-0.109074,-0.198962,0.0284766;-1.59039,0.874132,-1.54834
-0.107901,-0.198771,0.0285779;-1.57111,0.852772,-1.57033
-0.107928,-0.199397,0.0288561;-1.55438,0.869338,-1.58586
-0.108496,-0.20078,0.0288489;-1.57514,0.952207,-1.55617
-0.117598,-0.203382,0.0312062;-1.5834,1.01684,-1.53033
-0.142358,-0.217166,0.0393711;-1.29547,1.11997,-1.78015
-0.141574,-0.21849,0.0303838;-1.50782,1.02766,-1.61532
-0.136653,-0.21652,0.0285735;-1.57131,0.984002,-1.57012
-0.136606,-0.216948,0.0288953;-1.54741,0.997357,-1.59275
-0.136806,-0.217986,0.0287313;-1.57087,1.06151,-1.56344
-0.142111,-0.218486,0.0305222;-1.58762,1.11317,-1.53329
-0.166183,-0.227427,0.0369874;-1.33491,1.21043,-1.75989
-0.177247,-0.23245,0.0350801;-1.28798,1.18927,-1.81052
-0.171866,-0.230505,0.028829;-1.59473,1.15533,-1.54252
-0.171426,-0.230725,0.0285761;-1.57104,1.14341,-1.57055
-0.172509,-0.230223,0.0286704;-1.57799,1.19529,-1.56683
-0.174562,-0.228666,0.0298526;-1.68458,1.23479,-1.46225
-0.179917,-0.2262,0.0354159;-1.9584,1.27478,-1.19173
-0.203449,-0.231144,0.0444466;-1.60647,1.37069,-1.52402
-0.199561,-0.232627,0.0377887;-1.61136,1.31204,-1.52536
-0.193685,-0.234019,0.0291402;-1.66115,1.27117,-1.48451
-0.194762,-0.234399,0.0287283;-1.56997,1.30938,-1.57877
-0.195797,-0.234342,0.0285858;-1.57158,1.34863,-1.5699
-0.197357,-0.233077,0.0296583;-1.65151,1.37966,-1.47795
-0.240087,-0.236963,0.0402444;-0.157102,1.41812,-2.93534
-0.247519,-0.238477,0.0395191;-0.471396,1.38996,-2.64031
-0.234126,-0.237704,0.0303484;-1.347,1.41465,-1.78442
-0.230452,-0.238714,0.0288713;-1.50041,1.3982,-1.64206
-0.23077,-0.239681,0.0285807;-1.57104,1.46257,-1.5704
-0.231471,-0.239247,0.0290562;-1.61652,1.48145,-1.51134
-0.273231,-0.238277,0.0409519;0.662059,1.39297,2.51786
-0.284983,-0.238831,0.0388363;0.374483,1.40324,2.78605
-0.271614,-0.239089,0.0301856;-0.565892,1.53446,-2.56832
-0.268222,-0.240167,0.0288692;-1.31913,1.52285,-1.82399
-0.268324,-0.240909,0.0285799;1.57026,1.55211,1.57127
-0.268796,-0.240374,0.0291218;1.63741,1.53239,1.51694
-0.307236,-0.23406,0.040626;1.01472,1.31109,2.15701
-0.318968,-0.232791,0.0375727;0.809135,1.33902,2.34105
-0.31198,-0.234346,0.0294277;1.4398,1.42715,1.71012
-0.31079,-0.235794,0.0287763;1.55106,1.41142,1.58381
-0.313228,-0.234578,0.0287784;1.61006,1.32834,1.53226
-0.313459,-0.233992,0.0291319;1.67629,1.31759,1.46899
-0.331951,-0.223226,0.0418609;1.73997,1.17609,1.41915
-0.339899,-0.220952,0.0417917;1.51844,1.22537,1.62136
-0.334597,-0.223132,0.0331588;1.65238,1.23542,1.49834
-0.329463,-0.227467,0.0286451;1.56483,1.29382,1.57363
-0.331494,-0.226644,0.0288431;1.55423,1.24004,1.57926
-0.332062,-0.226023,0.0285933;1.57161,1.19661,1.57108
-0.333464,-0.223028,0.0299223;1.6001,1.15264,1.55961
-0.369998,-0.201325,0.0397339;1.29588,0.99066,1.84153
-0.372787,-0.200548,0.0361937;1.30299,1.04656,1.82111
-0.365424,-0.207055,0.0286851;1.57273,1.10374,1.5782
-0.365864,-0.207481,0.0287481;1.55327,1.09379,1.58639
-0.366117,-0.2078,0.0286117;1.57228,1.0621,1.5718
-0.366065,-0.207271,0.0291598;1.57712,1.03321,1.57975
-0.396605,-0.181431,0.0396924;1.37061,0.835025,1.7658
-0.407802,-0.174323,0.0380238;1.30998,0.872387,1.79155
-0.401426,-0.180645,0.0286405;1.58145,0.923775,1.57139
-0.40121,-0.181858,0.028804;1.55424,0.934459,1.58332
-0.401603,-0.182259,0.0285829;1.56989,0.892574,1.57179
-0.401548,-0.181933,0.0289966;1.58103,0.867664,1.57737
-0.425219,-0.152746,0.0389589;1.42119,0.680037,1.71163
-0.434474,-0.143316,0.0379659;1.36062,0.717766,1.73366
-0.429306,-0.15009,0.028724;1.57299,0.756341,1.57755
-0.428836,-0.151721,0.0288051;1.56542,0.758858,1.56769
-0.429109,-0.151559,0.0286797;1.57077,0.749937,1.56613
-0.429251,-0.14941,0.0291373;1.60028,0.691321,1.54999
-0.440026,-0.12502,0.0418551;1.59243,0.554112,1.56495
-0.447416,-0.114653,0.0415177;1.43133,0.565726,1.66099
-0.446291,-0.115373,0.0346875;1.44503,0.625367,1.64315
-0.439241,-0.126921,0.0288784;1.56517,0.702187,1.56442
-0.438597,-0.127457,0.028743;1.57073,0.712071,1.56305
-0.438882,-0.126575,0.0286853;1.57135,0.677265,1.56571
-0.445318,-0.109258,0.0332639;1.59879,0.549777,1.57801
-0.455909,-0.0909669,0.0400569;1.3882,0.480473,1.70201
-0.458117,-0.0863488,0.0382396;1.39879,0.515996,1.68554
-0.45366,-0.0938688,0.0285943;1.57102,0.608553,1.57156
-0.453716,-0.0941548,0.028746;1.5612,0.596282,1.57629
-0.454334,-0.0942807,0.0287542;1.56081,0.563287,1.57617
-0.454721,-0.0897637,0.0305987;1.57987,0.488096,1.59212
-0.461374,-0.0713927,0.0351067;1.52719,0.397886,1.62831
-0.467292,-0.0596867,0.040185;1.39186,0.381184,1.67917
-0.462722,-0.0653946,0.0285919;1.5695,0.496825,1.57637
-0.462579,-0.0656669,0.028755;1.562,0.502452,1.57399
-0.462264,-0.0662004,0.0286388;1.56757,0.510513,1.57245
-0.462177,-0.0651922,0.0293577;1.5743,0.435984,1.58529
-0.464369,-0.0533975,0.0323957;1.58571,0.368766,1.59931
-0.470757,-0.0330938,0.0397275;1.41963,0.291471,1.6648
-0.468216,-0.0337219,0.0287302;1.57868,0.386962,1.57296
-0.468078,-0.0358647,0.0285988;1.57114,0.409954,1.56948
-0.466455,-0.0374564,0.0287029;1.57104,0.461998,1.56455
-0.466649,-0.0342672,0.0289641;1.58898,0.383148,1.56179
-0.470903,-0.0196715,0.0334753;1.60965,0.318818,1.56024
-0.478166,-0.00110095,0.0402527;1.37925,0.251655,1.65545
-0.473853,-0.00434824,0.0304026;1.54338,0.379485,1.57412
-0.472384,-0.00886731,0.0287454;1.57083,0.424697,1.56291
-0.47115,-0.0108298,0.0287372;1.57193,0.471477,1.56318
-0.470768,-0.0104377,0.0286793;1.57424,0.437083,1.57419
-0.473815,0.00131263,0.0308682;1.58089,0.369768,1.58888
-0.48113,0.0197645,0.0385809;1.43199,0.302393,1.65578
-0.480498,0.0213081,0.0311712;1.52972,0.380714,1.60154
-0.479964,0.0184461,0.0286435;1.57119,0.420459,1.57381
-0.479882,0.0180339,0.0287435;1.56223,0.416226,1.57439
-0.480515,0.0175293,0.028701;1.57088,0.354635,1.57661
-0.480113,0.0195157,0.0297892;1.5735,0.323182,1.58974
-0.482604,0.0353448,0.0332372;1.56628,0.245209,1.60724
-0.48612,0.0535108,0.0367844;1.45001,0.247589,1.62982
-0.48336,0.0473491,0.0288719;1.57525,0.309758,1.57964
-0.483278,0.0468183,0.0285954;1.5706,0.317496,1.57166
-0.482995,0.0459805,0.0285999;1.56994,0.308768,1.57149
-0.482701,0.0459037,0.0288675;1.57414,0.269035,1.5817
-0.482046,0.0531815,0.0310835;1.58179,0.213098,1.59577
-0.486038,0.0824853,0.0395506;1.4129,0.143485,1.63388
-0.48409,0.0798418,0.0328633;1.49343,0.188902,1.59906
-0.483563,0.0754304,0.0285723;1.57079,0.225382,1.57051
-0.481883,0.072652,0.0287211;1.5705,0.318107,1.56424
-0.481749,0.0733285,0.0287278;1.57096,0.288166,1.56399
-0.4813,0.0781281,0.0299288;1.60113,0.224388,1.56184
-0.487493,0.1137,0.0406868;1.36692,0.11112,1.63
-0.486501,0.116812,0.0382906;1.39631,0.175097,1.61377
-0.48234,0.106471,0.0291258;1.5662,0.236093,1.56767
-0.480776,0.101565,0.0286947;1.57101,0.331561,1.56493
-0.481221,0.102353,0.0285783;1.57118,0.312775,1.57115
-0.480812,0.102864,0.0288457;1.5721,0.265072,1.58321
-0.486175,0.139056,0.0387265;1.44001,0.115808,1.63442
-0.486891,0.146832,0.0383669;1.42146,0.166738,1.62502
-0.484097,0.140019,0.0286685;1.58461,0.233075,1.57345
-0.484652,0.138359,0.0287313;1.56328,0.255259,1.57275
-0.48539,0.137988,0.0286121;1.5719,0.197559,1.57351
-0.485062,0.138522,0.0288802;1.57684,0.176947,1.58397
-0.485062,0.138522,0.0288802;1.57684,0.176947,1.58397
-0.484075,0.148228,0.0311929;1.57671,0.114445,1.60185
-0.484075,0.148228,0.0311929;1.57671,0.114445,1.60185
