0,0,0.11;-1.57,-2.98023e-08,-1.57
0,0,0.11;-1.57,-2.98023e-08,-1.57
0,0,0.11;-1.57,-2.98023e-08,-1.57
0.000382959,0.00884086,0.0286277;-1.56864,-0.127628,-1.57082
0.000345669,0.00872869,0.028589;-1.57079,-0.0843421,-1.57029
-0.00119147,0.00502178,0.0299469;-1.57687,-0.0354611,-1.55697
-0.00187394,-0.0179101,0.0354055;-1.44908,0.00984011,-1.55611
-0.00258351,-0.0134551,0.028578;-1.571,-0.0688479,-1.57097
-0.00236009,-0.0138431,0.0288437;-1.55961,-0.0556897,-1.57174
-0.00239643,-0.0135354,0.0286427;-1.5679,-0.0597699,-1.57069
-0.00188016,-0.0141553,0.0286601;-1.57066,-0.000759155,-1.56675
-0.0035545,-0.0180806,0.0299507;-1.56993,0.0386856,-1.55107
-0.00619419,-0.0404295,0.0347115;-1.48925,0.131925,-1.55395
-0.00610571,-0.0505187,0.0327074;-1.49085,0.109247,-1.57215
-0.00555157,-0.045929,0.0286012;-1.57119,0.0665483,-1.56941
-0.00544368,-0.0458165,0.0286906;-1.56521,0.0595537,-1.57105
-0.00521822,-0.0462344,0.0286003;-1.57057,0.0995756,-1.56967
-0.00702393,-0.0479963,0.0296719;-1.57469,0.145518,-1.55455
-0.0147359,-0.0671108,0.0340166;-1.53367,0.235423,-1.54998
-0.0196322,-0.0914955,0.0385185;-1.40018,0.274496,-1.59776
-0.0179647,-0.0847035,0.0333073;-1.47665,0.219919,-1.58572
-0.0163861,-0.0789605,0.0285778;-1.57091,0.172394,-1.57085
-0.0162638,-0.0788956,0.0285894;-1.57005,0.184328,-1.57116
-0.0162957,-0.078721,0.0287133;-1.57088,0.219834,-1.56427
-0.0202023,-0.0824535,0.0307324;-1.58154,0.279537,-1.54398
-0.0297361,-0.102427,0.0342787;-1.49835,0.332532,-1.57488
-0.0305558,-0.107572,0.0317281;-1.50283,0.307561,-1.58664
-0.0289028,-0.104776,0.028857;-1.55819,0.279718,-1.57531
-0.0288001,-0.104938,0.0287684;-1.56187,0.291234,-1.57375
-0.028729,-0.105039,0.0285874;-1.57056,0.317215,-1.5701
-0.0382946,-0.1151,0.0323883;-1.58822,0.430356,-1.52946
-0.0520792,-0.140203,0.0395033;-1.39875,0.508284,-1.62796
-0.0549264,-0.148099,0.0375579;-1.38379,0.476487,-1.65234
-0.0476152,-0.137234,0.0285969;-1.56955,0.416297,-1.57169
-0.0475503,-0.137604,0.0288216;-1.55912,0.426908,-1.57645
-0.0475336,-0.137902,0.0287321;-1.56265,0.448311,-1.57429
-0.0505976,-0.138635,0.0303357;-1.58283,0.519534,-1.54178
-0.0663905,-0.154429,0.0348923;-1.51788,0.604905,-1.56773
-0.0803815,-0.173638,0.038735;-1.35175,0.621369,-1.68879
-0.0721294,-0.16491,0.0285411;-1.57027,0.545392,-1.5714
-0.0717404,-0.164885,0.0288481;-1.5573,0.550184,-1.57901
-0.0718439,-0.165352,0.0288158;-1.55878,0.563004,-1.57821
-0.0719638,-0.165267,0.0289712;-1.57525,0.622205,-1.55601
-0.0820564,-0.171489,0.0320629;-1.59154,0.695104,-1.52377
-0.102408,-0.191649,0.039579;-1.37132,0.779104,-1.68146
-0.0990991,-0.192552,0.0285332;-1.58913,0.71154,-1.55328
-0.0979436,-0.192065,0.0285785;-1.57024,0.688051,-1.57158
-0.0979935,-0.192364,0.0288322;-1.55652,0.696991,-1.58097
-0.0978611,-0.192559,0.0287586;-1.57117,0.757176,-1.56154
-0.104725,-0.1949,0.0311334;-1.58827,0.820507,-1.5302
-0.127221,-0.21034,0.0377761;-1.40244,0.91867,-1.67529
-0.130746,-0.214088,0.028587;-1.58473,0.845676,-1.55589
-0.129831,-0.21365,0.0285736;-1.57125,0.815334,-1.5705
-0.129886,-0.214016,0.0288311;-1.55447,0.821968,-1.58387
-0.12997,-0.214694,0.0287211;-1.57092,0.880169,-1.56378
-0.136233,-0.216399,0.0307157;-1.58118,0.941808,-1.5393
-0.159153,-0.229607,0.038069;-1.34837,1.03484,-1.73356
-0.167495,-0.23754,0.0294139;-1.53178,1.02954,-1.59984
-0.166436,-0.236768,0.0285749;-1.57124,0.992503,-1.5705
-0.166336,-0.236972,0.0287408;-1.55712,0.998632,-1.5825
-0.166416,-0.237381,0.0286417;-1.56935,1.03761,-1.56916
-0.169522,-0.237556,0.0298765;-1.577,1.09104,-1.54832
-0.191113,-0.245618,0.0348485;-1.38986,1.18983,-1.71459
-0.209461,-0.256413,0.0337602;-1.28231,1.25019,-1.82867
-0.206376,-0.255651,0.028735;-1.56084,1.22447,-1.57615
-0.206126,-0.255387,0.028576;-1.57118,1.20074,-1.57049
-0.206094,-0.255489,0.02858;-1.57078,1.2204,-1.57081
-0.205774,-0.255831,0.0287084;-1.57143,1.26758,-1.5639
-0.212653,-0.256882,0.0305278;-1.52319,1.3389,-1.5956
-0.245022,-0.265144,0.0374691;-0.811551,1.39595,-2.28875
-0.245367,-0.265464,0.0333779;-1.11532,1.38181,-2.00473
-0.242077,-0.264887,0.0286275;-1.57151,1.36905,-1.56781
-0.24177,-0.265004,0.0285857;-1.56844,1.37541,-1.57324
-0.241887,-0.265362,0.0285808;-1.56872,1.41944,-1.57301
-0.242397,-0.265337,0.0289217;-1.52902,1.4523,-1.60183
-0.273525,-0.268068,0.0394909;0.276452,1.44387,2.91042
-0.284432,-0.268959,0.0363882;-0.0610224,1.45295,-3.05846
-0.279675,-0.268943,0.0289348;-1.25928,1.53199,-1.87693
-0.278478,-0.269142,0.0285898;-1.56026,1.5193,-1.58126
-0.279234,-0.269549,0.0285812;1.51824,1.56745,1.62342
-0.279366,-0.269728,0.0287896;1.51478,1.53487,1.63496
-0.306213,-0.267496,0.0386219;1.02528,1.35397,2.14911
-0.31851,-0.266036,0.035987;0.924207,1.38336,2.22797
-0.314852,-0.267025,0.0288561;1.50333,1.43634,1.64198
-0.314084,-0.267242,0.028579;1.57002,1.45095,1.57162
-0.314943,-0.267843,0.0285783;1.57011,1.39607,1.57147
-0.315165,-0.267967,0.0287529;1.56222,1.36945,1.58605
-0.338968,-0.262968,0.0383301;1.26888,1.21147,1.89712
-0.353465,-0.261352,0.0353362;1.27356,1.22342,1.87089
-0.352428,-0.263178,0.0292584;1.5121,1.24553,1.63091
-0.351262,-0.263408,0.0285882;1.57093,1.26389,1.57018
-0.352048,-0.26355,0.0285797;1.5704,1.21756,1.57111
-0.352153,-0.263635,0.0287139;1.56874,1.2076,1.57909
-0.368388,-0.256672,0.0362218;1.40985,1.06543,1.75123
-0.381983,-0.252433,0.0335311;1.39962,1.07127,1.73862
-0.380898,-0.253286,0.032354;1.43974,1.07036,1.70106
-0.379235,-0.253454,0.0285979;1.56873,1.11911,1.57258
-0.379351,-0.253407,0.0286255;1.56624,1.10255,1.57473
-0.379513,-0.253543,0.0285977;1.57056,1.08021,1.57197
-0.379718,-0.253853,0.0293673;1.5517,1.04913,1.60043
-0.388467,-0.245108,0.0362781;1.39634,1.00469,1.76002
-0.392475,-0.24321,0.0325388;1.42837,1.05131,1.70844
-0.390158,-0.244355,0.0286296;1.57302,1.08666,1.57211
-0.390013,-0.244671,0.0285795;1.57068,1.08091,1.5708
-0.390565,-0.244502,0.0285797;1.57067,1.04698,1.57086
-0.390688,-0.244768,0.0288295;1.56585,1.0217,1.58504
-0.403767,-0.235992,0.036032;1.4078,0.909579,1.74217
-0.412064,-0.231808,0.0339299;1.41138,0.942817,1.71903
-0.409754,-0.232639,0.0286546;1.57149,0.987423,1.57373
-0.409222,-0.233047,0.0286136;1.57093,1.00388,1.56903
-0.41019,-0.232511,0.0285818;1.57083,0.959585,1.57065
-0.410194,-0.232578,0.0286235;1.57039,0.933003,1.57299
-0.419882,-0.223703,0.0353306;1.43962,0.835135,1.70463
-0.428827,-0.219385,0.0333017;1.43678,0.855443,1.68758
-0.428248,-0.221762,0.0286356;1.57287,0.877708,1.5732
-0.427317,-0.222788,0.0286625;1.57099,0.918848,1.56673
-0.427738,-0.222355,0.0286561;1.5708,0.889414,1.56724
-0.427777,-0.222021,0.0285791;1.57059,0.86103,1.571
-0.432552,-0.213581,0.0344457;1.48435,0.783924,1.66221
-0.436874,-0.209814,0.0361095;1.45345,0.793731,1.67786
-0.438781,-0.21118,0.0300699;1.51925,0.812855,1.6135
-0.436795,-0.213981,0.0287213;1.57426,0.892069,1.56316
-0.437041,-0.213647,0.0286729;1.57142,0.875173,1.56592
-0.437553,-0.212691,0.0286356;1.57206,0.835738,1.56758
-0.440004,-0.208069,0.0313705;1.54828,0.759604,1.60658
-0.443977,-0.200217,0.0385293;1.47611,0.745124,1.66136
-0.447916,-0.198252,0.0364313;1.47169,0.787515,1.64957
-0.448162,-0.202896,0.0288486;1.57715,0.819711,1.55778
-0.447746,-0.203293,0.0288533;1.57857,0.826737,1.55739
-0.448386,-0.202692,0.0288709;1.58105,0.806956,1.55664
-0.448198,-0.20096,0.0296431;1.57642,0.761824,1.57779
-0.448567,-0.196014,0.0349594;1.53342,0.738077,1.62153
-0.450851,-0.192289,0.0388525;1.50324,0.74936,1.63766
-0.450847,-0.194524,0.0289612;1.59075,0.848199,1.55044
-0.450369,-0.195325,0.0288956;1.58565,0.850446,1.55431
-0.450886,-0.194189,0.0287933;1.57802,0.823016,1.5603
-0.451846,-0.190411,0.0290259;1.59866,0.723961,1.55126
-0.455415,-0.183859,0.0321821;1.5904,0.664953,1.56532
-0.461713,-0.174569,0.0410794;1.51111,0.6178,1.6183
-0.464767,-0.176546,0.0289921;1.59401,0.73999,1.5495
-0.464232,-0.178478,0.0289906;1.59181,0.77194,1.55135
-0.464548,-0.178071,0.0288927;1.58295,0.756864,1.55629
-0.464725,-0.174312,0.0291625;1.60475,0.666902,1.54775
-0.467009,-0.167111,0.0316431;1.61854,0.605045,1.54386
-0.472774,-0.157133,0.0405525;1.53504,0.549819,1.59546
-0.479831,-0.157147,0.0290233;1.59294,0.633135,1.55061
-0.479541,-0.159448,0.0290789;1.59442,0.669533,1.55043
-0.47958,-0.159248,0.0289658;1.58567,0.660095,1.55495
-0.479769,-0.155581,0.0291923;1.60395,0.584522,1.54997
-0.480727,-0.150182,0.0317914;1.63364,0.529324,1.53804
-0.486222,-0.14022,0.0402234;1.56173,0.463538,1.57671
-0.494396,-0.137556,0.0287777;1.57001,0.522092,1.5622
-0.493861,-0.140168,0.0291988;1.60041,0.568506,1.54965
-0.493522,-0.140472,0.0290603;1.58926,0.570181,1.55327
-0.493779,-0.137971,0.0291342;1.59807,0.516361,1.55391
-0.493536,-0.134318,0.0300255;1.60963,0.472497,1.55008
-0.496161,-0.125375,0.0354766;1.6101,0.400561,1.55527
-0.505488,-0.113737,0.03678;1.54409,0.402809,1.5728
-0.50591,-0.119988,0.0290834;1.59073,0.465696,1.55477
-0.505956,-0.122022,0.029124;1.59378,0.496163,1.55362
-0.505944,-0.119437,0.0289347;1.58141,0.442144,1.55892
-0.505609,-0.117871,0.0291729;1.60135,0.404618,1.5576
-0.505302,-0.112622,0.0314434;1.62405,0.349742,1.55297
-0.512048,-0.093794,0.0404356;1.53326,0.284326,1.58228
-0.514138,-0.0964143,0.030843;1.55488,0.353552,1.5677
-0.514582,-0.10025,0.0292;1.59974,0.406208,1.5553
-0.514307,-0.0989383,0.0288866;1.58027,0.373783,1.56154
-0.513716,-0.0971183,0.0290554;1.59225,0.316997,1.56143
-0.512979,-0.0949673,0.0292352;1.59824,0.285836,1.56216
-0.514809,-0.0766194,0.0419639;1.52893,0.192086,1.5882
-0.51828,-0.0723046,0.0372363;1.53198,0.247327,1.57456
-0.51952,-0.0771658,0.0290264;1.58871,0.312716,1.56048
-0.520027,-0.0783793,0.028822;1.57725,0.320144,1.56338
-0.519175,-0.0762903,0.0288283;1.57809,0.264434,1.56404
-0.518441,-0.0753944,0.0290611;1.59319,0.23207,1.56388
-0.519041,-0.0570614,0.0394804;1.5286,0.114678,1.58616
-0.523795,-0.0486497,0.0371934;1.53602,0.137738,1.57148
-0.525806,-0.0518799,0.0288282;1.57765,0.196624,1.56282
-0.526203,-0.0532419,0.0288267;1.57847,0.212679,1.56403
-0.525849,-0.0516486,0.028657;1.57219,0.175233,1.56717
-0.525173,-0.0507688,0.028975;1.58949,0.134064,1.56749
-0.525173,-0.0507688,0.028975;1.58949,0.134064,1.56749
-0.524078,-0.0452018,0.0306025;1.59697,0.0767783,1.57474
-0.524078,-0.0452018,0.0306025;1.59697,0.0767783,1.57474
