0,0,0.11;-1.57,-2.98023e-08,-1.57
0,0,0.11;-1.57,-2.98023e-08,-1.57
0,0,0.11;-1.57,-2.98023e-08,-1.57
-0.000137692,0.00300942,0.0285982;-1.57078,-0.177075,-1.57164
-7.54841e-05,0.00257439,0.0286349;-1.57091,-0.155001,-1.56809
-0.00147613,0.000221853,0.0297917;-1.56398,-0.140574,-1.54937
-0.00391158,-0.007762,0.0310646;-1.55172,-0.153044,-1.53232
-0.0049953,-0.0101592,0.028583;-1.57119,-0.251444,-1.57135
-0.0053004,-0.0101315,0.0286131;-1.5692,-0.279902,-1.57039
-0.00548007,-0.0100712,0.0285854;-1.57056,-0.292364,-1.5708
-0.00528014,-0.010257,0.0286485;-1.56976,-0.256352,-1.56787
-0.00531947,-0.0108281,0.0295997;-1.55503,-0.223975,-1.55033
-0.00539985,-0.0107111,0.0323067;-1.54705,-0.193555,-1.52154
-0.0064345,-0.013474,0.0298643;-1.55305,-0.237463,-1.54928
-0.00673685,-0.0133371,0.0287213;-1.57035,-0.271927,-1.56443
-0.00677996,-0.0131197,0.0286477;-1.57105,-0.2789,-1.56746
-0.00663077,-0.0131793,0.0285795;-1.57077,-0.251653,-1.57071
-0.00556192,-0.0135205,0.0290486;-1.56004,-0.1684,-1.56553
-0.00709553,-0.0226175,0.0326177;-1.5353,-0.0740253,-1.54474
-0.00323931,-0.044528,0.0356388;-1.45421,0.0301957,-1.56109
-0.0017186,-0.0425686,0.034474;-1.46411,-0.00589905,-1.57564
-0.00337897,-0.0333391,0.0294031;-1.54616,-0.0716746,-1.58388
-0.0041792,-0.0254484,0.029187;-1.55626,-0.148159,-1.58388
-0.00399182,-0.0257095,0.0291764;-1.56138,-0.120783,-1.58842
-0.00533253,-0.0323341,0.0323265;-1.5166,-0.0527615,-1.57689
-0.0059475,-0.045948,0.0373704;-1.43501,0.041786,-1.57085
-0.00361005,-0.048874,0.0356138;-1.44302,0.0585333,-1.58653
-0.00673568,-0.0338759,0.0294606;-1.54583,-0.0455502,-1.58163
-0.00848928,-0.0301052,0.0291696;-1.55333,-0.108413,-1.57984
-0.00946716,-0.028434,0.0291061;-1.55669,-0.145157,-1.57993
-0.0129295,-0.0343842,0.0310192;-1.58826,-0.0595051,-1.54786
-0.01286,-0.053225,0.0343516;-1.55258,0.0168173,-1.52189
-0.00955334,-0.0645251,0.0330403;-1.52991,0.0454518,-1.53805
-0.00917001,-0.0614085,0.0285973;-1.56969,-0.00148764,-1.57111
-0.00903965,-0.061574,0.0288119;-1.55962,0.00150144,-1.57066
-0.00888469,-0.0618478,0.0288336;-1.55865,0.012293,-1.57083
-0.00974309,-0.0645345,0.0298119;-1.57543,0.0405019,-1.55131
-0.011839,-0.074882,0.0328661;-1.58244,0.0767954,-1.51868
-0.0114146,-0.0874713,0.0338941;-1.55713,0.0903517,-1.51328
-0.00946808,-0.0873168,0.0285856;-1.57072,0.0244507,-1.57049
-0.00965034,-0.0873355,0.0286752;-1.56621,0.00484093,-1.57074
-0.00964824,-0.087506,0.0287192;-1.56488,0.00737978,-1.5716
-0.00992907,-0.0883709,0.0288486;-1.56756,0.0329811,-1.56071
-0.0127126,-0.0934182,0.0313665;-1.56589,0.045758,-1.53413
-0.0169366,-0.103673,0.0341282;-1.55301,0.0831421,-1.51007
-0.0190411,-0.114971,0.0286332;-1.57102,-0.0144846,-1.56675
-0.0190682,-0.114913,0.0285773;-1.57078,-0.0590791,-1.57096
-0.0193799,-0.114843,0.0285773;-1.5707,-0.0844302,-1.57098
-0.0196623,-0.115687,0.028617;-1.57009,-0.0598033,-1.57239
-0.0230618,-0.122619,0.0299028;-1.5507,0.0105375,-1.56759
-0.0304342,-0.14193,0.0359844;-1.47843,0.106253,-1.56505
-0.0333925,-0.152044,0.0331551;-1.48694,0.0514816,-1.58639
-0.0328179,-0.148495,0.0296688;-1.54405,0.026808,-1.58626
-0.0328318,-0.145086,0.0291608;-1.5569,-0.00832359,-1.58478
-0.0328262,-0.142925,0.0292965;-1.56161,-0.0327826,-1.59007
-0.0320271,-0.146393,0.0324271;-1.51889,0.0257123,-1.59053
-0.0332897,-0.156718,0.0365633;-1.44947,0.115821,-1.59386
-0.0365628,-0.162963,0.0358465;-1.44139,0.0821553,-1.59469
-0.0377799,-0.157789,0.0318495;-1.50694,0.0284809,-1.58559
-0.0377458,-0.152812,0.0291519;-1.55269,-0.0221283,-1.58009
-0.0380794,-0.151007,0.0288078;-1.5706,-0.0535462,-1.58165
-0.036806,-0.152814,0.0291139;-1.55831,0.0234143,-1.569
-0.0377929,-0.157044,0.0322923;-1.51467,0.112668,-1.56509
-0.0392282,-0.160707,0.0334696;-1.47933,0.140183,-1.56398
-0.0395145,-0.160808,0.0297336;-1.53688,0.0929468,-1.56742
-0.038992,-0.15996,0.0286108;-1.57116,0.0789248,-1.56887
-0.0383712,-0.160045,0.0285801;-1.57014,0.117152,-1.57157
-0.036917,-0.159597,0.0289814;-1.56161,0.185225,-1.5623
-0.0371853,-0.159501,0.0304586;-1.55389,0.20401,-1.54741
-0.0398006,-0.164404,0.0337674;-1.54064,0.279849,-1.51539
-0.0386467,-0.166227,0.0312306;-1.54744,0.250216,-1.54037
-0.0383755,-0.166011,0.0288239;-1.56901,0.22837,-1.56131
-0.038429,-0.166429,0.0286444;-1.57077,0.23475,-1.57386
-0.0383661,-0.166937,0.0285791;-1.57077,0.25868,-1.5709
-0.0384886,-0.167029,0.0291305;-1.56743,0.272324,-1.55672
-0.0496432,-0.178692,0.0360367;-1.58374,0.340815,-1.50455
-0.0537674,-0.187567,0.0343259;-1.55244,0.298139,-1.54587
-0.0542581,-0.188717,0.0289678;-1.56869,0.248639,-1.5622
-0.0534615,-0.186763,0.0289055;-1.57515,0.147261,-1.58127
-0.0534933,-0.186699,0.0289578;-1.57354,0.142325,-1.58552
-0.0538798,-0.186774,0.0288627;-1.57205,0.146669,-1.58263
-0.0658698,-0.202858,0.0399423;-1.48761,0.266459,-1.59671
-0.0670793,-0.207203,0.0404778;-1.43651,0.21316,-1.62997
-0.0673051,-0.204377,0.0371014;-1.44104,0.178835,-1.62834
-0.0628876,-0.198142,0.0324438;-1.53531,0.138392,-1.61503
-0.0612922,-0.1962,0.0325243;-1.53589,0.136383,-1.61964
-0.0615821,-0.198587,0.0355856;-1.48969,0.157002,-1.63669
-0.0737861,-0.210596,0.0435921;-1.41671,0.286567,-1.63865
-0.073518,-0.209994,0.0441117;-1.40334,0.216748,-1.65369
-0.0729818,-0.205941,0.0402126;-1.3963,0.205063,-1.65632
-0.0710574,-0.201766,0.0395722;-1.42754,0.141959,-1.64624
-0.0705495,-0.198441,0.0344853;-1.51229,0.125366,-1.6255
-0.0700777,-0.198665,0.0309167;-1.55961,0.140712,-1.60935
-0.0735157,-0.199432,0.0391383;-1.53954,0.205108,-1.58225
-0.075435,-0.20111,0.0400884;-1.54033,0.216825,-1.5754
-0.0795201,-0.207588,0.0342629;-1.47475,0.257992,-1.60498
-0.0791295,-0.205816,0.0288929;-1.576,0.195322,-1.57989
-0.0781503,-0.204949,0.028977;-1.57792,0.170363,-1.58149
-0.0785401,-0.205894,0.0288816;-1.57023,0.198935,-1.58567
-0.0773939,-0.206065,0.0296012;-1.56412,0.246985,-1.58014
-0.0791329,-0.213107,0.0395795;-1.55227,0.406598,-1.55624
-0.0798397,-0.216056,0.0381331;-1.47661,0.39483,-1.6066
-0.0772221,-0.216107,0.0319512;-1.50711,0.366635,-1.60564
-0.0742325,-0.213412,0.0290427;-1.58228,0.331151,-1.57832
-0.0746007,-0.213783,0.0289396;-1.5764,0.345029,-1.58069
-0.0758939,-0.214522,0.0291237;-1.58335,0.383387,-1.57085
-0.0828898,-0.221855,0.0395898;-1.59914,0.535455,-1.52228
-0.0841558,-0.223783,0.0420965;-1.55806,0.512887,-1.55541
-0.0808916,-0.221385,0.0349568;-1.52147,0.492489,-1.5882
-0.0721899,-0.214715,0.030051;-1.57351,0.443352,-1.59543
-0.0706141,-0.212211,0.030988;-1.5709,0.418569,-1.61033
-0.0715893,-0.21284,0.0309109;-1.56899,0.435105,-1.606
-0.0784314,-0.216242,0.045525;-1.60057,0.520925,-1.55871
-0.083069,-0.225097,0.0471202;-1.49855,0.507044,-1.61916
-0.0880017,-0.234945,0.0394903;-1.35023,0.49843,-1.69755
-0.0819699,-0.228842,0.0373064;-1.48234,0.48124,-1.68156
-0.0786562,-0.223738,0.0358307;-1.54847,0.466147,-1.6719
-0.079127,-0.225871,0.0346406;-1.54402,0.492736,-1.66537
-0.0843133,-0.225822,0.0424578;-1.52555,0.475643,-1.63632
-0.0877799,-0.23004,0.0449414;-1.53179,0.457039,-1.6247
-0.0921663,-0.240473,0.0369215;-1.46119,0.441714,-1.67639
-0.0902624,-0.240986,0.0340884;-1.57031,0.438528,-1.6451
-0.0905717,-0.239794,0.0346472;-1.56687,0.422726,-1.64699
-0.0918295,-0.240817,0.0326374;-1.56041,0.418629,-1.63426
-0.0963966,-0.239598,0.033016;-1.55313,0.417227,-1.60866
-0.101378,-0.243295,0.0389238;-1.55086,0.46279,-1.58117
-0.106335,-0.24931,0.0358571;-1.49896,0.438305,-1.60529
-0.110298,-0.242769,0.029785;-1.54985,0.332223,-1.58619
-0.108781,-0.24385,0.0294909;-1.55756,0.354934,-1.57992
-0.108837,-0.243562,0.0291718;-1.56715,0.342463,-1.57617
-0.10696,-0.2447,0.0331467;-1.50257,0.436963,-1.5883
-0.111227,-0.252992,0.0366246;-1.45061,0.516032,-1.59831
-0.113916,-0.256256,0.0376768;-1.42325,0.498319,-1.61233
-0.116235,-0.255432,0.036108;-1.40967,0.438287,-1.64458
-0.115709,-0.255502,0.0352528;-1.43266,0.41739,-1.62751
-0.116833,-0.253829,0.0317334;-1.50962,0.359557,-1.59616
-0.115466,-0.255813,0.0288087;-1.5713,0.428061,-1.58192
-0.114797,-0.258923,0.0296934;-1.56286,0.486165,-1.57552
-0.113907,-0.258378,0.0341345;-1.51977,0.517,-1.58143
-0.113618,-0.262265,0.028941;-1.57203,0.513776,-1.58605
-0.113033,-0.261585,0.0291261;-1.56929,0.517623,-1.58708
-0.111229,-0.25871,0.0290897;-1.57285,0.493705,-1.58427
-0.110321,-0.257782,0.030507;-1.56241,0.496068,-1.60993
-0.110633,-0.259426,0.0318903;-1.55049,0.550335,-1.61674
-0.111183,-0.25797,0.0358601;-1.52721,0.585135,-1.60542
-0.108746,-0.258575,0.0354725;-1.43476,0.569401,-1.66622
-0.106136,-0.252306,0.0321539;-1.51781,0.537194,-1.62249
-0.102239,-0.246065,0.0303349;-1.56931,0.488736,-1.60095
-0.102757,-0.246788,0.0305914;-1.56232,0.507401,-1.61116
-0.10964,-0.254257,0.0343698;-1.4814,0.556659,-1.6304
-0.119107,-0.266759,0.042424;-1.2654,0.573788,-1.72026
-0.123064,-0.267943,0.0424245;-1.24871,0.51934,-1.72729
-0.122438,-0.264684,0.0414023;-1.26675,0.502592,-1.71841
-0.120847,-0.262139,0.0405585;-1.29411,0.490098,-1.70058
-0.11523,-0.249869,0.0289279;-1.56898,0.46867,-1.58684
-0.11628,-0.250588,0.0287608;-1.5793,0.500507,-1.56821
-0.121005,-0.255431,0.0325813;-1.63178,0.525843,-1.51728
-0.128369,-0.264788,0.0352379;-1.4781,0.503504,-1.57043
-0.129878,-0.26329,0.0324914;-1.51466,0.470986,-1.55758
-0.130981,-0.261551,0.0299996;-1.54494,0.439466,-1.55345
-0.129394,-0.260265,0.0302393;-1.54983,0.446073,-1.55156
-0.13067,-0.260713,0.0310904;-1.54871,0.42934,-1.54057
-0.132555,-0.262606,0.0337167;-1.53347,0.433894,-1.5246
-0.138717,-0.269463,0.0384372;-1.46272,0.405171,-1.53516
-0.143517,-0.270267,0.0371151;-1.44438,0.36268,-1.56083
-0.146009,-0.269247,0.0362445;-1.44299,0.336531,-1.57551
-0.142619,-0.268698,0.0374414;-1.38421,0.296519,-1.61191
-0.13842,-0.264767,0.0314661;-1.50638,0.334114,-1.57823
-0.134653,-0.261953,0.0300728;-1.55985,0.393204,-1.54729
-0.142351,-0.272758,0.0341974;-1.54117,0.469257,-1.51933
-0.14574,-0.277345,0.0356534;-1.47227,0.433737,-1.57321
-0.144967,-0.276402,0.0302117;-1.53463,0.433042,-1.57503
-0.144007,-0.2754,0.028662;-1.5698,0.443858,-1.57424
-0.143938,-0.27549,0.0287874;-1.57054,0.451468,-1.58079
-0.143919,-0.276097,0.0290432;-1.54866,0.466467,-1.5827
-0.145034,-0.279219,0.0385151;-1.40595,0.509468,-1.61797
-0.147133,-0.283049,0.0412396;-1.31714,0.465366,-1.67009
-0.147547,-0.281038,0.0398417;-1.32495,0.437896,-1.67385
-0.144592,-0.276981,0.0394541;-1.33616,0.406669,-1.6664
-0.142251,-0.275773,0.0359701;-1.41449,0.41659,-1.63973
-0.140796,-0.274165,0.0289688;-1.56525,0.448688,-1.58673
-0.140796,-0.274165,0.0289688;-1.56525,0.448688,-1.58673
-0.14774,-0.281883,0.0325365;-1.4987,0.496115,-1.60496
-0.14774,-0.281883,0.0325365;-1.4987,0.496115,-1.60496
