0,0,0.11;-1.57,-2.98023e-08,-1.57
0,0,0.11;-1.57,-2.98023e-08,-1.57
0,0,0.11;-1.57,-2.98023e-08,-1.57
-0.000145854,0.00583432,0.0286183;-1.56875,-0.172279,-1.57027
0.000119297,0.00576922,0.0286525;-1.57057,-0.129767,-1.56683
-0.00180289,0.00068418,0.0300193;-1.56961,-0.0904522,-1.55103
-0.0023868,-0.0194391,0.0351215;-1.4534,-0.0509556,-1.55949
-0.00634733,-0.0141306,0.0287589;-1.57124,-0.194768,-1.57987
-0.00761068,-0.011837,0.0285797;-1.57076,-0.297127,-1.57057
-0.00814513,-0.0119884,0.0285825;-1.57066,-0.343967,-1.57063
-0.00770164,-0.0120908,0.0288196;-1.5662,-0.302485,-1.56198
-0.0081017,-0.0133063,0.0298587;-1.56399,-0.261261,-1.55012
-0.00769132,-0.0257652,0.0328429;-1.52626,-0.156768,-1.53355
-0.00514077,-0.0336711,0.0334426;-1.47975,-0.189488,-1.55621
-0.00576441,-0.0285412,0.0316864;-1.52784,-0.243488,-1.59015
-0.0061515,-0.0232647,0.0310146;-1.55188,-0.276145,-1.6005
-0.00866575,-0.0190728,0.0291941;-1.56101,-0.319574,-1.58796
-0.00543925,-0.0269445,0.0348713;-1.48166,-0.212061,-1.58376
-0.00280527,-0.0398584,0.0385124;-1.39936,-0.113515,-1.55596
-0.000210337,-0.0454027,0.0390854;-1.37618,-0.0686263,-1.55393
0.00159097,-0.0431266,0.0376419;-1.41198,-0.0704907,-1.57751
0.00142615,-0.0350449,0.0343498;-1.50037,-0.113581,-1.61134
-0.00418666,-0.019706,0.0322006;-1.55743,-0.219449,-1.61795
-0.00537551,-0.0175903,0.0301688;-1.56368,-0.226309,-1.6003
-0.00791519,-0.0202824,0.031056;-1.54579,-0.167461,-1.57385
-0.00577139,-0.0328898,0.0383747;-1.44832,-0.0685698,-1.57687
-0.00088122,-0.0376111,0.0384728;-1.41665,-0.0344539,-1.60221
-0.00391014,-0.0161896,0.033105;-1.55324,-0.179511,-1.62522
-0.00549811,-0.010249,0.0327988;-1.55835,-0.23119,-1.62346
-0.00594518,-0.0111293,0.0303524;-1.57253,-0.209645,-1.60517
-0.00943266,-0.024112,0.0342378;-1.67979,-0.0947619,-1.57526
-0.00905323,-0.0344589,0.0370963;-1.69856,-0.0366046,-1.55345
-0.00600032,-0.0382112,0.0333437;-1.65471,-0.0226609,-1.56699
-0.00586188,-0.0352595,0.0293571;-1.56801,-0.0993165,-1.58877
-0.00792892,-0.0288537,0.030057;-1.56993,-0.161299,-1.598
-0.00807121,-0.0266752,0.0324391;-1.56153,-0.184747,-1.62108
-0.0110314,-0.0306864,0.0316012;-1.62607,-0.140049,-1.58792
-0.0142295,-0.0397601,0.03607;-1.69843,-0.080595,-1.57081
-0.0145478,-0.0463488,0.0345735;-1.65545,-0.0702092,-1.55012
-0.0121149,-0.0473593,0.0287202;-1.57121,-0.117078,-1.5776
-0.0131039,-0.0454597,0.0287793;-1.56871,-0.173217,-1.57807
-0.0135829,-0.0443556,0.028891;-1.5664,-0.200808,-1.58041
-0.0116474,-0.053488,0.0296698;-1.56829,-0.113302,-1.58941
-0.0136572,-0.0698587,0.034765;-1.48306,-0.0893928,-1.55055
-0.0165204,-0.0915949,0.0399198;-1.41685,-0.0358835,-1.524
-0.0152565,-0.0810434,0.0291417;-1.55337,-0.152135,-1.57215
-0.0153487,-0.0774842,0.0290284;-1.56055,-0.210662,-1.58101
-0.01526,-0.0757288,0.0290599;-1.56185,-0.235627,-1.58353
-0.0102225,-0.0865514,0.0333139;-1.5188,-0.139011,-1.60765
-0.00904024,-0.0998909,0.0408753;-1.36,-0.0961834,-1.57316
-0.00842549,-0.114208,0.0419241;-1.33695,-0.0268285,-1.56413
-0.00748805,-0.109842,0.039008;-1.424,-0.138074,-1.60715
-0.0116069,-0.102439,0.0359795;-1.49727,-0.187497,-1.62378
-0.0150562,-0.0907818,0.0320995;-1.55063,-0.284036,-1.60963
-0.0104617,-0.0961285,0.033459;-1.51541,-0.225542,-1.60327
-0.00896015,-0.104034,0.0387088;-1.42675,-0.198785,-1.58566
-0.00842533,-0.119641,0.0417108;-1.36525,-0.130877,-1.56855
-0.0165603,-0.116957,0.0367993;-1.46181,-0.285125,-1.59502
-0.0213449,-0.107512,0.0289942;-1.56791,-0.359061,-1.58707
-0.0218545,-0.102659,0.0291425;-1.56252,-0.410257,-1.57976
-0.019146,-0.106195,0.030358;-1.56192,-0.357646,-1.60267
-0.0159647,-0.109677,0.034333;-1.52158,-0.298603,-1.61184
-0.011873,-0.121303,0.0409412;-1.44488,-0.226757,-1.59722
-0.0125153,-0.130932,0.0397415;-1.4298,-0.254335,-1.59875
-0.0111541,-0.127835,0.0374097;-1.46438,-0.271944,-1.6082
-0.0116967,-0.122412,0.0346045;-1.53159,-0.292882,-1.63497
-0.0172239,-0.109503,0.0315652;-1.55124,-0.39283,-1.60488
-0.0151264,-0.111107,0.0326351;-1.53727,-0.346057,-1.61095
-0.013076,-0.119068,0.0388775;-1.4309,-0.274204,-1.58122
-0.0102074,-0.135992,0.0420154;-1.33509,-0.164125,-1.54173
-0.0143751,-0.131472,0.0413686;-1.35364,-0.251951,-1.54717
-0.0226163,-0.12004,0.0338391;-1.48446,-0.362633,-1.56937
-0.0296143,-0.109355,0.0289027;-1.56198,-0.511258,-1.57413
-0.029688,-0.109601,0.0286454;-1.57132,-0.492074,-1.57495
-0.0302049,-0.111521,0.0289311;-1.57383,-0.442677,-1.56221
-0.0231185,-0.14619,0.0384387;-1.45767,-0.303085,-1.4935
-0.0166826,-0.149592,0.039337;-1.37202,-0.338611,-1.50584
-0.0204848,-0.13257,0.0318811;-1.5097,-0.406802,-1.55757
-0.0239927,-0.12067,0.0291235;-1.55604,-0.493402,-1.57679
-0.0243901,-0.120598,0.028757;-1.57016,-0.490045,-1.57855
-0.0245967,-0.121372,0.0287243;-1.57197,-0.454149,-1.5639
-0.0208417,-0.142634,0.034509;-1.58529,-0.34492,-1.50856
-0.0171174,-0.144559,0.0325767;-1.53278,-0.399993,-1.52157
-0.017869,-0.13481,0.0285958;-1.57087,-0.457881,-1.57186
-0.0196799,-0.130449,0.0291935;-1.55736,-0.540533,-1.57638
-0.0190698,-0.131562,0.029028;-1.56227,-0.524738,-1.58069
-0.0195994,-0.134354,0.0290676;-1.56971,-0.492694,-1.58191
-0.01501,-0.175519,0.0363719;-1.50552,-0.351747,-1.49827
-0.00824572,-0.188794,0.0357847;-1.45498,-0.34163,-1.51078
-0.00795387,-0.185639,0.028647;-1.5679,-0.327167,-1.57091
-0.0109217,-0.181359,0.0296169;-1.54309,-0.41584,-1.57614
-0.00704542,-0.18431,0.031557;-1.52896,-0.372811,-1.59164
-0.00342658,-0.186761,0.0347779;-1.47592,-0.339684,-1.57843
0.0086675,-0.201302,0.0391878;-1.38427,-0.190912,-1.5301
0.0121671,-0.208721,0.0388998;-1.37913,-0.191897,-1.53748
0.0115863,-0.20832,0.0385632;-1.38422,-0.216296,-1.53802
0.00522006,-0.203684,0.0333451;-1.47675,-0.283067,-1.56252
-0.0138646,-0.19078,0.0305318;-1.54425,-0.482895,-1.58284
-0.0156552,-0.189479,0.0292303;-1.5589,-0.49841,-1.58573
-0.00977621,-0.195428,0.0324798;-1.49488,-0.409837,-1.55606
-0.00221698,-0.207178,0.0360487;-1.43321,-0.320978,-1.51195
-0.00421222,-0.210039,0.0344433;-1.45029,-0.386806,-1.52262
-0.00861628,-0.209601,0.0303281;-1.52324,-0.435512,-1.55653
-0.0186165,-0.199886,0.0301113;-1.53617,-0.573641,-1.57333
-0.018511,-0.198765,0.0312865;-1.53081,-0.575935,-1.58091
-0.0119125,-0.201063,0.0343298;-1.44191,-0.505328,-1.52835
0.00327713,-0.210641,0.0402936;-1.3596,-0.340189,-1.48597
0.00556625,-0.212684,0.038632;-1.37505,-0.394221,-1.49961
0.000578895,-0.208805,0.0363093;-1.41847,-0.459534,-1.52664
-0.0170364,-0.200237,0.0358033;-1.47898,-0.621947,-1.57738
-0.0216757,-0.196137,0.0353702;-1.50604,-0.667305,-1.60361
-0.0240196,-0.191725,0.0320622;-1.55194,-0.702475,-1.61729
-0.014059,-0.201466,0.0401667;-1.3458,-0.612656,-1.45513
-0.0111041,-0.206192,0.0403589;-1.29877,-0.608707,-1.41208
-0.015145,-0.202723,0.0379919;-1.3754,-0.643685,-1.48525
-0.02385,-0.194903,0.0346116;-1.51625,-0.707002,-1.6003
-0.0318122,-0.189857,0.0344007;-1.51926,-0.791545,-1.59766
-0.0299488,-0.189439,0.0324614;-1.53508,-0.776281,-1.5992
-0.0233531,-0.198237,0.0403883;-1.34359,-0.699092,-1.44975
-0.0158248,-0.211326,0.0430942;-1.25773,-0.661887,-1.39378
-0.0167765,-0.20975,0.0408731;-1.31408,-0.673997,-1.44434
-0.0281364,-0.199567,0.0357413;-1.4559,-0.74968,-1.54402
-0.0389529,-0.192018,0.030694;-1.51407,-0.857381,-1.54138
-0.0405421,-0.188356,0.0309551;-1.51325,-0.884702,-1.54443
-0.0235988,-0.208964,0.042679;-1.33493,-0.708369,-1.44274
-0.0163278,-0.226166,0.0504986;-1.2439,-0.633917,-1.35606
-0.0108,-0.229126,0.0453039;-1.21579,-0.634931,-1.35646
-0.0166537,-0.218026,0.0416433;-1.32017,-0.696492,-1.46272
-0.021129,-0.214843,0.0428886;-1.30935,-0.736708,-1.46372
-0.0248029,-0.211658,0.041118;-1.31788,-0.776694,-1.44391
-0.0364974,-0.211675,0.0432882;-1.40148,-0.822631,-1.4666
-0.0498157,-0.214329,0.0432567;-1.79264,-0.774117,-1.7171
-0.0580955,-0.215746,0.0432044;-1.96258,-0.703203,-1.83381
-0.0443217,-0.222298,0.0313264;-1.52115,-0.747119,-1.56639
-0.0401394,-0.223377,0.0346949;-1.47796,-0.740834,-1.54555
-0.0430263,-0.219241,0.0302989;-1.52245,-0.788009,-1.53991
-0.0435372,-0.222045,0.0292296;-1.57412,-0.764219,-1.56423
-0.0394181,-0.229875,0.031538;-1.6049,-0.696307,-1.56215
-0.0315241,-0.2402,0.0332152;-1.59801,-0.654063,-1.53357
-0.0299079,-0.238988,0.029588;-1.53865,-0.762504,-1.55061
-0.0315952,-0.236287,0.0291004;-1.54216,-0.796947,-1.55526
-0.0317893,-0.234204,0.0295542;-1.53923,-0.821686,-1.55388
-0.0264278,-0.238723,0.0298309;-1.55688,-0.754123,-1.58431
-0.0238548,-0.245875,0.029635;-1.57308,-0.690642,-1.58443
-0.0188265,-0.256892,0.0328565;-1.49713,-0.639054,-1.50883
-0.0154898,-0.262975,0.0285792;-1.57088,-0.672979,-1.57092
-0.0158667,-0.262301,0.0294229;-1.53587,-0.685761,-1.55233
-0.0177772,-0.259237,0.0302871;-1.51423,-0.716825,-1.54347
-0.0128535,-0.259936,0.0319974;-1.52335,-0.654653,-1.58131
-0.00617558,-0.263513,0.0355575;-1.45511,-0.590753,-1.53884
0.00445686,-0.270911,0.0379931;-1.37226,-0.501247,-1.46467
0.0091724,-0.273138,0.0366853;-1.39227,-0.488605,-1.4869
0.00692481,-0.270282,0.0332885;-1.46476,-0.511331,-1.53117
-0.00241746,-0.26502,0.0332983;-1.50406,-0.598625,-1.57457
-0.0139002,-0.259318,0.0365162;-1.46925,-0.721112,-1.57426
-0.0115492,-0.26081,0.0362481;-1.44524,-0.698147,-1.54512
-0.00606716,-0.266227,0.0375701;-1.39495,-0.6387,-1.48359
0.000219493,-0.271303,0.0354486;-1.4145,-0.605182,-1.47527
-0.00123346,-0.27009,0.0309358;-1.50536,-0.612532,-1.53512
-0.00385664,-0.269279,0.0288448;-1.55491,-0.656455,-1.56144
-0.00525411,-0.270211,0.0288067;-1.56685,-0.730408,-1.56025
-0.00536451,-0.269988,0.0285808;-1.5706,-0.696335,-1.57041
-0.00518125,-0.269984,0.0289392;-1.58054,-0.658911,-1.57071
-0.00209057,-0.272206,0.0319193;-1.55884,-0.656198,-1.52033
-0.00338597,-0.274889,0.0286264;-1.57166,-0.725047,-1.56858
-0.00362189,-0.274257,0.0287115;-1.57064,-0.751441,-1.56439
-0.00397646,-0.27406,0.0289836;-1.55477,-0.764844,-1.55179
-0.00359431,-0.273485,0.0287494;-1.56986,-0.718914,-1.56283
-0.00320892,-0.273728,0.030034;-1.57055,-0.691139,-1.54562
0.00865666,-0.286936,0.0355188;-1.52911,-0.556757,-1.47946
0.0110512,-0.290415,0.0351711;-1.48037,-0.605928,-1.48223
0.00868366,-0.292366,0.029517;-1.53739,-0.674479,-1.55017
0.00349717,-0.291131,0.0288812;-1.55789,-0.797058,-1.56694
0.00356438,-0.291338,0.0290827;-1.54967,-0.798762,-1.56505
0.00430497,-0.291837,0.0286244;-1.56736,-0.76275,-1.56783
0.0200324,-0.3056,0.0364264;-1.44323,-0.628528,-1.45866
0.0249732,-0.307464,0.0349608;-1.43353,-0.639229,-1.47705
0.0245572,-0.306191,0.0312543;-1.49647,-0.653171,-1.52719
0.0168289,-0.302321,0.0311943;-1.50372,-0.734726,-1.54536
0.0140234,-0.301708,0.0326933;-1.48356,-0.769531,-1.53947
0.0189564,-0.30413,0.0328846;-1.46171,-0.715543,-1.51404
0.0189564,-0.30413,0.0328846;-1.46171,-0.715543,-1.51404
0.0221647,-0.304467,0.0351705;-1.4096,-0.679559,-1.46503
0.0221647,-0.304467,0.0351705;-1.4096,-0.679559,-1.46503
