0,0,0.11;-1.57,-2.98023e-08,-1.57
0,0,0.11;-1.57,-2.98023e-08,-1.57
0,0,0.11;-1.57,-2.98023e-08,-1.57
-8.87047e-05,0.00435332,0.0286115;-1.56931,-0.185279,-1.57054
0.000118562,0.00422203,0.0285798;-1.57079,-0.153505,-1.57079
-0.00116669,-0.00228024,0.0289691;-1.57188,-0.0562377,-1.57351
-0.0014021,-0.0220899,0.0312457;-1.53585,0.00645588,-1.57438
-0.00267366,-0.0197835,0.0286235;-1.57348,-0.0794473,-1.57043
-0.0028613,-0.0204878,0.0286811;-1.57366,-0.0253929,-1.57338
-0.004221,-0.0219623,0.028711;-1.57308,0.0355604,-1.57511
-0.0069211,-0.0258238,0.0285836;-1.5711,0.182835,-1.5713
-0.0125052,-0.0350257,0.0288263;-1.56703,0.266317,-1.56968
-0.0196935,-0.0536453,0.0306839;-1.54434,0.3784,-1.5801
-0.0228782,-0.0535043,0.0291396;-1.56089,0.287838,-1.57246
-0.0229501,-0.0523498,0.0286246;-1.57154,0.232104,-1.56796
-0.0228254,-0.0517987,0.0286163;-1.57005,0.223714,-1.56945
-0.0227089,-0.051791,0.0286189;-1.57029,0.261078,-1.56926
-0.023133,-0.0536333,0.0289613;-1.56047,0.306578,-1.57069
-0.02746,-0.0657616,0.035697;-1.44664,0.379653,-1.62048
-0.0296296,-0.0687485,0.0391643;-1.40625,0.32056,-1.65543
-0.0267327,-0.0652027,0.036149;-1.48699,0.22944,-1.64628
-0.0200891,-0.0554397,0.0308251;-1.5726,0.167,-1.60837
-0.0170892,-0.0497162,0.0290775;-1.58449,0.11757,-1.57946
-0.017669,-0.0500432,0.0289388;-1.57694,0.13164,-1.58087
-0.0202339,-0.0539349,0.0299406;-1.59103,0.188927,-1.57554
-0.0237481,-0.0641372,0.0331445;-1.60673,0.231885,-1.59163
-0.0238399,-0.0655825,0.0295464;-1.5767,0.171213,-1.58858
-0.0212095,-0.0639217,0.0296771;-1.60035,0.15449,-1.5736
-0.0297569,-0.0720345,0.0316318;-1.60048,0.269002,-1.59058
-0.0364786,-0.0779443,0.0325535;-1.57764,0.322046,-1.61745
-0.0485173,-0.0859613,0.0453307;-1.61098,0.432936,-1.58663
-0.0562307,-0.0910804,0.0479004;-1.62097,0.473384,-1.58551
-0.0629906,-0.0928989,0.0387974;-1.61349,0.399797,-1.59781
-0.0626845,-0.0925139,0.0286154;-1.57123,0.393767,-1.5724
-0.0624373,-0.0917981,0.028639;-1.57116,0.374801,-1.57334
-0.0624099,-0.0919269,0.028623;-1.57076,0.37929,-1.57286
-0.0652575,-0.101538,0.032504;-1.5165,0.517665,-1.62032
-0.0690681,-0.113222,0.0387426;-1.38866,0.577854,-1.69487
-0.0699483,-0.114749,0.0401626;-1.37358,0.530408,-1.71026
-0.0600903,-0.103326,0.0396146;-1.43605,0.419179,-1.69492
-0.0593226,-0.100638,0.0392857;-1.43992,0.397698,-1.68542
-0.0595935,-0.10072,0.0393505;-1.43588,0.388723,-1.68249
-0.0606344,-0.114518,0.0355533;-1.48637,0.50002,-1.66619
-0.0635516,-0.122841,0.0373293;-1.46466,0.551824,-1.6864
-0.0628506,-0.126173,0.0403431;-1.48001,0.574435,-1.68193
-0.0584109,-0.125328,0.0355987;-1.57599,0.487473,-1.64106
-0.0574626,-0.126043,0.0359759;-1.56718,0.494607,-1.67431
-0.0570016,-0.12382,0.0388203;-1.55557,0.483726,-1.69565
-0.0588844,-0.129166,0.0355521;-1.48369,0.535494,-1.66854
-0.0645617,-0.13474,0.0379891;-1.41057,0.599839,-1.69858
-0.0686763,-0.140767,0.0397825;-1.34329,0.653531,-1.72622
-0.0681178,-0.135103,0.0362115;-1.4681,0.520182,-1.67473
-0.0650607,-0.130663,0.0338414;-1.55858,0.500542,-1.65022
-0.0623126,-0.12645,0.03587;-1.58509,0.468782,-1.65783
-0.0669433,-0.132947,0.0326351;-1.56111,0.550062,-1.64059
-0.067427,-0.136811,0.0353732;-1.51059,0.60053,-1.67008
-0.0711388,-0.14183,0.0419911;-1.44549,0.649749,-1.69178
-0.0722394,-0.144246,0.0384876;-1.40672,0.57648,-1.71118
-0.0713131,-0.148828,0.0371738;-1.4019,0.635017,-1.69956
-0.0722737,-0.153495,0.0369816;-1.34878,0.678679,-1.71063
-0.0725501,-0.152811,0.0375805;-1.32721,0.679579,-1.72969
-0.0743682,-0.156337,0.040817;-1.26502,0.686917,-1.77845
-0.075254,-0.159727,0.0413108;-1.25788,0.718272,-1.7846
-0.0753516,-0.159114,0.0401881;-1.34977,0.686067,-1.75362
-0.0724675,-0.15628,0.0385922;-1.44078,0.664371,-1.72327
-0.0702482,-0.154766,0.0381085;-1.51461,0.669798,-1.71176
-0.069407,-0.15706,0.0359608;-1.45588,0.705098,-1.69687
-0.0709497,-0.159414,0.0365574;-1.39726,0.736981,-1.71762
-0.0734658,-0.161888,0.0395505;-1.31898,0.756391,-1.76958
-0.0788502,-0.164945,0.0409724;-1.2393,0.786306,-1.80619
-0.0780144,-0.159294,0.0418739;-1.26143,0.705242,-1.79746
-0.0760749,-0.156093,0.0417947;-1.2982,0.672461,-1.78302
-0.0773156,-0.154387,0.0453417;-1.32672,0.634582,-1.81311
-0.0753574,-0.149988,0.0412439;-1.42526,0.613933,-1.74947
-0.0749259,-0.150595,0.0356364;-1.50459,0.639232,-1.68148
-0.0802356,-0.156383,0.0470867;-1.54203,0.799401,-1.61833
-0.0809293,-0.159478,0.0479684;-1.48662,0.733301,-1.67
-0.076314,-0.159543,0.0414758;-1.37404,0.696873,-1.77253
-0.0759256,-0.152883,0.0432141;-1.36053,0.666449,-1.79129
-0.0803524,-0.154026,0.0432253;-1.32072,0.719517,-1.8113
-0.0837399,-0.157937,0.0385976;-1.31432,0.783616,-1.77104
-0.102021,-0.170351,0.0407358;-1.21028,0.93842,-1.84491
-0.109102,-0.174051,0.0407957;-1.1879,0.876291,-1.86232
-0.105811,-0.171549,0.0390284;-1.25854,0.859153,-1.81896
-0.0961836,-0.164295,0.0344273;-1.46491,0.811937,-1.68564
-0.0995638,-0.167727,0.0328268;-1.52315,0.866904,-1.65265
-0.102698,-0.169679,0.0298797;-1.56708,0.908065,-1.59941
-0.115,-0.178285,0.0397561;-1.64343,1.07393,-1.52535
-0.120738,-0.183149,0.038092;-1.48679,1.00229,-1.67044
-0.118056,-0.184382,0.0342705;-1.48904,0.961004,-1.69346
-0.111904,-0.182799,0.035351;-1.54757,0.977352,-1.66458
-0.114798,-0.183102,0.0350476;-1.52483,1.00418,-1.68737
-0.115493,-0.182547,0.0341628;-1.52664,1.00547,-1.67283
-0.115489,-0.177204,0.0424541;-1.91446,1.07159,-1.31006
-0.114342,-0.176724,0.0423144;-1.87555,1.05155,-1.35357
-0.115836,-0.177896,0.0407837;-1.78028,1.06083,-1.44532
-0.113204,-0.180345,0.0364956;-1.48232,1.0372,-1.7275
-0.113211,-0.179283,0.037999;-1.37733,1.02731,-1.79725
-0.116963,-0.180718,0.0383212;-1.29134,1.05291,-1.85375
-0.123845,-0.179337,0.0379456;-1.2263,1.06829,-1.88543
-0.140631,-0.180069,0.0402891;-1.10759,1.14091,-1.96396
-0.140398,-0.179018,0.0391955;-1.14659,1.10937,-1.9325
-0.138234,-0.179033,0.0373246;-1.17147,1.09697,-1.9285
-0.130041,-0.172803,0.0290324;-1.53466,1.00163,-1.59864
-0.130137,-0.173384,0.0288682;-1.56677,1.02171,-1.58601
-0.137669,-0.177243,0.0303457;-1.54852,1.11636,-1.61615
-0.172969,-0.193693,0.041068;-1.00911,1.22089,-2.06164
-0.172905,-0.191988,0.0406185;-1.06688,1.18834,-1.99914
-0.16858,-0.188153,0.0374677;-1.18081,1.17594,-1.90558
-0.160894,-0.184425,0.0376103;-1.11443,1.15037,-1.97931
-0.162462,-0.184884,0.0388173;-1.02592,1.16692,-2.06758
-0.163903,-0.184794,0.0389892;-1.0782,1.19691,-2.00453
-0.17217,-0.190581,0.0419929;-0.940982,1.27136,-2.11926
-0.175736,-0.19249,0.0424612;-0.946358,1.22809,-2.11443
-0.171587,-0.190262,0.0355784;-1.22321,1.19717,-1.87816
-0.16517,-0.197258,0.0289044;-1.53787,1.28044,-1.60688
-0.165812,-0.197282,0.0289789;-1.51741,1.29214,-1.62634
-0.167047,-0.197259,0.030523;-1.41585,1.29762,-1.7167
-0.176426,-0.19578,0.0371335;-1.1481,1.38495,-1.93506
-0.184511,-0.19812,0.0388479;-0.855691,1.33885,-2.24035
-0.185774,-0.198701,0.0379201;-0.8456,1.29352,-2.27517
-0.182191,-0.196256,0.0340907;-1.07093,1.32849,-2.05394
-0.181366,-0.195751,0.0331625;-1.13027,1.34436,-1.9974
-0.182374,-0.19564,0.0345571;-1.0017,1.33842,-2.12459
-0.183654,-0.196013,0.0343557;-1.0939,1.36287,-2.02649
-0.185282,-0.195973,0.033228;-1.24337,1.4032,-1.8793
-0.184348,-0.197389,0.0317799;-1.3801,1.37854,-1.77342
-0.177958,-0.195714,0.03157;-1.51288,1.3456,-1.6741
-0.176354,-0.195919,0.0325927;-1.4522,1.33849,-1.73305
-0.175834,-0.196552,0.0344606;-1.47709,1.34127,-1.73895
-0.182268,-0.203462,0.0321873;-1.38512,1.42984,-1.792
-0.185574,-0.205485,0.0324021;-1.08287,1.43883,-2.04644
-0.187238,-0.206153,0.0366403;-0.844705,1.35731,-2.27684
-0.183693,-0.20728,0.0346103;-1.13159,1.33829,-2.02536
-0.181736,-0.207517,0.0302105;-1.4459,1.37712,-1.71294
-0.181055,-0.207384,0.029692;-1.45204,1.37474,-1.70236
-0.18358,-0.207844,0.0315265;-1.36757,1.39598,-1.80211
-0.186635,-0.207234,0.033493;-1.15295,1.40072,-1.99569
-0.193119,-0.206615,0.0354452;-0.841267,1.39839,-2.28263
-0.192962,-0.20909,0.0367647;-0.877966,1.33404,-2.26569
-0.190798,-0.210026,0.0337434;-1.01702,1.37252,-2.12178
-0.190751,-0.208836,0.0356303;-0.915053,1.33848,-2.2167
-0.196244,-0.209523,0.0454715;-0.492374,1.17296,-2.61106
-0.197219,-0.210433,0.0453482;-0.509521,1.179,-2.59446
-0.198842,-0.208333,0.0427078;-0.704213,1.24366,-2.3887
-0.19544,-0.208115,0.0366196;-1.02773,1.26577,-2.10184
-0.192478,-0.209833,0.031393;-1.34921,1.33862,-1.80644
-0.191549,-0.209541,0.0297239;-1.44637,1.3491,-1.70474
-0.192219,-0.209034,0.0329144;-1.3561,1.34813,-1.82286
-0.195119,-0.209111,0.0324853;-1.41724,1.37522,-1.75672
-0.200345,-0.208618,0.0328197;-1.35138,1.41355,-1.80841
-0.205242,-0.212907,0.0389189;-0.740892,1.29495,-2.3857
-0.202543,-0.213682,0.0358773;-0.95124,1.34734,-2.19907
-0.198187,-0.211572,0.0352843;-1.40106,1.37272,-1.81513
-0.195934,-0.210709,0.036178;-1.35183,1.34254,-1.86898
-0.20113,-0.212606,0.0364339;-1.10807,1.35758,-2.07906
-0.20784,-0.214922,0.0387524;-0.728054,1.32261,-2.39021
-0.211092,-0.213501,0.0379174;-0.897106,1.28286,-2.22248
-0.208461,-0.214004,0.0351365;-1.04419,1.30766,-2.08824
-0.207447,-0.213856,0.0346097;-1.07319,1.31519,-2.05959
-0.205269,-0.211853,0.030609;-1.36216,1.33095,-1.77005
-0.206143,-0.212489,0.0316898;-1.28254,1.33817,-1.84732
-0.207768,-0.212301,0.0341099;-1.23864,1.34167,-1.86998
-0.215146,-0.212017,0.0400203;-0.896105,1.30905,-2.18405
-0.215866,-0.211669,0.0391278;-0.944601,1.28276,-2.14395
-0.213322,-0.213363,0.0360343;-0.961377,1.30533,-2.15994
-0.210972,-0.214679,0.0327281;-1.1613,1.34828,-1.97675
-0.211597,-0.215564,0.0325608;-1.19342,1.36687,-1.95665
-0.212558,-0.215088,0.032343;-1.23773,1.37749,-1.91511
-0.212366,-0.213028,0.0332695;-1.20254,1.36447,-1.91774
-0.213807,-0.212088,0.0324877;-1.29112,1.30476,-1.83866
-0.21058,-0.209775,0.0308423;-1.49751,1.29083,-1.6687
-0.210309,-0.211815,0.029446;-1.55375,1.31287,-1.60423
-0.211736,-0.212168,0.0295467;-1.54779,1.3261,-1.6118
-0.212408,-0.212942,0.0289332;-1.58694,1.33506,-1.5686
-0.225005,-0.211314,0.0316318;-1.62447,1.44219,-1.50224
-0.234432,-0.212659,0.0328962;-1.18538,1.37488,-1.93895
-0.233508,-0.212577,0.0313883;-1.31193,1.34397,-1.8229
-0.230107,-0.212932,0.0292344;-1.47165,1.36935,-1.66667
-0.230226,-0.213449,0.0287568;-1.56504,1.38588,-1.58412
-0.231122,-0.213938,0.0293186;-1.43791,1.40065,-1.70792
-0.231122,-0.213938,0.0293186;-1.43791,1.40065,-1.70792
-0.23427,-0.212881,0.0346632;-1.04346,1.38807,-2.11419
-0.23427,-0.212881,0.0346632;-1.04346,1.38807,-2.11419
