0,0,0.11;-1.57,-2.98023e-08,-1.57
0,0,0.11;-1.57,-2.98023e-08,-1.57
0,0,0.11;-1.57,-2.98023e-08,-1.57
-4.50801e-05,0.00702972,0.0286277;-1.56852,-0.180447,-1.57024
-0.000379219,0.00604223,0.0285795;-1.57083,-0.121871,-1.57052
-0.00239391,-0.0059927,0.0313158;-1.61729,-0.0297667,-1.57438
-0.000132945,-0.0363367,0.0373274;-1.44149,0.0172663,-1.5944
0.00425283,-0.0123769,0.0304765;-1.58183,-0.156886,-1.60536
0.00532647,-0.00282853,0.0292299;-1.58243,-0.242543,-1.5868
0.00577108,0.00169142,0.0290035;-1.57974,-0.312331,-1.58517
0.00414322,-0.00293774,0.0286373;-1.57196,-0.198379,-1.57267
0.0025856,-0.0171257,0.030125;-1.58886,-0.111713,-1.56854
0.00627019,-0.0473317,0.0364079;-1.43456,-0.0226367,-1.56043
0.00543133,-0.0454931,0.0336952;-1.4988,-0.108815,-1.57991
0.00330363,-0.035768,0.0289381;-1.57592,-0.196265,-1.58581
0.00427496,-0.032205,0.0286635;-1.57072,-0.268003,-1.57492
0.00434057,-0.0326943,0.0285792;-1.57081,-0.251362,-1.57075
0.00362244,-0.0373731,0.0290928;-1.58031,-0.172195,-1.5721
0.00583662,-0.0604565,0.0344615;-1.49467,-0.0692304,-1.5566
0.0102246,-0.0744913,0.0372072;-1.41496,-0.057894,-1.55451
0.00771499,-0.067911,0.0346176;-1.48164,-0.151288,-1.58091
0.00790875,-0.0511327,0.030314;-1.57463,-0.251737,-1.60498
0.0102433,-0.0405479,0.0300635;-1.58481,-0.331168,-1.59872
0.00832307,-0.0447831,0.0311907;-1.61864,-0.269499,-1.59723
0.00667036,-0.0565352,0.0330274;-1.62624,-0.17517,-1.59408
0.00923788,-0.0756641,0.0346721;-1.46266,-0.12011,-1.55503
0.00608878,-0.0739876,0.030675;-1.52511,-0.192576,-1.55992
0.00442371,-0.0669945,0.0287456;-1.56691,-0.357125,-1.57364
0.00391017,-0.0659344,0.0287455;-1.5714,-0.405481,-1.5786
0.00376729,-0.0675296,0.0291369;-1.58379,-0.373902,-1.59043
0.00536659,-0.0894032,0.0398122;-1.63362,-0.211571,-1.61384
0.00818174,-0.107626,0.0442716;-1.51019,-0.146951,-1.56781
0.00809856,-0.117488,0.0358289;-1.43583,-0.20625,-1.54527
0.00136394,-0.102723,0.028579;-1.57101,-0.386244,-1.57082
0.00107462,-0.10303,0.0287468;-1.56195,-0.428823,-1.56705
0.00134172,-0.103512,0.0287197;-1.56335,-0.409925,-1.56791
0.00165434,-0.115192,0.0297835;-1.58933,-0.260894,-1.57604
0.00936584,-0.142564,0.0360919;-1.43996,-0.164718,-1.54574
0.0134926,-0.151719,0.037777;-1.40369,-0.162986,-1.53891
0.00380527,-0.133659,0.0290033;-1.57174,-0.35216,-1.59003
0.0035178,-0.129284,0.0288581;-1.57143,-0.414808,-1.57946
0.00252734,-0.126462,0.0287436;-1.57218,-0.506726,-1.57929
0.00288843,-0.131865,0.0285967;-1.57182,-0.393372,-1.57051
0.00905293,-0.154687,0.0316623;-1.51387,-0.303395,-1.54937
0.01918,-0.171908,0.0383618;-1.39506,-0.234098,-1.51507
0.0107668,-0.163258,0.0288236;-1.57727,-0.39737,-1.58762
0.0103117,-0.158946,0.0287258;-1.57019,-0.467329,-1.57836
0.00878832,-0.156826,0.0286262;-1.57039,-0.559458,-1.57262
0.0094981,-0.159003,0.0285777;-1.57107,-0.478306,-1.57071
0.0140372,-0.174403,0.0300897;-1.54971,-0.394947,-1.56719
0.0254582,-0.195168,0.0377321;-1.40492,-0.29349,-1.5034
0.0195278,-0.189326,0.0308449;-1.55699,-0.453987,-1.59919
0.016762,-0.178944,0.0304529;-1.57601,-0.539828,-1.60521
0.0141873,-0.167369,0.0320718;-1.59355,-0.641067,-1.62792
0.0156291,-0.178746,0.0298593;-1.56968,-0.542092,-1.59673
0.0207897,-0.192456,0.0317353;-1.52828,-0.456613,-1.56544
0.0310282,-0.20634,0.0370884;-1.41503,-0.357412,-1.49698
0.0295604,-0.209162,0.0297977;-1.53882,-0.473921,-1.55466
0.0274253,-0.206323,0.028614;-1.56988,-0.550088,-1.57289
0.0265588,-0.203528,0.0286258;-1.56927,-0.650227,-1.57274
0.0274614,-0.205597,0.0290261;-1.57494,-0.62798,-1.59316
0.0325484,-0.216251,0.0303728;-1.56085,-0.54385,-1.58837
0.044205,-0.231912,0.0362757;-1.4283,-0.439411,-1.5087
0.0475584,-0.238843,0.0354092;-1.43465,-0.465332,-1.51076
0.0389113,-0.23383,0.0298896;-1.53112,-0.563037,-1.55803
0.0362007,-0.22938,0.0287542;-1.57126,-0.65487,-1.5798
0.0351961,-0.227693,0.0287933;-1.5708,-0.705455,-1.5809
0.0369029,-0.229951,0.0290414;-1.57748,-0.644393,-1.59215
0.044326,-0.239659,0.0320988;-1.52296,-0.542017,-1.56356
0.0607955,-0.254404,0.038881;-1.37386,-0.462682,-1.48741
0.0572517,-0.256298,0.0366199;-1.42599,-0.540011,-1.51728
0.0475104,-0.249167,0.028968;-1.57029,-0.626004,-1.58894
0.0436693,-0.241767,0.0287561;-1.57208,-0.761756,-1.57992
0.0445585,-0.243077,0.0289894;-1.57548,-0.732509,-1.59004
0.048343,-0.249257,0.0294886;-1.57515,-0.653813,-1.59137
0.0711845,-0.272831,0.0387263;-1.37002,-0.478179,-1.45777
0.0718191,-0.275298,0.0376911;-1.38123,-0.553194,-1.47246
0.063677,-0.270349,0.0323342;-1.51235,-0.632564,-1.56294
0.0555931,-0.261522,0.0287034;-1.57065,-0.768834,-1.57668
0.0561311,-0.262024,0.0286158;-1.57067,-0.743637,-1.57238
0.0584131,-0.264814,0.0286472;-1.56751,-0.664255,-1.57001
0.0834007,-0.293195,0.0386702;-1.36763,-0.487752,-1.45605
0.0857613,-0.296831,0.0376787;-1.37904,-0.560886,-1.47091
0.0775509,-0.290077,0.0331131;-1.51224,-0.657138,-1.57627
0.0655614,-0.270817,0.0331101;-1.60101,-0.821818,-1.64638
0.0653507,-0.273905,0.034375;-1.60026,-0.802381,-1.66516
0.0686516,-0.280392,0.0304642;-1.56663,-0.738752,-1.60168
0.0893638,-0.301164,0.0377564;-1.38893,-0.550619,-1.45252
0.0934648,-0.307574,0.0356363;-1.40825,-0.615194,-1.46936
0.0865163,-0.304787,0.0306987;-1.51068,-0.686273,-1.53911
0.0772034,-0.295234,0.0287666;-1.57268,-0.869357,-1.57976
0.0769019,-0.294455,0.0291181;-1.57957,-0.895841,-1.59546
0.079132,-0.296916,0.0296562;-1.57008,-0.867764,-1.59485
0.100026,-0.314851,0.0387323;-1.4208,-0.695996,-1.48651
0.108684,-0.323016,0.0363044;-1.39909,-0.711492,-1.46858
0.106142,-0.322699,0.0348546;-1.42804,-0.738365,-1.48418
0.0949102,-0.316353,0.0285989;-1.57148,-0.90441,-1.5723
0.095127,-0.316304,0.0287116;-1.56331,-0.969775,-1.56246
0.0951416,-0.316207,0.0285775;-1.57101,-0.934268,-1.57116
0.0969519,-0.317489,0.028903;-1.55234,-0.859663,-1.55306
0.118906,-0.334375,0.036647;-1.37337,-0.74159,-1.42422
0.118129,-0.337151,0.0343751;-1.4123,-0.806707,-1.45268
0.11059,-0.334893,0.0285569;-1.5724,-0.889875,-1.57208
0.110134,-0.333781,0.0286459;-1.56539,-0.948464,-1.56633
0.110877,-0.334259,0.0285778;-1.57093,-0.893468,-1.57082
0.113151,-0.336784,0.0288113;-1.5716,-0.815446,-1.58184
0.140189,-0.35919,0.0378375;-1.36563,-0.633669,-1.43329
0.140991,-0.361238,0.036752;-1.38107,-0.701087,-1.45004
0.131801,-0.35796,0.0301291;-1.53047,-0.781351,-1.55825
0.126157,-0.350751,0.0287336;-1.5701,-0.956134,-1.57784
0.126242,-0.350902,0.0286943;-1.57071,-0.956196,-1.57606
0.12768,-0.352227,0.0287371;-1.57076,-0.89934,-1.57812
0.157474,-0.373201,0.0382583;-1.34585,-0.699253,-1.41818
0.162689,-0.376129,0.037844;-1.36962,-0.750441,-1.45248
0.154114,-0.371469,0.0336457;-1.50223,-0.852667,-1.57477
0.1409,-0.358147,0.0306041;-1.59067,-0.98877,-1.61726
0.13983,-0.357948,0.0312334;-1.59793,-0.995554,-1.62895
0.143532,-0.363127,0.0297311;-1.56682,-0.939094,-1.59412
0.164602,-0.3819,0.0356612;-1.40024,-0.736782,-1.44233
0.171051,-0.384787,0.0367213;-1.36773,-0.734493,-1.42579
0.16695,-0.385731,0.0335222;-1.43744,-0.808202,-1.47743
0.156101,-0.38067,0.0287466;-1.57209,-0.925884,-1.57882
0.15405,-0.377885,0.0288441;-1.57554,-1.02286,-1.58475
0.153383,-0.377028,0.0291259;-1.58496,-1.04404,-1.60199
0.170426,-0.38912,0.0342499;-1.45326,-0.874714,-1.5001
0.18586,-0.396652,0.0377806;-1.32973,-0.790301,-1.38521
0.187418,-0.399841,0.036493;-1.34878,-0.839618,-1.40121
0.168393,-0.394684,0.028878;-1.57029,-1.02572,-1.5851
0.160783,-0.388941,0.0289625;-1.58234,-1.12892,-1.59426
0.156768,-0.383357,0.0299407;-1.60953,-1.20366,-1.62842
0.169754,-0.393006,0.0326324;-1.54777,-1.0759,-1.59571
0.187127,-0.401873,0.0371101;-1.33813,-0.959952,-1.39501
0.197335,-0.404835,0.038189;-1.28449,-0.912944,-1.33806
0.181705,-0.406147,0.0288976;-1.5727,-1.1026,-1.58896
0.180196,-0.405043,0.0285907;-1.57161,-1.12928,-1.57199
0.177758,-0.403746,0.0286316;-1.57059,-1.2392,-1.57307
0.184155,-0.40732,0.0296033;-1.56889,-1.16136,-1.59005
0.199212,-0.413242,0.0346297;-1.39095,-1.05603,-1.43044
0.213704,-0.414449,0.0388867;-1.23254,-0.963477,-1.27986
0.203535,-0.416759,0.0326158;-1.48254,-1.15953,-1.53478
0.194531,-0.413188,0.0305704;-1.58056,-1.23133,-1.61381
0.185453,-0.40903,0.0300112;-1.60597,-1.30556,-1.62797
0.19362,-0.414399,0.030775;-1.55256,-1.22137,-1.59284
0.206168,-0.41889,0.0354127;-1.39611,-1.13135,-1.45622
0.223871,-0.420488,0.0403216;-1.19933,-1.04136,-1.26985
0.226716,-0.416684,0.0367075;-1.39024,-1.14634,-1.47756
0.223417,-0.412616,0.0341205;-1.55397,-1.15736,-1.63191
0.222251,-0.411373,0.036498;-1.53709,-1.15922,-1.63016
0.235853,-0.419514,0.0330081;-1.48265,-1.02117,-1.53886
0.240328,-0.422309,0.0354349;-1.40311,-0.97002,-1.46043
0.24722,-0.425517,0.0406098;-1.24047,-0.905902,-1.31855
0.248631,-0.428303,0.0383915;-1.33026,-0.980754,-1.4226
0.237652,-0.424717,0.0339028;-1.50419,-1.06889,-1.58012
0.229532,-0.418076,0.0353547;-1.52819,-1.12846,-1.61146
0.232572,-0.419187,0.0336103;-1.52176,-1.09995,-1.59338
0.237964,-0.422651,0.0342483;-1.45594,-1.037,-1.51808
0.24937,-0.427716,0.0367532;-1.35839,-0.929941,-1.41316
0.257899,-0.430912,0.0385211;-1.30339,-0.916756,-1.37954
0.24604,-0.429417,0.0339602;-1.45756,-1.04269,-1.52174
0.234707,-0.421976,0.0291582;-1.58023,-1.15004,-1.59505
0.230406,-0.416769,0.0287764;-1.57491,-1.2494,-1.58252
0.232304,-0.417827,0.0297685;-1.56033,-1.2214,-1.5879
0.244351,-0.428121,0.0326275;-1.55697,-1.0968,-1.59496
0.272793,-0.439462,0.0388337;-1.24533,-0.944142,-1.30295
0.264027,-0.441584,0.0371877;-1.31781,-1.05997,-1.39185
0.255775,-0.440182,0.0309041;-1.55041,-1.1172,-1.59544
0.2395,-0.428353,0.0289488;-1.58364,-1.35927,-1.59794
0.241562,-0.429777,0.0305646;-1.57322,-1.34039,-1.60989
0.252175,-0.436778,0.0328794;-1.47858,-1.25347,-1.5389
0.283267,-0.445296,0.0399741;-1.16019,-1.03051,-1.20957
0.279223,-0.448467,0.0397807;-1.14733,-1.12792,-1.21778
0.271446,-0.448563,0.0325317;-1.46572,-1.19772,-1.51511
0.248269,-0.435658,0.0289725;-1.6146,-1.45968,-1.62811
0.24946,-0.436612,0.0308358;-1.66329,-1.4509,-1.69765
0.261488,-0.443948,0.0315678;-1.52077,-1.34316,-1.57142
0.295936,-0.446751,0.039706;-1.13359,-1.09344,-1.17713
0.295664,-0.448292,0.0406937;-1.09364,-1.19164,-1.17267
0.287925,-0.448119,0.0354731;-1.36012,-1.27464,-1.43524
0.268342,-0.436675,0.0314588;-1.69383,-1.44096,-1.73039
0.267815,-0.435688,0.0310814;-1.68151,-1.45815,-1.71717
0.269405,-0.436026,0.0334091;-1.91532,-1.43841,-1.95405
0.269405,-0.436026,0.0334091;-1.91532,-1.43841,-1.95405
0.27049,-0.438728,0.039777;-1.99285,-1.36679,-2.02119
0.27049,-0.438728,0.039777;-1.99285,-1.36679,-2.02119
