0,0,0.11;-1.57,-2.98023e-08,-1.57
0,0,0.11;-1.57,-2.98023e-08,-1.57
0,0,0.11;-1.57,-2.98023e-08,-1.57
0.000387376,0.00837091,0.0286364;-1.56983,-0.154034,-1.57239
0.000259715,0.00816833,0.0285799;-1.57068,-0.127771,-1.57066
-0.00124326,0.00559499,0.0298683;-1.57801,-0.076849,-1.56057
-0.00269899,-0.0193358,0.035364;-1.4612,-0.0274428,-1.54553
-0.000235181,-0.0113037,0.0285811;-1.57118,-0.128839,-1.57058
3.83241e-05,-0.0113965,0.0288234;-1.56329,-0.112564,-1.57409
0.000112435,-0.0112991,0.0286798;-1.56974,-0.107615,-1.57448
0.000125902,-0.0114589,0.0288331;-1.57165,-0.0866488,-1.5593
-0.00207826,-0.0151183,0.0311678;-1.58805,-0.03376,-1.54595
-0.00470774,-0.036628,0.0382225;-1.53943,0.0750959,-1.54505
-0.00427122,-0.0457133,0.0327931;-1.49783,0.0262519,-1.55431
-0.00282247,-0.0406273,0.0287817;-1.57151,-0.0118962,-1.56054
-0.00278816,-0.0403573,0.0286589;-1.56891,-0.0077986,-1.57323
-0.00286695,-0.0407545,0.0287744;-1.57094,0.0547703,-1.5614
-0.0057867,-0.0435921,0.0305271;-1.58382,0.108419,-1.5472
-0.0117552,-0.0626959,0.0364901;-1.56237,0.202191,-1.54512
-0.0149166,-0.0816108,0.0375472;-1.42978,0.211855,-1.57011
-0.0127455,-0.0779923,0.0328652;-1.48942,0.164862,-1.56979
-0.0112084,-0.0744756,0.028673;-1.57084,0.142884,-1.56546
-0.0109552,-0.0742193,0.0285793;-1.57077,0.199881,-1.57087
-0.0115708,-0.0740211,0.0288692;-1.57169,0.25436,-1.55581
-0.0178449,-0.0810907,0.0319369;-1.59948,0.308854,-1.53618
-0.0263015,-0.100082,0.0357443;-1.49494,0.351825,-1.57089
-0.0275051,-0.103362,0.0313903;-1.5154,0.296908,-1.57693
-0.0259265,-0.101721,0.0288394;-1.56181,0.304677,-1.5774
-0.025943,-0.102908,0.0287723;-1.56416,0.336536,-1.57588
-0.0259494,-0.103273,0.0285924;-1.57064,0.373695,-1.57005
-0.0397543,-0.120847,0.0342773;-1.58466,0.507779,-1.53694
-0.0502768,-0.13951,0.0402534;-1.34404,0.543678,-1.65406
-0.0524095,-0.140564,0.0375987;-1.38706,0.494502,-1.63914
-0.0470511,-0.133572,0.0285748;-1.57102,0.476622,-1.57073
-0.0467919,-0.133271,0.028714;-1.56579,0.476314,-1.57495
-0.046794,-0.133484,0.0286241;-1.56833,0.48965,-1.57204
-0.0539648,-0.139305,0.0307622;-1.58345,0.599008,-1.54013
-0.0700817,-0.158545,0.0371081;-1.41059,0.673239,-1.63831
-0.0741775,-0.163712,0.0400768;-1.34432,0.651123,-1.67351
-0.0705908,-0.156267,0.0286379;-1.571,0.586424,-1.56577
-0.0703176,-0.155529,0.0287014;-1.56491,0.572408,-1.5748
-0.0702585,-0.155123,0.0286255;-1.56827,0.557208,-1.57213
-0.0728271,-0.156299,0.0292616;-1.57128,0.659718,-1.55347
-0.0882151,-0.17163,0.0324887;-1.51359,0.736984,-1.57929
-0.096631,-0.181681,0.0406048;-1.33252,0.754701,-1.69036
-0.0962554,-0.176143,0.028634;-1.57932,0.669689,-1.55637
-0.095632,-0.175614,0.0285776;-1.57121,0.65634,-1.57029
-0.095162,-0.174912,0.0286012;-1.57007,0.640807,-1.57164
-0.0961045,-0.175889,0.0288805;-1.57203,0.729528,-1.55499
-0.105889,-0.183996,0.0307936;-1.55231,0.791763,-1.55619
-0.118083,-0.195819,0.0393979;-1.34835,0.838739,-1.69206
-0.120034,-0.192862,0.0287596;-1.57969,0.746343,-1.55798
-0.118715,-0.192134,0.0285718;-1.57167,0.730635,-1.57
-0.118467,-0.191929,0.0286844;-1.56402,0.72981,-1.57528
-0.1186,-0.19204,0.0288857;-1.57083,0.806172,-1.55613
-0.127706,-0.197127,0.031225;-1.5848,0.859374,-1.53311
-0.146115,-0.210875,0.0388197;-1.31956,0.928947,-1.73416
-0.148117,-0.211295,0.0305997;-1.50729,0.85367,-1.60648
-0.144851,-0.209507,0.0286367;-1.57056,0.819769,-1.56728
-0.144858,-0.209667,0.0288416;-1.55497,0.830555,-1.5845
-0.14463,-0.209873,0.0288628;-1.57112,0.87008,-1.55692
-0.148575,-0.210199,0.0306595;-1.58346,0.914912,-1.53415
-0.167703,-0.2201,0.036851;-1.48109,1.01864,-1.61409
-0.177311,-0.227615,0.0355024;-1.35688,0.977882,-1.72718
-0.171537,-0.224809,0.0290395;-1.54513,0.936479,-1.58257
-0.170126,-0.224443,0.0285652;-1.56994,0.915344,-1.57223
-0.169552,-0.224909,0.0285805;-1.57061,0.943683,-1.57096
-0.169735,-0.224578,0.0288819;-1.57217,0.980928,-1.5537
-0.17811,-0.225284,0.0317401;-1.60208,1.05317,-1.51233
-0.211274,-0.242078,0.0388568;-1.19632,1.11515,-1.87544
-0.207074,-0.242779,0.0353232;-1.3022,1.0712,-1.79336
-0.199312,-0.242071,0.028781;-1.56948,1.07335,-1.56017
-0.199859,-0.242943,0.0288171;-1.54899,1.1078,-1.59184
-0.199758,-0.243058,0.0286684;-1.57015,1.12682,-1.56697
-0.200578,-0.24259,0.0295932;-1.56812,1.14798,-1.5537
-0.239729,-0.253679,0.0407829;-0.996623,1.29103,-2.08122
-0.247242,-0.25662,0.038091;-1.0526,1.23015,-2.04237
-0.238649,-0.255138,0.0301249;-1.46957,1.23835,-1.65657
-0.236618,-0.255551,0.0288412;-1.53725,1.25561,-1.60469
-0.23673,-0.256228,0.02859;-1.56981,1.3117,-1.57096
-0.237511,-0.25587,0.0290756;-1.56646,1.32794,-1.55926
-0.273663,-0.259269,0.0391381;-0.439871,1.40858,-2.65435
-0.284163,-0.261794,0.0379674;-0.647376,1.36266,-2.46606
-0.274771,-0.261657,0.0298128;-1.41991,1.40414,-1.71187
-0.273352,-0.262212,0.0288333;-1.5046,1.40714,-1.63752
-0.273457,-0.262678,0.0285967;-1.57091,1.46255,-1.56964
-0.273976,-0.262266,0.0290589;-1.58917,1.48783,-1.53868
-0.313604,-0.259127,0.0394536;0.53533,1.39391,2.63963
-0.32564,-0.259377,0.0380389;0.235561,1.39174,2.91949
-0.317974,-0.259337,0.0308273;0.140806,1.52713,3.01068
-0.314684,-0.260391,0.0288436;0.390439,1.55753,2.75094
-0.314586,-0.261018,0.0286718;1.55592,1.51648,1.59141
-0.314633,-0.260976,0.0289346;1.60852,1.49728,1.54765
-0.346319,-0.251839,0.037735;1.06087,1.31112,2.10497
-0.356106,-0.249903,0.0386134;0.845002,1.31635,2.30269
-0.352102,-0.250033,0.0349533;1.07415,1.35663,2.07914
-0.346275,-0.251697,0.0285879;1.56888,1.43049,1.57228
-0.346876,-0.251996,0.028753;1.52087,1.40346,1.62003
-0.346496,-0.252381,0.0287794;1.57142,1.37386,1.57988
-0.349388,-0.250123,0.0302124;1.59004,1.32908,1.57756
-0.385167,-0.236784,0.040416;1.1211,1.16927,2.03192
-0.385521,-0.235195,0.0365731;1.18381,1.23162,1.96075
-0.378705,-0.237891,0.0287753;1.57246,1.30517,1.57912
-0.378292,-0.238349,0.0286543;1.55723,1.30548,1.58405
-0.37853,-0.238832,0.0286958;1.57126,1.25704,1.57635
-0.378922,-0.238041,0.0292915;1.57842,1.22817,1.58034
-0.409165,-0.220292,0.0396552;1.26925,1.05131,1.88226
-0.41416,-0.215688,0.0386681;1.21751,1.10038,1.91566
-0.406243,-0.217866,0.0287117;1.57676,1.18845,1.57365
-0.405693,-0.219006,0.0287373;1.55028,1.19589,1.59002
-0.405758,-0.219263,0.028622;1.56956,1.16192,1.57498
-0.406027,-0.218724,0.0290134;1.58454,1.13616,1.57295
-0.433126,-0.19974,0.0385418;1.35016,0.961038,1.79623
-0.445256,-0.193953,0.0383185;1.2667,0.990396,1.84969
-0.438843,-0.198689,0.0294852;1.5419,1.04803,1.60515
-0.437063,-0.200577,0.0287977;1.55064,1.06764,1.58791
-0.437125,-0.200652,0.028616;1.56725,1.04766,1.57389
-0.436711,-0.200716,0.028926;1.57974,1.01894,1.57667
-0.459744,-0.177542,0.0370722;1.4202,0.851921,1.72077
-0.474276,-0.167558,0.0394261;1.31357,0.836632,1.79133
-0.470333,-0.171394,0.0342622;1.39906,0.897461,1.71621
-0.46574,-0.17861,0.0288305;1.55274,0.935828,1.58412
-0.466375,-0.178621,0.0288109;1.55436,0.914092,1.58286
-0.466416,-0.178883,0.0286528;1.57074,0.8887,1.5743
-0.475312,-0.163871,0.0329711;1.55578,0.767298,1.61629
-0.494454,-0.144144,0.0404579;1.37461,0.670467,1.73409
-0.499897,-0.139564,0.038308;1.35245,0.718929,1.73503
-0.491456,-0.153441,0.0285795;1.57111,0.802833,1.57082
-0.491794,-0.15378,0.0287759;1.55948,0.789497,1.57752
-0.492703,-0.153317,0.0287702;1.5584,0.750121,1.5791
-0.493721,-0.147983,0.0309318;1.58239,0.67584,1.59202
-0.507434,-0.125979,0.0367472;1.46597,0.567699,1.66107
-0.519503,-0.110783,0.0396105;1.38766,0.540641,1.69799
-0.513322,-0.122526,0.0287475;1.57075,0.64609,1.57997
-0.513187,-0.12283,0.0287747;1.56094,0.652635,1.57508
-0.513862,-0.12262,0.0287924;1.56074,0.628485,1.57473
-0.514203,-0.121513,0.0294533;1.57263,0.569708,1.58748
-0.518747,-0.107401,0.0330208;1.55817,0.484876,1.61001
-0.531588,-0.0829903,0.0407191;1.40888,0.381953,1.67366
-0.531211,-0.0888733,0.0292464;1.55253,0.497442,1.58702
-0.531025,-0.0901801,0.0285646;1.57088,0.526405,1.57041
-0.531539,-0.0901219,0.0288152;1.55984,0.508137,1.57454
-0.532228,-0.0891053,0.0290455;1.5739,0.436706,1.58343
-0.533679,-0.0784556,0.0318213;1.58012,0.364514,1.60006
-0.542441,-0.0528557,0.0397821;1.43401,0.252438,1.64551
-0.545398,-0.0539967,0.0291562;1.55647,0.355374,1.58273
-0.545617,-0.055614,0.0285631;1.571,0.376292,1.57048
-0.546184,-0.0554014,0.0288024;1.56078,0.355685,1.57312
-0.546471,-0.054727,0.0289298;1.57478,0.285999,1.58345
-0.545124,-0.044909,0.0317777;1.58619,0.214322,1.6014
-0.548684,-0.0184189,0.0385953;1.45536,0.101148,1.62221
-0.551844,-0.0101866,0.0329072;1.49434,0.161793,1.59476
-0.552762,-0.0161724,0.0286887;1.57127,0.193608,1.57649
-0.552961,-0.0161104,0.0288296;1.5595,0.184901,1.57217
-0.553616,-0.0160388,0.0287424;1.57096,0.118564,1.57859
-0.552062,-0.0137258,0.0302456;1.57918,0.0747758,1.59584
-0.54888,0.00556679,0.0340545;1.56021,-0.0234322,1.61172
-0.549114,0.0367295,0.0376144;1.42279,-0.0569927,1.58628
-0.550583,0.0271044,0.0285716;1.58229,-0.0111292,1.58185
-0.551019,0.0265084,0.0285842;1.57094,0.00351755,1.57136
-0.551659,0.0268304,0.0285802;1.57046,-0.0432911,1.5711
-0.551491,0.0266147,0.0289443;1.57464,-0.0726044,1.58528
-0.548014,0.0330106,0.0315534;1.58365,-0.132068,1.60626
-0.539801,0.0706893,0.0400367;1.38718,-0.231591,1.56221
-0.539162,0.0676291,0.0339916;1.48157,-0.181683,1.57129
-0.541012,0.062771,0.028639;1.57003,-0.148678,1.57622
-0.541548,0.0626873,0.0287728;1.56138,-0.180971,1.56915
-0.541943,0.062277,0.0287252;1.57125,-0.21051,1.57816
-0.540383,0.0634859,0.0299195;1.57457,-0.245286,1.59458
-0.524335,0.101383,0.0404497;1.39295,-0.416043,1.54562
-0.521609,0.109091,0.0381644;1.4002,-0.363445,1.53231
-0.526116,0.101396,0.028844;1.57265,-0.335343,1.58257
-0.526851,0.101457,0.0287112;1.56417,-0.33963,1.56856
-0.527331,0.101721,0.0286328;1.57043,-0.377037,1.57333
-0.526972,0.101739,0.0290985;1.57477,-0.399577,1.58749
-0.506557,0.133115,0.0396878;1.41519,-0.585732,1.52777
-0.500638,0.145923,0.037868;1.38348,-0.539264,1.49052
-0.507082,0.139195,0.0288557;1.56411,-0.514404,1.57484
-0.508946,0.138716,0.028794;1.56001,-0.498949,1.56498
-0.509302,0.139056,0.0285802;1.57072,-0.540184,1.57102
-0.508711,0.138905,0.0289961;1.57517,-0.562058,1.58679
-0.508711,0.138905,0.0289961;1.57517,-0.562058,1.58679
-0.501281,0.144027,0.0319176;1.58773,-0.633959,1.61495
-0.501281,0.144027,0.0319176;1.58773,-0.633959,1.61495
