0,0,0.11;-1.57,-2.98023e-08,-1.57
0,0,0.11;-1.57,-2.98023e-08,-1.57
0,0,0.11;-1.57,-2.98023e-08,-1.57
0.000153674,0.00744426,0.0286329;-1.56811,-0.150834,-1.56999
0.000285287,0.00780337,0.0286186;-1.57088,-0.115477,-1.56886
-0.00165989,0.00288296,0.0300365;-1.57272,-0.0510344,-1.55364
-0.00263546,-0.0221796,0.03445;-1.47017,-0.016248,-1.56896
0.000502939,-0.0111196,0.029166;-1.58857,-0.123336,-1.58362
0.000810222,-0.0123277,0.0291657;-1.58056,-0.102516,-1.58469
0.000954354,-0.0129851,0.0291191;-1.58219,-0.0994568,-1.58632
-0.00233131,-0.0189793,0.0295175;-1.59537,-0.0284072,-1.58328
-0.0064879,-0.0244639,0.0326204;-1.64311,0.0332752,-1.57236
-0.00935461,-0.0389261,0.0378542;-1.57678,0.103727,-1.56351
-0.0105391,-0.0481083,0.0314148;-1.51515,0.0510063,-1.56661
-0.0108161,-0.0452572,0.0285789;-1.57183,0.00497588,-1.5698
-0.0104654,-0.0450205,0.0286618;-1.5667,0.0032611,-1.57084
-0.010434,-0.0459457,0.0285767;-1.57108,0.0498697,-1.57076
-0.011679,-0.0480582,0.0292358;-1.5824,0.0968151,-1.56789
-0.0161304,-0.0637422,0.0369837;-1.6049,0.17861,-1.56501
-0.0164411,-0.0786191,0.0415946;-1.55049,0.178316,-1.59268
-0.010489,-0.0739293,0.036172;-1.64761,0.123557,-1.59016
-0.00450813,-0.0679235,0.0332952;-1.6713,0.0636626,-1.57072
-0.00947924,-0.0736528,0.0305361;-1.58844,0.122741,-1.59621
-0.0130126,-0.0763995,0.0318446;-1.63256,0.174156,-1.57242
-0.0172297,-0.0806577,0.0339384;-1.67186,0.229219,-1.55551
-0.0209712,-0.0904343,0.0361889;-1.59141,0.256516,-1.56417
-0.021747,-0.093472,0.0287071;-1.56681,0.194064,-1.56938
-0.0210811,-0.0930195,0.0288073;-1.56088,0.169794,-1.57347
-0.021227,-0.0934312,0.0287573;-1.56399,0.185705,-1.57382
-0.0215423,-0.0943475,0.0286454;-1.57078,0.21866,-1.57396
-0.02942,-0.107282,0.0361156;-1.66113,0.332669,-1.55022
-0.0332479,-0.120015,0.0455171;-1.59436,0.375248,-1.57809
-0.0304588,-0.122862,0.0419832;-1.6117,0.311475,-1.58726
-0.019057,-0.112562,0.0311917;-1.63141,0.202871,-1.56463
-0.0203021,-0.113664,0.0291446;-1.58706,0.215527,-1.57764
-0.0234703,-0.116384,0.0289915;-1.58202,0.262581,-1.57673
-0.0285714,-0.120362,0.0293914;-1.5766,0.351097,-1.56385
-0.0375928,-0.138386,0.0346202;-1.48767,0.441976,-1.58547
-0.043799,-0.155639,0.037232;-1.41879,0.445932,-1.6239
-0.0412198,-0.146406,0.0285443;-1.57051,0.341493,-1.57164
-0.0409533,-0.14651,0.0287968;-1.56044,0.344638,-1.57478
-0.0407913,-0.146857,0.0287554;-1.5621,0.359104,-1.57459
-0.0417516,-0.147662,0.0286993;-1.57757,0.42795,-1.56795
-0.0485003,-0.156396,0.0337964;-1.62912,0.493206,-1.54342
-0.0565407,-0.170103,0.043348;-1.54304,0.55862,-1.58581
-0.0514189,-0.167404,0.0289119;-1.58911,0.417107,-1.5671
-0.050247,-0.166785,0.0285648;-1.571,0.386722,-1.57016
-0.050103,-0.167357,0.0287867;-1.56025,0.40532,-1.57545
-0.0499248,-0.168338,0.0286612;-1.57086,0.488272,-1.56681
-0.055105,-0.172928,0.0303995;-1.56583,0.557235,-1.55499
-0.069393,-0.194811,0.0376549;-1.43519,0.664559,-1.62969
-0.0726395,-0.197673,0.0285871;-1.57193,0.538933,-1.57006
-0.0711648,-0.196698,0.0285795;-1.57057,0.497035,-1.57056
-0.0710518,-0.1971,0.0288161;-1.55914,0.505148,-1.57745
-0.0710983,-0.19785,0.0286713;-1.5703,0.569907,-1.56701
-0.0751714,-0.201043,0.0301288;-1.56975,0.635435,-1.55723
-0.0884597,-0.21859,0.0371364;-1.45918,0.723769,-1.62614
-0.0920163,-0.220714,0.0295476;-1.54057,0.619484,-1.58433
-0.0909636,-0.219307,0.0285689;-1.57137,0.589331,-1.57066
-0.0907191,-0.219657,0.0288171;-1.55692,0.604391,-1.57856
-0.0908898,-0.2203,0.0285815;-1.57057,0.656037,-1.57081
-0.0929658,-0.221585,0.0293913;-1.56267,0.712053,-1.56751
-0.108589,-0.236664,0.0350115;-1.46536,0.814013,-1.63132
-0.118534,-0.246818,0.0346136;-1.42063,0.783247,-1.66994
-0.113022,-0.24002,0.0288176;-1.56055,0.720732,-1.5739
-0.11204,-0.239299,0.0285776;-1.57086,0.687962,-1.57084
-0.112069,-0.239756,0.0285815;-1.57067,0.714556,-1.5711
-0.112383,-0.23989,0.0285883;-1.56973,0.759184,-1.57126
-0.117187,-0.241905,0.0299369;-1.56913,0.815176,-1.56153
-0.146788,-0.268393,0.038348;-1.34583,0.914049,-1.7276
-0.146809,-0.26648,0.0343169;-1.4126,0.842581,-1.68681
-0.138892,-0.260541,0.0286165;-1.57305,0.791032,-1.56586
-0.13853,-0.260987,0.0287643;-1.55799,0.797841,-1.58002
-0.138495,-0.261028,0.0285767;-1.57033,0.82303,-1.57109
-0.138626,-0.261216,0.0288171;-1.56398,0.865253,-1.56875
-0.17174,-0.285492,0.0397084;-1.29495,1.04116,-1.77719
-0.179062,-0.289984,0.035602;-1.32999,0.976564,-1.75909
-0.172588,-0.283327,0.0290158;-1.54533,0.929387,-1.58534
-0.171967,-0.283422,0.028735;-1.57248,0.948614,-1.57601
-0.17408,-0.283256,0.0286521;-1.57079,1.00543,-1.57416
-0.175196,-0.282599,0.028924;-1.60134,1.03374,-1.54568
-0.20469,-0.295263,0.0373535;-1.2591,1.17944,-1.83075
-0.217105,-0.302427,0.0367286;-1.26053,1.1218,-1.84667
-0.208989,-0.297035,0.0295129;-1.52124,1.07118,-1.61179
-0.206904,-0.296724,0.0288109;-1.55077,1.04747,-1.58907
-0.2072,-0.297068,0.0285773;-1.57034,1.09093,-1.57128
-0.207235,-0.29718,0.0286891;-1.57123,1.11746,-1.565
-0.239459,-0.308878,0.0377629;-1.18944,1.27122,-1.91156
-0.248785,-0.312661,0.035245;-1.20795,1.20339,-1.90009
-0.24189,-0.30761,0.0291339;-1.52235,1.16564,-1.61105
-0.240716,-0.30779,0.0287006;-1.5705,1.17286,-1.57676
-0.242009,-0.308053,0.0285769;-1.57092,1.22758,-1.57058
-0.242207,-0.30799,0.0285797;-1.57076,1.23294,-1.57082
-0.268527,-0.313883,0.0367734;-1.03802,1.38445,-2.07618
-0.284912,-0.317779,0.0349222;-1.0572,1.34014,-2.07075
-0.279748,-0.315778,0.033294;-1.21381,1.32171,-1.91061
-0.271615,-0.313725,0.0286506;-1.55541,1.26662,-1.58629
-0.272396,-0.31468,0.0288417;-1.5249,1.30754,-1.61572
-0.272149,-0.314675,0.0285795;-1.57058,1.32765,-1.57098
-0.273456,-0.314695,0.0290175;-1.54111,1.3861,-1.59279
-0.313869,-0.318748,0.036466;-0.362913,1.4316,-2.75095
-0.315206,-0.318742,0.0333545;-0.899293,1.42199,-2.2278
-0.308847,-0.318301,0.0285498;-1.57161,1.40787,-1.57048
-0.309516,-0.318917,0.0286933;-1.57096,1.44784,-1.57629
-0.310088,-0.319033,0.0285839;-1.5712,1.48105,-1.5706
-0.310073,-0.318989,0.0286587;-1.5733,1.50363,-1.56435
-0.342562,-0.318675,0.0383455;0.85135,1.40041,2.31335
-0.356728,-0.318352,0.0357795;0.510908,1.42888,2.63272
-0.344588,-0.315436,0.0288908;-1.16167,1.53949,-1.97717
-0.343142,-0.316443,0.028811;-1.33242,1.52579,-1.8096
-0.343557,-0.316868,0.0285663;1.66776,1.56593,1.47399
-0.343572,-0.316952,0.0286488;1.57543,1.54558,1.56954
-0.37361,-0.313438,0.0370057;1.11719,1.35462,2.03931
-0.384431,-0.312372,0.0346784;0.849939,1.39443,2.29493
-0.374119,-0.311452,0.0291104;1.23254,1.51336,1.91161
-0.373023,-0.312504,0.0287551;1.44639,1.51919,1.69308
-0.373459,-0.312692,0.0286416;1.53165,1.49125,1.60992
-0.373363,-0.312819,0.028593;1.57068,1.46652,1.57176
-0.400055,-0.305909,0.0364036;1.25942,1.27431,1.88778
-0.417052,-0.302007,0.0374164;1.13182,1.26734,2.01078
-0.412275,-0.302151,0.0327907;1.17915,1.36069,1.95857
-0.405476,-0.304362,0.0288014;1.50583,1.42203,1.63408
-0.406012,-0.304596,0.0287665;1.51946,1.40239,1.62096
-0.406229,-0.30461,0.0285763;1.57034,1.37726,1.57133
-0.417423,-0.299427,0.0316604;1.48137,1.24612,1.66717
-0.443496,-0.291678,0.0387607;1.2762,1.13506,1.86939
-0.452164,-0.288006,0.0360778;1.23103,1.19263,1.89927
-0.439488,-0.29204,0.0285669;1.57036,1.32508,1.5712
-0.440064,-0.292639,0.0287954;1.53308,1.30484,1.60686
-0.440899,-0.29246,0.0287562;1.54176,1.27482,1.59867
-0.443363,-0.290422,0.0294733;1.55191,1.18184,1.59757
-0.463717,-0.278769,0.0352072;1.41427,1.06711,1.7244
-0.482324,-0.269837,0.0378513;1.3186,1.03487,1.81059
-0.471617,-0.272075,0.0286152;1.56648,1.21447,1.57926
-0.471797,-0.272356,0.0287775;1.54582,1.21307,1.59339
-0.472443,-0.272663,0.0287734;1.54843,1.19045,1.59048
-0.472869,-0.273087,0.0287651;1.56144,1.11752,1.58523
-0.481262,-0.266082,0.0313306;1.52361,1.03098,1.62643
-0.504331,-0.252676,0.038915;1.37169,0.916266,1.76063
-0.503441,-0.251248,0.0288025;1.55785,1.07869,1.58676
-0.502746,-0.251999,0.0285822;1.57052,1.10177,1.57117
-0.503458,-0.252272,0.0287944;1.55013,1.08256,1.58849
-0.504051,-0.252813,0.0286807;1.57114,1.00744,1.57556
-0.508977,-0.247004,0.0309735;1.54918,0.931638,1.60368
-0.528966,-0.231673,0.0381858;1.41081,0.812826,1.71542
-0.529986,-0.228739,0.0287556;1.56257,0.960884,1.5812
-0.529455,-0.229666,0.0285826;1.56966,0.98357,1.57245
-0.530189,-0.229997,0.0288015;1.55368,0.963797,1.58406
-0.530771,-0.229826,0.0285815;1.57031,0.89426,1.57105
-0.533296,-0.225621,0.029952;1.55738,0.82001,1.59297
-0.549787,-0.208536,0.0368612;1.44824,0.706447,1.67103
-0.554248,-0.201854,0.031448;1.49015,0.831446,1.63553
-0.55035,-0.205646,0.028557;1.5711,0.885958,1.57024
-0.550921,-0.206029,0.028837;1.55337,0.866779,1.58307
-0.551263,-0.205755,0.0285761;1.57085,0.828434,1.57064
-0.55161,-0.205274,0.0287264;1.56613,0.779512,1.57797
-0.559212,-0.192923,0.0324107;1.52673,0.681148,1.61071
-0.578408,-0.167885,0.0349829;1.42824,0.68166,1.66496
-0.569387,-0.17623,0.0285938;1.5787,0.774137,1.57145
-0.569402,-0.176988,0.0285802;1.57124,0.791086,1.57088
-0.570844,-0.17671,0.02861;1.56887,0.736086,1.57211
-0.570983,-0.176674,0.0285885;1.57008,0.710928,1.5711
-0.572312,-0.172642,0.0296373;1.56287,0.638715,1.58531
-0.594178,-0.136405,0.0368661;1.43293,0.533136,1.6576
-0.590603,-0.139224,0.0322031;1.48768,0.623215,1.62563
-0.586683,-0.144037,0.028615;1.57099,0.691542,1.57254
-0.588108,-0.144048,0.0287741;1.55986,0.649211,1.57686
-0.58824,-0.144222,0.0285747;1.57022,0.624125,1.57115
-0.588326,-0.143877,0.0287728;1.56826,0.580284,1.57946
-0.60451,-0.108259,0.0388905;1.44354,0.396989,1.65233
-0.607147,-0.0992241,0.0352779;1.44376,0.475413,1.63476
-0.599922,-0.109513,0.0286799;1.57651,0.572302,1.5735
-0.600811,-0.11043,0.0287644;1.56143,0.570532,1.57491
-0.601482,-0.109918,0.0285793;1.57084,0.527931,1.57073
-0.601581,-0.110022,0.0287217;1.57101,0.503261,1.57763
-0.611783,-0.080255,0.037989;1.46405,0.314922,1.63223
-0.616787,-0.0656086,0.0352258;1.44417,0.380339,1.62101
-0.610167,-0.0761191,0.0285519;1.5778,0.475046,1.57234
-0.611218,-0.0772309,0.0288103;1.55925,0.477808,1.57533
-0.611505,-0.0769706,0.0285825;1.57053,0.438788,1.57104
-0.611575,-0.0770262,0.0286163;1.57088,0.408812,1.57258
-0.611575,-0.0770262,0.0286163;1.57088,0.408812,1.57258
-0.61203,-0.0707868,0.0304701;1.56563,0.332756,1.58744
-0.61203,-0.0707868,0.0304701;1.56563,0.332756,1.58744
