0,0,0.11;-1.57,-2.98023e-08,-1.57
0,0,0.11;-1.57,-2.98023e-08,-1.57
0,0,0.11;-1.57,-2.98023e-08,-1.57
-0.000123403,0.0048468,0.0286055;-1.56957,-0.160552,-1.5702
0.000418957,0.0053193,0.028664;-1.57083,-0.111586,-1.56684
-0.000586679,0.00730124,0.0300774;-1.5849,-0.0513237,-1.55496
-0.00245074,0.0153837,0.0364026;-1.7291,0.00729418,-1.57207
0.00295389,0.0239368,0.0291179;-1.57259,-0.130642,-1.58885
0.00207468,0.0279102,0.0289318;-1.56621,-0.192334,-1.58266
0.00170521,0.0292127,0.0289257;-1.56344,-0.216516,-1.57864
0.00128752,0.029398,0.0286318;-1.57085,-0.196146,-1.56822
0.000849624,0.0295568,0.0302693;-1.58569,-0.145053,-1.55403
-0.000607849,0.0298228,0.036183;-1.66536,-0.0627039,-1.54527
0.000455262,0.0351012,0.0345632;-1.69334,-0.0479982,-1.57933
0.00316134,0.0371294,0.0313963;-1.63428,-0.106179,-1.58261
0.00462017,0.0383784,0.0287061;-1.57157,-0.168883,-1.57608
0.00426751,0.036955,0.0285803;-1.57065,-0.145309,-1.57075
0.00266127,0.0329567,0.0294831;-1.58425,-0.104224,-1.56862
7.25358e-05,0.0134871,0.0354983;-1.54724,-0.0272998,-1.56684
0.00276146,0.00685584,0.0413978;-1.5265,0.0263083,-1.58216
0.00640017,0.0236097,0.0333651;-1.63043,0.00688147,-1.58405
0.00866237,0.0286403,0.0292467;-1.59681,-0.0500575,-1.57864
0.00856958,0.0275817,0.0286848;-1.57067,-0.0475545,-1.57581
0.00894995,0.0268243,0.0288263;-1.56832,-0.0105467,-1.56123
0.00609282,0.0208716,0.03078;-1.56917,-0.0226936,-1.54004
0.00449678,0.0174537,0.0316593;-1.55939,0.0247842,-1.52908
0.00729287,0.0200957,0.0288385;-1.57952,0.0439918,-1.56689
0.00868622,0.0223715,0.0304547;-1.57652,0.0139909,-1.60306
0.00857041,0.0218452,0.0313458;-1.57372,0.0188883,-1.61187
0.00697491,0.0179152,0.0305141;-1.57027,0.0573242,-1.6062
-0.00271358,-0.0164186,0.0312622;-1.5499,0.105949,-1.54226
-0.00668187,-0.0329542,0.0355544;-1.47548,0.105527,-1.54137
-0.00368993,-0.0306623,0.0319114;-1.53578,0.0918898,-1.55886
0.00238894,-0.0202016,0.0297677;-1.5738,0.0787151,-1.5937
0.00273781,-0.0125999,0.0290136;-1.57598,0.0134346,-1.58583
0.00201633,-0.0131375,0.0288879;-1.57503,0.0232347,-1.58102
-0.00105844,-0.0273713,0.029996;-1.592,0.115631,-1.55586
-0.00474573,-0.0586104,0.0339124;-1.49637,0.138153,-1.55054
-0.00704265,-0.0689094,0.0373148;-1.40475,0.0807471,-1.57168
-0.00816514,-0.0532616,0.0289901;-1.57083,0.0248951,-1.59011
-0.0085087,-0.0434838,0.0304046;-1.56604,-0.0387723,-1.60009
-0.00954166,-0.035965,0.0300848;-1.57153,-0.108552,-1.59812
-0.0116713,-0.0424342,0.0286604;-1.57192,0.0291013,-1.56703
-0.0114136,-0.058053,0.0312387;-1.59213,0.0462587,-1.54715
-0.0101687,-0.0844383,0.0356744;-1.50055,0.0524854,-1.52175
-0.0104111,-0.0852463,0.030001;-1.54113,-0.0410881,-1.57863
-0.0107873,-0.0796829,0.0292189;-1.55487,-0.0720385,-1.58493
-0.0107063,-0.0745124,0.0299132;-1.55879,-0.10397,-1.59384
-0.01281,-0.0765179,0.0313734;-1.57188,-0.0842767,-1.61413
-0.0129569,-0.0937502,0.0351236;-1.58958,0.00773438,-1.61038
-0.00956588,-0.117997,0.0377063;-1.43568,0.0681529,-1.53565
-0.015295,-0.118307,0.0285459;-1.57707,-0.116151,-1.57619
-0.0168615,-0.114458,0.0289264;-1.56458,-0.20727,-1.58022
-0.0186314,-0.1116,0.0289202;-1.56623,-0.277254,-1.58183
-0.0189364,-0.116535,0.0302647;-1.56748,-0.215045,-1.6029
-0.019006,-0.127191,0.032875;-1.60753,-0.115793,-1.59256
-0.0146154,-0.14638,0.0372809;-1.4565,-0.051382,-1.52778
-0.0114066,-0.147393,0.0370951;-1.40419,-0.114812,-1.55622
-0.0139926,-0.136951,0.0328053;-1.52186,-0.191847,-1.60129
-0.015762,-0.130593,0.0320269;-1.54191,-0.256343,-1.60462
-0.0121531,-0.135513,0.0364511;-1.46481,-0.1995,-1.59918
-0.00888071,-0.143814,0.0404008;-1.37091,-0.11735,-1.56966
-0.00640339,-0.158944,0.0433325;-1.3102,-0.0180457,-1.54634
-0.00703181,-0.161396,0.0423387;-1.30859,-0.0569951,-1.55498
-0.0121851,-0.153593,0.0398631;-1.36533,-0.15716,-1.56107
-0.0179831,-0.13895,0.02891;-1.57221,-0.278476,-1.58702
-0.0194536,-0.134829,0.0289297;-1.567,-0.346543,-1.58271
-0.0185379,-0.138145,0.0300419;-1.56141,-0.28977,-1.59615
-0.0179953,-0.151981,0.036834;-1.45696,-0.198722,-1.57868
-0.0124678,-0.172652,0.0422641;-1.33812,-0.133727,-1.55596
-0.0136448,-0.168256,0.0413183;-1.36532,-0.211301,-1.56726
-0.017417,-0.159403,0.0371502;-1.44532,-0.284351,-1.58376
-0.0201518,-0.150461,0.0344903;-1.54059,-0.346806,-1.63344
-0.0192614,-0.152687,0.0356337;-1.52986,-0.327266,-1.64158
-0.0180975,-0.158035,0.037955;-1.44826,-0.305287,-1.59691
-0.0111076,-0.175839,0.0421034;-1.34038,-0.113921,-1.55211
-0.0108445,-0.176309,0.0419533;-1.34109,-0.148118,-1.56026
-0.0157393,-0.168433,0.0396329;-1.39285,-0.235605,-1.57321
-0.0316657,-0.147217,0.0291296;-1.55692,-0.470141,-1.5788
-0.0329674,-0.146622,0.0290395;-1.56496,-0.489829,-1.58514
-0.0329493,-0.150701,0.0300664;-1.54563,-0.463811,-1.5755
-0.0212432,-0.18353,0.0399611;-1.3789,-0.271089,-1.5268
-0.0204914,-0.187544,0.0397383;-1.39954,-0.325117,-1.55402
-0.0236103,-0.180282,0.0354119;-1.48667,-0.375034,-1.59249
-0.028236,-0.16609,0.0301019;-1.57183,-0.487018,-1.59839
-0.0286648,-0.169164,0.031018;-1.57166,-0.463683,-1.61338
-0.0292914,-0.173425,0.0311093;-1.56183,-0.429027,-1.60934
-0.0244056,-0.195194,0.0396455;-1.41445,-0.296548,-1.55193
-0.0227374,-0.198252,0.0398386;-1.4015,-0.33835,-1.5573
-0.0261004,-0.19206,0.0368399;-1.46097,-0.389741,-1.58741
-0.0361097,-0.174671,0.0290479;-1.56095,-0.516972,-1.57995
-0.035607,-0.17686,0.0309393;-1.56802,-0.491701,-1.6103
-0.035019,-0.179115,0.0310858;-1.56157,-0.464574,-1.61083
-0.034501,-0.210046,0.0361296;-1.48367,-0.401918,-1.53162
-0.0310678,-0.212721,0.036279;-1.46299,-0.448885,-1.56044
-0.0308584,-0.207052,0.0349115;-1.49809,-0.458138,-1.58092
-0.0313721,-0.189562,0.0291487;-1.58609,-0.530506,-1.59242
-0.0301031,-0.197034,0.0304696;-1.5946,-0.45761,-1.60654
-0.0288482,-0.201657,0.032572;-1.62351,-0.415061,-1.62682
-0.0289922,-0.205558,0.0377135;-1.74687,-0.369387,-1.65339
-0.0262707,-0.223004,0.0458086;-1.7443,-0.318546,-1.62399
-0.0268798,-0.221463,0.0426971;-1.80822,-0.409982,-1.66416
-0.0261389,-0.221586,0.0358291;-1.73486,-0.472018,-1.65326
-0.0267142,-0.22277,0.0291287;-1.58603,-0.475581,-1.59026
-0.0278412,-0.22509,0.0290268;-1.57766,-0.433086,-1.58852
-0.0289925,-0.226875,0.0290446;-1.59337,-0.363855,-1.58029
-0.0240558,-0.256061,0.0447891;-1.63199,-0.241261,-1.5967
-0.0171046,-0.268683,0.0440283;-1.57228,-0.329084,-1.619
-0.0123171,-0.267377,0.0341197;-1.58087,-0.412957,-1.65204
-0.0135392,-0.256106,0.0346645;-1.62342,-0.55261,-1.65738
-0.0150661,-0.25685,0.0315286;-1.6152,-0.52685,-1.61669
-0.0159661,-0.259356,0.0295945;-1.60664,-0.472407,-1.58783
-0.0188585,-0.254152,0.0358608;-1.64053,-0.274489,-1.54615
-0.0162838,-0.254427,0.0352186;-1.66617,-0.313969,-1.57496
-0.0123377,-0.25855,0.0308719;-1.62954,-0.363091,-1.59437
-0.0101793,-0.26166,0.0316267;-1.63794,-0.372037,-1.60728
-0.0129288,-0.263948,0.0356614;-1.68,-0.339341,-1.63877
-0.0130982,-0.265025,0.034378;-1.66691,-0.307817,-1.62273
-0.0146957,-0.273636,0.0423306;-1.54061,-0.0630926,-1.58396
-0.0143507,-0.278722,0.0419239;-1.5294,-0.0311556,-1.57075
-0.0116515,-0.276692,0.0315418;-1.60768,-0.0915221,-1.58146
-0.00850134,-0.27593,0.029955;-1.60824,-0.141595,-1.58282
-0.0120505,-0.282126,0.0317014;-1.64387,-0.0651131,-1.58239
-0.0148968,-0.283495,0.0332428;-1.67046,-0.037689,-1.57926
-0.0164111,-0.27731,0.0354473;-1.66691,0.0427328,-1.54405
-0.0160538,-0.277655,0.0368664;-1.63116,0.144695,-1.52862
-0.0122871,-0.278588,0.0353371;-1.54162,0.126718,-1.5673
-0.00563234,-0.268708,0.032059;-1.57183,0.0208308,-1.62409
-0.00463355,-0.265177,0.0341989;-1.59207,-0.0224318,-1.63852
-0.00632906,-0.268523,0.0357348;-1.60693,-0.0093434,-1.64838
-0.00946619,-0.266123,0.0352051;-1.69979,0.00858469,-1.56121
-0.0114905,-0.26586,0.0367184;-1.6697,0.0821435,-1.53099
-0.0113717,-0.26661,0.0359106;-1.61848,0.100141,-1.5173
-0.0063467,-0.263105,0.0291872;-1.5966,0.101916,-1.57221
-0.00543344,-0.263286,0.0291035;-1.58873,0.0691072,-1.57695
-0.00699356,-0.265335,0.029634;-1.60101,0.0996714,-1.57715
-0.0146775,-0.274086,0.0375482;-1.7351,0.215913,-1.55253
-0.0191254,-0.278914,0.0413385;-1.72297,0.272211,-1.55558
-0.0273647,-0.291377,0.047873;-1.6148,0.335111,-1.57386
-0.0261405,-0.291015,0.029004;-1.57248,0.260891,-1.58854
-0.0249264,-0.287963,0.0289796;-1.57618,0.239994,-1.58326
-0.0251059,-0.288824,0.0290613;-1.58356,0.257471,-1.57835
-0.0345779,-0.300178,0.0331348;-1.6758,0.409099,-1.53423
-0.0364225,-0.299731,0.0385154;-1.77457,0.401402,-1.48492
-0.0428267,-0.300924,0.0430736;-1.77913,0.43482,-1.45523
-0.0477836,-0.304626,0.02896;-1.57272,0.324244,-1.5861
-0.0461611,-0.302176,0.0291724;-1.56942,0.316338,-1.58879
-0.0441381,-0.30013,0.0311711;-1.5681,0.315256,-1.61261
-0.0485,-0.307626,0.0340229;-1.59787,0.38959,-1.62386
-0.0557136,-0.316594,0.0393398;-1.74741,0.398528,-1.53656
-0.0640276,-0.32741,0.0453144;-1.73844,0.434987,-1.51269
-0.0825347,-0.337721,0.0338062;-1.6802,0.296195,-1.54906
-0.0843184,-0.340151,0.0290094;-1.57517,0.294103,-1.58568
-0.0839188,-0.339563,0.0286533;-1.57085,0.290818,-1.57438
-0.0840942,-0.339726,0.0290754;-1.57639,0.291253,-1.58793
-0.086922,-0.345043,0.032549;-1.62444,0.348241,-1.57735
-0.0894316,-0.353138,0.0417995;-1.73885,0.381114,-1.53864
-0.103495,-0.37987,0.0445295;-1.47732,0.332068,-1.65932
-0.10661,-0.377485,0.0355966;-1.50857,0.269524,-1.65542
-0.10377,-0.366388,0.0332884;-1.57554,0.168235,-1.63544
-0.105933,-0.36551,0.0334478;-1.57195,0.121584,-1.64214
-0.106809,-0.37351,0.0337841;-1.54784,0.205611,-1.64796
-0.107493,-0.380731,0.0363328;-1.47332,0.282698,-1.64457
-0.106291,-0.393994,0.0392701;-1.35485,0.400385,-1.65263
-0.108062,-0.387642,0.0362741;-1.42811,0.310952,-1.62904
-0.107845,-0.375042,0.0288971;-1.57026,0.214049,-1.58675
-0.106466,-0.370313,0.0288437;-1.5705,0.148625,-1.58345
-0.106839,-0.372106,0.0290359;-1.57467,0.177154,-1.58876
-0.106773,-0.375483,0.0290483;-1.56922,0.271851,-1.58158
-0.109581,-0.384262,0.0340716;-1.546,0.353115,-1.51617
-0.112589,-0.389375,0.0312025;-1.55216,0.252605,-1.54289
-0.115616,-0.391694,0.0286866;-1.57088,0.169836,-1.56564
-0.115446,-0.3922,0.0285996;-1.57054,0.0400221,-1.56966
-0.115007,-0.391648,0.0285658;-1.57086,0.0861545,-1.5715
-0.11339,-0.391107,0.0287177;-1.56949,0.175772,-1.56568
-0.110598,-0.398398,0.0366498;-1.43221,0.423908,-1.59985
-0.108465,-0.401987,0.0372295;-1.40659,0.393625,-1.64077
-0.103271,-0.387507,0.030319;-1.57663,0.313178,-1.60819
-0.0972331,-0.380491,0.0344935;-1.56955,0.219872,-1.64441
-0.0964604,-0.38048,0.0340111;-1.57715,0.233993,-1.64516
-0.0992607,-0.385528,0.0346434;-1.62847,0.283335,-1.60635
-0.0992607,-0.385528,0.0346434;-1.62847,0.283335,-1.60635
-0.103699,-0.38736,0.0395172;-1.73095,0.363955,-1.55454
-0.103699,-0.38736,0.0395172;-1.73095,0.363955,-1.55454
