0,0,0.11;-1.57,-2.98023e-08,-1.57
0,0,0.11;-1.57,-2.98023e-08,-1.57
0,0,0.11;-1.57,-2.98023e-08,-1.57
7.88722e-05,0.00691888,0.028752;-1.57074,-0.100173,-1.57892
0.000275595,0.00659193,0.028672;-1.57087,-0.0714187,-1.56626
-0.0002293,0.00630666,0.0302593;-1.57569,-0.0597476,-1.54198
-0.000963174,0.00384868,0.0328076;-1.58413,-0.0538273,-1.51415
0.00127904,0.00294697,0.0285935;-1.57133,-0.0932626,-1.57143
0.00129529,0.00316368,0.0286596;-1.57081,-0.0922593,-1.57452
0.00114744,0.00379668,0.0286821;-1.57076,-0.110738,-1.57556
0.000903563,0.0041061,0.028773;-1.57095,-0.122883,-1.56146
0.000300444,0.00449122,0.0308612;-1.57253,-0.111055,-1.53307
-0.00219921,0.00277449,0.0339458;-1.58163,-0.0778442,-1.49588
0.000257844,-0.000704011,0.030748;-1.5669,-0.0747861,-1.53069
0.00111524,-0.00101329,0.0285988;-1.56997,-0.123184,-1.57189
0.000745198,0.000965198,0.0288584;-1.56892,-0.163858,-1.58232
0.00108626,0.00313316,0.0288626;-1.57342,-0.198882,-1.58228
0.000687737,0.00550136,0.0303974;-1.59681,-0.19876,-1.56441
-0.00131203,0.0100188,0.0341078;-1.6137,-0.217538,-1.53212
-0.00202454,0.0112107,0.0379751;-1.67692,-0.189194,-1.54125
0.0012022,0.0090131,0.0346935;-1.67891,-0.177806,-1.58006
0.00205915,0.00252879,0.0289972;-1.5702,-0.145221,-1.58872
0.00115702,0.00587312,0.0289955;-1.56776,-0.196797,-1.58727
0.000850492,0.00650098,0.0287923;-1.57464,-0.209348,-1.57771
-0.000138551,0.00916297,0.0310478;-1.58192,-0.236443,-1.54199
-0.00264391,0.010967,0.0326099;-1.57067,-0.236634,-1.5098
-0.00230129,0.0122342,0.0299672;-1.56853,-0.230422,-1.5426
-0.00215572,0.0120621,0.0285812;-1.57069,-0.221513,-1.57082
-0.00217096,0.0120665,0.0285798;-1.57075,-0.221695,-1.57082
-0.00220305,0.0120215,0.0286685;-1.5707,-0.218989,-1.56646
-0.00328281,0.0115686,0.0329199;-1.56415,-0.221196,-1.50612
-0.00527841,0.0117203,0.0354391;-1.55837,-0.233663,-1.47594
-0.00355529,0.0140138,0.0333918;-1.56223,-0.243119,-1.5017
-0.00213401,0.0142488,0.0285794;-1.57078,-0.236898,-1.57084
-0.00215867,0.0142065,0.028597;-1.56973,-0.239463,-1.57042
-0.00213894,0.0141324,0.0286507;-1.56789,-0.239084,-1.56869
-0.00247809,0.013948,0.0312337;-1.56921,-0.236497,-1.52766
-0.00460931,0.0139585,0.0346599;-1.5641,-0.240442,-1.48576
-0.00478533,0.0159865,0.0347997;-1.56277,-0.275369,-1.48302
-0.00096809,0.0212095,0.0286969;-1.57088,-0.284124,-1.56518
-0.000562641,0.0200343,0.028779;-1.56654,-0.250593,-1.57548
-0.000102377,0.0192398,0.028734;-1.57059,-0.233404,-1.57805
0.00049446,0.0153263,0.0295393;-1.56186,-0.148143,-1.56018
-0.00105988,0.0134197,0.0322321;-1.56284,-0.151744,-1.52715
-0.00444232,0.0141538,0.0354086;-1.55985,-0.184017,-1.49646
0.00276346,0.0336643,0.0291065;-1.59178,-0.319903,-1.58135
0.00346371,0.0336271,0.0288924;-1.56735,-0.327907,-1.58224
0.00374569,0.0316111,0.0290792;-1.57473,-0.29521,-1.58499
0.00332501,0.0261057,0.0290545;-1.56795,-0.206606,-1.57034
0.00099815,0.0173951,0.0315891;-1.57193,-0.163095,-1.52889
-0.00206866,0.00529648,0.0350188;-1.5649,-0.106384,-1.49287
0.000875777,0.00297149,0.0289483;-1.56907,-0.157963,-1.55911
0.000802881,0.00297976,0.0285815;-1.57083,-0.172254,-1.57097
0.00102744,0.00315719,0.0286241;-1.56869,-0.16889,-1.57043
0.00138016,0.00196016,0.0290371;-1.56836,-0.131376,-1.55559
0.00066931,0.00148369,0.0321617;-1.5691,-0.127011,-1.51741
-0.00290868,-0.00124851,0.0359535;-1.57169,-0.0991011,-1.47787
0.000829341,0.0002083,0.031112;-1.56891,-0.147583,-1.53036
0.00111702,-4.71137e-06,0.0287434;-1.5709,-0.164759,-1.56289
0.00104371,-5.72976e-05,0.0286662;-1.56663,-0.162776,-1.57018
0.00130481,-1.76921e-05,0.0287754;-1.56958,-0.154395,-1.56231
0.000853645,-0.000211932,0.0307061;-1.56804,-0.142682,-1.53584
-0.00186461,-0.00198911,0.0344865;-1.5688,-0.130943,-1.49302
-0.00133679,-0.00382903,0.0335917;-1.56483,-0.134294,-1.50007
-7.58938e-05,-0.00335071,0.0297725;-1.56909,-0.173052,-1.54706
-0.000383818,-0.00371208,0.028581;-1.57088,-0.196617,-1.57107
-0.00138362,-0.0011888,0.0286957;-1.56967,-0.253651,-1.57541
-0.00118342,-0.00108155,0.0288207;-1.56643,-0.236133,-1.57116
-0.00177369,0.000442832,0.0313354;-1.57246,-0.220987,-1.53699
-0.00487669,-0.00970601,0.0359853;-1.57546,-0.141079,-1.49671
0.000576914,-0.0225332,0.0317337;-1.56407,-0.0922297,-1.53902
0.00436044,-0.0290311,0.0295243;-1.55304,-0.0525475,-1.57315
0.00197324,-0.0228761,0.0290666;-1.56079,-0.150707,-1.5831
0.000695222,-0.0210786,0.0287685;-1.57099,-0.192368,-1.58012
-9.69234e-06,-0.0185027,0.029548;-1.55927,-0.219824,-1.56016
-0.00792557,-0.0162063,0.0361347;-1.57565,-0.184997,-1.48594
-0.00612111,-0.0187403,0.0338605;-1.57722,-0.200404,-1.50854
-0.00178201,-0.0234767,0.028853;-1.56846,-0.176566,-1.5599
-0.00186966,-0.0237625,0.0285796;-1.57073,-0.178775,-1.57079
-0.0018466,-0.0237608,0.0286607;-1.57094,-0.176233,-1.56686
-0.00207701,-0.0235323,0.0291748;-1.56813,-0.176147,-1.55312
-0.00713791,-0.0216438,0.0362886;-1.56132,-0.168684,-1.47129
-0.00552886,-0.023824,0.0346424;-1.56907,-0.192951,-1.49698
-0.00185139,-0.0256119,0.0300014;-1.56971,-0.201896,-1.54511
-0.00161248,-0.0258026,0.0285919;-1.57085,-0.203181,-1.57023
-0.00156217,-0.02568,0.0286545;-1.57088,-0.195023,-1.5673
-0.00156939,-0.0255239,0.0291406;-1.56813,-0.191487,-1.55361
-0.00709701,-0.0238355,0.0363733;-1.56325,-0.183463,-1.4719
-0.00502309,-0.0222599,0.0340765;-1.5646,-0.248284,-1.49703
-0.0032253,-0.0215584,0.0309716;-1.56625,-0.258628,-1.53167
-0.00264223,-0.0222788,0.0286274;-1.57004,-0.217601,-1.57258
-0.00233889,-0.0245016,0.0286616;-1.5708,-0.147104,-1.5746
-0.00237326,-0.0256616,0.0286282;-1.57064,-0.120322,-1.57309
-0.00610421,-0.0270437,0.0334588;-1.56065,-0.142895,-1.51137
-0.00454375,-0.0217425,0.032799;-1.55564,-0.2189,-1.52296
-0.00273354,-0.0131184,0.031762;-1.55479,-0.274595,-1.52876
0.0006723,-0.0087844,0.0288682;-1.57069,-0.307924,-1.58453
0.00105444,-0.0128101,0.0291403;-1.56906,-0.249643,-1.58394
0.00173756,-0.0152102,0.0288388;-1.56995,-0.202866,-1.58224
0.000957044,-0.0180409,0.029941;-1.55928,-0.156211,-1.55655
-0.00703008,-0.0216458,0.0353051;-1.55381,-0.202921,-1.49153
-0.0060304,-0.0134467,0.0318814;-1.55986,-0.302007,-1.52258
-0.00303097,-0.00886511,0.0287446;-1.571,-0.349403,-1.56276
-0.00261966,-0.00843396,0.0285886;-1.57068,-0.334507,-1.57115
-0.00231364,-0.00867463,0.0285834;-1.57047,-0.314043,-1.57042
-0.00236021,-0.00870647,0.0291321;-1.56565,-0.307567,-1.5516
-0.00737628,-0.00918875,0.0362544;-1.56623,-0.280145,-1.47151
-0.00595142,-0.00800509,0.0347177;-1.56298,-0.345599,-1.4917
-0.00269862,-0.00646199,0.0300715;-1.56819,-0.362047,-1.54373
-0.00246841,-0.00638791,0.0286856;-1.5654,-0.363724,-1.56877
-0.00205912,-0.00679205,0.0285799;-1.5707,-0.330699,-1.57077
-0.00204919,-0.00700215,0.0290438;-1.56669,-0.326574,-1.55399
-0.00621352,-0.00928645,0.0361487;-1.56667,-0.284037,-1.474
-0.00498295,-0.0106414,0.0355168;-1.5648,-0.319882,-1.48488
-0.00247447,-0.0106843,0.0308423;-1.5664,-0.352004,-1.53254
-0.00272387,-0.0110053,0.0285936;-1.57084,-0.385748,-1.57157
-0.00280242,-0.0105253,0.0285807;-1.57073,-0.398068,-1.57082
-0.0029699,-0.0101795,0.0286055;-1.57099,-0.412221,-1.56958
-0.00697175,-0.011686,0.0344402;-1.58947,-0.316154,-1.50689
-0.00669754,-0.0197896,0.0351012;-1.57964,-0.28564,-1.50295
-0.00200228,-0.0305264,0.0317699;-1.56677,-0.243136,-1.53697
0.00143059,-0.0362199,0.0289741;-1.56686,-0.234332,-1.58494
-0.000474622,-0.030045,0.0290067;-1.56293,-0.313448,-1.58193
-0.00148717,-0.0282347,0.0289719;-1.56397,-0.355806,-1.58079
-0.00360372,-0.0218353,0.0319174;-1.57491,-0.379424,-1.52874
-0.00785444,-0.0211354,0.0359415;-1.58805,-0.345642,-1.49208
-0.00785006,-0.0234709,0.0351149;-1.57716,-0.349469,-1.49939
-0.00270846,-0.0298494,0.0285716;-1.57126,-0.284684,-1.57112
-0.00277116,-0.0297324,0.0285797;-1.57089,-0.315178,-1.57085
-0.00282454,-0.0297443,0.0285849;-1.57058,-0.328037,-1.5707
-0.00299612,-0.0286405,0.0306028;-1.56568,-0.310838,-1.53609
-0.00513687,-0.0281784,0.0342639;-1.56032,-0.28686,-1.48964
-0.00639301,-0.0308659,0.0361459;-1.55919,-0.284373,-1.47423
-0.000523487,-0.0336047,0.0288445;-1.56829,-0.314292,-1.55973
-0.000598206,-0.0336296,0.0285951;-1.57094,-0.315035,-1.57015
-0.000626766,-0.0335526,0.0285908;-1.57083,-0.313081,-1.57026
-0.000682591,-0.0329982,0.0294431;-1.5673,-0.304801,-1.54997
-0.00143712,-0.0317241,0.0328443;-1.56342,-0.290859,-1.50841
-0.00458905,-0.0303129,0.0360707;-1.55591,-0.289439,-1.46903
-0.000611624,-0.033473,0.0299659;-1.56699,-0.311465,-1.54461
-0.000538563,-0.0336254,0.0285784;-1.57075,-0.303979,-1.57084
-0.000459849,-0.033739,0.0285801;-1.57076,-0.293513,-1.57079
3.35458e-05,-0.0345811,0.0289561;-1.56168,-0.247786,-1.55914
-0.00117149,-0.0339048,0.0311662;-1.55962,-0.257517,-1.53236
-0.00379709,-0.0309112,0.034244;-1.55298,-0.279372,-1.49513
0.00350418,-0.0111859,0.030216;-1.57298,-0.434823,-1.55578
0.00490882,-0.0112449,0.0289941;-1.58421,-0.426345,-1.5859
0.00462432,-0.0134324,0.0290736;-1.58505,-0.394408,-1.58806
0.003996,-0.0229714,0.0291367;-1.57802,-0.284776,-1.58463
0.00266669,-0.0254258,0.030458;-1.55824,-0.251181,-1.54983
-0.000728694,-0.0256747,0.0328757;-1.55349,-0.251895,-1.5108
-0.000752257,-0.0174404,0.0309355;-1.55964,-0.371421,-1.53103
9.94662e-05,-0.0162373,0.0286744;-1.57082,-0.4082,-1.56634
9.9138e-05,-0.0162048,0.0286603;-1.57103,-0.40635,-1.57469
0.000971255,-0.0173813,0.0286585;-1.57083,-0.339588,-1.56707
0.000832986,-0.0176671,0.0292505;-1.56312,-0.333242,-1.54875
-0.000110647,-0.0170868,0.0323982;-1.56679,-0.320933,-1.51118
-0.00246385,-0.0127125,0.0342519;-1.55206,-0.373267,-1.48794
-0.000921673,-0.0119221,0.0305218;-1.55985,-0.381309,-1.53397
-0.000597165,-0.0117659,0.0286102;-1.57081,-0.372747,-1.56934
-0.000123262,-0.0121355,0.028584;-1.5706,-0.34882,-1.57105
0.000116396,-0.0122044,0.0287319;-1.57064,-0.326615,-1.56364
-0.000264557,-0.0128767,0.0304565;-1.56417,-0.32193,-1.53458
-0.00227159,-0.0165476,0.03499;-1.56486,-0.309061,-1.48596
-0.000140948,-0.0147512,0.0315129;-1.55868,-0.362841,-1.52072
0.000771071,-0.0141961,0.0287397;-1.57095,-0.362822,-1.56315
0.000773555,-0.013761,0.0287105;-1.57098,-0.377628,-1.57717
0.000833744,-0.0144908,0.0286996;-1.57073,-0.344642,-1.57625
2.70664e-05,-0.0155489,0.0291993;-1.57897,-0.304193,-1.56478
-0.00508475,-0.027698,0.036889;-1.61652,-0.203051,-1.51721
-0.00162544,-0.0329267,0.0348823;-1.61376,-0.224032,-1.54378
0.00242919,-0.0363328,0.0292805;-1.5673,-0.225462,-1.58029
0.00232613,-0.0252066,0.0306971;-1.57415,-0.331327,-1.60608
0.00260878,-0.0212847,0.0297967;-1.57891,-0.36712,-1.59644
0.00217253,-0.0193771,0.0294632;-1.5972,-0.374589,-1.58507
-0.00407332,-0.0219744,0.0381584;-1.64763,-0.286067,-1.53129
-0.00438186,-0.0251682,0.038521;-1.65706,-0.299956,-1.54081
-0.000695763,-0.0370499,0.0292565;-1.57499,-0.253116,-1.56529
-0.000583808,-0.0356926,0.0289212;-1.57542,-0.299698,-1.58379
-0.000458419,-0.0348567,0.0287371;-1.57124,-0.317435,-1.57869
-0.000485763,-0.0347845,0.0287232;-1.57558,-0.310198,-1.57005
-0.000485763,-0.0347845,0.0287232;-1.57558,-0.310198,-1.57005
-0.00144399,-0.0340652,0.0308764;-1.57032,-0.307138,-1.5373
-0.00144399,-0.0340652,0.0308764;-1.57032,-0.307138,-1.5373
