0,0,0.11;-1.57,-2.98023e-08,-1.57
0,0,0.11;-1.57,-2.98023e-08,-1.57
0,0,0.11;-1.57,-2.98023e-08,-1.57
-0.00064062,-0.00165777,0.0286688;-1.57101,-0.226745,-1.57502
-0.000696283,-0.00151115,0.0286628;-1.57083,-0.236531,-1.57477
-0.000834069,-0.00117286,0.0286746;-1.5735,-0.230479,-1.56904
-0.00159128,0.00160855,0.0308983;-1.60546,-0.128509,-1.56537
-0.00207141,-0.000541706,0.0288781;-1.56803,-0.141851,-1.58202
-0.00169839,0.000356343,0.0286391;-1.57097,-0.174971,-1.57362
-0.00157399,0.001191,0.0286545;-1.57209,-0.195394,-1.57376
-0.00114567,0.00349079,0.0286202;-1.57089,-0.276483,-1.57275
-0.000368086,0.00490305,0.0286405;-1.56913,-0.223983,-1.56913
0.00175038,0.0155699,0.0307109;-1.60095,-0.137834,-1.55874
0.00468318,0.0360668,0.034052;-1.66167,0.0351211,-1.55362
0.00508317,0.036362,0.0303108;-1.61122,0.0559188,-1.56676
0.00497843,0.0354942,0.0286457;-1.57072,0.0559026,-1.57409
0.00503769,0.0355249,0.0286101;-1.57078,0.0545241,-1.57225
0.00507521,0.0358901,0.0285826;-1.57084,0.0327444,-1.57094
0.00542779,0.0362622,0.0289422;-1.58365,0.00246167,-1.56638
0.006428,0.0368774,0.0337527;-1.66309,-0.0220915,-1.56404
0.00654089,0.0379052,0.0340708;-1.66592,-0.0258049,-1.5667
0.00467332,0.0357347,0.028836;-1.57052,-0.00135317,-1.58306
0.00312418,0.0319235,0.0287859;-1.57314,0.0542046,-1.57806
0.00324159,0.0312343,0.0286535;-1.57024,0.0672987,-1.57379
0.00238711,0.0312696,0.0290662;-1.55552,0.0396978,-1.57927
-0.000613967,0.0334711,0.0302983;-1.55002,-0.0229322,-1.59136
-0.00170157,0.0368974,0.0319246;-1.54471,-0.0603985,-1.59923
-0.000857435,0.0418867,0.0293029;-1.58183,-0.0808363,-1.58317
-0.000942002,0.0419179,0.0288496;-1.57236,-0.0725619,-1.58203
-0.000969074,0.0420057,0.0287667;-1.56863,-0.0841385,-1.5774
-0.0016266,0.0391713,0.0297088;-1.53405,-0.0546115,-1.56998
0.000362996,0.0319231,0.0342483;-1.4612,0.0145078,-1.57848
0.00327715,0.0261537,0.0393586;-1.39668,0.063128,-1.61695
0.00457729,0.0210992,0.0379397;-1.4613,0.0964249,-1.64338
0.00368786,0.0193393,0.0333954;-1.52293,0.0977244,-1.62235
0.00213079,0.0191005,0.0309018;-1.54374,0.0826177,-1.60024
-0.00237731,0.0198926,0.0317241;-1.50329,0.0380194,-1.57527
-0.00252357,0.019354,0.0350194;-1.44368,0.0564897,-1.58107
-0.00189598,0.0181485,0.0375782;-1.40783,0.068616,-1.59582
0.00289495,0.0152695,0.0395105;-1.42921,0.0792557,-1.65245
0.00436065,0.0232043,0.0315795;-1.54145,0.0457952,-1.60739
0.00158926,0.0319214,0.0300207;-1.56163,-0.031115,-1.59857
0.00105048,0.0348289,0.0288287;-1.56373,-0.0899546,-1.57307
0.000390799,0.0332147,0.0300515;-1.55129,-0.116118,-1.56153
-0.000891726,0.0305501,0.0307671;-1.54439,-0.117318,-1.55736
-0.00165109,0.0240168,0.0335736;-1.61759,-0.0981559,-1.58141
-0.00348503,0.0241961,0.0368243;-1.69962,-0.133301,-1.5898
-0.00344332,0.0223996,0.0372088;-1.71274,-0.15587,-1.59179
-0.00426932,0.0180668,0.0287608;-1.56193,-0.141661,-1.56934
-0.00347443,0.0217414,0.0295626;-1.56283,-0.150111,-1.56815
-0.00237058,0.0308381,0.0307703;-1.56567,-0.137563,-1.55786
0.00109214,0.0388854,0.0358406;-1.67855,-0.129696,-1.55905
0.00235,0.0431574,0.0378143;-1.72058,-0.156558,-1.5739
0.00288481,0.0385832,0.0343375;-1.66479,-0.216011,-1.58349
0.00268067,0.0195307,0.0308774;-1.55238,-0.246019,-1.58771
0.00601319,0.0201358,0.0330705;-1.5164,-0.176706,-1.59719
0.00821216,0.0188324,0.0377502;-1.40536,-0.125381,-1.56887
0.0151342,0.0235271,0.0443782;-1.31632,-0.0285276,-1.58305
0.0191932,0.02745,0.042733;-1.36805,-0.00106046,-1.61948
0.0234082,0.0351445,0.0374897;-1.51713,0.081442,-1.68088
0.0197765,0.0408983,0.0384967;-1.50064,0.184536,-1.68198
0.0160326,0.0415069,0.0368778;-1.50921,0.147541,-1.65997
0.011332,0.044684,0.0341964;-1.51385,0.0955913,-1.62687
0.00904219,0.0472022,0.0339379;-1.54177,0.0608752,-1.63295
0.0107381,0.0463727,0.0351431;-1.53744,0.0777336,-1.65336
0.0116951,0.0453429,0.0366331;-1.54285,0.0902767,-1.67583
0.00959334,0.0514479,0.0346166;-1.55963,-0.0602536,-1.65131
0.00864309,0.0543361,0.0316358;-1.55753,-0.108405,-1.61198
0.0078373,0.0578251,0.0296747;-1.5552,-0.146211,-1.58443
0.0080121,0.0539286,0.0329925;-1.53882,-0.0697338,-1.61487
0.00978075,0.0508697,0.0334123;-1.54427,-0.035985,-1.62965
0.0112747,0.0486282,0.0335719;-1.56315,0.00250691,-1.64439
0.0087841,0.0437133,0.030698;-1.56884,0.0920759,-1.60625
0.00858208,0.0463454,0.0291583;-1.55737,0.0504886,-1.58564
0.00793379,0.0475288,0.029123;-1.54862,0.0167437,-1.57471
0.0104455,0.0566024,0.0308233;-1.52135,0.0768558,-1.56812
0.0161021,0.0652413,0.0294705;-1.55055,0.177883,-1.56763
0.0177784,0.0657295,0.0297966;-1.53895,0.206389,-1.57862
0.0198076,0.0619924,0.0303245;-1.53658,0.37543,-1.58029
0.0186844,0.0634224,0.0298639;-1.53165,0.479021,-1.58411
0.0177805,0.0629947,0.0302803;-1.54584,0.487855,-1.56151
0.0113413,0.0597012,0.0335764;-1.54648,0.417769,-1.51562
0.0107873,0.0594382,0.0337677;-1.53788,0.379393,-1.52287
0.00960646,0.0587716,0.0319286;-1.50487,0.340585,-1.57675
0.0167807,0.0670133,0.0295477;-1.55436,0.235915,-1.58137
0.023877,0.0744462,0.0296334;-1.56433,0.228608,-1.58606
0.027033,0.0771828,0.0300025;-1.56791,0.218814,-1.5777
0.0265689,0.0839485,0.0318526;-1.56544,0.103509,-1.5323
0.0291613,0.0793254,0.0311459;-1.5806,0.0896679,-1.54544
0.0293024,0.0674756,0.0301857;-1.56279,0.0597485,-1.57025
0.030156,0.0564358,0.0317112;-1.62084,0.0329843,-1.58326
0.0263501,0.062068,0.0338823;-1.66071,0.0416826,-1.58032
0.0198376,0.0714723,0.033149;-1.64191,0.0595253,-1.56298
0.0132222,0.0800675,0.0306918;-1.55855,0.177002,-1.54457
0.0144874,0.0819119,0.0295841;-1.55445,0.222029,-1.56428
0.0141334,0.0851753,0.0291705;-1.55667,0.295758,-1.57015
0.0160677,0.0881826,0.0299;-1.55326,0.321142,-1.59965
0.0191026,0.0917959,0.0323148;-1.58641,0.273409,-1.61155
0.0223093,0.103505,0.0317467;-1.57675,0.235131,-1.61438
0.0241334,0.114962,0.029317;-1.56988,0.221365,-1.58988
0.0213374,0.121849,0.0291032;-1.57426,0.248885,-1.57377
0.0212529,0.12164,0.0293038;-1.56318,0.267128,-1.58429
0.0214038,0.120899,0.029636;-1.56743,0.280793,-1.59291
0.02211,0.100654,0.0345374;-1.53904,0.378171,-1.65788
0.017593,0.0884242,0.0335502;-1.54765,0.30957,-1.63842
0.0157626,0.0881845,0.0302855;-1.56707,0.226449,-1.59502
0.0171937,0.0945719,0.0291214;-1.57925,0.127707,-1.56286
0.0193039,0.0926287,0.0286771;-1.57051,0.0278023,-1.56606
0.0189419,0.0912873,0.0286843;-1.56728,-0.00770234,-1.57329
0.0191071,0.086511,0.0292457;-1.57296,0.0201065,-1.58712
0.0189204,0.0822145,0.029761;-1.58237,0.0407944,-1.59101
0.017297,0.0800017,0.0305;-1.61213,0.0226169,-1.5754
0.0133614,0.0765374,0.0294381;-1.55987,-0.00754554,-1.57088
0.0141086,0.0796034,0.0287903;-1.56351,6.53267e-05,-1.56791
0.0142712,0.0799436,0.0286992;-1.56509,-0.00931545,-1.57064
0.0147937,0.0806438,0.0288083;-1.57062,-0.015499,-1.58176
0.0154395,0.0799199,0.029105;-1.58015,-0.00592721,-1.58373
0.0159755,0.0784125,0.0301706;-1.61149,0.00725395,-1.57662
0.0105424,0.0792135,0.0297824;-1.60167,0.0354228,-1.56986
0.00840443,0.0790807,0.0290808;-1.57153,0.073153,-1.57114
0.0081246,0.0792931,0.0288588;-1.55842,0.0892829,-1.57069
0.00891738,0.0790679,0.0294036;-1.55706,0.122524,-1.58514
0.0100715,0.079092,0.0297067;-1.55669,0.105459,-1.59057
0.0118173,0.0803069,0.0292757;-1.5689,0.0745559,-1.58837
0.0175351,0.0805001,0.0314541;-1.6369,-0.0597604,-1.57617
0.0189437,0.0768329,0.029513;-1.6039,-0.0997202,-1.57121
0.0205715,0.0728777,0.0287161;-1.57342,-0.134822,-1.56699
0.0213159,0.0711017,0.0287364;-1.56736,-0.0884908,-1.57501
0.0225282,0.0696009,0.0289891;-1.56134,-0.0387187,-1.58139
0.0232331,0.0701361,0.0299613;-1.55334,-0.0230875,-1.5904
0.0213041,0.0735042,0.0318967;-1.55524,-0.0546484,-1.58036
0.0202176,0.0832761,0.0326704;-1.52579,-0.15824,-1.56279
0.0232502,0.0913548,0.0305863;-1.52209,-0.270612,-1.5571
0.0248302,0.0870726,0.0306357;-1.5239,-0.230756,-1.56196
0.0248981,0.0861985,0.0296239;-1.54079,-0.197307,-1.5683
0.0246237,0.0861671,0.0295095;-1.53994,-0.206659,-1.56638
0.0248572,0.0881456,0.0302234;-1.52715,-0.211632,-1.56004
0.0233333,0.0925407,0.031808;-1.51314,-0.148073,-1.54588
0.0216444,0.0977054,0.0314284;-1.52418,-0.112528,-1.54339
0.022606,0.102156,0.0308809;-1.51924,-0.0761411,-1.55852
0.0226314,0.103758,0.0297421;-1.53506,-0.0791732,-1.56296
0.0226901,0.104518,0.0297495;-1.53454,-0.07657,-1.56449
0.0222398,0.106237,0.0302057;-1.56561,-0.0708481,-1.54134
0.0220127,0.106082,0.0337469;-1.53142,-0.0780413,-1.5144
0.021795,0.105056,0.0330463;-1.5514,-0.106536,-1.51431
0.0224051,0.10143,0.0291328;-1.55116,-0.154458,-1.56026
0.0220822,0.100865,0.0286209;-1.57079,-0.190445,-1.56863
0.021875,0.0998195,0.0285802;-1.57037,-0.219837,-1.57064
0.0219357,0.0988583,0.0285839;-1.57103,-0.262723,-1.57051
0.0216606,0.0987545,0.0287493;-1.57095,-0.247267,-1.56242
0.0198815,0.0999534,0.0299686;-1.56912,-0.184645,-1.54603
0.0196347,0.101084,0.0287401;-1.57081,-0.161262,-1.56297
0.0181613,0.0982762,0.0285814;-1.5708,-0.266053,-1.57082
0.0181033,0.0976633,0.028596;-1.57081,-0.300828,-1.57012
0.0180566,0.0976233,0.028635;-1.57159,-0.305616,-1.56858
0.0180547,0.0979066,0.0285801;-1.57084,-0.302491,-1.5707
0.0187306,0.0991639,0.0287838;-1.56417,-0.275192,-1.56547
0.0229772,0.107654,0.0290214;-1.56172,-0.143986,-1.55718
0.0248741,0.110691,0.028693;-1.56939,-0.046168,-1.56681
0.0250468,0.111639,0.0286823;-1.57091,-0.0154022,-1.57577
0.0249164,0.112628,0.0286138;-1.5706,-0.0762204,-1.57271
0.0248661,0.112961,0.02871;-1.57113,-0.0919423,-1.57737
0.0252279,0.1137,0.0288566;-1.57586,-0.105276,-1.58039
0.0262166,0.116509,0.0291393;-1.57364,-0.127478,-1.55816
0.0277271,0.119023,0.0286749;-1.57059,-0.101813,-1.56601
0.0279521,0.120563,0.0288522;-1.56973,-0.0629552,-1.58281
0.0271696,0.120135,0.0289965;-1.57745,-0.0440161,-1.58453
0.0273936,0.11959,0.0288877;-1.5751,-0.0478299,-1.58119
0.0275731,0.118942,0.0289695;-1.57676,-0.0571743,-1.58376
0.0192649,0.103416,0.0304274;-1.55125,-0.214987,-1.57874
0.0166141,0.0972613,0.0292029;-1.57201,-0.284464,-1.57715
0.0191445,0.0974027,0.0290745;-1.57681,-0.302903,-1.59127
0.0172385,0.0952952,0.0313003;-1.58748,-0.289083,-1.60912
0.0166609,0.0945528,0.0307578;-1.57316,-0.28251,-1.60773
0.0162638,0.0933702,0.0308671;-1.57291,-0.276225,-1.60812
0.015119,0.0872483,0.0320483;-1.54791,-0.244983,-1.61119
0.0116478,0.0811445,0.0311875;-1.55489,-0.257644,-1.59524
0.00970101,0.0788897,0.0292262;-1.57223,-0.284667,-1.58015
0.0101986,0.0822601,0.0289243;-1.56705,-0.292413,-1.58415
0.0102411,0.0833431,0.0288617;-1.57443,-0.288907,-1.5816
0.0104291,0.083437,0.0288391;-1.56363,-0.27645,-1.57518
0.0104291,0.083437,0.0288391;-1.56363,-0.27645,-1.57518
0.0114814,0.0850708,0.029527;-1.54687,-0.246623,-1.56608
0.0114814,0.0850708,0.029527;-1.54687,-0.246623,-1.56608
