0,0,0.11;-1.57,-2.98023e-08,-1.57
0,0,0.11;-1.57,-2.98023e-08,-1.57
0,0,0.11;-1.57,-2.98023e-08,-1.57
4.14982e-06,0.0034844,0.0286389;-1.57086,-0.135668,-1.57363
0.000268523,0.00303537,0.028696;-1.57025,-0.109747,-1.56519
-0.000539733,0.00176719,0.0303491;-1.56739,-0.110689,-1.53899
-0.00119594,0.00238983,0.0320055;-1.55939,-0.080721,-1.51548
0.000874047,0.00730171,0.0289222;-1.5704,-0.151883,-1.58702
0.000277082,0.011192,0.0289483;-1.57437,-0.185982,-1.58518
0.000135212,0.0125509,0.0288966;-1.57383,-0.218679,-1.58344
0.000657624,0.0112059,0.028717;-1.5705,-0.173303,-1.56446
0.000199605,0.00873789,0.030151;-1.5638,-0.179154,-1.53918
-0.00149797,0.00576043,0.0332576;-1.55854,-0.173246,-1.49948
-0.0017364,0.00584968,0.0318089;-1.55957,-0.204479,-1.51845
-0.00114454,0.00727292,0.0288354;-1.5689,-0.206322,-1.56007
-0.00103303,0.00757648,0.0286171;-1.56902,-0.198405,-1.57034
-0.000863025,0.00735687,0.0286582;-1.57078,-0.176438,-1.57443
-0.00035975,0.00602011,0.0287429;-1.56471,-0.130132,-1.57158
-0.000384774,0.00276295,0.030612;-1.54695,-0.0885125,-1.54574
-0.00253794,-0.007355,0.0343068;-1.51592,-0.0830484,-1.51297
-0.0025535,-0.00811208,0.0312673;-1.53344,-0.128472,-1.54462
-0.00364008,-0.00740607,0.0286957;-1.56675,-0.19056,-1.57179
-0.00483321,-0.00443282,0.0288445;-1.56819,-0.250551,-1.58024
-0.00442682,-0.00499828,0.0287802;-1.56672,-0.224516,-1.57578
-0.00463997,-0.00617861,0.0293361;-1.55244,-0.184599,-1.55835
-0.00522788,-0.00832398,0.0320146;-1.53629,-0.15084,-1.53457
-0.00510975,-0.0098425,0.0310917;-1.54336,-0.148891,-1.54607
-0.00420651,-0.00313672,0.0301203;-1.56447,-0.255003,-1.59559
-0.00402804,-9.75307e-05,0.0302393;-1.56932,-0.285176,-1.60119
-0.00471038,-0.000401399,0.0296745;-1.57453,-0.280209,-1.59581
-0.00488223,-0.00346881,0.0299245;-1.55417,-0.215865,-1.54589
-0.00452428,-0.00327008,0.0332918;-1.54517,-0.18623,-1.50806
-0.00409752,-0.00277197,0.032932;-1.56532,-0.187644,-1.50721
-0.00321374,-0.00429429,0.0287297;-1.57112,-0.234314,-1.56374
-0.00314688,-0.00412922,0.0286312;-1.57052,-0.245387,-1.5683
-0.00304128,-0.00401486,0.0285875;-1.57066,-0.241784,-1.57128
-0.00243632,-0.00732512,0.0292826;-1.55541,-0.180139,-1.55973
-0.00334118,-0.0101322,0.0317486;-1.55702,-0.168193,-1.52851
-0.0036976,-0.0156915,0.0332066;-1.5535,-0.141308,-1.51116
-0.00569235,-0.0168693,0.0292194;-1.57256,-0.211403,-1.55594
-0.00553212,-0.0163355,0.0287428;-1.57058,-0.210687,-1.5631
-0.00530335,-0.015716,0.0286324;-1.5697,-0.197015,-1.56903
-0.00458014,-0.0153535,0.0288766;-1.56714,-0.1451,-1.55965
-0.00487327,-0.0157467,0.0307086;-1.56799,-0.147842,-1.53421
-0.00589408,-0.0182208,0.0335355;-1.56602,-0.159551,-1.49888
-0.00755523,-0.0134131,0.0304665;-1.57402,-0.232199,-1.54384
-0.00663396,-0.0107576,0.0291592;-1.5744,-0.310907,-1.57231
-0.00613093,-0.00765243,0.0290441;-1.57117,-0.390532,-1.57911
-0.00601376,-0.00797863,0.0286635;-1.56681,-0.358375,-1.56978
-0.005414,-0.00693476,0.0291957;-1.56345,-0.307931,-1.54955
-0.00557001,-0.00642902,0.0324172;-1.56907,-0.285958,-1.5114
-0.00485676,-0.00592329,0.0310772;-1.58174,-0.272936,-1.5335
-0.00415732,-0.00576778,0.0288542;-1.5707,-0.298081,-1.56558
-0.00504974,-0.00388575,0.0286761;-1.5686,-0.333227,-1.56748
-0.00714091,-0.00257446,0.0287231;-1.56704,-0.419533,-1.57258
-0.00632268,-0.00445441,0.0297239;-1.53911,-0.387919,-1.56129
-0.00402762,-0.0152507,0.0350375;-1.43609,-0.317239,-1.52829
0.000525901,-0.0259205,0.0351266;-1.45085,-0.258246,-1.53601
-0.00124406,-0.0200151,0.0336922;-1.49258,-0.30408,-1.57035
-0.00532573,-0.00979826,0.0320639;-1.55085,-0.379509,-1.61402
-0.00726941,-0.00306563,0.0290132;-1.56674,-0.419269,-1.58655
-0.0075321,-0.00394894,0.0290288;-1.55255,-0.403734,-1.56794
-0.00776034,-0.00997277,0.0320592;-1.49751,-0.349517,-1.54459
-0.00540031,-0.0167289,0.0335549;-1.46616,-0.315298,-1.53569
-0.00592812,-0.0148729,0.0320859;-1.49382,-0.351288,-1.55193
-0.0103051,-0.0067913,0.0291897;-1.56495,-0.444113,-1.58719
-0.0137488,0.000795709,0.0288842;-1.56939,-0.561972,-1.58386
-0.0133419,0.00055546,0.0286275;-1.57057,-0.531337,-1.57318
-0.0131389,0.00116543,0.0289572;-1.5576,-0.474835,-1.55827
-0.0131623,0.0011637,0.0312614;-1.54865,-0.441447,-1.52586
-0.0125357,-0.00228206,0.0293264;-1.5659,-0.508624,-1.55055
-0.0125386,-0.00274927,0.0288414;-1.56973,-0.517175,-1.55873
-0.0129137,-0.00298295,0.0286542;-1.56804,-0.541674,-1.56801
-0.0124748,-0.00274534,0.0286161;-1.57028,-0.511522,-1.56909
-0.0122382,-0.00242065,0.0288252;-1.56497,-0.494804,-1.56128
-0.0106946,0.00123291,0.0306589;-1.52961,-0.394545,-1.54173
-0.00925812,0.00239269,0.0292899;-1.55723,-0.391156,-1.55653
-0.00946346,0.00281625,0.028689;-1.56886,-0.416964,-1.56654
-0.0087441,0.00376541,0.0287233;-1.5723,-0.470934,-1.56515
-0.00868328,0.00327609,0.0286002;-1.57079,-0.481841,-1.56951
-0.00877776,0.00314754,0.0287099;-1.56912,-0.475369,-1.56483
-0.0100815,-5.41784e-05,0.0309226;-1.53592,-0.46048,-1.53143
-0.00809656,-0.00205798,0.0294763;-1.54241,-0.473455,-1.55594
-0.00730501,-0.00216217,0.0290347;-1.5487,-0.461396,-1.56289
-0.00784044,0.00238746,0.0295198;-1.56923,-0.476512,-1.58164
-0.00679752,0.0034526,0.0307841;-1.56109,-0.473794,-1.60502
-0.00691479,0.00467573,0.0312114;-1.56086,-0.469634,-1.60666
-0.00292242,-0.0078819,0.0374106;-1.38806,-0.36687,-1.50311
0.000827769,-0.0102373,0.037359;-1.39075,-0.342369,-1.51455
0.00265042,-0.0111495,0.0367496;-1.40743,-0.330946,-1.52736
-0.00125622,-0.00286751,0.0357375;-1.51566,-0.413959,-1.63119
-0.00165499,-0.000778753,0.0361135;-1.52715,-0.433105,-1.6426
-0.00143531,0.000876907,0.0369561;-1.557,-0.435245,-1.67082
0.00510095,-0.0150603,0.046214;-1.31422,-0.356398,-1.55503
0.00847193,-0.0214137,0.0478227;-1.2697,-0.304046,-1.54438
0.0101697,-0.0243392,0.0454436;-1.30231,-0.264148,-1.55176
0.00734347,-0.0117473,0.0428351;-1.42472,-0.347368,-1.63775
0.00455112,0.0167596,0.0407521;-1.62578,-0.426225,-1.71035
0.00208168,0.0191557,0.0396461;-1.62967,-0.461019,-1.70975
-0.00165679,0.014735,0.0391441;-1.55086,-0.463836,-1.66497
-0.00690844,-0.00812074,0.0442514;-1.29029,-0.384488,-1.49654
-0.00240386,-0.0126054,0.0424966;-1.34441,-0.309573,-1.54098
-0.00374829,-0.00904786,0.0380566;-1.44575,-0.321208,-1.58368
-0.00950587,0.00571436,0.0310187;-1.55629,-0.425786,-1.60401
-0.0100621,0.00767669,0.0313052;-1.57081,-0.437703,-1.61492
-0.0102582,0.00652702,0.0308953;-1.57623,-0.425571,-1.60727
-0.0161895,-0.0124706,0.0334975;-1.46881,-0.32225,-1.53248
-0.0140461,-0.0194588,0.0356379;-1.42302,-0.328177,-1.51816
-0.0140433,-0.0163918,0.0310676;-1.51452,-0.352912,-1.55531
-0.0166694,-0.00987305,0.0286886;-1.57049,-0.501341,-1.57595
-0.0166781,-0.00910367,0.0288136;-1.57789,-0.512058,-1.58016
-0.0165594,-0.00989818,0.0288464;-1.56419,-0.487303,-1.57445
-0.013128,-0.0214244,0.0374264;-1.42212,-0.396831,-1.53517
-0.00535461,-0.0329342,0.0436053;-1.30637,-0.323566,-1.51758
-5.33152e-05,-0.0355665,0.0426726;-1.35002,-0.291198,-1.55599
-0.00953986,-0.014489,0.0354008;-1.59501,-0.451312,-1.6625
-0.00973258,-0.0103493,0.0342076;-1.58958,-0.487042,-1.64847
-0.009986,-0.012379,0.0336808;-1.53855,-0.490409,-1.61591
-0.012554,-0.0184723,0.03583;-1.43037,-0.474835,-1.51768
-0.0103596,-0.0228858,0.0379839;-1.37847,-0.418757,-1.49566
-0.0068232,-0.0263145,0.0379914;-1.37922,-0.380236,-1.50597
-0.00672656,-0.0218408,0.0356445;-1.49801,-0.399312,-1.60274
-0.00693391,-0.0152449,0.0335736;-1.55235,-0.410652,-1.62036
-0.00476403,-0.00758574,0.0323325;-1.54944,-0.431953,-1.60558
-0.00472152,-0.00528658,0.0379897;-1.39699,-0.463431,-1.5142
-0.00576209,-0.00457785,0.0359755;-1.41971,-0.46137,-1.50454
-0.00434148,-0.00767288,0.039366;-1.35589,-0.441863,-1.48801
0.000436929,-0.00875697,0.0375964;-1.44397,-0.41962,-1.57444
0.000295591,-0.0100093,0.0361988;-1.48582,-0.418545,-1.60572
-0.00131631,-0.00754696,0.0335455;-1.54245,-0.439374,-1.60894
-0.00119293,-0.00220226,0.0374181;-1.42689,-0.488757,-1.53998
-0.00254773,-0.00136653,0.0367414;-1.40841,-0.495101,-1.50422
-0.0022115,-0.00564996,0.0393271;-1.34835,-0.488317,-1.47528
-0.00199263,-0.00608418,0.0395096;-1.38982,-0.468,-1.52665
-0.00773699,0.00131496,0.0347819;-1.52701,-0.516069,-1.59844
-0.0115022,0.0148198,0.0358104;-1.71329,-0.556474,-1.65185
-0.0177967,0.0211427,0.0401588;-1.7393,-0.504654,-1.59052
-0.0153281,0.0210868,0.0412249;-1.70525,-0.547833,-1.54045
-0.0146002,0.0203815,0.0393783;-1.65299,-0.562424,-1.50513
-0.00695283,0.0112524,0.03089;-1.53675,-0.607166,-1.53845
-0.00724818,0.0109198,0.0297387;-1.56274,-0.602379,-1.56445
-0.00791603,0.00969328,0.0298618;-1.58544,-0.597157,-1.58365
-0.0127495,0.0149194,0.0385901;-1.71869,-0.565261,-1.61858
-0.0104984,0.0183637,0.0456964;-1.76068,-0.541197,-1.63375
-0.00513477,0.0125146,0.0493648;-1.6606,-0.531111,-1.57813
0.00968993,-0.00534091,0.0404001;-1.3489,-0.508994,-1.49197
0.00909155,-0.00306294,0.0389675;-1.41641,-0.502364,-1.53965
0.0051832,0.000360526,0.0355056;-1.54964,-0.490788,-1.60138
-0.00643954,0.0015985,0.0370059;-1.66019,-0.341815,-1.55568
-0.00845561,0.000565835,0.0431707;-1.69778,-0.303971,-1.56465
-0.00434737,-0.00525365,0.0518115;-1.59957,-0.295482,-1.54357
0.0139303,-0.0223656,0.046519;-1.21592,-0.329906,-1.47208
0.0112998,-0.021298,0.0456011;-1.2373,-0.366462,-1.47243
0.00377623,-0.0136802,0.043933;-1.31418,-0.467196,-1.49827
-0.0130748,0.00419551,0.0411844;-1.51129,-0.512389,-1.53739
-0.0180245,0.0183073,0.0466598;-1.63932,-0.469958,-1.57978
-0.0196061,0.0326015,0.0430069;-1.75531,-0.507713,-1.58724
-0.0163242,0.0337373,0.0418499;-1.71163,-0.616635,-1.5558
-0.00974317,0.025496,0.0363085;-1.44784,-0.645763,-1.47385
-0.00653,0.0209266,0.0382362;-1.39812,-0.65256,-1.51148
-0.00235472,0.0113304,0.0391039;-1.39252,-0.559253,-1.5098
-0.00286249,0.0123339,0.0394521;-1.37818,-0.587126,-1.499
-0.00198695,0.0104598,0.0425108;-1.28844,-0.592668,-1.44841
-0.00748599,0.010953,0.0404338;-1.31033,-0.61349,-1.43007
-0.00528195,0.00999165,0.0411224;-1.2969,-0.61708,-1.43463
-0.00658221,0.0117953,0.0390613;-1.38124,-0.638939,-1.49834
-0.00792624,0.0168051,0.0361767;-1.51248,-0.653538,-1.61435
-0.00493343,0.0141549,0.038275;-1.41403,-0.613178,-1.53484
-0.00422526,0.0130012,0.0415432;-1.32172,-0.603071,-1.47359
-0.00738648,0.0139653,0.0402199;-1.31035,-0.610915,-1.4264
-0.00553648,0.0117715,0.0423319;-1.27216,-0.590166,-1.41716
-0.00575507,0.012407,0.0408997;-1.31199,-0.609193,-1.44704
-0.0051075,0.0140873,0.0412698;-1.40049,-0.635671,-1.55829
-0.00953887,0.0153143,0.0409878;-1.39156,-0.680481,-1.54186
-0.0112839,0.0148093,0.0393179;-1.32937,-0.682029,-1.44501
-0.0109435,0.0135596,0.0402744;-1.2956,-0.640548,-1.409
-0.00924531,0.0119164,0.0403627;-1.28582,-0.620872,-1.40194
-0.00714447,0.0124891,0.0379184;-1.33422,-0.611067,-1.4305
-0.00867127,0.0173788,0.0303705;-1.52341,-0.617238,-1.55145
-0.011018,0.0199018,0.0292658;-1.54465,-0.645481,-1.55969
-0.0127284,0.0204514,0.0294475;-1.5334,-0.659011,-1.54718
-0.0127284,0.0204514,0.0294475;-1.5334,-0.659011,-1.54718
-0.0132366,0.0226316,0.0330568;-1.46522,-0.631273,-1.50057
-0.0132366,0.0226316,0.0330568;-1.46522,-0.631273,-1.50057
