0,0,0.11;-1.57,-2.98023e-08,-1.57
0,0,0.11;-1.57,-2.98023e-08,-1.57
0,0,0.11;-1.57,-2.98023e-08,-1.57
0.000486742,0.0100715,0.0285865;-1.57061,-0.154518,-1.5705
0.000529309,0.0102337,0.0287181;-1.5709,-0.130174,-1.56424
-0.000395475,0.00899525,0.0301937;-1.57354,-0.105359,-1.5438
-0.000433549,-0.0064988,0.0351185;-1.67327,-0.0143842,-1.55468
0.00294491,-0.0146093,0.0291006;-1.57798,0.00531521,-1.58879
0.00230902,-0.0166936,0.0288551;-1.57331,0.0233525,-1.58107
0.00220316,-0.0153489,0.0287268;-1.57072,-0.00363175,-1.57775
0.00235326,-0.0162296,0.028713;-1.57078,0.0306069,-1.56428
0.00139068,-0.018081,0.0304665;-1.5683,0.0515911,-1.54188
-0.00138249,-0.0272382,0.0335708;-1.56465,0.107516,-1.51372
0.000841789,-0.0319091,0.0306363;-1.55834,0.0944351,-1.54359
0.00102293,-0.03006,0.0285882;-1.57125,0.0741874,-1.57036
0.000897992,-0.0304535,0.0286644;-1.57082,0.0872406,-1.57474
-0.00342575,-0.0359103,0.0294333;-1.60475,0.200158,-1.5688
-0.00916681,-0.0420793,0.0320584;-1.6523,0.272561,-1.54824
-0.0165792,-0.0564882,0.0350285;-1.64607,0.331899,-1.51492
-0.021604,-0.0723992,0.0337284;-1.55362,0.376744,-1.51789
-0.0192913,-0.0685774,0.0300235;-1.56557,0.332084,-1.5492
-0.0188554,-0.0675697,0.0285985;-1.57083,0.304227,-1.56983
-0.0184998,-0.0674054,0.0285917;-1.57039,0.3093,-1.57144
-0.01866,-0.0675801,0.0286167;-1.57104,0.322028,-1.56869
-0.0197681,-0.0676698,0.0317018;-1.62891,0.33571,-1.53972
-0.0222669,-0.0686329,0.0359629;-1.68579,0.3839,-1.5001
-0.0234174,-0.072107,0.0295357;-1.59028,0.389836,-1.5562
-0.0239304,-0.0727653,0.0287126;-1.56402,0.380142,-1.57329
-0.0238531,-0.0726768,0.0286406;-1.56769,0.381748,-1.57191
-0.0234157,-0.0728919,0.0285942;-1.57068,0.417349,-1.56948
-0.0268898,-0.0762708,0.0320039;-1.57802,0.453406,-1.52265
-0.0312497,-0.0810141,0.0335629;-1.55735,0.467046,-1.51818
-0.0266955,-0.0788717,0.0317495;-1.58961,0.434375,-1.53774
-0.0161764,-0.0720779,0.0290352;-1.58419,0.281902,-1.57616
-0.0140448,-0.0701315,0.0286868;-1.57029,0.201779,-1.57639
-0.0144185,-0.0705871,0.0286285;-1.57073,0.210727,-1.57314
-0.0172825,-0.0752675,0.030539;-1.57684,0.286814,-1.54013
-0.0234137,-0.0849379,0.0335642;-1.58401,0.342099,-1.50827
-0.0273604,-0.0982481,0.0335466;-1.5684,0.395206,-1.5141
-0.0269967,-0.102703,0.0285577;-1.57071,0.359346,-1.57193
-0.0265208,-0.100576,0.028652;-1.57066,0.296745,-1.57434
-0.0264032,-0.0982502,0.028781;-1.5713,0.217819,-1.58041
-0.026395,-0.0969988,0.0293571;-1.59801,0.19931,-1.56647
-0.0274635,-0.096497,0.0326249;-1.61676,0.208832,-1.53267
-0.0307998,-0.104744,0.0350642;-1.5908,0.271008,-1.50184
-0.0301442,-0.115285,0.028679;-1.57135,0.273674,-1.56555
-0.030243,-0.115233,0.0286642;-1.56663,0.257756,-1.5718
-0.0301734,-0.115302,0.0287435;-1.56273,0.264189,-1.5733
-0.0299608,-0.115922,0.0287074;-1.57141,0.347258,-1.56371
-0.0324391,-0.121057,0.0306889;-1.59741,0.378151,-1.54411
-0.0361804,-0.131315,0.0357614;-1.62637,0.419207,-1.51427
-0.0322855,-0.124811,0.0286787;-1.57013,0.32542,-1.5764
-0.0312394,-0.121802,0.0286204;-1.57103,0.240549,-1.57333
-0.0318851,-0.120133,0.0287466;-1.56274,0.152981,-1.57209
-0.0321498,-0.120795,0.0287807;-1.56925,0.163788,-1.56255
-0.0347057,-0.123965,0.0311504;-1.57813,0.204329,-1.53486
-0.0398341,-0.135732,0.0341854;-1.57421,0.254877,-1.50722
-0.039927,-0.147582,0.0290144;-1.58057,0.321946,-1.56276
-0.0396148,-0.148099,0.0291126;-1.58549,0.315685,-1.57777
-0.0401337,-0.150271,0.02892;-1.57199,0.337688,-1.58168
-0.040428,-0.150119,0.0286042;-1.57091,0.339659,-1.57204
-0.0413091,-0.151031,0.0298721;-1.56489,0.346305,-1.54944
-0.0434589,-0.152043,0.0333026;-1.58165,0.367169,-1.5138
-0.0487339,-0.168548,0.0315659;-1.55815,0.46386,-1.53607
-0.0484864,-0.169699,0.0288007;-1.56854,0.449857,-1.56327
-0.0485688,-0.169434,0.0285786;-1.57085,0.427594,-1.57081
-0.0501379,-0.171211,0.0288607;-1.57537,0.498884,-1.57767
-0.0556468,-0.174805,0.0297182;-1.61255,0.590628,-1.55001
-0.0641929,-0.182826,0.0342752;-1.71508,0.64383,-1.48391
-0.0865363,-0.209001,0.0337987;-1.52168,0.788003,-1.5378
-0.088487,-0.211098,0.0314252;-1.55563,0.747564,-1.54357
-0.0850941,-0.208947,0.0287192;-1.57098,0.725566,-1.5639
-0.0850231,-0.208832,0.0287683;-1.55925,0.720248,-1.57884
-0.0851932,-0.209693,0.0286044;-1.56903,0.763465,-1.57165
-0.0861877,-0.210103,0.0290099;-1.57054,0.775563,-1.55886
-0.0996381,-0.217351,0.0391556;-1.74497,0.871073,-1.39552
-0.0974256,-0.220146,0.0364207;-1.73463,0.872123,-1.42062
-0.0980529,-0.222213,0.029463;-1.61503,0.884542,-1.53973
-0.0989404,-0.223207,0.0285795;-1.57083,0.879832,-1.57071
-0.0992362,-0.223911,0.0285792;-1.57065,0.921095,-1.57104
-0.0999322,-0.224325,0.0288397;-1.57062,0.941443,-1.55966
-0.110541,-0.226796,0.0349053;-1.56824,1.00215,-1.50384
-0.112064,-0.231014,0.0318385;-1.53891,0.958729,-1.5551
-0.108126,-0.231544,0.0287171;-1.58213,0.918064,-1.56264
-0.10034,-0.231227,0.0290037;-1.58613,0.722318,-1.56941
-0.101882,-0.231695,0.0287956;-1.57293,0.742756,-1.57785
-0.103149,-0.231855,0.0289517;-1.59006,0.764857,-1.55307
-0.121674,-0.242236,0.0346544;-1.57717,0.858951,-1.49832
-0.127998,-0.250221,0.0321968;-1.57334,0.879398,-1.52313
-0.127945,-0.252106,0.0292441;-1.57064,0.893033,-1.55646
-0.127596,-0.251674,0.0285794;-1.57088,0.85148,-1.57077
-0.127127,-0.251242,0.0286145;-1.57054,0.827474,-1.57274
-0.125269,-0.250312,0.0287347;-1.57253,0.771979,-1.57679
-0.121227,-0.243374,0.0378172;-1.79539,0.802701,-1.38365
-0.122894,-0.245968,0.0350751;-1.71954,0.828536,-1.43775
-0.125986,-0.248692,0.030597;-1.58962,0.843901,-1.52889
-0.125885,-0.248769,0.028603;-1.56931,0.785401,-1.57185
-0.12596,-0.248653,0.0286968;-1.5627,0.780361,-1.57739
-0.125974,-0.249623,0.0285792;-1.57036,0.841625,-1.57103
-0.128235,-0.250367,0.0293248;-1.58455,0.879817,-1.54718
-0.149551,-0.26473,0.0370258;-1.38424,0.942449,-1.6862
-0.150389,-0.27029,0.0346745;-1.41452,0.943144,-1.69006
-0.146614,-0.268113,0.0288501;-1.57115,0.928348,-1.58333
-0.144258,-0.265964,0.0288281;-1.57039,0.878671,-1.5829
-0.144287,-0.265811,0.0288717;-1.57066,0.879412,-1.5848
-0.145465,-0.267056,0.0286473;-1.57086,0.927497,-1.57381
-0.16556,-0.283492,0.0375612;-1.34604,1.0384,-1.71401
-0.168051,-0.291232,0.0358439;-1.34781,1.03681,-1.74204
-0.16497,-0.290296,0.0316991;-1.48847,1.02918,-1.66257
-0.152308,-0.280477,0.0334883;-1.57477,0.912243,-1.62964
-0.154458,-0.280401,0.0336489;-1.56933,0.924774,-1.64572
-0.159875,-0.2841,0.0302839;-1.55701,0.976973,-1.61206
-0.169821,-0.287084,0.0374776;-1.35228,0.986745,-1.7065
-0.171073,-0.290406,0.0362404;-1.3505,0.981706,-1.72725
-0.169442,-0.289452,0.0309631;-1.48606,0.987083,-1.64468
-0.16619,-0.28447,0.0288152;-1.56551,0.891288,-1.58284
-0.164606,-0.281498,0.0290266;-1.55676,0.821801,-1.59328
-0.164421,-0.281514,0.0291873;-1.56198,0.821457,-1.59763
-0.175307,-0.298216,0.0378101;-1.32799,0.930021,-1.73488
-0.178191,-0.302733,0.0386066;-1.31114,0.926631,-1.74632
-0.177784,-0.305087,0.0351885;-1.36113,0.940305,-1.73612
-0.172999,-0.295104,0.0293735;-1.55283,0.871041,-1.59987
-0.170319,-0.290119,0.0288562;-1.56611,0.773535,-1.58378
-0.169573,-0.288429,0.0289723;-1.56721,0.739368,-1.58934
-0.17548,-0.298757,0.0353937;-1.39782,0.823412,-1.6885
-0.179079,-0.305118,0.0399149;-1.30298,0.841302,-1.73421
-0.181165,-0.309975,0.038416;-1.31626,0.847124,-1.73771
-0.174831,-0.305257,0.0321795;-1.56108,0.82374,-1.63801
-0.168845,-0.296671,0.0350596;-1.56162,0.747202,-1.65346
-0.161743,-0.289363,0.0357983;-1.57211,0.656757,-1.65825
-0.176657,-0.303373,0.0348538;-1.45676,0.7718,-1.68434
-0.184901,-0.313488,0.0387824;-1.32737,0.817378,-1.73126
-0.188638,-0.315049,0.0401106;-1.30753,0.801901,-1.72536
-0.186793,-0.309179,0.0319369;-1.49319,0.763476,-1.64613
-0.181853,-0.299146,0.0302618;-1.55606,0.681208,-1.60637
-0.177906,-0.292023,0.0289682;-1.56459,0.605252,-1.58812
-0.179927,-0.294298,0.0303016;-1.55422,0.630686,-1.60194
-0.186937,-0.304781,0.0342953;-1.44766,0.698216,-1.63327
-0.190167,-0.309475,0.0388294;-1.40309,0.719523,-1.63014
-0.1893,-0.31263,0.0319421;-1.47764,0.724706,-1.63319
-0.188171,-0.309325,0.0292411;-1.55031,0.695147,-1.60012
-0.186539,-0.304672,0.0289921;-1.55939,0.614822,-1.58786
-0.185995,-0.303691,0.0291695;-1.55393,0.59117,-1.58623
-0.189685,-0.309242,0.032912;-1.48515,0.635271,-1.60754
-0.194295,-0.318675,0.0386579;-1.40996,0.690699,-1.62256
-0.193784,-0.323455,0.0308085;-1.50799,0.691887,-1.60961
-0.193504,-0.318605,0.0291435;-1.55437,0.630818,-1.59431
-0.190315,-0.31148,0.0289496;-1.56251,0.538578,-1.5858
-0.190161,-0.309883,0.0290912;-1.55733,0.490347,-1.58968
-0.191815,-0.317181,0.0327986;-1.47917,0.544755,-1.61145
-0.194907,-0.3274,0.0379988;-1.40264,0.595726,-1.63081
-0.196603,-0.332225,0.0343939;-1.44097,0.58039,-1.63778
-0.195902,-0.326198,0.0292978;-1.5576,0.555553,-1.60137
-0.194816,-0.322019,0.02968;-1.55906,0.518199,-1.59546
-0.192462,-0.313845,0.0302266;-1.56387,0.434962,-1.60722
-0.19334,-0.316041,0.0303551;-1.54069,0.455453,-1.59518
-0.195229,-0.321942,0.034899;-1.45547,0.494502,-1.60492
-0.19645,-0.333384,0.035114;-1.47033,0.544286,-1.59147
-0.1953,-0.333626,0.0296328;-1.54178,0.559714,-1.58372
-0.195418,-0.333471,0.0290309;-1.55941,0.565213,-1.58884
-0.195027,-0.32923,0.02896;-1.56164,0.48119,-1.58498
-0.195085,-0.330136,0.0289945;-1.55523,0.507582,-1.58442
-0.195542,-0.33261,0.0308776;-1.52388,0.529437,-1.58206
-0.198241,-0.334808,0.0373196;-1.45714,0.520606,-1.57502
-0.197922,-0.335379,0.0332506;-1.49308,0.516104,-1.5896
-0.197437,-0.334287,0.0287977;-1.56055,0.517335,-1.57762
-0.198033,-0.328622,0.0288286;-1.56503,0.364222,-1.57922
-0.198214,-0.329077,0.0290674;-1.55759,0.364188,-1.58642
-0.198747,-0.331976,0.0289277;-1.55776,0.404564,-1.57442
-0.202984,-0.341781,0.0362712;-1.47456,0.463978,-1.55628
-0.203591,-0.346324,0.0348902;-1.48519,0.459118,-1.57222
-0.202916,-0.345949,0.0287912;-1.56056,0.452688,-1.57421
-0.203783,-0.34153,0.0287445;-1.56811,0.343401,-1.57698
-0.204311,-0.339228,0.0288599;-1.56287,0.259659,-1.57846
-0.203898,-0.339305,0.028851;-1.55952,0.276594,-1.57147
-0.207098,-0.347128,0.0351319;-1.50672,0.352615,-1.53429
-0.206459,-0.356682,0.0336571;-1.55479,0.379315,-1.55174
-0.206045,-0.363828,0.0290848;-1.58076,0.413274,-1.58288
-0.201392,-0.357506,0.0302014;-1.59254,0.332161,-1.58587
-0.204006,-0.360323,0.029241;-1.57667,0.369827,-1.58556
-0.206083,-0.362222,0.0288031;-1.57437,0.419329,-1.57665
-0.206083,-0.362222,0.0288031;-1.57437,0.419329,-1.57665
-0.208281,-0.365042,0.0305606;-1.56394,0.450344,-1.54843
-0.208281,-0.365042,0.0305606;-1.56394,0.450344,-1.54843
