0,0,0.11;-1.57,-2.98023e-08,-1.57
0,0,0.11;-1.57,-2.98023e-08,-1.57
0,0,0.11;-1.57,-2.98023e-08,-1.57
0.000310221,0.00399823,0.0286994;-1.57098,-0.1347,-1.57653
0.000188085,0.00418831,0.0286103;-1.57085,-0.150185,-1.57233
4.44058e-05,0.00417678,0.0287034;-1.57102,-0.148093,-1.56488
-0.00127348,0.00225768,0.0303952;-1.58062,-0.122427,-1.54842
0.00170922,-0.000439607,0.0292738;-1.58619,-0.146972,-1.58856
0.00189421,-0.000724417,0.0294068;-1.56686,-0.144143,-1.58859
0.00188446,0.00104739,0.0298835;-1.57368,-0.155919,-1.59465
0.0018882,0.00317409,0.0294144;-1.57126,-0.167511,-1.59007
0.00190755,0.00243974,0.029286;-1.56763,-0.150098,-1.58145
0.00129637,0.00224268,0.0297868;-1.56259,-0.138512,-1.56835
-0.00167837,-0.00231131,0.0333007;-1.60922,-0.135665,-1.54173
0.00215459,-0.00106891,0.0321711;-1.5995,-0.134709,-1.56675
0.00420113,-0.00150717,0.0294388;-1.57816,-0.137502,-1.5894
0.0041752,0.00200128,0.0294327;-1.57316,-0.164396,-1.58581
0.00163546,0.00520731,0.0304107;-1.59292,-0.183302,-1.58739
0.000267047,0.00671259,0.0306531;-1.58975,-0.176636,-1.58092
-0.00419496,0.00374822,0.0314944;-1.52355,-0.149561,-1.55317
-0.00272719,0.000555083,0.0302282;-1.54906,-0.137372,-1.56528
-0.00101107,0.00280597,0.0304859;-1.58777,-0.158174,-1.58463
-0.000157393,0.00314424,0.0304766;-1.58861,-0.13272,-1.58379
7.35907e-05,0.00360703,0.0303152;-1.58993,-0.133908,-1.58277
-0.000218809,0.00427271,0.0301439;-1.59652,-0.135161,-1.5829
-0.000215038,0.00367336,0.0300633;-1.57118,-0.139492,-1.56687
0.000128042,0.00280608,0.0301115;-1.55228,-0.142692,-1.5551
0.00338812,0.00118151,0.0294015;-1.58587,-0.152563,-1.57345
0.00464846,0.000202522,0.0299253;-1.6047,-0.181455,-1.58017
0.00482651,-0.000143842,0.0297744;-1.60229,-0.192181,-1.5805
0.00546769,-0.000691144,0.0291639;-1.59395,-0.213233,-1.57814
0.00571648,-0.00112146,0.0289108;-1.58353,-0.225344,-1.57037
0.00554302,-0.00194319,0.0292102;-1.55703,-0.232706,-1.56273
0.00528986,-0.00240435,0.029828;-1.56422,-0.229535,-1.54949
0.0062984,-0.00550818,0.0288746;-1.58559,-0.264635,-1.57516
0.00680751,-0.00567363,0.0295455;-1.59855,-0.274205,-1.58385
0.00743412,-0.0064108,0.0291099;-1.59178,-0.277495,-1.58206
0.00738834,-0.00752146,0.0288697;-1.58401,-0.248908,-1.57525
0.00731833,-0.00725995,0.0288265;-1.58055,-0.24642,-1.57551
0.00715958,-0.00315416,0.0302279;-1.54563,-0.179705,-1.55372
0.0101059,-0.000589725,0.0301962;-1.55149,-0.118614,-1.557
0.0119549,-0.00032188,0.029107;-1.58101,-0.122742,-1.56968
0.012224,0.000145278,0.0292989;-1.59124,-0.150061,-1.58034
0.0117362,0.00198336,0.0296326;-1.59766,-0.160858,-1.5812
0.0108285,0.00199052,0.0289843;-1.57221,-0.149335,-1.57083
0.00875748,0.00412619,0.0297476;-1.55278,-0.152066,-1.55744
0.00849083,0.0041774,0.0297197;-1.55436,-0.142201,-1.56025
0.00816424,0.00392838,0.0294397;-1.56875,-0.145476,-1.5649
0.00854458,0.00141575,0.0293997;-1.59284,-0.153744,-1.57311
0.00818712,0.00206047,0.0300369;-1.60735,-0.143301,-1.5807
0.00813541,0.00235003,0.0299463;-1.60228,-0.140111,-1.57978
0.00755482,0.00284967,0.0294965;-1.56518,-0.132903,-1.55514
0.00812866,0.00362932,0.0296984;-1.5785,-0.128373,-1.5598
0.00820818,0.00418648,0.030002;-1.55069,-0.118289,-1.55714
0.0101361,0.00557201,0.0290622;-1.58845,-0.0768477,-1.57788
0.0107986,0.00447861,0.0291885;-1.59086,-0.0765152,-1.57421
0.0109202,0.0046218,0.0299154;-1.60414,-0.0781793,-1.57732
0.0108257,0.00440752,0.0299538;-1.60052,-0.107353,-1.57336
0.0100319,0.00449132,0.0298575;-1.58296,-0.125008,-1.56392
0.00979315,0.00356774,0.0295878;-1.56305,-0.12086,-1.55065
0.0105139,0.00360415,0.0291266;-1.5887,-0.131203,-1.577
0.010721,0.00213294,0.0295294;-1.59628,-0.13425,-1.5752
0.0106909,0.00134392,0.0297864;-1.60326,-0.144511,-1.57823
0.0103462,0.000495723,0.0296496;-1.59465,-0.122896,-1.57469
0.0100953,0.00142405,0.0297651;-1.59237,-0.130011,-1.57063
0.00975624,0.00154903,0.0295508;-1.57092,-0.124822,-1.55872
0.0107423,0.0020262,0.0292587;-1.5597,-0.113693,-1.56085
0.0112506,0.0038797,0.0290189;-1.58384,-0.101523,-1.57135
0.0110643,0.00435525,0.0292809;-1.5912,-0.0972614,-1.57404
0.0117343,0.00145478,0.0292618;-1.59607,-0.130219,-1.57857
0.0112507,0.000918059,0.0286814;-1.57531,-0.1242,-1.57063
0.0104924,0.000839933,0.0291807;-1.55742,-0.136451,-1.56559
0.00932526,0.00133283,0.0299804;-1.54348,-0.148018,-1.56013
0.0101602,0.00241168,0.0305895;-1.54094,-0.142285,-1.56713
0.0106701,0.00311118,0.0306384;-1.5562,-0.150796,-1.57602
0.0108961,0.00190618,0.0312819;-1.58629,-0.179956,-1.58733
0.00879778,0.00266469,0.0303445;-1.59392,-0.139149,-1.58476
0.00839598,0.00341778,0.030261;-1.57238,-0.125374,-1.57616
0.00735834,0.00197872,0.0305338;-1.53907,-0.0922342,-1.55714
0.00855746,0.00226756,0.0303864;-1.55754,-0.0875159,-1.56967
0.0103113,0.00534832,0.0303709;-1.59113,-0.089757,-1.58381
0.0109963,0.00852196,0.0298969;-1.57117,-0.0809669,-1.57699
0.0115328,0.00795778,0.0294343;-1.57899,-0.08983,-1.57996
0.0114846,0.00816835,0.0299032;-1.60155,-0.0911204,-1.57803
0.00908725,-0.000619686,0.0301122;-1.55089,-0.116333,-1.55532
0.00944046,-0.00330774,0.0303456;-1.55993,-0.127608,-1.55936
0.00874346,-0.00590846,0.0301777;-1.5557,-0.129643,-1.55913
0.00919514,-0.00551606,0.029635;-1.57371,-0.148693,-1.5794
0.00931578,-0.0059089,0.0301362;-1.58617,-0.160292,-1.58069
0.00940774,-0.0058552,0.0297762;-1.58963,-0.170704,-1.58174
0.00749811,-0.00386348,0.0300222;-1.54809,-0.209857,-1.56187
0.00684727,-0.00410805,0.0299216;-1.55083,-0.186995,-1.55457
0.00655342,-0.00383608,0.0304742;-1.5452,-0.17994,-1.54869
0.00894664,-0.00570067,0.0295433;-1.55525,-0.142508,-1.56619
0.00886371,-0.00514129,0.0296027;-1.57452,-0.135824,-1.57818
0.00776718,-0.00410109,0.0295856;-1.57538,-0.145412,-1.57616
0.00790991,-0.00503245,0.0287724;-1.57147,-0.199788,-1.56148
0.00848477,-0.00564488,0.0290101;-1.56866,-0.228317,-1.55937
0.0086621,-0.0061056,0.0292391;-1.57984,-0.203825,-1.56695
0.00873818,-0.00739205,0.0288484;-1.58323,-0.160127,-1.57372
0.00784166,-0.00831473,0.029073;-1.57375,-0.117242,-1.56226
0.00737245,-0.00808951,0.0291974;-1.57257,-0.125496,-1.56023
0.00722222,-0.00895452,0.0289417;-1.57036,-0.140115,-1.56191
0.00665066,-0.00917792,0.0294886;-1.5682,-0.161434,-1.55251
0.0063676,-0.00829533,0.0298279;-1.56406,-0.156333,-1.54747
0.00664834,-0.00752089,0.0297778;-1.56823,-0.143976,-1.54672
0.00726719,-0.0104722,0.0300192;-1.6095,-0.0737266,-1.57643
0.00676135,-0.0135854,0.0297716;-1.58674,-0.0343078,-1.57301
0.00537939,-0.0117361,0.0288855;-1.57273,-0.0446598,-1.5663
0.00592937,-0.0106695,0.0294568;-1.58108,-0.0824071,-1.55913
0.00589399,-0.0094384,0.0295826;-1.57609,-0.103706,-1.5542
0.0055104,-0.00972888,0.0298903;-1.55853,-0.111573,-1.55039
0.00714832,-0.0121412,0.029792;-1.59913,-0.100544,-1.5829
0.00825852,-0.0151335,0.0289842;-1.57351,-0.0938317,-1.57502
0.0100448,-0.0204859,0.030114;-1.56359,-0.065549,-1.59005
0.00839473,-0.0177004,0.031837;-1.54853,-0.109401,-1.60134
0.00641817,-0.0158915,0.030992;-1.54632,-0.160871,-1.59168
0.00623918,-0.0158,0.0302428;-1.53633,-0.17016,-1.57498
0.00689276,-0.0172865,0.0297048;-1.54261,-0.181383,-1.5734
0.00750952,-0.0187835,0.0290539;-1.56361,-0.163873,-1.58509
0.00818741,-0.0199671,0.0294574;-1.55993,-0.14063,-1.57489
0.0050859,-0.0173978,0.0303431;-1.56073,-0.140364,-1.57929
0.0043783,-0.0176874,0.0324226;-1.51825,-0.176172,-1.58082
0.00391319,-0.0170906,0.0334807;-1.5061,-0.193754,-1.59327
0.00409574,-0.0144583,0.0364066;-1.46198,-0.19413,-1.59469
0.00688775,-0.0151367,0.0374157;-1.47169,-0.177674,-1.61582
0.00880901,-0.0154376,0.0363663;-1.51296,-0.168431,-1.64322
0.00980401,-0.0154493,0.0366121;-1.5352,-0.170814,-1.66158
0.00959164,-0.0168677,0.0377219;-1.50545,-0.177541,-1.64523
0.00756517,-0.0161607,0.0389738;-1.47402,-0.201949,-1.63017
0.00729171,-0.0195715,0.039258;-1.43161,-0.152705,-1.60399
0.00895649,-0.020272,0.0404543;-1.39981,-0.161863,-1.59492
0.00923603,-0.0233303,0.0425875;-1.36063,-0.138133,-1.59396
0.0171198,-0.0290203,0.0396602;-1.40713,-0.0490389,-1.61731
0.0195405,-0.0294396,0.0391684;-1.43269,-0.0224543,-1.62771
0.0207503,-0.0303657,0.0391211;-1.44202,-0.0228367,-1.63457
0.0184545,-0.0342179,0.0397236;-1.37857,-0.0031598,-1.5891
0.0175957,-0.0357647,0.0389864;-1.3761,-0.00255415,-1.57476
0.0167063,-0.0350599,0.0384735;-1.38718,-0.0280285,-1.57407
0.0174399,-0.0342159,0.0389659;-1.41919,-0.0323051,-1.61153
0.0161733,-0.0339324,0.0374745;-1.44541,-0.0228536,-1.60891
0.0148664,-0.0328626,0.0381837;-1.41424,-0.0154962,-1.58642
0.0150249,-0.0306495,0.0381129;-1.39566,0.0221111,-1.56601
0.0139117,-0.0350434,0.0348268;-1.47816,-0.00843064,-1.55712
0.015996,-0.0390985,0.0341748;-1.47123,-0.0565105,-1.5582
0.0175704,-0.0385193,0.0360411;-1.43417,-0.0852356,-1.57245
0.019139,-0.0397965,0.034332;-1.46405,-0.0557619,-1.5776
0.0193379,-0.0379445,0.0327872;-1.50912,-0.0668675,-1.59388
0.0201164,-0.0288727,0.0332662;-1.52198,-0.0888326,-1.61665
0.0176573,-0.0275177,0.034264;-1.53229,-0.114649,-1.62897
0.0164885,-0.028321,0.0338302;-1.54173,-0.102606,-1.62915
0.0175717,-0.025817,0.0341322;-1.53735,-0.103875,-1.63182
0.0184392,-0.0225349,0.0344991;-1.53535,-0.122925,-1.6354
0.019029,-0.0211229,0.0351531;-1.53194,-0.12944,-1.64106
0.0209547,-0.0207424,0.0355352;-1.5084,-0.120133,-1.63018
0.0229877,-0.0206719,0.0365479;-1.47564,-0.0935569,-1.61434
0.024339,-0.0200989,0.0376743;-1.45151,-0.0726888,-1.59975
0.0254938,-0.0176999,0.0386368;-1.42534,-0.02872,-1.59088
0.0254298,-0.0154971,0.0379279;-1.44589,-0.0171256,-1.59612
0.0255808,-0.0131223,0.0378696;-1.43695,0.00995515,-1.60256
0.0222416,-0.00705735,0.0323921;-1.53512,0.0448403,-1.60789
0.0210846,-0.00532342,0.0302;-1.56094,0.0396548,-1.58915
0.0208371,-0.00390548,0.0289455;-1.58,0.0478894,-1.58049
0.0211356,-0.00276966,0.0290088;-1.58283,0.0571426,-1.58022
0.0212675,-0.00256574,0.029038;-1.5813,0.0472783,-1.58375
0.0214316,-0.00243959,0.0290293;-1.58164,0.0444626,-1.58284
0.0212736,-0.00269722,0.0288858;-1.58354,0.0383377,-1.57281
0.0219566,-0.00288652,0.0290529;-1.58914,0.00449781,-1.56649
0.0223092,-0.00386455,0.0287164;-1.57177,-0.0206827,-1.56422
0.0223861,-0.0047834,0.0290082;-1.55899,-0.0373199,-1.56149
0.021917,-0.00602934,0.0288231;-1.56406,-0.0518583,-1.5655
0.0215993,-0.00725668,0.0286441;-1.57089,-0.0644541,-1.56768
0.0209957,-0.0112772,0.0290329;-1.57849,-0.0362508,-1.58388
0.0208124,-0.0113482,0.0300813;-1.56662,-0.0588251,-1.59956
0.0196452,-0.00937681,0.029448;-1.56792,-0.113083,-1.58769
0.0184209,-0.00828245,0.0289988;-1.55946,-0.1737,-1.56305
0.0177806,-0.0094026,0.029821;-1.53919,-0.190382,-1.5644
0.0177251,-0.0100657,0.029138;-1.54724,-0.186189,-1.57041
0.0172757,-0.0131943,0.0289424;-1.57387,-0.134793,-1.58398
0.0167853,-0.0151529,0.0290469;-1.57113,-0.12569,-1.58466
0.0164141,-0.0153874,0.0299244;-1.57139,-0.132802,-1.59678
0.0164141,-0.0153874,0.0299244;-1.57139,-0.132802,-1.59678
0.016489,-0.0140367,0.0313206;-1.56285,-0.153587,-1.61569
0.016489,-0.0140367,0.0313206;-1.56285,-0.153587,-1.61569
