0,0,0.11;-1.57,-2.98023e-08,-1.57
0,0,0.11;-1.57,-2.98023e-08,-1.57
0,0,0.11;-1.57,-2.98023e-08,-1.57
-0.00123921,-0.00249739,0.0289519;-1.56342,-0.282188,-1.55784
-0.00160509,-0.00359651,0.0291842;-1.54695,-0.286187,-1.55745
-0.00164333,-0.00400069,0.0291698;-1.5517,-0.280738,-1.55533
0.00436585,-0.00794495,0.0294499;-1.57724,-0.13148,-1.57953
0.00524967,0.00665321,0.0299386;-1.57182,-0.274375,-1.59769
0.00581211,0.0127814,0.0289949;-1.57826,-0.353012,-1.58608
0.00601266,0.0152711,0.0289196;-1.57525,-0.401131,-1.58441
0.00596596,0.0164085,0.0287084;-1.57091,-0.345229,-1.56412
0.00641595,0.0172864,0.0289317;-1.56819,-0.280578,-1.5553
0.00595896,0.0156896,0.0297616;-1.57503,-0.248452,-1.55348
0.00845003,0.0137118,0.0290414;-1.57809,-0.245219,-1.57384
0.00858277,0.0145611,0.028582;-1.57078,-0.271724,-1.5708
0.00855671,0.0144967,0.0285846;-1.57119,-0.300348,-1.57072
0.00862916,0.0161786,0.0287394;-1.57481,-0.323002,-1.57595
0.0082783,0.0162476,0.0292044;-1.59995,-0.281709,-1.58119
0.00641454,0.0151217,0.0324114;-1.65719,-0.20321,-1.59001
0.00300762,0.0139423,0.0341329;-1.68426,-0.112668,-1.5903
0.00167863,0.0147777,0.0302476;-1.61393,-0.173398,-1.58105
0.00120241,0.0141244,0.0285919;-1.57077,-0.202647,-1.57143
-0.00178463,0.011969,0.0287614;-1.56223,-0.376134,-1.56556
-0.00214604,0.010897,0.0287605;-1.567,-0.377665,-1.56332
-0.00212891,0.00960752,0.0288664;-1.57482,-0.401637,-1.56166
-0.00233037,0.00616497,0.0291352;-1.57759,-0.399776,-1.56445
-0.00153479,-0.00127561,0.0289278;-1.57793,-0.347611,-1.58318
-0.00139389,0.000145067,0.0295181;-1.58838,-0.378726,-1.59157
7.20485e-05,0.00665067,0.0296218;-1.59604,-0.439733,-1.59121
0.000332929,0.0104497,0.0289259;-1.57562,-0.487399,-1.58515
0.0004539,0.00947111,0.0286731;-1.56913,-0.409934,-1.56644
0.00239643,0.00512888,0.0292496;-1.56287,-0.284858,-1.56301
0.00673656,-0.000561015,0.0292629;-1.56082,-0.199477,-1.57024
0.00840237,-0.00234787,0.028652;-1.57087,-0.146762,-1.56732
0.00850258,-0.00179453,0.0286775;-1.57203,-0.165604,-1.56689
0.00862549,-0.0013999,0.0285986;-1.57117,-0.207379,-1.57158
0.0100064,0.00270318,0.0292435;-1.58639,-0.231346,-1.58641
0.0111178,0.00842063,0.0350994;-1.69564,-0.233349,-1.59824
0.0109974,0.0108087,0.0387939;-1.76077,-0.19986,-1.60203
0.00506296,-0.000591607,0.0287541;-1.57095,-0.0472785,-1.5784
0.00622331,-0.00258482,0.0285791;-1.57083,0.0385937,-1.57016
0.00634237,-0.00218646,0.028679;-1.57085,0.0502139,-1.56601
0.00738481,-0.000768293,0.0287487;-1.56836,0.111109,-1.5651
0.0068231,0.000788489,0.0290331;-1.56926,0.116809,-1.56924
0.00607151,0.0055757,0.0299522;-1.58557,0.103447,-1.57659
0.00848874,0.0061351,0.0299063;-1.57635,0.037238,-1.5946
0.00968311,0.0113286,0.0297582;-1.5757,-0.0279189,-1.59375
0.0111375,0.0171643,0.0291394;-1.58682,-0.106308,-1.58328
0.0107908,0.0173512,0.0285798;-1.57074,-0.0951416,-1.57057
0.00917574,0.0178187,0.0289685;-1.5724,0.0103516,-1.57172
0.00758249,0.0127894,0.0299668;-1.59611,0.126019,-1.56586
0.00628171,0.00344684,0.0289058;-1.56491,0.204793,-1.58182
0.00535208,0.00645776,0.029169;-1.55558,0.153756,-1.58654
0.00466038,0.0176474,0.0289339;-1.5683,0.0414467,-1.58648
0.0117728,0.0341518,0.0313103;-1.59629,-0.13573,-1.60896
0.00937087,0.0324509,0.0351044;-1.69728,-0.0830936,-1.5928
0.00575243,0.0241307,0.0377669;-1.73297,0.0143283,-1.59046
-0.00146233,-0.026079,0.0317527;-1.54219,0.114519,-1.6132
-0.00342067,-0.0269862,0.0299902;-1.55367,0.0762107,-1.59329
-0.00547113,-0.0237565,0.0288147;-1.56776,0.00484731,-1.579
-0.00689762,-0.0196211,0.0287741;-1.56544,-0.101369,-1.57406
-0.00693381,-0.0185605,0.0291178;-1.56423,-0.0917892,-1.58657
-0.00536482,-0.0140789,0.0311713;-1.56764,-0.082045,-1.6067
-0.00212024,-0.0266806,0.0362973;-1.53551,0.131586,-1.66773
-0.00246459,-0.0319252,0.0359152;-1.53945,0.154743,-1.66516
-0.0018749,-0.0338768,0.0348873;-1.54752,0.17704,-1.65311
-0.00278809,-0.0227739,0.029448;-1.57329,0.0643365,-1.59004
-0.00211412,-0.016371,0.0291524;-1.56131,-0.0107604,-1.58961
-0.00169288,-0.0111265,0.0290411;-1.56057,-0.0591935,-1.58311
0.000870193,-0.00232598,0.0302477;-1.57741,-0.0120989,-1.5887
-0.00165136,-0.0151692,0.0315924;-1.55882,0.0237131,-1.60824
-0.00407277,-0.0320824,0.0320407;-1.54737,0.0908745,-1.61758
-0.00422127,-0.0312171,0.0317265;-1.56845,0.0295947,-1.6204
-0.00295402,-0.0249154,0.0337893;-1.56323,-0.035097,-1.642
-0.000367345,-0.0136079,0.0338559;-1.56425,-0.102145,-1.64397
0.00265501,0.00447407,0.0348043;-1.60072,-0.105426,-1.62516
0.00282972,0.00867744,0.0338841;-1.65197,-0.108934,-1.59284
0.00100971,0.00342339,0.0291745;-1.57046,-0.0697959,-1.58761
0.00336585,-0.00165136,0.0288453;-1.56434,0.119449,-1.57789
0.00377344,-0.00301462,0.0292216;-1.55259,0.155686,-1.58625
0.00348887,-0.000896061,0.0291994;-1.55763,0.130103,-1.58981
0.00192382,-0.00150727,0.0330481;-1.60539,0.187729,-1.60587
0.00263054,0.000181929,0.0368987;-1.66155,0.143942,-1.61178
0.00507784,0.00315238,0.0371639;-1.65638,0.107861,-1.62412
0.00170924,-0.00612746,0.0304727;-1.57276,0.102063,-1.60354
0.00116191,-0.00848306,0.0288617;-1.57028,0.124815,-1.58425
0.00149568,-0.0086809,0.0285807;-1.5708,0.130981,-1.57065
0.0017664,-0.00711541,0.0289925;-1.58363,0.206354,-1.56439
0.00345146,-0.00342088,0.0292396;-1.575,0.216134,-1.57784
0.00384927,-0.00116696,0.0290858;-1.57563,0.209093,-1.5821
0.00187466,0.0096643,0.0292176;-1.5706,0.12725,-1.58812
0.00237207,0.0133443,0.0290358;-1.5664,0.0753654,-1.58972
0.00398541,0.0161174,0.0293929;-1.57418,0.0340037,-1.58915
0.00152539,0.0197689,0.0316178;-1.63629,0.0297679,-1.57817
-0.00012115,0.0178479,0.0327468;-1.65503,0.0655051,-1.5735
-0.00204586,0.00997428,0.029673;-1.59308,0.134918,-1.57847
-0.00154446,0.00862209,0.0286283;-1.5707,0.0936844,-1.57315
-0.00301815,0.00913345,0.0286079;-1.56952,-0.0142679,-1.57054
-0.00362815,0.0090712,0.0287318;-1.56422,-0.0467452,-1.57136
-0.00344213,0.0102481,0.0288167;-1.57456,-0.101379,-1.57945
-0.00535649,0.00415952,0.038754;-1.76259,0.00640859,-1.5897
-0.00502779,-0.00131749,0.0420194;-1.79068,0.0522658,-1.60216
-0.00833857,-0.018851,0.035501;-1.61763,0.0849547,-1.63083
-0.00803827,-0.0306078,0.0287129;-1.57098,0.149554,-1.57727
-0.00835872,-0.0284765,0.0285793;-1.57085,0.067438,-1.57095
-0.00815736,-0.0287239,0.0286135;-1.57096,0.00546443,-1.56883
-0.00811983,-0.0273566,0.0293204;-1.58051,0.0159548,-1.57116
-0.00617802,-0.0280815,0.0299141;-1.59993,0.00754522,-1.58002
-0.00818074,-0.0341421,0.0296189;-1.57419,0.0764214,-1.59194
-0.00592656,-0.0447002,0.0292979;-1.57284,0.195235,-1.58734
-0.00599306,-0.0415717,0.0294021;-1.56906,0.135385,-1.58977
-0.00730553,-0.0348454,0.0307294;-1.57359,0.0383297,-1.60487
-0.0140266,-0.0253396,0.0299886;-1.59511,-0.125738,-1.58542
-0.0134014,-0.0261648,0.0303869;-1.61233,-0.116741,-1.58156
-0.0136637,-0.0316059,0.0292615;-1.58015,-0.0773007,-1.58411
-0.0149738,-0.038184,0.0286528;-1.57127,0.0857028,-1.57375
-0.0151392,-0.038439,0.0287847;-1.56394,0.0980409,-1.57451
-0.0152168,-0.0374841,0.0285859;-1.57146,0.0769882,-1.56987
-0.014068,-0.0292751,0.0294895;-1.58231,-0.0282403,-1.58593
-0.0112019,-0.0231796,0.033989;-1.65455,-0.0779432,-1.60382
-0.00817653,-0.0241236,0.0376328;-1.68932,-0.0734626,-1.62864
-0.0142924,-0.0377943,0.0307264;-1.57429,-0.0436201,-1.60623
-0.015453,-0.042074,0.0288865;-1.57767,0.0362347,-1.57819
-0.0149786,-0.0435874,0.0285795;-1.57083,0.0864527,-1.5708
-0.0150576,-0.0439214,0.0286093;-1.57197,0.0796334,-1.57024
-0.0156976,-0.045846,0.0293556;-1.57105,0.0691622,-1.5728
-0.0160903,-0.0462781,0.0296758;-1.57483,0.0304256,-1.58183
-0.0171402,-0.0505555,0.0295869;-1.56737,0.00587506,-1.59322
-0.0166581,-0.0498531,0.0295181;-1.577,-0.00164074,-1.59025
-0.0150862,-0.0467423,0.0300588;-1.59104,-0.034194,-1.59164
-0.0166934,-0.0505321,0.0300495;-1.57147,-0.015718,-1.59943
-0.0175147,-0.0392238,0.0299984;-1.57756,-0.0646741,-1.59172
-0.0174176,-0.0276381,0.0302476;-1.60153,-0.0666071,-1.58285
-0.0151333,-0.0289687,0.0288458;-1.57022,-0.00841926,-1.57934
-0.0147533,-0.0304394,0.0287254;-1.57031,0.0504748,-1.57739
-0.014317,-0.0314381,0.0286125;-1.57,0.0956473,-1.57223
-0.0153575,-0.0295516,0.0288098;-1.57095,0.0340122,-1.58126
-0.0142934,-0.0257039,0.0304269;-1.58636,-0.0186506,-1.59441
-0.0125158,-0.0219761,0.0346742;-1.647,-0.0600518,-1.61239
-0.011779,-0.0258194,0.0376962;-1.6605,-0.020547,-1.63761
-0.0165733,-0.0407921,0.0321792;-1.56258,0.0663393,-1.62666
-0.0162308,-0.0427371,0.0305322;-1.56694,0.0912795,-1.60289
-0.0161352,-0.0406776,0.0286365;-1.57081,0.0774883,-1.57354
-0.0161139,-0.0415951,0.0287029;-1.57333,0.123878,-1.57376
-0.0164439,-0.0416337,0.0293312;-1.57864,0.131998,-1.57385
-0.010706,-0.0478626,0.0337645;-1.53822,0.240711,-1.6418
-0.0108607,-0.0532449,0.0344307;-1.53766,0.298628,-1.65328
-0.0104665,-0.0589745,0.03488;-1.546,0.346752,-1.65474
-0.00977399,-0.0534281,0.0326984;-1.55399,0.272446,-1.63207
-0.0121597,-0.0500678,0.0327509;-1.57572,0.252891,-1.61913
-0.0128292,-0.0476395,0.0329207;-1.59536,0.225459,-1.60846
-0.00949782,-0.0572919,0.0331826;-1.56362,0.206532,-1.62469
-0.0101723,-0.0617041,0.0328231;-1.54301,0.177471,-1.63137
-0.0105475,-0.0617589,0.0311453;-1.55682,0.17166,-1.61184
-0.0121382,-0.0741038,0.0301008;-1.56193,0.274521,-1.59916
-0.0127821,-0.0680159,0.0313876;-1.55157,0.209352,-1.61572
-0.0119276,-0.061146,0.0337701;-1.54814,0.134042,-1.63904
-0.00571286,-0.0413532,0.0394349;-1.62258,0.0641933,-1.65959
-0.00614823,-0.037806,0.0392839;-1.64651,0.0466889,-1.64971
-0.0085009,-0.0438058,0.0342965;-1.54596,0.0927426,-1.64988
-0.00721908,-0.0505425,0.0301342;-1.56415,0.232834,-1.59863
-0.00712725,-0.0525799,0.0292096;-1.55508,0.253769,-1.58974
-0.00769817,-0.0514002,0.0295176;-1.55455,0.231713,-1.58733
-0.00765912,-0.0436107,0.0327611;-1.55244,0.164455,-1.61537
-0.00538457,-0.0493057,0.0345777;-1.53687,0.160629,-1.64639
-0.00446986,-0.0554443,0.0351095;-1.54221,0.120121,-1.65666
-0.00493683,-0.0668395,0.0345503;-1.5861,0.0771973,-1.64425
-0.0073522,-0.0736079,0.0322219;-1.56834,0.120198,-1.62564
-0.00816819,-0.0752188,0.0315027;-1.56022,0.148255,-1.61583
-0.00544188,-0.0592927,0.0312635;-1.5656,0.104468,-1.60191
-0.00149791,-0.0578293,0.0315445;-1.55441,0.116918,-1.61063
0.000343298,-0.0612413,0.0326057;-1.54198,0.173732,-1.62625
0.000615079,-0.0561904,0.0292584;-1.56879,0.153487,-1.58722
0.000381282,-0.0563476,0.029101;-1.5609,0.147855,-1.58746
0.000680943,-0.056709,0.028881;-1.56906,0.152894,-1.58375
0.00162986,-0.0504885,0.0332175;-1.5902,0.0779728,-1.61689
0.00272243,-0.0432386,0.03583;-1.63841,-0.00523376,-1.62285
0.00471992,-0.0415278,0.0362357;-1.63633,-0.0135639,-1.63339
4.89539e-05,-0.0496526,0.0300567;-1.5746,0.130706,-1.59632
-0.000107937,-0.0514514,0.0287199;-1.57054,0.15726,-1.57761
0.000129821,-0.0513385,0.028581;-1.57088,0.148798,-1.5708
0.000129821,-0.0513385,0.028581;-1.57088,0.148798,-1.5708
0.000196898,-0.0518002,0.028586;-1.57115,0.117383,-1.57025
0.000196898,-0.0518002,0.028586;-1.57115,0.117383,-1.57025
