0,0,0.11;-1.57,-2.98023e-08,-1.57
0,0,0.11;-1.57,-2.98023e-08,-1.57
0,0,0.11;-1.57,-2.98023e-08,-1.57
-0.000346326,0.0006491,0.0286179;-1.56952,-0.165189,-1.56995
-0.000417309,0.000427595,0.0285812;-1.57055,-0.170857,-1.57089
-0.000327657,-0.000232738,0.0286456;-1.57062,-0.156002,-1.5738
-0.00187326,-0.00414427,0.0307965;-1.54255,-0.175826,-1.54772
-0.00755665,-0.0067518,0.0322917;-1.55178,-0.24479,-1.52133
-0.00643961,-0.00581096,0.0289538;-1.56578,-0.277014,-1.55766
-0.00610675,-0.00515608,0.0287205;-1.56603,-0.270381,-1.56733
-0.00611486,-0.00414373,0.0286483;-1.5707,-0.175453,-1.57403
-0.00605933,-0.00474805,0.0288619;-1.57299,-0.159659,-1.5821
-0.00581903,-0.00503979,0.0298441;-1.57658,-0.156045,-1.59608
-0.00495791,-0.0193348,0.0335136;-1.53245,-0.0212662,-1.62288
-0.00544057,-0.0236819,0.0347388;-1.46217,-0.00613774,-1.58631
-0.0086764,-0.0170468,0.0323236;-1.53993,-0.0376071,-1.54904
-0.0077626,-0.00988977,0.0297358;-1.5748,-0.0745404,-1.56047
-0.00670831,-0.0105314,0.0288096;-1.56705,-0.0608117,-1.57785
-0.00656426,-0.0122293,0.0290291;-1.5769,-0.0322639,-1.58655
-0.00280653,-0.0291378,0.0361402;-1.53676,0.121843,-1.66646
-0.00205064,-0.0346197,0.0371395;-1.51514,0.148564,-1.66764
-0.00424888,-0.0285744,0.0339568;-1.51796,0.0827761,-1.62369
-0.0079695,-0.0181894,0.0288541;-1.55931,-0.0690934,-1.56781
-0.00801464,-0.018269,0.0289726;-1.56469,-0.0709756,-1.559
-0.00835668,-0.0177545,0.0288731;-1.5661,-0.0567585,-1.56105
-0.00851829,-0.0204686,0.0287753;-1.56426,-0.0514217,-1.57314
-0.00750431,-0.0249724,0.0298702;-1.56336,-0.0233016,-1.598
-0.00979072,-0.02075,0.0322961;-1.56993,-0.110676,-1.6275
-0.00960207,-0.014001,0.0287733;-1.56543,-0.214007,-1.5715
-0.00997538,-0.0131266,0.0287146;-1.56803,-0.251117,-1.56619
-0.00908828,-0.0117473,0.0288863;-1.56708,-0.192441,-1.55911
-0.00811901,-0.0109645,0.0289896;-1.56907,-0.122611,-1.56346
-0.00647872,-0.01254,0.0294096;-1.56153,-0.0591502,-1.56844
-0.00551602,-0.00844082,0.0302229;-1.54021,-0.0578555,-1.58293
-0.00648345,-0.0024268,0.0291748;-1.56324,-0.0915953,-1.5779
-0.006913,0.00179791,0.0287214;-1.5709,-0.151914,-1.57772
-0.00658172,0.00259711,0.0289321;-1.55556,-0.14225,-1.5665
-0.00591768,0.00192088,0.0291828;-1.54472,-0.112414,-1.57093
-0.00327849,-0.00193155,0.0293278;-1.54631,-0.0622143,-1.57919
-0.00215615,-0.00187566,0.0333606;-1.54014,-0.0842156,-1.62407
-0.00371212,0.000274982,0.0342744;-1.52731,-0.144408,-1.63205
-0.00711562,0.00584837,0.0324709;-1.53675,-0.208419,-1.60863
-0.00757871,0.00608567,0.0300566;-1.54734,-0.238612,-1.57823
-0.0041194,-0.00110102,0.0301504;-1.53213,-0.199291,-1.56981
-0.00133144,-0.00673345,0.0308695;-1.52063,-0.15658,-1.57354
0.000445699,-0.0126586,0.0336547;-1.48197,-0.153328,-1.57484
-0.00239769,-0.0108989,0.0338953;-1.47492,-0.20504,-1.58135
-0.00382075,-0.00752536,0.0354336;-1.46291,-0.247875,-1.57596
-0.00361226,-0.00393342,0.0374612;-1.47205,-0.30718,-1.60689
-0.00762068,-0.00281242,0.0358418;-1.50466,-0.334746,-1.60655
-0.00837412,-0.00460596,0.0350732;-1.50748,-0.321165,-1.59933
-0.00962629,-0.0117297,0.0328721;-1.53236,-0.275794,-1.60385
-0.0096727,-0.0118908,0.0330612;-1.51645,-0.275411,-1.58808
-0.0113912,-0.00931515,0.033371;-1.52059,-0.315686,-1.59531
-0.0170408,-0.000497664,0.0297328;-1.55523,-0.419799,-1.56901
-0.0156375,-0.00010708,0.0291711;-1.56734,-0.394101,-1.57421
-0.0146265,-0.000349063,0.0292631;-1.5638,-0.375216,-1.57073
-0.013693,0.000168693,0.029713;-1.53194,-0.345937,-1.56268
-0.0137725,0.00168553,0.0328215;-1.47255,-0.343753,-1.54096
-0.0142748,0.00285648,0.0366495;-1.41051,-0.355887,-1.5275
-0.0128507,0.00797158,0.0437056;-1.33702,-0.390468,-1.53955
-0.00822036,0.00681425,0.0452416;-1.34158,-0.359582,-1.56973
-0.00709032,0.00683339,0.0453192;-1.35444,-0.349279,-1.58131
-0.0110117,0.00592469,0.0442054;-1.34064,-0.370076,-1.55246
-0.0110466,0.00482339,0.0431883;-1.33116,-0.361492,-1.54025
-0.0108632,0.00671269,0.0430691;-1.33572,-0.360358,-1.53677
-0.0111556,0.00607572,0.044058;-1.32622,-0.407598,-1.53345
-0.0101293,0.00477369,0.0451942;-1.33398,-0.421807,-1.55197
-0.00917785,0.00362075,0.0454138;-1.34464,-0.427451,-1.56794
-0.0118338,0.00282612,0.0426182;-1.39995,-0.409178,-1.58584
-0.0122424,0.0025953,0.0409283;-1.4121,-0.386508,-1.58353
-0.0119489,0.00319955,0.0402684;-1.40197,-0.382536,-1.56188
-0.0132109,0.00182594,0.0408327;-1.38776,-0.427863,-1.54713
-0.0127962,-0.000295959,0.0400144;-1.38594,-0.420704,-1.53648
-0.0132618,0.000608074,0.0376653;-1.41103,-0.426084,-1.53744
-0.0114409,-0.00350019,0.0342157;-1.49753,-0.343092,-1.58245
-0.00795321,-0.00826458,0.0332591;-1.51347,-0.289053,-1.58712
-0.00618502,-0.0119928,0.0327473;-1.50608,-0.254851,-1.57572
-0.00268821,-0.00740937,0.0377913;-1.45942,-0.258554,-1.60238
0.000132081,-0.00243412,0.0392469;-1.47337,-0.264561,-1.63062
0.00077211,0.0027751,0.0389774;-1.50081,-0.280445,-1.64975
0.00380666,0.00186706,0.0381093;-1.52932,-0.255551,-1.66602
0.00423883,0.00101929,0.0372551;-1.54623,-0.246445,-1.67438
0.00524571,-0.00157456,0.0371563;-1.53951,-0.226362,-1.66884
0.00674631,-0.00144175,0.0381526;-1.48681,-0.239225,-1.63233
0.00459571,-0.000177288,0.0401094;-1.44396,-0.264502,-1.61374
0.00239033,0.00383947,0.0403718;-1.41795,-0.302768,-1.58762
0.000623328,0.00529224,0.042615;-1.4288,-0.334566,-1.56167
-0.00200214,-0.00125902,0.0419179;-1.42512,-0.333728,-1.57975
-0.00400885,-0.0086423,0.0405371;-1.45509,-0.301335,-1.6194
-0.00554442,-0.0112734,0.0426986;-1.40722,-0.282021,-1.60655
-0.00799747,-0.012117,0.0440569;-1.39284,-0.312437,-1.60662
-0.0108641,-0.0106281,0.0432456;-1.39262,-0.343654,-1.59224
-0.0182996,0.0101086,0.0417714;-1.41227,-0.408469,-1.50559
-0.0186097,0.019033,0.0463744;-1.54396,-0.357458,-1.49125
-0.0191951,0.020053,0.0480546;-1.5602,-0.299044,-1.50495
-0.0248041,0.00580343,0.0507492;-1.40031,-0.184005,-1.54272
-0.0234175,-0.00887926,0.0494666;-1.23103,-0.231879,-1.56285
-0.02295,-0.00772297,0.0506562;-1.23122,-0.269124,-1.56446
-0.0207825,-0.00567278,0.0532548;-1.21253,-0.316624,-1.56428
-0.0205481,-0.011891,0.0496774;-1.27359,-0.319155,-1.56377
-0.0194634,-0.0147971,0.0481239;-1.29799,-0.302206,-1.57037
-0.0187825,-0.01518,0.0465927;-1.32178,-0.301549,-1.57308
-0.024002,-0.0160099,0.0478993;-1.35495,-0.300079,-1.55221
-0.0261705,-0.0129932,0.0490047;-1.40635,-0.290902,-1.53264
-0.0264693,-0.00457764,0.0494841;-1.42657,-0.32994,-1.50503
-0.0225302,0.0144859,0.0379224;-1.54382,-0.371963,-1.45094
-0.0235278,0.0125363,0.0368516;-1.51058,-0.341004,-1.46115
-0.0233026,0.0110374,0.0368278;-1.50965,-0.323485,-1.46217
-0.0224526,0.0219503,0.0376153;-1.53645,-0.186443,-1.46993
-0.0214862,0.0227999,0.0375631;-1.48072,-0.220138,-1.46697
-0.0221846,0.0235585,0.036398;-1.47838,-0.246743,-1.48053
-0.0239132,0.0142907,0.0413653;-1.32606,-0.256116,-1.5084
-0.0215625,0.0138642,0.0372818;-1.40688,-0.239918,-1.51514
-0.0201254,0.0161417,0.0349383;-1.48286,-0.241273,-1.50143
-0.0187619,0.00919345,0.0318495;-1.51896,-0.293903,-1.53847
-0.019101,0.00978043,0.0311964;-1.53647,-0.308413,-1.54166
-0.0183011,0.0116513,0.0312204;-1.523,-0.319141,-1.54406
-0.0234037,0.0196792,0.039457;-1.38978,-0.364248,-1.53435
-0.021313,0.0190878,0.0444196;-1.3494,-0.31334,-1.56717
-0.0210737,0.0166834,0.0450317;-1.34403,-0.276944,-1.57641
-0.0153853,0.0142324,0.0472101;-1.32576,-0.193028,-1.60902
-0.0134201,0.0126048,0.0483446;-1.30207,-0.185275,-1.61484
-0.0140081,0.0113836,0.0504542;-1.26473,-0.207162,-1.60688
-0.0163866,0.0150595,0.0502028;-1.29339,-0.254144,-1.61528
-0.0193311,0.0176791,0.0491831;-1.31881,-0.278218,-1.61795
-0.0198232,0.0185745,0.0449652;-1.3632,-0.259824,-1.60391
-0.0157662,0.0152982,0.0402805;-1.42492,-0.19351,-1.61182
-0.0156858,0.0157279,0.039016;-1.45191,-0.190126,-1.61725
-0.0160448,0.015769,0.0404865;-1.40689,-0.191428,-1.60015
-0.0205042,0.0179743,0.0440276;-1.3249,-0.246599,-1.56905
-0.0229649,0.0184266,0.0420761;-1.34596,-0.270893,-1.55345
-0.0236084,0.0200412,0.0396612;-1.38533,-0.276968,-1.54889
-0.020777,0.0188425,0.0390982;-1.45248,-0.168055,-1.58846
-0.0232723,0.0153084,0.0385443;-1.4457,-0.193253,-1.59792
-0.0243277,0.0116347,0.0361753;-1.49993,-0.217259,-1.6123
-0.0269485,0.0105262,0.0375757;-1.4636,-0.230308,-1.60598
-0.0274047,0.0107594,0.0380268;-1.46167,-0.241162,-1.60859
-0.0282831,0.0132436,0.0358477;-1.47528,-0.273026,-1.58342
-0.0295629,0.0144348,0.0370131;-1.46152,-0.291569,-1.5918
-0.0287735,0.0140009,0.0383125;-1.45417,-0.280289,-1.6103
-0.0263231,0.0112182,0.0387053;-1.45064,-0.234723,-1.61789
-0.0267637,0.0120441,0.0350695;-1.49011,-0.255363,-1.59326
-0.0260967,0.0138058,0.0343813;-1.50027,-0.262212,-1.58521
-0.0257053,0.0144069,0.037139;-1.46362,-0.244554,-1.59649
-0.0243157,0.01252,0.0366262;-1.48874,-0.250458,-1.61461
-0.0232256,0.0132309,0.0343212;-1.54473,-0.239057,-1.63553
-0.0228364,0.0164115,0.0318787;-1.55486,-0.23939,-1.60796
-0.0247258,0.0189382,0.0313373;-1.53237,-0.228647,-1.55944
-0.0268268,0.0178575,0.0322676;-1.52532,-0.244265,-1.54784
-0.0293564,0.0184746,0.0353449;-1.51999,-0.200435,-1.52013
-0.0254758,0.0243557,0.0379558;-1.66291,-0.146682,-1.53054
-0.0220426,0.0207203,0.0434172;-1.74287,-0.159666,-1.55145
-0.0170429,0.00862962,0.0394677;-1.62199,-0.17546,-1.63363
-0.00936641,-0.00634959,0.0377263;-1.54754,-0.111497,-1.68284
-0.00754802,-0.00515292,0.0359039;-1.56938,-0.1283,-1.67394
-0.00661796,-0.00442962,0.0362365;-1.56011,-0.133336,-1.67407
-0.00428403,-0.00433071,0.039092;-1.48607,-0.11418,-1.65224
-0.0066565,-0.00701975,0.0416569;-1.43115,-0.0835743,-1.64849
-0.00814147,-0.0096167,0.0426734;-1.42441,-0.0848561,-1.65423
-0.0110754,-0.0111372,0.0426581;-1.42482,-0.0973743,-1.65044
-0.011304,-0.0133915,0.0423084;-1.44928,-0.0898839,-1.66598
-0.00988733,-0.0128934,0.040434;-1.48568,-0.0829055,-1.67107
-0.00515665,-0.0149377,0.0417727;-1.4462,-0.0421647,-1.66411
-0.00642976,-0.0162827,0.0430908;-1.42074,-0.0443077,-1.66294
-0.0066962,-0.0170719,0.042297;-1.42368,-0.0304248,-1.65767
-0.00672571,-0.015513,0.0411919;-1.41241,0.0047883,-1.64094
-0.00360641,-0.0171733,0.0409162;-1.40617,0.0575722,-1.63794
-0.00500276,-0.0153558,0.0422849;-1.39977,0.0570912,-1.64151
0.00197232,-0.0125262,0.0453579;-1.4201,0.0347816,-1.62443
0.000838163,-0.0180981,0.0423893;-1.3618,0.0738523,-1.62652
-0.00210436,-0.018721,0.0414543;-1.33962,0.131053,-1.61008
0.00260784,-0.0174933,0.0469977;-1.39595,0.136548,-1.60872
-0.00158863,-0.0175807,0.0450017;-1.39197,0.1704,-1.60776
-0.00463178,-0.0150705,0.0472114;-1.44276,0.151302,-1.59016
-0.0051256,-0.0174292,0.0512164;-1.48525,0.144832,-1.56569
-0.00591787,-0.023787,0.0484248;-1.45341,0.107061,-1.57409
-0.00910182,-0.0248964,0.0433779;-1.36782,0.0865944,-1.61194
-0.00752537,-0.0371973,0.0413586;-1.35012,0.126867,-1.60955
-0.00994853,-0.0308205,0.0422242;-1.34884,0.139013,-1.61627
-0.0119573,-0.0294177,0.0445885;-1.38678,0.129837,-1.61399
-0.0119573,-0.0294177,0.0445885;-1.38678,0.129837,-1.61399
-0.0102427,-0.030783,0.0465862;-1.40091,0.125399,-1.6011
-0.0102427,-0.030783,0.0465862;-1.40091,0.125399,-1.6011
