0,0,0.11;-1.57,-2.98023e-08,-1.57
0,0,0.11;-1.57,-2.98023e-08,-1.57
0,0,0.11;-1.57,-2.98023e-08,-1.57
-0.000194054,0.00097908,0.0286035;-1.56951,-0.158255,-1.57045
-0.000204641,0.000663587,0.0285797;-1.57073,-0.154662,-1.57078
-0.000324486,0.000116758,0.0286541;-1.57146,-0.149647,-1.57404
-0.000182791,-0.0238461,0.0367603;-1.46768,-0.024846,-1.60523
0.00115328,-0.0291615,0.029088;-1.56598,0.0240885,-1.59056
0.000585326,-0.0281099,0.0285951;-1.57024,-0.00249473,-1.57083
0.00014029,-0.028218,0.0285976;-1.56985,-0.0254889,-1.57049
0.00016968,-0.0274972,0.028971;-1.56114,-0.0278947,-1.57961
0.000616603,-0.0272199,0.0301639;-1.55485,-0.0201054,-1.59377
0.00215337,-0.0286049,0.0348267;-1.52233,0.000627786,-1.62789
0.00608992,-0.0381601,0.0386806;-1.44093,0.0761762,-1.63002
0.00688809,-0.0365403,0.0379821;-1.46655,0.0548832,-1.64008
0.00721032,-0.034903,0.0365611;-1.51006,0.0490645,-1.65444
0.000444442,-0.0221077,0.0341229;-1.53044,-0.0813545,-1.62772
0.00153392,-0.018456,0.0307302;-1.53462,-0.111153,-1.59003
0.00194548,-0.0197684,0.0365453;-1.48508,-0.110148,-1.62098
-0.00128757,-0.018277,0.0416588;-1.4419,-0.167484,-1.63845
-0.00130123,-0.0161054,0.0391051;-1.49009,-0.154517,-1.65043
-0.0012798,-0.0127158,0.0341798;-1.57046,-0.155898,-1.65049
-0.00299778,-0.00598222,0.0310646;-1.56886,-0.225973,-1.61059
-0.0032496,-0.00449565,0.0309685;-1.56882,-0.24405,-1.60899
-0.00447884,-0.00304784,0.0323357;-1.55624,-0.263609,-1.61487
-0.0056656,0.000298109,0.031613;-1.56263,-0.269593,-1.60969
-0.00517804,0.00139874,0.0316343;-1.57197,-0.27751,-1.61939
-0.00555858,-0.00201751,0.0338652;-1.57627,-0.276846,-1.62754
-0.00370206,-0.00195303,0.032709;-1.58513,-0.298729,-1.62667
-0.00139009,-0.000644789,0.0330577;-1.58319,-0.314892,-1.6364
-0.00218287,0.00193372,0.032742;-1.5469,-0.364481,-1.61022
-0.00504454,0.0017969,0.0306696;-1.55641,-0.383302,-1.59123
-0.00546337,0.000663558,0.0291749;-1.56343,-0.392082,-1.57656
-0.00789599,-0.000153944,0.0314336;-1.62538,-0.394671,-1.57666
-0.00834512,0.00103038,0.0347958;-1.68006,-0.39404,-1.59215
-0.0059192,1.39318e-05,0.0338682;-1.66016,-0.388239,-1.60606
0.000598083,-0.00574482,0.0347783;-1.49036,-0.375795,-1.57877
-0.00103261,-0.00343803,0.0379677;-1.44878,-0.419057,-1.58412
0.000110257,-0.000364432,0.0397181;-1.43111,-0.431859,-1.59435
0.00404663,-0.00357909,0.0418082;-1.42688,-0.388121,-1.60792
0.00253124,-0.00715775,0.0441301;-1.3818,-0.40085,-1.58766
-0.00022996,-0.0080953,0.0447472;-1.32719,-0.433594,-1.53177
-0.00557772,0.0023159,0.0363641;-1.47725,-0.482026,-1.5679
-0.00727,0.00530153,0.0339148;-1.52041,-0.489214,-1.57264
-0.00900105,0.00595279,0.0331982;-1.50351,-0.494705,-1.55505
-0.0118192,0.00512794,0.0380511;-1.43098,-0.533389,-1.53926
-0.0186864,0.00953598,0.0395925;-1.38362,-0.604772,-1.5013
-0.0250208,0.0105909,0.043001;-1.27142,-0.677827,-1.411
-0.0261242,0.00593015,0.0459714;-1.16307,-0.635565,-1.32569
-0.0217318,0.00457338,0.0475781;-1.09471,-0.607046,-1.28577
-0.0182626,0.00240263,0.049154;-1.05023,-0.591259,-1.26809
-0.0199562,0.00813281,0.0455042;-1.19241,-0.594228,-1.3703
-0.0227931,0.0100663,0.043456;-1.21818,-0.582124,-1.36581
-0.026355,0.0136369,0.0380568;-1.40514,-0.627361,-1.42768
-0.0291848,0.0240721,0.0375989;-1.52958,-0.605882,-1.46726
-0.0279427,0.0254457,0.0382921;-1.53368,-0.603797,-1.46032
-0.0262951,0.022818,0.0367632;-1.48707,-0.622899,-1.4492
-0.0225047,0.026517,0.0292544;-1.57,-0.608012,-1.57846
-0.0230419,0.0254311,0.0298064;-1.55561,-0.610145,-1.56749
-0.023727,0.0232089,0.029959;-1.55388,-0.591056,-1.56399
-0.0249568,0.0225168,0.0301918;-1.56864,-0.608613,-1.54184
-0.0242112,0.0214879,0.0302321;-1.56544,-0.614602,-1.53838
-0.0234559,0.0196544,0.0295191;-1.56573,-0.636886,-1.54595
-0.0234219,0.0200151,0.0286244;-1.57171,-0.626089,-1.56972
-0.0221648,0.0179449,0.0295802;-1.59363,-0.582548,-1.59981
-0.0208391,0.0175117,0.0329349;-1.60673,-0.574873,-1.64242
-0.0156545,0.00937189,0.0340954;-1.59072,-0.500315,-1.6519
-0.0172626,0.00859914,0.0344881;-1.59101,-0.517513,-1.6518
-0.0216861,0.00871344,0.0293264;-1.57743,-0.560968,-1.58449
-0.0230107,0.00892791,0.0286367;-1.56788,-0.682708,-1.56848
-0.0228048,0.00951591,0.0286247;-1.57128,-0.699149,-1.56918
-0.0229819,0.0108713,0.0292242;-1.59972,-0.696231,-1.59846
-0.0207568,0.00706758,0.0316383;-1.55004,-0.640464,-1.59318
-0.0179267,0.00412962,0.0299227;-1.57742,-0.602337,-1.59835
-0.0142993,-0.000553441,0.0322023;-1.53592,-0.55633,-1.58512
-0.0164753,-0.00878089,0.0309307;-1.52511,-0.607896,-1.53245
-0.0171823,-0.00714198,0.0288437;-1.5782,-0.647407,-1.58219
-0.0174821,-0.00448392,0.0289774;-1.58224,-0.699323,-1.58936
-0.0189624,-0.000276424,0.0297346;-1.61261,-0.740925,-1.60401
-0.0186984,-0.00221552,0.0290094;-1.5884,-0.719833,-1.59279
-0.0182238,-0.00342562,0.0289387;-1.57212,-0.710248,-1.5877
-0.0145036,-0.011623,0.0336569;-1.44839,-0.670234,-1.48791
-0.0116582,-0.0174019,0.0352292;-1.40873,-0.647704,-1.47355
-0.0140145,-0.0139366,0.0289436;-1.58998,-0.672754,-1.58705
-0.0135221,-0.0128324,0.0339817;-1.54412,-0.690042,-1.62123
-0.0127889,-0.0130467,0.0336725;-1.55956,-0.674176,-1.63482
-0.0117388,-0.013731,0.0349853;-1.54487,-0.662635,-1.63401
-0.00352561,-0.0210663,0.0388326;-1.44582,-0.574314,-1.57613
0.0010671,-0.0256976,0.0395495;-1.43485,-0.519409,-1.57759
0.00252438,-0.0276391,0.0388569;-1.41996,-0.506356,-1.55422
0.00154689,-0.0236725,0.0387284;-1.51511,-0.529489,-1.65552
0.000543506,-0.0223394,0.0392201;-1.47591,-0.555784,-1.62241
0.00041316,-0.0219007,0.0398008;-1.4466,-0.565204,-1.59374
0.00361827,-0.0208528,0.0420242;-1.37495,-0.568988,-1.54475
0.00230997,-0.0230845,0.0444393;-1.35182,-0.562486,-1.54652
0.000314878,-0.0236239,0.0423464;-1.35977,-0.558362,-1.52929
-0.00724962,-0.0183228,0.0326946;-1.56688,-0.589322,-1.62844
-0.0075902,-0.0196086,0.0298973;-1.57201,-0.577443,-1.59619
-0.00640035,-0.0215388,0.0292621;-1.5665,-0.55047,-1.58602
-0.00674914,-0.0222915,0.0300028;-1.52782,-0.572265,-1.54424
-0.00351082,-0.0278441,0.0396995;-1.3026,-0.562415,-1.42377
-0.000713467,-0.0284514,0.0409829;-1.28293,-0.538801,-1.42706
0.00256562,-0.0275662,0.039388;-1.37982,-0.518185,-1.51838
-0.00222927,-0.0239524,0.0336599;-1.52578,-0.58743,-1.60212
-0.00216146,-0.0245273,0.0346804;-1.49738,-0.577024,-1.58475
-0.00339889,-0.024504,0.0352617;-1.48986,-0.580845,-1.58517
0.00321073,-0.0259844,0.0389087;-1.37451,-0.52524,-1.50163
0.00319795,-0.026656,0.0398765;-1.34664,-0.526104,-1.48225
0.000577795,-0.0226009,0.0352194;-1.50711,-0.52938,-1.60504
0.00314258,-0.0185958,0.0375008;-1.53157,-0.527785,-1.66135
0.0027853,-0.0182583,0.0394384;-1.52978,-0.535139,-1.67554
0.00228013,-0.0195231,0.03991;-1.51715,-0.527534,-1.66573
-0.00104275,-0.0240328,0.0381318;-1.44181,-0.53657,-1.56148
0.000164146,-0.027744,0.0390844;-1.40307,-0.525225,-1.52979
0.00180341,-0.0274216,0.0353216;-1.5134,-0.513532,-1.60844
0.00513881,-0.0191923,0.0370309;-1.55551,-0.564411,-1.67271
0.00844502,-0.0179169,0.038009;-1.56209,-0.548323,-1.69597
0.0079609,-0.0175771,0.038502;-1.57191,-0.565011,-1.7006
-0.00102381,-0.0156778,0.0461811;-1.53865,-0.517204,-1.61374
-0.00426938,-0.0241161,0.0428947;-1.38456,-0.484412,-1.50828
-0.00420754,-0.0307066,0.0421433;-1.30248,-0.471925,-1.47299
-0.00519088,-0.0343948,0.0446603;-1.33439,-0.541323,-1.529
-0.00416015,-0.0355125,0.0447175;-1.36319,-0.552419,-1.54108
-0.0094608,-0.0324462,0.0503173;-1.45361,-0.532557,-1.56144
-0.0236467,-0.0298927,0.0592933;-1.52156,-0.489942,-1.54754
-0.0273623,-0.0427965,0.051237;-1.33601,-0.525784,-1.45832
-0.0299094,-0.0508328,0.0434671;-1.23353,-0.504819,-1.40364
-0.0216808,-0.0478849,0.0416164;-1.37199,-0.481179,-1.4413
-0.0165464,-0.0500081,0.0400604;-1.37279,-0.512264,-1.45755
-0.0188541,-0.0506875,0.0372098;-1.44775,-0.552328,-1.47252
-0.0190038,-0.0498164,0.0371049;-1.39316,-0.546583,-1.45867
-0.0176324,-0.0497239,0.0376916;-1.35225,-0.541768,-1.45131
-0.0211449,-0.0485665,0.0363441;-1.37737,-0.604332,-1.4536
-0.0238888,-0.0404067,0.0380298;-1.3864,-0.622643,-1.4927
-0.0289384,-0.0370649,0.0391476;-1.42619,-0.672134,-1.54738
-0.0346672,-0.0358833,0.0399261;-1.43963,-0.730707,-1.56794
-0.0388018,-0.0310556,0.0378673;-1.45654,-0.790601,-1.57032
-0.0404628,-0.0285804,0.038328;-1.47353,-0.803227,-1.58901
-0.0364131,-0.0291784,0.0393537;-1.47884,-0.766789,-1.60767
-0.0390731,-0.0249617,0.0408002;-1.46079,-0.790428,-1.60798
-0.0404904,-0.0264666,0.0417287;-1.44003,-0.801419,-1.59445
-0.0409452,-0.0265111,0.0410781;-1.43329,-0.810254,-1.5805
-0.0414841,-0.0238255,0.0394215;-1.41967,-0.821784,-1.54317
-0.0409802,-0.0235358,0.0388574;-1.4598,-0.811469,-1.58322
-0.0379189,-0.0238573,0.039823;-1.48941,-0.784382,-1.6279
-0.0305361,-0.0259173,0.0415258;-1.45927,-0.726403,-1.61986
-0.0274394,-0.0262118,0.0421578;-1.45332,-0.708272,-1.62139
-0.0283173,-0.0275718,0.0432316;-1.44848,-0.723989,-1.62644
-0.0357366,-0.0254571,0.0397451;-1.51328,-0.772307,-1.64257
-0.0384242,-0.0250807,0.0386785;-1.5644,-0.783907,-1.66574
-0.0429008,-0.0223607,0.0371345;-1.58327,-0.816493,-1.66361
-0.0463221,-0.0158873,0.038812;-1.49772,-0.822187,-1.61767
-0.0428815,-0.0153919,0.0407197;-1.47497,-0.790468,-1.62359
-0.041911,-0.0186758,0.0434422;-1.40959,-0.781728,-1.58209
-0.0464022,-0.0199194,0.0398913;-1.47621,-0.817423,-1.6153
-0.0497537,-0.0187309,0.0392954;-1.42392,-0.848246,-1.5409
-0.0475003,-0.0202297,0.0446008;-1.28568,-0.824577,-1.44231
-0.0374516,-0.0240862,0.0452756;-1.33696,-0.735417,-1.52356
-0.0366672,-0.0217482,0.0440507;-1.37491,-0.749581,-1.56084
-0.0375704,-0.0214928,0.0411236;-1.44798,-0.764693,-1.5991
-0.044528,-0.0179353,0.0380258;-1.55054,-0.787117,-1.65218
-0.0489116,-0.0133817,0.0377414;-1.61951,-0.835432,-1.69764
-0.052441,-0.00889777,0.0364682;-1.67352,-0.901999,-1.71997
-0.0518682,-0.000605074,0.0359457;-1.68062,-0.96449,-1.72433
-0.0512442,0.00228552,0.0334372;-1.66118,-0.987326,-1.68561
-0.0500042,0.00130343,0.0337251;-1.60275,-0.982989,-1.65847
-0.051551,0.000719868,0.0322184;-1.62169,-0.978024,-1.65052
-0.0510437,0.00167216,0.0330522;-1.58375,-0.977939,-1.63404
-0.0481232,-0.000541636,0.0395068;-1.44294,-0.955854,-1.54594
-0.0514383,-0.0109714,0.0481668;-1.19762,-1.00425,-1.332
-0.0533431,-0.016305,0.0527651;-1.01002,-0.931026,-1.20742
-0.0481461,-0.0196556,0.0576785;-0.884294,-0.89497,-1.13012
-0.0397795,-0.0194523,0.0555045;-0.943701,-0.860705,-1.17905
-0.0406411,-0.0140754,0.0505805;-1.09643,-0.910369,-1.29246
-0.0411984,-0.010312,0.0488932;-1.19218,-0.93867,-1.37983
-0.0468083,-0.0189623,0.0493437;-1.19488,-0.947255,-1.38575
-0.0505351,-0.021428,0.0514221;-1.10506,-0.908349,-1.3055
-0.0532315,-0.024347,0.0554238;-0.952641,-0.912383,-1.17808
-0.053064,-0.0292839,0.0604883;-0.76615,-0.868428,-1.02832
-0.0482937,-0.0300488,0.0607041;-0.793849,-0.839427,-1.06931
-0.0434395,-0.0274768,0.057766;-0.869473,-0.799959,-1.12835
-0.0434395,-0.0274768,0.057766;-0.869473,-0.799959,-1.12835
-0.0435376,-0.0286122,0.058935;-0.868318,-0.809765,-1.13969
-0.0435376,-0.0286122,0.058935;-0.868318,-0.809765,-1.13969
