0,0,0.11;-1.57,-2.98023e-08,-1.57
0,0,0.11;-1.57,-2.98023e-08,-1.57
0,0,0.11;-1.57,-2.98023e-08,-1.57
-0.000480344,-0.00345255,0.0286079;-1.57096,-0.18555,-1.56959
-0.000603767,-0.00460275,0.0287655;-1.57058,-0.20522,-1.56181
-0.00262455,-0.00817218,0.0296023;-1.55597,-0.22958,-1.54992
0.00562571,0.00176324,0.0322272;-1.53627,-0.0815209,-1.53579
0.0100757,0.0106081,0.0286553;-1.57085,-0.026044,-1.57432
0.00987927,0.0121194,0.02858;-1.57076,-0.0718238,-1.57071
0.00937085,0.0121533,0.0286377;-1.56801,-0.099283,-1.57053
0.0092441,0.0108285,0.0287821;-1.5706,-0.130548,-1.56125
0.00891025,0.00633403,0.030771;-1.57064,-0.177129,-1.534
0.00727071,0.000814252,0.0333984;-1.56467,-0.203826,-1.50222
0.00891468,-0.0119127,0.0306389;-1.54196,-0.328089,-1.54383
0.0073983,-0.0158955,0.0287445;-1.56192,-0.413789,-1.56727
0.00662796,-0.0134271,0.0287341;-1.57678,-0.531028,-1.57617
0.00681704,-0.0123674,0.0285801;-1.57074,-0.563237,-1.57079
0.00672993,-0.0110377,0.0289326;-1.56596,-0.522361,-1.55695
0.00568831,-0.00661626,0.0321334;-1.55684,-0.464297,-1.51287
0.00514999,0.00172619,0.033394;-1.5527,-0.414486,-1.50235
0.0100112,0.00609272,0.0291692;-1.57695,-0.452623,-1.57349
0.0112582,0.0119149,0.0297058;-1.57557,-0.511796,-1.60182
0.0112289,0.0183776,0.0300784;-1.60374,-0.545498,-1.60315
0.0116005,0.0156855,0.0294579;-1.6054,-0.519022,-1.59317
0.010565,0.0146434,0.0302617;-1.61247,-0.499646,-1.58551
0.00892727,0.0157353,0.0359778;-1.68419,-0.512111,-1.59229
0.0104131,0.0168625,0.0354416;-1.7056,-0.548857,-1.62812
0.0132327,0.0200829,0.0338653;-1.61398,-0.667634,-1.65782
0.0135419,0.0186458,0.035099;-1.61721,-0.674332,-1.67045
0.0130294,0.0140549,0.034289;-1.63177,-0.645133,-1.65816
0.0119671,0.00442141,0.0308628;-1.61463,-0.616551,-1.58592
0.00948825,0.000441569,0.033516;-1.5951,-0.646083,-1.53333
0.0091863,0.0019782,0.0324658;-1.56035,-0.679493,-1.52048
0.0101579,0.00355967,0.0290356;-1.57945,-0.684625,-1.59142
0.00968313,0.00848843,0.029908;-1.60071,-0.709211,-1.60464
0.0105529,0.00702347,0.0305519;-1.59037,-0.691495,-1.61173
0.00891466,0.0036418,0.029281;-1.56025,-0.591785,-1.56267
0.00568168,0.00626826,0.0317675;-1.5607,-0.537143,-1.52023
0.00325582,0.00852909,0.033579;-1.56041,-0.538885,-1.49745
0.00751198,0.00649452,0.0289685;-1.55008,-0.621627,-1.56073
0.00701576,0.00669538,0.0288671;-1.56452,-0.639751,-1.5765
0.00702376,0.00680492,0.0288613;-1.56846,-0.643268,-1.58185
0.00876324,0.00147615,0.0306956;-1.55233,-0.59679,-1.59295
0.0091133,-0.00452808,0.034082;-1.45828,-0.567644,-1.52729
0.00941277,-0.00624306,0.0363755;-1.39853,-0.541714,-1.48315
0.00973647,-0.00356075,0.0333358;-1.44997,-0.552403,-1.50765
0.0119071,-0.000851695,0.0305762;-1.51536,-0.517573,-1.55117
0.0117454,0.00132637,0.0292708;-1.54725,-0.516544,-1.57225
0.0121578,0.00151349,0.0311818;-1.51374,-0.488573,-1.55755
0.0125238,-0.00328999,0.0354332;-1.42546,-0.476138,-1.51393
0.0120515,-0.00681878,0.0384765;-1.36207,-0.467447,-1.47229
0.00791617,-0.00930407,0.0360422;-1.39324,-0.560212,-1.47664
0.00901487,-0.00936689,0.034988;-1.42917,-0.55885,-1.50721
0.00747298,-0.00856691,0.0309671;-1.51063,-0.584514,-1.55003
0.00596185,-0.010396,0.0309213;-1.5176,-0.610815,-1.55137
0.00524488,-0.00990692,0.0332049;-1.47592,-0.609276,-1.53428
0.00687321,-0.0109982,0.0375583;-1.39255,-0.555957,-1.49877
0.00804732,-0.00633737,0.0412609;-1.32362,-0.543494,-1.48641
0.00724207,-0.00332499,0.0410319;-1.33447,-0.556319,-1.4906
0.00331404,0.00146471,0.0376531;-1.40504,-0.588582,-1.51742
0.00281532,0.00299706,0.0309999;-1.52072,-0.563771,-1.56571
0.0023019,0.00215572,0.0316128;-1.5074,-0.574053,-1.55249
0.00179406,5.06045e-05,0.0333741;-1.4884,-0.566654,-1.53205
0.0145106,-0.00527349,0.0399419;-1.34978,-0.652462,-1.45395
0.0223962,-0.00938651,0.0409583;-1.30499,-0.729223,-1.43674
0.0206606,-0.00824273,0.0411501;-1.31257,-0.783381,-1.44773
0.0168249,-0.004889,0.03527;-1.46868,-0.836844,-1.54962
0.0187084,-0.00561975,0.0317465;-1.51241,-0.815289,-1.56006
0.01959,-0.0062918,0.0313525;-1.51279,-0.798667,-1.55045
0.02319,-0.00360098,0.0380578;-1.36017,-0.675496,-1.44799
0.0230166,0.000487795,0.0373906;-1.3807,-0.65898,-1.4801
0.0201719,0.00556321,0.0349672;-1.46412,-0.655835,-1.54918
0.0124783,0.0151082,0.0337252;-1.54141,-0.681512,-1.61759
0.0125663,0.0144394,0.0315379;-1.54146,-0.689013,-1.59121
0.0122368,0.0134034,0.0298181;-1.54822,-0.70429,-1.57045
0.01361,0.00388817,0.0358855;-1.46971,-0.667588,-1.49069
0.0213404,-0.000226567,0.0385548;-1.35249,-0.689947,-1.44769
0.020008,0.00278283,0.0400891;-1.33086,-0.710938,-1.45809
0.0140199,0.0146994,0.0393206;-1.45757,-0.768586,-1.59238
0.0105518,0.0172442,0.0364077;-1.53036,-0.781892,-1.64051
0.0117048,0.0154212,0.0350666;-1.54486,-0.738991,-1.64745
0.0109941,0.00636203,0.0362182;-1.45855,-0.525446,-1.54803
0.00966444,0.00870488,0.0364527;-1.43981,-0.550165,-1.54346
0.00673699,0.0123812,0.0370607;-1.41612,-0.598865,-1.5252
0.00787448,0.0182495,0.0394477;-1.46987,-0.677405,-1.60911
0.0115777,0.0184387,0.0382218;-1.52804,-0.678596,-1.66085
0.014762,0.0140253,0.0388183;-1.53081,-0.666974,-1.66934
0.0185613,-0.0081267,0.0361628;-1.52437,-0.676176,-1.62358
0.0214018,-0.00972586,0.0395911;-1.40161,-0.678909,-1.53069
0.0202223,-0.00698458,0.0397724;-1.40214,-0.696629,-1.54322
0.0101631,0.00841214,0.0376077;-1.54218,-0.752109,-1.66104
0.0145502,0.00797247,0.036979;-1.54745,-0.808121,-1.6631
0.0208018,0.00370444,0.0381592;-1.53225,-0.780781,-1.67033
0.0270539,-0.0159504,0.0360938;-1.52217,-0.810584,-1.63321
0.0291328,-0.015508,0.0388369;-1.40486,-0.771798,-1.52455
0.028238,-0.0138341,0.0391789;-1.36672,-0.748385,-1.47843
0.0214712,-0.00687881,0.0368823;-1.37673,-0.763426,-1.46381
0.0211832,-0.00940221,0.0347229;-1.42701,-0.774828,-1.49423
0.0201936,-0.00878513,0.0319796;-1.51467,-0.779864,-1.56766
0.020704,-0.0087751,0.0313681;-1.55548,-0.76701,-1.60706
0.0224533,-0.0112662,0.0318089;-1.50426,-0.743851,-1.51713
0.0243919,-0.011906,0.0323306;-1.47224,-0.786573,-1.50577
0.0242885,-0.013093,0.032061;-1.48617,-0.822659,-1.53161
0.0227729,-0.0126294,0.0309152;-1.51567,-0.842899,-1.55202
0.0248104,-0.01319,0.0305901;-1.54293,-0.805923,-1.58073
0.0251613,-0.0127179,0.0308317;-1.53438,-0.790349,-1.57735
0.0240804,-0.0166561,0.0362229;-1.43161,-0.634326,-1.51219
0.0182759,-0.0153178,0.0388516;-1.37324,-0.620083,-1.50046
0.0151627,-0.0107372,0.0406222;-1.35222,-0.652022,-1.5048
0.00519063,-0.00676629,0.0425978;-1.31453,-0.733303,-1.4558
0.00257609,-0.0111317,0.0387362;-1.36424,-0.754196,-1.47483
0.00326131,-0.0138728,0.0360415;-1.45203,-0.734839,-1.54844
0.00774061,-0.0186755,0.0355006;-1.56237,-0.663418,-1.656
0.00474291,-0.0167399,0.0349318;-1.51314,-0.718992,-1.59819
0.00294513,-0.0139711,0.0329594;-1.50488,-0.786262,-1.56914
0.00241032,-0.0127459,0.0308291;-1.54841,-0.805573,-1.58784
0.00526873,-0.0142727,0.0313179;-1.53793,-0.754616,-1.58492
0.00575248,-0.0142074,0.0318019;-1.52836,-0.751487,-1.58054
0.00683593,-0.0142627,0.0307557;-1.54077,-0.744011,-1.56945
0.00678387,-0.0145866,0.0303391;-1.54931,-0.779858,-1.5745
0.00713,-0.0139433,0.0329857;-1.48007,-0.823212,-1.53583
0.00582979,-0.011466,0.0371467;-1.46201,-0.883774,-1.56614
0.00397262,-0.0099002,0.0374744;-1.46051,-0.886318,-1.57047
0.00429824,-0.00969468,0.0371378;-1.47519,-0.881348,-1.58138
0.00517189,-0.0123519,0.0364519;-1.45393,-0.802292,-1.5535
0.00363842,-0.0152638,0.037787;-1.44222,-0.74467,-1.52273
0.00421556,-0.010193,0.039712;-1.43583,-0.760085,-1.49774
0.00657038,-0.00199725,0.0398441;-1.37456,-0.846828,-1.49429
0.00801495,0.000531489,0.0426394;-1.34322,-0.876552,-1.48589
0.00871695,-0.000193641,0.0428362;-1.33769,-0.878625,-1.48243
0.0120115,-0.00423027,0.0356938;-1.40604,-0.866687,-1.47699
0.0115245,-0.00570555,0.0311845;-1.49945,-0.845411,-1.51061
0.00996444,-0.0052112,0.0325009;-1.51666,-0.828844,-1.50019
0.00989215,-0.00202047,0.0319454;-1.45626,-0.861974,-1.491
0.00730923,0.00142297,0.0310465;-1.48461,-0.878604,-1.50919
0.00647067,0.00274453,0.0341335;-1.44739,-0.871772,-1.5056
0.0100416,-0.000220759,0.0387801;-1.35494,-0.794685,-1.4599
0.00934603,0.000682322,0.0363595;-1.37989,-0.730937,-1.44007
0.00605626,0.00159808,0.034653;-1.47446,-0.72103,-1.46522
0.00922369,-0.00318547,0.0351589;-1.36584,-0.84855,-1.40142
0.00879491,-0.00504417,0.0369231;-1.31769,-0.855488,-1.37476
0.00943929,-0.00481879,0.0385235;-1.30672,-0.834225,-1.38274
0.0136403,-0.0030095,0.038605;-1.33601,-0.770341,-1.42703
0.0118001,0.00365738,0.0302186;-1.52499,-0.747576,-1.53453
0.00728557,0.00819744,0.0303347;-1.57363,-0.663658,-1.56595
0.00264951,0.0161897,0.0296357;-1.54638,-0.68235,-1.54366
0.000258734,0.0185748,0.0302975;-1.51893,-0.657613,-1.53559
-0.000822298,0.0203533,0.0302942;-1.5166,-0.648514,-1.54017
-0.00055229,0.0201067,0.0308822;-1.56874,-0.653844,-1.60924
0.000203697,0.0190038,0.0323478;-1.58681,-0.643111,-1.63092
0.00173288,0.0169637,0.0351434;-1.65231,-0.622595,-1.66588
0.00452087,0.0187063,0.0337734;-1.69696,-0.675945,-1.6601
0.0072145,0.0179388,0.0308185;-1.62835,-0.719408,-1.62038
0.0104094,0.0160516,0.0304067;-1.61228,-0.757025,-1.60517
0.0104581,0.0113535,0.0331464;-1.60893,-0.672299,-1.64611
0.00949328,0.0123151,0.0347545;-1.67224,-0.635167,-1.66571
0.00897989,0.0111469,0.0378816;-1.69647,-0.589299,-1.70409
0.0100069,0.0109274,0.0389967;-1.73237,-0.607979,-1.71583
0.0123525,0.0124204,0.0374292;-1.70633,-0.660818,-1.70239
0.0137026,0.0132583,0.0356955;-1.65889,-0.686232,-1.67952
0.0145323,0.00585419,0.0389814;-1.60878,-0.597626,-1.71314
0.0144003,0.00837333,0.0390312;-1.61265,-0.601313,-1.70709
0.0127607,0.0104647,0.0393942;-1.66901,-0.577672,-1.71735
0.0109536,0.0107386,0.0414956;-1.75934,-0.537371,-1.73624
0.0104721,0.0146065,0.041597;-1.73892,-0.557165,-1.74036
0.00813922,0.0161309,0.0401735;-1.68135,-0.560937,-1.72396
0.00646433,0.0139601,0.0395858;-1.59861,-0.531332,-1.71838
0.00782545,0.0141608,0.0395897;-1.59683,-0.535231,-1.72171
0.0106277,0.0141763,0.040645;-1.60511,-0.568389,-1.72026
0.0216817,0.000179027,0.0435743;-1.72491,-0.702328,-1.74982
0.0273368,-0.00617869,0.0459615;-1.61971,-0.763777,-1.67001
0.0318836,-0.0117067,0.0411769;-1.4755,-0.805617,-1.59913
0.0296912,-0.00736944,0.0407723;-1.45332,-0.77507,-1.59647
0.0304463,-0.00770518,0.0401093;-1.49102,-0.745374,-1.63176
0.0297375,-0.00669193,0.0392384;-1.47209,-0.735676,-1.60606
0.0305737,-0.0142424,0.0398225;-1.41555,-0.777994,-1.5484
0.0324155,-0.0166805,0.0410291;-1.41342,-0.798445,-1.55611
0.0320234,-0.0146406,0.0397208;-1.45525,-0.816079,-1.58682
0.0342931,-0.0137379,0.0407556;-1.56787,-0.906664,-1.71598
0.0373559,-0.0200359,0.0416787;-1.55549,-0.926129,-1.71179
0.0355537,-0.0206968,0.0415082;-1.51554,-0.872058,-1.68404
0.0355537,-0.0206968,0.0415082;-1.51554,-0.872058,-1.68404
0.0360592,-0.0287905,0.040215;-1.5316,-0.878185,-1.67972
0.0360592,-0.0287905,0.040215;-1.5316,-0.878185,-1.67972
