0,0,0.11;-1.57,-2.98023e-08,-1.57
0,0,0.11;-1.57,-2.98023e-08,-1.57
0,0,0.11;-1.57,-2.98023e-08,-1.57
-0.000116567,0.00749968,0.0286484;-1.56743,-0.173084,-1.57009
-1.415e-05,0.00774208,0.028597;-1.57043,-0.128264,-1.57009
-0.00132148,0.00271714,0.029759;-1.56959,-0.0683216,-1.55598
0.000313097,-0.0322413,0.0354433;-1.45636,0.00948896,-1.57338
0.00439547,-0.0291152,0.0289989;-1.57416,-0.0177252,-1.58735
0.00407297,-0.0260731,0.0287771;-1.56848,-0.060193,-1.57786
0.00352622,-0.0240962,0.0286144;-1.57084,-0.123092,-1.57252
0.0034466,-0.0240566,0.0286533;-1.57083,-0.118176,-1.56721
0.00207037,-0.0288932,0.0298409;-1.56448,-0.0475757,-1.55501
0.00136165,-0.0545913,0.0366089;-1.47977,0.0633111,-1.55281
0.000288222,-0.0653772,0.0325394;-1.49589,-0.00184894,-1.56338
-0.000330827,-0.0609327,0.028579;-1.57098,-0.0352347,-1.57103
-0.000291401,-0.0617776,0.0286773;-1.57046,0.000555187,-1.57497
-0.00183331,-0.0667797,0.0289953;-1.57241,0.0921528,-1.58874
-0.00494585,-0.0721718,0.0290084;-1.58484,0.130683,-1.5756
-0.00859871,-0.0861877,0.0337706;-1.48728,0.187136,-1.57105
-0.00997571,-0.0984161,0.0368539;-1.44674,0.196229,-1.57942
-0.00990256,-0.0962364,0.032366;-1.49675,0.121421,-1.57504
-0.0102133,-0.0912061,0.0285702;-1.5711,0.0623715,-1.57107
-0.00982509,-0.0915402,0.0285831;-1.57054,0.0964192,-1.57082
-0.00982078,-0.0916406,0.0286051;-1.57128,0.164496,-1.56895
-0.0151008,-0.103589,0.0306977;-1.59781,0.254624,-1.56532
-0.0211292,-0.123048,0.034324;-1.45858,0.274468,-1.59034
-0.0218879,-0.120574,0.0299016;-1.54212,0.204685,-1.57303
-0.0210854,-0.119024,0.0287907;-1.5605,0.163406,-1.5723
-0.0209814,-0.119446,0.0287575;-1.56213,0.181894,-1.57229
-0.0209419,-0.119341,0.0285802;-1.5706,0.202955,-1.57107
-0.0287372,-0.134171,0.0324446;-1.52722,0.344467,-1.56895
-0.0364582,-0.155185,0.03654;-1.43777,0.409811,-1.60313
-0.0398589,-0.161747,0.0337642;-1.47464,0.371924,-1.60637
-0.0375089,-0.159789,0.0288883;-1.57448,0.399224,-1.58055
-0.0384601,-0.159853,0.0287138;-1.57084,0.404335,-1.57721
-0.0384546,-0.159829,0.0286515;-1.56808,0.406042,-1.57279
-0.0406458,-0.162041,0.0297551;-1.56255,0.489662,-1.56138
-0.0526919,-0.181209,0.0362044;-1.46564,0.60242,-1.60936
-0.0613937,-0.196136,0.0361386;-1.41932,0.60112,-1.64312
-0.060024,-0.189061,0.0289252;-1.58426,0.516786,-1.56991
-0.0617403,-0.191531,0.0290261;-1.57569,0.570467,-1.57793
-0.0621984,-0.192596,0.0290912;-1.58387,0.579555,-1.57707
-0.0704775,-0.197548,0.0289404;-1.5812,0.720463,-1.57369
-0.0793113,-0.205253,0.0317781;-1.49191,0.769718,-1.61732
-0.0883954,-0.213017,0.0372247;-1.38654,0.795156,-1.67642
-0.0883592,-0.211879,0.0285652;-1.57597,0.668467,-1.56428
-0.0878938,-0.211853,0.0285741;-1.57044,0.641273,-1.5704
-0.0877858,-0.212542,0.0287498;-1.5608,0.658331,-1.57739
-0.0896564,-0.214019,0.0285828;-1.57144,0.805456,-1.56961
-0.102796,-0.218856,0.0313732;-1.60761,0.911889,-1.54118
-0.123616,-0.23223,0.0392485;-1.41609,1.00449,-1.69054
-0.131431,-0.233568,0.028619;-1.57634,0.891864,-1.56256
-0.130706,-0.233792,0.0286249;-1.57025,0.859939,-1.56916
-0.130492,-0.234226,0.028774;-1.55609,0.875422,-1.58199
-0.129865,-0.234395,0.0286733;-1.56848,0.936439,-1.5694
-0.137391,-0.237244,0.0302365;-1.53556,1.02697,-1.59041
-0.155729,-0.248665,0.0359254;-1.30786,1.08939,-1.78162
-0.161713,-0.251335,0.0295365;-1.55474,1.0323,-1.59979
-0.159834,-0.251567,0.0289857;-1.5764,1.02143,-1.58226
-0.158245,-0.251182,0.0289736;-1.5724,1.00925,-1.57922
-0.160331,-0.251678,0.0285787;-1.57068,1.06834,-1.57073
-0.161358,-0.252042,0.0292735;-1.54679,1.09116,-1.5851
-0.171404,-0.255878,0.0344487;-1.39096,1.18045,-1.71431
-0.182236,-0.261019,0.0338464;-1.35769,1.11746,-1.75904
-0.177443,-0.257299,0.0285579;-1.57462,1.05495,-1.56669
-0.175698,-0.257663,0.0285985;-1.57322,0.996078,-1.57011
-0.179347,-0.257089,0.0290033;-1.59836,1.09724,-1.5539
-0.183087,-0.256185,0.0289839;-1.61431,1.18425,-1.53376
-0.194701,-0.257004,0.0296074;-1.50359,1.25434,-1.62819
-0.219307,-0.266593,0.0371082;-1.10896,1.28594,-2.00208
-0.220648,-0.266317,0.0338579;-1.29896,1.21656,-1.82554
-0.21411,-0.261592,0.0285644;-1.57338,1.14959,-1.56806
-0.214335,-0.262551,0.0287242;-1.55453,1.16887,-1.5865
-0.214387,-0.262795,0.0285788;-1.57008,1.21623,-1.57151
-0.216228,-0.261748,0.0288333;-1.592,1.29218,-1.54822
-0.259095,-0.264279,0.0374134;-0.562419,1.39654,-2.54243
-0.266592,-0.262624,0.0356973;-0.935169,1.35183,-2.18561
-0.260037,-0.259549,0.0294273;-1.48191,1.33289,-1.65422
-0.258626,-0.260187,0.028779;-1.53325,1.31068,-1.60695
-0.258632,-0.260444,0.0285862;-1.56805,1.35075,-1.57318
-0.258762,-0.260709,0.028799;-1.52067,1.38665,-1.61858
-0.287933,-0.26071,0.0369835;-0.104396,1.46376,-3.0196
-0.296942,-0.259921,0.0377999;-0.740511,1.48262,-2.40057
-0.296417,-0.259663,0.0290965;-1.68896,1.47467,-1.46561
-0.303367,-0.257692,0.0292042;1.83132,1.53915,1.29745
-0.306712,-0.255543,0.0288211;1.57279,1.44977,1.55775
-0.30917,-0.25419,0.0286242;1.56999,1.37743,1.56921
-0.32862,-0.247171,0.0368693;1.22179,1.22874,1.92734
-0.341429,-0.243423,0.0350989;1.13523,1.28941,1.99547
-0.32953,-0.244537,0.0287458;1.52879,1.42339,1.61424
-0.325876,-0.248706,0.0289302;2.27135,1.55495,0.863828
-0.328407,-0.246207,0.0291553;1.87243,1.47911,1.26928
-0.333097,-0.240974,0.0298122;1.78004,1.40796,1.36042
-0.36171,-0.225612,0.0358162;1.26717,1.21551,1.87272
-0.366032,-0.221854,0.0343107;1.16212,1.30366,1.97237
-0.362738,-0.223595,0.0329018;1.248,1.32526,1.88744
-0.357236,-0.224322,0.0286552;1.55045,1.40392,1.59118
-0.357952,-0.224801,0.028795;1.52309,1.37364,1.61667
-0.357908,-0.224951,0.0285777;1.57038,1.34494,1.57096
-0.359341,-0.224277,0.0289535;1.54,1.27561,1.60945
-0.395005,-0.208312,0.0369376;1.2654,1.10831,1.86239
-0.397652,-0.204897,0.0337909;1.31426,1.17976,1.8149
-0.392089,-0.206454,0.028592;1.57648,1.25249,1.56772
-0.391514,-0.207042,0.0286061;1.56658,1.25329,1.57504
-0.391613,-0.207287,0.0285726;1.57182,1.20994,1.56996
-0.39163,-0.207438,0.0287485;1.57162,1.17899,1.57843
-0.417222,-0.19239,0.0367846;1.30878,0.99682,1.80877
-0.425232,-0.188495,0.0357476;1.32719,1.04798,1.77953
-0.422127,-0.193185,0.0293305;1.5748,1.08326,1.5471
-0.417535,-0.197385,0.0289444;1.58464,1.13425,1.54691
-0.4187,-0.195964,0.02874;1.5692,1.09811,1.56422
-0.421126,-0.194081,0.0286453;1.56716,1.02121,1.57143
-0.437371,-0.182972,0.0366665;1.36644,0.908972,1.75885
-0.440876,-0.177813,0.0347354;1.36281,0.985274,1.75212
-0.429747,-0.179919,0.028593;1.57682,1.09813,1.56206
-0.424167,-0.188867,0.0289454;1.60311,1.32102,1.53008
-0.424586,-0.188539,0.0288919;1.60335,1.31136,1.53275
-0.426631,-0.185428,0.0290774;1.62807,1.23032,1.51158
-0.450367,-0.170264,0.035464;1.32713,1.0798,1.80502
-0.459223,-0.166505,0.0358967;1.28009,1.09172,1.8358
-0.455644,-0.166499,0.0323209;1.38685,1.16663,1.74413
-0.451641,-0.167863,0.0287472;1.54888,1.21872,1.59195
-0.451768,-0.168042,0.02873;1.55076,1.19943,1.58946
-0.451758,-0.168552,0.0285691;1.56964,1.16898,1.57287
-0.463851,-0.160421,0.0316433;1.47465,1.02384,1.65679
-0.476907,-0.153074,0.0374837;1.2899,0.973294,1.82302
-0.479356,-0.151038,0.0355647;1.32079,1.02081,1.79366
-0.474062,-0.15373,0.0285768;1.57147,1.1022,1.57006
-0.473642,-0.154195,0.0286613;1.56278,1.10006,1.57925
-0.474159,-0.154039,0.0287018;1.55893,1.06873,1.5821
-0.47576,-0.15235,0.0293586;1.5485,0.973063,1.59807
-0.489772,-0.143359,0.0350797;1.39323,0.878897,1.72172
-0.495887,-0.139391,0.0375697;1.30908,0.887244,1.7851
-0.48289,-0.145417,0.0298116;1.56598,1.04766,1.54659
-0.474528,-0.153656,0.0307728;1.5967,1.13696,1.51649
-0.468011,-0.157891,0.0318916;1.61634,1.2079,1.48597
-0.47477,-0.152421,0.0339703;1.70303,1.11845,1.4152
-0.483106,-0.14535,0.0388353;1.62143,1.04527,1.49543
-0.494701,-0.139542,0.0452691;1.43102,1.00351,1.66243
-0.486461,-0.157738,0.0376044;1.89696,1.13587,1.23646
-0.484027,-0.161523,0.0368293;1.89166,1.1674,1.24116
-0.485886,-0.161382,0.035258;1.63916,1.20277,1.42874
-0.486661,-0.160965,0.0361005;1.86104,1.15025,1.27666
-0.484546,-0.162027,0.0392044;1.92818,1.11943,1.22067
-0.486741,-0.163782,0.0467214;1.8087,1.10031,1.32733
-0.483755,-0.171087,0.0353241;2.0028,1.23103,1.15606
-0.483453,-0.17181,0.0321437;1.82771,1.26141,1.32189
-0.48548,-0.167708,0.0291237;1.62696,1.21972,1.51096
-0.492301,-0.154071,0.0285803;1.57094,0.9195,1.57084
-0.501542,-0.143363,0.0299309;1.5795,0.858144,1.56468
-0.515901,-0.130932,0.0371195;1.36015,0.79072,1.73165
-0.517255,-0.128641,0.0310328;1.49909,0.840686,1.62491
-0.515886,-0.130404,0.0285791;1.57119,0.857446,1.57063
-0.515453,-0.130832,0.0286042;1.57055,0.868128,1.57234
-0.515724,-0.131092,0.0285994;1.57057,0.819434,1.57192
-0.516349,-0.130395,0.0288095;1.56702,0.777608,1.58167
-0.524797,-0.118738,0.0330137;1.47772,0.718397,1.63348
-0.532999,-0.112847,0.0375146;1.4024,0.809972,1.65314
-0.525632,-0.133538,0.0313271;1.64041,0.925855,1.49484
-0.523398,-0.145209,0.0318178;1.71228,1.02787,1.44368
-0.525638,-0.147445,0.0344905;1.77702,1.03909,1.37178
-0.524809,-0.147827,0.0357564;1.86084,1.02319,1.31928
-0.523013,-0.146201,0.0390528;1.92386,0.962265,1.26894
-0.534144,-0.137202,0.0475717;1.76262,0.933788,1.39817
-0.529322,-0.141346,0.0396963;1.88408,0.982412,1.3
-0.528484,-0.143141,0.0345693;1.81092,1.02208,1.36046
-0.536156,-0.121831,0.0317337;1.60241,0.833142,1.50779
-0.538127,-0.117091,0.0315949;1.58245,0.790754,1.51748
-0.533374,-0.123554,0.0346677;1.74998,0.820788,1.43422
-0.541917,-0.114261,0.0433765;1.57982,0.693667,1.57
-0.547293,-0.10872,0.036106;1.47422,0.782192,1.63409
-0.544291,-0.110306,0.0285688;1.57027,0.846058,1.57089
-0.544531,-0.110343,0.0286644;1.5708,0.810034,1.56682
-0.544194,-0.104979,0.0289871;1.58861,0.652347,1.55451
-0.54509,-0.0955746,0.0308035;1.63157,0.557172,1.53406
-0.553059,-0.0699582,0.0463339;1.621,0.39655,1.52967
-0.554733,-0.0605157,0.0447687;1.6132,0.446178,1.53014
-0.556329,-0.0589183,0.0289222;1.5713,0.480691,1.55186
-0.555976,-0.0606155,0.028575;1.57083,0.524307,1.57116
-0.55611,-0.0604498,0.0285817;1.57053,0.496059,1.57099
-0.556123,-0.060563,0.0286664;1.5708,0.450618,1.57512
-0.556123,-0.060563,0.0286664;1.5708,0.450618,1.57512
-0.557288,-0.0568496,0.0298698;1.54854,0.404522,1.58368
-0.557288,-0.0568496,0.0298698;1.54854,0.404522,1.58368
