0,0,0.11;-1.57,-2.98023e-08,-1.57
0,0,0.11;-1.57,-2.98023e-08,-1.57
0,0,0.11;-1.57,-2.98023e-08,-1.57
-9.46885e-05,0.00552928,0.0286322;-1.56814,-0.141975,-1.5702
0.000256564,0.00597285,0.0286724;-1.57085,-0.0861032,-1.56643
-0.00161225,0.00251108,0.0300639;-1.57346,-0.00731648,-1.55239
-0.00298673,-0.0309542,0.0366196;-1.41839,0.0763531,-1.57197
-0.00305373,-0.0216976,0.0287786;-1.57025,-0.0322634,-1.582
-0.00272249,-0.0221076,0.0287602;-1.57092,-0.0244384,-1.57943
-0.00257003,-0.022029,0.028903;-1.57575,-0.0338482,-1.58192
-0.00487968,-0.0263784,0.0289596;-1.57257,0.0729061,-1.58689
-0.00830968,-0.03376,0.0295574;-1.58327,0.144368,-1.57074
-0.0118119,-0.0522958,0.0351531;-1.45425,0.239033,-1.58228
-0.0131986,-0.0601669,0.0332163;-1.48058,0.196136,-1.58266
-0.0126105,-0.0546966,0.0285302;-1.57308,0.149145,-1.57051
-0.0123158,-0.0537587,0.0286586;-1.56719,0.126756,-1.57097
-0.0121886,-0.0541866,0.0285789;-1.57068,0.173961,-1.57083
-0.0141311,-0.0560352,0.029551;-1.57437,0.248475,-1.55972
-0.0217074,-0.0764201,0.0347247;-1.49573,0.353969,-1.57504
-0.0255934,-0.0929873,0.0384129;-1.38816,0.370337,-1.62318
-0.0217875,-0.0883288,0.0337019;-1.4902,0.327553,-1.61358
-0.0151299,-0.0793705,0.0291467;-1.57996,0.27931,-1.58634
-0.0162922,-0.0808152,0.0289482;-1.5763,0.32272,-1.5812
-0.0183957,-0.0824502,0.0287373;-1.57248,0.389731,-1.57588
-0.0228948,-0.0867302,0.0305173;-1.59604,0.447458,-1.5533
-0.032295,-0.104221,0.034193;-1.47916,0.505512,-1.59667
-0.0339777,-0.109735,0.033951;-1.4509,0.484697,-1.6228
-0.0305178,-0.10425,0.0288294;-1.55809,0.413562,-1.57612
-0.0306234,-0.104646,0.0288423;-1.55687,0.431208,-1.57657
-0.0302123,-0.10478,0.0285729;-1.57101,0.457336,-1.57081
-0.0405298,-0.116862,0.033303;-1.63103,0.582729,-1.53327
-0.0523561,-0.135776,0.0411345;-1.39005,0.634424,-1.66089
-0.0543945,-0.142381,0.0385859;-1.35584,0.588959,-1.6964
-0.0393454,-0.126071,0.0288549;-1.57364,0.504249,-1.5799
-0.0392843,-0.126116,0.0287921;-1.56697,0.517278,-1.57965
-0.0397094,-0.127139,0.028724;-1.56495,0.539948,-1.57573
-0.0450296,-0.131613,0.0301515;-1.58188,0.62189,-1.54921
-0.0625111,-0.152528,0.0364742;-1.42554,0.726973,-1.64189
-0.0728727,-0.166351,0.040612;-1.2749,0.73068,-1.74725
-0.0643485,-0.157507,0.0285;-1.57033,0.674138,-1.57171
-0.064072,-0.157104,0.0287744;-1.5589,0.659257,-1.57802
-0.0641159,-0.157321,0.028856;-1.55391,0.666059,-1.58134
-0.0682456,-0.159976,0.0298422;-1.61563,0.758859,-1.54556
-0.0797022,-0.168486,0.0367962;-1.76484,0.824506,-1.44466
-0.091333,-0.179456,0.045844;-1.57952,0.887564,-1.5745
-0.0808038,-0.173231,0.0295102;-1.58681,0.777957,-1.57754
-0.0783426,-0.17188,0.0288015;-1.57359,0.749985,-1.57737
-0.0784778,-0.172345,0.0288142;-1.5634,0.76786,-1.58185
-0.0798117,-0.173899,0.0286235;-1.57051,0.842073,-1.56802
-0.088999,-0.178969,0.0307086;-1.58799,0.896814,-1.53901
-0.113267,-0.197381,0.0386948;-1.28903,0.984103,-1.77752
-0.115922,-0.19994,0.0285767;-1.58172,0.930942,-1.56393
-0.113894,-0.198988,0.0285629;-1.57138,0.848351,-1.56985
-0.114043,-0.198571,0.0287946;-1.56209,0.814023,-1.5814
-0.119104,-0.200526,0.0294241;-1.59686,0.889107,-1.56404
-0.129658,-0.205103,0.0350104;-1.6833,0.953495,-1.50405
-0.142138,-0.211942,0.0444283;-1.49407,1.00952,-1.65653
-0.143022,-0.206562,0.0300969;-1.57176,0.858533,-1.59811
-0.138372,-0.204518,0.0290181;-1.58056,0.832287,-1.57788
-0.137554,-0.204719,0.028689;-1.56771,0.842551,-1.57654
-0.1386,-0.206054,0.028582;-1.57041,0.936215,-1.57096
-0.144314,-0.207541,0.0297779;-1.56215,0.981733,-1.5673
-0.166469,-0.219451,0.0353864;-1.36461,1.07164,-1.73515
-0.176257,-0.226899,0.0349433;-1.31536,1.07484,-1.78827
-0.171427,-0.222075,0.0286298;-1.56786,1.01964,-1.57406
-0.168728,-0.221383,0.0288855;-1.57863,0.967691,-1.57451
-0.170331,-0.222214,0.0297076;-1.59143,0.990461,-1.57553
-0.176073,-0.223452,0.0318391;-1.63956,1.04322,-1.54226
-0.183532,-0.225101,0.036275;-1.72065,1.1045,-1.47049
-0.20013,-0.227281,0.042823;-1.42334,1.13857,-1.71954
-0.203359,-0.225246,0.035326;-1.41194,1.0542,-1.73146
-0.197792,-0.219855,0.0286728;-1.56742,0.988096,-1.58238
-0.196471,-0.220092,0.0287021;-1.56014,0.989362,-1.57962
-0.196318,-0.220772,0.0285712;-1.57061,1.04423,-1.57064
-0.196917,-0.22088,0.0288724;-1.56516,1.11634,-1.56948
-0.238085,-0.236152,0.0391;-1.02558,1.21339,-2.06094
-0.243238,-0.237205,0.0373858;-1.17535,1.15711,-1.9389
-0.232966,-0.233085,0.030234;-1.53484,1.12072,-1.62067
-0.228938,-0.233753,0.029275;-1.59107,1.11754,-1.56754
-0.232824,-0.234249,0.0297077;-1.60257,1.164,-1.56338
-0.239907,-0.23448,0.0306339;-1.62429,1.23393,-1.54463
-0.26236,-0.236239,0.0415991;-1.08084,1.34721,-2.04234
-0.274358,-0.238538,0.0370112;-1.05161,1.25187,-2.06941
-0.265045,-0.231509,0.0290857;-1.54765,1.2011,-1.59824
-0.262305,-0.231422,0.0287519;-1.54926,1.18027,-1.59077
-0.262568,-0.23206,0.0285778;-1.57074,1.25061,-1.57103
-0.262784,-0.231873,0.0286729;-1.57503,1.31284,-1.56119
-0.298216,-0.235559,0.0411493;-0.570143,1.41025,-2.54984
-0.308273,-0.23786,0.038658;-0.724174,1.33683,-2.4123
-0.292267,-0.236443,0.0305169;-1.52129,1.35923,-1.64308
-0.280821,-0.238413,0.0295091;-1.6258,1.29055,-1.5341
-0.288928,-0.236988,0.0296467;-1.60392,1.37507,-1.56119
-0.293899,-0.23625,0.0301144;-1.67167,1.41169,-1.49154
-0.312771,-0.233851,0.0388679;-2.95664,1.50056,-0.18437
-0.331035,-0.236206,0.0388213;-0.192375,1.36439,-2.93166
-0.328037,-0.23577,0.0346867;-0.443119,1.44419,-2.68597
-0.32203,-0.234932,0.0286472;-1.54627,1.43991,-1.59508
-0.322551,-0.235335,0.0288443;-1.45383,1.46105,-1.68697
-0.323987,-0.235301,0.0286347;-1.60316,1.51684,-1.54287
-0.32937,-0.233415,0.0307978;2.97994,1.52333,0.155486
-0.357316,-0.230725,0.0455714;1.93226,1.42734,1.19075
-0.359366,-0.235237,0.0416272;2.22719,1.46558,0.877589
-0.348526,-0.240763,0.0353594;3.06944,1.45559,0.0472787
-0.3534,-0.23891,0.0305365;2.24499,1.55537,0.866041
-0.357565,-0.23617,0.0294791;1.73154,1.49729,1.39095
-0.361199,-0.233654,0.0291548;1.71459,1.43627,1.41935
-0.392317,-0.224181,0.0387277;1.05785,1.21801,2.08873
-0.401269,-0.221187,0.0384464;0.889323,1.25472,2.23868
-0.389202,-0.221979,0.0283329;1.64335,1.38593,1.498
-0.387146,-0.223314,0.028817;1.54926,1.40693,1.58422
-0.388684,-0.222725,0.0289833;1.60233,1.37776,1.52655
-0.394183,-0.219892,0.0302806;1.6726,1.31894,1.45472
-0.402177,-0.213343,0.0456696;2.08953,1.09531,1.05265
-0.407545,-0.213038,0.0461618;1.99493,1.14555,1.13628
-0.403876,-0.217582,0.038847;2.06618,1.20855,1.06931
-0.40622,-0.212621,0.033644;1.62187,1.23938,1.46097
-0.410976,-0.207106,0.0320378;1.59692,1.19801,1.49888
-0.415371,-0.203515,0.0292599;1.58892,1.14773,1.53911
-0.435086,-0.187896,0.0381001;1.45902,0.977418,1.67835
-0.447892,-0.180978,0.0399736;1.21487,0.947854,1.88752
-0.443738,-0.182395,0.0341253;1.36524,1.01111,1.75045
-0.436338,-0.187911,0.0288363;1.57667,1.0859,1.55629
-0.436881,-0.187646,0.0289655;1.58313,1.07473,1.54755
-0.439146,-0.185271,0.0298054;1.59575,1.04451,1.52484
-0.447252,-0.17524,0.0413934;1.90594,0.886934,1.2732
-0.450445,-0.172563,0.0470404;1.84894,0.817304,1.32468
-0.45074,-0.173027,0.0467497;1.84484,0.851787,1.31941
-0.445115,-0.179634,0.0307095;1.62771,0.989885,1.50201
-0.445802,-0.1782,0.0289368;1.58076,0.969833,1.55126
-0.446783,-0.176825,0.0287132;1.57052,0.937254,1.56456
-0.450858,-0.170322,0.0299464;1.58971,0.849904,1.56711
-0.468338,-0.150922,0.0349538;1.43212,0.750575,1.68836
-0.478978,-0.140736,0.0405946;1.28051,0.717813,1.78995
-0.470836,-0.149092,0.0289117;1.57869,0.855022,1.55302
-0.470559,-0.14988,0.0288947;1.57967,0.858388,1.55498
-0.471144,-0.149394,0.0289477;1.57942,0.855246,1.55254
-0.476221,-0.139229,0.0321743;1.63465,0.748657,1.50416
-0.481132,-0.130299,0.03797;1.68239,0.688839,1.47751
-0.487511,-0.119432,0.0460764;1.50775,0.653143,1.59624
-0.481438,-0.119931,0.0290348;1.58105,0.796544,1.5492
-0.480349,-0.122208,0.0287015;1.57091,0.826368,1.56473
-0.480386,-0.122388,0.0287457;1.56822,0.819623,1.56651
-0.482502,-0.119397,0.0285815;1.57126,0.716532,1.57125
-0.48799,-0.108387,0.0312034;1.60503,0.662233,1.5549
-0.502414,-0.0873234,0.0390109;1.3793,0.571957,1.68936
-0.498098,-0.0944142,0.0291302;1.58229,0.73335,1.54568
-0.496389,-0.100119,0.029163;1.5881,0.78973,1.54294
-0.497185,-0.0999572,0.0293091;1.58624,0.792171,1.54445
-0.501791,-0.0924603,0.0323463;1.62278,0.70712,1.50366
-0.502824,-0.086146,0.0368081;1.69439,0.64074,1.46858
-0.505957,-0.0758428,0.0444631;1.56196,0.595068,1.55475
-0.503698,-0.0674683,0.031006;1.52364,0.714281,1.58714
-0.500831,-0.0707365,0.028677;1.57121,0.757943,1.56566
-0.500888,-0.0713795,0.0287253;1.5612,0.756423,1.57753
-0.501424,-0.0716532,0.0285791;1.5705,0.687421,1.57097
-0.501156,-0.0699887,0.0292652;1.56964,0.620424,1.57984
-0.510196,-0.0506974,0.0332142;1.5326,0.552726,1.60423
-0.524609,-0.0306224,0.0363782;1.42693,0.565999,1.63003
-0.51797,-0.0383661,0.0289286;1.57955,0.64404,1.55422
-0.517415,-0.040289,0.0286973;1.57158,0.685058,1.56484
-0.518155,-0.0388375,0.0289376;1.57805,0.640861,1.55537
-0.518604,-0.0364111,0.0287834;1.57055,0.574517,1.56138
-0.520464,-0.0284768,0.0298707;1.58282,0.521284,1.5673
-0.540244,0.00976387,0.036636;1.40558,0.407117,1.64706
-0.536592,0.00779318,0.0325952;1.48141,0.47146,1.61536
-0.533357,0.0043777,0.0285785;1.57095,0.535998,1.57053
-0.533825,0.00377031,0.0287078;1.56372,0.527861,1.57437
-0.534769,0.00413697,0.0285883;1.57085,0.464547,1.57009
-0.534892,0.00702789,0.0288616;1.58285,0.390763,1.56274
-0.544517,0.0404609,0.0444726;1.48978,0.275017,1.58152
-0.546864,0.0470887,0.0391815;1.47203,0.359182,1.56778
-0.544784,0.03662,0.0298718;1.571,0.422557,1.5427
-0.546505,0.0300467,0.0296064;1.58646,0.479416,1.54457
-0.545579,0.0362809,0.0301362;1.57923,0.408602,1.54027
-0.545712,0.0425716,0.029256;1.57841,0.340908,1.55224
-0.549849,0.0692912,0.0377396;1.44298,0.166689,1.61223
-0.552001,0.0791403,0.0368874;1.40976,0.226453,1.613
-0.546335,0.068481,0.0286105;1.58189,0.313375,1.56435
-0.54615,0.0652357,0.028794;1.56402,0.346335,1.56928
-0.546454,0.0664143,0.0287761;1.57116,0.297798,1.56117
-0.545814,0.0702573,0.0293706;1.60159,0.23566,1.55497
-0.545814,0.0702573,0.0293706;1.60159,0.23566,1.55497
-0.545163,0.0795788,0.0361025;1.69725,0.151108,1.53077
-0.545163,0.0795788,0.0361025;1.69725,0.151108,1.53077
