0,0,0.11;-1.57,-2.98023e-08,-1.57
0,0,0.11;-1.57,-2.98023e-08,-1.57
0,0,0.11;-1.57,-2.98023e-08,-1.57
-0.000126086,0.00432632,0.0286191;-1.56888,-0.188485,-1.57019
0.00037002,0.00394475,0.0287938;-1.56818,-0.139579,-1.56225
-0.000618003,0.00146598,0.0304348;-1.5674,-0.135018,-1.54143
-0.00269943,-0.00976893,0.0317822;-1.55943,-0.109841,-1.52728
-0.00300449,-0.0111988,0.0285794;-1.57093,-0.2078,-1.57097
-0.00299929,-0.0106427,0.02858;-1.57076,-0.240866,-1.57077
-0.0030611,-0.0106476,0.0285796;-1.57082,-0.249969,-1.57082
-0.00241193,-0.0103513,0.0287563;-1.57094,-0.170989,-1.56221
-0.00323292,-0.0117498,0.0302789;-1.5678,-0.147036,-1.54226
-0.00558575,-0.016512,0.0334635;-1.57011,-0.0963756,-1.51183
-0.00553752,-0.026235,0.0302333;-1.56129,-0.133953,-1.54591
-0.00626688,-0.026823,0.0286045;-1.57148,-0.214582,-1.56892
-0.00636356,-0.0264905,0.0285917;-1.57099,-0.247235,-1.57036
-0.00624733,-0.026795,0.0286615;-1.57082,-0.216711,-1.56689
-0.0061184,-0.0261076,0.0293419;-1.56611,-0.129851,-1.55059
-0.00758426,-0.030794,0.031948;-1.57447,-0.0485445,-1.52456
-0.00726694,-0.0400565,0.0330312;-1.51922,-0.0543717,-1.53403
-0.00727996,-0.0417266,0.029539;-1.55736,-0.109943,-1.55663
-0.00759259,-0.0414764,0.0286237;-1.57106,-0.140939,-1.57304
-0.00744772,-0.0408483,0.02861;-1.56915,-0.14687,-1.57101
-0.00687882,-0.0409373,0.0286045;-1.56933,-0.0895871,-1.57056
-0.00801628,-0.0449485,0.0298475;-1.5638,-0.0081453,-1.55539
-0.00962747,-0.0626923,0.0369677;-1.51021,0.0888913,-1.58075
-0.0072731,-0.0681638,0.0362037;-1.47034,0.0869121,-1.62619
-0.00524857,-0.0596596,0.0358337;-1.54482,0.0414471,-1.65884
-0.00356399,-0.0521431,0.0354737;-1.56794,-0.0392349,-1.65353
-0.00468765,-0.0562245,0.0333749;-1.56799,-0.00566584,-1.64292
-0.0123843,-0.0631985,0.0378745;-1.66823,0.0842118,-1.57551
-0.01665,-0.0704218,0.0445598;-1.66905,0.161939,-1.56031
-0.0142044,-0.0731703,0.04291;-1.57588,0.137664,-1.59862
-0.00899764,-0.0546484,0.0298388;-1.57511,-0.0357192,-1.59524
-0.00604452,-0.0472944,0.0289575;-1.57434,-0.111583,-1.58565
-0.00602216,-0.0468084,0.0289599;-1.57586,-0.118912,-1.58432
-0.00661813,-0.0481935,0.0301845;-1.59833,-0.0998368,-1.55767
-0.00934093,-0.0538733,0.0351757;-1.65404,-0.0414588,-1.53555
-0.00819397,-0.0620232,0.0372202;-1.66047,-0.0180424,-1.53745
-0.00550569,-0.0680253,0.0289442;-1.57098,-0.0729816,-1.58787
-0.00532739,-0.0671473,0.0290518;-1.57788,-0.083456,-1.58673
-0.00529141,-0.0675249,0.0289866;-1.57641,-0.0825189,-1.58487
-0.0088467,-0.0769913,0.0296335;-1.57986,-0.00509041,-1.58687
-0.014229,-0.0939333,0.0329917;-1.57296,0.0634598,-1.56579
-0.0176011,-0.107697,0.0384644;-1.41193,0.087603,-1.57922
-0.0135255,-0.0915775,0.0297938;-1.57091,-0.0785163,-1.59821
-0.0106264,-0.0820113,0.0304503;-1.5779,-0.164016,-1.6026
-0.00618647,-0.0729831,0.0295604;-1.58427,-0.253449,-1.59244
-0.00650041,-0.0761404,0.0333133;-1.6414,-0.221565,-1.61224
-0.00833163,-0.0815372,0.0372431;-1.71561,-0.154736,-1.60692
-0.0110052,-0.0950337,0.0455428;-1.67017,-0.059076,-1.58748
-0.00580028,-0.0971841,0.0327674;-1.60816,-0.143768,-1.61477
-0.0045291,-0.092054,0.0317159;-1.60749,-0.168569,-1.60846
-0.00431328,-0.0915412,0.0312974;-1.59853,-0.158729,-1.60569
-0.0125875,-0.103579,0.0340531;-1.65672,-0.0116524,-1.59471
-0.0150192,-0.106618,0.0375744;-1.74461,0.0461827,-1.57199
-0.0196613,-0.114592,0.0421602;-1.79141,0.151635,-1.54588
-0.0153994,-0.118554,0.038237;-1.71031,0.0987028,-1.59916
-0.0129913,-0.112757,0.0377715;-1.66993,0.0559197,-1.63006
-0.0123709,-0.11185,0.0371388;-1.61191,0.0473603,-1.65917
-0.0140158,-0.113654,0.0369006;-1.7192,0.0979966,-1.58628
-0.017355,-0.114043,0.039777;-1.80091,0.149925,-1.54142
-0.0202821,-0.11675,0.0406877;-1.8204,0.198127,-1.52564
-0.0186867,-0.116025,0.0402943;-1.80422,0.184903,-1.53731
-0.0181337,-0.115817,0.0376277;-1.73692,0.167504,-1.56252
-0.0207438,-0.121077,0.033948;-1.61131,0.184341,-1.61932
-0.0210784,-0.122243,0.0295804;-1.58517,0.186276,-1.58666
-0.0229933,-0.122373,0.0317176;-1.64325,0.21574,-1.56149
-0.0247088,-0.122245,0.035614;-1.71902,0.245679,-1.53729
-0.0258173,-0.135892,0.0424561;-1.70764,0.318835,-1.5361
-0.0232231,-0.135847,0.0447342;-1.62617,0.297555,-1.58983
-0.0190266,-0.130544,0.0337557;-1.61157,0.262972,-1.61046
-0.0148529,-0.123509,0.0308264;-1.5795,0.174793,-1.60381
-0.0193554,-0.128541,0.0334503;-1.61599,0.24301,-1.60984
-0.0241904,-0.133355,0.0368333;-1.68978,0.306037,-1.57347
-0.032305,-0.157877,0.051745;-1.61733,0.416586,-1.58807
-0.0314644,-0.164822,0.0545002;-1.53169,0.411618,-1.64568
-0.0270564,-0.160029,0.0453173;-1.51277,0.376554,-1.69219
-0.0199315,-0.147375,0.039397;-1.57449,0.279241,-1.6965
-0.0215847,-0.149957,0.0387747;-1.58867,0.306573,-1.69216
-0.0250146,-0.153187,0.0415446;-1.68562,0.346047,-1.63101
-0.0397865,-0.161243,0.052154;-1.71324,0.469391,-1.55053
-0.0411723,-0.170075,0.0545215;-1.61044,0.451796,-1.61899
-0.0377451,-0.165211,0.0477071;-1.60469,0.395097,-1.65098
-0.029558,-0.152804,0.0403021;-1.589,0.302474,-1.69977
-0.0325329,-0.155597,0.0403214;-1.62996,0.371175,-1.67164
-0.0360674,-0.157418,0.0415277;-1.70183,0.417718,-1.60946
-0.0486488,-0.169752,0.0535592;-1.66769,0.532663,-1.58042
-0.0457608,-0.172561,0.0556423;-1.56203,0.481249,-1.64699
-0.0398217,-0.164417,0.0505633;-1.58039,0.442389,-1.66639
-0.0327178,-0.147283,0.0399918;-1.59294,0.357081,-1.69982
-0.0370553,-0.151646,0.0386168;-1.60128,0.425232,-1.67679
-0.0408473,-0.156254,0.038862;-1.6232,0.452634,-1.65265
-0.0543584,-0.186376,0.0482369;-1.36318,0.51957,-1.69997
-0.0588678,-0.195299,0.048359;-1.17564,0.44669,-1.78395
-0.0566378,-0.191866,0.048095;-1.20982,0.440116,-1.78475
-0.0480992,-0.171326,0.0432845;-1.46812,0.357932,-1.73988
-0.0412072,-0.157799,0.0375429;-1.5941,0.288379,-1.67292
-0.0456587,-0.163896,0.0365819;-1.6002,0.350754,-1.65098
-0.0501459,-0.170377,0.0389766;-1.67809,0.390934,-1.59326
-0.0570594,-0.178881,0.0497189;-1.59563,0.464951,-1.58106
-0.0511958,-0.172812,0.0503182;-1.5401,0.405734,-1.64655
-0.0437893,-0.15971,0.0396202;-1.67254,0.385367,-1.61928
-0.0376127,-0.152893,0.0369627;-1.59122,0.273682,-1.66742
-0.0403075,-0.157698,0.0366968;-1.60888,0.31811,-1.64887
-0.0439423,-0.163628,0.0385876;-1.69544,0.38862,-1.58344
-0.0472748,-0.168749,0.0478938;-1.90463,0.451022,-1.46188
-0.0421854,-0.163579,0.0475152;-1.86735,0.395124,-1.49031
-0.0363546,-0.159642,0.0428381;-1.79688,0.340275,-1.54656
-0.0367413,-0.159735,0.0390741;-1.59889,0.273605,-1.68367
-0.0365004,-0.160971,0.0371388;-1.62569,0.283798,-1.64083
-0.0345144,-0.159641,0.0389348;-1.74895,0.298686,-1.55539
-0.0386219,-0.162513,0.0431424;-1.86179,0.403934,-1.46772
-0.0369586,-0.165835,0.0438257;-1.81048,0.385608,-1.49648
-0.0332481,-0.163789,0.0422694;-1.77164,0.374199,-1.5568
-0.0269837,-0.154784,0.0384479;-1.62162,0.246159,-1.6643
-0.0272711,-0.154762,0.0365339;-1.65686,0.256438,-1.60815
-0.0294667,-0.156099,0.035989;-1.72769,0.295486,-1.53072
-0.0343229,-0.16139,0.0420467;-1.83884,0.361217,-1.47206
-0.032077,-0.163465,0.0421324;-1.81117,0.335017,-1.47994
-0.0282586,-0.15967,0.0402369;-1.77392,0.308823,-1.51581
-0.0234095,-0.157617,0.0336406;-1.6116,0.224114,-1.61355
-0.0214358,-0.15621,0.0335154;-1.62404,0.198546,-1.60341
-0.0231601,-0.155655,0.0332969;-1.67474,0.220487,-1.55188
-0.026927,-0.15595,0.0384378;-1.77678,0.29087,-1.50964
-0.0301285,-0.165299,0.0447475;-1.77714,0.373836,-1.50571
-0.0287202,-0.168481,0.0478006;-1.68916,0.331476,-1.54341
-0.0214346,-0.16408,0.0377868;-1.64887,0.30273,-1.6251
-0.0201689,-0.162625,0.0355891;-1.6264,0.284701,-1.62297
-0.0211905,-0.163748,0.0356615;-1.63466,0.293933,-1.61599
-0.0247631,-0.166941,0.0400017;-1.7965,0.373791,-1.50667
-0.0283508,-0.171537,0.0423138;-1.84246,0.439398,-1.47626
-0.0300359,-0.178014,0.0462976;-1.78245,0.460496,-1.49607
-0.0193418,-0.174882,0.0415054;-1.72662,0.428926,-1.58591
-0.0187298,-0.174798,0.0401318;-1.62989,0.388467,-1.67022
-0.0158558,-0.170945,0.0395381;-1.63516,0.33608,-1.66111
-0.0208075,-0.17619,0.0429795;-1.77131,0.429495,-1.55925
-0.0264112,-0.186147,0.045856;-1.7705,0.493918,-1.54873
-0.0365322,-0.203466,0.0550461;-1.64654,0.572195,-1.57756
-0.031537,-0.202913,0.0531322;-1.54634,0.524607,-1.67916
-0.0283946,-0.19736,0.0440191;-1.51142,0.453799,-1.74162
-0.0225969,-0.189772,0.0402252;-1.59746,0.402748,-1.70046
-0.0309073,-0.195843,0.0423012;-1.65988,0.424297,-1.6195
-0.039071,-0.204603,0.0463898;-1.59781,0.452525,-1.61937
-0.0459176,-0.211442,0.0505411;-1.5468,0.462053,-1.61598
-0.0448618,-0.206194,0.0485314;-1.52655,0.384734,-1.66001
-0.0481203,-0.214425,0.0389468;-1.52031,0.383292,-1.70166
-0.0450336,-0.212845,0.0382375;-1.59001,0.359389,-1.68278
-0.0564325,-0.2278,0.0364316;-1.52047,0.430719,-1.68062
-0.0630935,-0.243617,0.0413471;-1.38247,0.493462,-1.72646
-0.0684282,-0.254524,0.0427454;-1.31366,0.539195,-1.7323
-0.0679566,-0.262354,0.0437657;-1.31283,0.500415,-1.76206
-0.064633,-0.260138,0.0436081;-1.38189,0.489793,-1.76722
-0.0614069,-0.253626,0.042529;-1.50911,0.4598,-1.74287
-0.0597708,-0.254162,0.0422354;-1.46636,0.4468,-1.74661
-0.0632505,-0.258734,0.0421454;-1.4125,0.4991,-1.75023
-0.0727817,-0.26926,0.0429231;-1.3172,0.592958,-1.76336
-0.0790115,-0.276069,0.0446275;-1.24097,0.595093,-1.79762
-0.0766469,-0.272054,0.0448571;-1.29707,0.554883,-1.79472
-0.0738321,-0.261976,0.0433716;-1.43011,0.503526,-1.76199
-0.0717535,-0.259494,0.0422059;-1.50808,0.513578,-1.74522
-0.0739041,-0.263534,0.0406236;-1.47622,0.566292,-1.74135
-0.083345,-0.275454,0.0432563;-1.37995,0.660312,-1.76601
-0.0932648,-0.290675,0.0459253;-1.15018,0.706561,-1.86924
-0.0927994,-0.292005,0.0477375;-1.11122,0.687487,-1.91251
-0.0892999,-0.287476,0.0476025;-1.21569,0.680404,-1.8801
-0.0795411,-0.276693,0.0439326;-1.46274,0.685573,-1.77889
-0.0832666,-0.276839,0.044176;-1.42325,0.679814,-1.79359
-0.0919705,-0.277926,0.0452582;-1.41983,0.701404,-1.74789
-0.108377,-0.280322,0.0449029;-1.20849,0.687415,-1.82034
-0.106141,-0.282286,0.0469988;-1.21411,0.639733,-1.84834
-0.10264,-0.276669,0.0459285;-1.30864,0.595899,-1.81717
-0.083907,-0.259529,0.0395787;-1.59404,0.513557,-1.69388
-0.0873144,-0.262812,0.0399253;-1.53905,0.522714,-1.71989
-0.0965119,-0.270622,0.0427146;-1.4318,0.570935,-1.75255
-0.109669,-0.294721,0.0435188;-1.22947,0.680592,-1.79515
-0.110768,-0.294162,0.0467701;-1.21522,0.593317,-1.82996
-0.108538,-0.289333,0.0471483;-1.27387,0.564458,-1.82653
-0.0855087,-0.264591,0.0398666;-1.61839,0.461059,-1.67623
-0.0871261,-0.268065,0.0383336;-1.58084,0.496251,-1.69103
-0.0952815,-0.276932,0.0402123;-1.53203,0.547303,-1.69626
-0.0952815,-0.276932,0.0402123;-1.53203,0.547303,-1.69626
-0.106299,-0.286574,0.0456149;-1.46394,0.617025,-1.70159
-0.106299,-0.286574,0.0456149;-1.46394,0.617025,-1.70159
