0,0,0.11;-1.57,-2.98023e-08,-1.57
0,0,0.11;-1.57,-2.98023e-08,-1.57
0,0,0.11;-1.57,-2.98023e-08,-1.57
-0.0001356,0.00653109,0.0286292;-1.56838,-0.177599,-1.57009
-0.00039556,0.00615498,0.02858;-1.57065,-0.180122,-1.57097
-9.54583e-05,0.00563784,0.0288976;-1.55792,-0.146012,-1.56586
0.00263097,-0.00794234,0.0358466;-1.54016,-0.0655814,-1.59361
0.00864412,0.00278155,0.0336615;-1.60663,-0.153831,-1.62776
0.0106244,0.0113042,0.0339684;-1.57182,-0.173498,-1.62462
0.0100596,0.0157146,0.0334009;-1.54426,-0.184159,-1.62468
0.00718373,0.0198244,0.0291436;-1.56628,-0.233111,-1.58755
0.00510724,0.0114218,0.0321805;-1.51411,-0.183965,-1.5751
0.00445322,-0.0048243,0.0349344;-1.44954,-0.0829201,-1.56246
0.00814149,-0.0135901,0.0358096;-1.43256,-0.0283838,-1.57399
0.00656433,-0.00779095,0.0339235;-1.47181,-0.0906339,-1.58009
0.00327325,0.00469927,0.03187;-1.54897,-0.191714,-1.613
0.00378594,0.00894965,0.0336703;-1.51603,-0.240035,-1.60378
0.00545593,0.00740456,0.0354537;-1.46755,-0.220426,-1.58235
0.00834592,0.000398959,0.0403746;-1.37032,-0.1803,-1.56413
0.00971753,-0.00995659,0.0406913;-1.34276,-0.124841,-1.55489
0.00845166,-0.0101962,0.0372828;-1.40504,-0.132007,-1.55993
0.00542948,-0.00438758,0.0297909;-1.54265,-0.164375,-1.57725
0.00172898,0.000787976,0.0289243;-1.56527,-0.305986,-1.58078
0.00165117,0.002453,0.0288382;-1.57242,-0.339828,-1.5826
0.00213724,0.00111327,0.0291566;-1.57633,-0.305019,-1.58249
0.00374652,-6.37408e-05,0.0307458;-1.55307,-0.29173,-1.59015
0.00322507,0.00666085,0.0328784;-1.62867,-0.360344,-1.61764
0.00370044,0.0231101,0.02906;-1.59621,-0.537359,-1.58276
0.00397454,0.0231449,0.0286436;-1.56728,-0.603679,-1.57035
0.00248209,0.0234158,0.0289634;-1.54903,-0.64958,-1.56482
-0.00141212,0.0274899,0.0344882;-1.48236,-0.684485,-1.5532
-0.00201543,0.0268044,0.0366634;-1.4397,-0.67618,-1.52675
-2.03876e-05,0.0281991,0.0341755;-1.46674,-0.673284,-1.53083
-0.000334567,0.0322609,0.0287405;-1.57084,-0.66863,-1.57859
0.000873942,0.0322693,0.0288923;-1.55648,-0.640202,-1.56672
0.00056021,0.0319937,0.0288807;-1.55513,-0.646797,-1.56466
-0.000990163,0.0325569,0.0291424;-1.5407,-0.673849,-1.54806
0.000342523,0.0307479,0.0321062;-1.47788,-0.637613,-1.51118
0.0045136,0.028412,0.0346765;-1.42714,-0.59467,-1.49074
0.00856652,0.0302593,0.0291924;-1.54281,-0.553239,-1.56334
0.0109707,0.0298865,0.0289744;-1.55298,-0.496937,-1.56672
0.0122778,0.0295878,0.0287938;-1.56107,-0.458498,-1.56894
0.0111165,0.0292113,0.0288096;-1.56739,-0.491301,-1.56121
0.010468,0.0319936,0.0297475;-1.56103,-0.452746,-1.54268
0.0114324,0.0345088,0.0327423;-1.5579,-0.382072,-1.51086
0.0166949,0.0312773,0.0288852;-1.57511,-0.389144,-1.56162
0.0171547,0.0316978,0.028662;-1.5706,-0.396317,-1.56685
0.0171519,0.0319126,0.028581;-1.57058,-0.391929,-1.57085
0.0168908,0.032027,0.0286332;-1.57076,-0.392297,-1.56824
0.0170587,0.0320472,0.0288434;-1.57087,-0.403304,-1.55796
0.0172959,0.0315998,0.029369;-1.58174,-0.405134,-1.55698
0.0205717,0.0379264,0.0309846;-1.57165,-0.484468,-1.61062
0.0208125,0.0393238,0.0308289;-1.55201,-0.48492,-1.59782
0.0263478,0.035468,0.0294631;-1.54951,-0.406159,-1.57106
0.0378982,0.024256,0.0290678;-1.56764,-0.230604,-1.55517
0.0370835,0.0218867,0.0301244;-1.56985,-0.270192,-1.54154
0.0359067,0.021178,0.0305564;-1.55792,-0.27569,-1.53513
0.0365725,0.0243731,0.0287259;-1.56546,-0.25065,-1.57343
0.0365009,0.0242813,0.0288993;-1.57611,-0.230751,-1.58193
0.0363954,0.0236947,0.0290302;-1.58414,-0.206214,-1.58207
0.0332811,0.0190098,0.0286044;-1.57092,-0.0410633,-1.57193
0.033095,0.0183973,0.0289585;-1.55865,-0.0368838,-1.56043
0.0314676,0.0160172,0.0306745;-1.56113,-0.0689749,-1.53909
0.0291871,0.0196094,0.036793;-1.43603,-0.169574,-1.52839
0.0282711,0.0250814,0.0341043;-1.47314,-0.198427,-1.54675
0.0246605,0.0328487,0.0294358;-1.57118,-0.245628,-1.57742
0.0292585,0.0260603,0.0295435;-1.54881,-0.143575,-1.57435
0.0325805,0.0215486,0.0290767;-1.54715,-0.0607513,-1.57481
0.0325469,0.0210907,0.0290914;-1.54647,-0.0575371,-1.56612
0.0293596,0.0202567,0.034187;-1.51242,-0.114136,-1.52413
0.0298428,0.0236456,0.0339216;-1.5271,-0.157169,-1.53359
0.0295356,0.0349746,0.0319856;-1.6246,-0.210007,-1.56673
0.0237966,0.0451393,0.0385612;-1.74308,-0.216585,-1.58158
0.0237596,0.0455286,0.0408164;-1.77391,-0.215405,-1.57544
0.0228311,0.0445941,0.043256;-1.80946,-0.200045,-1.578
0.0241127,0.0472455,0.044641;-1.82422,-0.183703,-1.57376
0.0283475,0.058206,0.0439465;-1.82696,-0.18339,-1.58694
0.0311065,0.0640457,0.0419382;-1.82711,-0.174975,-1.61093
0.0259935,0.0720622,0.038593;-1.7577,-0.133926,-1.58568
0.022027,0.0726661,0.0380939;-1.74874,-0.113884,-1.57517
0.0189781,0.0702648,0.0397008;-1.75132,-0.11128,-1.56096
0.0172781,0.0629851,0.0445294;-1.84972,-0.0312891,-1.55464
0.0218824,0.0656608,0.0440638;-1.87312,-0.0302182,-1.57373
0.0244954,0.066561,0.0441176;-1.89189,-0.0492809,-1.59208
0.0292245,0.0774787,0.0422805;-1.85376,-0.146086,-1.61768
0.0290147,0.075288,0.0402939;-1.80655,-0.138648,-1.61233
0.0261869,0.0694423,0.0381003;-1.75206,-0.0916814,-1.59881
0.0203105,0.0408949,0.0435987;-1.83671,0.0336325,-1.58275
0.0231842,0.0407052,0.0439424;-1.67575,0.0145679,-1.5446
0.024649,0.0535796,0.0389683;-1.76461,0.0237228,-1.56071
0.0201804,0.0611656,0.0452156;-1.89898,-0.0115549,-1.57051
0.020425,0.0586083,0.0492715;-1.93198,-0.0470735,-1.54986
0.0208047,0.0530692,0.0481736;-1.84223,-0.0722968,-1.51637
0.0250383,0.0407909,0.0516721;-1.99244,0.00183505,-1.52925
0.0284951,0.0361347,0.0500192;-1.84222,0.0943288,-1.57944
0.0335108,0.0302048,0.0455995;-1.63547,0.0969866,-1.59141
0.0399638,0.0374043,0.0400587;-1.45428,0.0281735,-1.62459
0.0337253,0.0605823,0.0335629;-1.66226,-0.0966078,-1.58443
0.0291002,0.0612444,0.0347027;-1.63718,-0.0733395,-1.52993
0.0233608,0.0551756,0.0380838;-1.65192,-0.03581,-1.49159
0.0166252,0.0543052,0.0448249;-1.86732,0.0406356,-1.53524
0.0229585,0.0583601,0.0446051;-1.90161,0.0114523,-1.57438
0.0294187,0.0601106,0.0431906;-1.86853,-0.0431867,-1.59263
0.0353757,0.064681,0.0347881;-1.68803,-0.202998,-1.60556
0.0357494,0.0597549,0.0310537;-1.6125,-0.193057,-1.59104
0.0348891,0.0454709,0.0311472;-1.54551,-0.13805,-1.57808
0.0385097,-0.0037709,0.0465654;-1.22823,-0.0498136,-1.53561
0.0407367,-0.00795448,0.0471733;-1.1871,-0.0683583,-1.53648
0.0429235,-0.00480254,0.0461348;-1.21998,-0.0561837,-1.54365
0.0381944,0.0011468,0.0443868;-1.26257,-0.067723,-1.54416
0.0316257,0.00702043,0.0435864;-1.28258,-0.0605233,-1.54502
0.025955,0.0146186,0.0416159;-1.33803,-0.068141,-1.53341
0.0100573,0.0294658,0.0474094;-1.40383,-0.00626023,-1.48823
0.011203,0.0393011,0.0520515;-1.45571,-0.0742983,-1.51148
0.0160742,0.0597796,0.0511509;-1.66872,-0.116316,-1.55964
0.0217439,0.0778972,0.0458614;-1.92004,-0.149544,-1.64242
0.0221345,0.0775503,0.0451512;-1.89225,-0.145288,-1.62985
0.022189,0.0751463,0.0445508;-1.78952,-0.156423,-1.58738
0.0225661,0.0640607,0.0564821;-1.50763,-0.186859,-1.51575
0.0255383,0.0575802,0.0561407;-1.42948,-0.184603,-1.47984
0.0337652,0.0479594,0.0460092;-1.32143,-0.206662,-1.43975
0.0218855,0.0673556,0.0432372;-1.63489,-0.24645,-1.57595
0.0142169,0.0805471,0.0397429;-1.78351,-0.196773,-1.63121
0.0201011,0.0806891,0.0396241;-1.71052,-0.185709,-1.6094
0.00121898,0.0888394,0.0471776;-1.6693,-0.320169,-1.55957
-0.00530805,0.0947162,0.0466797;-1.70201,-0.323963,-1.57024
0.00413933,0.0926386,0.0544461;-1.60878,-0.343891,-1.56972
0.0175944,0.108054,0.0560501;-1.60074,-0.402617,-1.63293
0.0174671,0.113671,0.0577596;-1.65878,-0.424342,-1.67602
0.0185709,0.113848,0.0552569;-1.65734,-0.451934,-1.66759
0.0219671,0.0918108,0.0372203;-1.44162,-0.378561,-1.47227
0.021675,0.0885186,0.0388492;-1.41675,-0.386229,-1.4655
0.0192967,0.0893202,0.0396309;-1.39189,-0.400616,-1.45866
0.0203066,0.110007,0.042192;-1.40536,-0.496752,-1.55564
0.0153642,0.129387,0.0388121;-1.58465,-0.593667,-1.69234
0.0125163,0.137662,0.0379783;-1.58698,-0.638092,-1.68994
0.0152694,0.123858,0.036273;-1.62427,-0.519229,-1.6648
0.0184495,0.109038,0.0372191;-1.49267,-0.469405,-1.57811
0.0252489,0.0906501,0.0409494;-1.31383,-0.421687,-1.4643
0.0300337,0.103513,0.0453537;-1.34944,-0.471885,-1.54725
0.0218834,0.12596,0.0392862;-1.56055,-0.54035,-1.68659
0.0163815,0.135262,0.039709;-1.56987,-0.585532,-1.69721
0.0173645,0.117326,0.0423665;-1.44618,-0.488888,-1.59856
0.0191708,0.11067,0.0420687;-1.37383,-0.512976,-1.53645
0.019607,0.106712,0.0485649;-1.35568,-0.537833,-1.50588
0.023017,0.130289,0.0505086;-1.68245,-0.536197,-1.67325
0.0244081,0.142462,0.046266;-1.88344,-0.5075,-1.7906
0.0256963,0.147359,0.0483471;-1.85548,-0.517242,-1.81376
0.024924,0.143044,0.0470159;-1.80008,-0.481703,-1.78929
0.0226372,0.135485,0.0446482;-1.73244,-0.465711,-1.73658
0.02424,0.125306,0.0493235;-1.60525,-0.470176,-1.65241
0.0403842,0.120959,0.053117;-1.33612,-0.515696,-1.52487
0.0389802,0.125312,0.0546179;-1.48688,-0.495961,-1.62033
0.0370005,0.134753,0.0490174;-1.58512,-0.508401,-1.69331
0.0151388,0.147825,0.0478499;-1.87228,-0.498644,-1.80701
0.0113417,0.145253,0.0482894;-1.90625,-0.452514,-1.79341
0.0106518,0.140504,0.0482817;-1.9248,-0.39937,-1.76964
0.0139378,0.126634,0.052906;-1.66901,-0.387536,-1.66233
0.0230914,0.127684,0.0463134;-1.37022,-0.429083,-1.56564
0.0287926,0.131111,0.0446844;-1.4534,-0.425488,-1.64916
0.0158928,0.143079,0.0410015;-1.56529,-0.441926,-1.71514
0.0140299,0.141561,0.0390617;-1.5882,-0.414287,-1.7098
0.0125682,0.138648,0.0397885;-1.60613,-0.400279,-1.71234
0.0152893,0.128141,0.0415885;-1.50212,-0.378342,-1.61798
0.0187489,0.127537,0.0412098;-1.40918,-0.356931,-1.57546
0.023651,0.126883,0.0416752;-1.38599,-0.331501,-1.57508
0.0162848,0.132736,0.0384466;-1.51226,-0.397386,-1.65751
0.0121779,0.135725,0.0347371;-1.5704,-0.416638,-1.65367
0.0136806,0.132543,0.0318279;-1.56762,-0.379359,-1.62075
0.0182974,0.126279,0.0336505;-1.48261,-0.354727,-1.54892
0.0172477,0.129788,0.0378182;-1.4352,-0.399181,-1.55705
0.0127546,0.137994,0.0350977;-1.57435,-0.413715,-1.66388
0.0117186,0.14422,0.0398045;-1.54979,-0.475679,-1.69562
0.0121533,0.142022,0.0388224;-1.56413,-0.465248,-1.69389
0.0128611,0.137886,0.0366137;-1.58033,-0.42798,-1.67855
0.0195183,0.120404,0.0343123;-1.46892,-0.368268,-1.54567
0.0215903,0.11753,0.0408813;-1.30931,-0.388016,-1.4742
0.0203166,0.122963,0.0400396;-1.3486,-0.419472,-1.50109
0.0176102,0.134142,0.0371785;-1.5602,-0.474278,-1.66902
0.0151083,0.140759,0.0377512;-1.58178,-0.541419,-1.68934
0.0149523,0.137263,0.0365507;-1.58796,-0.515804,-1.67847
0.0149523,0.137263,0.0365507;-1.58796,-0.515804,-1.67847
0.0179483,0.127564,0.0306975;-1.5705,-0.453878,-1.60518
0.0179483,0.127564,0.0306975;-1.5705,-0.453878,-1.60518
