0,0,0.11;-1.57,-2.98023e-08,-1.57
0,0,0.11;-1.57,-2.98023e-08,-1.57
0,0,0.11;-1.57,-2.98023e-08,-1.57
0.000512639,0.00968683,0.0286398;-1.56908,-0.148213,-1.57187
0.000308677,0.00921677,0.0285794;-1.57064,-0.108283,-1.57058
-0.00158842,0.00742346,0.0302133;-1.58854,-0.0517218,-1.56338
-0.00438256,-0.019387,0.0361368;-1.50128,0.0405331,-1.54033
-0.00363962,-0.00922342,0.0288237;-1.57717,-0.0670011,-1.56575
-0.00314608,-0.00984566,0.0287482;-1.56434,-0.0552207,-1.57213
-0.00257951,-0.0103172,0.0286967;-1.56943,-0.0242297,-1.57542
-0.00224138,-0.0123554,0.0286697;-1.5708,0.0600508,-1.57504
-0.00351031,-0.0157925,0.0290343;-1.57985,0.121309,-1.5721
-0.00642759,-0.0339636,0.0346582;-1.55265,0.203672,-1.56768
-0.00986537,-0.0370462,0.0331963;-1.53837,0.161801,-1.53966
-0.00650713,-0.0294681,0.0294876;-1.58402,0.0911078,-1.55393
-0.00590977,-0.0301416,0.0286839;-1.56854,0.0653539,-1.56743
-0.00690378,-0.0305666,0.0286967;-1.57071,0.154515,-1.57632
-0.0088321,-0.0337916,0.028728;-1.57103,0.226103,-1.57791
-0.0126345,-0.0484761,0.0313588;-1.52007,0.304386,-1.5949
-0.0160646,-0.0600243,0.0371873;-1.4231,0.307812,-1.59215
-0.0178227,-0.0561414,0.0327868;-1.5111,0.235175,-1.5611
-0.0161881,-0.0488765,0.0290486;-1.57941,0.198189,-1.55505
-0.0159588,-0.0488901,0.0285841;-1.57086,0.20105,-1.57046
-0.0168464,-0.0499287,0.0286266;-1.57017,0.262706,-1.57378
-0.020115,-0.0547812,0.0294114;-1.57213,0.345705,-1.58031
-0.0237936,-0.0641571,0.0325259;-1.49193,0.401644,-1.60698
-0.0232667,-0.0605196,0.029193;-1.55336,0.362274,-1.57442
-0.0221954,-0.0588342,0.0289313;-1.57587,0.311762,-1.5626
-0.0226059,-0.0586115,0.0286833;-1.57304,0.336042,-1.56469
-0.0226919,-0.0583599,0.02868;-1.57283,0.372044,-1.56519
-0.0289622,-0.0677921,0.0306922;-1.54497,0.507451,-1.59562
-0.0337984,-0.0806351,0.0372448;-1.37388,0.571179,-1.67641
-0.0353248,-0.0797648,0.0358567;-1.41281,0.52939,-1.64428
-0.0316079,-0.0694277,0.0290125;-1.58341,0.462422,-1.55548
-0.031935,-0.0684777,0.0293787;-1.5837,0.473996,-1.55296
-0.0318491,-0.0672966,0.0298907;-1.59385,0.498569,-1.54653
-0.0360754,-0.0684416,0.0301613;-1.58864,0.587176,-1.55146
-0.0470251,-0.08346,0.0337468;-1.43831,0.665592,-1.65646
-0.0502936,-0.0896071,0.037446;-1.35007,0.672189,-1.71058
-0.0446662,-0.0794207,0.0290045;-1.58711,0.583967,-1.5548
-0.044464,-0.0793453,0.0288434;-1.57782,0.574457,-1.5602
-0.0448554,-0.0775544,0.0295186;-1.58845,0.604154,-1.54766
-0.0445823,-0.0751079,0.0308911;-1.60843,0.666111,-1.52258
-0.0524158,-0.0813905,0.0323743;-1.60454,0.746876,-1.5394
-0.0657248,-0.0984602,0.0378507;-1.31065,0.798364,-1.76048
-0.059247,-0.0883645,0.0286245;-1.58566,0.707322,-1.56093
-0.0586334,-0.0884383,0.0287004;-1.57052,0.686494,-1.56451
-0.0587287,-0.0879741,0.0288851;-1.58035,0.695874,-1.55713
-0.0593586,-0.0816311,0.0335551;-1.65901,0.78246,-1.47229
-0.061562,-0.0811012,0.0369995;-1.7445,0.832489,-1.40761
-0.0758036,-0.0929031,0.0395889;-1.60182,0.940224,-1.53141
-0.0810366,-0.0978193,0.0286113;-1.57596,0.847998,-1.57041
-0.0796461,-0.097446,0.0286614;-1.5712,0.80998,-1.56674
-0.0794028,-0.0973928,0.0286606;-1.57109,0.834562,-1.56654
-0.0803843,-0.0936272,0.0318425;-1.62872,0.90584,-1.49271
-0.0824373,-0.0933513,0.0369253;-1.7749,0.953839,-1.36899
-0.0964822,-0.101608,0.0406612;-1.70816,1.06318,-1.42834
-0.106263,-0.108666,0.0286017;-1.58705,1.00508,-1.55524
-0.104858,-0.108281,0.0285715;-1.57163,0.976004,-1.5701
-0.105105,-0.108824,0.0288846;-1.55094,0.998755,-1.59129
-0.106411,-0.10974,0.0290528;-1.59237,1.06202,-1.53971
-0.110397,-0.108467,0.0326268;-1.67504,1.1243,-1.45073
-0.123995,-0.111222,0.0391355;-1.78605,1.23025,-1.33835
-0.136182,-0.118599,0.034194;-1.31796,1.19778,-1.78493
-0.129786,-0.116973,0.0287279;-1.5896,1.17042,-1.55078
-0.129097,-0.117217,0.0285683;-1.57227,1.15609,-1.56945
-0.129446,-0.117263,0.0285808;-1.5726,1.18536,-1.56917
-0.129474,-0.115864,0.0292695;-1.60549,1.25242,-1.5242
-0.137493,-0.114567,0.0339422;-1.83398,1.31141,-1.29302
-0.171183,-0.122664,0.0402462;-0.794857,1.36456,-2.28895
-0.168847,-0.122778,0.035951;-1.05335,1.32418,-2.05119
-0.159865,-0.121927,0.0289515;-1.61798,1.31138,-1.51824
-0.161529,-0.123508,0.0287225;-1.55835,1.35497,-1.58722
-0.162473,-0.12379,0.0285574;-1.56195,1.41622,-1.57994
-0.162694,-0.123054,0.0290834;-1.61247,1.45038,-1.52169
-0.195621,-0.123438,0.0417006;0.330861,1.44454,2.84824
-0.2048,-0.124222,0.0385879;-0.173927,1.39535,-2.94244
-0.194856,-0.12316,0.0290547;-1.47829,1.48015,-1.65313
-0.193157,-0.124663,0.0288389;-1.47586,1.48842,-1.67008
-0.194975,-0.12556,0.0286262;-1.75473,1.5668,-1.3895
-0.195935,-0.125269,0.0287205;1.56753,1.54479,1.56743
-0.224673,-0.12273,0.0374788;0.869472,1.33462,2.27571
-0.231006,-0.11976,0.0386532;0.65691,1.35557,2.49423
-0.2171,-0.114448,0.0295902;1.80402,1.51788,1.36193
-0.211163,-0.117464,0.0286674;1.47573,1.54082,1.66727
-0.211872,-0.1178,0.0285808;1.56904,1.4817,1.5724
-0.212859,-0.117278,0.028724;1.57213,1.46026,1.56251
-0.238745,-0.114102,0.0367575;1.05237,1.26807,2.07837
-0.243547,-0.111478,0.0378011;0.913994,1.29987,2.2225
-0.231852,-0.108433,0.0298488;1.54429,1.42539,1.62228
-0.222245,-0.110799,0.0289818;1.58996,1.43342,1.56033
-0.222074,-0.110295,0.0288511;1.59237,1.40159,1.56003
-0.222393,-0.109871,0.0287654;1.58635,1.39079,1.56171
-0.243546,-0.104194,0.0341327;1.29361,1.21253,1.82457
-0.247795,-0.103047,0.0365096;1.12057,1.20815,1.99554
-0.242088,-0.103715,0.0311478;1.41806,1.25991,1.72568
-0.234325,-0.105109,0.0289522;1.5831,1.30674,1.56968
-0.23438,-0.104386,0.0294648;1.59973,1.29317,1.55642
-0.234608,-0.104489,0.0290715;1.60319,1.293,1.55458
-0.235447,-0.102207,0.0295034;1.60267,1.23757,1.55018
-0.264419,-0.0897739,0.0382521;1.18848,1.0843,1.92251
-0.262627,-0.0886722,0.0356366;1.27183,1.14289,1.8579
-0.251335,-0.0908501,0.0292635;1.59044,1.20555,1.57073
-0.246171,-0.0908097,0.0306285;1.62357,1.16738,1.54931
-0.24675,-0.0919151,0.0329947;1.65615,1.16578,1.53833
-0.248286,-0.0908832,0.0309534;1.62675,1.16036,1.54832
-0.273894,-0.0781247,0.036697;1.28279,0.978988,1.81444
-0.277643,-0.0746809,0.0370957;1.25781,1.01971,1.84494
-0.265149,-0.07826,0.0291712;1.59941,1.09944,1.55635
-0.259274,-0.0802597,0.0296622;1.59522,1.0813,1.56478
-0.259235,-0.0764369,0.0331788;1.64262,1.05651,1.55782
-0.258059,-0.0765631,0.0357138;1.75246,1.0406,1.45918
-0.272493,-0.065644,0.0405808;1.60547,0.879987,1.56498
-0.288949,-0.0560823,0.0373952;1.29751,0.895847,1.79384
-0.281011,-0.060483,0.0287211;1.5823,0.960605,1.56357
-0.278397,-0.0622075,0.0289909;1.57759,0.94383,1.57362
-0.277941,-0.059767,0.0294109;1.58587,0.927249,1.57145
-0.275132,-0.0587556,0.0329288;1.64603,0.896948,1.55176
-0.285689,-0.04686,0.0415638;1.73358,0.74781,1.48681
-0.304151,-0.033256,0.0399095;1.39582,0.718848,1.71701
-0.303643,-0.0324719,0.0327864;1.46007,0.776801,1.65718
-0.30005,-0.0372855,0.028779;1.5647,0.771691,1.58019
-0.29966,-0.0370738,0.028841;1.57631,0.75194,1.57587
-0.298544,-0.0369742,0.0298694;1.59417,0.737169,1.57679
-0.297159,-0.0279368,0.040765;1.77564,0.602085,1.49792
-0.311803,-0.0142922,0.047415;1.61663,0.508873,1.58031
-0.324088,-0.00189642,0.0391525;1.38843,0.532119,1.70253
-0.319064,-0.00946222,0.0285688;1.5713,0.614524,1.56985
-0.319328,-0.0104743,0.0286985;1.56755,0.569542,1.57546
-0.318833,-0.00956072,0.0289378;1.57222,0.542109,1.57807
-0.315139,-0.00324135,0.0365373;1.68356,0.47001,1.56327
-0.318576,0.00909439,0.0416403;1.71042,0.361346,1.55466
-0.32927,0.0261321,0.0438311;1.49567,0.331695,1.6391
-0.328182,0.0233185,0.0289291;1.57795,0.440883,1.57831
-0.32847,0.023348,0.0287748;1.56115,0.423429,1.57418
-0.33,0.024286,0.0287214;1.56387,0.368817,1.57303
-0.32872,0.0265643,0.0302708;1.58841,0.330107,1.58837
-0.328523,0.0389463,0.0362645;1.66703,0.241912,1.57959
-0.333182,0.0602532,0.0432588;1.50908,0.11993,1.6292
-0.332352,0.061854,0.0295077;1.58581,0.268874,1.5862
-0.332914,0.0591638,0.0286944;1.57103,0.291833,1.57636
-0.3336,0.0589515,0.0287573;1.5618,0.257168,1.57296
-0.333746,0.0598358,0.028899;1.57539,0.19722,1.58172
-0.332707,0.0697029,0.0324997;1.61161,0.141492,1.58698
-0.334984,0.0917543,0.0400789;1.48577,0.0414624,1.61167
-0.325668,0.089517,0.0303223;1.59091,0.187079,1.60345
-0.325987,0.0830909,0.0288696;1.57541,0.2051,1.57937
-0.326833,0.0816621,0.0286916;1.57034,0.184874,1.57574
-0.32695,0.0819818,0.0285713;1.57119,0.127573,1.57075
-0.325922,0.0878606,0.0297981;1.58,0.0783675,1.57587
-0.327816,0.111082,0.0362518;1.45554,0.00527676,1.59412
-0.319824,0.106346,0.0330204;1.53847,0.090431,1.62009
-0.317435,0.0958332,0.0318818;1.60628,0.10622,1.59796
-0.318904,0.0953158,0.0291474;1.5723,0.113419,1.58228
-0.31856,0.0949289,0.0287844;1.57086,0.0937046,1.58099
-0.317571,0.0961387,0.0287957;1.57767,0.0600933,1.5746
-0.317058,0.111824,0.0326263;1.57621,-0.00950339,1.58044
-0.31498,0.130702,0.0378104;1.43332,-0.00964633,1.60725
-0.308583,0.114629,0.0312402;1.59918,0.0397402,1.60757
-0.306878,0.109207,0.032412;1.60184,0.0349657,1.61017
-0.308487,0.110118,0.0307124;1.58237,0.0208228,1.59913
-0.308186,0.111991,0.0293026;1.5811,0.0304526,1.5878
-0.306569,0.119874,0.0302735;1.58678,-0.0241498,1.57915
-0.303727,0.149649,0.0397548;1.39428,-0.100618,1.58945
-0.299585,0.139484,0.0343548;1.50339,-0.0411544,1.61005
-0.295927,0.127017,0.0327445;1.61802,-0.0352676,1.60692
-0.294536,0.124523,0.0360477;1.6136,-0.0558613,1.65232
-0.295276,0.127271,0.0356102;1.62855,-0.0379297,1.63584
-0.294122,0.129751,0.0336962;1.62908,-0.0453614,1.61361
-0.291221,0.166463,0.0381734;1.39656,-0.197694,1.56167
-0.288487,0.168388,0.0376317;1.42353,-0.152304,1.57538
-0.284669,0.153164,0.0305506;1.58726,-0.102751,1.60516
-0.281987,0.143744,0.0322051;1.59661,-0.151262,1.61762
-0.282315,0.143693,0.0358419;1.61565,-0.166105,1.65309
-0.28197,0.145906,0.0333587;1.63676,-0.153417,1.61917
-0.276936,0.177271,0.0374409;1.43569,-0.292438,1.54629
-0.275411,0.184171,0.0375883;1.39274,-0.261906,1.53012
-0.276331,0.171566,0.0288247;1.57202,-0.217403,1.58253
-0.276534,0.166563,0.0293727;1.57739,-0.230976,1.58575
-0.272952,0.166421,0.0324088;1.59606,-0.267282,1.62341
-0.270783,0.16554,0.0355003;1.65822,-0.282377,1.64346
-0.270783,0.16554,0.0355003;1.65822,-0.282377,1.64346
-0.269922,0.16769,0.0401292;1.73872,-0.32011,1.67493
-0.269922,0.16769,0.0401292;1.73872,-0.32011,1.67493
