0,0,0.11;-1.57,-2.98023e-08,-1.57
0,0,0.11;-1.57,-2.98023e-08,-1.57
0,0,0.11;-1.57,-2.98023e-08,-1.57
0.000148077,0.00691746,0.0286217;-1.56885,-0.134636,-1.57045
0.000332168,0.00714032,0.0285815;-1.57061,-0.0923069,-1.57078
-0.00122276,0.00451626,0.029359;-1.58153,-0.0231776,-1.56893
-0.000477806,-0.0224828,0.0295803;-1.5565,0.0902204,-1.569
-0.00158449,-0.0209045,0.0285834;-1.5713,-0.00837959,-1.57025
-0.00151675,-0.021141,0.0287838;-1.56099,-0.00399266,-1.57065
-0.00157516,-0.0210749,0.0286873;-1.56578,-0.00869962,-1.57051
-0.00127962,-0.0213052,0.0286338;-1.57067,0.0338908,-1.56833
-0.00210503,-0.023215,0.0293858;-1.56384,0.0783906,-1.56105
-0.00464089,-0.0402593,0.0333374;-1.50763,0.167211,-1.55961
-0.00557526,-0.0535143,0.0320775;-1.50167,0.143817,-1.57266
-0.00583343,-0.0507457,0.028625;-1.57193,0.113438,-1.56755
-0.00577966,-0.0506851,0.0286226;-1.56875,0.106489,-1.57096
-0.00544971,-0.0508156,0.0286159;-1.57092,0.131681,-1.56903
-0.00657399,-0.0518127,0.0289771;-1.57524,0.173734,-1.56535
-0.0108643,-0.0628338,0.0327736;-1.62682,0.271975,-1.55277
-0.0149134,-0.0919296,0.0317174;-1.5169,0.368353,-1.5824
-0.0161524,-0.0912201,0.0287423;-1.56612,0.319613,-1.56853
-0.0165746,-0.090903,0.0285889;-1.57105,0.278358,-1.57025
-0.0162565,-0.090597,0.02858;-1.57089,0.288959,-1.57074
-0.0162102,-0.0905479,0.02865;-1.57089,0.332847,-1.5669
-0.0194535,-0.0929709,0.029615;-1.58435,0.401896,-1.5627
-0.0268803,-0.108762,0.0301369;-1.58069,0.475938,-1.56104
-0.0297625,-0.117725,0.0287428;-1.56459,0.479849,-1.57134
-0.0298646,-0.117201,0.0285788;-1.57071,0.442485,-1.57066
-0.0298459,-0.117562,0.028908;-1.55494,0.456407,-1.57605
-0.0297309,-0.117502,0.0289634;-1.55007,0.469249,-1.57976
-0.037933,-0.127468,0.0325775;-1.52448,0.602027,-1.57341
-0.0506829,-0.149449,0.0375303;-1.40522,0.679036,-1.64607
-0.0555746,-0.16029,0.0358095;-1.40591,0.681256,-1.65806
-0.0523284,-0.156655,0.0287087;-1.57092,0.6553,-1.56449
-0.05179,-0.15694,0.0287342;-1.56153,0.674885,-1.57633
-0.0513592,-0.157083,0.0286335;-1.56749,0.696501,-1.57284
-0.0541313,-0.158135,0.0292241;-1.5817,0.792806,-1.56089
-0.0675707,-0.170693,0.0318109;-1.61729,0.904141,-1.53382
-0.0808366,-0.186539,0.0316313;-1.48423,0.950241,-1.63624
-0.083278,-0.187597,0.0285726;-1.57146,0.891645,-1.57031
-0.082922,-0.187387,0.0285838;-1.5707,0.887083,-1.57063
-0.0829353,-0.187455,0.0286194;-1.56763,0.893033,-1.57313
-0.083077,-0.187366,0.0286303;-1.57284,0.937196,-1.56722
-0.0901494,-0.190251,0.0301171;-1.6011,1.01789,-1.54409
-0.107132,-0.204302,0.0315091;-1.50058,1.11291,-1.63289
-0.118078,-0.212459,0.0285688;-1.57312,1.11063,-1.56832
-0.117992,-0.212311,0.0285811;-1.57142,1.09197,-1.57006
-0.11768,-0.212121,0.0285943;-1.57061,1.08713,-1.57022
-0.117639,-0.212316,0.028789;-1.57126,1.11109,-1.56021
-0.120476,-0.212675,0.0302752;-1.5738,1.17291,-1.54963
-0.138729,-0.219761,0.0348743;-1.33933,1.25561,-1.76754
-0.149928,-0.228439,0.0309232;-1.4603,1.28799,-1.65429
-0.148295,-0.227916,0.0287552;-1.56382,1.28253,-1.56838
-0.147984,-0.22788,0.0287415;-1.55453,1.28666,-1.58064
-0.147243,-0.228047,0.0285802;-1.57119,1.33888,-1.57024
-0.14909,-0.228139,0.0293265;-1.58069,1.39302,-1.55879
-0.161418,-0.231132,0.0309327;-1.46369,1.47059,-1.6748
-0.171368,-0.234181,0.0287466;-1.49271,1.4689,-1.64859
-0.171062,-0.234096,0.0285787;-1.57175,1.45557,-1.56989
-0.171042,-0.234217,0.0286861;-1.52517,1.45915,-1.61611
-0.171066,-0.234161,0.0285824;-1.56927,1.45883,-1.57222
-0.171495,-0.233982,0.0289099;-1.53934,1.47473,-1.59967
-0.175636,-0.232756,0.0306388;-1.84062,1.51731,-1.29611
-0.185746,-0.231594,0.0299619;-1.57749,1.56089,-1.55067
-0.188425,-0.231622,0.0288087;-1.74521,1.55542,-1.38445
-0.188612,-0.231506,0.0287516;-1.55624,1.55154,-1.57322
-0.18876,-0.231255,0.0288965;-1.40323,1.54182,-1.72273
-0.18838,-0.231302,0.029741;-1.67508,1.54537,-1.44018
-0.188892,-0.230706,0.0319355;-2.02702,1.54974,-1.07324
-0.21384,-0.228217,0.0383407;0.788398,1.41168,2.38317
-0.227005,-0.227424,0.0382144;0.592772,1.38344,2.57155
-0.220158,-0.229505,0.0291879;1.66195,1.44523,1.50567
-0.21969,-0.229602,0.0290262;1.47237,1.43396,1.67732
-0.218801,-0.230477,0.0287445;1.57302,1.40166,1.57771
-0.218826,-0.230366,0.0290487;1.58167,1.40299,1.57062
-0.233584,-0.224688,0.034955;1.62656,1.28714,1.53203
-0.245001,-0.222949,0.0359013;1.19736,1.27583,1.94255
-0.244056,-0.223842,0.0286738;1.57509,1.29666,1.57093
-0.244391,-0.223844,0.0289493;1.5186,1.30947,1.62564
-0.244298,-0.223854,0.0288485;1.5714,1.3085,1.58323
-0.244178,-0.223756,0.0297946;1.57496,1.31121,1.59246
-0.2608,-0.21565,0.0398657;1.28874,1.23417,1.8884
-0.271589,-0.209502,0.0416019;1.00227,1.21505,2.15185
-0.269779,-0.206406,0.0381968;1.08553,1.24149,2.0723
-0.27036,-0.202078,0.0376584;0.944839,1.28032,2.20721
-0.27386,-0.198956,0.039097;0.758681,1.27273,2.37309
-0.27432,-0.198595,0.0393277;0.838839,1.29721,2.31567
-0.283794,-0.193633,0.043564;1.04504,1.24248,2.13008
-0.286344,-0.191357,0.0437952;0.886958,1.22981,2.27444
-0.284041,-0.191166,0.0406822;0.970489,1.22108,2.18643
-0.277724,-0.1963,0.0368994;1.30943,1.23493,1.89165
-0.275207,-0.199005,0.0378104;1.42223,1.22368,1.80846
-0.275872,-0.198428,0.0384011;1.16033,1.18338,1.99512
-0.283325,-0.199156,0.0430655;1.1306,1.15704,2.03399
-0.286398,-0.200712,0.0431219;1.04198,1.14378,2.10377
-0.284888,-0.202275,0.0385295;1.23713,1.15624,1.91978
-0.282472,-0.20637,0.0290782;1.54284,1.17646,1.60985
-0.283135,-0.205068,0.0293709;1.49769,1.20099,1.65118
-0.283046,-0.204665,0.0294907;1.54784,1.20326,1.61697
-0.284007,-0.202888,0.0326783;1.46994,1.20967,1.70425
-0.29384,-0.193999,0.0415339;1.13659,1.17328,2.0192
-0.292604,-0.191005,0.0403001;1.07972,1.18213,2.06933
-0.290815,-0.188575,0.0376483;1.11543,1.18708,2.02491
-0.293133,-0.185144,0.0382519;0.980187,1.21062,2.143
-0.293837,-0.184118,0.0384968;0.940641,1.21954,2.18024
-0.294479,-0.183322,0.038428;0.950939,1.23947,2.17945
-0.302228,-0.17707,0.042055;1.1058,1.21277,2.05624
-0.303345,-0.174811,0.0410269;1.00609,1.22329,2.1431
-0.303807,-0.173848,0.0385912;0.990915,1.21652,2.13979
-0.302983,-0.173843,0.0358925;1.07301,1.25138,2.06063
-0.305634,-0.17207,0.0379585;0.940224,1.24046,2.18446
-0.306285,-0.17117,0.0372835;0.947062,1.26754,2.18169
-0.312136,-0.170167,0.0395661;1.07723,1.28731,2.08151
-0.31451,-0.171217,0.0377061;1.02746,1.30584,2.12021
-0.312275,-0.171849,0.0337325;1.15333,1.31044,1.98364
-0.308805,-0.17479,0.0308151;1.35232,1.29541,1.79311
-0.309393,-0.174418,0.0336897;1.18525,1.27483,1.95038
-0.310493,-0.173796,0.0351174;1.09363,1.27154,2.0362
-0.312126,-0.17401,0.0389805;1.16165,1.25,1.9944
-0.313051,-0.173518,0.0393628;1.09788,1.25284,2.05309
-0.314054,-0.173723,0.0365657;1.08383,1.26646,2.05659
-0.310012,-0.177184,0.02965;1.4534,1.26865,1.69204
-0.309812,-0.177694,0.0294073;1.46581,1.26318,1.67971
-0.309593,-0.178258,0.0293335;1.4716,1.2502,1.67078
-0.30912,-0.178846,0.0304803;1.56577,1.2297,1.5935
-0.31281,-0.177117,0.0327026;1.64948,1.18344,1.51603
-0.313156,-0.178695,0.0291526;1.58107,1.2211,1.56237
-0.312614,-0.179228,0.0285794;1.5709,1.22655,1.57072
-0.312714,-0.179308,0.0286455;1.56166,1.22331,1.57944
-0.312677,-0.179391,0.0285844;1.56994,1.21709,1.57179
-0.3126,-0.179314,0.0288128;1.56326,1.20972,1.57798
-0.312125,-0.178167,0.0303051;1.59548,1.19359,1.55128
-0.311877,-0.179031,0.0304069;1.5982,1.20648,1.55424
-0.307309,-0.181984,0.0288;1.57136,1.25031,1.58087
-0.307426,-0.18208,0.0290967;1.51902,1.23219,1.6275
-0.3071,-0.182171,0.029274;1.50582,1.22188,1.64338
-0.306329,-0.182567,0.0307559;1.55748,1.20211,1.61857
-0.308768,-0.180153,0.0367562;1.32687,1.18779,1.8404
-0.313572,-0.17621,0.0431751;1.05989,1.16407,2.0919
-0.294734,-0.185279,0.0342212;1.35579,1.27053,1.8194
-0.292233,-0.185426,0.0301067;1.53115,1.26462,1.63873
-0.292107,-0.184642,0.0307633;1.48017,1.27003,1.69031
-0.296008,-0.182571,0.0358759;1.24037,1.26306,1.92866
-0.299094,-0.180745,0.0402781;1.03375,1.25312,2.12983
-0.301557,-0.178649,0.043054;0.98936,1.25299,2.18434
-0.290428,-0.188438,0.0360609;1.15972,1.32576,2.01385
-0.285915,-0.190985,0.0291313;1.54422,1.30761,1.61606
-0.285891,-0.191389,0.0292855;1.49486,1.28881,1.65688
-0.286788,-0.191033,0.0304819;1.56272,1.28126,1.61454
-0.290991,-0.189485,0.0362892;1.2683,1.25906,1.90346
-0.298919,-0.182523,0.0435177;0.861141,1.21354,2.2919
-0.277143,-0.189911,0.039656;0.672493,1.34099,2.49412
-0.2675,-0.192302,0.0323507;1.35279,1.41692,1.83048
-0.267075,-0.191795,0.0324577;1.32638,1.41122,1.85852
-0.26934,-0.191093,0.0340477;1.27452,1.40185,1.91685
-0.274825,-0.189658,0.0367711;1.1198,1.34628,2.06336
-0.292358,-0.185825,0.0406665;0.99884,1.2567,2.17356
-0.299335,-0.183866,0.042601;0.82728,1.24547,2.33679
-0.295241,-0.183837,0.0377983;1.04934,1.29668,2.12222
-0.292934,-0.18251,0.034511;1.28675,1.33265,1.90263
-0.293285,-0.181025,0.037066;1.3117,1.35237,1.91482
-0.295034,-0.179939,0.037627;1.06484,1.29875,2.10998
-0.297289,-0.179859,0.04045;0.991448,1.27291,2.19026
-0.298844,-0.177816,0.0438594;0.68868,1.27159,2.48246
-0.296529,-0.179188,0.0409507;0.693228,1.30831,2.47519
-0.29258,-0.182441,0.0351363;1.05505,1.36073,2.11028
-0.288556,-0.185914,0.0291863;1.5079,1.3548,1.64802
-0.288283,-0.186375,0.0292312;1.52198,1.34142,1.63866
-0.290031,-0.186055,0.0329255;1.35064,1.31828,1.81602
-0.29812,-0.181705,0.0411607;0.921355,1.27579,2.25668
-0.300189,-0.179602,0.0396482;0.900493,1.29942,2.27037
-0.298051,-0.179843,0.0373468;1.04229,1.32071,2.1326
-0.29275,-0.183697,0.0329289;1.44157,1.32464,1.75183
-0.289928,-0.188268,0.0321835;1.49538,1.26844,1.69069
-0.287899,-0.190584,0.0304298;1.51566,1.22525,1.64776
-0.297407,-0.189805,0.0375547;1.24199,1.17124,1.91002
-0.300432,-0.187765,0.0367916;1.18145,1.21289,1.96175
-0.296841,-0.188773,0.0305896;1.45498,1.24378,1.69498
-0.295041,-0.189562,0.0289519;1.54865,1.23584,1.60223
-0.294977,-0.189805,0.0289106;1.5539,1.23659,1.59704
-0.294747,-0.190608,0.0289321;1.5574,1.2127,1.59553
-0.294747,-0.190608,0.0289321;1.5574,1.2127,1.59553
-0.296775,-0.191493,0.0301668;1.51184,1.18018,1.63508
-0.296775,-0.191493,0.0301668;1.51184,1.18018,1.63508
