0,0,0.11;-1.57,-2.98023e-08,-1.57
0,0,0.11;-1.57,-2.98023e-08,-1.57
0,0,0.11;-1.57,-2.98023e-08,-1.57
0.000542222,0.00899076,0.0286275;-1.56834,-0.140589,-1.57074
0.000302328,0.00850991,0.0285816;-1.57059,-0.105941,-1.57041
-0.00130976,0.00486735,0.0298697;-1.58032,-0.0626919,-1.56085
-0.00343939,-0.0202768,0.0346197;-1.47755,-0.0342472,-1.54679
-0.00265396,-0.0127331,0.0285817;-1.57104,-0.139861,-1.57058
-0.00231099,-0.0131898,0.0288612;-1.56145,-0.121208,-1.57378
-0.00231967,-0.0127734,0.0285957;-1.57058,-0.134039,-1.57127
-0.00263518,-0.0133845,0.0288265;-1.57312,-0.0773577,-1.56104
-0.00559062,-0.0197682,0.0313363;-1.59441,-0.0254855,-1.55002
-0.00855004,-0.0402,0.038427;-1.55027,0.0660577,-1.5462
-0.00832037,-0.0500961,0.0321149;-1.51442,0.0116747,-1.5564
-0.00734219,-0.0456051,0.0287556;-1.57309,-0.0455326,-1.56303
-0.00703909,-0.045464,0.0286521;-1.56735,-0.0438271,-1.57065
-0.00759834,-0.0459449,0.0286552;-1.57099,0.0206829,-1.56706
-0.0101547,-0.0489676,0.0301674;-1.58347,0.0773569,-1.55441
-0.0148901,-0.065058,0.0364814;-1.57693,0.168294,-1.54719
-0.0170565,-0.0838881,0.0369135;-1.45499,0.176685,-1.5636
-0.0155098,-0.0779206,0.0321532;-1.50328,0.10386,-1.56531
-0.0136063,-0.0740362,0.0287252;-1.57116,0.0652393,-1.56355
-0.0136932,-0.0736042,0.0285798;-1.57078,0.122497,-1.5708
-0.0142589,-0.0730854,0.0288335;-1.57251,0.179739,-1.55942
-0.0188102,-0.0782608,0.0317012;-1.60016,0.233248,-1.54407
-0.0241274,-0.0914999,0.0366736;-1.56828,0.292291,-1.54424
-0.0240615,-0.0939251,0.0296319;-1.54888,0.228015,-1.5608
-0.0223083,-0.0928564,0.028872;-1.56084,0.234501,-1.57747
-0.0220584,-0.0934796,0.0287034;-1.56718,0.259977,-1.57415
-0.0221772,-0.0938947,0.0286006;-1.57142,0.295586,-1.56896
-0.0324043,-0.105987,0.0353626;-1.64604,0.422388,-1.51447
-0.0412458,-0.124841,0.0417668;-1.47487,0.496057,-1.57713
-0.0439827,-0.130651,0.0372189;-1.40375,0.41973,-1.61359
-0.0378535,-0.119758,0.0285717;-1.57098,0.379136,-1.57083
-0.0375605,-0.120931,0.0288699;-1.56017,0.423025,-1.57928
-0.0376771,-0.121431,0.0287251;-1.56396,0.448198,-1.5745
-0.0440095,-0.124835,0.032108;-1.62012,0.542222,-1.52625
-0.0562297,-0.140132,0.038556;-1.64998,0.651073,-1.49941
-0.0661932,-0.155579,0.0411442;-1.38891,0.652891,-1.63504
-0.058629,-0.147284,0.0288578;-1.57564,0.557202,-1.55832
-0.0587895,-0.147848,0.0289255;-1.55464,0.592483,-1.58298
-0.0587338,-0.148954,0.0288552;-1.55826,0.625671,-1.58103
-0.0611136,-0.149293,0.0298654;-1.59112,0.695879,-1.54225
-0.0714294,-0.156301,0.0355154;-1.69863,0.768155,-1.45991
-0.0874545,-0.172963,0.0421569;-1.49164,0.865084,-1.58719
-0.0861819,-0.173755,0.0290029;-1.58897,0.74298,-1.54422
-0.0851714,-0.173335,0.0286185;-1.57084,0.739301,-1.56854
-0.0854093,-0.174785,0.028913;-1.55323,0.78623,-1.58669
-0.0861933,-0.174206,0.0292499;-1.588,0.860315,-1.54305
-0.0953608,-0.177054,0.0339524;-1.68159,0.91901,-1.45992
-0.114508,-0.188516,0.0407599;-1.59213,1.03023,-1.52006
-0.115284,-0.195527,0.0290358;-1.58462,0.920546,-1.54584
-0.1134,-0.195278,0.0286566;-1.57105,0.903046,-1.56677
-0.113696,-0.196455,0.0289284;-1.5496,0.947888,-1.59221
-0.114471,-0.195938,0.0293371;-1.5902,1.01016,-1.53859
-0.125171,-0.198421,0.0341209;-1.71005,1.06433,-1.42298
-0.14606,-0.20824,0.0409617;-1.4979,1.17519,-1.60088
-0.150546,-0.212031,0.0310735;-1.51398,1.06577,-1.59345
-0.14398,-0.210941,0.0288027;-1.57079,1.02111,-1.55983
-0.143964,-0.211699,0.0288602;-1.55,1.06144,-1.59241
-0.144627,-0.212245,0.028772;-1.57128,1.12577,-1.56106
-0.150885,-0.212149,0.0313458;-1.63763,1.17218,-1.48834
-0.170695,-0.216482,0.0381015;-1.58329,1.2635,-1.53119
-0.183629,-0.219749,0.0361513;-1.28528,1.20513,-1.80433
-0.173006,-0.217726,0.0295004;-1.5838,1.15785,-1.53292
-0.171293,-0.218228,0.0287316;-1.57162,1.144,-1.56251
-0.171396,-0.217971,0.0285727;-1.57179,1.19068,-1.56991
-0.171857,-0.216961,0.0291641;-1.58684,1.23704,-1.54081
-0.181607,-0.215726,0.0333438;-1.74324,1.29415,-1.37594
-0.215758,-0.220393,0.0415231;-1.01469,1.3454,-2.06879
-0.211475,-0.219995,0.0383237;-1.24726,1.2805,-1.84909
-0.19964,-0.219141,0.0292157;-1.5865,1.25134,-1.53576
-0.199184,-0.220372,0.0286488;-1.56146,1.29428,-1.58054
-0.199109,-0.220275,0.0288378;-1.5709,1.33114,-1.55788
-0.201826,-0.218362,0.0304336;-1.63402,1.37002,-1.48379
-0.240218,-0.218987,0.0437823;-0.328686,1.48323,-2.76556
-0.250397,-0.220573,0.0419544;-0.750304,1.41274,-2.34848
-0.239892,-0.221116,0.0305857;-1.45204,1.3919,-1.66256
-0.235083,-0.223259,0.0288396;-1.50705,1.42614,-1.63719
-0.235025,-0.223211,0.0287989;-1.57246,1.4734,-1.55849
-0.235952,-0.221411,0.030308;-1.79572,1.51012,-1.31747
-0.268286,-0.215667,0.0438872;1.20873,1.42123,1.97211
-0.28089,-0.216745,0.0426106;0.588611,1.44149,2.58473
-0.272005,-0.21764,0.0303055;-0.498163,1.55575,-2.61819
-0.266838,-0.220405,0.0288771;1.21808,1.54165,1.91921
-0.266705,-0.220394,0.0287872;1.57431,1.49786,1.57753
-0.267567,-0.218442,0.0304567;1.70235,1.46512,1.46798
-0.299812,-0.206044,0.044345;1.43036,1.26575,1.74918
-0.313931,-0.204433,0.042797;1.04903,1.30454,2.11279
-0.307442,-0.204941,0.0323415;1.31343,1.4125,1.85959
-0.298386,-0.209633,0.0289086;1.48814,1.38615,1.65062
-0.297976,-0.209749,0.0288324;1.57172,1.35078,1.58263
-0.297782,-0.209152,0.0291087;1.61122,1.3319,1.54782
-0.322382,-0.195552,0.0404357;1.65376,1.1531,1.52692
-0.33564,-0.189779,0.0411739;1.18085,1.16104,1.98239
-0.332051,-0.190094,0.0375831;1.27846,1.19746,1.89463
-0.316985,-0.19919,0.0287122;1.57021,1.26869,1.57783
-0.317307,-0.19977,0.0288273;1.53174,1.23604,1.60791
-0.316725,-0.199497,0.0289963;1.58137,1.20713,1.57823
-0.319147,-0.194463,0.0328459;1.68765,1.15433,1.49838
-0.351268,-0.171464,0.0449468;1.40684,0.995122,1.77284
-0.355809,-0.169801,0.043172;1.23589,1.06617,1.92177
-0.345002,-0.180505,0.030775;1.61072,1.13613,1.57456
-0.34289,-0.185018,0.0288534;1.5418,1.09464,1.59659
-0.342318,-0.18525,0.0288222;1.57129,1.07328,1.58245
-0.341469,-0.18298,0.0313129;1.61487,1.0433,1.56789
-0.365626,-0.157898,0.0449107;1.53819,0.841804,1.64813
-0.379155,-0.151354,0.0455315;1.29066,0.888755,1.84732
-0.372316,-0.160435,0.0335238;1.48566,0.974204,1.68521
-0.36751,-0.168538,0.0289611;1.54035,0.947899,1.59503
-0.366998,-0.168741,0.0288964;1.56703,0.930289,1.58702
-0.366284,-0.166378,0.0312557;1.60154,0.908967,1.58496
-0.387726,-0.137039,0.0451435;1.53147,0.722161,1.6522
-0.397702,-0.125775,0.0442928;1.33932,0.777222,1.79382
-0.393353,-0.132417,0.0357763;1.44053,0.870179,1.71984
-0.387798,-0.14553,0.028907;1.55286,0.829123,1.58786
-0.387404,-0.145676,0.0287622;1.56928,0.809585,1.57954
-0.386159,-0.144613,0.0305539;1.59231,0.792662,1.58791
-0.399437,-0.115556,0.0438286;1.58447,0.618842,1.61454
-0.407678,-0.100091,0.0445438;1.43831,0.622253,1.71663
-0.405401,-0.103966,0.0432418;1.44484,0.718855,1.72149
-0.396666,-0.127087,0.029625;1.56159,0.780421,1.59557
-0.396426,-0.128915,0.0287614;1.56949,0.751606,1.57935
-0.395531,-0.128805,0.0293524;1.5769,0.738134,1.586
-0.397817,-0.108624,0.0396546;1.69606,0.61277,1.55641
-0.409008,-0.0889914,0.0463868;1.51358,0.521463,1.66206
-0.411169,-0.0818685,0.0455011;1.47069,0.589779,1.69749
-0.403363,-0.10566,0.0323986;1.58297,0.723295,1.61796
-0.402796,-0.11252,0.0290648;1.56832,0.702019,1.58496
-0.402477,-0.112539,0.0288915;1.56793,0.68428,1.58541
-0.399344,-0.10441,0.037035;1.67355,0.592575,1.57749
-0.402993,-0.0859832,0.0441263;1.62543,0.492484,1.60206
-0.409967,-0.0668077,0.0468883;1.51024,0.46178,1.66873
-0.406175,-0.0856215,0.034095;1.61507,0.629856,1.6162
-0.40744,-0.0921398,0.0307334;1.56758,0.648714,1.60463
-0.407153,-0.0949068,0.0288008;1.56888,0.623203,1.58089
-0.403706,-0.0910712,0.0342676;1.62518,0.553938,1.60123
-0.403015,-0.0780533,0.0405261;1.69577,0.454457,1.58171
-0.408499,-0.056605,0.0478845;1.55576,0.346341,1.63729
-0.413825,-0.0562012,0.0374015;1.51747,0.52122,1.66755
-0.413157,-0.0660123,0.0311541;1.57507,0.550767,1.6079
-0.414249,-0.0706301,0.028879;1.56465,0.520765,1.58285
-0.410208,-0.0682905,0.0338265;1.6085,0.458159,1.61536
-0.408035,-0.057218,0.0399078;1.70636,0.36615,1.59278
-0.411453,-0.0365737,0.0476117;1.57012,0.249022,1.6336
-0.415936,-0.0312559,0.0400665;1.4495,0.425349,1.69289
-0.415771,-0.0461594,0.0319618;1.57708,0.437034,1.61839
-0.417497,-0.0518863,0.0289007;1.56348,0.400081,1.58223
-0.413437,-0.05026,0.0327692;1.60226,0.34766,1.60964
-0.408575,-0.040903,0.0388918;1.69728,0.261518,1.59735
-0.408281,-0.0212507,0.0454651;1.62562,0.149446,1.61896
-0.409866,-0.0080304,0.0458984;1.45364,0.257978,1.68696
-0.410902,-0.0256184,0.0340854;1.58569,0.309232,1.64354
-0.41457,-0.035918,0.0305622;1.56211,0.309499,1.60274
-0.413187,-0.0365824,0.0309354;1.5829,0.27551,1.60436
-0.409631,-0.0315831,0.0357018;1.65083,0.226604,1.60931
-0.40694,-0.0168932,0.0413941;1.72931,0.121567,1.60208
-0.405793,0.0166668,0.0485299;1.43205,0.1113,1.67287
-0.408288,0.00605642,0.0425433;1.49002,0.204114,1.67942
-0.414385,-0.0130641,0.033049;1.58184,0.230423,1.62838
-0.41768,-0.0199035,0.0299683;1.56907,0.205079,1.59581
-0.414067,-0.0191536,0.0329324;1.60147,0.170407,1.61705
-0.408789,-0.0104107,0.0388376;1.6956,0.0972269,1.61876
-0.402417,0.028294,0.0486393;1.47225,-0.0246065,1.65094
-0.404776,0.0260578,0.0481103;1.46197,0.0831882,1.66878
-0.411103,0.00658731,0.0356135;1.59503,0.150574,1.65633
-0.417258,-0.0065198,0.0290981;1.56701,0.141053,1.58387
-0.415619,-0.00615424,0.0313592;1.5848,0.124891,1.61091
-0.410922,-0.00186035,0.0363001;1.65139,0.078471,1.62745
-0.402028,0.0351052,0.0480409;1.54347,-0.124141,1.63678
-0.404104,0.0469394,0.0509364;1.42736,-0.032985,1.64985
-0.409362,0.0358469,0.0411844;1.50188,0.046424,1.66184
-0.419917,0.0152945,0.0289355;1.56736,0.0673714,1.5817
-0.41839,0.0163194,0.0311948;1.5738,0.0539936,1.61143
-0.414077,0.0188473,0.0351144;1.61782,0.0204123,1.63751
-0.400173,0.0488759,0.0477135;1.60636,-0.181282,1.6381
-0.398595,0.0651958,0.0500665;1.45044,-0.108195,1.63258
-0.403155,0.0571838,0.0422037;1.48595,-0.0159011,1.65271
-0.416904,0.0345937,0.029143;1.56713,0.00229621,1.58334
-0.415568,0.034874,0.0313366;1.57924,-0.0179611,1.61125
-0.411047,0.0362173,0.0352191;1.61961,-0.0527666,1.641
-0.411047,0.0362173,0.0352191;1.61961,-0.0527666,1.641
-0.40244,0.0450695,0.0409692;1.71401,-0.126722,1.66882
-0.40244,0.0450695,0.0409692;1.71401,-0.126722,1.66882
