0,0,0.11;-1.57,-2.98023e-08,-1.57
0,0,0.11;-1.57,-2.98023e-08,-1.57
0,0,0.11;-1.57,-2.98023e-08,-1.57
-0.000568951,0.000240837,0.0287574;-1.57074,-0.160598,-1.57944
-0.00066723,-2.24192e-05,0.0286566;-1.57024,-0.163433,-1.57419
-0.00100137,-0.000348253,0.0286611;-1.57009,-0.166163,-1.56727
-0.00151197,-0.00171122,0.030068;-1.54889,-0.156669,-1.54623
-0.00200975,-0.00455682,0.028645;-1.57001,-0.187112,-1.56825
-0.00203064,-0.00424426,0.0286688;-1.57395,-0.207056,-1.57267
-0.00218544,-0.00426915,0.0285946;-1.57013,-0.212003,-1.57067
-0.00221352,-0.00361716,0.0288137;-1.55939,-0.220796,-1.56813
-0.00182054,-0.00293908,0.0292202;-1.54697,-0.20308,-1.55782
-0.00163645,-0.00120601,0.0303161;-1.53553,-0.172953,-1.54951
-0.00093516,-0.00157103,0.029882;-1.5471,-0.172402,-1.54978
-0.000286567,-0.00323166,0.029126;-1.55413,-0.176688,-1.55789
-4.97527e-05,-0.00295911,0.0286838;-1.57082,-0.172258,-1.56582
-0.000299751,-0.00387982,0.0285943;-1.57017,-0.209162,-1.57019
-0.000602716,-0.00385645,0.0289616;-1.55545,-0.212554,-1.5641
-0.00116492,-0.00320138,0.0294904;-1.549,-0.219707,-1.55489
-0.00276573,-0.00591231,0.0317385;-1.50658,-0.21457,-1.54743
-0.00202716,-0.00783196,0.030365;-1.52847,-0.215015,-1.55787
-0.00171577,-0.00747132,0.0287086;-1.56453,-0.208128,-1.56944
-0.00161832,-0.00740747,0.0285796;-1.57082,-0.203973,-1.5708
-0.00155144,-0.00688087,0.0286036;-1.57022,-0.202218,-1.56966
-0.00152919,-0.00632384,0.0291054;-1.55462,-0.194597,-1.55797
-0.00166151,-0.00525876,0.0293143;-1.55096,-0.19239,-1.5551
-0.00121313,-0.00564145,0.0294135;-1.54513,-0.188944,-1.55844
-0.000732204,-0.00512999,0.0285796;-1.57083,-0.171646,-1.57076
-0.000792088,-0.00555504,0.028698;-1.57072,-0.1548,-1.57643
-0.000798608,-0.00490293,0.0287216;-1.57004,-0.164614,-1.57704
-0.00111966,-0.00406192,0.0292229;-1.5533,-0.163729,-1.56538
-0.0017826,-0.00331747,0.0308967;-1.52769,-0.152544,-1.55456
-0.00270084,-0.00556111,0.0318043;-1.50358,-0.16322,-1.55272
-0.00343515,-0.00597081,0.0285904;-1.57068,-0.204242,-1.57131
-0.00333851,-0.00538538,0.0286061;-1.57079,-0.23486,-1.57216
-0.00329869,-0.00504263,0.0285794;-1.57079,-0.26498,-1.57079
-0.00379446,-0.0054853,0.0290216;-1.55361,-0.29031,-1.56092
-0.00442945,-0.00497622,0.0297619;-1.54473,-0.285449,-1.55007
-0.00471236,-0.00347238,0.0313614;-1.52905,-0.273795,-1.53779
-0.00381856,-0.00877739,0.0294577;-1.54321,-0.284369,-1.55864
-0.00374118,-0.0082992,0.0287526;-1.57094,-0.286268,-1.56247
-0.00364343,-0.00815863,0.0286481;-1.57084,-0.278371,-1.5675
-0.00367842,-0.00777236,0.0288843;-1.55565,-0.296395,-1.56603
-0.00378066,-0.00658679,0.0294775;-1.54588,-0.297054,-1.55511
-0.0045573,-0.00545301,0.0313799;-1.51758,-0.283681,-1.53956
-0.00497928,-0.00838499,0.0291879;-1.54566,-0.320917,-1.56043
-0.00478623,-0.0078061,0.0287821;-1.56064,-0.309361,-1.56755
-0.00474255,-0.00790082,0.02858;-1.57077,-0.30953,-1.57079
-0.0050153,-0.00829741,0.0289444;-1.56096,-0.310326,-1.55972
-0.00601923,-0.00750184,0.0302376;-1.53983,-0.320498,-1.54442
-0.00715027,-0.00522648,0.0330199;-1.52159,-0.318259,-1.51727
-0.00824631,-0.00694395,0.0315345;-1.49522,-0.343296,-1.54076
-0.00785223,-0.00577271,0.0294173;-1.5366,-0.3419,-1.5593
-0.00768908,-0.00511378,0.0288007;-1.55971,-0.3441,-1.56668
-0.00787819,-0.00534716,0.0291845;-1.55084,-0.327611,-1.55409
-0.0081134,-0.00413971,0.0318697;-1.52911,-0.296154,-1.5305
-0.00891161,-0.00182106,0.0336229;-1.54227,-0.271482,-1.50464
-0.00873858,-0.000850993,0.0341946;-1.47525,-0.294629,-1.51676
-0.00789879,-0.00131916,0.0332179;-1.46641,-0.306218,-1.5355
-0.00774447,0.00156908,0.0290694;-1.54964,-0.306507,-1.5607
-0.00757958,0.00204587,0.0288218;-1.55871,-0.295823,-1.56708
-0.00755037,0.0021512,0.0290081;-1.56501,-0.289711,-1.55398
-0.00860235,0.00141673,0.0299727;-1.55538,-0.273018,-1.54525
-0.0114009,-0.00340053,0.035371;-1.49101,-0.267769,-1.50256
-0.0121339,-0.00855112,0.0358281;-1.46609,-0.295747,-1.50461
-0.0132768,-0.00980616,0.0350298;-1.47087,-0.300244,-1.51254
-0.0129761,-0.0100173,0.0302893;-1.55167,-0.370912,-1.54259
-0.0129127,-0.00910193,0.0314138;-1.52151,-0.369221,-1.5363
-0.0132708,-0.00685706,0.0336593;-1.49634,-0.350737,-1.51367
-0.0150256,-0.0039327,0.0354206;-1.48476,-0.303617,-1.49835
-0.0144825,-0.00940909,0.0342991;-1.46252,-0.321158,-1.52125
-0.0143333,-0.0109327,0.0317212;-1.49547,-0.333152,-1.54251
-0.013941,-0.00780151,0.0290656;-1.56872,-0.310694,-1.55817
-0.0135934,-0.00692139,0.0291166;-1.55448,-0.29262,-1.5558
-0.0137072,-0.00581104,0.0293847;-1.54466,-0.27353,-1.55207
-0.0153514,-0.00316942,0.0313178;-1.531,-0.241468,-1.53447
-0.0158685,-0.00567871,0.0326692;-1.51958,-0.267272,-1.5211
-0.0166188,-0.00849021,0.0319496;-1.49452,-0.28537,-1.53845
-0.0172191,-0.00870729,0.028743;-1.56678,-0.30575,-1.5656
-0.0172611,-0.00922733,0.0291357;-1.54493,-0.304589,-1.5605
-0.0172602,-0.00923257,0.0293472;-1.54016,-0.301926,-1.5535
-0.0189019,-0.00746767,0.0342907;-1.50292,-0.274604,-1.50031
-0.0190672,-0.00763978,0.0349767;-1.49038,-0.275773,-1.49752
-0.0190769,-0.0091605,0.0352329;-1.46049,-0.286295,-1.50608
-0.0197658,-0.0114645,0.0303995;-1.53048,-0.326224,-1.54487
-0.0193988,-0.011675,0.0291388;-1.54853,-0.323923,-1.55748
-0.0193089,-0.0111093,0.0290521;-1.55595,-0.313469,-1.5575
-0.0196643,-0.00775616,0.033024;-1.52744,-0.269785,-1.51078
-0.0196305,-0.00723112,0.0341649;-1.50956,-0.263572,-1.49975
-0.0195541,-0.00614479,0.0352219;-1.49767,-0.255512,-1.49215
-0.0176097,-0.00889244,0.0304272;-1.53368,-0.276221,-1.54713
-0.0167449,-0.00785789,0.0288541;-1.56241,-0.26758,-1.5635
-0.0166189,-0.00739859,0.0286874;-1.56788,-0.259776,-1.56773
-0.0165139,-0.00551714,0.0295603;-1.55418,-0.230374,-1.55534
-0.0174676,-0.00489477,0.0317658;-1.54151,-0.237108,-1.52959
-0.0180476,-0.00490428,0.0328264;-1.52473,-0.240683,-1.51929
-0.0180383,-0.00656035,0.0329837;-1.51522,-0.254413,-1.52329
-0.017387,-0.007332,0.0297038;-1.56196,-0.262173,-1.55622
-0.0169484,-0.00648495,0.0295565;-1.56008,-0.254782,-1.55949
-0.0168047,-0.00425943,0.0306637;-1.54905,-0.251343,-1.54677
-0.0172662,0.000400335,0.0318244;-1.53516,-0.229966,-1.53643
-0.0170594,0.000668338,0.0323391;-1.52437,-0.222926,-1.5339
-0.0169036,-3.98144e-05,0.032927;-1.48598,-0.213902,-1.54826
-0.0145905,0.000753504,0.0286897;-1.57191,-0.203837,-1.57524
-0.014421,0.00132797,0.0287274;-1.57066,-0.210779,-1.57773
-0.0146322,0.00221165,0.0286782;-1.57017,-0.221905,-1.57565
-0.0168752,0.00363953,0.0327548;-1.54408,-0.256262,-1.52199
-0.0171453,0.00441302,0.0326262;-1.54111,-0.285617,-1.52469
-0.0175691,0.00362464,0.0337642;-1.48584,-0.299392,-1.53408
-0.0161137,0.0041558,0.0288168;-1.57273,-0.303479,-1.58074
-0.0159712,0.00435284,0.0289687;-1.57741,-0.313916,-1.58493
-0.0158911,0.00446246,0.0288484;-1.57057,-0.320932,-1.58349
-0.0170979,0.00592971,0.0315566;-1.57487,-0.308244,-1.53628
-0.0180354,0.00717669,0.0331752;-1.55539,-0.312318,-1.51941
-0.017431,0.00687212,0.0328279;-1.52574,-0.326991,-1.53393
-0.0162944,0.00445496,0.0321902;-1.53114,-0.318384,-1.58498
-0.0156522,0.00556315,0.0298917;-1.57469,-0.319813,-1.5964
-0.0158559,0.00389931,0.0307591;-1.58018,-0.304945,-1.60702
-0.0177345,-0.000969343,0.0293238;-1.57166,-0.246495,-1.5788
-0.0182852,0.000205189,0.0304615;-1.5802,-0.215188,-1.55588
-0.0187409,-0.000583873,0.0318032;-1.55293,-0.203865,-1.54467
-0.0195992,-0.00265255,0.0359802;-1.43626,-0.227963,-1.54807
-0.0199586,-0.00257067,0.0352741;-1.45309,-0.253036,-1.54736
-0.0198883,-0.00100949,0.0329187;-1.50512,-0.264308,-1.55261
-0.0248994,0.00416633,0.0367424;-1.52315,-0.248513,-1.49676
-0.028274,0.00748762,0.0404408;-1.57027,-0.219024,-1.4763
-0.028191,0.01262,0.0419728;-1.60613,-0.199376,-1.46529
-0.0267208,0.00884122,0.0401319;-1.47926,-0.177575,-1.49282
-0.0258511,-0.0003466,0.0400229;-1.365,-0.207235,-1.53191
-0.0262851,-0.00342871,0.0388823;-1.38648,-0.194261,-1.54115
-0.0230224,0.00335255,0.035474;-1.49751,-0.222668,-1.52102
-0.0261364,0.00928714,0.0372048;-1.55805,-0.21088,-1.49196
-0.0278354,0.0165738,0.039762;-1.63394,-0.197374,-1.47069
-0.0264076,0.023285,0.041181;-1.64574,-0.203403,-1.46524
-0.0227709,0.0200813,0.0403255;-1.63128,-0.228066,-1.47287
-0.0223957,0.0159124,0.0363661;-1.60577,-0.222851,-1.49763
-0.0256322,0.0133887,0.0349541;-1.62469,-0.20559,-1.52623
-0.0275173,0.0148637,0.0380848;-1.64913,-0.198174,-1.50975
-0.0279102,0.0159003,0.0409583;-1.67153,-0.208532,-1.49238
-0.0287343,0.0168543,0.0413661;-1.62757,-0.216641,-1.48759
-0.0272795,0.0157436,0.0450932;-1.6378,-0.218521,-1.4813
-0.0224644,0.0160389,0.0410386;-1.65504,-0.256031,-1.48262
-0.0163715,0.00856028,0.0294529;-1.60021,-0.246176,-1.578
-0.0172224,0.00766338,0.0293497;-1.59706,-0.237253,-1.57448
-0.0184695,0.00734189,0.0312342;-1.59987,-0.227369,-1.554
-0.0202144,0.00935925,0.0330586;-1.56486,-0.231823,-1.52395
-0.0226917,0.00783,0.0346288;-1.49087,-0.225546,-1.53177
-0.0262048,-0.000252952,0.0381733;-1.42499,-0.219623,-1.55111
-0.0257453,-0.00225111,0.0343896;-1.49615,-0.230931,-1.56331
-0.0261433,0.000302349,0.0350646;-1.51074,-0.19793,-1.53394
-0.0260421,0.00239011,0.0386842;-1.53678,-0.172139,-1.5233
-0.0303495,0.00253946,0.0458587;-1.54415,-0.157667,-1.51056
-0.0351219,-0.00192201,0.0444332;-1.46681,-0.12733,-1.52822
-0.0389674,-0.0147513,0.0437414;-1.35251,-0.119948,-1.54958
-0.0352069,-0.0283382,0.0421819;-1.35415,-0.135098,-1.57216
-0.033848,-0.0247209,0.0399265;-1.39641,-0.127587,-1.57996
-0.0328158,-0.0241722,0.0421001;-1.40094,-0.132658,-1.56667
-0.0428354,-0.0110046,0.0473702;-1.49011,-0.102723,-1.51689
-0.0426643,-0.00658013,0.0495226;-1.48143,-0.110927,-1.51848
-0.0422152,-0.0136968,0.0446255;-1.40025,-0.0954517,-1.52564
-0.0408228,-0.0264103,0.0399806;-1.36413,-0.121862,-1.55122
-0.0432299,-0.0243613,0.0373591;-1.41945,-0.132359,-1.55102
-0.0432519,-0.020131,0.037669;-1.44503,-0.11286,-1.53719
-0.0388875,-0.0131847,0.0458288;-1.50058,-0.103918,-1.51516
-0.0369435,-0.00991844,0.0438077;-1.48735,-0.1056,-1.52466
-0.0370263,-0.0116516,0.0383802;-1.40082,-0.107479,-1.54312
-0.037988,-0.0182332,0.0381357;-1.39794,-0.143208,-1.54466
-0.0363718,-0.018132,0.0357205;-1.44339,-0.138869,-1.55651
-0.0373215,-0.0157082,0.0329488;-1.52153,-0.136879,-1.54404
-0.0430117,-0.00714437,0.0381853;-1.5458,-0.0871539,-1.4909
-0.0457745,-0.00208067,0.0394478;-1.53275,-0.0950383,-1.48078
-0.0451253,-0.000653214,0.0396956;-1.4768,-0.119584,-1.48231
-0.0411926,-0.00711351,0.0393344;-1.45095,-0.128158,-1.48358
-0.0385843,-0.00946494,0.0366369;-1.48326,-0.132032,-1.50209
-0.0386591,-0.00774811,0.0342076;-1.5175,-0.142547,-1.51541
-0.0430393,-5.7669e-05,0.0370559;-1.52383,-0.113206,-1.46404
-0.0443338,0.000778778,0.0398531;-1.51361,-0.112871,-1.46463
-0.0444636,0.00233889,0.0411239;-1.4569,-0.142974,-1.47914
-0.0386518,-0.00195275,0.0420572;-1.31387,-0.223931,-1.51234
-0.0370318,-0.00224104,0.0391579;-1.36915,-0.232628,-1.52168
-0.0365133,-2.80134e-05,0.0371866;-1.40855,-0.236074,-1.53198
-0.0365133,-2.80134e-05,0.0371866;-1.40855,-0.236074,-1.53198
-0.0377009,0.00514535,0.0355513;-1.49703,-0.227262,-1.51598
-0.0377009,0.00514535,0.0355513;-1.49703,-0.227262,-1.51598
