0,0,0.11;-1.57,-2.98023e-08,-1.57
0,0,0.11;-1.57,-2.98023e-08,-1.57
0,0,0.11;-1.57,-2.98023e-08,-1.57
2.73281e-05,0.00643926,0.0286327;-1.56801,-0.13325,-1.56994
0.000276536,0.00670956,0.0286796;-1.57076,-0.0992602,-1.56605
-0.00174036,0.00234046,0.0300906;-1.57361,-0.0410097,-1.5525
-0.00305122,-0.0273598,0.0353035;-1.44985,0.0178518,-1.56219
-0.00335107,-0.0216261,0.0285779;-1.57098,-0.059175,-1.57051
-0.00301394,-0.0216976,0.0288151;-1.55955,-0.0493979,-1.57034
-0.00256479,-0.0217651,0.0287683;-1.56202,-0.0355879,-1.57082
-0.00158661,-0.0215137,0.0286798;-1.57068,0.0386071,-1.56593
-0.00414722,-0.0245193,0.0302382;-1.57956,0.103718,-1.55013
-0.00871964,-0.0474352,0.0348381;-1.51664,0.215566,-1.54935
-0.00901485,-0.0565616,0.0336648;-1.48312,0.186848,-1.57244
-0.00724926,-0.0497011,0.0286469;-1.57162,0.140062,-1.5665
-0.00716094,-0.0494149,0.028753;-1.5623,0.125207,-1.57194
-0.00673776,-0.0496192,0.0285883;-1.57052,0.17839,-1.5703
-0.00847394,-0.052068,0.0294678;-1.57633,0.207554,-1.55717
-0.015643,-0.0734708,0.0330602;-1.55345,0.303909,-1.54787
-0.0220955,-0.0987113,0.0394024;-1.37857,0.306873,-1.60196
-0.0201186,-0.0941639,0.0339993;-1.46217,0.262511,-1.59297
-0.0177224,-0.0894766,0.0286004;-1.5709,0.226387,-1.5697
-0.0179318,-0.0895917,0.0285818;-1.57055,0.216345,-1.57064
-0.017676,-0.0892874,0.028674;-1.57061,0.272584,-1.56625
-0.0211417,-0.0926317,0.0303799;-1.57828,0.345337,-1.549
-0.0291778,-0.110413,0.0342512;-1.49105,0.406932,-1.58065
-0.0307649,-0.114334,0.0319459;-1.49648,0.369159,-1.59212
-0.0292999,-0.11191,0.0288498;-1.5588,0.356326,-1.57655
-0.0291285,-0.111803,0.0287008;-1.567,0.365191,-1.57435
-0.029365,-0.113044,0.0285751;-1.57078,0.417338,-1.57053
-0.0384435,-0.123226,0.0345573;-1.68154,0.539347,-1.51283
-0.048716,-0.14043,0.0413461;-1.53271,0.603612,-1.5772
-0.0526022,-0.148819,0.0385422;-1.35738,0.546924,-1.6702
-0.0414726,-0.137667,0.0288303;-1.57384,0.483122,-1.57851
-0.0417248,-0.138382,0.0287975;-1.56953,0.490392,-1.58083
-0.0421167,-0.138808,0.0288142;-1.57399,0.501363,-1.57739
-0.0519525,-0.146351,0.0325525;-1.66255,0.606994,-1.52608
-0.0627171,-0.157508,0.0403057;-1.64864,0.676366,-1.53074
-0.0689101,-0.163943,0.0429379;-1.49203,0.668107,-1.61972
-0.0552382,-0.151084,0.0291698;-1.58711,0.566686,-1.57644
-0.0550601,-0.151288,0.0290238;-1.57629,0.576196,-1.57978
-0.0553052,-0.151457,0.0289833;-1.57836,0.582773,-1.57946
-0.0618809,-0.154912,0.0305765;-1.63018,0.67763,-1.54043
-0.0691715,-0.159618,0.0360361;-1.75773,0.744673,-1.45658
-0.0771007,-0.167846,0.0423219;-1.72287,0.813122,-1.47058
-0.0725338,-0.165583,0.0291227;-1.58976,0.690977,-1.56995
-0.071624,-0.165333,0.0287419;-1.57132,0.674131,-1.57757
-0.0717837,-0.165322,0.0288068;-1.56937,0.679859,-1.58147
-0.0741826,-0.166318,0.028988;-1.5925,0.765576,-1.55996
-0.0837409,-0.17246,0.0320598;-1.65239,0.80093,-1.51147
-0.101196,-0.188419,0.0390698;-1.54482,0.887713,-1.57689
-0.10347,-0.19212,0.0288566;-1.58393,0.789553,-1.55751
-0.102124,-0.191586,0.0285755;-1.57088,0.766518,-1.57079
-0.10223,-0.191771,0.0288401;-1.55466,0.759915,-1.58257
-0.101784,-0.191992,0.0287402;-1.57132,0.831861,-1.56228
-0.107837,-0.193732,0.0308294;-1.58611,0.907573,-1.53584
-0.128801,-0.209323,0.0376733;-1.37101,1.01177,-1.70526
-0.132533,-0.215583,0.0317723;-1.47373,0.976581,-1.63767
-0.127757,-0.213884,0.028668;-1.57107,0.94933,-1.56559
-0.127682,-0.214095,0.0287934;-1.55475,0.960481,-1.58482
-0.127671,-0.215285,0.0285948;-1.57009,1.04033,-1.57069
-0.130757,-0.215505,0.0289152;-1.57718,1.09518,-1.5639
-0.149817,-0.223222,0.0318274;-1.56499,1.19761,-1.55778
-0.166333,-0.230856,0.0340376;-1.33601,1.14481,-1.77416
-0.160609,-0.227623,0.0285971;-1.57333,1.09317,-1.56647
-0.160313,-0.227496,0.0285806;-1.57076,1.05106,-1.57081
-0.160498,-0.227545,0.0285803;-1.57073,1.05623,-1.57085
-0.160633,-0.227545,0.0286882;-1.57211,1.09211,-1.56437
-0.164648,-0.226429,0.0296976;-1.59627,1.16084,-1.53948
-0.201605,-0.241139,0.0368229;-1.15894,1.23837,-1.94359
-0.199845,-0.239708,0.0328417;-1.3476,1.19938,-1.77405
-0.19362,-0.237264,0.0285757;-1.57138,1.15248,-1.57019
-0.193177,-0.238144,0.0287914;-1.54421,1.19091,-1.59586
-0.192991,-0.238756,0.0285834;-1.57023,1.23762,-1.57122
-0.193131,-0.238168,0.028778;-1.58711,1.29253,-1.54708
-0.232683,-0.244017,0.0397719;-0.523479,1.40754,-2.5723
-0.243484,-0.247223,0.0386057;-0.657459,1.34522,-2.45522
-0.232665,-0.245746,0.0286651;-1.6023,1.38282,-1.53813
-0.23176,-0.245914,0.0289077;-1.49843,1.35226,-1.64132
-0.231897,-0.246279,0.0285938;-1.56575,1.38545,-1.5759
-0.232924,-0.245806,0.0285893;-1.57369,1.43688,-1.56706
-0.269712,-0.246784,0.0395155;0.169684,1.53912,2.98682
-0.285508,-0.24847,0.0379085;-0.280331,1.39465,-2.85415
-0.271003,-0.246972,0.0289282;-1.68787,1.43328,-1.45976
-0.269512,-0.248065,0.0288012;-1.56665,1.4032,-1.58485
-0.271265,-0.247692,0.0288247;-1.57344,1.44811,-1.57953
-0.275072,-0.246378,0.0295219;-1.96424,1.50147,-1.18546
-0.294425,-0.242033,0.041771;2.19224,1.43566,0.937542
-0.29966,-0.242384,0.0423683;1.95813,1.51271,1.1652
-0.289085,-0.24381,0.0302255;-2.83658,1.53024,-0.311587
-0.288785,-0.244832,0.02915;-2.22043,1.56176,-0.934971
-0.291559,-0.244278,0.0290984;1.78401,1.53178,1.34104
-0.295667,-0.242051,0.0294798;1.69909,1.4841,1.42493
-0.308719,-0.236244,0.0393591;2.18642,1.28464,0.938192
-0.309242,-0.235778,0.038987;2.14066,1.3519,0.996319
-0.307352,-0.236277,0.0348704;2.18126,1.36177,0.961055
-0.304345,-0.239755,0.0289366;1.64618,1.47848,1.48582
-0.305635,-0.239674,0.0289268;1.62348,1.46946,1.50734
-0.307494,-0.238617,0.0289351;1.58514,1.42614,1.54182
-0.312545,-0.2351,0.0306555;1.77828,1.35415,1.36003
-0.338634,-0.22598,0.0402463;1.39397,1.25809,1.74344
-0.339401,-0.225105,0.0337163;1.24081,1.31214,1.88337
-0.330593,-0.227221,0.0289953;1.64819,1.39375,1.48782
-0.330154,-0.227459,0.0286767;1.56998,1.39016,1.567
-0.331204,-0.227736,0.0286256;1.56085,1.35375,1.57963
-0.332236,-0.226777,0.028587;1.57232,1.29249,1.56989
-0.36186,-0.212875,0.037234;1.46276,1.12643,1.6975
-0.377885,-0.208905,0.0394026;1.0928,1.12781,2.02854
-0.368512,-0.215396,0.028572;1.60352,1.1873,1.54152
-0.36711,-0.216535,0.028877;1.53193,1.21023,1.60645
-0.367706,-0.21694,0.0287454;1.55055,1.16863,1.58948
-0.367492,-0.216959,0.0285804;1.57028,1.14035,1.57145
-0.396659,-0.199279,0.0355626;1.43778,0.975089,1.70953
-0.4132,-0.190701,0.039757;1.18904,0.991458,1.9155
-0.40644,-0.197951,0.0296807;1.53397,1.02133,1.61089
-0.405096,-0.200171,0.0288741;1.54414,1.05456,1.59315
-0.405081,-0.200414,0.0286644;1.5628,1.03971,1.57769
-0.405072,-0.200448,0.0286301;1.57086,1.01114,1.57312
-0.420599,-0.183186,0.0329557;1.53165,0.821113,1.62255
-0.436098,-0.172374,0.0386422;1.32641,0.808355,1.77403
-0.433828,-0.174769,0.0354197;1.37955,0.861888,1.73103
-0.428724,-0.182705,0.0287785;1.55689,0.883788,1.581
-0.429341,-0.182719,0.0288391;1.55264,0.862848,1.58409
-0.429579,-0.183016,0.0286104;1.56866,0.83265,1.57287
-0.433731,-0.175015,0.0308585;1.59016,0.714327,1.57352
-0.454268,-0.153692,0.0369831;1.44173,0.626977,1.67702
-0.462182,-0.144098,0.0402599;1.31597,0.659601,1.75702
-0.455019,-0.158926,0.0285611;1.57078,0.706132,1.57034
-0.455122,-0.158962,0.0288998;1.55168,0.700923,1.58263
-0.455586,-0.158903,0.0288261;1.55594,0.67503,1.57979
-0.455465,-0.156616,0.0293179;1.57598,0.618365,1.57582
-0.466293,-0.137058,0.0328962;1.55045,0.521524,1.60565
-0.479659,-0.116936,0.0394525;1.36964,0.495418,1.69657
-0.477283,-0.128253,0.0285869;1.57097,0.52076,1.57116
-0.477541,-0.128312,0.028833;1.55719,0.515716,1.57731
-0.477307,-0.128596,0.0287754;1.56147,0.521114,1.57431
-0.477948,-0.126103,0.0287034;1.57736,0.422998,1.56809
-0.479824,-0.116358,0.0332854;1.65208,0.365844,1.54128
-0.486798,-0.0965263,0.0406422;1.58907,0.277411,1.5756
-0.491168,-0.0968255,0.028286;1.59919,0.361371,1.5607
-0.491684,-0.0982313,0.0287213;1.57039,0.382349,1.56331
-0.491868,-0.0979837,0.0288772;1.56533,0.369303,1.56368
-0.491649,-0.0948481,0.0291419;1.58886,0.287937,1.55537
-0.491225,-0.0858538,0.0330294;1.65591,0.217893,1.54149
-0.493033,-0.071834,0.0394582;1.70197,0.134325,1.53694
-0.496314,-0.067997,0.0282313;1.58806,0.256385,1.56618
-0.496997,-0.0693242,0.0287187;1.56944,0.278216,1.56391
-0.496937,-0.0691335,0.0288268;1.56815,0.272592,1.56223
-0.496317,-0.0662948,0.0289575;1.58054,0.192456,1.5603
-0.494998,-0.0586674,0.0313417;1.62329,0.123071,1.55558
-0.494426,-0.0443037,0.0376044;1.64928,0.0257765,1.56358
-0.494245,-0.0333424,0.0340915;1.47333,0.100481,1.59234
-0.495447,-0.0405013,0.0284936;1.56879,0.113371,1.5721
-0.495758,-0.0403719,0.028756;1.57071,0.0933693,1.5624
-0.496062,-0.039595,0.0286636;1.57063,0.0448353,1.56677
-0.494764,-0.0373261,0.0288077;1.57988,-0.0271194,1.56904
-0.49193,-0.0260158,0.032825;1.63279,-0.097196,1.57867
-0.488034,0.00765652,0.039021;1.38755,-0.0998211,1.581
-0.491207,-0.00194662,0.0292774;1.55601,-0.10077,1.58416
-0.49182,-0.00355327,0.0285845;1.57036,-0.104384,1.57039
-0.492519,-0.002745,0.0287585;1.5621,-0.145917,1.56949
-0.492633,-0.00287628,0.0285807;1.57063,-0.178381,1.57094
-0.490149,-4.50432e-05,0.0298855;1.58064,-0.234279,1.5849
-0.477292,0.0464854,0.0405245;1.36253,-0.328977,1.53375
-0.480871,0.0415679,0.0355559;1.43609,-0.300931,1.54463
-0.48582,0.0343292,0.0286746;1.57051,-0.275419,1.57616
-0.485764,0.0344478,0.028838;1.55863,-0.274408,1.56683
-0.486176,0.0344972,0.0285775;1.57088,-0.311989,1.57072
-0.485486,0.0341741,0.0288858;1.57368,-0.365346,1.58136
-0.46583,0.0712971,0.0396117;1.40214,-0.539094,1.52301
-0.46211,0.0797586,0.0405535;1.335,-0.487304,1.48626
-0.472053,0.0702397,0.0288674;1.56854,-0.49714,1.58126
-0.473825,0.069157,0.0288645;1.55582,-0.485782,1.56358
-0.474043,0.0693461,0.0287332;1.56232,-0.51046,1.56671
-0.47415,0.0692123,0.0286182;1.57077,-0.540625,1.57268
-0.452547,0.0972657,0.036104;1.46565,-0.712363,1.53452
-0.441408,0.111742,0.040808;1.29876,-0.646648,1.43153
-0.449587,0.106089,0.0323853;1.49253,-0.663486,1.53913
-0.452765,0.104208,0.0288378;1.55504,-0.685764,1.56061
-0.453131,0.10503,0.0286415;1.56661,-0.733243,1.56815
-0.452912,0.105043,0.0285796;1.57043,-0.760543,1.57086
-0.452912,0.105043,0.0285796;1.57043,-0.760543,1.57086
-0.448002,0.107014,0.0300794;1.58422,-0.821449,1.59195
-0.448002,0.107014,0.0300794;1.58422,-0.821449,1.59195
