0,0,0.11;-1.57,-2.98023e-08,-1.57
0,0,0.11;-1.57,-2.98023e-08,-1.57
0,0,0.11;-1.57,-2.98023e-08,-1.57
-0.000791733,0.00110039,0.0285959;-1.57083,-0.262124,-1.57159
-0.00028121,0.000744611,0.0285945;-1.57037,-0.215172,-1.57173
0.00048826,0.000211402,0.0285878;-1.57046,-0.167017,-1.57101
0.00299768,0.00163852,0.0287681;-1.5743,0.0524125,-1.56514
0.00426213,0.00432243,0.0288794;-1.5787,0.0420736,-1.57681
0.00539575,0.0066389,0.0286701;-1.57076,-0.041509,-1.57509
0.00466767,0.0094882,0.0286157;-1.57059,-0.163379,-1.57231
0.00553843,0.0118637,0.0288812;-1.55622,-0.189381,-1.56855
0.00601785,0.0135052,0.0290357;-1.55879,-0.124703,-1.56591
0.00655883,0.0148994,0.0287755;-1.56924,-0.0672785,-1.5627
0.00769102,0.0187233,0.0295513;-1.57776,0.0412499,-1.55185
0.00823596,0.0186216,0.0294513;-1.58181,0.0287184,-1.55706
0.00736891,0.0124336,0.0295863;-1.58059,0.0157606,-1.55371
0.00661785,0.00823119,0.0286099;-1.57175,-0.112816,-1.57274
0.0069917,0.00930096,0.028669;-1.57077,-0.12751,-1.5751
0.00709179,0.00979164,0.0287213;-1.57071,-0.14214,-1.57752
0.00712985,0.00858766,0.0287677;-1.57066,-0.10451,-1.57964
0.00707171,0.00742533,0.0287364;-1.57065,-0.0860323,-1.57815
0.00768338,0.00560242,0.0286764;-1.57032,-0.0370255,-1.57529
0.00633976,0.0034169,0.0286682;-1.571,-0.0838156,-1.56639
0.00626708,0.0052341,0.0289949;-1.55306,-0.112043,-1.5661
0.00666569,0.00928754,0.029024;-1.5493,-0.130962,-1.56781
0.00657511,0.0102428,0.0292087;-1.54157,-0.142717,-1.56399
0.00726498,0.0124625,0.0291195;-1.55425,-0.119923,-1.55915
0.00416518,0.00501339,0.0322384;-1.51287,-0.137719,-1.53769
0.000322026,-0.00717601,0.0327415;-1.51067,-0.191283,-1.5295
-0.00264302,-0.0149504,0.0336963;-1.51002,-0.204609,-1.51444
-0.000973828,-0.0271543,0.036332;-1.50755,-0.138196,-1.51256
0.000213707,-0.0375838,0.0386682;-1.46058,-0.0633538,-1.49604
0.00134766,-0.0493537,0.0405853;-1.43571,-0.0119335,-1.49592
0.0116825,-0.0569775,0.0386718;-1.46981,0.0126706,-1.49263
0.010784,-0.0576008,0.0375447;-1.51891,0.000971675,-1.47667
0.00847095,-0.0597801,0.0368384;-1.55105,-0.0139157,-1.46518
0.00653875,-0.0603418,0.0375033;-1.56616,0.0176529,-1.47326
0.00398161,-0.0636136,0.0387964;-1.56701,-0.025311,-1.45815
0.00123828,-0.0688686,0.0394708;-1.54601,-0.106692,-1.45717
0.00326239,-0.0757499,0.0383333;-1.49089,-0.23833,-1.46816
0.00219238,-0.079421,0.0374802;-1.48004,-0.310986,-1.47874
0.000449784,-0.0839347,0.0374704;-1.45607,-0.365311,-1.48348
0.00121689,-0.0828771,0.0391583;-1.44941,-0.331406,-1.45946
-9.6794e-05,-0.072455,0.039207;-1.53234,-0.225246,-1.45224
-0.00231923,-0.0606293,0.0412142;-1.60883,-0.146509,-1.45869
-0.00566327,-0.0500439,0.0401554;-1.63136,-0.153066,-1.45649
-0.00178263,-0.052024,0.0413196;-1.65828,-0.188367,-1.46967
0.00398148,-0.0607733,0.0391718;-1.63492,-0.251935,-1.48054
0.00768405,-0.0867349,0.0312737;-1.52734,-0.427193,-1.5313
0.00885512,-0.0864206,0.0295913;-1.54374,-0.405132,-1.55075
0.0106589,-0.083823,0.0291252;-1.55357,-0.35647,-1.55464
0.00966399,-0.0748353,0.0293201;-1.57661,-0.265214,-1.55271
0.00721472,-0.0669945,0.0321271;-1.59732,-0.207309,-1.5322
0.0023174,-0.0592585,0.0364939;-1.64852,-0.147619,-1.5204
0.00657385,-0.0600816,0.0341967;-1.60044,-0.197245,-1.51158
0.00887286,-0.0596062,0.0330217;-1.5916,-0.246022,-1.52009
0.00960226,-0.0603315,0.0312391;-1.57497,-0.256652,-1.52762
0.00859363,-0.0581373,0.0329273;-1.55784,-0.0959699,-1.50945
0.00613152,-0.0546234,0.0354854;-1.55663,-0.0575226,-1.48405
0.00369676,-0.0505871,0.0376248;-1.57321,-0.0351441,-1.46284
-0.000476474,-0.0546175,0.0397052;-1.59333,-0.1848,-1.43467
0.00177031,-0.0577396,0.0402023;-1.54441,-0.269081,-1.4485
0.00439129,-0.0577464,0.0413888;-1.4632,-0.302602,-1.45986
0.0109131,-0.0436189,0.0428128;-1.43802,-0.283392,-1.46625
0.00320747,-0.0367535,0.0429334;-1.52338,-0.181653,-1.44541
-0.00130866,-0.0291504,0.041424;-1.63163,-0.14182,-1.44285
0.00250561,-0.0332068,0.0428307;-1.64541,-0.209083,-1.44432
-0.000993632,-0.0386849,0.0424399;-1.61677,-0.294993,-1.42523
-0.00350112,-0.0498615,0.0418876;-1.59116,-0.366899,-1.41312
0.000638357,-0.0384147,0.0431953;-1.58033,-0.357754,-1.42986
0.00148519,-0.0324324,0.0467739;-1.57798,-0.273295,-1.45738
0.00119424,-0.0284509,0.0498485;-1.55795,-0.141414,-1.48099
-0.00690554,-0.0296086,0.0471341;-1.48757,-0.0503759,-1.46464
-0.00682525,-0.0317563,0.0441856;-1.44997,-0.155303,-1.44966
-0.00904125,-0.0378938,0.043044;-1.43303,-0.228359,-1.44368
-0.00979827,-0.0446118,0.043269;-1.38468,-0.210018,-1.45359
-0.0091528,-0.0388921,0.0438379;-1.39255,-0.0916074,-1.46529
-0.0085457,-0.032513,0.0429814;-1.43704,-0.00886491,-1.46329
-0.00842526,-0.022312,0.0464161;-1.57386,0.112435,-1.49995
-0.00670693,-0.0260042,0.0500282;-1.61012,0.0910495,-1.51022
-0.00553027,-0.0333599,0.0511196;-1.58902,0.0676388,-1.5094
0.0085463,-0.0506669,0.0533232;-1.55479,-0.0331067,-1.52441
0.00926516,-0.0580451,0.050469;-1.34684,-0.0232597,-1.53532
0.0092459,-0.0628061,0.0481373;-1.22221,0.0141352,-1.53725
0.0076779,-0.035872,0.0438835;-1.36802,0.0408024,-1.50434
0.0142199,-0.00760594,0.0379159;-1.60993,-0.136424,-1.54853
0.0181296,0.000606316,0.0347872;-1.66807,-0.191399,-1.56262
0.023737,-0.00977272,0.0351141;-1.66579,-0.160878,-1.58888
0.0250169,-0.0116581,0.0370951;-1.65173,-0.132293,-1.58388
0.0241466,-0.0138348,0.0384789;-1.63761,-0.0661879,-1.5849
0.00879003,0.00516684,0.0354033;-1.70864,0.0365012,-1.56927
0.00440492,0.00742768,0.0378484;-1.72864,0.0190355,-1.5493
0.0031077,0.00771176,0.0378837;-1.71909,0.0119838,-1.53873
0.0114892,0.00171163,0.0359348;-1.61199,-0.0998154,-1.49179
0.0185963,-0.00595869,0.0351808;-1.57742,-0.181227,-1.47781
0.023414,-0.0147841,0.0349624;-1.5727,-0.256957,-1.48132
0.0237308,-0.0157904,0.0333005;-1.5665,-0.159014,-1.52065
0.0239913,-0.0182049,0.0360874;-1.50878,-0.0531492,-1.54759
0.0182606,-0.0286124,0.040746;-1.47038,0.0131474,-1.53925
0.0123415,-0.0306803,0.0427088;-1.42652,-0.0234823,-1.52355
0.0162481,-0.0147655,0.0370614;-1.51238,-0.123792,-1.5302
0.0225782,-0.0212133,0.0343307;-1.50012,-0.109722,-1.55423
0.023,-0.0358535,0.0382047;-1.4468,-0.113087,-1.55055
0.020124,-0.0422039,0.0403535;-1.37779,-0.167722,-1.54899
0.0279759,-0.0429264,0.0363743;-1.4763,-0.217805,-1.55431
0.0322184,-0.0441305,0.0340426;-1.54026,-0.234481,-1.56644
0.0258935,-0.0510684,0.0421771;-1.61346,-0.415036,-1.54841
0.0237886,-0.0542713,0.0411489;-1.62524,-0.443587,-1.55506
0.0269759,-0.0459247,0.0436433;-1.61929,-0.396039,-1.5565
0.0242573,-0.0171309,0.0414376;-1.59205,-0.257789,-1.516
0.0213029,-0.00271141,0.0347852;-1.57686,-0.256821,-1.49922
0.0199251,0.00674821,0.0339292;-1.58511,-0.285024,-1.50262
0.0298534,-0.00303575,0.0360749;-1.61609,-0.468912,-1.50842
0.0345558,-0.0154006,0.0379436;-1.66824,-0.513208,-1.54414
0.0364373,-0.033708,0.0415618;-1.73654,-0.484613,-1.56892
0.0457395,-0.0312738,0.0484752;-1.70406,-0.299219,-1.57563
0.0485111,-0.0237781,0.045745;-1.69519,-0.195729,-1.57869
0.0465201,-0.0115698,0.0445604;-1.70925,-0.15685,-1.60924
0.0372609,0.0119422,0.0299894;-1.60962,-0.115367,-1.57541
0.0332145,0.0090814,0.0293111;-1.59371,-0.0429105,-1.57272
0.0333088,0.00818821,0.0299723;-1.60893,-0.0564686,-1.57335
0.0374765,0.000152875,0.0361985;-1.72425,-0.154637,-1.59426
0.0373498,0.00241771,0.0386447;-1.77062,-0.155342,-1.60889
0.0372292,0.00611598,0.0408278;-1.79166,-0.152095,-1.62604
0.0394055,0.0128678,0.0441881;-1.81875,-0.200306,-1.67687
0.0427975,0.0127241,0.0443495;-1.79903,-0.221982,-1.69392
0.0483732,0.00408311,0.0387048;-1.68177,-0.207636,-1.66152
0.0486776,-0.00692326,0.0321008;-1.60192,-0.149516,-1.60897
0.0412818,-0.0039829,0.029771;-1.60723,-0.0689127,-1.57571
0.03755,-0.00418732,0.0325091;-1.64713,-0.0268435,-1.58305
0.0374502,0.00543565,0.0417971;-1.74092,-0.122991,-1.6609
0.0407714,0.0125506,0.0433104;-1.78711,-0.206732,-1.67907
0.0435421,0.0108292,0.0436518;-1.79745,-0.233036,-1.68551
0.0502071,-0.00782832,0.0371104;-1.61287,-0.218095,-1.67296
0.0535089,-0.0139527,0.0344846;-1.57103,-0.177883,-1.64462
0.0520953,-0.00981143,0.0362387;-1.62783,-0.129873,-1.64545
0.0341237,0.00576855,0.0342652;-1.67295,0.018367,-1.58336
0.0290638,0.00624229,0.0343862;-1.69084,0.0483414,-1.56693
0.0280262,0.00736825,0.0368502;-1.73648,0.0527214,-1.56902
0.0275746,0.0124781,0.0375148;-1.72795,-0.0689375,-1.56144
0.0336665,0.00173273,0.0361067;-1.66293,-0.164006,-1.54205
0.0389838,-0.0120688,0.0320153;-1.55812,-0.193491,-1.52846
0.0432526,-0.0099206,0.0347144;-1.66789,-0.137244,-1.56504
0.0416128,-0.00473345,0.0363;-1.71525,-0.0899503,-1.57393
0.0354177,0.00268095,0.0388158;-1.77597,-0.0090822,-1.5763
0.0246115,0.0133498,0.039489;-1.69039,-0.0770248,-1.50426
0.021667,0.0197742,0.0403627;-1.67452,-0.0846287,-1.48114
0.0181721,0.0214631,0.0385929;-1.61844,-0.0940692,-1.46086
0.0168678,0.0271004,0.0335955;-1.59208,-0.0800265,-1.51059
0.0222286,0.0247518,0.0332651;-1.57739,-0.12137,-1.52039
0.0261848,0.0172597,0.0347461;-1.60071,-0.159245,-1.50308
0.0338389,-0.00353301,0.0404764;-1.66643,-0.195159,-1.48381
0.0413187,-0.0160568,0.0416436;-1.69337,-0.214563,-1.50677
0.0418556,-0.0202129,0.0424531;-1.67978,-0.199938,-1.50583
0.0395128,0.00967043,0.0392595;-1.63477,-0.184878,-1.47122
0.0342945,0.0245263,0.0368201;-1.60313,-0.121496,-1.47326
0.0274501,0.0343264,0.0348452;-1.59412,-0.0390168,-1.49375
0.0240637,0.0377674,0.0335761;-1.60508,0.0183495,-1.51322
0.0284635,0.0317189,0.0339094;-1.64655,-0.0409917,-1.5422
0.0340262,0.0229661,0.0351188;-1.68173,-0.1201,-1.55911
0.0413321,0.00367921,0.0403514;-1.75558,-0.168891,-1.55798
0.0445577,-0.00230872,0.0409633;-1.7666,-0.184456,-1.56519
0.0467489,0.0034694,0.0398659;-1.77386,-0.205628,-1.58991
0.0446747,0.0103854,0.0331407;-1.66823,-0.163851,-1.58967
0.0443323,0.00893671,0.0291015;-1.59593,-0.15216,-1.57431
0.0436211,0.0086863,0.0289808;-1.58986,-0.129311,-1.57396
0.0427003,0.00872652,0.0300771;-1.61453,-0.11991,-1.5783
0.0431541,0.00958713,0.0334394;-1.67565,-0.128969,-1.5885
0.0433765,0.00904675,0.0358285;-1.7197,-0.163525,-1.60133
0.0439733,0.0136447,0.040079;-1.80815,-0.247694,-1.64048
0.0465232,0.0129475,0.0404891;-1.81953,-0.262341,-1.64558
0.0487326,0.0104995,0.0406025;-1.81979,-0.279049,-1.65072
0.0516273,0.00611521,0.0383006;-1.74736,-0.303144,-1.64588
0.0530165,0.00356907,0.0347933;-1.7012,-0.302428,-1.61611
0.0524904,0.00248806,0.033055;-1.66942,-0.270271,-1.59956
0.0471421,0.00430393,0.0332834;-1.67139,-0.228532,-1.59864
0.0465227,0.00547374,0.0355286;-1.71373,-0.251356,-1.6129
0.0469344,0.00886973,0.0380239;-1.76725,-0.272228,-1.62967
0.0521543,0.00192272,0.0363505;-1.73048,-0.288449,-1.62385
0.0556831,-0.00562845,0.0373379;-1.71958,-0.279127,-1.63746
0.0563123,-0.00864816,0.0390548;-1.70507,-0.278124,-1.66222
0.0563123,-0.00864816,0.0390548;-1.70507,-0.278124,-1.66222
0.0504069,0.0019542,0.0385605;-1.71676,-0.225873,-1.64224
0.0504069,0.0019542,0.0385605;-1.71676,-0.225873,-1.64224
