0,0,0.11;-1.57,-2.98023e-08,-1.57
0,0,0.11;-1.57,-2.98023e-08,-1.57
0,0,0.11;-1.57,-2.98023e-08,-1.57
0.000352669,0.00948653,0.0286696;-1.57064,-0.120473,-1.57489
-8.85633e-05,0.00774525,0.0285855;-1.5712,-0.0666929,-1.57083
-0.00207046,0.00262118,0.0304448;-1.59622,-0.015326,-1.566
-0.00343496,-0.0251222,0.0353369;-1.455,0.045429,-1.56839
-0.00268292,-0.0157083,0.0287381;-1.57058,-0.0619102,-1.57852
-0.00247984,-0.0158612,0.028783;-1.56842,-0.052189,-1.57807
-0.00245148,-0.0156263,0.0286947;-1.57071,-0.0575446,-1.57622
-0.0029267,-0.0182718,0.0285851;-1.57107,0.021232,-1.5708
-0.00509607,-0.0239043,0.0302516;-1.59251,0.0652259,-1.56522
-0.00827209,-0.0439974,0.0374498;-1.52228,0.140124,-1.56338
-0.00833105,-0.0481776,0.0318459;-1.51192,0.0843907,-1.57313
-0.00735506,-0.0413095,0.0287476;-1.57803,0.0223576,-1.57387
-0.00688791,-0.0407147,0.0286638;-1.56985,0.0146962,-1.5739
-0.00752579,-0.0435278,0.0286704;-1.57085,0.0814306,-1.57515
-0.00963855,-0.0478803,0.0295451;-1.58621,0.125659,-1.56784
-0.0139104,-0.065723,0.0358403;-1.55959,0.194662,-1.56334
-0.0152236,-0.0803871,0.0373231;-1.42182,0.196054,-1.58492
-0.0142341,-0.0749361,0.0326153;-1.49577,0.138727,-1.5812
-0.0126983,-0.0679836,0.0286278;-1.56886,0.0796153,-1.57666
-0.0127192,-0.0689072,0.0286947;-1.57073,0.11977,-1.5762
-0.0136252,-0.0707282,0.0285838;-1.57146,0.173369,-1.57098
-0.0170704,-0.0774933,0.030499;-1.593,0.223283,-1.5605
-0.0219119,-0.0933841,0.0347502;-1.4984,0.253105,-1.5807
-0.0223808,-0.0922073,0.030723;-1.52889,0.196697,-1.58052
-0.0204792,-0.087307,0.028766;-1.56816,0.139301,-1.57754
-0.0203897,-0.0879017,0.0287089;-1.57055,0.155836,-1.57689
-0.0207722,-0.089135,0.0287014;-1.57068,0.197544,-1.57656
-0.0279259,-0.104507,0.0332391;-1.59364,0.304673,-1.55543
-0.0329096,-0.124269,0.0389084;-1.42091,0.356576,-1.60181
-0.0343809,-0.127747,0.0359517;-1.43031,0.297995,-1.60892
-0.0302132,-0.115179,0.0286621;-1.57137,0.211947,-1.57455
-0.0301692,-0.116051,0.0287522;-1.56862,0.23394,-1.5775
-0.0303028,-0.116888,0.0286913;-1.56897,0.257996,-1.57488
-0.035101,-0.122822,0.0299673;-1.58797,0.357028,-1.55992
-0.0437016,-0.140413,0.0370081;-1.51128,0.429483,-1.58191
-0.0482509,-0.152992,0.0372985;-1.40493,0.413896,-1.62756
-0.0439019,-0.140345,0.0286324;-1.56869,0.297947,-1.57713
-0.0435718,-0.140096,0.0287634;-1.5672,0.306449,-1.57729
-0.0437491,-0.140875,0.0287036;-1.57056,0.325112,-1.57671
-0.0457993,-0.143241,0.0286941;-1.57719,0.41853,-1.56803
-0.0543382,-0.154348,0.0327267;-1.59608,0.474584,-1.55063
-0.0638108,-0.173173,0.039667;-1.42006,0.535455,-1.62559
-0.0616734,-0.166924,0.0285914;-1.5876,0.402993,-1.5649
-0.0607469,-0.165976,0.0286238;-1.57102,0.379231,-1.5729
-0.0607783,-0.166495,0.0287512;-1.56867,0.395329,-1.5779
-0.0623096,-0.168361,0.0286023;-1.57276,0.484264,-1.56971
-0.0699675,-0.176612,0.0306824;-1.59256,0.535287,-1.55232
-0.0823037,-0.194996,0.0385667;-1.44408,0.616898,-1.62537
-0.0814297,-0.192117,0.0286675;-1.58761,0.490628,-1.56499
-0.0800588,-0.190969,0.0285951;-1.57073,0.460362,-1.57188
-0.0802344,-0.191512,0.0287704;-1.56741,0.47856,-1.57854
-0.0820863,-0.193628,0.0286026;-1.57315,0.573424,-1.56906
-0.0889265,-0.200068,0.0307293;-1.5983,0.622386,-1.54821
-0.102317,-0.216877,0.0384929;-1.44413,0.700807,-1.63476
-0.101254,-0.215483,0.0284926;-1.57569,0.588541,-1.56821
-0.0994447,-0.214136,0.0287037;-1.57252,0.54809,-1.57513
-0.0994342,-0.214552,0.0287755;-1.56662,0.571789,-1.57913
-0.100975,-0.216806,0.0286145;-1.57076,0.64781,-1.57246
-0.105041,-0.219329,0.0294202;-1.58471,0.697568,-1.55931
-0.118765,-0.232474,0.0360263;-1.51163,0.772976,-1.60086
-0.124229,-0.23919,0.0337159;-1.44533,0.741355,-1.65185
-0.119946,-0.233019,0.0286272;-1.57797,0.682012,-1.56565
-0.11864,-0.23226,0.0286443;-1.57136,0.650382,-1.57421
-0.119304,-0.233183,0.028712;-1.57065,0.691536,-1.57712
-0.120972,-0.234029,0.0285789;-1.57102,0.748132,-1.57031
-0.128594,-0.238535,0.0304752;-1.59158,0.798864,-1.54927
-0.149581,-0.259291,0.0378096;-1.33961,0.848462,-1.72857
-0.147109,-0.256051,0.0340994;-1.42662,0.792229,-1.67188
-0.141563,-0.249724,0.0285839;-1.57533,0.73008,-1.56943
-0.141192,-0.250357,0.0287184;-1.56777,0.750413,-1.57837
-0.142149,-0.251206,0.0286438;-1.5708,0.801408,-1.57381
-0.144364,-0.251871,0.0286528;-1.57422,0.848414,-1.5671
-0.174069,-0.272551,0.04004;-1.32315,0.966331,-1.75005
-0.180335,-0.277274,0.0369653;-1.32394,0.898049,-1.76083
-0.170601,-0.26819,0.0288328;-1.55457,0.84195,-1.58414
-0.16878,-0.267937,0.0287887;-1.5648,0.828121,-1.58125
-0.169913,-0.26912,0.0286631;-1.57061,0.889025,-1.57487
-0.171734,-0.269518,0.028577;-1.57089,0.938115,-1.57035
-0.200922,-0.285935,0.0394709;-1.329,1.06108,-1.76095
-0.209683,-0.292026,0.0365821;-1.29828,0.993569,-1.79606
-0.19997,-0.283538,0.0285272;-1.57626,0.930531,-1.56712
-0.197473,-0.283312,0.0287747;-1.56527,0.920719,-1.58123
-0.198946,-0.284555,0.0286641;-1.57077,0.98146,-1.57475
-0.201012,-0.284857,0.0286248;-1.57628,1.03496,-1.5661
-0.231509,-0.298465,0.0394132;-1.29294,1.15815,-1.80528
-0.241132,-0.303678,0.0363424;-1.25858,1.09388,-1.84516
-0.231553,-0.296148,0.0286626;-1.56309,1.03699,-1.5774
-0.229868,-0.296413,0.0287718;-1.56312,1.02929,-1.58269
-0.231467,-0.297384,0.0286725;-1.57221,1.09636,-1.57412
-0.232885,-0.297824,0.0285821;-1.57152,1.12665,-1.57039
-0.258884,-0.305494,0.0372843;-1.31332,1.24797,-1.79955
-0.268287,-0.309461,0.0353222;-1.22976,1.18301,-1.88584
-0.263684,-0.307434,0.0323179;-1.3907,1.18257,-1.73515
-0.257064,-0.305034,0.0286332;-1.56894,1.11001,-1.57417
-0.257864,-0.305693,0.0287862;-1.55783,1.14331,-1.58712
-0.259096,-0.306144,0.0286058;-1.57067,1.19001,-1.57212
-0.261782,-0.30573,0.0288462;-1.58436,1.23673,-1.55622
-0.295088,-0.314954,0.0371453;-1.00484,1.29266,-2.10106
-0.29551,-0.314286,0.0344;-1.23095,1.24666,-1.89289
-0.286886,-0.311078,0.0286219;-1.57198,1.19463,-1.57349
-0.28657,-0.311576,0.0286851;-1.57046,1.20247,-1.57608
-0.287738,-0.31208,0.0286555;-1.57055,1.24534,-1.57458
-0.289525,-0.31196,0.0285797;-1.57196,1.29736,-1.56912
-0.320192,-0.316779,0.0385007;-0.920324,1.3894,-2.19305
-0.329645,-0.319366,0.0356069;-1.00113,1.33048,-2.12267
-0.317883,-0.314837,0.0286201;-1.6062,1.28546,-1.53804
-0.316414,-0.31549,0.028765;-1.55779,1.2772,-1.58842
-0.317989,-0.315993,0.0286707;-1.57046,1.33089,-1.57538
-0.319724,-0.315837,0.0285741;-1.57685,1.38163,-1.56394
-0.349413,-0.317953,0.0380576;-0.529414,1.45736,-2.59188
-0.360327,-0.319454,0.0357759;-0.696757,1.39873,-2.43317
-0.349235,-0.31643,0.0284575;-1.64172,1.38683,-1.50116
-0.348426,-0.317415,0.0287834;-1.54778,1.38538,-1.59898
-0.349561,-0.317769,0.0286341;-1.57039,1.42414,-1.57375
-0.351267,-0.31742,0.0285772;-1.57077,1.47421,-1.57069
-0.376743,-0.315195,0.0364029;0.41645,1.48741,2.73928
-0.390086,-0.316127,0.0364886;0.0922596,1.42718,3.05693
-0.384345,-0.314604,0.032082;-0.660471,1.48713,-2.47821
-0.377914,-0.314832,0.0287602;-1.5189,1.46887,-1.62573
-0.378749,-0.314992,0.0286701;-1.5669,1.49241,-1.57878
-0.379678,-0.31504,0.0286151;-1.5694,1.5345,-1.57385
-0.391949,-0.312966,0.0315279;1.46975,1.50814,1.67943
-0.412613,-0.312865,0.0385721;0.797493,1.39676,2.35663
-0.41913,-0.311678,0.0358136;0.47963,1.42286,2.66231
-0.406738,-0.312067,0.0286168;-1.58193,1.54586,-1.56168
-0.407445,-0.31245,0.0287773;-0.728468,1.56482,-2.41812
-0.408422,-0.312483,0.0287193;1.40677,1.54968,1.73162
-0.413515,-0.31025,0.0292754;1.61158,1.45194,1.53425
-0.431252,-0.305941,0.0356319;1.28747,1.37017,1.86142
-0.446388,-0.304783,0.0367721;0.939737,1.32849,2.1992
-0.436353,-0.304801,0.028565;1.54339,1.50896,1.59598
-0.435977,-0.305389,0.0286997;1.52822,1.50891,1.61024
-0.436987,-0.305669,0.0286946;1.55949,1.48605,1.57747
-0.439834,-0.304751,0.0285883;1.57251,1.3927,1.57018
-0.450787,-0.299802,0.0314838;1.56669,1.33185,1.58274
-0.472289,-0.294894,0.0387968;1.19707,1.23602,1.94761
-0.469116,-0.293646,0.0286211;1.61428,1.39601,1.52571
-0.467768,-0.294514,0.0285734;1.57265,1.42567,1.56904
-0.468557,-0.294847,0.0287413;1.55196,1.40332,1.5847
-0.471331,-0.293748,0.0285751;1.57026,1.30828,1.57157
-0.477928,-0.289548,0.0302143;1.5829,1.25226,1.56603
-0.497378,-0.28199,0.0376952;1.31288,1.15882,1.82707
-0.49718,-0.280402,0.028667;1.60226,1.30547,1.53861
-0.49587,-0.281332,0.0285776;1.5719,1.33376,1.56969
-0.496703,-0.281444,0.0287603;1.55649,1.31245,1.57958
-0.49913,-0.28031,0.0285782;1.57071,1.21238,1.57094
-0.504266,-0.276121,0.0298915;1.58692,1.16291,1.56206
-0.522591,-0.267083,0.0372858;1.38698,1.07611,1.7499
-0.52585,-0.26402,0.0305111;1.46664,1.18285,1.668
-0.522324,-0.265636,0.0286547;1.58411,1.22994,1.55482
-0.523009,-0.265828,0.0287661;1.55683,1.20707,1.57986
-0.525136,-0.265129,0.0285843;1.57139,1.12967,1.56971
-0.526285,-0.263461,0.0285904;1.5707,1.08087,1.57191
-0.537289,-0.25472,0.0328311;1.5224,1.01223,1.62168
-0.556439,-0.243607,0.0347922;1.35158,1.0248,1.76209
-0.5476,-0.247459,0.0286047;1.58254,1.10196,1.55944
-0.546968,-0.248248,0.0285842;1.57141,1.12074,1.5699
-0.548476,-0.248184,0.0286254;1.57069,1.0614,1.56873
-0.549373,-0.2473,0.0285793;1.57077,1.01605,1.571
-0.552715,-0.243331,0.0294633;1.57581,0.965508,1.57217
-0.580799,-0.224176,0.0363072;1.34478,0.896811,1.75762
-0.574898,-0.226025,0.0317225;1.46372,0.96823,1.6601
-0.570562,-0.228992,0.0285794;1.57156,1.02507,1.56949
-0.571752,-0.228896,0.0286826;1.56799,0.985439,1.56971
-0.572936,-0.228109,0.0285819;1.57094,0.939191,1.57051
-0.573671,-0.226952,0.0286088;1.57184,0.897132,1.57202
-0.597147,-0.204961,0.0380343;1.38394,0.769709,1.724
-0.600109,-0.201044,0.0351976;1.38998,0.836081,1.70918
-0.591163,-0.206446,0.0285228;1.57603,0.917361,1.56638
-0.59107,-0.207841,0.0287208;1.56612,0.922498,1.57056
-0.592176,-0.207205,0.0286206;1.57072,0.877813,1.56896
-0.592858,-0.205991,0.0285845;1.57134,0.829836,1.57072
-0.611379,-0.184351,0.0376393;1.43498,0.693329,1.67771
-0.619346,-0.176992,0.0351916;1.40061,0.750247,1.69243
-0.610579,-0.183399,0.0285826;1.57686,0.832209,1.56599
-0.610296,-0.184899,0.0287486;1.56547,0.837354,1.57017
-0.611225,-0.184326,0.0286003;1.57076,0.788918,1.56986
-0.611694,-0.183059,0.0285844;1.57118,0.745279,1.57087
-0.611694,-0.183059,0.0285844;1.57118,0.745279,1.57087
-0.614639,-0.176825,0.0300697;1.57731,0.693234,1.57355
-0.614639,-0.176825,0.0300697;1.57731,0.693234,1.57355
