0,0,0.11;-1.57,-2.98023e-08,-1.57
0,0,0.11;-1.57,-2.98023e-08,-1.57
0,0,0.11;-1.57,-2.98023e-08,-1.57
0.000426982,0.00999986,0.0286486;-1.56983,-0.111004,-1.57316
9.02714e-05,0.00880163,0.0285788;-1.57078,-0.0588295,-1.57042
-0.00173102,0.0042521,0.0303676;-1.59419,-0.00885221,-1.56358
-0.00311198,-0.0222704,0.0361583;-1.43469,0.0383455,-1.56904
-0.00351395,-0.0101273,0.0287767;-1.57086,-0.0850764,-1.58043
-0.00322706,-0.00981008,0.0287591;-1.56755,-0.0814461,-1.57582
-0.0032853,-0.00914263,0.0286834;-1.57073,-0.0945062,-1.57568
-0.00390684,-0.0115357,0.0285818;-1.57092,-0.0160423,-1.57041
-0.00650688,-0.0189766,0.0311546;-1.60869,0.0342939,-1.56354
-0.00963689,-0.0414539,0.0384016;-1.55828,0.127064,-1.56051
-0.00979746,-0.0485355,0.0329905;-1.49614,0.0728918,-1.57647
-0.00912973,-0.0407235,0.0287837;-1.57507,0.01277,-1.57698
-0.00867544,-0.0399199,0.0286288;-1.57085,0.00399081,-1.57313
-0.00896869,-0.0423987,0.0285826;-1.57118,0.0746036,-1.57124
-0.0109181,-0.0450816,0.029954;-1.59473,0.11789,-1.56338
-0.0158127,-0.0612196,0.0362316;-1.62155,0.197977,-1.54956
-0.0185187,-0.0819036,0.0378907;-1.40349,0.204838,-1.59179
-0.0173833,-0.0750212,0.0332894;-1.48712,0.146636,-1.5846
-0.0157278,-0.0676496,0.028674;-1.57033,0.0866936,-1.57612
-0.0154607,-0.0684905,0.0287254;-1.57072,0.128265,-1.57775
-0.0159002,-0.0693141,0.0285867;-1.57098,0.169194,-1.57012
-0.0189166,-0.0740004,0.0313164;-1.61112,0.220911,-1.55162
-0.0233352,-0.0890583,0.0357166;-1.55235,0.260285,-1.56696
-0.0232407,-0.0909347,0.0304016;-1.53722,0.21168,-1.57922
-0.0214512,-0.0865828,0.0287084;-1.56927,0.159008,-1.57569
-0.0215661,-0.0868383,0.0286623;-1.57034,0.16535,-1.57466
-0.0219451,-0.0880973,0.0285977;-1.57283,0.206257,-1.57179
-0.0301884,-0.101178,0.033864;-1.63415,0.318853,-1.53757
-0.0363397,-0.121035,0.0401521;-1.44803,0.37664,-1.59675
-0.037828,-0.126279,0.0365416;-1.41796,0.32169,-1.61548
-0.0326247,-0.112735,0.0286846;-1.57105,0.230536,-1.57584
-0.0324921,-0.113285,0.0287785;-1.56736,0.247148,-1.57775
-0.0325234,-0.113978,0.0287377;-1.56832,0.26485,-1.57663
-0.0369548,-0.118411,0.0307514;-1.60573,0.363067,-1.5481
-0.0463051,-0.135853,0.0370871;-1.57685,0.442026,-1.55286
-0.0516266,-0.151011,0.0376926;-1.40488,0.437451,-1.63111
-0.0463025,-0.138017,0.028641;-1.56917,0.319531,-1.57806
-0.0458342,-0.137789,0.0287219;-1.56843,0.328026,-1.5761
-0.0459296,-0.138201,0.0286835;-1.57072,0.337453,-1.57571
-0.0472215,-0.139595,0.0290087;-1.58568,0.411831,-1.55736
-0.0544241,-0.148803,0.032986;-1.63461,0.473225,-1.52329
-0.0635217,-0.167315,0.0399557;-1.47342,0.539732,-1.598
-0.0613207,-0.166389,0.028874;-1.58689,0.438192,-1.56462
-0.0605937,-0.16581,0.0287292;-1.56993,0.420055,-1.57748
-0.060457,-0.165997,0.0287006;-1.57066,0.429832,-1.57656
-0.0616933,-0.167246,0.0286051;-1.57072,0.499033,-1.56897
-0.067185,-0.171797,0.031589;-1.61905,0.554161,-1.53228
-0.07937,-0.188617,0.0386588;-1.52592,0.64192,-1.5775
-0.0798988,-0.191167,0.0289111;-1.59217,0.538686,-1.56
-0.0789554,-0.190872,0.0286878;-1.57046,0.521948,-1.57611
-0.0790042,-0.191279,0.0287154;-1.56929,0.535171,-1.57675
-0.0802261,-0.192382,0.0286036;-1.57139,0.606164,-1.56879
-0.0859001,-0.1962,0.0314023;-1.62018,0.659736,-1.52761
-0.0999668,-0.210885,0.0383677;-1.52597,0.747406,-1.58119
-0.0991843,-0.212323,0.0286261;-1.5713,0.659561,-1.57334
-0.0969795,-0.210758,0.0286957;-1.57108,0.615043,-1.57642
-0.0967092,-0.21095,0.0286821;-1.5697,0.634326,-1.57559
-0.0980077,-0.212591,0.0285794;-1.57079,0.687148,-1.57093
-0.100597,-0.213007,0.0299836;-1.60155,0.726879,-1.53646
-0.113545,-0.223642,0.0351228;-1.62093,0.800794,-1.51204
-0.119021,-0.231732,0.033792;-1.44684,0.757176,-1.65326
-0.113997,-0.226003,0.0286406;-1.58451,0.700321,-1.56502
-0.112698,-0.225458,0.0286712;-1.571,0.668666,-1.57515
-0.112983,-0.226685,0.0286936;-1.57073,0.714042,-1.57621
-0.113197,-0.226856,0.0286988;-1.57094,0.748691,-1.56482
-0.116268,-0.227525,0.0310503;-1.61718,0.784432,-1.51641
-0.135039,-0.246762,0.0373391;-1.39426,0.847044,-1.68393
-0.134521,-0.246681,0.0333754;-1.4451,0.789595,-1.65635
-0.129082,-0.242207,0.028643;-1.57694,0.745084,-1.56719
-0.128661,-0.242009,0.0286849;-1.57047,0.747069,-1.57592
-0.129007,-0.242707,0.0286204;-1.57075,0.777539,-1.57271
-0.129573,-0.242469,0.0291883;-1.5895,0.808658,-1.54699
-0.151646,-0.257962,0.0400424;-1.47091,0.936221,-1.62119
-0.157977,-0.265227,0.0358597;-1.39955,0.873031,-1.68881
-0.151752,-0.261816,0.0287928;-1.58642,0.843528,-1.55802
-0.151019,-0.262102,0.0287343;-1.56812,0.841948,-1.57838
-0.151598,-0.262473,0.0287722;-1.57062,0.866536,-1.58004
-0.152112,-0.262566,0.0287985;-1.57798,0.902514,-1.55859
-0.175183,-0.275013,0.0390328;-1.49827,1.04479,-1.60748
-0.184143,-0.282778,0.0356877;-1.39625,0.989449,-1.70501
-0.177669,-0.27978,0.0289286;-1.59969,0.957077,-1.54751
-0.177218,-0.280242,0.0287364;-1.56676,0.960021,-1.57926
-0.178066,-0.280859,0.0287463;-1.57042,0.990545,-1.57901
-0.178776,-0.280872,0.0288249;-1.58492,1.02814,-1.55364
-0.199137,-0.28739,0.0381596;-1.54267,1.16022,-1.56885
-0.207894,-0.293504,0.0353774;-1.42861,1.10898,-1.68323
-0.201912,-0.291847,0.0286698;-1.57255,1.07584,-1.57252
-0.200102,-0.291679,0.0286758;-1.56921,1.06147,-1.57605
-0.201373,-0.29206,0.028791;-1.5705,1.10204,-1.58111
-0.202136,-0.292435,0.0285909;-1.57148,1.11885,-1.56936
-0.21592,-0.293702,0.0352748;-1.73281,1.22784,-1.3852
-0.222476,-0.297943,0.0350428;-1.41357,1.18417,-1.70833
-0.22026,-0.297434,0.0311533;-1.4584,1.17321,-1.67108
-0.214738,-0.296113,0.0287166;-1.57094,1.12009,-1.57718
-0.215122,-0.296363,0.0286781;-1.5706,1.13965,-1.57562
-0.216209,-0.296793,0.0286082;-1.57061,1.17471,-1.57221
-0.218239,-0.296359,0.0297483;-1.62649,1.20736,-1.50763
-0.242106,-0.303495,0.0393873;-1.26988,1.28996,-1.84184
-0.24523,-0.30486,0.0337491;-1.26557,1.23324,-1.85842
-0.238347,-0.303266,0.0287498;-1.58446,1.20233,-1.56191
-0.237316,-0.302989,0.0286824;-1.57033,1.18483,-1.57601
-0.238419,-0.30311,0.0287593;-1.57053,1.21754,-1.57954
-0.240953,-0.302781,0.0289198;-1.61935,1.27835,-1.52692
-0.277347,-0.308732,0.041425;-0.943374,1.39463,-2.17743
-0.287705,-0.312344,0.038733;-0.822254,1.30599,-2.31154
-0.27608,-0.305991,0.0321712;-1.40947,1.28037,-1.75491
-0.2642,-0.302634,0.0287028;-1.57051,1.17362,-1.57683
-0.266458,-0.302514,0.0290135;-1.58749,1.20888,-1.57012
-0.273866,-0.301929,0.0292145;-1.61249,1.28285,-1.54515
-0.317506,-0.309917,0.0421772;-0.576431,1.36419,-2.55308
-0.324958,-0.312433,0.0423039;-0.604933,1.28807,-2.53986
-0.315376,-0.306719,0.0392225;-1.0313,1.28178,-2.14808
-0.291812,-0.298444,0.0288042;-1.57201,1.15953,-1.58096
-0.292766,-0.298417,0.0290058;-1.58664,1.16842,-1.57067
-0.299461,-0.298911,0.0292669;-1.57935,1.23484,-1.58182
-0.339962,-0.308099,0.041302;-0.762387,1.32247,-2.36556
-0.347924,-0.312125,0.0430986;-0.615848,1.25899,-2.51495
-0.341434,-0.310036,0.0421917;-0.866256,1.24886,-2.29913
-0.318158,-0.293999,0.0315611;-1.55144,1.1455,-1.63173
-0.312763,-0.290789,0.0289383;-1.57349,1.08975,-1.58115
-0.316542,-0.291319,0.0293421;-1.57254,1.13004,-1.58979
-0.349366,-0.299338,0.0376345;-1.19022,1.27178,-1.95543
-0.368358,-0.309182,0.0421669;-0.696895,1.23963,-2.40819
-0.367015,-0.309247,0.0434158;-0.835664,1.20258,-2.30215
-0.35049,-0.297095,0.0360023;-1.4053,1.16149,-1.79431
-0.339761,-0.290642,0.0304073;-1.55256,1.09253,-1.61575
-0.339007,-0.289821,0.0296005;-1.57093,1.08634,-1.59037
-0.361427,-0.294929,0.0335791;-1.46461,1.22119,-1.70429
-0.384689,-0.304668,0.0409299;-0.905627,1.24487,-2.2194
-0.391944,-0.308606,0.0434107;-0.773329,1.20571,-2.34592
-0.378867,-0.296905,0.0385802;-1.26768,1.14706,-1.91257
-0.366572,-0.28982,0.0305079;-1.56343,1.08612,-1.60916
-0.36198,-0.287791,0.0288784;-1.5723,1.03701,-1.58257
-0.375671,-0.290642,0.0306181;-1.57364,1.15109,-1.59975
-0.395709,-0.298202,0.0379597;-1.2361,1.21318,-1.91175
-0.416146,-0.308826,0.0419;-0.819438,1.20286,-2.28054
-0.407983,-0.29741,0.0387182;-1.24892,1.10461,-1.9118
-0.394775,-0.28838,0.0292787;-1.5774,1.03472,-1.58587
-0.388284,-0.285795,0.028783;-1.57003,0.953355,-1.58118
-0.397417,-0.287967,0.0293592;-1.58295,1.04745,-1.57712
-0.41556,-0.294391,0.0349977;-1.52457,1.11941,-1.63232
-0.438775,-0.306357,0.0415385;-1.06667,1.15969,-2.03531
-0.43577,-0.300483,0.038892;-1.28846,1.03788,-1.87067
-0.423422,-0.290527,0.0297571;-1.57005,0.973482,-1.59929
-0.416157,-0.286705,0.0288145;-1.57039,0.891306,-1.58217
-0.424097,-0.288908,0.0291191;-1.58819,0.974176,-1.57181
-0.44027,-0.295765,0.0340548;-1.56594,1.04312,-1.59378
-0.460683,-0.308786,0.0417591;-1.19084,1.10544,-1.91356
-0.461246,-0.311244,0.0418861;-1.19608,1.01993,-1.95277
-0.452534,-0.302076,0.0387899;-1.37799,0.962858,-1.80858
-0.439774,-0.291074,0.0312394;-1.5606,0.880018,-1.61818
-0.441745,-0.290814,0.0295902;-1.56829,0.90138,-1.59718
-0.452704,-0.295213,0.0311366;-1.58541,0.975017,-1.58674
-0.471423,-0.307321,0.039778;-1.31308,1.04346,-1.81324
-0.482951,-0.318899,0.0440892;-1.1021,0.991479,-2.01346
-0.477159,-0.312139,0.0421246;-1.24832,0.949801,-1.90879
-0.466788,-0.30122,0.035368;-1.50563,0.903719,-1.69903
-0.458125,-0.293504,0.0305271;-1.572,0.84223,-1.60362
-0.465437,-0.297097,0.0307791;-1.55932,0.911003,-1.61951
-0.482582,-0.307923,0.0365102;-1.4218,0.985868,-1.7347
-0.503677,-0.327148,0.0442017;-1.06578,0.987286,-2.02137
-0.500661,-0.322218,0.0440686;-1.16123,0.941567,-1.96552
-0.492705,-0.312172,0.0399541;-1.34627,0.899129,-1.82339
-0.476366,-0.297662,0.0294101;-1.57364,0.779349,-1.5874
-0.481169,-0.300446,0.0306896;-1.5676,0.835665,-1.61126
-0.492799,-0.307062,0.0325753;-1.54305,0.90261,-1.63658
-0.523052,-0.33334,0.0438623;-1.07292,0.965057,-1.99172
-0.522704,-0.331642,0.0446566;-1.1311,0.908091,-1.96385
-0.517157,-0.322728,0.0422046;-1.26744,0.85505,-1.87061
-0.495955,-0.301171,0.0290091;-1.57282,0.690743,-1.58346
-0.499567,-0.303768,0.0311382;-1.57012,0.733677,-1.6136
-0.508018,-0.309845,0.0318963;-1.56274,0.796529,-1.6256
-0.539967,-0.341523,0.0434845;-1.13222,0.895064,-1.92082
-0.542028,-0.340865,0.0450548;-1.15866,0.830942,-1.91797
-0.537202,-0.33159,0.0424094;-1.29193,0.779597,-1.83553
-0.517422,-0.307805,0.0297088;-1.57069,0.614853,-1.59301
-0.519843,-0.309781,0.030956;-1.57114,0.646076,-1.61051
-0.527995,-0.316562,0.0313826;-1.56577,0.711144,-1.6181
-0.527995,-0.316562,0.0313826;-1.56577,0.711144,-1.6181
-0.543754,-0.331958,0.0389958;-1.4072,0.782589,-1.72496
-0.543754,-0.331958,0.0389958;-1.4072,0.782589,-1.72496
