0,0,0.11;-1.57,-2.98023e-08,-1.57
0,0,0.11;-1.57,-2.98023e-08,-1.57
0,0,0.11;-1.57,-2.98023e-08,-1.57
0.000311751,0.00234656,0.0287168;-1.57525,-0.29527,-1.57545
-5.10125e-05,0.00135796,0.0288277;-1.57347,-0.272871,-1.58087
-0.000358294,-0.00138823,0.0287859;-1.57156,-0.225964,-1.58067
0.00133854,-0.00924835,0.0292955;-1.55458,-0.108881,-1.57632
0.00037855,-0.00408288,0.0287519;-1.57234,-0.25551,-1.57836
0.000883373,-0.00207586,0.0287024;-1.57147,-0.32036,-1.57676
0.00080916,-0.000863497,0.0286992;-1.57128,-0.367445,-1.5766
0.000167891,-0.00489184,0.0287069;-1.57073,-0.19966,-1.57674
0.00014122,-0.00942476,0.0286749;-1.57091,-0.0640903,-1.57528
0.000749258,-0.0185403,0.0294068;-1.56056,0.0723207,-1.57689
-0.000312312,-0.0169186,0.0287359;-1.5684,0.0176385,-1.57586
-0.000289655,-0.0145708,0.0286517;-1.57175,-0.0965933,-1.57398
0.000801769,-0.0123356,0.0285847;-1.57094,-0.190363,-1.57128
0.00104171,-0.012502,0.0286192;-1.57267,-0.209391,-1.57119
0.00132641,-0.0130724,0.0286071;-1.57081,-0.168353,-1.57221
0.00267224,-0.019006,0.0293465;-1.54958,-0.0562362,-1.57551
0.00373507,-0.0201274,0.0295727;-1.54903,-0.015223,-1.57405
-0.000195499,-0.0204487,0.0288102;-1.5683,-0.126377,-1.56843
-0.000230018,-0.0199974,0.0286709;-1.57382,-0.229398,-1.56925
0.00360019,-0.0209904,0.0287448;-1.57766,-0.39403,-1.57204
0.00352758,-0.0215371,0.0291122;-1.5899,-0.394469,-1.56956
0.00179728,-0.0259091,0.0299033;-1.58685,-0.32933,-1.57051
0.00272661,-0.0329586,0.0325888;-1.58568,-0.164135,-1.58398
0.00422439,-0.018409,0.0298734;-1.58208,-0.115628,-1.57381
0.00721791,0.0104067,0.0292464;-1.59191,-0.133646,-1.57652
0.00838379,0.0105475,0.0291979;-1.59552,-0.158956,-1.57845
0.00798146,0.00876053,0.0292911;-1.59913,-0.143632,-1.57736
0.00364928,-0.0277917,0.0308882;-1.55874,-0.0623878,-1.59601
0.00605983,-0.0445248,0.0329349;-1.51383,0.0100072,-1.60271
0.00365574,-0.0429962,0.0315943;-1.53663,-0.0288464,-1.60101
-0.00164581,-0.034943,0.02898;-1.56751,-0.147756,-1.58652
-0.00218689,-0.0335139,0.028817;-1.57052,-0.202399,-1.58222
-0.00228928,-0.0334396,0.0288095;-1.57278,-0.209223,-1.58005
-0.00197313,-0.0386638,0.0290884;-1.56494,-0.0794634,-1.58143
4.15007e-05,-0.0421294,0.0301138;-1.54693,0.0289893,-1.5847
0.00332304,-0.0455,0.030356;-1.52925,0.0962594,-1.58251
0.000345863,-0.0326489,0.0286065;-1.56941,-0.0499166,-1.57051
-0.00257405,-0.0331434,0.0288884;-1.55589,-0.202816,-1.56736
-0.00406052,-0.0356644,0.0290722;-1.54689,-0.30549,-1.5623
-0.00391807,-0.0358169,0.028755;-1.56254,-0.268959,-1.56906
-0.00267522,-0.0392338,0.0287495;-1.56538,-0.208988,-1.57223
-0.000395742,-0.0452272,0.0293703;-1.55353,-0.162723,-1.57117
-0.000592049,-0.0465724,0.0287131;-1.56424,-0.234684,-1.5691
-0.00171698,-0.0476632,0.028609;-1.56929,-0.314579,-1.57022
-0.00224492,-0.0486221,0.0287297;-1.56307,-0.371641,-1.56784
-0.00222563,-0.049353,0.028583;-1.57031,-0.351947,-1.57067
-0.00191362,-0.0509218,0.0288107;-1.55912,-0.344457,-1.5667
-0.00166979,-0.0533258,0.0294515;-1.54772,-0.336165,-1.56466
-0.00205688,-0.0508512,0.0287691;-1.56828,-0.320389,-1.56322
-0.00364374,-0.0463618,0.0289124;-1.57722,-0.27776,-1.5628
-0.00489631,-0.0430235,0.0287248;-1.57068,-0.207348,-1.56359
-0.00660479,-0.0414219,0.0293387;-1.58865,-0.145649,-1.55887
-0.00739099,-0.0436255,0.0307882;-1.5967,-0.114964,-1.54711
-0.00844123,-0.0462124,0.0325064;-1.60567,-0.0623901,-1.54542
-0.00614588,-0.0443051,0.0300464;-1.58511,-0.112822,-1.56358
-0.00493626,-0.0404597,0.028969;-1.57924,-0.160691,-1.56509
-0.00465907,-0.0380001,0.0288205;-1.57524,-0.176238,-1.56419
-0.00517566,-0.0351136,0.0290173;-1.58653,-0.140658,-1.56771
-0.00431599,-0.0374215,0.0294694;-1.59433,-0.15569,-1.5704
-0.00404361,-0.048268,0.0305821;-1.59609,-0.18518,-1.57425
-0.00220984,-0.0839059,0.0314413;-1.5388,-0.239272,-1.59397
-0.00399334,-0.0816718,0.0297852;-1.55578,-0.320492,-1.58877
-0.00471594,-0.0778105,0.0289217;-1.56933,-0.375024,-1.58593
-0.00532746,-0.0786169,0.0289774;-1.57425,-0.361001,-1.58271
-0.00576765,-0.0823504,0.0291177;-1.57402,-0.282455,-1.58642
-0.00755489,-0.0892848,0.0301037;-1.5624,-0.162632,-1.59098
-0.00444182,-0.10226,0.0329758;-1.51389,0.0699931,-1.60291
-0.00703939,-0.0953939,0.0322792;-1.50482,0.00262514,-1.5847
-0.00927616,-0.0880908,0.0291032;-1.55799,-0.0482432,-1.58267
-0.0116068,-0.0837853,0.0289615;-1.55902,-0.148455,-1.57553
-0.0122006,-0.0838987,0.0288841;-1.56157,-0.159489,-1.57463
-0.0124289,-0.0842346,0.0287946;-1.56567,-0.1609,-1.57516
-0.0111631,-0.09632,0.0299207;-1.54581,-0.116528,-1.57585
-0.0131448,-0.0984727,0.0290285;-1.55583,-0.198946,-1.57111
-0.015232,-0.0973693,0.028624;-1.56863,-0.289273,-1.57011
-0.0161888,-0.0978509,0.0287134;-1.56388,-0.40854,-1.56806
-0.0157334,-0.0974536,0.0287877;-1.56016,-0.351606,-1.5669
-0.014738,-0.0961388,0.0286601;-1.56687,-0.266445,-1.56971
-0.0114982,-0.0996821,0.0297131;-1.54329,-0.172518,-1.57435
-0.0104729,-0.102229,0.0293424;-1.5569,-0.181028,-1.56712
-0.0108366,-0.103222,0.0287217;-1.56919,-0.22882,-1.56525
-0.0104947,-0.103486,0.0287383;-1.57178,-0.275938,-1.56407
-0.0117941,-0.102082,0.0288459;-1.57478,-0.218892,-1.56172
-0.0135629,-0.0973743,0.0293724;-1.58199,-0.153463,-1.55745
-0.02217,-0.0924419,0.0329685;-1.6093,0.0529388,-1.53313
-0.0187349,-0.0979097,0.0320879;-1.60952,-0.0159339,-1.54546
-0.0137117,-0.104644,0.0305339;-1.58732,-0.110253,-1.55698
-0.00904055,-0.113581,0.0288608;-1.5755,-0.281339,-1.56301
-0.00841415,-0.114733,0.0288649;-1.57504,-0.307216,-1.56227
-0.00846199,-0.113531,0.029093;-1.57355,-0.293704,-1.55992
-0.0130386,-0.102504,0.0296122;-1.57246,-0.11555,-1.55674
-0.0132857,-0.103251,0.0290294;-1.56388,-0.115146,-1.57096
-0.0135483,-0.105732,0.0290058;-1.56216,-0.14548,-1.57091
-0.0148746,-0.10173,0.0285802;-1.57079,-0.360244,-1.57079
-0.0131605,-0.100589,0.0286211;-1.57081,-0.446212,-1.57272
-0.0134685,-0.101581,0.0287126;-1.57088,-0.37989,-1.57714
-0.0135541,-0.103699,0.0287846;-1.57042,-0.288762,-1.58042
-0.0108937,-0.117382,0.0317105;-1.53408,-0.0286439,-1.5937
-0.00952767,-0.118116,0.0321691;-1.50692,-0.0369003,-1.58332
-0.0117139,-0.108573,0.0289704;-1.56497,-0.126102,-1.58327
-0.0125784,-0.104669,0.0289517;-1.56371,-0.225488,-1.58008
-0.0125468,-0.104739,0.0287989;-1.57074,-0.217275,-1.58144
-0.0128685,-0.10564,0.028951;-1.57308,-0.191081,-1.58653
-0.0145243,-0.122492,0.0311596;-1.55893,0.00429971,-1.60229
-0.0151842,-0.127944,0.0298622;-1.5665,-0.0473678,-1.59497
-0.0157975,-0.122891,0.0288769;-1.57103,-0.16042,-1.58496
-0.0142637,-0.117885,0.0286843;-1.57081,-0.370304,-1.57577
-0.0142093,-0.118219,0.0286417;-1.57079,-0.356928,-1.57376
-0.0141077,-0.120064,0.0286189;-1.57075,-0.287885,-1.57266
-0.0113109,-0.12568,0.0293893;-1.55163,-0.0350179,-1.57421
-0.00778433,-0.123474,0.0295763;-1.54805,0.0571881,-1.57701
-0.0076244,-0.11705,0.0287454;-1.5634,0.0848274,-1.57198
-0.00836045,-0.11428,0.0287548;-1.57103,0.0345521,-1.56221
-0.0084136,-0.114339,0.0287417;-1.57093,0.0317514,-1.56305
-0.00899181,-0.115008,0.0288668;-1.57099,0.0447581,-1.56307
-0.0112216,-0.11399,0.0308004;-1.58523,0.104624,-1.54088
-0.0144762,-0.112269,0.0317888;-1.58696,0.203628,-1.53713
-0.0141588,-0.113443,0.0295403;-1.57277,0.21039,-1.5665
-0.0120088,-0.117683,0.0289273;-1.57828,0.0680986,-1.56104
-0.0116848,-0.121782,0.0288841;-1.57402,-0.0239635,-1.5622
-0.01337,-0.125274,0.028818;-1.57437,-0.0555026,-1.56264
-0.0142706,-0.128613,0.0287803;-1.57374,-0.0869015,-1.56346
-0.0138295,-0.129443,0.0292777;-1.56331,-0.045319,-1.56482
-0.0102459,-0.131586,0.0292329;-1.55963,0.043619,-1.57174
-0.0094328,-0.127061,0.0285827;-1.57086,0.0485213,-1.5707
-0.00950005,-0.127592,0.0286081;-1.57081,-0.000525028,-1.56943
-0.00961788,-0.127761,0.0285901;-1.57046,-0.0129372,-1.57022
-0.00918137,-0.127834,0.0285798;-1.57085,0.0569356,-1.57088
-0.00892659,-0.129345,0.0287336;-1.56706,0.117417,-1.57473
-0.00811225,-0.13243,0.0290749;-1.55843,0.16678,-1.57922
-0.00962145,-0.127814,0.0289075;-1.56062,0.0917189,-1.57718
-0.0116207,-0.124907,0.0288908;-1.55734,-0.0454901,-1.57148
-0.0122683,-0.123614,0.02899;-1.55389,-0.100801,-1.57172
-0.0121525,-0.124616,0.0288205;-1.57086,-0.0730764,-1.58243
-0.0127683,-0.127315,0.0290959;-1.57449,-0.0280311,-1.58799
-0.0127706,-0.139097,0.0306512;-1.56572,0.0583335,-1.60048
-0.01369,-0.134458,0.0303739;-1.54572,0.000280738,-1.59009
-0.0146647,-0.126457,0.0289258;-1.56553,-0.0925161,-1.58178
-0.0152796,-0.125562,0.028926;-1.56444,-0.124836,-1.58017
-0.0155121,-0.127656,0.0289514;-1.57447,-0.0769421,-1.58523
-0.0176506,-0.132696,0.0290985;-1.57293,0.00378893,-1.59023
-0.0194752,-0.144649,0.0302458;-1.55794,0.0995691,-1.59868
-0.0194517,-0.149843,0.0310723;-1.54122,0.137862,-1.59758
-0.021615,-0.141941,0.0288526;-1.57304,0.0966985,-1.57556
-0.0220086,-0.139488,0.0286958;-1.57635,0.0791303,-1.57016
-0.0217799,-0.14122,0.0287894;-1.57604,0.0034698,-1.56521
-0.0213576,-0.142463,0.0290781;-1.58607,-0.0219584,-1.56025
-0.021949,-0.147632,0.0303635;-1.59054,-0.0298462,-1.55155
-0.0209553,-0.165278,0.029581;-1.56527,-0.100039,-1.56403
-0.0218975,-0.164311,0.0293499;-1.57031,-0.136559,-1.56289
-0.021922,-0.160158,0.0289622;-1.57858,-0.15498,-1.56235
-0.0208494,-0.152428,0.0291204;-1.57704,-0.079641,-1.55957
-0.021227,-0.152345,0.0289882;-1.57994,-0.0699005,-1.5598
-0.0213276,-0.154253,0.028906;-1.57768,-0.0854078,-1.56076
-0.0197528,-0.159321,0.0293684;-1.55452,-0.0177166,-1.57299
-0.0185419,-0.159054,0.0289487;-1.55753,0.0124382,-1.57531
-0.0183699,-0.15744,0.0285956;-1.57091,-0.000233173,-1.56951
-0.0170861,-0.156652,0.0288367;-1.55905,0.0846455,-1.57223
-0.0157532,-0.15672,0.0286343;-1.56817,0.159126,-1.57114
-0.0152927,-0.15684,0.0285759;-1.57115,0.191238,-1.5711
-0.0153901,-0.16352,0.0291483;-1.56491,0.282903,-1.57927
-0.0158768,-0.165456,0.0288152;-1.56563,0.270794,-1.57847
-0.0163306,-0.164377,0.028784;-1.56592,0.237361,-1.57691
-0.0169685,-0.163454,0.0287602;-1.56212,0.167646,-1.57203
-0.0170599,-0.1635,0.0287431;-1.56293,0.159721,-1.57185
-0.0167223,-0.163618,0.0285754;-1.57099,0.175802,-1.5708
-0.0172117,-0.168689,0.0289371;-1.56316,0.230552,-1.57547
-0.0167771,-0.169436,0.0296468;-1.54449,0.236541,-1.58294
-0.0176124,-0.164545,0.0296599;-1.54309,0.188105,-1.58085
-0.0198509,-0.155162,0.0287071;-1.56778,-0.0344477,-1.57366
-0.0203509,-0.154427,0.0288505;-1.56233,-0.0692282,-1.57458
-0.0201995,-0.154899,0.0286621;-1.57065,-0.0456856,-1.57456
-0.0222105,-0.161656,0.0293659;-1.5773,0.0890111,-1.58423
-0.0221151,-0.165537,0.0307102;-1.55396,0.150864,-1.60674
-0.0226101,-0.162705,0.0305532;-1.5506,0.102196,-1.59822
-0.0221491,-0.159452,0.0290238;-1.57758,-0.0426588,-1.57646
-0.0225138,-0.162479,0.0292991;-1.57375,-0.0644859,-1.57413
-0.0234068,-0.164492,0.0292665;-1.58347,-0.0539137,-1.57512
-0.0234068,-0.164492,0.0292665;-1.58347,-0.0539137,-1.57512
-0.0256542,-0.170414,0.0306374;-1.62207,-0.0491861,-1.56838
-0.0256542,-0.170414,0.0306374;-1.62207,-0.0491861,-1.56838
