0,0,0.11;-1.57,-2.98023e-08,-1.57
0,0,0.11;-1.57,-2.98023e-08,-1.57
0,0,0.11;-1.57,-2.98023e-08,-1.57
-0.000409014,0.00416351,0.0286035;-1.5695,-0.203345,-1.5699
0.000345108,0.00507291,0.0286291;-1.57059,-0.117277,-1.56859
-0.000988362,0.00363806,0.0299476;-1.57123,-0.00319198,-1.55325
-0.000336448,-0.0138842,0.0372353;-1.42718,0.104706,-1.56905
-0.00412821,-0.00416271,0.0287365;-1.57063,-0.111618,-1.57805
-0.00482523,-0.0017155,0.0286015;-1.56965,-0.23659,-1.57038
-0.00563571,-0.00162998,0.0286047;-1.5695,-0.285011,-1.57037
-0.00295926,-0.00156297,0.0287317;-1.56709,-0.125276,-1.56577
-0.00412788,-0.000921911,0.0302729;-1.57894,-0.0271312,-1.54762
-0.00603123,-0.0099921,0.0327208;-1.5883,0.0958165,-1.53077
-0.00351367,-0.0202442,0.0352321;-1.44754,0.00851975,-1.56974
-0.00761384,-0.0110507,0.0301224;-1.53686,-0.107792,-1.57686
-0.00819095,-0.00580263,0.0287958;-1.57027,-0.214683,-1.58069
-0.00808769,-0.00586624,0.0285799;-1.57078,-0.193551,-1.57077
-0.0092197,-0.00572837,0.0290048;-1.57749,-0.0882088,-1.56257
-0.0124227,-0.0103308,0.0319034;-1.59699,0.0253126,-1.53321
-0.00977696,-0.025991,0.0375378;-1.4404,0.0516678,-1.54983
-0.00856736,-0.0271225,0.0363944;-1.42353,-0.0205665,-1.57244
-0.00985627,-0.0176827,0.0322525;-1.52374,-0.110977,-1.60759
-0.014806,-0.00538479,0.029001;-1.56338,-0.241106,-1.58234
-0.0142118,-0.00690369,0.0287596;-1.57062,-0.168836,-1.57935
-0.015844,-0.00898056,0.0298836;-1.5712,-0.0605342,-1.55898
-0.0163714,-0.0175579,0.0323915;-1.53211,0.0295337,-1.55962
-0.0141477,-0.0229986,0.0339876;-1.46695,-0.0152152,-1.57351
-0.0153669,-0.0084932,0.0302386;-1.56215,-0.197489,-1.59584
-0.0168361,-0.00390961,0.0290836;-1.56376,-0.239341,-1.58171
-0.0175285,-0.00484847,0.029042;-1.56314,-0.220943,-1.58242
-0.0213498,-0.0164825,0.0311161;-1.56256,-0.00139874,-1.55686
-0.0227251,-0.0286421,0.0355912;-1.51434,0.0818787,-1.5297
-0.0217583,-0.034306,0.0354267;-1.46599,0.031468,-1.55537
-0.0255649,-0.0191782,0.0291849;-1.56735,-0.177518,-1.5891
-0.0250262,-0.0111625,0.0288744;-1.56739,-0.277674,-1.58114
-0.0253761,-0.00979075,0.028857;-1.57333,-0.29942,-1.58323
-0.0271426,-0.0179516,0.0291453;-1.58304,-0.0943988,-1.57478
-0.0278305,-0.0299731,0.0323614;-1.59795,0.0215489,-1.54318
-0.0258184,-0.0391012,0.0330993;-1.53388,0.0302326,-1.52546
-0.0301937,-0.0363358,0.0293068;-1.56737,-0.152813,-1.59212
-0.0313762,-0.0255958,0.0305777;-1.57168,-0.270163,-1.60244
-0.0300424,-0.0192926,0.0300606;-1.57371,-0.331691,-1.59897
-0.0306728,-0.0288978,0.0321229;-1.55863,-0.199006,-1.62407
-0.0322299,-0.0365463,0.0363231;-1.54564,-0.0680312,-1.59087
-0.0328531,-0.0466103,0.0406105;-1.54007,0.0256274,-1.55744
-0.0347971,-0.0514759,0.0293966;-1.57126,-0.1332,-1.59418
-0.0361532,-0.0441596,0.0309139;-1.56945,-0.223705,-1.60877
-0.0371478,-0.0329324,0.0317087;-1.5775,-0.323994,-1.6178
-0.0343616,-0.0387996,0.0339339;-1.55818,-0.226672,-1.65002
-0.037387,-0.0442191,0.0394521;-1.53715,-0.13675,-1.62472
-0.0421015,-0.0503929,0.0455198;-1.56941,-0.0290983,-1.58974
-0.0449073,-0.0596788,0.030788;-1.54179,-0.157078,-1.58898
-0.0487627,-0.0522018,0.0299853;-1.57175,-0.259696,-1.59831
-0.0492768,-0.0418108,0.0299226;-1.58032,-0.367116,-1.5962
-0.0485405,-0.0465075,0.0320022;-1.58484,-0.297328,-1.61876
-0.0491833,-0.0528534,0.0366307;-1.63485,-0.167788,-1.63687
-0.0483198,-0.0601983,0.0437439;-1.59832,-0.0498005,-1.6148
-0.0502652,-0.0711928,0.0356788;-1.46493,-0.161936,-1.58402
-0.0557129,-0.0643402,0.0310656;-1.55137,-0.260659,-1.60025
-0.0576558,-0.0562945,0.0302105;-1.5784,-0.349427,-1.60089
-0.0560074,-0.0561572,0.0304147;-1.56732,-0.330457,-1.60504
-0.0562478,-0.0616026,0.0327235;-1.60262,-0.226749,-1.61766
-0.0574499,-0.0676429,0.0384456;-1.60423,-0.100584,-1.60285
-0.051006,-0.081555,0.037741;-1.41228,-0.0743157,-1.57305
-0.054681,-0.0798912,0.0360467;-1.45776,-0.162544,-1.58614
-0.0589524,-0.0713039,0.0309879;-1.56745,-0.247802,-1.61152
-0.059127,-0.0625762,0.0311321;-1.56752,-0.333527,-1.61143
-0.0586135,-0.0658417,0.0309134;-1.56099,-0.268176,-1.61176
-0.0585667,-0.0702275,0.0337387;-1.51911,-0.16392,-1.59471
-0.0463208,-0.0883111,0.0401223;-1.36403,0.00279042,-1.55707
-0.0451763,-0.090672,0.039584;-1.36867,-0.0595397,-1.56504
-0.0503686,-0.0806601,0.0358317;-1.47001,-0.163736,-1.60392
-0.0535312,-0.0647185,0.0317907;-1.55304,-0.302609,-1.60756
-0.0495473,-0.0681426,0.0333793;-1.5474,-0.234971,-1.62979
-0.0462426,-0.0746145,0.0364168;-1.48945,-0.158916,-1.62396
-0.0453466,-0.0966258,0.042589;-1.36483,0.0714503,-1.54543
-0.041697,-0.099609,0.0420166;-1.33486,0.00983773,-1.56
-0.0432008,-0.0935255,0.0393148;-1.3892,-0.0781403,-1.58463
-0.0544494,-0.0719087,0.03084;-1.56658,-0.279028,-1.60735
-0.055145,-0.0699215,0.0299557;-1.56903,-0.296394,-1.59804
-0.0545623,-0.0724956,0.0291278;-1.57028,-0.238727,-1.58576
-0.0463221,-0.10327,0.0390297;-1.41453,0.0575228,-1.55153
-0.0417761,-0.108687,0.0411069;-1.35325,0.013751,-1.55954
-0.0415051,-0.105117,0.0400693;-1.35599,-0.0639577,-1.56983
-0.0440614,-0.0900763,0.0353091;-1.51757,-0.168531,-1.63077
-0.045983,-0.0856296,0.0350048;-1.55246,-0.175105,-1.6545
-0.0461663,-0.0856084,0.0320324;-1.54738,-0.151045,-1.61356
-0.0485929,-0.102843,0.0375305;-1.46463,0.0815244,-1.54103
-0.0465295,-0.106124,0.0392462;-1.40516,0.0612279,-1.55532
-0.0460593,-0.104347,0.0385235;-1.37811,-0.0055528,-1.57269
-0.0471177,-0.092519,0.0343911;-1.4934,-0.108811,-1.60874
-0.046134,-0.0880978,0.0330637;-1.53836,-0.108923,-1.62247
-0.0456603,-0.0872136,0.0307972;-1.55525,-0.103207,-1.60634
-0.0443041,-0.108138,0.0393294;-1.39391,0.128186,-1.58055
-0.0426847,-0.114653,0.0420886;-1.31943,0.116817,-1.59323
-0.0444428,-0.112177,0.0408436;-1.33631,0.0886735,-1.58817
-0.0454231,-0.0991289,0.0351256;-1.46189,-0.0158958,-1.59783
-0.0406291,-0.0934214,0.0322809;-1.55827,-0.0132277,-1.62236
-0.0423782,-0.0933371,0.0352867;-1.51674,-0.0126263,-1.63552
-0.0446312,-0.0930348,0.033149;-1.492,0.0179143,-1.58055
-0.0512907,-0.10474,0.0393814;-1.42561,0.21963,-1.55742
-0.0531714,-0.104242,0.0381587;-1.42953,0.166429,-1.56139
-0.0566531,-0.102446,0.0350462;-1.44049,0.0867937,-1.57553
-0.0581099,-0.0967296,0.0293172;-1.53893,0.00446014,-1.56655
-0.0564568,-0.095435,0.0290523;-1.55075,0.0650252,-1.56907
-0.0544957,-0.093719,0.0292174;-1.556,0.130683,-1.55819
-0.0573117,-0.100384,0.0343593;-1.55806,0.322999,-1.50827
-0.0589593,-0.105915,0.0346913;-1.51683,0.306977,-1.52783
-0.0629058,-0.108331,0.0337216;-1.47491,0.247001,-1.57086
-0.0662409,-0.109004,0.0290013;-1.5534,0.131945,-1.56991
-0.0654388,-0.108547,0.0285647;-1.57156,0.155526,-1.57076
-0.064393,-0.108257,0.0286983;-1.56755,0.197469,-1.56885
-0.0637713,-0.105878,0.0346068;-1.58566,0.328428,-1.51611
-0.0622081,-0.105093,0.0357285;-1.55673,0.315812,-1.53976
-0.0645006,-0.110882,0.0340876;-1.46495,0.288006,-1.58746
-0.0677238,-0.106615,0.0303563;-1.53157,0.193683,-1.57882
-0.0663867,-0.104914,0.0287564;-1.56571,0.191629,-1.57518
-0.0655557,-0.104286,0.0286664;-1.5729,0.226891,-1.57235
-0.064004,-0.098058,0.0338634;-1.58382,0.335033,-1.51643
-0.0621453,-0.0953241,0.0361116;-1.5997,0.353243,-1.51975
-0.0637853,-0.0986748,0.0344392;-1.48681,0.336574,-1.56737
-0.0701171,-0.0992754,0.0359315;-1.42306,0.210287,-1.60204
-0.0686159,-0.0972826,0.0336715;-1.4654,0.190133,-1.58625
-0.0645872,-0.0940536,0.0287913;-1.56303,0.232547,-1.57525
-0.0617147,-0.0886572,0.0315662;-1.57549,0.330163,-1.5338
-0.0637573,-0.0904541,0.0367166;-1.62457,0.390538,-1.49923
-0.061615,-0.0891656,0.036401;-1.59019,0.395194,-1.52626
-0.068935,-0.0988514,0.0360312;-1.41404,0.295677,-1.61638
-0.0675073,-0.0948513,0.0305964;-1.52662,0.27565,-1.58053
-0.0658882,-0.0919629,0.0288013;-1.56633,0.261866,-1.57837
-0.0643714,-0.0888451,0.0304968;-1.56474,0.338134,-1.54723
-0.0669455,-0.0901811,0.0333369;-1.58036,0.416054,-1.51503
-0.0672397,-0.0911903,0.0350827;-1.57726,0.450929,-1.51589
-0.0737055,-0.0953766,0.0335717;-1.47859,0.350856,-1.57848
-0.0768929,-0.0946974,0.0339214;-1.45154,0.298684,-1.59599
-0.0762981,-0.0952797,0.0325824;-1.47936,0.26913,-1.58486
-0.0684198,-0.0920159,0.029034;-1.56397,0.411688,-1.5576
-0.068781,-0.0909253,0.0311734;-1.56573,0.470631,-1.53229
-0.0715012,-0.0924592,0.034443;-1.57248,0.500911,-1.50706
-0.0760067,-0.0952664,0.0326761;-1.51988,0.426857,-1.5497
-0.0791818,-0.0958689,0.0300212;-1.5339,0.364642,-1.57013
-0.0798141,-0.0958305,0.0291885;-1.54614,0.328613,-1.57244
-0.076169,-0.0933556,0.0287646;-1.57112,0.466296,-1.5617
-0.0755806,-0.0913476,0.0303555;-1.56621,0.500265,-1.53912
-0.0797156,-0.0917543,0.0334691;-1.57759,0.543553,-1.50445
-0.0794773,-0.0913539,0.031466;-1.5316,0.494768,-1.54708
-0.084501,-0.092545,0.0306967;-1.50835,0.416857,-1.58186
-0.0850556,-0.0921925,0.0294364;-1.53621,0.389555,-1.57389
-0.0798014,-0.0901487,0.0292225;-1.55353,0.48421,-1.56304
-0.0782447,-0.0875864,0.0310539;-1.56781,0.525853,-1.52807
-0.0811928,-0.0864091,0.0331664;-1.57695,0.568489,-1.49528
-0.0836447,-0.0904807,0.0336331;-1.51361,0.558412,-1.55061
-0.0880065,-0.090219,0.0333907;-1.47584,0.487433,-1.59154
-0.0890249,-0.0885778,0.0323628;-1.4775,0.43699,-1.59825
-0.0820436,-0.0854943,0.029275;-1.54565,0.533853,-1.57153
-0.080824,-0.0846281,0.0311615;-1.55612,0.577387,-1.53795
-0.0823314,-0.0853664,0.0333733;-1.56049,0.602288,-1.5065
-0.0826127,-0.0857914,0.0343153;-1.5348,0.642815,-1.52167
-0.0848028,-0.08622,0.0341357;-1.50103,0.606506,-1.55729
-0.0904641,-0.0871812,0.0347394;-1.41947,0.522405,-1.63297
-0.0856389,-0.0827814,0.0293285;-1.54026,0.533953,-1.57626
-0.0831173,-0.0815245,0.0292541;-1.55411,0.598019,-1.56199
-0.0816955,-0.0793492,0.0306863;-1.56599,0.631935,-1.53386
-0.0859769,-0.0806622,0.034227;-1.55833,0.689745,-1.51139
-0.0868709,-0.0808706,0.0330296;-1.53179,0.648113,-1.53647
-0.0909626,-0.0822742,0.0321132;-1.50874,0.594065,-1.57018
-0.0891798,-0.0822774,0.028967;-1.55301,0.58124,-1.57666
-0.0871938,-0.0818674,0.0287491;-1.56191,0.660909,-1.57508
-0.0862211,-0.0810344,0.028899;-1.57454,0.715869,-1.55535
-0.0865623,-0.0746655,0.0350673;-1.6418,0.735979,-1.47687
-0.0837821,-0.07172,0.0346404;-1.63373,0.692652,-1.4868
-0.086347,-0.0726298,0.0309271;-1.55742,0.653171,-1.54501
-0.0872876,-0.0745399,0.0290835;-1.55524,0.632532,-1.576
-0.0865121,-0.0751373,0.0286771;-1.57087,0.691413,-1.57547
-0.0883392,-0.0758235,0.0288193;-1.58492,0.780957,-1.56244
-0.0920624,-0.0711546,0.0367578;-1.796,0.872401,-1.38661
-0.0879601,-0.0690645,0.0369628;-1.78753,0.828258,-1.39901
-0.0885457,-0.0706739,0.0331106;-1.68035,0.792396,-1.48125
-0.096027,-0.0768213,0.0296865;-1.56003,0.746214,-1.57735
-0.0930634,-0.0771048,0.0293699;-1.5776,0.78399,-1.58038
-0.0957631,-0.0788135,0.0296729;-1.59924,0.852377,-1.56289
-0.0957631,-0.0788135,0.0296729;-1.59924,0.852377,-1.56289
-0.0975134,-0.0777263,0.0333228;-1.72422,0.897334,-1.4557
-0.0975134,-0.0777263,0.0333228;-1.72422,0.897334,-1.4557
