0,0,0.11;-1.57,-2.98023e-08,-1.57
0,0,0.11;-1.57,-2.98023e-08,-1.57
0,0,0.11;-1.57,-2.98023e-08,-1.57
-2.17941e-05,0.0046438,0.0286112;-1.56931,-0.125573,-1.57053
0.000131928,0.00465078,0.0286438;-1.57068,-0.0982385,-1.56788
-0.00125156,0.000175695,0.0297402;-1.56381,-0.0402561,-1.5555
-0.0034423,-0.0213351,0.0352361;-1.45762,-0.0122981,-1.55332
-0.00544689,-0.0189464,0.0285806;-1.57089,-0.111533,-1.57069
-0.00543968,-0.0191097,0.0287957;-1.56041,-0.113971,-1.56948
-0.00554478,-0.0189116,0.0286181;-1.56893,-0.117663,-1.57061
-0.00509089,-0.0186733,0.0287546;-1.57079,-0.0684775,-1.56246
-0.00695814,-0.0229002,0.0302142;-1.57115,-0.0114402,-1.54999
-0.00965389,-0.0455976,0.0355643;-1.48496,0.092207,-1.55012
-0.0105018,-0.0574371,0.0324498;-1.49994,0.0443634,-1.56557
-0.0102883,-0.0522947,0.0286694;-1.57334,-0.0147965,-1.56424
-0.0100934,-0.052021,0.0287253;-1.56385,-0.0156863,-1.57067
-0.0094409,-0.051796,0.0286757;-1.57084,0.0534671,-1.56624
-0.0111553,-0.0533814,0.0296866;-1.57267,0.115423,-1.55429
-0.0161968,-0.0724801,0.034133;-1.51946,0.220649,-1.55463
-0.0191277,-0.092333,0.0384401;-1.41006,0.241911,-1.58107
-0.0187993,-0.0882281,0.033167;-1.48582,0.188304,-1.57847
-0.0172475,-0.0843115,0.0286534;-1.57036,0.148903,-1.56692
-0.0169563,-0.0840506,0.0285796;-1.57073,0.185096,-1.57075
-0.0165247,-0.0833412,0.0287753;-1.57218,0.23744,-1.5613
-0.0205777,-0.0876286,0.0308489;-1.58206,0.310346,-1.54314
-0.0291434,-0.106334,0.0348642;-1.48953,0.374266,-1.57204
-0.0309246,-0.110374,0.0324901;-1.49141,0.333442,-1.5893
-0.0292736,-0.107614,0.0288799;-1.55721,0.308914,-1.57619
-0.0290141,-0.107959,0.0288489;-1.55771,0.3342,-1.57549
-0.0287677,-0.107593,0.0285789;-1.57066,0.353407,-1.57045
-0.0386877,-0.121584,0.0323786;-1.58351,0.484559,-1.53372
-0.0516956,-0.146283,0.0408481;-1.36314,0.553878,-1.63567
-0.0547053,-0.151505,0.0394438;-1.35614,0.513743,-1.65219
-0.0463424,-0.141272,0.028586;-1.57115,0.456623,-1.56989
-0.0460668,-0.141344,0.0288133;-1.55886,0.466104,-1.57653
-0.0458261,-0.141839,0.0287928;-1.5592,0.494754,-1.57615
-0.0497799,-0.14411,0.0305427;-1.58379,0.565494,-1.54185
-0.0654738,-0.164851,0.0355637;-1.48602,0.670272,-1.58816
-0.0761688,-0.180061,0.0414576;-1.30008,0.657714,-1.70334
-0.068779,-0.172383,0.0286792;-1.57102,0.583156,-1.56542
-0.0687092,-0.172392,0.0289063;-1.55427,0.578687,-1.58149
-0.0685816,-0.172644,0.0287554;-1.56062,0.591974,-1.57647
-0.0691926,-0.172736,0.0291684;-1.57281,0.638667,-1.55666
-0.0807453,-0.181857,0.0322336;-1.57246,0.724085,-1.53802
-0.099921,-0.202225,0.0400387;-1.32275,0.801722,-1.71283
-0.101235,-0.201779,0.0287133;-1.57362,0.70924,-1.56065
-0.100563,-0.201553,0.0286082;-1.57098,0.678856,-1.56925
-0.100547,-0.20155,0.0287121;-1.56266,0.679575,-1.57583
-0.100542,-0.2015,0.0288341;-1.5729,0.729756,-1.55803
-0.10783,-0.204846,0.0311649;-1.57846,0.798195,-1.53685
-0.127108,-0.221338,0.0378368;-1.37824,0.905358,-1.68838
-0.132636,-0.225996,0.0287165;-1.57408,0.811897,-1.5604
-0.13148,-0.225629,0.0286285;-1.57125,0.794707,-1.56793
-0.131149,-0.225968,0.0287508;-1.55883,0.815482,-1.5794
-0.130522,-0.225929,0.0288174;-1.5715,0.889841,-1.55843
-0.137155,-0.227816,0.0310567;-1.58251,0.972652,-1.53389
-0.159095,-0.241261,0.0376549;-1.33376,1.07099,-1.74396
-0.166126,-0.246076,0.0299154;-1.5204,1.00234,-1.60308
-0.162997,-0.24515,0.0286608;-1.57103,0.964665,-1.5662
-0.162666,-0.245403,0.028858;-1.54866,0.98254,-1.59022
-0.161536,-0.245877,0.0287137;-1.57099,1.06371,-1.56417
-0.164548,-0.245366,0.0301162;-1.58501,1.13267,-1.53819
-0.187093,-0.252542,0.0349375;-1.35925,1.23651,-1.74097
-0.196806,-0.256207,0.0364656;-1.22104,1.21074,-1.87265
-0.188054,-0.253731,0.0287085;-1.5863,1.17489,-1.54453
-0.187336,-0.254116,0.0285989;-1.57137,1.14273,-1.56926
-0.187034,-0.254259,0.0285797;-1.57076,1.17616,-1.57082
-0.186476,-0.254034,0.0287762;-1.57392,1.22281,-1.55841
-0.19501,-0.253714,0.0309979;-1.61481,1.29799,-1.5047
-0.235499,-0.262613,0.0420893;-0.655697,1.30424,-2.42289
-0.232351,-0.261575,0.0375126;-0.974717,1.30378,-2.12684
-0.222848,-0.261231,0.0287446;-1.57544,1.29944,-1.55717
-0.222604,-0.261774,0.0287954;-1.53099,1.31647,-1.60988
-0.222423,-0.262027,0.0285815;-1.57014,1.34724,-1.57139
-0.223631,-0.261379,0.0293161;-1.58844,1.38132,-1.53931
-0.272212,-0.263896,0.0421018;-0.0112173,1.37637,-3.07877
-0.281599,-0.264481,0.0412295;-0.191606,1.34902,-2.91524
-0.272093,-0.265422,0.030211;-1.18797,1.496,-1.94453
-0.269528,-0.266231,0.0288441;-1.45876,1.46513,-1.68333
-0.269198,-0.266693,0.0285849;-1.56976,1.50711,-1.57147
-0.270178,-0.266154,0.029096;-1.66296,1.52735,-1.4656
-0.314074,-0.260827,0.0405116;0.707596,1.3467,2.46538
-0.3275,-0.259449,0.0390668;0.459477,1.35643,2.68843
-0.319411,-0.260017,0.0297127;1.08039,1.51748,2.06656
-0.317983,-0.260615,0.0287757;0.534769,1.56037,2.6064
-0.317864,-0.260845,0.0285837;1.58638,1.53329,1.55591
-0.317951,-0.260494,0.0289144;1.61755,1.50595,1.53527
-0.355421,-0.252734,0.0389118;1.06284,1.2799,2.09827
-0.368776,-0.250418,0.0368629;0.929203,1.31825,2.20925
-0.361508,-0.250859,0.0300335;1.40012,1.41471,1.74885
-0.3595,-0.252303,0.0288153;1.48571,1.44443,1.65473
-0.358903,-0.253201,0.0286555;1.57047,1.38417,1.57462
-0.358936,-0.253264,0.0287239;1.57088,1.36712,1.57765
-0.386193,-0.242098,0.0360647;1.30458,1.17352,1.84245
-0.399946,-0.236419,0.0360209;1.19345,1.19961,1.93634
-0.396086,-0.236573,0.0339307;1.30872,1.23182,1.83551
-0.388567,-0.240332,0.0287195;1.55419,1.31377,1.5894
-0.388755,-0.241008,0.0287651;1.54072,1.26849,1.59961
-0.388384,-0.241556,0.0286733;1.57055,1.23615,1.57539
-0.389211,-0.239882,0.0296575;1.57233,1.1825,1.58684
-0.424628,-0.21945,0.0394323;1.29249,0.986509,1.84495
-0.427186,-0.216546,0.0361072;1.30408,1.06701,1.82337
-0.420511,-0.220647,0.0288668;1.57979,1.13918,1.57486
-0.421052,-0.22149,0.028733;1.55392,1.12434,1.58602
-0.42116,-0.221918,0.0285942;1.57103,1.08769,1.5713
-0.421136,-0.221387,0.0291778;1.58036,1.05544,1.57769
-0.4534,-0.1964,0.0402978;1.34727,0.833593,1.78689
-0.463997,-0.189638,0.0399467;1.26591,0.866699,1.83242
-0.457391,-0.195673,0.0285891;1.58692,0.930442,1.56767
-0.457238,-0.19686,0.0288802;1.54845,0.946332,1.58777
-0.457375,-0.197583,0.0285799;1.57258,0.903066,1.57055
-0.457318,-0.197324,0.0289423;1.57913,0.879182,1.57727
-0.48258,-0.167932,0.0393524;1.39899,0.682626,1.72577
-0.492184,-0.15817,0.0406178;1.30749,0.702909,1.77531
-0.486553,-0.165432,0.0297678;1.55511,0.775222,1.59711
-0.486353,-0.167084,0.0289544;1.54759,0.803704,1.58587
-0.486781,-0.167626,0.0286873;1.5637,0.764799,1.57581
-0.486648,-0.167758,0.0287446;1.57116,0.74262,1.57875
-0.503906,-0.139517,0.0366285;1.4502,0.580888,1.67005
-0.513281,-0.124671,0.0408451;1.33477,0.571425,1.73603
-0.50993,-0.12685,0.0346454;1.44815,0.651153,1.6637
-0.506926,-0.133802,0.0287981;1.55654,0.731588,1.5802
-0.507287,-0.134135,0.028737;1.56085,0.710455,1.57734
-0.507351,-0.134407,0.0285802;1.57053,0.684705,1.57099
-0.512679,-0.119721,0.0319872;1.55763,0.566558,1.60481
-0.526664,-0.0964595,0.0391261;1.39726,0.463979,1.68386
-0.528698,-0.0882829,0.0372685;1.40811,0.512879,1.6745
-0.522654,-0.0983204,0.0287058;1.5711,0.660467,1.57713
-0.522691,-0.0986178,0.028792;1.55793,0.650193,1.57862
-0.523202,-0.098857,0.0287521;1.56071,0.608841,1.57665
-0.523058,-0.0959847,0.0299062;1.57164,0.516913,1.5877
-0.530406,-0.0757691,0.0350179;1.4907,0.407738,1.62902
-0.538069,-0.0574043,0.0382299;1.42394,0.373359,1.65956
-0.534888,-0.0624672,0.0289242;1.57603,0.527234,1.58124
-0.535075,-0.0629771,0.0287862;1.56118,0.529532,1.5775
-0.535528,-0.0634537,0.0287059;1.56386,0.50069,1.57415
-0.535341,-0.0636409,0.0292018;1.57377,0.419883,1.58378
-0.536351,-0.0517008,0.0321367;1.56519,0.319713,1.60295
-0.544464,-0.0276564,0.0392473;1.43129,0.213257,1.64432
-0.545572,-0.0240089,0.0288067;1.56926,0.336169,1.58061
-0.545894,-0.0250962,0.0286018;1.5712,0.349537,1.57208
-0.546198,-0.0255415,0.0287781;1.56092,0.328533,1.57337
-0.546317,-0.0257432,0.0290243;1.57438,0.236576,1.58511
-0.54484,-0.0167678,0.0316627;1.58461,0.161518,1.60077
-0.54678,0.00774463,0.0387943;1.42515,0.0563348,1.62121
-0.545889,0.0122831,0.0288976;1.57254,0.139764,1.58456
-0.546194,0.0115156,0.028672;1.57097,0.153674,1.57531
-0.546496,0.0113945,0.0289412;1.55385,0.138644,1.57279
-0.546859,0.0111783,0.0287589;1.57102,0.0658407,1.58001
-0.544659,0.0207636,0.0311257;1.5932,0.0038325,1.5876
-0.543379,0.0475861,0.0371379;1.44256,-0.102163,1.5953
-0.540614,0.0489528,0.0331933;1.49408,-0.0107531,1.59062
-0.54173,0.0435755,0.0287732;1.57124,0.0354,1.58022
-0.541811,0.0437164,0.0289235;1.5543,0.0155555,1.57117
-0.541937,0.0436893,0.0285778;1.57052,-0.0311196,1.57072
-0.540422,0.0454602,0.0291283;1.57815,-0.0814286,1.57806
-0.535901,0.0634805,0.0339646;1.60818,-0.161412,1.59033
-0.528263,0.0866747,0.0386589;1.39734,-0.131602,1.57318
-0.529281,0.0748061,0.0288615;1.58457,-0.0625309,1.58562
-0.530319,0.0739577,0.0286193;1.57068,-0.0454977,1.57312
-0.530519,0.0748209,0.0286345;1.57071,-0.0768769,1.56826
-0.530018,0.0758042,0.0285783;1.57084,-0.119188,1.57112
-0.526345,0.0828545,0.0306457;1.58963,-0.178052,1.5857
-0.516385,0.114118,0.039677;1.3849,-0.231299,1.55542
-0.515822,0.109518,0.0337226;1.48302,-0.148632,1.56679
-0.517763,0.102889,0.0289468;1.58681,-0.085781,1.57603
-0.518069,0.103404,0.0286572;1.5713,-0.0879793,1.56652
-0.517553,0.10453,0.028583;1.57095,-0.128537,1.57084
-0.515812,0.10616,0.0290673;1.57698,-0.186716,1.57666
-0.502869,0.139126,0.0396977;1.41657,-0.330084,1.54801
-0.499642,0.143018,0.0363086;1.43208,-0.247005,1.54227
-0.501211,0.12879,0.0286254;1.583,-0.1582,1.57568
-0.502343,0.12839,0.0287151;1.57075,-0.158973,1.56441
-0.502212,0.128829,0.028622;1.57189,-0.188035,1.56926
-0.500735,0.129577,0.0287483;1.57761,-0.250934,1.5741
-0.486889,0.154637,0.0413593;1.48068,-0.409794,1.55415
-0.482917,0.162049,0.0384157;1.44387,-0.336045,1.53332
-0.485143,0.149522,0.0288495;1.58323,-0.244647,1.57434
-0.487778,0.147652,0.0288822;1.56549,-0.237929,1.56013
-0.487289,0.148314,0.0287622;1.5717,-0.268515,1.56318
-0.485468,0.149939,0.0289229;1.58325,-0.339491,1.57012
-0.485468,0.149939,0.0289229;1.58325,-0.339491,1.57012
-0.479489,0.157864,0.0324909;1.6275,-0.407871,1.59528
-0.479489,0.157864,0.0324909;1.6275,-0.407871,1.59528
