0,0,0.11;-1.57,-2.98023e-08,-1.57
0,0,0.11;-1.57,-2.98023e-08,-1.57
0,0,0.11;-1.57,-2.98023e-08,-1.57
0.000217129,0.00812213,0.0286447;-1.5676,-0.16395,-1.57012
7.04932e-05,0.00804383,0.0285807;-1.57092,-0.151263,-1.57078
-0.0011492,0.00565721,0.0305401;-1.59908,-0.117043,-1.57052
-0.00355167,-0.0177093,0.0387929;-1.58554,-0.0299862,-1.57695
-0.00434667,-0.0150466,0.0286726;-1.57078,-0.137527,-1.57576
-0.00419374,-0.0149404,0.0287568;-1.56274,-0.144233,-1.57016
-0.00434672,-0.0145438,0.0285801;-1.57076,-0.154001,-1.57078
-0.00387478,-0.0153029,0.0285789;-1.57082,-0.0892083,-1.57067
-0.00501896,-0.0206215,0.0298506;-1.59429,-0.0461637,-1.57709
-0.00719261,-0.0391768,0.0402046;-1.52248,0.0367459,-1.58679
-0.00953524,-0.0458069,0.0333187;-1.50951,-0.0507856,-1.58761
-0.0104879,-0.0389879,0.0286975;-1.56773,-0.134093,-1.57966
-0.0099781,-0.0372213,0.0286255;-1.56956,-0.17827,-1.56952
-0.00975401,-0.0379286,0.0285796;-1.57064,-0.127127,-1.57073
-0.00997666,-0.0391603,0.0289921;-1.55608,-0.0799523,-1.56426
-0.0110135,-0.0555777,0.0344394;-1.51876,0.0125457,-1.57522
-0.00954697,-0.0723878,0.0379802;-1.49116,-0.0154757,-1.59819
-0.0095117,-0.0674981,0.0342255;-1.53703,-0.0888836,-1.59497
-0.00894094,-0.061811,0.0287579;-1.56952,-0.15147,-1.58097
-0.00841233,-0.0612786,0.0285794;-1.57082,-0.140567,-1.57076
-0.00807839,-0.0614514,0.0285778;-1.57096,-0.069723,-1.57053
-0.0102661,-0.0710166,0.0294991;-1.57758,0.0186937,-1.57637
-0.0109723,-0.0902533,0.0354156;-1.47027,0.0790952,-1.59572
-0.0115219,-0.0924558,0.0315539;-1.5283,0.0558957,-1.58879
-0.0104249,-0.0888688,0.0286001;-1.57,-0.00322646,-1.57037
-0.0102281,-0.0889477,0.0286783;-1.56609,0.00758271,-1.57081
-0.0101028,-0.0890171,0.0285798;-1.57068,0.0422825,-1.57086
-0.0142359,-0.102367,0.0329162;-1.55168,0.182391,-1.57528
-0.0179257,-0.121419,0.0392679;-1.38563,0.212366,-1.61367
-0.0157992,-0.124689,0.0378724;-1.43381,0.173922,-1.62475
-0.0112927,-0.116313,0.028758;-1.5712,0.154124,-1.57899
-0.0112877,-0.114527,0.0285921;-1.57061,0.102735,-1.57132
-0.0115667,-0.114847,0.0287095;-1.56448,0.100079,-1.57133
-0.0150498,-0.122685,0.030253;-1.6001,0.208943,-1.56791
-0.0211988,-0.139846,0.0394848;-1.5138,0.279312,-1.59361
-0.0237942,-0.149322,0.0416758;-1.44604,0.263407,-1.61596
-0.0204223,-0.133664,0.0287157;-1.56914,0.162133,-1.57979
-0.0200623,-0.133405,0.0287257;-1.56362,0.161094,-1.57171
-0.02011,-0.133432,0.0287299;-1.56353,0.161401,-1.57191
-0.0209505,-0.13358,0.0288401;-1.58368,0.225713,-1.56679
-0.0271337,-0.147299,0.0351007;-1.66595,0.314369,-1.54566
-0.0321606,-0.167352,0.0441004;-1.48724,0.371407,-1.60175
-0.0156156,-0.155141,0.0338289;-1.6594,0.245371,-1.57645
-0.00890065,-0.146513,0.0309563;-1.60699,0.154156,-1.58631
-0.00692806,-0.143033,0.0290011;-1.57904,0.100021,-1.58181
-0.00711496,-0.142674,0.0294713;-1.60072,0.0988162,-1.57252
-0.010589,-0.148493,0.035133;-1.69524,0.182344,-1.55776
-0.0135083,-0.163803,0.043367;-1.68346,0.271649,-1.56655
-0.00315914,-0.157823,0.0340228;-1.67571,0.129804,-1.57095
0.000563964,-0.152399,0.0291963;-1.59472,0.0589124,-1.57529
0.000767373,-0.15134,0.0288819;-1.57652,0.0390352,-1.57919
-0.00419532,-0.157159,0.0287546;-1.57956,0.257682,-1.56904
-0.0108452,-0.172454,0.0336935;-1.67044,0.319628,-1.5481
-0.0169376,-0.195007,0.0421079;-1.55192,0.375863,-1.58724
-0.00605454,-0.193528,0.0347848;-1.65666,0.313948,-1.57935
-0.00548582,-0.189804,0.0344524;-1.66522,0.317934,-1.57015
-0.00823831,-0.193395,0.0290259;-1.57377,0.338977,-1.58294
-0.0102163,-0.195164,0.028891;-1.57059,0.378773,-1.58577
-0.0146581,-0.20245,0.0311385;-1.61659,0.447333,-1.56429
-0.0226168,-0.219857,0.0387921;-1.51778,0.518491,-1.59674
-0.022991,-0.226192,0.0382277;-1.38949,0.465611,-1.66383
-0.020125,-0.215917,0.0318524;-1.53526,0.409499,-1.61531
-0.017522,-0.20841,0.028846;-1.57164,0.347918,-1.58214
-0.0171844,-0.20789,0.0285792;-1.57075,0.347163,-1.57072
-0.0173662,-0.208106,0.0285781;-1.57075,0.370185,-1.57059
-0.0211295,-0.213154,0.0305054;-1.59219,0.43405,-1.55595
-0.0337225,-0.24324,0.0415665;-1.32357,0.452933,-1.66689
-0.0285777,-0.23816,0.0388923;-1.39409,0.400506,-1.6644
-0.0144515,-0.221497,0.0324328;-1.62375,0.351894,-1.58686
-0.00993743,-0.213165,0.029027;-1.57846,0.277815,-1.58256
-0.0138612,-0.217797,0.0291287;-1.58109,0.339777,-1.58422
-0.019414,-0.224901,0.0310125;-1.61464,0.405787,-1.56768
-0.0304765,-0.252121,0.048323;-1.54438,0.551057,-1.60172
-0.0346783,-0.260197,0.0461753;-1.46027,0.492483,-1.64628
-0.0290088,-0.25081,0.0323644;-1.55059,0.448044,-1.63144
-0.02363,-0.239409,0.0287587;-1.57065,0.35123,-1.57958
-0.0243937,-0.240704,0.0287622;-1.5706,0.391575,-1.57953
-0.02569,-0.242579,0.0286429;-1.5727,0.451369,-1.56587
-0.0453731,-0.274192,0.0411886;-1.3699,0.576007,-1.65806
-0.0483773,-0.280245,0.0404083;-1.33719,0.484514,-1.69102
-0.0339341,-0.26328,0.031817;-1.58954,0.43397,-1.60291
-0.0169257,-0.247964,0.0294937;-1.58763,0.252908,-1.58204
-0.0201479,-0.250543,0.0301767;-1.58447,0.291002,-1.5916
-0.0229813,-0.253042,0.0324792;-1.64674,0.327776,-1.55995
-0.0317029,-0.269344,0.0447848;-1.69946,0.477028,-1.53579
-0.0339952,-0.282095,0.045601;-1.65228,0.447348,-1.56954
-0.0269959,-0.280002,0.0352303;-1.69522,0.391119,-1.54464
-0.0240877,-0.275555,0.0293391;-1.58805,0.332529,-1.57712
-0.0282121,-0.278342,0.0291109;-1.58472,0.390802,-1.58001
-0.0296106,-0.279045,0.0290924;-1.59266,0.41286,-1.56866
-0.0464686,-0.307078,0.0360742;-1.46039,0.560891,-1.609
-0.049891,-0.316988,0.0364754;-1.40715,0.50604,-1.64787
-0.0433444,-0.307447,0.0328415;-1.54334,0.497088,-1.58733
-0.0340929,-0.299354,0.0292832;-1.59821,0.414662,-1.56891
-0.0532784,-0.307574,0.0325738;-1.59348,0.609206,-1.60483
-0.0542921,-0.308912,0.0308905;-1.61661,0.626239,-1.56365
-0.0536307,-0.307976,0.0365439;-1.75822,0.640781,-1.47075
-0.0651953,-0.319696,0.0469907;-1.76936,0.761372,-1.45764
-0.06331,-0.319685,0.0421437;-1.78575,0.725812,-1.45259
-0.0547888,-0.316026,0.0357211;-1.75688,0.635366,-1.46442
-0.0556922,-0.315716,0.0291722;-1.59488,0.633008,-1.56569
-0.0604772,-0.316099,0.0291961;-1.59446,0.70507,-1.56689
-0.0638913,-0.316214,0.0295528;-1.60919,0.745859,-1.5477
-0.0921793,-0.342783,0.0381092;-1.36952,0.88687,-1.69851
-0.0996849,-0.352829,0.0364488;-1.34492,0.832735,-1.72981
-0.0892557,-0.342979,0.028742;-1.5899,0.774034,-1.56148
-0.0874865,-0.342276,0.0288533;-1.57787,0.742708,-1.57365
-0.089887,-0.342472,0.0287407;-1.57147,0.79905,-1.57731
-0.0919015,-0.341979,0.0289946;-1.6,0.852707,-1.54982
-0.117054,-0.35835,0.0427142;-1.68841,1.00346,-1.48197
-0.122475,-0.366104,0.0432442;-1.63781,0.963111,-1.52759
-0.115378,-0.365185,0.0332755;-1.73558,0.919182,-1.44441
-0.116225,-0.365459,0.0303644;-1.62867,0.923791,-1.53852
-0.119807,-0.365356,0.0291593;-1.60455,0.954229,-1.55175
-0.120927,-0.364351,0.0300213;-1.64282,0.972136,-1.5134
-0.144875,-0.374294,0.0369356;-1.46799,1.12142,-1.64808
-0.160411,-0.383874,0.0383997;-1.21177,1.09838,-1.87665
-0.155982,-0.381958,0.0336394;-1.36924,1.05941,-1.74266
-0.149018,-0.378091,0.0286051;-1.57014,1.01319,-1.57221
-0.150829,-0.378848,0.0286996;-1.57083,1.07101,-1.5762
-0.152029,-0.378571,0.0288201;-1.57522,1.10601,-1.57601
-0.163801,-0.380176,0.0343751;-1.79199,1.20666,-1.36269
-0.183409,-0.386998,0.0437698;-1.59757,1.29021,-1.54572
-0.188999,-0.39054,0.042935;-1.59418,1.25829,-1.55446
-0.18248,-0.39395,0.0327437;-1.82774,1.20938,-1.33516
-0.184463,-0.39223,0.0314753;-1.71605,1.23549,-1.45409
-0.187664,-0.389327,0.0305234;-1.64338,1.26551,-1.52411
-0.188697,-0.386695,0.0320749;-1.79329,1.30397,-1.35414
-0.205803,-0.389464,0.0363482;-1.41373,1.40562,-1.71419
-0.225782,-0.392729,0.037538;-0.737593,1.35402,-2.37704
-0.216738,-0.38938,0.0284356;-1.55689,1.30592,-1.58481
-0.214958,-0.389305,0.0286748;-1.55532,1.26174,-1.58528
-0.215608,-0.389584,0.0287888;-1.5408,1.27771,-1.60086
-0.218197,-0.389925,0.0286116;-1.57034,1.36715,-1.56945
-0.236581,-0.388827,0.0316943;-1.26399,1.46255,-1.86445
-0.261224,-0.389781,0.0387363;-0.23423,1.39337,-2.88486
-0.251787,-0.394874,0.0291822;-1.6733,1.42177,-1.48298
-0.249286,-0.396142,0.0293128;-1.7284,1.40934,-1.4256
-0.251775,-0.394961,0.02913;-1.66879,1.44412,-1.48636
-0.253966,-0.393624,0.0288095;-1.70169,1.49219,-1.44112
-0.260974,-0.391901,0.0306772;-2.49569,1.56553,-0.630571
-0.287806,-0.391749,0.0391639;0.665624,1.39249,2.49138
-0.290398,-0.388764,0.0290399;-0.0679665,1.5546,-3.07364
-0.287646,-0.389035,0.0285699;-1.57527,1.51949,-1.56607
-0.287787,-0.389023,0.0288153;-1.39141,1.51159,-1.75055
-0.288804,-0.389527,0.0285792;1.56543,1.54789,1.57617
-0.298829,-0.386312,0.0301571;1.5265,1.46725,1.62674
-0.325085,-0.381977,0.0377582;0.958628,1.32243,2.18766
-0.327256,-0.380733,0.0323459;1.05787,1.41158,2.08341
-0.322086,-0.381946,0.0287096;1.55889,1.48764,1.57443
-0.322725,-0.382363,0.0287182;1.55362,1.45788,1.58308
-0.326582,-0.382431,0.0285818;1.5691,1.32411,1.5727
-0.32814,-0.381262,0.029264;1.57306,1.29031,1.57806
-0.342172,-0.374264,0.0328553;1.48506,1.20194,1.67463
-0.364981,-0.365806,0.0378092;1.10323,1.16754,2.01421
-0.353875,-0.369887,0.0287276;1.5566,1.25621,1.58688
-0.352621,-0.370834,0.0285666;1.57158,1.29077,1.56993
-0.353651,-0.371522,0.0286633;1.55915,1.23686,1.58128
-0.355056,-0.370808,0.0285719;1.57262,1.17558,1.57032
-0.361223,-0.365636,0.0301099;1.58767,1.11634,1.56926
-0.39947,-0.344032,0.0394258;1.20609,0.972591,1.89291
-0.394933,-0.345467,0.0335383;1.37897,1.02882,1.74073
-0.38819,-0.349768,0.0287657;1.56448,1.10088,1.56333
-0.384916,-0.353683,0.0289994;1.58614,1.19549,1.54224
-0.384513,-0.353251,0.0291107;1.59579,1.1956,1.53151
-0.384525,-0.352576,0.029921;1.65818,1.18449,1.48506
-0.417793,-0.333883,0.0394725;1.29328,1.00774,1.83854
-0.424532,-0.331452,0.0382874;1.2383,1.04809,1.86866
-0.413203,-0.339578,0.0286659;1.56451,1.1289,1.57778
-0.412148,-0.340517,0.0288666;1.54042,1.16604,1.59695
-0.413318,-0.340547,0.0285302;1.57519,1.10966,1.56711
-0.41388,-0.339817,0.0285923;1.57268,1.07875,1.57099
-0.448454,-0.315003,0.0399388;1.33912,0.876332,1.77934
-0.458162,-0.309323,0.0378908;1.30989,0.906146,1.78476
-0.446835,-0.317247,0.0288899;1.5431,0.999165,1.59434
-0.444529,-0.320191,0.028704;1.57016,1.07938,1.5655
-0.445621,-0.319277,0.0289611;1.58677,1.0507,1.5468
-0.446406,-0.317289,0.0311544;1.68229,1.0109,1.47147
-0.446406,-0.317289,0.0311544;1.68229,1.0109,1.47147
-0.450175,-0.311958,0.0370192;1.8253,0.920916,1.35227
-0.450175,-0.311958,0.0370192;1.8253,0.920916,1.35227
