0,0,0.11;-1.57,-2.98023e-08,-1.57
0,0,0.11;-1.57,-2.98023e-08,-1.57
0,0,0.11;-1.57,-2.98023e-08,-1.57
0.000288584,0.00759829,0.0286291;-1.56827,-0.141203,-1.5704
0.000382332,0.00759485,0.0286628;-1.57067,-0.110194,-1.56665
-0.00161089,0.00307021,0.0300855;-1.57353,-0.0498757,-1.55242
-0.00251073,-0.0298496,0.0351514;-1.44946,0.0119243,-1.56238
-0.00343926,-0.0239851,0.0285772;-1.57101,-0.0837059,-1.57076
-0.00348379,-0.0241904,0.0288054;-1.55997,-0.0900828,-1.56986
-0.00355819,-0.0241361,0.0287434;-1.56295,-0.0922382,-1.57013
-0.00319743,-0.0239979,0.0286493;-1.57123,-0.0470739,-1.5671
-0.00467288,-0.0272521,0.0298188;-1.56628,0.0079047,-1.55562
-0.00675308,-0.0493117,0.0352333;-1.4973,0.107374,-1.5523
-0.00759415,-0.061193,0.0323586;-1.49812,0.0502727,-1.56815
-0.00752029,-0.0566183,0.0286252;-1.57153,0.00325579,-1.56792
-0.00729254,-0.0562894,0.0286941;-1.56531,0.00257311,-1.57063
-0.0065836,-0.0565057,0.0286222;-1.5704,0.0665158,-1.56857
-0.00783877,-0.0581986,0.0292413;-1.56866,0.119063,-1.55992
-0.012954,-0.0767912,0.0335293;-1.5222,0.22176,-1.55908
-0.0160545,-0.0996777,0.0369706;-1.42531,0.243891,-1.58794
-0.0156049,-0.0935195,0.032287;-1.49662,0.186491,-1.5797
-0.0151045,-0.0895345,0.0285779;-1.57118,0.136017,-1.57152
-0.0148202,-0.0896998,0.0286057;-1.56955,0.16883,-1.57088
-0.0143308,-0.0894228,0.0286952;-1.5702,0.222163,-1.56589
-0.0178575,-0.0944565,0.0302157;-1.57435,0.289142,-1.55114
-0.0249837,-0.113595,0.0339392;-1.49026,0.353265,-1.58158
-0.0259729,-0.117268,0.0309412;-1.51867,0.319334,-1.58358
-0.0245522,-0.115172,0.0288213;-1.55942,0.291273,-1.57456
-0.024362,-0.115551,0.0288193;-1.55945,0.317004,-1.57497
-0.0240137,-0.115415,0.0285749;-1.57051,0.343673,-1.57045
-0.0329624,-0.127777,0.0318569;-1.57649,0.476893,-1.54216
-0.0440533,-0.152742,0.0401656;-1.3863,0.546238,-1.62873
-0.0453943,-0.158362,0.0379863;-1.37869,0.510262,-1.64852
-0.0368024,-0.148537,0.0285659;-1.57084,0.461988,-1.57011
-0.0367576,-0.148743,0.0288627;-1.55643,0.471071,-1.57802
-0.0366738,-0.149368,0.0287941;-1.55898,0.503534,-1.57643
-0.0398901,-0.15095,0.0300274;-1.58134,0.575891,-1.54905
-0.0545648,-0.17072,0.0352607;-1.49419,0.67348,-1.5886
-0.0650519,-0.188353,0.0399321;-1.33906,0.675382,-1.68718
-0.0543958,-0.178229,0.0284995;-1.57031,0.600915,-1.57141
-0.0541736,-0.178434,0.0288717;-1.55395,0.601869,-1.58027
-0.0540252,-0.178601,0.0288451;-1.55538,0.609267,-1.57963
-0.0544377,-0.178734,0.0287431;-1.57442,0.682475,-1.5615
-0.0632267,-0.185997,0.0325892;-1.63688,0.743711,-1.51486
-0.0797744,-0.204169,0.0393968;-1.39773,0.81592,-1.66453
-0.0755574,-0.201348,0.0286781;-1.59292,0.708446,-1.55786
-0.0745093,-0.200997,0.0286278;-1.57075,0.679045,-1.57338
-0.0746544,-0.201736,0.0288117;-1.5648,0.6985,-1.58116
-0.0770023,-0.20309,0.0288504;-1.58544,0.778378,-1.56317
-0.0847855,-0.207538,0.0327836;-1.68198,0.822125,-1.49438
-0.0990829,-0.220033,0.0398023;-1.63248,0.914124,-1.52011
-0.0976038,-0.224957,0.0291236;-1.59383,0.802393,-1.56426
-0.0960417,-0.224891,0.0287728;-1.57286,0.776221,-1.57696
-0.0966169,-0.225528,0.0288536;-1.5739,0.793016,-1.57921
-0.100536,-0.226693,0.0292223;-1.60929,0.8673,-1.54782
-0.109479,-0.230632,0.0333777;-1.71182,0.913825,-1.46555
-0.123655,-0.240049,0.0416412;-1.58409,0.989828,-1.5622
-0.123153,-0.241667,0.0292498;-1.59375,0.873565,-1.5632
-0.119371,-0.240425,0.0291766;-1.5962,0.824936,-1.56366
-0.120077,-0.241014,0.0289487;-1.58103,0.839285,-1.57411
-0.123782,-0.242028,0.0290755;-1.58426,0.903209,-1.57539
-0.130093,-0.24373,0.031138;-1.65624,0.957491,-1.50855
-0.143083,-0.250091,0.0385183;-1.57749,1.02324,-1.57477
-0.149515,-0.252549,0.0333425;-1.46968,0.967255,-1.66852
-0.144536,-0.249415,0.0289871;-1.58223,0.904066,-1.57396
-0.14238,-0.249137,0.0289113;-1.58104,0.869017,-1.5723
-0.143669,-0.249773,0.0289042;-1.57733,0.904961,-1.57687
-0.145861,-0.249864,0.0289081;-1.57581,0.95523,-1.57943
-0.153138,-0.251701,0.0311115;-1.64016,1.0087,-1.51904
-0.178185,-0.265851,0.0383528;-1.33655,1.08319,-1.77558
-0.177852,-0.264109,0.033437;-1.41948,1.01021,-1.70607
-0.171426,-0.259692,0.0287944;-1.57366,0.943103,-1.57729
-0.170948,-0.260304,0.0287121;-1.5706,0.964292,-1.57722
-0.172042,-0.26075,0.0287122;-1.57054,1.00506,-1.57726
-0.17426,-0.26104,0.028642;-1.5765,1.06836,-1.56642
-0.208519,-0.274152,0.0393714;-1.22472,1.20931,-1.87487
-0.217358,-0.2782,0.0365237;-1.20759,1.14404,-1.8962
-0.208858,-0.271011,0.028583;-1.56957,1.09213,-1.57235
-0.207579,-0.271268,0.0288209;-1.55051,1.08385,-1.59065
-0.207514,-0.271568,0.02858;-1.57031,1.12301,-1.57155
-0.207399,-0.271693,0.028684;-1.57108,1.16372,-1.56526
-0.240284,-0.282261,0.0381424;-1.06011,1.31184,-2.03668
-0.253176,-0.288004,0.036847;-1.03942,1.2623,-2.07448
-0.242885,-0.282669,0.0286175;-1.56397,1.23257,-1.57663
-0.240422,-0.282092,0.0288412;-1.5427,1.14566,-1.59719
-0.240359,-0.282693,0.0285818;-1.57034,1.19438,-1.5713
-0.240558,-0.282579,0.0286705;-1.57021,1.2288,-1.56663
-0.276161,-0.290884,0.0387364;-0.884316,1.36216,-2.21467
-0.287531,-0.294757,0.037466;-0.854436,1.31411,-2.26272
-0.276894,-0.291304,0.0291599;-1.5047,1.32702,-1.63149
-0.275231,-0.291373,0.0288106;-1.53453,1.27679,-1.60589
-0.275481,-0.291902,0.0285479;-1.56815,1.3271,-1.57143
-0.275304,-0.291953,0.0286769;-1.57053,1.34142,-1.56638
-0.306707,-0.294092,0.0367984;-0.570821,1.45598,-2.53763
-0.321462,-0.296183,0.0378482;-0.426404,1.38717,-2.69117
-0.316829,-0.294823,0.0351855;-0.663855,1.43873,-2.45092
-0.307626,-0.295011,0.0286765;-1.53551,1.43688,-1.60556
-0.307958,-0.295819,0.0288436;-1.45478,1.46644,-1.68668
-0.307687,-0.295812,0.0286575;-1.57057,1.48856,-1.56743
-0.309343,-0.294531,0.0298013;-1.65231,1.53124,-1.4709
-0.356394,-0.293511,0.0402248;0.61805,1.36706,2.55222
-0.358743,-0.294791,0.0364722;0.410933,1.40877,2.74221
-0.349035,-0.298877,0.0286124;1.59694,1.52185,1.55316
-0.34911,-0.299315,0.0287621;1.41628,1.51453,1.72464
-0.349306,-0.300187,0.0285581;1.58134,1.47201,1.5607
-0.349598,-0.299773,0.0288706;1.59784,1.45359,1.55559
-0.388215,-0.289752,0.039827;1.11185,1.24805,2.04847
-0.400799,-0.288599,0.0373426;0.997879,1.27959,2.1373
-0.392133,-0.293597,0.0288867;1.52451,1.34741,1.62043
-0.390735,-0.295113,0.0287975;1.52628,1.34091,1.61374
-0.391046,-0.295478,0.0285787;1.57073,1.30377,1.5708
-0.391148,-0.295215,0.0287966;1.57271,1.28535,1.57991
-0.42387,-0.281108,0.038919;1.29716,1.09527,1.85271
-0.437223,-0.276658,0.0368516;1.23709,1.13096,1.89141
-0.430998,-0.281188,0.0293528;1.50367,1.19105,1.63806
-0.42954,-0.283151,0.0287638;1.54793,1.17668,1.59191
-0.429771,-0.283119,0.028646;1.56268,1.15118,1.5785
-0.429369,-0.283392,0.0287804;1.57127,1.12851,1.58034
-0.45506,-0.264654,0.0367608;1.39099,0.961912,1.75162
-0.469937,-0.256676,0.0377206;1.32147,0.949984,1.80709
-0.467897,-0.257265,0.0337335;1.40903,1.01157,1.72803
-0.464717,-0.260007,0.0288108;1.55266,1.02959,1.58819
-0.465031,-0.260439,0.0286665;1.56354,1.00332,1.5763
-0.465029,-0.260569,0.0285975;1.57025,0.969008,1.57217
-0.474919,-0.248448,0.0336915;1.56748,0.852554,1.59457
-0.491924,-0.234917,0.0406221;1.41329,0.772247,1.71408
-0.498077,-0.229479,0.0366899;1.36326,0.825529,1.74273
-0.491089,-0.238541,0.0285882;1.57168,0.919966,1.57029
-0.491482,-0.238797,0.028694;1.57071,0.898999,1.56539
-0.492071,-0.238231,0.028654;1.57062,0.873723,1.56734
-0.493799,-0.23213,0.0312864;1.61482,0.764855,1.55123
-0.503912,-0.219093,0.0399367;1.53919,0.676703,1.6044
-0.513168,-0.209765,0.0421262;1.46301,0.658988,1.65708
-0.507315,-0.220854,0.0290801;1.60422,0.78547,1.54611
-0.507682,-0.221478,0.0287533;1.5759,0.791294,1.56254
-0.508001,-0.221019,0.0287541;1.57075,0.777645,1.56256
-0.507942,-0.217408,0.0295983;1.59858,0.693911,1.55648
-0.513828,-0.206142,0.0358801;1.6161,0.620153,1.55424
-0.523218,-0.192587,0.0442401;1.48309,0.563826,1.63856
-0.518443,-0.202534,0.0288387;1.58729,0.704362,1.55889
-0.518132,-0.20499,0.0287984;1.58491,0.73224,1.5612
-0.518477,-0.204488,0.0287743;1.57125,0.714363,1.56144
-0.518153,-0.201703,0.029321;1.59785,0.625738,1.55804
-0.522106,-0.191502,0.0341699;1.6356,0.563067,1.54978
-0.530961,-0.176394,0.0429294;1.50074,0.49012,1.62578
-0.530456,-0.179765,0.0288505;1.58668,0.614915,1.5616
-0.530518,-0.181655,0.0286057;1.57171,0.640297,1.56929
-0.530911,-0.181419,0.0287483;1.57069,0.618197,1.56284
-0.531356,-0.178678,0.0286451;1.57424,0.526754,1.56937
-0.533195,-0.16977,0.0318904;1.61185,0.473685,1.56589
-0.541596,-0.149921,0.0396431;1.48847,0.381205,1.62451
-0.543088,-0.14039,0.0344983;1.47396,0.462257,1.64022
-0.540797,-0.148355,0.0289119;1.57458,0.495287,1.58198
-0.541165,-0.148577,0.0288402;1.56223,0.488084,1.57984
-0.540924,-0.149277,0.0288982;1.57106,0.437558,1.58644
-0.540038,-0.145669,0.0311546;1.58144,0.390069,1.60257
-0.543932,-0.126883,0.0371777;1.52818,0.299011,1.62567
-0.553353,-0.100096,0.0389788;1.41457,0.296677,1.6614
-0.551424,-0.108066,0.032231;1.53611,0.349389,1.61605
-0.55129,-0.111272,0.0287799;1.56993,0.351637,1.57975
-0.551934,-0.112719,0.0287138;1.57026,0.295216,1.5768
-0.551153,-0.112475,0.0294814;1.57843,0.277792,1.59173
-0.549171,-0.101645,0.0332571;1.58422,0.198352,1.61692
-0.556377,-0.0585855,0.0403932;1.42872,0.0663157,1.63275
-0.555368,-0.0630075,0.0368613;1.46827,0.142234,1.6248
-0.556149,-0.0751674,0.0293551;1.57467,0.191746,1.58996
-0.557097,-0.0758881,0.0288304;1.56249,0.177611,1.57623
-0.557055,-0.0764088,0.0289092;1.57312,0.155382,1.58477
-0.554901,-0.0745077,0.0313441;1.57972,0.113742,1.60996
-0.554975,-0.0311671,0.0413182;1.43676,-0.0879497,1.62022
-0.555271,-0.0236694,0.0402027;1.43394,-0.0250941,1.62033
-0.55757,-0.0345005,0.0325066;1.53386,0.0500091,1.6056
-0.559958,-0.0397106,0.0288458;1.56246,0.0628485,1.57579
-0.56012,-0.04039,0.0288315;1.56929,0.0205469,1.58133
-0.559084,-0.0403306,0.0304101;1.57585,0.000404119,1.60418
-0.553177,-0.00399508,0.0411542;1.44674,-0.213239,1.60736
-0.552589,0.0098296,0.0406358;1.43143,-0.161388,1.60156
-0.555265,0.00129849,0.0336905;1.51279,-0.0831879,1.59987
-0.559612,-0.00539466,0.0288773;1.56242,-0.0686034,1.57616
-0.560256,-0.00627044,0.0288275;1.56986,-0.115942,1.58174
-0.55933,-0.00667165,0.0304919;1.57766,-0.142122,1.60701
-0.55933,-0.00667165,0.0304919;1.57766,-0.142122,1.60701
-0.553087,0.00533069,0.0346384;1.56737,-0.250239,1.62438
-0.553087,0.00533069,0.0346384;1.56737,-0.250239,1.62438
