0,0,0.11;-1.57,-2.98023e-08,-1.57
0,0,0.11;-1.57,-2.98023e-08,-1.57
0,0,0.11;-1.57,-2.98023e-08,-1.57
-0.000269698,0.00264397,0.0285803;-1.5708,-0.152921,-1.57077
0.000204565,0.00345626,0.0288586;-1.56832,-0.104006,-1.55937
-0.00048107,0.00582009,0.0310325;-1.56967,-0.0746951,-1.53018
-0.00114747,0.00791464,0.0324343;-1.57123,-0.0194925,-1.51133
9.49038e-06,0.00367136,0.0285797;-1.57087,-0.0858502,-1.57088
-0.000561176,0.00374782,0.0285799;-1.57086,-0.170183,-1.57081
-0.000925084,0.00296601,0.0285805;-1.57068,-0.221163,-1.57063
-0.000236819,0.00397066,0.0287234;-1.57002,-0.176851,-1.5645
0.000295746,0.00688527,0.0295865;-1.56536,-0.105851,-1.54811
-0.00104906,0.0106101,0.0329959;-1.57199,0.00454559,-1.50871
-0.00202764,0.00359671,0.0319401;-1.5639,0.145787,-1.52626
-0.00124008,0.000742423,0.0287568;-1.56927,0.0863961,-1.56417
-0.00182745,0.00128869,0.0286494;-1.57067,0.00545191,-1.5741
-0.00270742,0.00254776,0.0285791;-1.57085,-0.141332,-1.57092
-0.00286615,0.0023554,0.0285815;-1.57112,-0.0790204,-1.57056
-0.00288488,0.00364435,0.0292303;-1.56199,-0.0106855,-1.5546
-0.00505368,0.00959077,0.0348416;-1.57109,0.0569919,-1.49352
-0.00226214,0.00560057,0.0311554;-1.56744,-0.00777112,-1.53205
-0.00173219,0.00279642,0.0286639;-1.57087,-0.0476238,-1.56677
-0.00191244,0.00243222,0.0285798;-1.57079,-0.0474557,-1.57083
-0.00169893,0.00280545,0.0286153;-1.57074,-0.0181713,-1.56903
-0.00153077,0.00349849,0.028864;-1.56891,0.00211153,-1.5587
-0.00207516,0.00358994,0.0313971;-1.56757,-0.00234845,-1.52693
-0.00186136,0.00643516,0.0322567;-1.56446,-0.00519642,-1.51791
-0.000130861,0.00836554,0.028635;-1.56801,-0.0285054,-1.57044
-0.000221021,0.00838085,0.0285839;-1.57056,-0.0369667,-1.57077
0.000255164,0.00871358,0.028582;-1.5707,-0.0058367,-1.57076
0.000935798,0.0100452,0.0288587;-1.56956,0.0479067,-1.55948
2.65876e-05,0.00825244,0.0313518;-1.56993,0.0345393,-1.52677
-0.00068438,0.00981814,0.0335642;-1.5676,0.0299076,-1.50195
0.00139855,0.00938727,0.0286689;-1.57084,-0.010541,-1.5665
0.00132585,0.00958039,0.0285815;-1.57101,-0.021643,-1.57069
0.00128723,0.00953937,0.0285813;-1.57075,-0.0322278,-1.57081
0.00135922,0.00990288,0.0286443;-1.57087,-0.0125009,-1.56772
0.000926576,0.0106052,0.0290792;-1.5678,0.0198731,-1.55452
0.000168842,0.0117086,0.0319253;-1.57222,0.0461109,-1.51768
0.000178063,0.00624736,0.0286149;-1.57088,-0.0279918,-1.5691
0.000242642,0.0062731,0.0285794;-1.57085,-0.0291522,-1.57079
0.000197918,0.00646665,0.0285808;-1.57085,-0.0299182,-1.57088
0.000243595,0.00722656,0.0286235;-1.57102,-0.075272,-1.56859
4.2466e-05,0.00803447,0.0288767;-1.57438,-0.0446293,-1.56
-0.0011016,0.00903317,0.0311268;-1.57695,-0.0160147,-1.53025
0.00119578,0.00178035,0.0288673;-1.57483,-0.0896004,-1.56122
0.00122486,0.000713319,0.0285855;-1.57086,-0.132409,-1.57137
0.0011337,0.000756918,0.0285797;-1.57085,-0.131527,-1.57081
0.00118281,0.000725987,0.0285798;-1.57081,-0.121637,-1.57082
0.00115644,0.00126728,0.0286473;-1.57106,-0.129983,-1.57397
0.00117027,0.00313771,0.0289641;-1.57597,-0.137641,-1.57189
0.0019107,0.00105402,0.0287167;-1.57093,-0.186336,-1.5644
0.00195305,-0.000791518,0.0288514;-1.57087,-0.189368,-1.58383
0.00183547,-0.00396397,0.0297416;-1.58337,-0.163607,-1.59182
0.00324969,-0.0102133,0.0297653;-1.57149,-0.08369,-1.59614
0.00324845,-0.0094949,0.0301047;-1.56903,-0.0927536,-1.59846
0.00289244,-0.00902967,0.0300833;-1.57281,-0.0916391,-1.59469
0.00172843,-0.00791423,0.0301292;-1.57616,-0.109156,-1.59502
0.00095731,-0.00811433,0.0310342;-1.56414,-0.14689,-1.61144
0.000440867,-0.00658026,0.0318438;-1.57605,-0.181194,-1.61972
0.000903481,-0.00687171,0.031124;-1.57975,-0.16262,-1.61023
0.00251697,-0.0127301,0.0303191;-1.56818,-0.0826447,-1.60245
0.00390864,-0.0159935,0.0301326;-1.5632,-0.0357519,-1.59669
-0.00107368,-0.0133213,0.0298853;-1.5477,-0.110894,-1.56797
-0.00384067,-0.0104876,0.0293854;-1.55235,-0.171118,-1.57403
-0.00502523,-0.00767983,0.0293741;-1.54901,-0.211707,-1.57306
-0.00393632,-0.00690323,0.0291627;-1.57225,-0.205974,-1.58507
-0.00355286,-0.00887516,0.0290969;-1.55801,-0.174105,-1.58056
-0.00299148,-0.00902984,0.0293636;-1.54717,-0.146019,-1.56712
-0.00335227,-0.0069676,0.0299194;-1.54574,-0.129965,-1.55647
-0.00343809,-0.00617918,0.0306482;-1.52449,-0.162607,-1.56142
-0.00347913,-0.00500865,0.0312062;-1.51202,-0.171081,-1.5659
-0.00197457,-0.00383008,0.0292881;-1.56532,-0.174203,-1.58727
0.00113046,-0.00629756,0.0309625;-1.55085,-0.100007,-1.59963
0.00453576,-0.0119235,0.0331508;-1.51018,-0.020789,-1.60188
0.00356017,-0.0144136,0.0389333;-1.38788,-0.0182031,-1.57942
-8.84134e-05,-0.0121033,0.0400442;-1.35829,-0.077655,-1.56313
-0.00219023,-0.0087133,0.0396625;-1.36517,-0.124898,-1.5522
-0.00201326,-0.00253069,0.0374447;-1.42568,-0.202222,-1.56958
-0.00240545,0.00321078,0.0302688;-1.52085,-0.188453,-1.5555
-0.00215281,0.00232825,0.0326288;-1.47868,-0.17917,-1.54719
-0.00216122,0.00550191,0.033548;-1.49395,-0.127275,-1.51749
-0.00291245,0.00568581,0.0354143;-1.49846,-0.132673,-1.49442
-0.00394466,0.00513027,0.0367202;-1.49694,-0.138488,-1.47575
-0.00340615,0.00146555,0.0369527;-1.50662,-0.198545,-1.47491
-0.00267569,0.000766873,0.0343059;-1.50407,-0.231736,-1.51052
-0.00315621,-0.00394496,0.0336171;-1.4688,-0.277552,-1.52897
-0.00559687,-0.0024787,0.0397048;-1.43527,-0.158535,-1.47794
-0.0112361,-0.000484365,0.041464;-1.44176,-0.164405,-1.45174
-0.0156368,0.0102704,0.0434414;-1.50576,-0.164951,-1.45488
-0.00372791,0.0219779,0.0384949;-1.49587,-0.317599,-1.44769
-0.00154429,0.0219979,0.0405186;-1.52652,-0.313687,-1.47702
-0.00123448,0.0202371,0.0411127;-1.50414,-0.292537,-1.48781
-0.0101747,0.00835944,0.0417145;-1.49623,-0.144628,-1.48802
-0.0122419,0.00414016,0.0426256;-1.50987,-0.126791,-1.4798
-0.0147436,0.0077305,0.0454841;-1.55986,-0.127449,-1.4767
-0.00289563,0.0109832,0.0439005;-1.67418,-0.159553,-1.48521
0.00181627,0.020307,0.043287;-1.73252,-0.12491,-1.49865
0.000722997,0.0197501,0.0432778;-1.73009,-0.122349,-1.49576
-0.000245223,0.0147997,0.0458006;-1.76923,-0.083539,-1.49109
-0.0072462,0.0130278,0.0478252;-1.75036,-0.0616591,-1.48029
-0.00380745,0.0109706,0.0458533;-1.73396,-0.108435,-1.48398
-0.00267629,0.0101192,0.046243;-1.75984,-0.131179,-1.4863
0.00262897,0.0159367,0.0499302;-1.80069,-0.207365,-1.47828
0.00688438,0.0157096,0.045629;-1.74004,-0.247337,-1.48916
0.00533639,0.0174425,0.0435101;-1.71045,-0.208222,-1.48722
-0.00449064,0.0235049,0.0465461;-1.77109,-0.0919841,-1.47714
-0.00296146,0.0162857,0.0493822;-1.84703,-0.0212311,-1.48016
-0.00553541,0.0138411,0.0502022;-1.86461,-0.000820279,-1.47555
-0.00386288,0.00631917,0.0535501;-1.84533,-0.124694,-1.46101
-0.00396578,0.00465828,0.0512641;-1.79764,-0.145553,-1.4734
0.00242799,0.00661325,0.0491702;-1.79079,-0.200009,-1.48668
-0.00858428,0.0128796,0.0496924;-1.81359,-0.0356934,-1.46889
-0.0117547,0.0109488,0.0526031;-1.88502,0.0506336,-1.44955
-0.00857443,0.00015713,0.0525124;-1.87584,0.135965,-1.44362
-0.00230807,-0.0514818,0.0369816;-1.47615,0.0422287,-1.52105
-0.00676176,-0.0601473,0.0378025;-1.41409,-0.0697713,-1.54985
-0.00685989,-0.0643687,0.0365847;-1.44544,-0.10223,-1.54601
-0.0052068,-0.0615011,0.0394669;-1.42042,-0.0864593,-1.50896
-0.00363747,-0.0621886,0.0396612;-1.39762,-0.080788,-1.51731
-0.00512885,-0.0607866,0.0399658;-1.40263,-0.0431345,-1.51295
-0.00722916,-0.0638957,0.0403936;-1.37358,-0.0403652,-1.52806
-0.00909272,-0.0618318,0.040132;-1.40557,-0.0582095,-1.51324
-0.00647659,-0.0651486,0.0386339;-1.40707,-0.0877748,-1.52483
-0.0036014,-0.057463,0.0406402;-1.40833,0.00996931,-1.50398
-0.0069524,-0.0559118,0.0422806;-1.3803,0.0135427,-1.50355
-0.00739561,-0.0580561,0.0440593;-1.3337,0.00537526,-1.50664
-0.00766202,-0.0608801,0.041924;-1.3374,-0.0537961,-1.52662
-0.00873349,-0.0659352,0.0412921;-1.31367,-0.0875297,-1.5421
-0.00969822,-0.0623456,0.0418178;-1.3139,-0.0677503,-1.54717
-0.00679096,-0.0617008,0.0430802;-1.32361,-0.0187325,-1.52348
-0.00550962,-0.0579569,0.0434275;-1.32871,0.0303474,-1.52341
-0.00736409,-0.058234,0.0440066;-1.33015,0.020337,-1.51433
-0.00749771,-0.0679451,0.0414434;-1.31902,-0.0812641,-1.53302
-0.00846201,-0.0662356,0.0395137;-1.35537,-0.0710447,-1.54791
-0.00817422,-0.0654803,0.04003;-1.33901,-0.0653642,-1.54833
-0.00892969,-0.0638749,0.041951;-1.31772,-0.0570435,-1.53558
-0.00845136,-0.0612475,0.04403;-1.32044,-0.00640003,-1.5158
-0.00848464,-0.0621819,0.0438608;-1.31261,-0.00492166,-1.51589
-0.0105861,-0.0654125,0.0427055;-1.30661,-0.05848,-1.52729
-0.0102559,-0.0701148,0.0415536;-1.34976,-0.107209,-1.50953
-0.0109186,-0.0669926,0.0407425;-1.37704,-0.0864454,-1.50961
-0.0141551,-0.0722471,0.0398278;-1.38022,-0.12234,-1.51049
-0.0136395,-0.0688783,0.0415053;-1.39832,-0.0740063,-1.48873
-0.0134124,-0.0627019,0.0424811;-1.44183,-0.0272734,-1.46294
-0.0114433,-0.0583278,0.039755;-1.52511,0.00211263,-1.44269
-0.0132498,-0.0617418,0.038529;-1.5273,-0.0212537,-1.45797
-0.0154414,-0.0648042,0.0368389;-1.52797,-0.0514406,-1.47859
-0.018319,-0.0712181,0.036055;-1.5094,-0.110855,-1.49813
-0.0187428,-0.0737611,0.0360138;-1.51588,-0.133478,-1.49387
-0.0190681,-0.0742104,0.0365674;-1.52315,-0.145186,-1.47855
-0.0189901,-0.0661757,0.0378304;-1.54228,-0.0730401,-1.46137
-0.0181762,-0.0710735,0.037155;-1.54347,-0.118015,-1.46936
-0.0180244,-0.0738965,0.0364197;-1.54028,-0.138576,-1.47459
-0.020318,-0.0698168,0.0374185;-1.54596,-0.117071,-1.46459
-0.0198806,-0.0685045,0.0382649;-1.526,-0.0987793,-1.46477
-0.0198009,-0.0707697,0.037175;-1.52232,-0.120168,-1.48104
-0.0205254,-0.0682819,0.0368803;-1.48482,-0.103443,-1.49995
-0.0206426,-0.0684048,0.0353671;-1.51891,-0.11152,-1.498
-0.0213354,-0.0683189,0.0330928;-1.52308,-0.120327,-1.52329
-0.0174294,-0.0753364,0.0330073;-1.5127,-0.122433,-1.5325
-0.0169412,-0.0744801,0.0338462;-1.52209,-0.107906,-1.5163
-0.0151883,-0.0759792,0.0352568;-1.53013,-0.104996,-1.49354
-0.0177874,-0.067489,0.0368134;-1.54862,-0.0536818,-1.4713
-0.0184927,-0.0659706,0.0364693;-1.53974,-0.0856476,-1.47519
-0.020453,-0.066427,0.0365858;-1.53896,-0.0986872,-1.47457
-0.0241432,-0.0719952,0.0380641;-1.52906,-0.174082,-1.45951
-0.0236004,-0.0729362,0.0377094;-1.52419,-0.184069,-1.46572
-0.021008,-0.0738009,0.0373931;-1.50346,-0.201882,-1.47408
-0.0203672,-0.0615204,0.0364332;-1.57131,-0.105772,-1.48893
-0.0197212,-0.0588049,0.0373519;-1.54873,-0.107425,-1.47443
-0.0192805,-0.05913,0.0361051;-1.53783,-0.11247,-1.48011
-0.0172036,-0.0574069,0.0326448;-1.54805,-0.192386,-1.5182
-0.0214129,-0.0501388,0.0364272;-1.54274,-0.259282,-1.50746
-0.0246215,-0.0398026,0.0423013;-1.62202,-0.2719,-1.53043
-0.0265873,-0.0230439,0.0409419;-1.71813,-0.258624,-1.56222
-0.0265078,-0.0223516,0.0419661;-1.72529,-0.284072,-1.56851
-0.0250178,-0.0256235,0.0439166;-1.75055,-0.215255,-1.59049
-0.00202835,-0.034742,0.0480694;-1.65003,-0.148114,-1.56865
0.000461252,-0.0447591,0.0411111;-1.61655,-0.153608,-1.51092
0.000121118,-0.0524155,0.0415126;-1.60166,-0.232015,-1.53213
0.000121118,-0.0524155,0.0415126;-1.60166,-0.232015,-1.53213
-0.00167166,-0.0516856,0.0426638;-1.5913,-0.268936,-1.54952
-0.00167166,-0.0516856,0.0426638;-1.5913,-0.268936,-1.54952
