0,0,0.11;-1.57,-2.98023e-08,-1.57
0,0,0.11;-1.57,-2.98023e-08,-1.57
0,0,0.11;-1.57,-2.98023e-08,-1.57
-6.41087e-05,0.00328812,0.0285952;-1.57075,-0.131286,-1.56999
3.46851e-05,0.0036864,0.0286722;-1.57093,-0.133941,-1.56634
1.41748e-05,0.00412358,0.0290495;-1.57579,-0.133368,-1.56264
0.000734658,0.00481181,0.0309611;-1.60845,-0.145185,-1.56306
0.00256145,0.00169786,0.0289712;-1.58977,-0.171863,-1.57444
0.00201133,0.000708296,0.0287219;-1.57418,-0.157093,-1.56789
0.0019078,-3.9354e-06,0.0288781;-1.56832,-0.177053,-1.55833
0.00194401,-0.00023926,0.0290052;-1.56824,-0.182385,-1.55231
0.00188319,0.000808223,0.0293385;-1.57304,-0.174636,-1.55442
0.00109943,0.00231149,0.0305212;-1.57244,-0.164251,-1.55135
0.00143088,0.00310585,0.0291639;-1.56578,-0.205132,-1.56971
0.000790781,0.00420784,0.0286025;-1.57073,-0.26218,-1.57197
0.000583706,0.00457345,0.0286473;-1.57052,-0.285691,-1.57388
0.000984962,0.00514884,0.0288021;-1.57865,-0.289696,-1.5761
0.000954095,0.00598914,0.0290165;-1.58878,-0.294097,-1.57238
0.000503126,0.00685397,0.0301162;-1.59091,-0.286179,-1.55673
0.00147886,0.00771925,0.0334032;-1.60036,-0.294725,-1.51972
0.00268118,0.00637061,0.0322803;-1.5858,-0.321876,-1.5283
0.00261282,0.00460964,0.0293801;-1.56144,-0.326142,-1.55414
0.00341552,0.00409615,0.0289398;-1.55596,-0.314913,-1.56913
0.00390486,0.00390642,0.0290438;-1.56014,-0.285381,-1.57972
0.00393053,0.00259311,0.029525;-1.57205,-0.257553,-1.58488
0.00370547,-0.0016524,0.0329217;-1.59456,-0.235216,-1.6007
0.00622757,-0.00308038,0.0336029;-1.57767,-0.264677,-1.6213
0.00572726,-0.000807347,0.0287886;-1.57029,-0.315919,-1.5805
0.00517896,-0.000117611,0.0288826;-1.56533,-0.33997,-1.57831
0.00505228,0.000547986,0.0288017;-1.56909,-0.344974,-1.57925
0.0040655,0.00304273,0.0304511;-1.56926,-0.357503,-1.54089
0.0026321,0.00668692,0.033999;-1.58998,-0.352498,-1.50606
0.00516521,0.00673016,0.0325925;-1.57962,-0.374261,-1.51435
0.00704655,0.00400486,0.0287019;-1.5761,-0.413389,-1.57406
0.00671493,0.00338683,0.0291032;-1.59144,-0.396775,-1.58504
0.00661873,0.00230753,0.0288423;-1.57917,-0.378634,-1.57862
0.00662967,0.00246715,0.028742;-1.56946,-0.332191,-1.56388
0.00541713,0.000764215,0.0299056;-1.56951,-0.298135,-1.55459
0.00581594,-0.00168546,0.0311876;-1.57718,-0.272546,-1.54733
0.00700034,-0.00820588,0.0286344;-1.56926,-0.323609,-1.56914
0.00698175,-0.0083265,0.0285796;-1.57073,-0.32309,-1.57081
0.00696862,-0.00845461,0.0286368;-1.57028,-0.326396,-1.56799
0.0069032,-0.00743186,0.0291724;-1.57778,-0.312634,-1.56223
0.00688527,-0.00455424,0.0312518;-1.58774,-0.31215,-1.54358
0.00593741,4.43488e-05,0.0352098;-1.62257,-0.304623,-1.52695
0.011803,0.00526874,0.0287389;-1.56756,-0.401423,-1.56492
0.011626,0.00505815,0.0286643;-1.56631,-0.415273,-1.56908
0.0115383,0.00493792,0.0286665;-1.56629,-0.415069,-1.56897
0.0116301,0.00527698,0.0287647;-1.56382,-0.391053,-1.56557
0.0109744,0.00570993,0.0289523;-1.57731,-0.362985,-1.56009
0.00919612,0.00519508,0.0308862;-1.59791,-0.326085,-1.55741
0.0122481,-0.00114268,0.032697;-1.65058,-0.325067,-1.61338
0.0116161,-0.00688088,0.0305559;-1.56756,-0.314797,-1.60476
0.0108402,-0.00811651,0.029335;-1.58514,-0.310168,-1.58477
0.010719,-0.00945082,0.0300309;-1.54538,-0.281463,-1.55221
0.0112948,-0.00717233,0.0305415;-1.5452,-0.258194,-1.55145
0.0107688,-0.00659224,0.0324912;-1.52614,-0.248241,-1.53721
0.0168481,-0.000529656,0.0299839;-1.56352,-0.314407,-1.58201
0.0172636,0.000767363,0.0302099;-1.56166,-0.36973,-1.59498
0.0169628,0.00180256,0.0307164;-1.57253,-0.386078,-1.60827
0.0174313,0.00313422,0.030669;-1.57323,-0.391229,-1.6077
0.0165553,0.00398342,0.0292684;-1.57261,-0.39173,-1.58915
0.0152781,0.00406362,0.029348;-1.58081,-0.369487,-1.57804
0.0130454,0.00111686,0.0323523;-1.59679,-0.308255,-1.53748
0.0120152,-0.0093114,0.0312906;-1.56478,-0.346041,-1.53592
0.0108005,-0.0159321,0.0305888;-1.5185,-0.36047,-1.55069
0.0107908,-0.0148751,0.0288147;-1.5708,-0.329047,-1.55952
0.0112497,-0.0139268,0.0286896;-1.57083,-0.291994,-1.56555
0.0112041,-0.013683,0.0285909;-1.57088,-0.282439,-1.57164
0.00920951,-0.00640316,0.0321613;-1.5923,-0.298456,-1.5853
0.00708319,-0.00615397,0.0353782;-1.6858,-0.352267,-1.59927
0.00773475,-0.00882265,0.028635;-1.5684,-0.390775,-1.57377
0.00750408,-0.00786727,0.0286229;-1.57089,-0.443075,-1.56868
0.00756714,-0.00780974,0.028582;-1.57062,-0.436358,-1.57058
0.00749785,-0.00742871,0.028801;-1.56959,-0.42814,-1.56085
0.00463734,-0.00392517,0.0336747;-1.58054,-0.379725,-1.50222
0.00651016,-0.00628928,0.0328495;-1.5875,-0.41091,-1.52406
0.00919978,-0.00859823,0.0296363;-1.54751,-0.417818,-1.5641
0.0103937,-0.0134249,0.0295746;-1.59359,-0.383637,-1.58969
0.0103575,-0.0152428,0.0287282;-1.56961,-0.349507,-1.57859
0.010227,-0.0151566,0.0287615;-1.56667,-0.334845,-1.56463
0.00840361,-0.0127566,0.0302387;-1.57226,-0.313199,-1.54772
0.0115309,-0.0146829,0.0291031;-1.56843,-0.331163,-1.57529
0.0141401,-0.0176884,0.0302298;-1.56263,-0.307459,-1.59399
0.013677,-0.0219119,0.0287387;-1.57195,-0.303049,-1.57767
0.0137158,-0.0219501,0.0288258;-1.56757,-0.300525,-1.58073
0.0138634,-0.0213219,0.0288837;-1.564,-0.308721,-1.57864
0.0132813,-0.0199104,0.0353411;-1.44708,-0.291678,-1.53828
0.0155555,-0.0222472,0.0349447;-1.45031,-0.251321,-1.53806
0.0170545,-0.0236975,0.0346363;-1.45783,-0.222256,-1.54695
0.0137148,-0.0217395,0.0288742;-1.56472,-0.305497,-1.57935
0.0139432,-0.0217056,0.028669;-1.57104,-0.293794,-1.57494
0.0139828,-0.0217893,0.0286262;-1.57111,-0.286638,-1.57294
0.0139744,-0.0217048,0.0287526;-1.56374,-0.279587,-1.57084
0.0143867,-0.0224782,0.0301971;-1.55398,-0.258341,-1.57702
0.0157718,-0.0244646,0.034119;-1.5176,-0.241702,-1.60425
0.0127349,-0.0235881,0.0291156;-1.56757,-0.300458,-1.58861
0.0122318,-0.0230578,0.0286445;-1.5676,-0.312067,-1.56967
0.0122821,-0.0225718,0.0288731;-1.56186,-0.297044,-1.56261
0.0122726,-0.0223586,0.0292986;-1.54209,-0.288868,-1.55749
0.0135475,-0.0217782,0.0336567;-1.47656,-0.24761,-1.54851
0.0164052,-0.0251516,0.0356865;-1.4869,-0.229488,-1.60648
0.0181649,-0.0266751,0.0355174;-1.53623,-0.219323,-1.64507
0.0148557,-0.0202869,0.029586;-1.5772,-0.310605,-1.5913
0.0148387,-0.0198804,0.0288342;-1.57197,-0.309573,-1.58194
0.0149429,-0.019963,0.0285902;-1.56977,-0.291253,-1.57084
0.014799,-0.0186801,0.0330219;-1.49326,-0.257609,-1.54805
0.0163228,-0.0223763,0.0359683;-1.42999,-0.234599,-1.54198
0.0200123,-0.0264618,0.0362133;-1.45056,-0.19861,-1.57803
0.0190269,-0.0279136,0.0295853;-1.56211,-0.21972,-1.58601
0.019695,-0.0292701,0.0291306;-1.56145,-0.198557,-1.58082
0.0202026,-0.0300604,0.0289486;-1.55252,-0.183082,-1.56694
0.0187811,-0.0279534,0.0296907;-1.5444,-0.220452,-1.57512
0.0176496,-0.0243699,0.0305195;-1.54227,-0.250308,-1.58209
0.0190844,-0.023518,0.0312147;-1.54548,-0.260123,-1.60155
0.0164309,-0.0190663,0.0305813;-1.57765,-0.32435,-1.60359
0.0165575,-0.018488,0.0288582;-1.57302,-0.325735,-1.5825
0.0165303,-0.0183712,0.0287626;-1.56944,-0.324113,-1.5781
0.0163985,-0.0183146,0.0293092;-1.57333,-0.326667,-1.58796
0.0168788,-0.0213047,0.0345204;-1.50037,-0.305753,-1.58778
0.0194438,-0.0276053,0.0373367;-1.4034,-0.266905,-1.54521
0.0203969,-0.0269148,0.0334041;-1.53874,-0.262103,-1.61706
0.0195868,-0.0261673,0.0319151;-1.57472,-0.272504,-1.61991
0.0197065,-0.025064,0.0309061;-1.57197,-0.281547,-1.60837
0.0202433,-0.0243445,0.0288335;-1.56649,-0.294528,-1.57755
0.01916,-0.0227739,0.0290851;-1.57136,-0.320471,-1.57799
0.0183009,-0.0206357,0.0296657;-1.5686,-0.336108,-1.57567
0.0197791,-0.0175894,0.0306279;-1.57049,-0.362324,-1.60671
0.0184648,-0.0146801,0.0316603;-1.58493,-0.396409,-1.61608
0.0186841,-0.0121214,0.0309359;-1.59204,-0.414231,-1.60922
0.019655,-0.00652772,0.0292684;-1.57531,-0.476678,-1.58921
0.0194042,-0.00714863,0.0292112;-1.57893,-0.477234,-1.58148
0.0196632,-0.00909189,0.0305776;-1.54597,-0.482189,-1.56057
0.0216323,-0.0147733,0.030594;-1.53991,-0.419719,-1.57299
0.0213746,-0.0148244,0.0288509;-1.57044,-0.408206,-1.5837
0.021007,-0.0153147,0.0290101;-1.58875,-0.384742,-1.58171
0.0213719,-0.0162965,0.0291397;-1.5489,-0.375705,-1.55592
0.0215447,-0.0173164,0.0296439;-1.55097,-0.388656,-1.55534
0.0223176,-0.0191302,0.030766;-1.54877,-0.394614,-1.56751
0.0291126,-0.0196163,0.0352492;-1.57345,-0.382035,-1.66881
0.0272879,-0.0175501,0.0353453;-1.59812,-0.409209,-1.65923
0.0261281,-0.0123628,0.0311017;-1.59926,-0.462408,-1.61251
0.0259494,-0.0101762,0.0290128;-1.55415,-0.508636,-1.55636
0.025834,-0.0098897,0.0293094;-1.53872,-0.507081,-1.54767
0.0261722,-0.00918809,0.0302635;-1.53153,-0.499842,-1.53721
0.0284801,-0.00799898,0.0293947;-1.5603,-0.485503,-1.5646
0.0294282,-0.0101498,0.0298422;-1.58519,-0.458336,-1.59999
0.0285569,-0.0118729,0.0325374;-1.62503,-0.444107,-1.62519
0.0276723,-0.0197469,0.0325584;-1.60132,-0.367235,-1.62512
0.0264499,-0.0222689,0.0303596;-1.59331,-0.344953,-1.59791
0.0260481,-0.0232518,0.0288711;-1.57591,-0.338121,-1.58488
0.0256262,-0.0248361,0.0305577;-1.54806,-0.325859,-1.57792
0.0272737,-0.0256676,0.0318249;-1.54461,-0.308744,-1.60235
0.0272237,-0.0251039,0.0333024;-1.54645,-0.320137,-1.62189
0.024153,-0.0183925,0.0307079;-1.55767,-0.391042,-1.59393
0.0248932,-0.0155438,0.030098;-1.56723,-0.410413,-1.59395
0.0263046,-0.0151562,0.0303836;-1.56504,-0.408308,-1.59975
0.026947,-0.0162052,0.0331426;-1.56404,-0.394951,-1.63503
0.0268173,-0.0171999,0.0343391;-1.56147,-0.393148,-1.64491
0.0276748,-0.0171956,0.0335804;-1.57113,-0.382678,-1.6428
0.0256536,-0.0163375,0.0288647;-1.57798,-0.387675,-1.58383
0.0257713,-0.0171586,0.0286607;-1.57082,-0.367437,-1.57469
0.0257977,-0.0175013,0.0285877;-1.57071,-0.355311,-1.5705
0.0260392,-0.0183392,0.0291967;-1.56996,-0.303135,-1.56632
0.0269106,-0.0201165,0.0293131;-1.57618,-0.294689,-1.58537
0.0278978,-0.021166,0.0317789;-1.56378,-0.28798,-1.61796
0.0241541,-0.0271112,0.0325748;-1.58147,-0.305836,-1.62125
0.0242553,-0.0266982,0.0289807;-1.57669,-0.3092,-1.58272
0.0244935,-0.0262289,0.0285478;-1.56915,-0.322331,-1.56872
0.0243197,-0.0258002,0.0288985;-1.56535,-0.324646,-1.55991
0.0243576,-0.0254885,0.0292406;-1.5638,-0.324195,-1.56259
0.0252401,-0.0253426,0.0289835;-1.56763,-0.319191,-1.57579
0.0254427,-0.0259347,0.0300322;-1.59259,-0.319232,-1.59638
0.0254807,-0.0256653,0.0305569;-1.59523,-0.312508,-1.60186
0.0259731,-0.0259337,0.0300624;-1.57593,-0.317085,-1.60014
0.0265284,-0.0289771,0.0293088;-1.56938,-0.289721,-1.57287
0.0277544,-0.0316916,0.0316902;-1.52178,-0.257754,-1.55008
0.0292758,-0.0340596,0.0330889;-1.48357,-0.203369,-1.54375
0.0307421,-0.0325884,0.0296756;-1.55836,-0.196518,-1.58509
0.0288765,-0.0324019,0.0295554;-1.53914,-0.217711,-1.56412
0.0275851,-0.0324598,0.029422;-1.53912,-0.232317,-1.55864
0.0275851,-0.0324598,0.029422;-1.53912,-0.232317,-1.55864
0.0265446,-0.0337613,0.029451;-1.54088,-0.256248,-1.54911
0.0265446,-0.0337613,0.029451;-1.54088,-0.256248,-1.54911
