0,0,0.11;-1.57,-2.98023e-08,-1.57
0,0,0.11;-1.57,-2.98023e-08,-1.57
0,0,0.11;-1.57,-2.98023e-08,-1.57
8.08123e-05,0.00301419,0.0287084;-1.5708,-0.14667,-1.57689
6.83217e-05,0.00188746,0.0286055;-1.57089,-0.118648,-1.57186
-0.00113396,-0.000398789,0.0300658;-1.58741,-0.103256,-1.55793
-0.00139425,-0.01218,0.0325346;-1.5939,-0.0891882,-1.55622
-0.000317725,-0.00788307,0.0291383;-1.5737,-0.187313,-1.58909
-0.000624108,-0.00378018,0.0289903;-1.57752,-0.232091,-1.58516
-0.000397139,-0.00186322,0.0287806;-1.57263,-0.276872,-1.57895
-0.00106303,-0.00569713,0.0287691;-1.57343,-0.194382,-1.5781
-0.00238672,-0.0115641,0.0298734;-1.59471,-0.14864,-1.57315
-0.00306318,-0.0282849,0.0353239;-1.49959,-0.0886467,-1.55636
0.000544773,-0.0324001,0.0363365;-1.48085,-0.141967,-1.60473
-0.00107722,-0.0270261,0.0347014;-1.52911,-0.19372,-1.63657
-0.00157286,-0.0170959,0.0336429;-1.55839,-0.251834,-1.63501
-0.000590637,-0.0126283,0.0305745;-1.56403,-0.266545,-1.60671
-0.00147847,-0.0147944,0.0305037;-1.56151,-0.229796,-1.59111
-0.00325941,-0.0257334,0.035354;-1.48558,-0.157304,-1.56864
-0.000736602,-0.0357667,0.0374189;-1.43826,-0.134341,-1.57127
-0.00226366,-0.0284672,0.0346919;-1.50283,-0.210403,-1.59767
-0.00330917,-0.0204883,0.0304565;-1.56774,-0.249156,-1.60656
-0.0037421,-0.0149424,0.0288735;-1.57604,-0.289675,-1.58194
-0.00345333,-0.0163261,0.0286144;-1.57245,-0.237427,-1.57081
-0.00396776,-0.0174913,0.0301876;-1.57204,-0.216499,-1.54455
-0.00409387,-0.0212826,0.0313688;-1.56666,-0.185576,-1.53028
-0.000564737,-0.0226005,0.0288242;-1.57589,-0.212329,-1.57845
0.000575573,-0.011882,0.0312042;-1.58122,-0.312179,-1.61115
-0.000176448,-0.00861066,0.030834;-1.57685,-0.341934,-1.60757
-7.10114e-05,-0.00850169,0.0293551;-1.57286,-0.336526,-1.59188
-0.00257643,-0.019417,0.0320311;-1.59371,-0.217269,-1.56295
-0.000922462,-0.0320451,0.0399403;-1.52086,-0.151537,-1.55
0.00700214,-0.0378554,0.0383995;-1.46726,-0.14732,-1.58505
0.0067046,-0.0188414,0.035748;-1.54994,-0.250082,-1.66534
0.00512637,-0.00774562,0.0368345;-1.54742,-0.322772,-1.66387
0.00478419,-0.00488216,0.0356279;-1.54895,-0.342119,-1.65278
0.00319195,-0.00899256,0.032705;-1.5379,-0.306857,-1.59433
-0.00117972,-0.0154608,0.0376408;-1.54122,-0.273456,-1.55393
-0.000918032,-0.0209809,0.0393679;-1.52022,-0.246611,-1.55517
0.0011292,-0.0180206,0.0324042;-1.56051,-0.324407,-1.63206
-0.000234754,-0.0112333,0.0345267;-1.56149,-0.373073,-1.6426
-0.00352559,-0.00117433,0.0321876;-1.57486,-0.448676,-1.62503
-0.00369469,-0.00389705,0.0287579;-1.57725,-0.383139,-1.57575
-0.00465867,-0.00533061,0.0301611;-1.57809,-0.351451,-1.54458
-0.0056647,-0.00813469,0.033075;-1.59235,-0.329055,-1.52229
0.00118635,-0.00440995,0.0298435;-1.57165,-0.431419,-1.60027
0.000394544,0.000937571,0.0324356;-1.56635,-0.487172,-1.62612
-0.000143504,0.00934996,0.0343758;-1.57743,-0.555193,-1.64916
-0.00293785,0.0124183,0.0323141;-1.56352,-0.582257,-1.62617
-0.00140573,0.00669038,0.0323155;-1.5788,-0.519035,-1.60726
0.00249493,-0.00288575,0.0385278;-1.53297,-0.488773,-1.54346
0.0147606,-0.0020241,0.0358176;-1.51111,-0.498131,-1.62205
0.0143706,0.00111451,0.0369523;-1.53472,-0.513791,-1.66004
0.0132375,0.00582659,0.0392523;-1.53234,-0.543396,-1.67909
0.00672252,0.00973781,0.0358637;-1.54448,-0.588625,-1.65785
0.00313767,0.00445421,0.0387795;-1.51569,-0.56277,-1.5941
0.00301492,-0.00333561,0.0417968;-1.50482,-0.537821,-1.54007
0.00942619,-0.00802651,0.0323031;-1.52378,-0.518942,-1.57597
0.00837241,-0.00648764,0.031379;-1.5611,-0.543196,-1.61538
0.00725949,-0.00389028,0.0333593;-1.55643,-0.568092,-1.62543
0.00847563,-0.00335659,0.0321162;-1.56907,-0.570441,-1.62677
0.00725712,-0.00776963,0.0318726;-1.61356,-0.543959,-1.61636
0.00552839,-0.0146896,0.0322178;-1.62325,-0.525066,-1.57433
0.00802425,-0.0217969,0.0305428;-1.57515,-0.520325,-1.53741
0.0097478,-0.0217264,0.0288582;-1.57369,-0.566969,-1.58334
0.00899336,-0.017822,0.0302541;-1.56934,-0.607868,-1.60199
0.00746347,-0.0125698,0.0335813;-1.57542,-0.666984,-1.6452
0.00597489,-0.0122601,0.033333;-1.55745,-0.680924,-1.63354
0.00467313,-0.0148432,0.0351068;-1.49828,-0.666666,-1.57119
0.0144812,-0.0332548,0.039747;-1.38167,-0.602754,-1.4604
0.0193087,-0.0321511,0.0388889;-1.38917,-0.610818,-1.50481
0.0203448,-0.0292251,0.0376643;-1.45105,-0.606411,-1.57826
0.0169733,-0.0232618,0.036694;-1.51114,-0.634833,-1.6258
0.0159052,-0.0218533,0.0365952;-1.49503,-0.649172,-1.60489
0.0138788,-0.0205583,0.0374837;-1.42869,-0.678842,-1.53892
0.0148016,-0.0310099,0.0427522;-1.37482,-0.599987,-1.44674
0.0211692,-0.0325124,0.0411562;-1.34708,-0.595722,-1.46537
0.0251084,-0.0329817,0.0389238;-1.38723,-0.558889,-1.51733
0.014413,-0.0238916,0.0376182;-1.50386,-0.6518,-1.62942
0.0110567,-0.0234621,0.0389358;-1.44802,-0.682161,-1.57685
0.00746739,-0.0212817,0.0368614;-1.42887,-0.710906,-1.52923
0.00300127,-0.0278457,0.0417085;-1.41727,-0.662824,-1.45117
0.00816661,-0.0295996,0.0421205;-1.3746,-0.676768,-1.46359
0.0117591,-0.0287228,0.0374792;-1.40871,-0.653684,-1.51426
0.00423139,-0.0218707,0.0335705;-1.53741,-0.740038,-1.61075
0.00229043,-0.0197735,0.0317633;-1.55389,-0.75461,-1.60812
0.000147397,-0.0178385,0.0304232;-1.54723,-0.774596,-1.58182
-0.00299723,-0.0182906,0.0383336;-1.54093,-0.730729,-1.51716
0.00359165,-0.0166059,0.0398141;-1.48399,-0.695002,-1.53759
0.0107341,-0.019997,0.0384017;-1.41529,-0.667211,-1.53744
0.0120657,-0.0188737,0.0384407;-1.50947,-0.650881,-1.64392
0.0120286,-0.0181138,0.0377553;-1.5125,-0.646899,-1.63881
0.0112849,-0.01739,0.0382051;-1.4418,-0.667127,-1.56119
0.00934093,-0.0230972,0.0407288;-1.41257,-0.667253,-1.47827
0.0127091,-0.025934,0.0410203;-1.38886,-0.66022,-1.48391
0.0149755,-0.0273063,0.0409606;-1.36678,-0.652095,-1.4882
0.0159833,-0.0235544,0.0397947;-1.48023,-0.675537,-1.63183
0.0152451,-0.0176949,0.0408014;-1.54656,-0.697694,-1.69891
0.0154323,-0.0166167,0.0394772;-1.53265,-0.69604,-1.67564
0.016706,-0.021756,0.043734;-1.41462,-0.678464,-1.57512
0.0227801,-0.0419113,0.0498414;-1.29282,-0.6144,-1.44924
0.0269982,-0.0417522,0.0480412;-1.27848,-0.627673,-1.4735
0.0273888,-0.0384882,0.0445719;-1.35004,-0.637991,-1.54456
0.0158492,-0.0240032,0.0402604;-1.56635,-0.726513,-1.70241
0.0152682,-0.0210664,0.0377653;-1.57065,-0.744387,-1.69449
0.0161903,-0.0229666,0.0399609;-1.47371,-0.734454,-1.61159
0.0257023,-0.0486011,0.0485647;-1.2047,-0.655574,-1.3804
0.0300219,-0.052293,0.0478064;-1.1784,-0.655164,-1.38666
0.0274417,-0.0460167,0.0435648;-1.34457,-0.677398,-1.51861
0.0215874,-0.0355576,0.039969;-1.56409,-0.702362,-1.69764
0.0217519,-0.0343531,0.0382285;-1.56693,-0.713974,-1.69216
0.0216436,-0.035922,0.0387547;-1.48271,-0.721084,-1.61443
0.0299594,-0.0596258,0.0478919;-1.18029,-0.647696,-1.378
0.0319239,-0.0617436,0.0487765;-1.16503,-0.647527,-1.38545
0.0293241,-0.0563846,0.0446891;-1.30185,-0.677159,-1.49126
0.029889,-0.049793,0.0418094;-1.54855,-0.63387,-1.70892
0.0315548,-0.0544681,0.0419703;-1.52144,-0.625886,-1.68618
0.0314148,-0.0602407,0.0419429;-1.43376,-0.632798,-1.59913
0.0294156,-0.0811949,0.0470608;-1.22192,-0.579403,-1.43494
0.0303456,-0.0868744,0.0476469;-1.18848,-0.556191,-1.40121
0.0273592,-0.0825459,0.0437921;-1.29019,-0.582075,-1.46462
0.023641,-0.0747748,0.034324;-1.54254,-0.568127,-1.62997
0.0303051,-0.0784342,0.0357018;-1.53132,-0.491224,-1.63614
0.0338053,-0.0803884,0.035194;-1.53145,-0.463935,-1.62889
0.0353203,-0.0889959,0.0421037;-1.35619,-0.468151,-1.53468
0.0356332,-0.102829,0.0461917;-1.24351,-0.441494,-1.46078
0.0345968,-0.104211,0.0459959;-1.25277,-0.458417,-1.46878
0.0326519,-0.0954404,0.0369882;-1.48528,-0.455739,-1.60879
0.0348696,-0.0969522,0.0369304;-1.52991,-0.403519,-1.65258
0.0387126,-0.100075,0.0359387;-1.51376,-0.357971,-1.62746
0.0392545,-0.103849,0.0411441;-1.38947,-0.359574,-1.56722
0.0389607,-0.111105,0.04469;-1.28107,-0.346416,-1.50432
0.0377746,-0.113368,0.0458193;-1.25046,-0.363934,-1.47529
0.0415855,-0.107208,0.0401877;-1.39778,-0.33614,-1.5738
0.0433788,-0.107521,0.0389788;-1.46619,-0.293836,-1.62436
0.0465541,-0.110195,0.0386163;-1.4979,-0.239508,-1.65334
0.0466408,-0.112745,0.039926;-1.38242,-0.252375,-1.56067
0.0450114,-0.114009,0.041578;-1.32237,-0.285702,-1.50969
0.0418726,-0.116502,0.0430573;-1.28909,-0.304226,-1.47566
0.0457527,-0.116888,0.041713;-1.35918,-0.260314,-1.56297
0.0463856,-0.115966,0.0395352;-1.43412,-0.236077,-1.60746
0.0466577,-0.115327,0.0370429;-1.51034,-0.21063,-1.64628
0.0520318,-0.121232,0.0369028;-1.41309,-0.1606,-1.55989
0.0498975,-0.121116,0.0387281;-1.37301,-0.193074,-1.53071
0.045802,-0.123235,0.0420322;-1.32056,-0.226961,-1.49578
0.0470782,-0.120747,0.0388972;-1.39742,-0.216157,-1.56213
0.0476166,-0.118969,0.0333428;-1.52091,-0.194672,-1.60897
0.0480834,-0.120132,0.0321875;-1.54605,-0.18295,-1.61188
0.0583416,-0.129742,0.0321902;-1.49298,-0.0416279,-1.57601
0.0570357,-0.130187,0.0349053;-1.45098,-0.0696291,-1.55705
0.05379,-0.131127,0.0378207;-1.43419,-0.110556,-1.51431
0.0527359,-0.126258,0.0334946;-1.49211,-0.113714,-1.54103
0.0542508,-0.124125,0.028822;-1.56757,-0.0812265,-1.57895
0.0559182,-0.126356,0.0292788;-1.55285,-0.0451597,-1.58583
0.0582696,-0.129093,0.028931;-1.56263,0.0112111,-1.57938
0.0580553,-0.129145,0.0289065;-1.57418,0.000615001,-1.55732
0.0562895,-0.12923,0.0315037;-1.57269,-0.0133488,-1.52408
0.0560828,-0.119767,0.0332177;-1.59255,-0.016405,-1.51524
0.0579113,-0.117403,0.0291952;-1.57657,-0.0177783,-1.55802
0.0577437,-0.117481,0.0285936;-1.57093,-0.00152001,-1.57277
0.0578496,-0.119402,0.0290774;-1.57927,0.0364558,-1.58659
0.0572448,-0.123005,0.0290126;-1.57432,0.081775,-1.58792
0.0569741,-0.124586,0.029087;-1.56763,0.106048,-1.56117
0.0530678,-0.121716,0.0364039;-1.48664,0.0100478,-1.50682
0.0559667,-0.114216,0.0346586;-1.46429,-0.0216903,-1.55618
0.0571848,-0.112789,0.0329711;-1.50561,0.00395335,-1.59839
0.0605353,-0.116669,0.0338666;-1.52913,0.0712078,-1.63142
0.0626756,-0.118582,0.0341769;-1.48968,0.0870742,-1.60971
0.0626197,-0.119857,0.035708;-1.42971,0.07302,-1.58529
0.0564038,-0.123054,0.0414908;-1.3702,-0.0078121,-1.52373
0.0590149,-0.114742,0.0403033;-1.36282,-0.0507492,-1.56261
0.0614012,-0.11168,0.0378524;-1.4234,-0.0207272,-1.60142
0.0630564,-0.11277,0.0360069;-1.51973,0.0373531,-1.65093
0.0649387,-0.118085,0.0347548;-1.51091,0.0969145,-1.63024
0.0672433,-0.124435,0.0336414;-1.46666,0.146846,-1.59137
0.0610001,-0.128088,0.0365868;-1.47021,0.041425,-1.52141
0.0602191,-0.123103,0.0353455;-1.47146,-0.00228152,-1.53975
0.0612721,-0.119597,0.0308713;-1.52259,0.00801447,-1.57202
0.0616768,-0.122327,0.029061;-1.56158,0.0693182,-1.58527
0.0630362,-0.125256,0.0288804;-1.57071,0.128735,-1.58548
0.0637524,-0.126857,0.0290931;-1.54957,0.145442,-1.5773
0.0637524,-0.126857,0.0290931;-1.54957,0.145442,-1.5773
0.0634129,-0.127468,0.0305458;-1.54474,0.128871,-1.55438
0.0634129,-0.127468,0.0305458;-1.54474,0.128871,-1.55438
