0,0,0.11;-1.57,-2.98023e-08,-1.57
0,0,0.11;-1.57,-2.98023e-08,-1.57
0,0,0.11;-1.57,-2.98023e-08,-1.57
-0.00010007,0.00368796,0.0285886;-1.57087,-0.133095,-1.57023
1.40647e-06,0.00374139,0.0286468;-1.57087,-0.113179,-1.56767
-0.0009952,0.000921926,0.0300338;-1.5651,-0.0830894,-1.54885
0.000864916,-0.00749409,0.035716;-1.64356,-0.0759169,-1.56357
0.00479046,-0.000199071,0.03333;-1.64086,-0.181257,-1.61065
0.00399178,0.000302635,0.0300176;-1.57621,-0.205099,-1.59702
0.00393492,0.00179795,0.0288102;-1.57276,-0.226796,-1.58018
0.00467747,-0.00120183,0.0287168;-1.56495,-0.110871,-1.57105
0.00472919,-0.0032556,0.0300094;-1.55304,-0.0763999,-1.55884
0.00315272,-0.00701897,0.0329008;-1.56123,-0.0242788,-1.52669
0.00154583,-0.0161033,0.032292;-1.55762,-0.0299022,-1.53202
0.00222986,-0.0124711,0.0291551;-1.59458,-0.0963924,-1.57749
0.00329655,-0.0106649,0.0290021;-1.5817,-0.139982,-1.58172
0.00378907,-0.0119618,0.0307739;-1.57929,-0.112725,-1.60763
0.00177515,-0.0177081,0.0298401;-1.57156,-0.0639771,-1.59434
0.000789292,-0.0218378,0.029853;-1.54344,-0.0350723,-1.57034
-0.00240765,-0.0285309,0.0349412;-1.50662,-0.0849046,-1.5293
-0.00340568,-0.0289996,0.0309373;-1.55316,-0.139575,-1.54858
-0.00384284,-0.0276236,0.0288375;-1.57399,-0.182765,-1.57108
-0.00344193,-0.0255492,0.0286268;-1.57043,-0.268895,-1.5735
-0.00357462,-0.0263749,0.0287358;-1.57073,-0.242214,-1.57796
-0.00342341,-0.028292,0.0289849;-1.57896,-0.201865,-1.58449
-0.00298128,-0.0340514,0.0323286;-1.59688,-0.170843,-1.59027
-0.0063073,-0.0368952,0.0341842;-1.6706,-0.212154,-1.59019
-0.00616922,-0.0341753,0.0297658;-1.59722,-0.244915,-1.56882
-0.00534827,-0.034708,0.0287362;-1.57108,-0.264065,-1.56322
-0.00552443,-0.0346996,0.0285803;-1.57074,-0.245752,-1.57074
-0.0062003,-0.0362766,0.0306717;-1.55973,-0.160866,-1.54589
-0.00740179,-0.0416228,0.032254;-1.55324,-0.12385,-1.52771
-0.00606707,-0.0455393,0.0345262;-1.62196,-0.15723,-1.55478
-0.00704966,-0.0386061,0.0388885;-1.76428,-0.222814,-1.60468
-0.00638278,-0.0400197,0.0358118;-1.70686,-0.232657,-1.59396
-0.00619646,-0.0430001,0.0295832;-1.60228,-0.231659,-1.57666
-0.00694823,-0.0465922,0.0289923;-1.55134,-0.153457,-1.56642
-0.00768819,-0.0483554,0.0309579;-1.54794,-0.113156,-1.54574
-0.00863824,-0.0540757,0.0322661;-1.55534,-0.0880169,-1.53137
-0.01738,-0.0597713,0.0310415;-1.59232,-0.174322,-1.54375
-0.0149731,-0.0585689,0.0322983;-1.63182,-0.217662,-1.56562
-0.013236,-0.0599322,0.0290385;-1.59116,-0.235915,-1.57231
-0.0143439,-0.0670205,0.0297069;-1.59073,-0.154107,-1.5915
-0.0164427,-0.0733428,0.0299907;-1.56173,-0.0877336,-1.59108
-0.0175619,-0.0775179,0.0317627;-1.51639,-0.0391924,-1.56309
-0.0230822,-0.0766297,0.0310657;-1.5868,-0.119904,-1.54267
-0.0246059,-0.0730804,0.032444;-1.6266,-0.116057,-1.55262
-0.0217784,-0.0734146,0.0314476;-1.61483,-0.136276,-1.55611
-0.0213809,-0.0776821,0.0301662;-1.61152,-0.104217,-1.57622
-0.0218374,-0.0824213,0.031562;-1.62647,-0.0484441,-1.58328
-0.0197351,-0.0894717,0.0340419;-1.60739,0.00885531,-1.60758
-0.015152,-0.0900609,0.0393725;-1.75197,-0.0516344,-1.60782
-0.0162165,-0.0776747,0.0400777;-1.78766,-0.113401,-1.59424
-0.0213814,-0.0734207,0.0388136;-1.76397,-0.0931677,-1.57986
-0.0229215,-0.0777038,0.0320537;-1.6341,-0.0685554,-1.56146
-0.0245024,-0.0822324,0.0294769;-1.58099,-0.0353631,-1.56461
-0.0249906,-0.0867323,0.0300968;-1.53222,0.000499368,-1.57123
-0.021395,-0.0904594,0.0346406;-1.62087,-0.0465781,-1.6105
-0.023703,-0.0855654,0.0364671;-1.702,-0.117731,-1.6085
-0.0280608,-0.0752482,0.0382912;-1.76079,-0.197038,-1.60094
-0.0280982,-0.0737661,0.0373091;-1.7462,-0.217192,-1.60241
-0.0297511,-0.0745425,0.0378204;-1.7419,-0.169107,-1.59178
-0.03214,-0.0834902,0.0345184;-1.60948,-0.0950199,-1.599
-0.0311414,-0.0877779,0.034219;-1.49715,-0.0869203,-1.60154
-0.0312249,-0.0844301,0.0340249;-1.52839,-0.141829,-1.61627
-0.0314818,-0.0777883,0.0326108;-1.5752,-0.176745,-1.6188
-0.0328404,-0.0538416,0.0385132;-1.77863,-0.291945,-1.63558
-0.0287491,-0.0520857,0.0415334;-1.80517,-0.246535,-1.654
-0.024729,-0.0557694,0.0449882;-1.73994,-0.17222,-1.65509
-0.0246311,-0.0808097,0.0404385;-1.47777,-0.109189,-1.64005
-0.0245642,-0.083584,0.0389472;-1.49605,-0.148116,-1.66203
-0.023538,-0.0796152,0.0368196;-1.55918,-0.163521,-1.68799
-0.0399725,-0.0536102,0.0351883;-1.62418,-0.286776,-1.63244
-0.0377449,-0.0548775,0.0376826;-1.65462,-0.256888,-1.66356
-0.0339156,-0.0628134,0.0381088;-1.60626,-0.223908,-1.68093
-0.0299385,-0.0797331,0.0428183;-1.49612,-0.173874,-1.66966
-0.02609,-0.0818395,0.0419041;-1.55008,-0.236072,-1.70493
-0.0229288,-0.0780987,0.0407778;-1.59291,-0.268688,-1.72834
-0.0313456,-0.0675756,0.0406845;-1.61113,-0.386504,-1.7196
-0.0324759,-0.0675842,0.0414921;-1.64114,-0.371763,-1.72782
-0.0333367,-0.0741334,0.0394637;-1.59037,-0.327005,-1.71231
-0.0332563,-0.0853734,0.0412323;-1.49482,-0.217959,-1.64807
-0.0290203,-0.0848924,0.0410297;-1.53641,-0.236487,-1.68507
-0.0274742,-0.079387,0.0395259;-1.58531,-0.26147,-1.71434
-0.0353334,-0.0641742,0.0394289;-1.59169,-0.381626,-1.70195
-0.0362448,-0.0602816,0.0383091;-1.62065,-0.381064,-1.69178
-0.0367633,-0.062565,0.0391068;-1.66249,-0.341339,-1.68675
-0.0334719,-0.0811387,0.0385397;-1.53129,-0.214898,-1.64599
-0.0301517,-0.084668,0.0388421;-1.5075,-0.207736,-1.6492
-0.029853,-0.0816041,0.037372;-1.50736,-0.222896,-1.64076
-0.0320473,-0.063117,0.0372045;-1.57116,-0.386316,-1.67169
-0.0331888,-0.0563459,0.0353674;-1.58922,-0.448025,-1.66409
-0.0340102,-0.0546949,0.0353651;-1.58605,-0.468485,-1.66193
-0.0295936,-0.0763773,0.0379712;-1.49272,-0.327459,-1.61662
-0.0310375,-0.0877846,0.039573;-1.49018,-0.326647,-1.62049
-0.0358354,-0.0941858,0.0376418;-1.50756,-0.361714,-1.60912
-0.0434769,-0.0830456,0.0319388;-1.56699,-0.453276,-1.61828
-0.0493196,-0.0767518,0.0289782;-1.55995,-0.543654,-1.57501
-0.0486798,-0.0771003,0.028593;-1.57095,-0.509019,-1.57195
-0.0490534,-0.0781567,0.0291529;-1.57497,-0.452425,-1.56253
-0.0380667,-0.0957122,0.0339565;-1.56065,-0.344585,-1.59407
-0.0300029,-0.0920051,0.036377;-1.59087,-0.373077,-1.66166
-0.0286049,-0.0838372,0.0367403;-1.61581,-0.425984,-1.67764
-0.0295477,-0.0726682,0.0348806;-1.6065,-0.485191,-1.65805
-0.0307566,-0.0731446,0.030784;-1.58986,-0.465456,-1.61059
-0.0327132,-0.0753173,0.0304179;-1.62315,-0.432605,-1.59448
-0.033527,-0.0835969,0.0337317;-1.65543,-0.351084,-1.57371
-0.0226478,-0.089403,0.0295711;-1.5872,-0.309622,-1.58245
-0.0215192,-0.0862947,0.0314111;-1.58027,-0.333984,-1.61488
-0.0240448,-0.0684777,0.030642;-1.59024,-0.501131,-1.61043
-0.0228102,-0.0692455,0.0300249;-1.59818,-0.497055,-1.60815
-0.0215707,-0.0748105,0.0306642;-1.63141,-0.449245,-1.60903
-0.0243273,-0.0808226,0.0390978;-1.78686,-0.380376,-1.66216
-0.0228392,-0.078783,0.0376125;-1.74717,-0.413684,-1.65922
-0.0198755,-0.0745832,0.0345657;-1.66584,-0.470921,-1.64762
-0.0221033,-0.0653279,0.0288816;-1.57558,-0.603331,-1.58383
-0.0223578,-0.0640579,0.0287011;-1.57215,-0.63317,-1.57618
-0.0220469,-0.0648084,0.0285981;-1.57102,-0.610236,-1.57185
-0.0200917,-0.070707,0.0339028;-1.69373,-0.518153,-1.63475
-0.0152863,-0.0741995,0.0385742;-1.76687,-0.489211,-1.67523
-0.0100425,-0.0689223,0.0396037;-1.76094,-0.504064,-1.70447
-0.0163009,-0.0543508,0.0348126;-1.6793,-0.624661,-1.66876
-0.017113,-0.0516009,0.0293322;-1.59167,-0.65141,-1.5969
-0.0172754,-0.0531343,0.0287614;-1.57443,-0.61729,-1.57847
-0.0173638,-0.0548728,0.0289879;-1.58247,-0.542204,-1.56715
-0.0157363,-0.0588474,0.0326555;-1.65812,-0.526549,-1.60526
-0.0126363,-0.0599081,0.0365142;-1.73844,-0.49121,-1.66142
-0.00997246,-0.0500928,0.0356591;-1.68646,-0.596947,-1.67687
-0.00843964,-0.0471018,0.0338029;-1.64389,-0.642167,-1.66159
-0.00743224,-0.0494583,0.0341811;-1.61488,-0.630633,-1.65722
-0.0071267,-0.0587098,0.029871;-1.61262,-0.55772,-1.59615
-0.00729233,-0.0638036,0.0319771;-1.64678,-0.54145,-1.60303
-0.00452777,-0.0719953,0.0349686;-1.64813,-0.535282,-1.57482
0.00342914,-0.0666421,0.0296182;-1.59407,-0.577801,-1.59744
0.000183471,-0.0600861,0.0292337;-1.58246,-0.651873,-1.59482
-0.00103689,-0.0553081,0.0295499;-1.59374,-0.702977,-1.60088
0.000228014,-0.0594509,0.0301106;-1.62111,-0.64936,-1.60647
0.001988,-0.0661041,0.033707;-1.69171,-0.579534,-1.64411
0.00226981,-0.0677294,0.0384103;-1.78138,-0.541407,-1.6918
0.00401278,-0.0546088,0.0377575;-1.75265,-0.60391,-1.70431
0.000861564,-0.0474926,0.0328496;-1.66826,-0.685962,-1.64879
0.000356001,-0.0444855,0.0289713;-1.58033,-0.736857,-1.58876
0.00053058,-0.0449486,0.0286126;-1.57091,-0.701367,-1.56905
0.000588689,-0.0457229,0.0292043;-1.60179,-0.685057,-1.59211
0.00233333,-0.0489494,0.0324293;-1.67793,-0.653491,-1.63867
0.0064452,-0.039951,0.0390796;-1.80195,-0.693883,-1.75507
0.00501493,-0.0347277,0.0388796;-1.79302,-0.754805,-1.76126
0.002896,-0.0301896,0.035987;-1.74995,-0.80837,-1.72843
0.00235912,-0.0384409,0.0289658;-1.5882,-0.751271,-1.58844
0.00247415,-0.0399505,0.0286631;-1.57045,-0.734229,-1.56632
0.00310102,-0.0421005,0.0294565;-1.55161,-0.723393,-1.54068
0.00875547,-0.0422999,0.0319262;-1.64573,-0.759645,-1.62898
0.00786372,-0.0362495,0.0348586;-1.72446,-0.794241,-1.69724
0.000380572,-0.027939,0.0349238;-1.74288,-0.866835,-1.71676
0.000818918,-0.0255754,0.0331025;-1.68197,-0.871576,-1.683
0.00140886,-0.0314635,0.0320479;-1.66677,-0.811645,-1.65255
0.000668915,-0.0356752,0.0326818;-1.69106,-0.763329,-1.65592
-0.00261837,-0.0359839,0.0322684;-1.65687,-0.723154,-1.63085
-0.00280359,-0.0281448,0.0319009;-1.64974,-0.763678,-1.63728
-0.00592692,-0.0231116,0.0298304;-1.60177,-0.815797,-1.59579
-0.012591,-0.0137566,0.0291955;-1.60128,-0.933499,-1.60679
-0.0121069,-0.0149523,0.0291794;-1.60529,-0.909803,-1.6058
-0.0112115,-0.0165819,0.0296414;-1.62077,-0.889816,-1.61257
-0.00606228,-0.0189709,0.0393055;-1.86393,-0.812766,-1.79867
-0.00709372,-0.0123196,0.0401925;-1.87238,-0.861662,-1.83389
-0.00715055,-0.00704812,0.0375376;-1.80392,-0.938762,-1.79451
-0.0157976,-0.0039769,0.0295614;-1.6315,-1.1009,-1.63018
-0.0157272,-0.00420625,0.0285789;-1.57092,-1.10092,-1.57092
-0.0156449,-0.0039887,0.0290097;-1.55123,-1.08187,-1.5416
-0.0134585,-0.00665581,0.0303417;-1.56554,-1.03102,-1.54972
-0.0057571,-0.00532244,0.0316287;-1.60669,-1.04929,-1.63637
-0.00587882,0.00219021,0.0354632;-1.70032,-1.09794,-1.7461
-0.017968,0.0141808,0.0366482;-1.9796,-1.17035,-1.96108
-0.0204562,0.0130259,0.0351138;-1.92637,-1.19187,-1.91181
-0.0188562,0.00888079,0.0293586;-1.64987,-1.19626,-1.64567
-0.015422,0.00388001,0.0303216;-1.48864,-1.10446,-1.48991
-0.0132182,0.00462644,0.0315338;-1.43708,-1.08358,-1.44995
-0.0138777,0.00914322,0.03103;-1.55709,-1.12721,-1.59314
-0.0219845,0.0163618,0.0320572;-1.55172,-1.25806,-1.60821
-0.0262453,0.0181479,0.0325574;-1.64102,-1.29944,-1.68661
-0.0261905,0.0172368,0.031408;-1.61995,-1.29241,-1.65723
-0.0261905,0.0172368,0.031408;-1.61995,-1.29241,-1.65723
-0.0238506,0.0134806,0.0306193;-1.58747,-1.26053,-1.61713
-0.0238506,0.0134806,0.0306193;-1.58747,-1.26053,-1.61713
