0,0,0.11;-1.57,-2.98023e-08,-1.57
0,0,0.11;-1.57,-2.98023e-08,-1.57
0,0,0.11;-1.57,-2.98023e-08,-1.57
0.000549828,0.00835708,0.0286195;-1.569,-0.110207,-1.57054
0.000664342,0.00828115,0.0286685;-1.57093,-0.0890455,-1.56652
0.000590903,0.00745409,0.0301777;-1.58903,-0.0875243,-1.55566
0.000760341,0.00755307,0.035245;-1.69157,-0.060333,-1.56577
0.0033378,0.010522,0.0291153;-1.56363,-0.125761,-1.58927
0.00228492,0.0134927,0.0289648;-1.56254,-0.182968,-1.57943
0.00112931,0.0158219,0.028816;-1.56636,-0.255491,-1.57666
0.000557037,0.0167194,0.028635;-1.57087,-0.302471,-1.56827
0.000549947,0.0155284,0.0306749;-1.60095,-0.298471,-1.56229
-0.00155191,0.0147795,0.0376302;-1.69743,-0.256155,-1.56342
-0.002789,0.0138634,0.0328907;-1.64831,-0.241764,-1.57684
-0.00130371,0.0105963,0.0286132;-1.57081,-0.245458,-1.57235
-0.00141589,0.010499,0.0286411;-1.5676,-0.253713,-1.57014
-0.00140915,0.0106955,0.0285799;-1.57086,-0.285801,-1.57086
-0.00188693,0.0106579,0.0292846;-1.58183,-0.273434,-1.57323
-0.00281193,0.00849695,0.0360251;-1.67313,-0.240816,-1.57983
-0.00249613,-0.000345362,0.0413629;-1.66998,-0.192131,-1.58279
-0.00146361,0.0013939,0.0327735;-1.66255,-0.209595,-1.58737
-0.000571498,-0.000980955,0.0287376;-1.57196,-0.209045,-1.57825
-0.000527899,-0.00157395,0.0285799;-1.57066,-0.202566,-1.57076
-0.000475545,-0.00162327,0.0286684;-1.57089,-0.200411,-1.56654
-0.000617133,-0.00148352,0.0301785;-1.58331,-0.212717,-1.55366
3.44347e-06,0.000932692,0.0341732;-1.64092,-0.229778,-1.55985
0.00233299,0.0111585,0.029871;-1.60859,-0.282106,-1.58341
0.00294357,0.0106571,0.028831;-1.56591,-0.295619,-1.57665
0.00322791,0.0106949,0.0287906;-1.56769,-0.293431,-1.57708
0.00359974,0.00965985,0.028946;-1.56907,-0.27166,-1.587
0.00261535,0.00513441,0.0315377;-1.61358,-0.24063,-1.56362
0.00223505,0.0096016,0.0376612;-1.68543,-0.258203,-1.56916
0.00327823,0.0251485,0.0363265;-1.70171,-0.314983,-1.59436
0.00531848,0.0258387,0.0287233;-1.56905,-0.358608,-1.57609
0.00582378,0.025435,0.0286875;-1.56527,-0.325377,-1.57045
0.00648201,0.0255424,0.0286279;-1.56964,-0.28799,-1.56929
0.00651443,0.0179063,0.0292369;-1.57882,-0.173254,-1.57717
0.00888533,0.00254936,0.0380151;-1.42112,-0.143681,-1.55643
0.0121168,-0.00253257,0.0412956;-1.36737,-0.170173,-1.56367
0.0119263,-3.16255e-05,0.0306533;-1.55406,-0.157605,-1.60287
0.0120331,-0.000800056,0.0287654;-1.56967,-0.141871,-1.57859
0.0121123,-0.000586227,0.0285802;-1.57084,-0.150677,-1.57086
0.0128192,-0.000564921,0.0289389;-1.5649,-0.105056,-1.56231
0.0136081,-0.00162324,0.031681;-1.54966,-0.0805012,-1.5379
0.0135183,-0.00319569,0.0356587;-1.50095,-0.0827409,-1.5176
0.0176657,-0.0115313,0.0292253;-1.55078,-0.077347,-1.57417
0.0176161,-0.0112677,0.0289597;-1.56174,-0.0732349,-1.58281
0.0175333,-0.0104328,0.0290497;-1.56139,-0.081621,-1.58177
0.0148104,-0.00759538,0.0318684;-1.51322,-0.129521,-1.58245
0.0153344,-0.00906163,0.034379;-1.46329,-0.109177,-1.55535
0.0177754,-0.0087706,0.0377375;-1.4323,-0.0667048,-1.52858
0.0191585,-0.012994,0.0288696;-1.55972,-0.113411,-1.57282
0.0190075,-0.0131762,0.0287025;-1.57047,-0.0959309,-1.57773
0.0190751,-0.0130793,0.0285977;-1.57206,-0.0960402,-1.57089
0.0188016,-0.0120486,0.0286612;-1.57049,-0.141541,-1.56656
0.0194205,-0.0104304,0.0318178;-1.5204,-0.114689,-1.55618
0.0212682,-0.0111849,0.0375297;-1.43864,-0.08534,-1.53127
0.0276773,-0.0146535,0.0367423;-1.43946,-0.0956143,-1.58666
0.0246673,-0.0114125,0.0357138;-1.4938,-0.139656,-1.61851
0.0210992,-0.0051424,0.0342349;-1.5436,-0.181924,-1.63296
0.0178825,-0.00201268,0.0290648;-1.56322,-0.234698,-1.58623
0.0179472,-0.00199192,0.0299333;-1.547,-0.221396,-1.56295
0.018802,-0.00137594,0.0334978;-1.52912,-0.176106,-1.52749
0.0231518,-0.00422705,0.0346307;-1.47066,-0.20245,-1.55598
0.0228274,-0.00571133,0.033097;-1.50105,-0.207732,-1.58071
0.0213162,-0.00349749,0.0309534;-1.56378,-0.219481,-1.6093
0.0186376,0.00367199,0.0299843;-1.54897,-0.279533,-1.58615
0.0179666,0.00457271,0.0327691;-1.50182,-0.295793,-1.5805
0.0179336,0.00396525,0.0362882;-1.44074,-0.290994,-1.55153
0.0206947,0.00395252,0.042056;-1.39893,-0.32867,-1.55597
0.0191824,0.0110143,0.0421933;-1.47423,-0.399355,-1.58225
0.0149863,0.0192224,0.0298766;-1.5597,-0.449895,-1.59618
0.0123641,0.0235262,0.0285756;-1.57066,-0.526016,-1.57034
0.0124905,0.0230399,0.0288433;-1.57051,-0.511836,-1.58324
0.0133503,0.0219326,0.0289034;-1.57632,-0.482641,-1.58441
0.0195046,0.0156004,0.0461026;-1.53043,-0.443001,-1.57505
0.0197093,0.0221132,0.0468679;-1.50191,-0.523221,-1.58444
0.0177546,0.0302744,0.0364248;-1.4735,-0.567511,-1.58548
0.0101216,0.0382168,0.035607;-1.50308,-0.650377,-1.60575
0.00460027,0.038832,0.0374717;-1.49035,-0.704062,-1.60967
0.00318283,0.0380214,0.0360396;-1.45104,-0.718765,-1.54573
0.00157954,0.0316299,0.042687;-1.5313,-0.667609,-1.55206
0.00104814,0.0363801,0.0419078;-1.57569,-0.730268,-1.58253
0.00123689,0.0429557,0.0293821;-1.57529,-0.760075,-1.59322
-0.00237459,0.0463756,0.03107;-1.53516,-0.799384,-1.5764
-0.00106197,0.0468855,0.0324296;-1.537,-0.783494,-1.59957
0.00158652,0.0459612,0.0359458;-1.44401,-0.765857,-1.53717
0.00790146,0.0423685,0.0439116;-1.41778,-0.728387,-1.4948
0.015142,0.0423302,0.0472076;-1.4644,-0.726516,-1.56353
0.0195448,0.0430285,0.0405721;-1.43071,-0.732892,-1.58222
0.00761179,0.0465612,0.0374804;-1.4958,-0.838941,-1.61345
0.00256495,0.0456597,0.0359826;-1.4642,-0.890393,-1.55624
0.0017833,0.0452027,0.0339274;-1.46733,-0.892125,-1.53466
0.00660455,0.0361697,0.0383563;-1.52569,-0.802104,-1.55207
0.0146809,0.038564,0.0449188;-1.54114,-0.773131,-1.61926
0.0189297,0.0404621,0.0454848;-1.5451,-0.773422,-1.64208
0.0134838,0.0450939,0.0386176;-1.52308,-0.849408,-1.65697
0.00540337,0.0470499,0.0378393;-1.49694,-0.91234,-1.61848
0.00408557,0.0450085,0.038802;-1.47167,-0.926245,-1.60455
0.00835801,0.0408754,0.0385218;-1.43649,-0.88873,-1.56182
0.0203671,0.0292093,0.0456946;-1.45673,-0.7989,-1.53883
0.020463,0.0300757,0.0460634;-1.57347,-0.846618,-1.64618
0.0191736,0.034654,0.0351367;-1.62857,-0.869653,-1.68592
0.0155554,0.0372312,0.0345313;-1.56248,-0.895775,-1.63758
0.018869,0.0370483,0.0349242;-1.55034,-0.864063,-1.64443
0.0224862,0.0368635,0.0368949;-1.50553,-0.836058,-1.6256
0.0298534,0.0325835,0.0491867;-1.41311,-0.809797,-1.52749
0.0331981,0.0357188,0.0521093;-1.48897,-0.830668,-1.61585
0.0358303,0.0338564,0.0459027;-1.48607,-0.8439,-1.65698
0.0309125,0.0304902,0.0409058;-1.54788,-0.850689,-1.6966
0.0278842,0.0264187,0.0371642;-1.52577,-0.85654,-1.64431
0.0304559,0.0255865,0.0343209;-1.54543,-0.82258,-1.63669
0.027578,0.0253783,0.0447244;-1.50123,-0.817349,-1.55961
0.0273352,0.031947,0.0481475;-1.51452,-0.875465,-1.61341
0.0271012,0.0341738,0.0462486;-1.53526,-0.902171,-1.67187
0.0239395,0.0341555,0.0415477;-1.54623,-0.903583,-1.70129
0.0216541,0.0339633,0.0399866;-1.51877,-0.918146,-1.66838
0.0224899,0.032605,0.0391127;-1.47209,-0.914583,-1.60926
0.0300731,0.020635,0.0392104;-1.33062,-0.837531,-1.40997
0.0403725,0.0177777,0.0389072;-1.3561,-0.781735,-1.44675
0.0475882,0.0189084,0.0381143;-1.42832,-0.788919,-1.54299
0.0435737,0.0178141,0.032312;-1.5875,-0.820192,-1.62777
0.0393972,0.0190307,0.0301341;-1.56689,-0.863619,-1.59497
0.036519,0.0212051,0.0295561;-1.5564,-0.896434,-1.57967
0.0419781,0.0218292,0.0359981;-1.43719,-0.839232,-1.50847
0.0495546,0.0199056,0.0408341;-1.3691,-0.805261,-1.45584
0.0549685,0.0252279,0.0430278;-1.37478,-0.84673,-1.50409
0.0509334,0.0255057,0.0396624;-1.47991,-0.897626,-1.62102
0.042038,0.0228864,0.0396103;-1.50146,-0.942087,-1.63767
0.0318147,0.0187994,0.0365359;-1.50214,-1.02019,-1.60631
0.0361143,0.0137009,0.034158;-1.54048,-0.977459,-1.61716
0.0400011,0.0109205,0.0425912;-1.58529,-0.923143,-1.6303
0.0435803,0.0130193,0.0467976;-1.56341,-0.913964,-1.60143
0.0397966,0.016642,0.0354219;-1.52382,-1.01713,-1.62245
0.0286509,0.0204559,0.0364173;-1.50193,-1.08644,-1.60296
0.0233985,0.0228546,0.0369024;-1.462,-1.13246,-1.56998
0.0254033,0.0237779,0.038613;-1.39217,-1.1297,-1.50883
0.0318875,0.021563,0.0398772;-1.34666,-1.08615,-1.44335
0.039727,0.0201678,0.0459306;-1.37674,-1.04978,-1.45105
0.0456738,0.0288658,0.0415147;-1.41135,-1.09748,-1.5576
0.0420627,0.0286341,0.0390262;-1.46912,-1.11712,-1.60165
0.0331513,0.0274833,0.0386636;-1.44837,-1.1729,-1.5717
0.0320561,0.02694,0.0374282;-1.37097,-1.17477,-1.47045
0.0386831,0.0225994,0.039617;-1.32192,-1.13892,-1.42844
0.0453063,0.0171899,0.0459074;-1.40648,-1.09396,-1.48676
0.0475433,0.0264062,0.0460416;-1.56643,-1.15067,-1.71072
0.0432055,0.0233622,0.0408981;-1.50101,-1.18906,-1.65856
0.0339602,0.0196313,0.0394224;-1.51192,-1.23859,-1.64028
0.0257937,0.0122926,0.0323737;-1.48664,-1.30055,-1.54092
0.029845,0.00829936,0.0310987;-1.61826,-1.24328,-1.64491
0.0330844,0.00380805,0.0357524;-1.83225,-1.17035,-1.79879
0.0471482,0.00998885,0.0386439;-1.87942,-1.12098,-1.89759
0.0446879,0.0110841,0.0393804;-1.81751,-1.17536,-1.88354
0.0433825,0.00914572,0.0371041;-1.65943,-1.19485,-1.74682
0.043767,0.00402761,0.0341443;-1.49651,-1.16957,-1.57379
0.045653,0.00574872,0.0329199;-1.51214,-1.1396,-1.57539
0.0514219,0.00579482,0.0388732;-1.4021,-1.09912,-1.4827
0.0680175,0.013039,0.0423295;-1.34141,-1.06573,-1.45895
0.0718496,0.0112823,0.0404774;-1.39873,-1.07474,-1.53772
0.0626161,0.0107028,0.0402239;-1.49382,-1.13969,-1.64191
0.0530818,0.00763499,0.0373181;-1.45146,-1.18289,-1.56126
0.0555702,0.00792072,0.0372776;-1.439,-1.16096,-1.54925
0.0603792,0.00809167,0.0382039;-1.36553,-1.11868,-1.46729
0.0799345,0.0050601,0.0423544;-1.31403,-1.04679,-1.41512
0.0804458,0.0051831,0.0437799;-1.44352,-1.08726,-1.56136
0.0772331,0.00340743,0.0382159;-1.51605,-1.12025,-1.64853
0.0651228,-0.00400427,0.0352782;-1.53836,-1.15306,-1.62024
0.0689188,-0.0056996,0.0339101;-1.50633,-1.12715,-1.57972
0.0712323,-0.00695476,0.0326473;-1.52284,-1.10608,-1.58355
0.0796157,-0.00895434,0.0361415;-1.61589,-1.01365,-1.59663
0.0793452,-0.00438346,0.0417097;-1.78253,-1.05102,-1.7991
0.0770958,-0.00400172,0.0394834;-1.80545,-1.08267,-1.84992
0.0798334,-0.0103933,0.0294703;-1.57759,-1.06227,-1.59595
0.0789755,-0.00977624,0.029054;-1.56373,-1.07631,-1.5783
0.0798958,-0.0095314,0.0301958;-1.54025,-1.06276,-1.57397
0.0902063,-0.00852996,0.0386368;-1.27591,-0.957739,-1.32871
0.0980718,-0.00299139,0.0391117;-1.31385,-0.956439,-1.40502
0.0994468,0.000182653,0.040105;-1.38811,-0.983921,-1.51792
0.0928918,-0.000424632,0.0396591;-1.53704,-1.01843,-1.66903
0.0900003,-0.00545295,0.0375249;-1.49474,-1.04755,-1.61304
0.0912696,-0.00680877,0.0355662;-1.46898,-1.03906,-1.56077
0.0912696,-0.00680877,0.0355662;-1.46898,-1.03906,-1.56077
0.0922118,-0.00574087,0.0370906;-1.37542,-1.01858,-1.45428
0.0922118,-0.00574087,0.0370906;-1.37542,-1.01858,-1.45428
