0,0,0.11;-1.57,-2.98023e-08,-1.57
0,0,0.11;-1.57,-2.98023e-08,-1.57
0,0,0.11;-1.57,-2.98023e-08,-1.57
0.000275479,0.008318,0.0286676;-1.56965,-0.182491,-1.57392
0.00043199,0.00919095,0.0285798;-1.5709,-0.213285,-1.57086
9.95735e-05,0.0100062,0.0294955;-1.56757,-0.20083,-1.55512
0.00206956,0.0102827,0.0338234;-1.62614,-0.161754,-1.55898
0.00614456,0.0114212,0.0291889;-1.59005,-0.185219,-1.58478
0.00470419,0.00808496,0.0292158;-1.58083,-0.146367,-1.58538
0.00351905,0.00444136,0.0288173;-1.57309,-0.0964382,-1.57989
0.00355555,0.000353099,0.0285944;-1.57063,0.0396456,-1.56996
0.00220279,-0.00301557,0.0300377;-1.56976,0.0998725,-1.54908
-0.00156114,-0.0198629,0.0338458;-1.52912,0.169165,-1.528
0.000181253,-0.0261632,0.0312535;-1.521,0.172134,-1.56793
0.00158914,-0.0239368,0.0288397;-1.57266,0.159247,-1.58549
0.00229263,-0.0225048,0.0293998;-1.56705,0.148282,-1.58994
0.00122613,-0.0200961,0.0289551;-1.5686,0.0964642,-1.58692
0.000723116,-0.0194327,0.0289782;-1.56555,0.0936218,-1.56199
-0.00105073,-0.021904,0.0323494;-1.54501,0.143077,-1.53246
0.000272627,-0.0225506,0.0334348;-1.52817,0.134485,-1.52792
0.00440352,-0.0185753,0.0296548;-1.56915,0.0662913,-1.55375
0.0056886,-0.0178415,0.0286302;-1.57463,0.0354113,-1.57074
0.0062263,-0.0163629,0.0289497;-1.57422,0.0119714,-1.58479
0.00581006,-0.0167486,0.0289969;-1.57628,0.0248016,-1.5852
0.0034881,-0.0184889,0.0311749;-1.60298,0.0457841,-1.56253
-0.00130933,-0.0254986,0.0351999;-1.61235,0.096377,-1.54022
-0.00155484,-0.0333595,0.0287245;-1.57033,0.11203,-1.5643
-0.00137566,-0.0336498,0.0286871;-1.57068,0.116598,-1.57593
-0.00135193,-0.0335515,0.0286973;-1.56988,0.115743,-1.57561
-0.00132988,-0.0337092,0.0285799;-1.57076,0.133437,-1.57083
-0.00739966,-0.0464477,0.0335048;-1.62181,0.203807,-1.54051
-0.01411,-0.068996,0.0393464;-1.43293,0.26875,-1.57696
-0.0165912,-0.0753899,0.0368983;-1.41038,0.217024,-1.5948
-0.0127393,-0.0685324,0.0295425;-1.56995,0.222083,-1.5933
-0.0129663,-0.0662204,0.02911;-1.57383,0.216017,-1.58471
-0.0130448,-0.0660505,0.0288505;-1.572,0.215753,-1.58204
-0.0157302,-0.0745673,0.0305136;-1.54969,0.269786,-1.58363
-0.0183929,-0.0869432,0.0396372;-1.35862,0.299652,-1.61686
-0.0179649,-0.0908847,0.0399979;-1.3481,0.275407,-1.62079
-0.0130232,-0.0816995,0.0336353;-1.53199,0.212071,-1.63844
-0.0138365,-0.0794386,0.03284;-1.56012,0.213011,-1.62648
-0.0153347,-0.0802574,0.0310569;-1.56708,0.240165,-1.60975
-0.0166964,-0.0841107,0.028795;-1.56047,0.298847,-1.57391
-0.0183055,-0.0876381,0.0321754;-1.52703,0.298185,-1.5563
-0.0205107,-0.0911319,0.0377966;-1.44515,0.295895,-1.56171
-0.0185316,-0.0893145,0.0300308;-1.56231,0.223315,-1.59439
-0.0168579,-0.0864535,0.0304935;-1.56299,0.193138,-1.60551
-0.0139223,-0.0784168,0.032043;-1.57354,0.111528,-1.62134
-0.0152605,-0.0765395,0.0300891;-1.57205,0.119467,-1.59818
-0.0187741,-0.0778596,0.0314485;-1.54081,0.121102,-1.57697
-0.0240409,-0.0784637,0.037928;-1.48709,0.129705,-1.55504
-0.0232495,-0.0790444,0.0287392;-1.57561,0.0390982,-1.57698
-0.0225923,-0.0779843,0.0289638;-1.57449,0.011468,-1.58519
-0.0225965,-0.0792652,0.0294721;-1.57751,0.0280289,-1.58897
-0.021965,-0.0848816,0.0311138;-1.56599,0.0947862,-1.61397
-0.023903,-0.0916365,0.0373868;-1.57266,0.178608,-1.60228
-0.0283946,-0.101481,0.0451777;-1.49225,0.230333,-1.60033
-0.0325896,-0.120239,0.034038;-1.48811,0.265031,-1.6132
-0.0324478,-0.11908,0.0294172;-1.56663,0.266598,-1.59481
-0.0325373,-0.117231,0.0291777;-1.57176,0.250169,-1.58476
-0.031805,-0.117258,0.0301985;-1.56213,0.241244,-1.60557
-0.0295594,-0.120609,0.0337697;-1.49549,0.292038,-1.61331
-0.0264317,-0.12835,0.0386115;-1.37589,0.349449,-1.62843
-0.023839,-0.131893,0.0389325;-1.37517,0.348723,-1.64108
-0.0260285,-0.12738,0.0369837;-1.45054,0.308457,-1.64908
-0.0268401,-0.120933,0.0324843;-1.56369,0.287893,-1.63327
-0.0282935,-0.104271,0.0291893;-1.57275,0.142889,-1.58719
-0.0282702,-0.102854,0.0287436;-1.5705,0.124866,-1.57847
-0.0285144,-0.101525,0.0296916;-1.56635,0.139622,-1.55551
-0.029967,-0.0991035,0.0413765;-1.5829,0.156158,-1.55077
-0.0245876,-0.103917,0.0370606;-1.57581,0.130936,-1.58746
-0.0193147,-0.102189,0.0317314;-1.60509,0.10802,-1.59723
-0.0233959,-0.109902,0.0336884;-1.57125,0.180844,-1.63532
-0.0259081,-0.112415,0.031256;-1.56887,0.199595,-1.616
-0.0293583,-0.116189,0.0293033;-1.57681,0.238589,-1.58192
-0.0428097,-0.135097,0.0385582;-1.42953,0.370241,-1.57737
-0.0427027,-0.14162,0.0364719;-1.42148,0.347724,-1.60619
-0.0412161,-0.138004,0.029564;-1.55127,0.336721,-1.57867
-0.0396411,-0.137893,0.0294716;-1.5725,0.34691,-1.59014
-0.0396012,-0.140781,0.0299292;-1.56692,0.375609,-1.60068
-0.0398372,-0.141756,0.0305051;-1.5466,0.384113,-1.59729
-0.0446998,-0.147755,0.0377769;-1.42712,0.40376,-1.58717
-0.0463791,-0.1508,0.0351566;-1.46077,0.368239,-1.58499
-0.0460498,-0.149276,0.0288724;-1.55978,0.355237,-1.57096
-0.0452106,-0.146154,0.0288224;-1.5723,0.311796,-1.58024
-0.044256,-0.141266,0.0291398;-1.56305,0.256712,-1.59287
-0.0436548,-0.139488,0.030377;-1.55833,0.244073,-1.60015
-0.0446683,-0.153785,0.0417379;-1.34092,0.283387,-1.6411
-0.0448301,-0.160936,0.0401143;-1.39257,0.246574,-1.64436
-0.0428199,-0.160125,0.0357713;-1.49145,0.248819,-1.64146
-0.0453666,-0.153301,0.0328772;-1.56699,0.204119,-1.62411
-0.0467436,-0.144632,0.0297858;-1.56899,0.123688,-1.5976
-0.0467978,-0.142831,0.0289586;-1.56858,0.110255,-1.58708
-0.0481495,-0.152821,0.037645;-1.47504,0.207369,-1.60153
-0.0486962,-0.169901,0.036219;-1.46226,0.245118,-1.62655
-0.0475992,-0.173771,0.03623;-1.46186,0.273845,-1.62721
-0.0483093,-0.169408,0.0325421;-1.55956,0.205741,-1.6292
-0.045516,-0.153227,0.0339753;-1.57271,0.0581811,-1.63644
-0.0465057,-0.152246,0.030409;-1.57003,0.070731,-1.60578
-0.0490197,-0.15653,0.0298536;-1.56728,0.130316,-1.58733
-0.0553908,-0.181223,0.0376864;-1.41178,0.264418,-1.61057
-0.0536012,-0.185099,0.0367457;-1.46136,0.209537,-1.62777
-0.049982,-0.181919,0.0326256;-1.55771,0.173701,-1.63921
-0.0480843,-0.176918,0.0346194;-1.57309,0.141726,-1.64645
-0.050198,-0.17797,0.0343197;-1.56917,0.163504,-1.65371
-0.0513826,-0.181499,0.0313137;-1.55961,0.209172,-1.61495
-0.0554465,-0.188909,0.0365492;-1.45109,0.291611,-1.57685
-0.0553781,-0.195595,0.0339504;-1.46967,0.271722,-1.59011
-0.0545697,-0.19231,0.0301243;-1.55168,0.246244,-1.58914
-0.0503248,-0.18453,0.0309863;-1.57222,0.190249,-1.60881
-0.0465434,-0.177453,0.0326919;-1.57096,0.12594,-1.63308
-0.0458599,-0.179024,0.0322164;-1.55871,0.147343,-1.62757
-0.0586795,-0.184488,0.0444101;-1.46667,0.211018,-1.6001
-0.0605768,-0.193199,0.0393541;-1.47068,0.215686,-1.61187
-0.057262,-0.195154,0.0326169;-1.54064,0.23153,-1.62266
-0.0566355,-0.192051,0.0318218;-1.56723,0.215058,-1.61669
-0.0538553,-0.184702,0.0322539;-1.5672,0.141975,-1.62585
-0.0519627,-0.182751,0.0315752;-1.5654,0.122243,-1.6215
-0.0581642,-0.196535,0.0431456;-1.49559,0.23036,-1.61048
-0.0634639,-0.207406,0.0440475;-1.46305,0.264047,-1.61814
-0.0654584,-0.21942,0.0372076;-1.43908,0.291359,-1.63827
-0.0630915,-0.208612,0.0346209;-1.55415,0.224293,-1.64987
-0.0646697,-0.206179,0.0359958;-1.56505,0.223961,-1.65596
-0.0666873,-0.208181,0.0319961;-1.56599,0.241432,-1.62621
-0.0642074,-0.214783,0.0357696;-1.4533,0.297014,-1.61631
-0.0618815,-0.222103,0.0396907;-1.35792,0.348257,-1.6325
-0.0575135,-0.22895,0.0377476;-1.39212,0.362953,-1.63163
-0.0530963,-0.230961,0.033981;-1.53133,0.374637,-1.65337
-0.0541824,-0.229391,0.0360425;-1.54968,0.362883,-1.66394
-0.0551571,-0.228014,0.035106;-1.54669,0.340728,-1.65999
-0.0579794,-0.22607,0.0311196;-1.54478,0.331132,-1.59514
-0.0605229,-0.224298,0.0342672;-1.47685,0.335407,-1.59917
-0.0617851,-0.225563,0.0396921;-1.42772,0.325407,-1.62972
-0.0555215,-0.217683,0.030985;-1.56465,0.183978,-1.61628
-0.0524002,-0.213492,0.0337209;-1.54762,0.165974,-1.64039
-0.0505755,-0.210028,0.0365526;-1.53655,0.152124,-1.67472
-0.0561549,-0.210407,0.0342636;-1.52922,0.113911,-1.63874
-0.0654694,-0.216679,0.0368418;-1.55407,0.180295,-1.59743
-0.0770239,-0.224556,0.0426407;-1.51747,0.261816,-1.57216
-0.0834958,-0.239569,0.0285964;-1.57084,0.271597,-1.57164
-0.0833466,-0.238864,0.0287786;-1.56947,0.246532,-1.57937
-0.0826,-0.237549,0.0289024;-1.56687,0.246732,-1.5849
-0.0804777,-0.235817,0.0320104;-1.52343,0.244037,-1.61183
-0.079154,-0.239239,0.0362421;-1.44705,0.262978,-1.61755
-0.0812238,-0.244453,0.0376343;-1.41114,0.29734,-1.61022
-0.0806005,-0.250298,0.036519;-1.45107,0.310445,-1.64482
-0.0801791,-0.248666,0.0344676;-1.52852,0.31062,-1.65109
-0.0805512,-0.246852,0.0348009;-1.54303,0.300537,-1.65054
-0.0797978,-0.24891,0.0339123;-1.49269,0.325716,-1.63345
-0.0797501,-0.248903,0.0373062;-1.42007,0.327799,-1.63775
-0.0792859,-0.251164,0.0389356;-1.36547,0.351498,-1.62923
-0.0770328,-0.255699,0.0371702;-1.40558,0.391855,-1.64132
-0.078073,-0.255304,0.0345101;-1.49317,0.390517,-1.64539
-0.0784207,-0.255552,0.0336377;-1.54393,0.397667,-1.64096
-0.0786826,-0.259346,0.0320313;-1.5458,0.430833,-1.62757
-0.078053,-0.260455,0.030716;-1.5251,0.450333,-1.5999
-0.0783662,-0.259937,0.0319863;-1.50286,0.468388,-1.59186
-0.0822414,-0.265863,0.0360096;-1.41075,0.521746,-1.64266
-0.0796182,-0.261828,0.0347816;-1.46274,0.486485,-1.64477
-0.0786699,-0.255621,0.033535;-1.53587,0.452514,-1.64852
-0.0781009,-0.254209,0.0344015;-1.53482,0.451524,-1.6545
-0.0799033,-0.260846,0.0348006;-1.47676,0.497809,-1.65768
-0.0828684,-0.266097,0.0347905;-1.45433,0.532298,-1.63892
-0.0913944,-0.269882,0.0347966;-1.49838,0.58887,-1.58068
-0.0943602,-0.273725,0.0321789;-1.49701,0.566704,-1.60955
-0.0935279,-0.272032,0.0313078;-1.55179,0.554274,-1.62256
-0.0913458,-0.270419,0.0289094;-1.56736,0.537786,-1.58548
-0.0909679,-0.270044,0.0291444;-1.56491,0.533812,-1.59185
-0.0913242,-0.269964,0.029556;-1.57345,0.539489,-1.58796
-0.100457,-0.26783,0.038237;-1.55324,0.608298,-1.54906
-0.105798,-0.276239,0.0348773;-1.52029,0.60627,-1.59123
-0.105479,-0.27868,0.0326301;-1.50922,0.607952,-1.63396
-0.103235,-0.277752,0.030477;-1.55759,0.607836,-1.60784
-0.102975,-0.277167,0.0312731;-1.56185,0.600989,-1.61911
-0.103193,-0.276915,0.0314941;-1.55343,0.600993,-1.62542
-0.112556,-0.279641,0.0368997;-1.45462,0.6548,-1.63308
-0.111397,-0.281852,0.035743;-1.48246,0.581402,-1.6429
-0.10768,-0.280549,0.0311225;-1.56749,0.541686,-1.61658
-0.107396,-0.279949,0.0338213;-1.57307,0.540391,-1.63463
-0.1084,-0.279807,0.0320081;-1.57338,0.532676,-1.62128
-0.109897,-0.280369,0.0325338;-1.56453,0.544649,-1.63578
-0.109897,-0.280369,0.0325338;-1.56453,0.544649,-1.63578
-0.112339,-0.280587,0.0349255;-1.5169,0.559878,-1.6545
-0.112339,-0.280587,0.0349255;-1.5169,0.559878,-1.6545
