0,0,0.11;-1.57,-2.98023e-08,-1.57
0,0,0.11;-1.57,-2.98023e-08,-1.57
0,0,0.11;-1.57,-2.98023e-08,-1.57
-0.000346139,0.00326027,0.0286285;-1.56895,-0.203777,-1.56956
0.00101754,0.00404039,0.0287816;-1.56858,-0.121608,-1.56285
0.000192656,0.00294853,0.0303632;-1.57084,-0.0777541,-1.54164
0.00057812,5.90723e-05,0.031468;-1.56272,0.0463376,-1.53016
-0.000289178,0.0084544,0.0292687;-1.56907,-0.094081,-1.59132
-0.00177469,0.0199675,0.0305411;-1.57186,-0.223654,-1.60342
-0.000740466,0.0269323,0.0301221;-1.57639,-0.299939,-1.59985
-0.00445303,0.0139112,0.0288497;-1.57109,-0.163639,-1.58389
-0.00573817,0.00165391,0.0297474;-1.55907,-0.0896877,-1.55064
-0.00690075,-0.0124831,0.0330857;-1.55276,-0.0292944,-1.51512
-0.00534158,-0.0143614,0.0303536;-1.56145,-0.0349336,-1.54406
-0.00501627,-0.0127198,0.028723;-1.57112,-0.0514139,-1.5639
-0.00511571,-0.0124968,0.0286359;-1.56908,-0.0620712,-1.56921
-0.0047371,-0.011826,0.0286834;-1.57086,-0.0155698,-1.56589
-0.00547514,-0.0147086,0.0294599;-1.5683,0.00986932,-1.55179
-0.00660347,-0.0313488,0.0324643;-1.60536,0.054362,-1.53638
-0.00303322,-0.0593016,0.0366465;-1.4266,0.0414634,-1.57156
-0.00647644,-0.0548788,0.0352177;-1.47415,-0.0204891,-1.59645
-0.0101836,-0.0433786,0.0307584;-1.56518,-0.118555,-1.61114
-0.00968595,-0.0317727,0.0287125;-1.57071,-0.263236,-1.57695
-0.00920883,-0.0310372,0.0287728;-1.572,-0.201541,-1.56145
-0.010813,-0.0307934,0.0308074;-1.56766,-0.113804,-1.53713
-0.0115833,-0.035148,0.0319213;-1.5699,-0.0587426,-1.52422
-0.0108031,-0.0387707,0.0291638;-1.56917,-0.105291,-1.55597
-0.0112154,-0.0407143,0.0285876;-1.57068,-0.233244,-1.57033
-0.0113658,-0.0403927,0.0285927;-1.57076,-0.256835,-1.5715
-0.0116841,-0.0418087,0.0288692;-1.57109,-0.228803,-1.58466
-0.0125616,-0.0653033,0.0350876;-1.48927,-0.0193956,-1.59404
-0.0084906,-0.0792776,0.0381157;-1.3979,0.085094,-1.57534
-0.00747129,-0.0814614,0.0362746;-1.41879,0.0824496,-1.57872
-0.0138801,-0.0636715,0.0285996;-1.57247,-0.11871,-1.57473
-0.0153197,-0.0642052,0.0286374;-1.56801,-0.231203,-1.57009
-0.0155303,-0.0645697,0.0287497;-1.56236,-0.2478,-1.56854
-0.015798,-0.0679069,0.03024;-1.56606,-0.224012,-1.54372
-0.0173278,-0.0759362,0.0330391;-1.55588,-0.190546,-1.51249
-0.0171796,-0.0827623,0.0328988;-1.54522,-0.18451,-1.51621
-0.0177328,-0.0822612,0.0287255;-1.57101,-0.236828,-1.57839
-0.0207662,-0.0717113,0.0295525;-1.57519,-0.346647,-1.59133
-0.0221882,-0.0609691,0.0311998;-1.57744,-0.45857,-1.61318
-0.0221824,-0.0741014,0.0309588;-1.57373,-0.326945,-1.6075
-0.0186589,-0.0943301,0.0339962;-1.57233,-0.276138,-1.57328
-0.0106147,-0.122348,0.0366021;-1.45527,-0.251126,-1.50742
-0.0110643,-0.131606,0.0286961;-1.57143,-0.430571,-1.56544
-0.0105784,-0.132282,0.0285796;-1.57105,-0.506648,-1.57094
-0.0104442,-0.132013,0.0286068;-1.57059,-0.506235,-1.5692
-0.00965785,-0.130529,0.0287974;-1.56994,-0.400854,-1.56073
-0.010109,-0.128766,0.0305366;-1.5583,-0.307622,-1.53643
-0.00796207,-0.135429,0.0337587;-1.57533,-0.186551,-1.52351
0.000545255,-0.143498,0.0295007;-1.56853,-0.221825,-1.59218
-0.00341457,-0.137811,0.0301834;-1.56503,-0.306301,-1.59679
-0.00796464,-0.130169,0.0307893;-1.57204,-0.418423,-1.60703
-0.00847508,-0.130386,0.0290456;-1.56494,-0.425668,-1.58548
-0.00774599,-0.137723,0.0303175;-1.54222,-0.341896,-1.55416
-0.00620819,-0.149542,0.0343534;-1.50776,-0.255039,-1.51616
-0.0049251,-0.151942,0.028903;-1.56519,-0.265631,-1.55916
-0.00528788,-0.151867,0.0285767;-1.57075,-0.304164,-1.57123
-0.00656042,-0.151029,0.028747;-1.56668,-0.364533,-1.57339
-0.0067654,-0.15033,0.0285811;-1.57081,-0.439757,-1.57096
-0.00559425,-0.154353,0.0295383;-1.59209,-0.413889,-1.57442
0.00275155,-0.173014,0.0347498;-1.61189,-0.36666,-1.56761
0.0131426,-0.194096,0.0337477;-1.47601,-0.327481,-1.54209
0.0102814,-0.188732,0.0317586;-1.52149,-0.372606,-1.57682
0.00626146,-0.1814,0.0291859;-1.56473,-0.429673,-1.58461
0.00190536,-0.176053,0.0287426;-1.57075,-0.586375,-1.57848
0.00198644,-0.175387,0.0286992;-1.57076,-0.543931,-1.56496
0.000358246,-0.17595,0.0307001;-1.57563,-0.46059,-1.54035
0.0110701,-0.199315,0.0340703;-1.56437,-0.443805,-1.50788
0.0140032,-0.205843,0.0300877;-1.56346,-0.511191,-1.5441
0.0137,-0.207338,0.0285793;-1.57085,-0.54781,-1.57089
0.0117008,-0.199881,0.0289384;-1.57931,-0.789325,-1.58776
0.0117759,-0.199874,0.0290284;-1.57697,-0.796882,-1.59218
0.0141592,-0.202352,0.0298404;-1.57027,-0.725948,-1.59408
0.0299112,-0.218186,0.0391002;-1.39295,-0.476986,-1.45286
0.0316013,-0.22073,0.0372922;-1.41928,-0.508406,-1.47322
0.0269053,-0.217971,0.0310761;-1.51033,-0.567132,-1.54233
0.0201204,-0.212027,0.0285815;-1.57045,-0.781913,-1.57032
0.0200374,-0.212385,0.028589;-1.5711,-0.790214,-1.5704
0.020242,-0.213305,0.0289359;-1.56301,-0.797516,-1.55353
0.0238818,-0.221486,0.0336934;-1.53266,-0.690817,-1.48528
0.0315716,-0.227169,0.03101;-1.54403,-0.679955,-1.52931
0.0357314,-0.225026,0.0287721;-1.57565,-0.627207,-1.57918
0.0284204,-0.219975,0.0291269;-1.57332,-0.749501,-1.58734
0.0283782,-0.219845,0.0289552;-1.57519,-0.752453,-1.58961
0.0290349,-0.220396,0.0289917;-1.57669,-0.743782,-1.58974
0.0597819,-0.258377,0.03777;-1.3901,-0.644937,-1.43656
0.0675154,-0.270208,0.0359746;-1.39298,-0.716886,-1.44747
0.0619188,-0.269749,0.0293389;-1.54372,-0.779932,-1.55338
0.059122,-0.268102,0.0285803;-1.57121,-0.875594,-1.57143
0.0587571,-0.268025,0.0287519;-1.57056,-0.89523,-1.57896
0.0580963,-0.2677,0.0288569;-1.57088,-0.902743,-1.58408
0.0570347,-0.264468,0.0336969;-1.5948,-0.765899,-1.54932
0.0612664,-0.265471,0.0343336;-1.67036,-0.785613,-1.62944
0.065436,-0.269031,0.0297338;-1.61252,-0.780426,-1.6023
0.0628409,-0.269299,0.0291058;-1.55176,-0.901684,-1.56966
0.0574634,-0.266688,0.0289446;-1.55429,-1.02287,-1.56588
0.0571725,-0.266429,0.0290481;-1.5587,-1.02435,-1.57662
0.0606778,-0.26785,0.0301283;-1.51992,-0.944624,-1.53601
0.0756416,-0.278148,0.0355185;-1.47911,-0.74533,-1.45865
0.0753943,-0.279854,0.0307032;-1.56826,-0.806365,-1.5373
0.074251,-0.280349,0.0287175;-1.57108,-0.822928,-1.56432
0.0723218,-0.279735,0.0287077;-1.57113,-0.916506,-1.57732
0.0718399,-0.279314,0.0289706;-1.57719,-0.940864,-1.59077
0.0720941,-0.279222,0.0287342;-1.57086,-0.952213,-1.57819
0.0763942,-0.287362,0.0345228;-1.44334,-0.890652,-1.44039
0.0816588,-0.289627,0.0334003;-1.4243,-0.898108,-1.44909
0.0764414,-0.285886,0.0298544;-1.52797,-0.940233,-1.54649
0.0682957,-0.282324,0.029118;-1.54291,-1.03901,-1.55842
0.0653714,-0.282073,0.0288014;-1.56328,-1.11883,-1.57121
0.0654311,-0.282181,0.0286826;-1.56472,-1.11043,-1.5674
0.089113,-0.296882,0.0336083;-1.55938,-1.02579,-1.50067
0.106466,-0.304964,0.0310203;-1.52519,-1.07437,-1.49857
0.107222,-0.306926,0.0286027;-1.57521,-1.14396,-1.57502
0.107748,-0.30655,0.0288689;-1.58482,-1.12795,-1.59112
0.106193,-0.30553,0.0287085;-1.57063,-1.1679,-1.57678
0.105631,-0.305436,0.0287721;-1.57016,-1.16301,-1.57937
0.109682,-0.309255,0.0354545;-1.46096,-0.940453,-1.45212
0.12261,-0.315905,0.0377475;-1.38612,-0.827103,-1.41001
0.126832,-0.314973,0.034403;-1.40337,-0.842419,-1.44676
0.116146,-0.311532,0.0294136;-1.53907,-0.973226,-1.55846
0.111037,-0.310607,0.0289217;-1.55578,-1.04825,-1.56656
0.108382,-0.309791,0.0286193;-1.57068,-1.14108,-1.57253
0.107789,-0.309407,0.031001;-1.53908,-1.0637,-1.51091
0.111044,-0.31132,0.0349135;-1.60533,-0.971494,-1.55344
0.117131,-0.312386,0.0342054;-1.65255,-0.929519,-1.61705
0.116713,-0.314686,0.0287931;-1.57003,-0.931967,-1.58016
0.115459,-0.314503,0.0288231;-1.56284,-0.954483,-1.57126
0.114072,-0.313953,0.0288559;-1.5566,-1.00391,-1.56426
0.121893,-0.319034,0.0315425;-1.51497,-0.974861,-1.54445
0.148056,-0.338857,0.0377684;-1.32744,-0.887617,-1.38366
0.166265,-0.351401,0.0384435;-1.30453,-0.835984,-1.36645
0.149882,-0.348329,0.0288577;-1.5619,-0.986201,-1.57154
0.148274,-0.347604,0.0286635;-1.56625,-1.02911,-1.56849
0.146766,-0.347761,0.0285746;-1.5712,-1.10556,-1.57119
0.14721,-0.348363,0.0286807;-1.57784,-1.08325,-1.57861
0.148244,-0.34911,0.0308201;-1.62617,-1.09751,-1.60448
0.154318,-0.35319,0.0347542;-1.64578,-1.06292,-1.59302
0.164519,-0.357702,0.0288881;-1.54325,-1.17366,-1.54924
0.160865,-0.358207,0.0290091;-1.53876,-1.27585,-1.55123
0.159324,-0.35781,0.0290808;-1.5321,-1.30695,-1.54794
0.157409,-0.355517,0.030906;-1.48303,-1.30863,-1.51765
0.16254,-0.358734,0.0358257;-1.24567,-1.19639,-1.27822
0.170791,-0.364935,0.039694;-1.27245,-1.08372,-1.27676
0.171328,-0.37123,0.0286326;-1.57104,-1.06502,-1.57437
0.170671,-0.370981,0.02885;-1.57646,-1.08932,-1.58587
0.171133,-0.370967,0.0287251;-1.57083,-1.08937,-1.57781
0.172047,-0.371918,0.0287092;-1.56955,-1.06768,-1.57594
0.172787,-0.373985,0.0297038;-1.53865,-1.05717,-1.53202
0.175535,-0.377849,0.0338662;-1.46128,-0.985358,-1.44473
0.19549,-0.384786,0.0327544;-1.4504,-0.825855,-1.48475
0.191995,-0.381133,0.0302755;-1.51853,-0.853349,-1.54869
0.185925,-0.378538,0.0317759;-1.51422,-0.889799,-1.56304
0.173267,-0.37421,0.02958;-1.55985,-1.02116,-1.58672
0.171326,-0.375085,0.0293678;-1.56021,-1.05272,-1.5722
0.176093,-0.382795,0.0333285;-1.567,-1.05045,-1.56524
0.207309,-0.402144,0.0317214;-1.544,-1.076,-1.55297
0.206758,-0.400994,0.0292785;-1.62528,-1.11143,-1.62424
0.208322,-0.403663,0.0288701;-1.5824,-1.03579,-1.58861
0.209792,-0.406347,0.0286853;-1.57067,-0.958231,-1.57567
0.210625,-0.406356,0.0287155;-1.56327,-0.916664,-1.5667
0.213836,-0.409152,0.0298296;-1.55003,-0.832061,-1.55696
0.248004,-0.432287,0.0384362;-1.37142,-0.676118,-1.43869
0.251022,-0.430937,0.0372854;-1.36719,-0.71678,-1.45102
0.245184,-0.427598,0.0357535;-1.41258,-0.803415,-1.49287
0.225633,-0.421262,0.0308905;-1.55003,-0.984808,-1.58787
0.222851,-0.419919,0.0303309;-1.56083,-1.00796,-1.59565
0.223334,-0.42023,0.0301647;-1.54719,-0.974877,-1.57118
0.223022,-0.424924,0.0370041;-1.54468,-0.787617,-1.51284
0.22868,-0.431394,0.0316261;-1.51241,-0.742915,-1.50379
0.227349,-0.431253,0.028808;-1.55524,-0.783788,-1.56009
0.223408,-0.429297,0.0291726;-1.54448,-0.892552,-1.56211
0.221439,-0.426949,0.0290606;-1.56065,-0.932295,-1.58011
0.221955,-0.426436,0.0307104;-1.54303,-0.932058,-1.58118
0.244028,-0.436096,0.0415326;-1.27495,-0.759067,-1.37716
0.249102,-0.437462,0.0402592;-1.30982,-0.738932,-1.41704
0.248754,-0.437135,0.038368;-1.36185,-0.71717,-1.46908
0.23538,-0.434719,0.0343087;-1.53246,-0.801959,-1.61183
0.226229,-0.431504,0.0329859;-1.56677,-0.868535,-1.6345
0.226091,-0.430929,0.0304598;-1.56539,-0.868263,-1.60188
0.226091,-0.430929,0.0304598;-1.56539,-0.868263,-1.60188
0.228988,-0.43619,0.0304519;-1.61595,-0.852147,-1.61377
0.228988,-0.43619,0.0304519;-1.61595,-0.852147,-1.61377
