0,0,0.11;-1.57,-2.98023e-08,-1.57
0,0,0.11;-1.57,-2.98023e-08,-1.57
0,0,0.11;-1.57,-2.98023e-08,-1.57
0.000293815,0.0077358,0.0286372;-1.56799,-0.158617,-1.57033
0.000325028,0.00766334,0.0289366;-1.56329,-0.14371,-1.56003
-0.000322334,0.00675114,0.0308882;-1.56599,-0.152251,-1.53276
-0.00098524,0.00547348,0.0322936;-1.55093,-0.136683,-1.52555
-0.000217221,0.0159762,0.0291123;-1.56511,-0.258373,-1.58975
-0.002229,0.0287666,0.028933;-1.56392,-0.38615,-1.57979
-0.00312545,0.0310761,0.0289312;-1.56366,-0.441768,-1.57855
-0.00277981,0.0302222,0.0288018;-1.56157,-0.418665,-1.56968
-0.00314189,0.0281198,0.0301223;-1.56084,-0.399099,-1.54453
-0.00398216,0.0226415,0.0326406;-1.5735,-0.347606,-1.50966
-0.00140546,0.01915,0.030893;-1.54801,-0.371442,-1.53721
-0.00218111,0.0200791,0.0286346;-1.5681,-0.408681,-1.56953
-0.0026638,0.0209504,0.0285839;-1.57077,-0.446959,-1.57103
-0.00230301,0.0211848,0.0286683;-1.57075,-0.423713,-1.56626
-0.00231637,0.0210047,0.0297591;-1.56695,-0.420305,-1.54638
-0.00351765,0.0199217,0.0328922;-1.57316,-0.4087,-1.5081
-0.00189781,0.0192195,0.0348642;-1.5073,-0.391071,-1.49697
0.00244987,0.020392,0.0346219;-1.44622,-0.438649,-1.52178
0.000297508,0.0264169,0.0336521;-1.4851,-0.491175,-1.56307
-0.00180974,0.0361148,0.0327171;-1.53468,-0.546505,-1.60373
-0.000210101,0.0361392,0.0336461;-1.52953,-0.539559,-1.61083
0.00256791,0.0312122,0.0378873;-1.41396,-0.516002,-1.53355
0.00487184,0.0269177,0.0416667;-1.33709,-0.499004,-1.49704
0.0086928,0.0252631,0.0421319;-1.36073,-0.479548,-1.54208
0.00325018,0.032996,0.0397969;-1.52005,-0.524983,-1.67255
-0.00135954,0.0356853,0.0391478;-1.50359,-0.579787,-1.65043
-0.00250735,0.0364188,0.035797;-1.51077,-0.587688,-1.61724
0.00934743,0.0283983,0.0389082;-1.37566,-0.471292,-1.49854
0.0126471,0.0166928,0.0396482;-1.37277,-0.425821,-1.47857
0.0188545,0.00848836,0.0375806;-1.39501,-0.373761,-1.50991
0.023408,0.00616975,0.0321561;-1.50179,-0.32026,-1.56897
0.0230247,0.00748545,0.0308468;-1.52013,-0.323267,-1.57192
0.0272818,0.00323686,0.0295957;-1.53839,-0.255262,-1.57133
0.0271629,0.00154003,0.0319603;-1.49739,-0.243358,-1.54731
0.0248431,0.000273697,0.0339894;-1.49871,-0.260344,-1.51388
0.0240256,0.00135286,0.0351419;-1.4922,-0.2837,-1.50161
0.0233638,0.00254539,0.0292269;-1.54387,-0.33778,-1.56739
0.0192825,0.0066688,0.0294121;-1.53981,-0.391657,-1.57021
0.0117759,0.0118198,0.0291795;-1.54994,-0.514029,-1.57122
0.0129718,0.0103028,0.0301161;-1.53652,-0.50968,-1.56758
0.0184552,0.0053619,0.0342281;-1.45828,-0.441923,-1.52153
0.0223882,-0.00223786,0.0374753;-1.4124,-0.38724,-1.48622
0.031474,-0.00488201,0.0342829;-1.44536,-0.328892,-1.53677
0.0317281,-0.00277243,0.033596;-1.45724,-0.331588,-1.54573
0.0327364,-0.00294472,0.0344494;-1.44247,-0.324686,-1.53868
0.0321968,-0.00444772,0.032176;-1.4848,-0.329564,-1.54519
0.0298958,-0.00440961,0.0336588;-1.46496,-0.348542,-1.52599
0.0273525,-0.00481215,0.0368486;-1.44495,-0.340438,-1.48963
0.0229359,-0.00673267,0.0337821;-1.45304,-0.417373,-1.53055
0.0197195,-0.000123817,0.0337105;-1.51789,-0.449798,-1.60437
0.0168336,0.00839188,0.037807;-1.52554,-0.505992,-1.65799
0.0247114,0.00121497,0.0386139;-1.47276,-0.429334,-1.62067
0.0306944,-0.00281636,0.0393912;-1.41381,-0.369336,-1.57094
0.0336219,-0.0081535,0.0400925;-1.37847,-0.318499,-1.52965
0.0376052,-0.00675226,0.0423952;-1.37109,-0.358298,-1.57531
0.0377718,-0.00539209,0.0433235;-1.41045,-0.369349,-1.62196
0.0365722,-0.00103933,0.0431098;-1.49084,-0.38562,-1.69534
0.0337963,-0.00613293,0.0406443;-1.5016,-0.378889,-1.67659
0.0354381,-0.00798006,0.0374273;-1.46258,-0.351547,-1.59818
0.0375398,-0.012501,0.0365933;-1.4161,-0.291337,-1.52631
0.036276,-0.0131767,0.0382717;-1.37202,-0.304929,-1.50426
0.0384216,-0.0143718,0.0387151;-1.38052,-0.300317,-1.53513
0.0382967,-0.0111651,0.0389574;-1.4539,-0.328443,-1.60847
0.0378963,-0.00841592,0.0385514;-1.5261,-0.334443,-1.67688
0.0398631,-0.0115141,0.038073;-1.52859,-0.301807,-1.67104
0.0401119,-0.016554,0.0367886;-1.49692,-0.272607,-1.62633
0.0392821,-0.0197974,0.0417082;-1.4031,-0.271903,-1.5615
0.0431809,-0.0233231,0.0399529;-1.43595,-0.301757,-1.60774
0.0445512,-0.0201744,0.0381423;-1.52256,-0.293422,-1.66375
0.0394985,0.00162052,0.0379279;-1.581,-0.45713,-1.68358
0.0423249,-0.00171337,0.0377661;-1.60648,-0.418622,-1.68901
0.0422174,-0.00275173,0.0365227;-1.60932,-0.407965,-1.66957
0.0385369,-0.000966471,0.0458422;-1.58205,-0.35675,-1.58421
0.0379769,-0.0110396,0.0462669;-1.49256,-0.392322,-1.61389
0.0391069,-0.0116439,0.03933;-1.46185,-0.416175,-1.61583
0.037968,-0.00707083,0.0397017;-1.55516,-0.425998,-1.69305
0.0387344,-0.00787364,0.0370315;-1.54324,-0.431984,-1.66438
0.0380235,-0.00784307,0.0365088;-1.52241,-0.442576,-1.64141
0.0387642,-0.0352545,0.0394869;-1.38071,-0.269982,-1.5251
0.0395641,-0.0405992,0.0409523;-1.37132,-0.273433,-1.55695
0.0365202,-0.038915,0.0403584;-1.39706,-0.302245,-1.5758
0.0343697,-0.0253669,0.0416907;-1.51892,-0.374383,-1.70047
0.0335268,-0.0245973,0.0404863;-1.50933,-0.387911,-1.67894
0.0329976,-0.0250467,0.0399231;-1.49458,-0.393399,-1.66012
0.0272076,-0.0474326,0.0396219;-1.37633,-0.252227,-1.53222
0.028775,-0.0506061,0.0389753;-1.40147,-0.247274,-1.56369
0.0270924,-0.0457627,0.0388506;-1.45396,-0.296079,-1.61268
0.0260121,-0.0344476,0.0381882;-1.56944,-0.344027,-1.68023
0.0223294,-0.0303028,0.0384337;-1.60275,-0.383493,-1.6869
0.0188909,-0.0258228,0.0369494;-1.61648,-0.412112,-1.67526
0.0141052,-0.0494855,0.0289185;-1.57928,-0.220283,-1.58049
0.015725,-0.0502084,0.0293382;-1.56111,-0.224825,-1.5691
0.0150834,-0.0501809,0.0301709;-1.5441,-0.251417,-1.56229
0.0171266,-0.0427124,0.030082;-1.57971,-0.320576,-1.60024
0.0186671,-0.0408592,0.0322935;-1.58544,-0.333526,-1.62295
0.0168444,-0.0496861,0.0315084;-1.56405,-0.264664,-1.6128
0.0152863,-0.061097,0.0302676;-1.56363,-0.169161,-1.59952
0.0147361,-0.0681188,0.034141;-1.47787,-0.109932,-1.54429
0.0154044,-0.0687231,0.0340014;-1.46408,-0.136289,-1.55563
0.0133708,-0.0634062,0.0334922;-1.48439,-0.19318,-1.57886
0.0114034,-0.0481497,0.0387797;-1.53063,-0.293137,-1.68111
0.00812757,-0.048709,0.0384355;-1.51917,-0.324815,-1.66525
0.00524018,-0.0491158,0.0343529;-1.50215,-0.341477,-1.60031
0.00575639,-0.0570951,0.0330018;-1.51623,-0.241084,-1.52424
0.00688433,-0.0588307,0.0317695;-1.52054,-0.230154,-1.5399
0.00863966,-0.0582991,0.0291577;-1.54721,-0.247884,-1.56731
0.00368496,-0.0477208,0.029645;-1.56227,-0.399217,-1.58851
0.00135758,-0.0433747,0.0316207;-1.56073,-0.457069,-1.61148
0.00189817,-0.0460522,0.0348088;-1.54668,-0.436332,-1.64254
0.00586082,-0.0695083,0.0375765;-1.44129,-0.255123,-1.56803
0.00655703,-0.0742644,0.0376865;-1.40517,-0.24158,-1.54415
0.00348817,-0.0692594,0.0367802;-1.4209,-0.30662,-1.55017
-0.00443843,-0.057291,0.0360696;-1.49341,-0.426485,-1.60928
-0.00926119,-0.04978,0.0365736;-1.52894,-0.498515,-1.64516
-0.0110719,-0.045185,0.0345079;-1.52571,-0.549574,-1.61697
-0.0201063,-0.0412211,0.0335366;-1.486,-0.645728,-1.53868
-0.0223199,-0.0423473,0.0338107;-1.46566,-0.640127,-1.50748
-0.0226933,-0.0442366,0.0351626;-1.42571,-0.629062,-1.50096
-0.0207952,-0.0443527,0.0297363;-1.55216,-0.590557,-1.58072
-0.0184785,-0.0457937,0.0324149;-1.53036,-0.565521,-1.5947
-0.0163778,-0.0453509,0.0330601;-1.52409,-0.558886,-1.6016
-0.0143587,-0.043826,0.0346854;-1.50797,-0.551235,-1.60062
-0.0109771,-0.0488561,0.0404398;-1.38747,-0.509564,-1.53727
-0.00868232,-0.0538983,0.0415432;-1.33471,-0.492974,-1.49988
-0.00806595,-0.0532462,0.0374357;-1.46913,-0.482644,-1.60089
-0.0100712,-0.0496006,0.036814;-1.52023,-0.508204,-1.6397
-0.00815362,-0.0501233,0.0376327;-1.52003,-0.487051,-1.65162
-0.0127312,-0.0489152,0.0367601;-1.50856,-0.542894,-1.63497
-0.0147312,-0.0480192,0.0367379;-1.48697,-0.540574,-1.59458
-0.00968419,-0.055448,0.0403857;-1.36738,-0.459154,-1.51527
-0.00905565,-0.056743,0.0360816;-1.47378,-0.454687,-1.5871
-0.0123635,-0.0520754,0.034697;-1.55019,-0.488445,-1.64226
-0.0122258,-0.0460637,0.0359507;-1.54216,-0.533421,-1.64843
-0.00513875,-0.0477688,0.0390319;-1.51921,-0.485939,-1.67441
-0.000163076,-0.0519466,0.0413404;-1.44612,-0.441243,-1.6305
0.00476574,-0.0594786,0.0435132;-1.36086,-0.390735,-1.56456
0.00306906,-0.0597096,0.0430562;-1.39978,-0.443098,-1.60027
-0.00201801,-0.0542235,0.0417502;-1.49308,-0.489263,-1.67515
-0.00792501,-0.046253,0.0409161;-1.54329,-0.54586,-1.70147
-0.00881177,-0.0437101,0.0411667;-1.50001,-0.583795,-1.67536
-0.0109669,-0.046678,0.0413208;-1.4529,-0.58904,-1.6253
-0.00594194,-0.0535987,0.0433016;-1.34725,-0.506789,-1.53502
-0.00982171,-0.0515788,0.0446787;-1.32936,-0.595276,-1.52366
-0.0142294,-0.0469629,0.0413407;-1.44165,-0.631556,-1.60033
-0.0171116,-0.0393807,0.0363859;-1.55073,-0.670402,-1.65156
-0.0150098,-0.0368645,0.0361012;-1.56285,-0.660835,-1.65473
-0.015293,-0.0395609,0.0364626;-1.60907,-0.630267,-1.67922
-0.0172501,-0.0477226,0.0357113;-1.50196,-0.614194,-1.58905
-0.0109577,-0.0564914,0.0384621;-1.39628,-0.53179,-1.52163
-0.0126085,-0.0538155,0.0374991;-1.46976,-0.570615,-1.59211
-0.0188555,-0.0476842,0.0357948;-1.57664,-0.630483,-1.65858
-0.0170801,-0.0457048,0.0320366;-1.57029,-0.627384,-1.6229
-0.0160914,-0.0536058,0.0332952;-1.55211,-0.575985,-1.62871
-0.0198006,-0.0581533,0.0336981;-1.53354,-0.575081,-1.60255
-0.0156844,-0.0608159,0.0362293;-1.41538,-0.514522,-1.50093
-0.0126558,-0.0614503,0.0370185;-1.4186,-0.509515,-1.53108
-0.0190475,-0.0538208,0.0348654;-1.53222,-0.603765,-1.62137
-0.0275167,-0.0382344,0.0318876;-1.58965,-0.742749,-1.62553
-0.0288559,-0.0371214,0.0291531;-1.57812,-0.762089,-1.58958
-0.0288381,-0.0393819,0.028692;-1.57575,-0.711858,-1.57565
-0.0292582,-0.0442642,0.0325116;-1.55922,-0.659807,-1.50609
-0.0291503,-0.0451696,0.0310964;-1.5437,-0.694816,-1.521
-0.02935,-0.0455914,0.0291381;-1.5344,-0.736591,-1.54632
-0.033518,-0.0389595,0.0293457;-1.58112,-0.855879,-1.59663
-0.0331632,-0.0390461,0.0293874;-1.57326,-0.846987,-1.59131
-0.0322624,-0.0411705,0.0291822;-1.57447,-0.821656,-1.58861
-0.0274003,-0.0552807,0.0324323;-1.50539,-0.683659,-1.50923
-0.0240129,-0.0596946,0.032826;-1.4669,-0.684578,-1.49703
-0.0238021,-0.0599869,0.0325431;-1.46041,-0.680736,-1.50168
-0.0247492,-0.0574577,0.0293708;-1.53206,-0.702795,-1.55404
-0.026199,-0.0562511,0.0292438;-1.55082,-0.727556,-1.57483
-0.0304727,-0.05387,0.0289241;-1.56441,-0.786777,-1.5786
-0.0308044,-0.0548189,0.0319533;-1.49337,-0.749476,-1.5054
-0.0310175,-0.0551084,0.0335068;-1.44569,-0.756642,-1.4792
-0.0310502,-0.0538728,0.0340521;-1.41737,-0.762022,-1.46965
-0.0240045,-0.0547968,0.034657;-1.49067,-0.703571,-1.57282
-0.0228821,-0.0546233,0.0348131;-1.50969,-0.700584,-1.59857
-0.0277214,-0.0525218,0.0334123;-1.4953,-0.76303,-1.56489
-0.0277214,-0.0525218,0.0334123;-1.4953,-0.76303,-1.56489
-0.0278806,-0.050858,0.0333687;-1.47488,-0.745381,-1.5345
-0.0278806,-0.050858,0.0333687;-1.47488,-0.745381,-1.5345
