0,0,0.11;-1.57,-2.98023e-08,-1.57
0,0,0.11;-1.57,-2.98023e-08,-1.57
0,0,0.11;-1.57,-2.98023e-08,-1.57
-7.37152e-05,0.00660928,0.0285865;-1.57063,-0.176824,-1.57042
-5.59212e-06,0.00671622,0.0286092;-1.57082,-0.153415,-1.56938
-0.000784151,0.00391132,0.0297379;-1.5627,-0.101398,-1.55502
-0.00149842,-0.0222925,0.0363858;-1.43191,-0.0396157,-1.54615
-0.00157888,-0.0175294,0.0287283;-1.5711,-0.124641,-1.56355
-0.00125317,-0.017708,0.028732;-1.56559,-0.104148,-1.57233
-0.00104886,-0.017938,0.0286956;-1.56525,-0.0922582,-1.57036
-0.000632819,-0.0178556,0.0288922;-1.57121,-0.0412464,-1.55536
-0.00248247,-0.0216902,0.0309154;-1.56795,0.00741042,-1.53807
-0.00533472,-0.0444485,0.0366252;-1.46827,0.106913,-1.5474
-0.00499276,-0.055043,0.0354886;-1.44087,0.0655484,-1.56823
-0.00562608,-0.0482304,0.0295034;-1.54739,0.0172917,-1.56657
-0.00538861,-0.0471103,0.028578;-1.57075,-0.000993312,-1.57062
-0.00475527,-0.0466662,0.028913;-1.56823,0.0377421,-1.55742
-0.00618376,-0.0474297,0.0305963;-1.57136,0.0858986,-1.53848
-0.0120084,-0.0630335,0.034233;-1.53462,0.186623,-1.53438
-0.0153313,-0.0877075,0.0393965;-1.38736,0.217663,-1.58934
-0.0148859,-0.0846834,0.0359359;-1.43201,0.158005,-1.58707
-0.0132229,-0.0752727,0.0286638;-1.57407,0.10537,-1.56323
-0.0123616,-0.0748369,0.0287557;-1.56229,0.131362,-1.5717
-0.0121178,-0.074201,0.0289545;-1.56887,0.163572,-1.55441
-0.0158483,-0.0773362,0.0315677;-1.58447,0.22361,-1.52619
-0.0230414,-0.0952529,0.0354645;-1.49189,0.29789,-1.56364
-0.0241232,-0.103619,0.0343055;-1.46061,0.254641,-1.59423
-0.0223193,-0.0974735,0.0285924;-1.56998,0.190869,-1.57115
-0.0221774,-0.0982288,0.0287147;-1.56494,0.213439,-1.57268
-0.021888,-0.0982845,0.028844;-1.56529,0.240773,-1.56482
-0.030963,-0.107414,0.0335119;-1.5808,0.358983,-1.51947
-0.0427116,-0.131641,0.0400084;-1.41722,0.447079,-1.60169
-0.0461954,-0.14238,0.039024;-1.36624,0.408935,-1.65227
-0.04145,-0.124958,0.028538;-1.56922,0.261964,-1.5708
-0.0411815,-0.124147,0.0286086;-1.56938,0.24007,-1.5711
-0.0412889,-0.124694,0.0288275;-1.55851,0.253663,-1.57364
-0.0440992,-0.125867,0.0313085;-1.58256,0.325629,-1.5277
-0.0560662,-0.140957,0.0362379;-1.54121,0.434705,-1.53486
-0.0668849,-0.163291,0.0398913;-1.38094,0.467565,-1.63989
-0.0631874,-0.153173,0.0284689;-1.58165,0.33398,-1.56246
-0.062091,-0.151782,0.0285922;-1.57102,0.294251,-1.57163
-0.0620354,-0.152395,0.0287759;-1.56294,0.307322,-1.57507
-0.062784,-0.152627,0.0294676;-1.57071,0.37972,-1.55272
-0.072633,-0.161797,0.033416;-1.57574,0.470925,-1.52645
-0.0901967,-0.184865,0.0407387;-1.41025,0.57907,-1.62493
-0.0935123,-0.185195,0.0339655;-1.46698,0.437812,-1.6247
-0.0898508,-0.175832,0.0286042;-1.57156,0.351493,-1.57234
-0.0896458,-0.174351,0.0286567;-1.56806,0.303992,-1.57259
-0.09032,-0.174657,0.0289316;-1.56912,0.344651,-1.55776
-0.097047,-0.180213,0.0322661;-1.58161,0.409341,-1.52817
-0.112482,-0.199378,0.0397357;-1.45967,0.526571,-1.59181
-0.112665,-0.207909,0.0381197;-1.40535,0.443908,-1.67871
-0.11114,-0.197221,0.03579;-1.46008,0.357703,-1.65943
-0.109216,-0.182597,0.0292663;-1.55633,0.257156,-1.58786
-0.110194,-0.18125,0.0290822;-1.56156,0.242166,-1.57174
-0.117449,-0.188515,0.032868;-1.54442,0.314581,-1.56311
-0.13047,-0.209581,0.0427553;-1.41059,0.422574,-1.62405
-0.132479,-0.220651,0.0417786;-1.34615,0.377839,-1.69805
-0.13084,-0.211693,0.0402453;-1.39086,0.308993,-1.68903
-0.130328,-0.196516,0.0329542;-1.52808,0.221471,-1.62664
-0.131305,-0.189963,0.0290455;-1.55277,0.170187,-1.57829
-0.133483,-0.193718,0.0315461;-1.53281,0.240858,-1.5755
-0.141872,-0.207834,0.0402468;-1.44681,0.323101,-1.59927
-0.147256,-0.224556,0.0421812;-1.33231,0.354947,-1.68095
-0.147808,-0.220516,0.0421025;-1.35034,0.296819,-1.68712
-0.147938,-0.207541,0.0370127;-1.44184,0.20621,-1.65007
-0.148414,-0.197535,0.0290837;-1.55751,0.142492,-1.5836
-0.14872,-0.198943,0.0291632;-1.55713,0.190944,-1.57573
-0.155005,-0.206346,0.0332753;-1.52649,0.258447,-1.56498
-0.174174,-0.241819,0.0418884;-1.33998,0.409993,-1.65531
-0.176491,-0.242733,0.0418333;-1.32793,0.344726,-1.67335
-0.176489,-0.228595,0.0364664;-1.43533,0.242814,-1.62994
-0.17654,-0.214736,0.0287596;-1.56874,0.0946623,-1.57752
-0.176688,-0.214924,0.0287177;-1.56466,0.113712,-1.57188
-0.178622,-0.215924,0.029677;-1.56873,0.16028,-1.55206
-0.200242,-0.255552,0.0420806;-1.41127,0.382545,-1.5984
-0.204494,-0.269211,0.0417086;-1.32601,0.333453,-1.66356
-0.19946,-0.260095,0.0399989;-1.38673,0.269001,-1.6614
-0.20061,-0.233223,0.0290701;-1.55715,0.089732,-1.58643
-0.201168,-0.231899,0.0289762;-1.55839,0.0665736,-1.58172
-0.202498,-0.233662,0.0293634;-1.56126,0.107394,-1.56477
-0.2213,-0.271415,0.0429473;-1.39287,0.319589,-1.60847
-0.22495,-0.283173,0.0429774;-1.3202,0.268431,-1.66506
-0.221464,-0.276198,0.0412452;-1.37405,0.225846,-1.66667
-0.223452,-0.250424,0.0318892;-1.55211,0.0574742,-1.6167
-0.22463,-0.245182,0.0291139;-1.5596,2.23219e-05,-1.58515
-0.225937,-0.245662,0.029242;-1.56005,0.0194542,-1.56547
-0.240101,-0.273156,0.0434335;-1.43524,0.207761,-1.57935
-0.24181,-0.287592,0.0423496;-1.34338,0.17767,-1.64459
-0.239751,-0.283973,0.0412116;-1.3714,0.156705,-1.64598
-0.245037,-0.256536,0.0316592;-1.54383,-0.044031,-1.60819
-0.246596,-0.251985,0.0292287;-1.55425,-0.0989262,-1.58329
-0.247494,-0.251937,0.0288809;-1.55665,-0.0933749,-1.56881
-0.254969,-0.273551,0.04113;-1.45723,0.0724035,-1.56229
-0.254975,-0.289327,0.0408723;-1.36066,0.0916486,-1.61364
-0.254453,-0.290507,0.0418039;-1.35652,0.105661,-1.6241
-0.259465,-0.272753,0.0358137;-1.47303,-0.042708,-1.61544
-0.263345,-0.257138,0.0289453;-1.56487,-0.181292,-1.58132
-0.263019,-0.257978,0.0290391;-1.55844,-0.15502,-1.57836
-0.264181,-0.264308,0.0312744;-1.53499,-0.094646,-1.56942
-0.273332,-0.307944,0.0442514;-1.36159,0.0796061,-1.58707
-0.273693,-0.313946,0.0436276;-1.32627,0.0416829,-1.62069
-0.275017,-0.305574,0.0421927;-1.37207,-0.0275771,-1.62862
-0.282211,-0.280685,0.0290282;-1.56412,-0.202189,-1.58473
-0.283174,-0.279598,0.0291157;-1.55583,-0.227938,-1.57847
-0.283927,-0.280328,0.0290606;-1.56152,-0.192991,-1.56071
-0.292474,-0.318037,0.0424373;-1.42614,0.0183695,-1.5527
-0.292146,-0.334725,0.0415515;-1.35045,-0.00417615,-1.59032
-0.290865,-0.328306,0.0405662;-1.39028,-0.0526167,-1.61253
-0.300019,-0.304719,0.031254;-1.55337,-0.226212,-1.60422
-0.302354,-0.300142,0.029168;-1.55687,-0.283838,-1.58185
-0.303361,-0.300957,0.0290739;-1.55972,-0.265524,-1.56426
-0.309171,-0.328259,0.0429985;-1.44893,-0.0923964,-1.54176
-0.308171,-0.344236,0.0417963;-1.35968,-0.0831436,-1.57824
-0.307368,-0.342263,0.0417272;-1.37062,-0.105922,-1.60325
-0.317164,-0.318791,0.0319967;-1.54919,-0.282439,-1.61088
-0.319768,-0.313242,0.0292956;-1.55532,-0.343891,-1.58145
-0.320675,-0.313381,0.0288975;-1.55719,-0.329662,-1.56834
-0.324043,-0.333715,0.0405966;-1.46698,-0.161185,-1.54203
-0.321845,-0.349657,0.0435563;-1.3855,-0.11789,-1.55213
-0.318904,-0.354333,0.0422878;-1.35047,-0.129284,-1.58132
-0.32626,-0.337039,0.0348458;-1.48653,-0.270212,-1.60681
-0.331565,-0.327235,0.0298601;-1.56441,-0.352395,-1.59409
-0.332772,-0.326042,0.0292173;-1.55297,-0.367434,-1.57823
-0.333086,-0.33827,0.0372682;-1.47376,-0.260674,-1.544
-0.334717,-0.356158,0.0446316;-1.41032,-0.172454,-1.53261
-0.332076,-0.362075,0.0423501;-1.34001,-0.204103,-1.55502
-0.333222,-0.34786,0.0394;-1.41997,-0.316142,-1.59028
-0.340077,-0.337933,0.0356956;-1.50209,-0.394351,-1.61493
-0.345929,-0.329621,0.0293749;-1.55768,-0.482695,-1.58222
-0.349028,-0.337143,0.0318326;-1.5319,-0.411001,-1.54576
-0.348961,-0.355988,0.0400308;-1.45572,-0.29048,-1.52363
-0.347387,-0.375967,0.0436132;-1.3749,-0.224148,-1.52197
-0.346774,-0.370952,0.0412853;-1.37812,-0.334356,-1.57003
-0.352695,-0.361753,0.0377553;-1.45198,-0.409926,-1.58945
-0.36114,-0.351615,0.0301471;-1.56346,-0.496539,-1.59753
-0.363451,-0.351953,0.029813;-1.55003,-0.493321,-1.55662
-0.363433,-0.362014,0.0364678;-1.49073,-0.406085,-1.52738
-0.363314,-0.382381,0.0452827;-1.41525,-0.302689,-1.50812
-0.360276,-0.385952,0.0410945;-1.37043,-0.372196,-1.54916
-0.364955,-0.376994,0.0381384;-1.43206,-0.442998,-1.57198
-0.374672,-0.366443,0.03266;-1.53779,-0.540186,-1.60627
-0.382424,-0.363591,0.030324;-1.54041,-0.593329,-1.5557
-0.381246,-0.371035,0.0358193;-1.48269,-0.500358,-1.52417
-0.378697,-0.388859,0.0442374;-1.42109,-0.397956,-1.49876
-0.374243,-0.400181,0.0392623;-1.38991,-0.410934,-1.53505
-0.376261,-0.394701,0.0368811;-1.44832,-0.446371,-1.57293
-0.380652,-0.386905,0.0337111;-1.53026,-0.503185,-1.61431
-0.387263,-0.38531,0.0343112;-1.4753,-0.55811,-1.54888
-0.389557,-0.392376,0.0358895;-1.4539,-0.50514,-1.51397
-0.390273,-0.405923,0.04089;-1.45635,-0.393118,-1.49682
-0.382506,-0.41973,0.0402912;-1.36689,-0.342993,-1.53023
-0.38155,-0.416753,0.0384902;-1.41357,-0.356045,-1.56374
-0.386602,-0.405938,0.0346402;-1.51404,-0.434297,-1.61387
-0.394881,-0.397493,0.032491;-1.50522,-0.538539,-1.5658
-0.394897,-0.402107,0.0359871;-1.44626,-0.494589,-1.53935
-0.393594,-0.421477,0.0383335;-1.3977,-0.39809,-1.50562
-0.382794,-0.44334,0.0403478;-1.35401,-0.286385,-1.51863
-0.381313,-0.440186,0.0389572;-1.39399,-0.294765,-1.555
-0.383561,-0.432727,0.0373234;-1.45398,-0.341703,-1.59236
-0.389529,-0.420596,0.0358893;-1.50901,-0.440605,-1.61869
-0.389012,-0.422019,0.0371855;-1.4434,-0.438157,-1.56659
-0.386152,-0.429095,0.04152;-1.36689,-0.385242,-1.54125
-0.38489,-0.460284,0.0418654;-1.33767,-0.26506,-1.52481
-0.383028,-0.459866,0.0419671;-1.34439,-0.267925,-1.54721
-0.384703,-0.453765,0.0401127;-1.3874,-0.313604,-1.57217
-0.394919,-0.436095,0.0354708;-1.52706,-0.454297,-1.63074
-0.397687,-0.434291,0.0337176;-1.49896,-0.489231,-1.58044
-0.395531,-0.437899,0.0379677;-1.43042,-0.451717,-1.56039
-0.395988,-0.463952,0.0448806;-1.38369,-0.309714,-1.51244
-0.393287,-0.470121,0.0429323;-1.33044,-0.326686,-1.53271
-0.394045,-0.466159,0.0421535;-1.35746,-0.357023,-1.55598
-0.404069,-0.447552,0.0346501;-1.53228,-0.493996,-1.62649
-0.408334,-0.444868,0.0357147;-1.4943,-0.554658,-1.59551
-0.409795,-0.446086,0.0357118;-1.4579,-0.555836,-1.55267
-0.407774,-0.469179,0.0437897;-1.40318,-0.379711,-1.50283
-0.402828,-0.480707,0.0423889;-1.33377,-0.369305,-1.52231
-0.400148,-0.481832,0.0414365;-1.35715,-0.342228,-1.54697
-0.409323,-0.462817,0.0350425;-1.53596,-0.47772,-1.63578
-0.410051,-0.461586,0.0364893;-1.49839,-0.497686,-1.61195
-0.406319,-0.46979,0.040535;-1.38676,-0.448537,-1.55007
-0.406319,-0.46979,0.040535;-1.38676,-0.448537,-1.55007
-0.40671,-0.484421,0.0433158;-1.32319,-0.3968,-1.51778
-0.40671,-0.484421,0.0433158;-1.32319,-0.3968,-1.51778
