0,0,0.11;-1.57,-2.98023e-08,-1.57
0,0,0.11;-1.57,-2.98023e-08,-1.57
0,0,0.11;-1.57,-2.98023e-08,-1.57
-2.46912e-05,0.00525988,0.0286361;-1.56833,-0.12087,-1.57016
0.000315851,0.00539278,0.0287468;-1.57019,-0.0962164,-1.5629
-0.000639518,0.00377243,0.0304935;-1.57108,-0.0824341,-1.54042
-0.00108697,-0.00402545,0.0315093;-1.57829,-0.0594226,-1.53916
0.000199509,0.00208753,0.0299474;-1.57361,-0.175358,-1.59941
0.00110454,0.00728392,0.0315563;-1.5762,-0.233063,-1.61556
0.00248019,0.0114348,0.0323302;-1.58304,-0.286207,-1.62579
0.000293403,0.00061344,0.0309731;-1.58587,-0.185482,-1.6061
-0.00176398,-0.00551333,0.031002;-1.61941,-0.127145,-1.58024
-0.00467162,-0.0114996,0.0349306;-1.61796,-0.109644,-1.54899
-0.00571304,-0.0126185,0.0298402;-1.55917,-0.1667,-1.55439
-0.0058896,-0.0122297,0.0286844;-1.57101,-0.208435,-1.56577
-0.00592678,-0.0119843,0.0285985;-1.57044,-0.218072,-1.56986
-0.00569897,-0.0118841,0.0286059;-1.57011,-0.197149,-1.56919
-0.00582506,-0.0122258,0.0295603;-1.56571,-0.148544,-1.55509
-0.00698313,-0.0187603,0.0320236;-1.56797,-0.0752681,-1.53771
9.99053e-07,-0.0480073,0.0366766;-1.45246,-0.00866281,-1.57884
-0.000494469,-0.045143,0.0343115;-1.4976,-0.0777293,-1.59578
-0.00110798,-0.034549,0.0301347;-1.56905,-0.139121,-1.60359
-0.00108896,-0.0296074,0.0289258;-1.57531,-0.179934,-1.58352
-0.00100974,-0.0309834,0.0286513;-1.56758,-0.116269,-1.56974
-0.00160858,-0.0329757,0.030133;-1.55989,-0.0790392,-1.54805
-0.00151526,-0.0348364,0.0320475;-1.57303,-0.0496828,-1.53004
-6.48471e-05,-0.0396844,0.0289431;-1.56539,-0.0539295,-1.56381
-0.000167475,-0.0391088,0.0286128;-1.56912,-0.122808,-1.5711
-0.000516792,-0.0386874,0.0289084;-1.56147,-0.139884,-1.57588
-0.000652904,-0.0380729,0.0290006;-1.56515,-0.147895,-1.58459
-0.00126962,-0.0551578,0.0361003;-1.45994,-0.0207197,-1.56742
-0.00187641,-0.0778573,0.0405965;-1.34932,0.0245319,-1.56062
-6.25812e-05,-0.0801352,0.0385481;-1.38899,0.0335747,-1.57679
-0.00231283,-0.064733,0.0295294;-1.54627,-0.0418759,-1.59017
-0.00547934,-0.0593736,0.0292034;-1.55167,-0.102452,-1.57956
-0.00716674,-0.0573959,0.0290832;-1.5555,-0.150641,-1.57732
-0.00767682,-0.064237,0.0296162;-1.5593,-0.0757483,-1.56605
-0.00515498,-0.08922,0.0377363;-1.43909,0.0225209,-1.55192
-0.00203487,-0.106218,0.0407036;-1.35364,0.0467282,-1.56501
0.00104366,-0.101287,0.0357085;-1.43849,0.0401524,-1.59332
-0.00172709,-0.093342,0.0330088;-1.49371,-0.0234102,-1.59596
-0.00578817,-0.086162,0.0344001;-1.47187,-0.101905,-1.591
-0.012166,-0.0773485,0.0357251;-1.44903,-0.214826,-1.56688
-0.0115721,-0.0830863,0.0396535;-1.37781,-0.181762,-1.54291
-0.00830163,-0.100467,0.0436226;-1.3089,-0.124944,-1.52362
-0.00216519,-0.10221,0.0394108;-1.37596,-0.1099,-1.57402
-0.00231442,-0.095177,0.0370711;-1.44113,-0.137343,-1.59811
-0.00555901,-0.0875751,0.0358473;-1.51124,-0.19286,-1.63551
-0.00837608,-0.0809928,0.036405;-1.45453,-0.282692,-1.58308
-0.00883495,-0.0867207,0.0432779;-1.3255,-0.28513,-1.53757
-0.00933366,-0.0949607,0.0442107;-1.29744,-0.268785,-1.50894
-0.00633342,-0.0990603,0.0401117;-1.37876,-0.233699,-1.56599
-0.00630092,-0.0960743,0.0378853;-1.4358,-0.235488,-1.59163
-0.00987586,-0.0910461,0.0361409;-1.49857,-0.264361,-1.62702
-0.0157648,-0.0808297,0.0347401;-1.47384,-0.385083,-1.57092
-0.0160078,-0.0822214,0.0383329;-1.42138,-0.379965,-1.54888
-0.0153664,-0.08892,0.0434367;-1.35603,-0.361902,-1.51404
-0.0129019,-0.0927837,0.0412838;-1.37085,-0.369916,-1.55314
-0.0181985,-0.0848855,0.0321835;-1.53167,-0.423778,-1.59538
-0.0208472,-0.0771517,0.0291894;-1.56751,-0.484167,-1.58367
-0.0200587,-0.0775582,0.0291559;-1.56345,-0.47453,-1.5887
-0.0185137,-0.0803347,0.0310188;-1.5398,-0.446549,-1.56938
-0.0174986,-0.0915747,0.0392849;-1.46735,-0.406413,-1.53563
-0.0113093,-0.117802,0.0385586;-1.3983,-0.324007,-1.53043
-0.0127837,-0.117108,0.0343701;-1.46594,-0.338148,-1.55337
-0.0148242,-0.112668,0.0291075;-1.5641,-0.360303,-1.58755
-0.0159006,-0.11117,0.0288878;-1.56617,-0.389122,-1.57939
-0.0158462,-0.110738,0.0289086;-1.56135,-0.380043,-1.57407
-0.0157654,-0.111083,0.0299416;-1.56642,-0.352475,-1.56629
-0.00998309,-0.123758,0.0457316;-1.54076,-0.248718,-1.5778
-0.00224273,-0.130335,0.0401326;-1.48735,-0.242523,-1.59693
0.00306854,-0.13034,0.0347849;-1.51615,-0.226871,-1.62367
0.0062059,-0.127163,0.0362943;-1.50631,-0.235414,-1.63463
0.00410783,-0.123985,0.036734;-1.47619,-0.282142,-1.6071
0.0018888,-0.120815,0.0376448;-1.43521,-0.3259,-1.57272
0.00160942,-0.126083,0.0469691;-1.34667,-0.307144,-1.51467
0.005378,-0.12816,0.0454896;-1.33558,-0.312887,-1.53294
0.00653604,-0.128181,0.0422133;-1.35454,-0.318391,-1.55958
0.00513719,-0.121251,0.0373317;-1.51686,-0.308551,-1.65079
0.00489193,-0.120448,0.0377374;-1.47849,-0.316018,-1.61752
0.00509659,-0.119889,0.039971;-1.39668,-0.33134,-1.56664
0.00426462,-0.133259,0.0508178;-1.24513,-0.308008,-1.48755
0.00641751,-0.135026,0.049787;-1.23993,-0.341241,-1.49467
0.00749262,-0.128838,0.0444421;-1.31485,-0.346381,-1.54378
0.00873809,-0.124676,0.0389568;-1.51445,-0.28183,-1.66931
0.00682163,-0.124699,0.040063;-1.45164,-0.300802,-1.61951
0.00482622,-0.121756,0.0380005;-1.4522,-0.31875,-1.59207
-0.00434996,-0.124861,0.0483266;-1.40207,-0.337901,-1.5106
-0.0017297,-0.125802,0.0510637;-1.32106,-0.317524,-1.52101
0.000668412,-0.126037,0.0440369;-1.31044,-0.311596,-1.54147
0.00200306,-0.11902,0.031904;-1.54184,-0.285763,-1.60233
0.00481431,-0.123374,0.0346355;-1.51043,-0.245695,-1.6076
0.00562941,-0.126693,0.0389993;-1.41445,-0.256373,-1.57802
0.00198595,-0.132566,0.0473315;-1.36615,-0.279105,-1.51808
0.00374632,-0.134842,0.0506662;-1.32967,-0.277577,-1.53365
0.00427346,-0.134886,0.0490621;-1.31723,-0.2794,-1.53787
0.00445199,-0.131443,0.0386924;-1.45439,-0.272597,-1.60254
0.00398993,-0.132588,0.032903;-1.53379,-0.227888,-1.60861
0.00261201,-0.134098,0.0322006;-1.50045,-0.237933,-1.56712
-0.00026276,-0.135734,0.0336062;-1.48463,-0.256934,-1.5467
-0.00481946,-0.144329,0.0422583;-1.39457,-0.256823,-1.48815
-0.00142697,-0.144513,0.042463;-1.34041,-0.299038,-1.5065
-0.00144387,-0.13961,0.0353846;-1.44334,-0.317138,-1.54478
-0.000150014,-0.137671,0.0294165;-1.55491,-0.276322,-1.57887
0.00319384,-0.142698,0.0313868;-1.52713,-0.216069,-1.58144
0.00431688,-0.147408,0.0366422;-1.42874,-0.203689,-1.56024
-0.00466666,-0.154583,0.0429643;-1.38053,-0.220818,-1.49825
-0.00168625,-0.152874,0.0449633;-1.38039,-0.266468,-1.52857
0.00148083,-0.146407,0.0368862;-1.43389,-0.287509,-1.56267
0.00377769,-0.145823,0.0321224;-1.55269,-0.225183,-1.61007
0.00286872,-0.149495,0.030014;-1.55818,-0.206198,-1.58789
0.00164651,-0.148522,0.0311774;-1.52586,-0.222934,-1.5681
0.000259423,-0.154483,0.0491492;-1.48206,-0.169639,-1.55685
0.00195995,-0.158018,0.0515994;-1.46569,-0.202193,-1.56873
0.00502096,-0.153079,0.0462465;-1.45246,-0.255183,-1.58423
0.0145002,-0.137237,0.0353217;-1.56098,-0.260801,-1.6381
0.0156259,-0.138838,0.0360788;-1.56532,-0.233936,-1.65627
0.0135392,-0.135465,0.0382842;-1.56477,-0.26017,-1.61347
0.00292477,-0.127459,0.0459744;-1.54229,-0.24654,-1.53736
0.00600744,-0.132607,0.0457555;-1.4656,-0.234458,-1.52137
0.0128173,-0.14125,0.0407644;-1.36345,-0.265963,-1.51197
0.00827711,-0.132583,0.028808;-1.56151,-0.343239,-1.57013
0.00804174,-0.131667,0.028821;-1.5662,-0.349364,-1.57672
0.00810439,-0.131166,0.0289675;-1.56028,-0.342699,-1.56908
0.0118933,-0.133948,0.0421985;-1.56107,-0.267426,-1.56221
0.016032,-0.140658,0.050137;-1.51526,-0.230803,-1.5576
0.0219285,-0.14544,0.0525477;-1.49164,-0.251365,-1.57769
0.0254478,-0.129129,0.0360324;-1.7185,-0.291993,-1.63012
0.0265353,-0.127543,0.0360632;-1.67513,-0.302194,-1.64063
0.0264645,-0.127092,0.0350353;-1.70241,-0.299113,-1.62012
0.0228702,-0.12735,0.0395473;-1.78419,-0.232772,-1.62819
0.0191958,-0.120286,0.0427238;-1.82859,-0.227655,-1.61304
0.0151679,-0.116562,0.0425953;-1.80835,-0.219079,-1.59603
0.0199683,-0.113837,0.0313138;-1.61735,-0.272325,-1.59062
0.0215769,-0.115984,0.0311761;-1.5681,-0.270772,-1.59818
0.0245505,-0.118672,0.0323106;-1.56338,-0.249029,-1.61755
0.0238184,-0.136695,0.0400295;-1.51197,-0.175891,-1.59348
0.0198383,-0.144824,0.0481562;-1.45822,-0.175834,-1.56712
0.0181202,-0.146709,0.0508189;-1.4807,-0.171987,-1.55802
0.0240108,-0.141413,0.0450974;-1.49383,-0.215075,-1.59832
0.0267055,-0.129213,0.0337816;-1.64896,-0.233905,-1.61851
0.0274002,-0.129428,0.0344754;-1.58677,-0.232433,-1.63927
0.0236598,-0.136531,0.0364465;-1.65081,-0.157692,-1.61016
0.0239945,-0.147122,0.04672;-1.51033,-0.123004,-1.57519
0.0212797,-0.166335,0.0536411;-1.30126,-0.107394,-1.53493
0.0311188,-0.167709,0.0514746;-1.21599,-0.150056,-1.55939
0.0354089,-0.161997,0.0451659;-1.3447,-0.119219,-1.61345
0.0340701,-0.155904,0.0403862;-1.488,-0.121495,-1.65156
0.0252091,-0.167747,0.0408847;-1.41759,-0.0807039,-1.61216
0.0216616,-0.177937,0.0441638;-1.37825,-0.0830701,-1.58772
0.0182211,-0.177955,0.0471983;-1.38759,-0.0984196,-1.55473
0.0247854,-0.169333,0.0484844;-1.38135,-0.139742,-1.59559
0.030454,-0.162041,0.0418827;-1.43753,-0.171317,-1.63033
0.03142,-0.154367,0.0365948;-1.56708,-0.177078,-1.65618
0.0249702,-0.158104,0.0299701;-1.57878,-0.160216,-1.59411
0.0235665,-0.16479,0.0322005;-1.55282,-0.130818,-1.5769
0.0231225,-0.181437,0.042108;-1.37897,-0.0827612,-1.56441
0.0238751,-0.206659,0.0460254;-1.26431,-0.0560889,-1.58308
0.0257716,-0.202012,0.0445915;-1.30462,-0.080328,-1.59528
0.0281558,-0.193859,0.0413318;-1.40113,-0.0883538,-1.6186
0.0284566,-0.191897,0.0376952;-1.49967,-0.0523397,-1.64982
0.0288933,-0.197066,0.0402625;-1.40151,-0.0299733,-1.61942
0.0271842,-0.199318,0.0409791;-1.37697,-0.0205546,-1.60145
0.0220136,-0.202487,0.0447942;-1.38042,-0.0450525,-1.57166
0.0255254,-0.202616,0.0437204;-1.3316,-0.0767466,-1.5972
0.0272184,-0.197831,0.0436594;-1.34554,-0.107353,-1.60597
0.0252212,-0.184384,0.031879;-1.54845,-0.137762,-1.60645
0.0278841,-0.192305,0.0347818;-1.50513,-0.0553077,-1.61757
0.0300581,-0.20565,0.0405175;-1.38781,0.0121735,-1.61469
0.0239062,-0.217219,0.0457091;-1.34967,0.0281112,-1.57675
0.0281152,-0.220693,0.046401;-1.29944,-0.00586069,-1.59052
0.030636,-0.216596,0.0447113;-1.30083,-0.0552913,-1.60363
0.0279857,-0.195801,0.0316397;-1.54654,-0.134972,-1.60447
0.0243695,-0.197069,0.0337657;-1.51284,-0.129456,-1.60082
0.0208683,-0.204547,0.0361403;-1.4421,-0.0814079,-1.57849
0.0169551,-0.235283,0.0431394;-1.37432,0.101372,-1.55181
0.017818,-0.23873,0.0433315;-1.33415,0.0547919,-1.5706
0.020564,-0.233138,0.0417852;-1.33092,-0.0200764,-1.58495
0.0248089,-0.219027,0.0363385;-1.46088,-0.069998,-1.60611
0.0258492,-0.226464,0.0407965;-1.38773,-0.00740401,-1.61481
0.0256456,-0.234146,0.040956;-1.35065,0.0411007,-1.60189
0.0256456,-0.234146,0.040956;-1.35065,0.0411007,-1.60189
0.0224326,-0.244063,0.0416149;-1.35453,0.0900459,-1.58038
0.0224326,-0.244063,0.0416149;-1.35453,0.0900459,-1.58038
