0,0,0.11;-1.57,-2.98023e-08,-1.57
0,0,0.11;-1.57,-2.98023e-08,-1.57
0,0,0.11;-1.57,-2.98023e-08,-1.57
3.41572e-05,0.00456168,0.0285958;-1.57015,-0.145231,-1.57093
9.7443e-06,0.00417757,0.0286409;-1.57062,-0.122208,-1.56793
-0.00175338,-0.00113125,0.0295819;-1.56002,-0.0823217,-1.55796
-0.00404556,-0.0282212,0.0350239;-1.45239,-0.0224849,-1.55933
-0.00682142,-0.0247129,0.0285638;-1.57083,-0.171548,-1.57113
-0.00666556,-0.024631,0.028704;-1.56475,-0.180108,-1.5696
-0.00636955,-0.0244326,0.0286312;-1.5683,-0.164911,-1.57042
-0.00593719,-0.024092,0.0286525;-1.57083,-0.0949601,-1.5673
-0.00674452,-0.0259327,0.0297577;-1.56324,-8.15392e-05,-1.55705
-0.00837867,-0.0464564,0.0356227;-1.47148,0.119866,-1.56145
-0.00914739,-0.0540783,0.0335692;-1.4754,0.0852241,-1.57183
-0.00796178,-0.0469081,0.0285716;-1.57468,0.0609769,-1.56726
-0.00795823,-0.0468096,0.0286603;-1.56687,0.0464262,-1.57088
-0.00749529,-0.0472451,0.0285798;-1.57072,0.124423,-1.5708
-0.00916906,-0.0479755,0.0294089;-1.57502,0.195378,-1.55974
-0.0148762,-0.0666099,0.0324227;-1.54225,0.288411,-1.55499
-0.0175651,-0.0816381,0.0383181;-1.41472,0.312656,-1.58264
-0.0151387,-0.0740358,0.0333215;-1.4849,0.268164,-1.58067
-0.0122144,-0.0671639,0.028536;-1.5701,0.229869,-1.57179
-0.0121039,-0.0684437,0.0286627;-1.57071,0.278775,-1.57471
-0.0132127,-0.0696534,0.028883;-1.57596,0.314301,-1.57843
-0.0173063,-0.0764673,0.0317609;-1.63453,0.357671,-1.55578
-0.0232844,-0.0912703,0.037292;-1.6498,0.369931,-1.546
-0.0235525,-0.0939696,0.0327531;-1.59931,0.303318,-1.57571
-0.0191991,-0.0896194,0.0290579;-1.57821,0.22437,-1.58227
-0.0195718,-0.0905287,0.0290693;-1.58229,0.236665,-1.58042
-0.0216318,-0.0937025,0.0292402;-1.58626,0.277258,-1.58403
-0.0334035,-0.111256,0.0375496;-1.61385,0.377333,-1.57647
-0.0411482,-0.123825,0.0426413;-1.44692,0.37177,-1.63368
-0.0453621,-0.128383,0.0373393;-1.44067,0.287071,-1.64484
-0.0360347,-0.114854,0.0301596;-1.60118,0.126381,-1.58008
-0.0365334,-0.115325,0.0293242;-1.58533,0.127483,-1.58238
-0.0389036,-0.118682,0.0291167;-1.58608,0.171382,-1.57891
-0.0463898,-0.129364,0.031383;-1.55808,0.309089,-1.60655
-0.0503224,-0.13726,0.0373801;-1.4592,0.388559,-1.6355
-0.0520801,-0.139025,0.039523;-1.43475,0.366798,-1.6348
-0.0482854,-0.130018,0.0290885;-1.58105,0.213662,-1.58275
-0.0470822,-0.129286,0.028985;-1.57968,0.216134,-1.57945
-0.0477242,-0.129876,0.0289957;-1.57995,0.24095,-1.57953
-0.051282,-0.13238,0.0289723;-1.58178,0.367396,-1.57566
-0.0558394,-0.137633,0.0331578;-1.56369,0.456515,-1.57264
-0.0634368,-0.150817,0.0413553;-1.43822,0.534617,-1.61766
-0.0605711,-0.145177,0.0285461;-1.5855,0.427215,-1.56576
-0.058988,-0.143648,0.0285696;-1.56911,0.392432,-1.57275
-0.0590957,-0.14383,0.0287918;-1.56688,0.402493,-1.5789
-0.0604707,-0.145248,0.0286503;-1.57135,0.483539,-1.56664
-0.0689955,-0.154333,0.0310236;-1.58692,0.531114,-1.54513
-0.0824605,-0.174082,0.0390891;-1.35871,0.598014,-1.66284
-0.0817711,-0.171397,0.0287685;-1.56872,0.510366,-1.56485
-0.0810934,-0.171022,0.0285899;-1.57067,0.471142,-1.56994
-0.0811577,-0.171505,0.0287936;-1.56173,0.481002,-1.57709
-0.081642,-0.171793,0.0285868;-1.5706,0.511512,-1.57027
-0.0900896,-0.180212,0.0299378;-1.55643,0.55754,-1.57011
-0.101998,-0.197455,0.0379548;-1.36392,0.614864,-1.67893
-0.106812,-0.193151,0.0307252;-1.51698,0.480596,-1.58898
-0.10735,-0.191757,0.0285513;-1.57183,0.410047,-1.57092
-0.107619,-0.192259,0.0286878;-1.56499,0.396056,-1.57301
-0.109917,-0.194133,0.0288453;-1.57351,0.474534,-1.5804
-0.11417,-0.197926,0.0296987;-1.57558,0.533652,-1.58795
-0.121031,-0.207658,0.0348682;-1.48131,0.606374,-1.6463
-0.124745,-0.209398,0.0348347;-1.46912,0.544994,-1.64358
-0.124664,-0.205121,0.0298377;-1.55166,0.466407,-1.59148
-0.122505,-0.202824,0.0289985;-1.58577,0.414504,-1.57147
-0.123972,-0.204092,0.0288543;-1.57392,0.455644,-1.57956
-0.126402,-0.206215,0.0291243;-1.58446,0.516693,-1.5789
-0.131129,-0.212032,0.0315523;-1.55228,0.609308,-1.61351
-0.134133,-0.219759,0.0378872;-1.39368,0.723465,-1.70477
-0.133905,-0.219553,0.0352019;-1.45571,0.64628,-1.67114
-0.128083,-0.212717,0.0290454;-1.57862,0.583133,-1.58196
-0.12676,-0.212418,0.0288651;-1.57598,0.595098,-1.57708
-0.1284,-0.21335,0.0289504;-1.57614,0.635768,-1.58083
-0.131827,-0.214948,0.029025;-1.58443,0.699012,-1.57336
-0.154135,-0.2344,0.0389983;-1.31132,0.794203,-1.75245
-0.155663,-0.23437,0.0378399;-1.36682,0.732656,-1.72132
-0.149237,-0.223431,0.0294932;-1.56789,0.657794,-1.58956
-0.146105,-0.221939,0.028751;-1.57069,0.625038,-1.57899
-0.146962,-0.222776,0.0286749;-1.57066,0.65936,-1.57539
-0.148726,-0.223605,0.0286661;-1.57216,0.705496,-1.57343
-0.170181,-0.242836,0.0374429;-1.3342,0.826228,-1.73357
-0.17798,-0.246368,0.0355336;-1.40061,0.747544,-1.68656
-0.17614,-0.237787,0.0289762;-1.55094,0.664033,-1.57939
-0.175762,-0.237204,0.0286208;-1.56836,0.596503,-1.57223
-0.17565,-0.237225,0.0285796;-1.57068,0.63396,-1.57095
-0.1758,-0.237564,0.0285816;-1.57092,0.675824,-1.57096
-0.189351,-0.256381,0.0356564;-1.38343,0.883996,-1.71103
-0.198167,-0.262476,0.0347639;-1.40423,0.82804,-1.68924
-0.195899,-0.255017,0.0311341;-1.49641,0.752735,-1.6174
-0.193554,-0.253101,0.0287222;-1.56222,0.72256,-1.576
-0.19353,-0.253106,0.0285796;-1.57063,0.771492,-1.57098
-0.193631,-0.253092,0.0285793;-1.5707,0.789254,-1.57092
-0.203158,-0.265575,0.0346197;-1.38214,0.994134,-1.72475
-0.208136,-0.267819,0.0345634;-1.36949,0.962188,-1.72904
-0.208298,-0.266177,0.0337095;-1.39879,0.946502,-1.70288
-0.209288,-0.263532,0.0286537;-1.56776,0.838872,-1.57155
-0.209646,-0.263846,0.0286106;-1.56828,0.860719,-1.57293
-0.211036,-0.264348,0.0286956;-1.57123,0.907658,-1.57579
-0.213693,-0.265643,0.0290096;-1.57664,0.970741,-1.57835
-0.229497,-0.27543,0.0370581;-1.28315,1.07236,-1.83346
-0.232242,-0.274404,0.0346313;-1.39946,0.997967,-1.7329
-0.226822,-0.269241,0.0287596;-1.57035,0.933859,-1.57967
-0.225218,-0.269271,0.0288286;-1.57677,0.914524,-1.57414
-0.226686,-0.269351,0.029012;-1.58492,0.94973,-1.57143
-0.229838,-0.270293,0.029272;-1.57474,0.985443,-1.58672
-0.242718,-0.277006,0.0385502;-1.31937,1.1038,-1.82874
-0.244733,-0.27646,0.0384242;-1.41447,1.02864,-1.74688
-0.240239,-0.275209,0.0316684;-1.53846,0.975323,-1.6383
-0.234672,-0.274911,0.0291198;-1.59462,0.945621,-1.56452
-0.238298,-0.275084,0.0290764;-1.59788,0.988358,-1.56128
-0.242932,-0.275913,0.0302696;-1.58703,1.03437,-1.58593
-0.254533,-0.280067,0.0379956;-1.40251,1.13884,-1.76943
-0.256343,-0.278294,0.0395851;-1.43778,1.06971,-1.72523
-0.25379,-0.27664,0.0309309;-1.55189,1.01169,-1.6233
-0.24858,-0.276492,0.0289128;-1.58839,0.979071,-1.56653
-0.25008,-0.276506,0.0288428;-1.58533,1.02411,-1.56631
-0.253272,-0.276988,0.0290467;-1.60101,1.07182,-1.557
-0.266128,-0.282858,0.0344063;-1.40173,1.24263,-1.76677
-0.268696,-0.283676,0.0357096;-1.26312,1.23208,-1.88194
-0.264485,-0.280009,0.0327756;-1.38441,1.18921,-1.75287
-0.257656,-0.278148,0.0287087;-1.57295,1.13693,-1.57459
-0.258484,-0.278305,0.0287411;-1.5758,1.15477,-1.57276
-0.259963,-0.278147,0.028864;-1.58607,1.19303,-1.56685
-0.272149,-0.278938,0.0301334;-1.56249,1.33052,-1.59485
-0.286098,-0.283485,0.0356388;-0.861501,1.38186,-2.26464
-0.290387,-0.282938,0.0362078;-0.892157,1.34148,-2.22775
-0.284435,-0.280138,0.0285711;-1.57203,1.29976,-1.56966
-0.284647,-0.280476,0.0286197;-1.56303,1.31542,-1.57834
-0.28506,-0.280527,0.0286819;-1.55031,1.32708,-1.59073
-0.288342,-0.280783,0.0286498;-1.57074,1.40097,-1.57259
-0.302889,-0.283041,0.0325908;-0.86168,1.46704,-2.27045
-0.321268,-0.286712,0.0357157;-0.372209,1.43061,-2.75514
-0.318425,-0.281398,0.0285418;-1.56327,1.37367,-1.57835
-0.317666,-0.281784,0.028677;-1.5571,1.35877,-1.58221
-0.317376,-0.282292,0.0286126;-1.56243,1.38243,-1.57904
-0.318217,-0.282279,0.0285788;-1.56964,1.43581,-1.5721
-0.327512,-0.28302,0.0313577;-1.02804,1.48296,-2.10863
-0.34142,-0.28656,0.0375419;0.0618142,1.41078,3.08907
-0.334295,-0.282424,0.0286581;-1.66459,1.44054,-1.48269
-0.331301,-0.282996,0.0286362;-1.57588,1.41742,-1.56379
-0.331012,-0.28384,0.0288145;-1.50858,1.44822,-1.6359
-0.334341,-0.282925,0.0291969;-2.0872,1.53686,-1.06654
-0.34376,-0.281708,0.0311217;1.86404,1.52784,1.24806
-0.358353,-0.282872,0.0371532;0.836853,1.43681,2.27728
-0.354887,-0.281971,0.0301207;-1.61753,1.50608,-1.55052
-0.346063,-0.284339,0.0290119;-1.70171,1.4337,-1.44416
-0.345294,-0.284209,0.0291996;-1.6024,1.43214,-1.54651
-0.354363,-0.281916,0.0297582;-2.06604,1.54896,-1.09655
-0.36145,-0.28064,0.0325203;2.08538,1.51787,1.01768
-0.373488,-0.281772,0.0391221;1.15631,1.46349,1.94435
-0.370766,-0.281962,0.0340703;1.82846,1.55974,1.28368
-0.357289,-0.286677,0.0332362;-2.61273,1.4569,-0.537176
-0.358355,-0.287442,0.0295156;-1.84918,1.50715,-1.30848
-0.369586,-0.283632,0.0308628;1.93763,1.51565,1.16977
-0.372652,-0.282412,0.0336319;1.989,1.4751,1.10673
-0.376624,-0.281395,0.0370471;2.12721,1.41219,0.963711
-0.386404,-0.279101,0.0430352;2.03279,1.45285,1.08295
-0.377539,-0.280726,0.0352913;2.93849,1.44575,0.187243
-0.374304,-0.283571,0.0311245;-2.48643,1.5029,-0.665819
-0.384679,-0.279738,0.0295821;1.75512,1.52545,1.36772
-0.388359,-0.277805,0.030463;1.77125,1.48942,1.34561
-0.394016,-0.274605,0.0322547;1.76232,1.45173,1.34209
-0.412797,-0.2661,0.0362926;0.718769,1.43175,2.39365
-0.410854,-0.263761,0.0317404;0.0845273,1.54775,3.0243
-0.403279,-0.264939,0.0292295;-1.83111,1.49542,-1.32298
-0.403104,-0.265567,0.0289691;-1.77017,1.52886,-1.38166
-0.405877,-0.263884,0.0291549;2.14456,1.54451,0.983466
-0.410368,-0.26167,0.0295524;1.61144,1.50472,1.50966
-0.427842,-0.25901,0.0378504;0.775891,1.36045,2.349
-0.427029,-0.257634,0.0367156;0.588619,1.40602,2.5377
-0.416246,-0.255419,0.028893;-2.81295,1.5613,-0.336656
-0.414594,-0.25641,0.0287061;-1.56429,1.55512,-1.5832
-0.416603,-0.25576,0.028744;1.59137,1.52796,1.54321
-0.418298,-0.254878,0.0290912;1.71799,1.48318,1.4121
-0.436974,-0.251901,0.0348299;1.28304,1.32034,1.82588
-0.441329,-0.25076,0.0345565;1.20305,1.36964,1.9022
-0.431193,-0.251289,0.0294993;1.66953,1.46957,1.45472
-0.427735,-0.252386,0.0287709;1.59094,1.4983,1.54316
-0.429944,-0.251625,0.028701;1.57096,1.43995,1.56499
-0.431809,-0.250315,0.0289934;1.61761,1.39358,1.51297
-0.431809,-0.250315,0.0289934;1.61761,1.39358,1.51297
-0.438913,-0.247396,0.029611;1.59305,1.31996,1.53195
-0.438913,-0.247396,0.029611;1.59305,1.31996,1.53195
