0,0,0.11;-1.57,-2.98023e-08,-1.57
0,0,0.11;-1.57,-2.98023e-08,-1.57
0,0,0.11;-1.57,-2.98023e-08,-1.57
0.000194549,0.00628169,0.0286594;-1.57085,-0.140068,-1.57459
8.61186e-05,0.00599363,0.0285807;-1.57084,-0.126856,-1.57075
-0.000752585,0.00483894,0.0295714;-1.58964,-0.104153,-1.57218
-0.00177321,0.00423159,0.0343549;-1.6287,-0.125737,-1.54929
-0.00127842,0.00696684,0.0285794;-1.57078,-0.211787,-1.57061
-0.00158467,0.00742775,0.0286644;-1.57067,-0.242136,-1.57473
-0.00191764,0.00778518,0.0286816;-1.57069,-0.267487,-1.57567
-0.00214574,0.00650244,0.0287654;-1.57766,-0.230517,-1.57472
-0.00306233,0.00572339,0.0299946;-1.59779,-0.19842,-1.58071
-0.00532739,0.00631545,0.0349305;-1.67064,-0.15762,-1.57957
-0.00387458,0.00613238,0.0350895;-1.66494,-0.141076,-1.57257
-0.00274038,0.00779712,0.029236;-1.57318,-0.176275,-1.56845
-0.0031873,0.00820547,0.0286141;-1.57066,-0.211384,-1.57234
-0.00336709,0.0079324,0.0288425;-1.57259,-0.197374,-1.58201
-0.00314088,0.00718316,0.0285879;-1.57104,-0.165703,-1.57117
-0.00371698,0.00579755,0.0299163;-1.59726,-0.129596,-1.58118
-0.00325791,0.00443696,0.0336285;-1.64675,-0.127857,-1.57246
-0.00300368,0.00472211,0.0316147;-1.60929,-0.197183,-1.56209
-0.00246673,0.00439417,0.0289783;-1.56371,-0.2363,-1.56469
-0.00285205,0.00481592,0.0286139;-1.56984,-0.288771,-1.5721
-0.00285903,0.00401047,0.0287341;-1.57066,-0.273206,-1.57801
-0.00350847,0.00261787,0.0286938;-1.57307,-0.231998,-1.56774
-0.00512338,-0.00099809,0.0312243;-1.61469,-0.218033,-1.57665
-0.00430582,-0.00133218,0.0318261;-1.61958,-0.244781,-1.58073
-0.0031958,0.00290523,0.0288913;-1.5706,-0.342322,-1.58545
-0.00380365,0.0039273,0.0286674;-1.57015,-0.367862,-1.57412
-0.00419458,0.00326505,0.0291353;-1.54817,-0.372642,-1.56321
-0.00472756,0.00260489,0.0292181;-1.59472,-0.308045,-1.58108
-0.00547802,0.000622539,0.033816;-1.6546,-0.261582,-1.58211
-0.00490046,0.000747275,0.0338394;-1.64942,-0.270183,-1.57752
0.00084287,0.0139817,0.0302005;-1.56814,-0.370127,-1.59813
0.000427397,0.0196169,0.0289479;-1.57295,-0.421228,-1.58683
0.000249153,0.0197313,0.0287046;-1.57071,-0.415343,-1.57661
0.000395469,0.0196608,0.0297851;-1.56431,-0.346386,-1.54658
-0.000224336,0.0190357,0.0315324;-1.59981,-0.311513,-1.55547
-0.0011318,0.0193187,0.0337697;-1.63931,-0.289009,-1.56903
0.00558539,0.0255767,0.0339577;-1.53735,-0.368119,-1.6271
0.00208096,0.0302001,0.0332571;-1.55041,-0.427899,-1.62751
-0.000849068,0.0383399,0.029484;-1.57867,-0.500662,-1.59246
-0.00117814,0.037073,0.0288286;-1.56424,-0.479651,-1.56123
-0.00221187,0.0324395,0.0312525;-1.57377,-0.448931,-1.54174
-0.00308501,0.0232076,0.0363969;-1.65502,-0.401148,-1.55467
0.00296037,0.0269579,0.0327885;-1.55351,-0.48224,-1.6152
0.00122304,0.030458,0.0334486;-1.53885,-0.53805,-1.61901
-0.00285218,0.0378453,0.030285;-1.57074,-0.61295,-1.60144
-0.00380584,0.0389507,0.0289129;-1.57617,-0.604934,-1.5852
-0.00380375,0.0357968,0.0290685;-1.56771,-0.572412,-1.57937
-0.00492334,0.0319929,0.0302755;-1.5548,-0.55308,-1.55338
-0.00789468,0.0287181,0.0373973;-1.59753,-0.575185,-1.54779
-0.00314798,0.0334402,0.0357153;-1.61817,-0.605435,-1.60278
-0.000262432,0.0380586,0.0291833;-1.59608,-0.643422,-1.59546
0.000128664,0.0343147,0.0290358;-1.58153,-0.5817,-1.58946
0.0010313,0.0321614,0.0287802;-1.57033,-0.529792,-1.58028
0.00169165,0.0308367,0.0290242;-1.56359,-0.49714,-1.56865
-0.00255822,0.0329248,0.0354323;-1.5409,-0.490659,-1.51245
-0.00112846,0.0373335,0.0367669;-1.56741,-0.530874,-1.53987
0.00203987,0.0420194,0.0297973;-1.54425,-0.549218,-1.55507
0.00322294,0.0408866,0.0290286;-1.58167,-0.509058,-1.58797
0.00400771,0.0391563,0.0287624;-1.57056,-0.46458,-1.57942
0.00461215,0.0384846,0.0286966;-1.56792,-0.433428,-1.57256
0.0032525,0.0380249,0.032854;-1.50237,-0.408785,-1.52725
0.00112032,0.0356336,0.0362771;-1.49602,-0.473254,-1.49827
-0.00597912,0.0426986,0.0351511;-1.63244,-0.497962,-1.52575
-0.00344189,0.0414434,0.0306051;-1.58027,-0.528531,-1.54549
-0.00440246,0.0402035,0.0308465;-1.60501,-0.513219,-1.5617
-0.00754185,0.0418543,0.0353246;-1.66576,-0.472935,-1.56808
-0.0131822,0.0435765,0.041174;-1.75162,-0.40751,-1.59434
-0.0109394,0.0432607,0.0430743;-1.80616,-0.461353,-1.62392
-0.00821161,0.0413769,0.0396276;-1.74848,-0.492351,-1.60234
-0.00401879,0.0384106,0.0304857;-1.59302,-0.512245,-1.56438
-0.00274467,0.0370405,0.0287412;-1.57091,-0.489636,-1.56305
-0.00241677,0.03739,0.028677;-1.57068,-0.45188,-1.56611
-0.00243004,0.0369592,0.0306668;-1.57111,-0.414474,-1.55965
-0.00592455,0.0353576,0.0326741;-1.59528,-0.441863,-1.54357
-0.0104947,0.0376148,0.0354166;-1.64253,-0.437582,-1.54127
-0.00716309,0.0415761,0.0376077;-1.76311,-0.480217,-1.65492
-0.00444762,0.0364308,0.0289865;-1.58599,-0.47852,-1.57138
-0.00389392,0.035953,0.0287081;-1.57085,-0.461018,-1.56466
-0.00295195,0.0350478,0.0306413;-1.54142,-0.416787,-1.54428
-0.00899747,0.0356754,0.0318574;-1.57504,-0.433158,-1.53689
-0.0165459,0.0410286,0.0359672;-1.63386,-0.42145,-1.52835
-0.0138695,0.0410911,0.034831;-1.68122,-0.490885,-1.60178
-0.0107802,0.0378635,0.0288491;-1.58558,-0.493131,-1.57801
-0.0103882,0.0376119,0.0288885;-1.57776,-0.489968,-1.58258
-0.00974442,0.0361245,0.0304338;-1.55578,-0.441202,-1.53925
-0.0107026,0.0347265,0.0320722;-1.53862,-0.458542,-1.52448
-0.0168751,0.0366249,0.0339628;-1.55501,-0.46862,-1.51115
-0.0184733,0.0368267,0.0322262;-1.61766,-0.538532,-1.56043
-0.0165155,0.0351997,0.0293964;-1.58709,-0.555979,-1.56986
-0.0155802,0.035495,0.0289566;-1.5874,-0.561611,-1.57978
-0.0152745,0.0346561,0.0287903;-1.56672,-0.526605,-1.56232
-0.0163485,0.0357852,0.0309249;-1.53976,-0.523981,-1.53394
-0.0172189,0.0355006,0.0354434;-1.48508,-0.507831,-1.48138
-0.0272618,0.0370087,0.0356567;-1.65135,-0.511959,-1.54878
-0.0273613,0.0383403,0.0381141;-1.70389,-0.52047,-1.58056
-0.0235965,0.0345034,0.0341274;-1.61958,-0.536858,-1.53653
-0.0210742,0.0313073,0.0311149;-1.56248,-0.515256,-1.52915
-0.0275307,0.0336624,0.0380083;-1.49433,-0.467186,-1.4598
-0.0349484,0.0339162,0.0410672;-1.50406,-0.493825,-1.43693
-0.040253,0.0342498,0.0412978;-1.52707,-0.524345,-1.43164
-0.0364246,0.0422397,0.0383945;-1.59508,-0.585733,-1.47123
-0.0318257,0.0398611,0.0325366;-1.56166,-0.578008,-1.5028
-0.0291834,0.0383044,0.0287732;-1.57703,-0.559042,-1.57012
-0.0279255,0.0365195,0.0308251;-1.52991,-0.551466,-1.53776
-0.0300384,0.0342749,0.034307;-1.4851,-0.584935,-1.48598
-0.0361743,0.0337097,0.0376172;-1.47133,-0.608101,-1.43852
-0.0517935,0.0460138,0.0390702;-1.61971,-0.629914,-1.47643
-0.0489072,0.047463,0.0407687;-1.64006,-0.649164,-1.48044
-0.0438723,0.0471102,0.0367481;-1.62825,-0.647509,-1.51674
-0.0378179,0.0410588,0.0314235;-1.58218,-0.617963,-1.55236
-0.0398841,0.0429958,0.0350019;-1.62469,-0.621924,-1.55617
-0.0458761,0.0465571,0.037951;-1.658,-0.646084,-1.54223
-0.0490981,0.0503585,0.0392924;-1.67739,-0.718593,-1.53691
-0.0479828,0.0510867,0.0381381;-1.63187,-0.730854,-1.50673
-0.0474427,0.0504602,0.0347971;-1.56559,-0.724628,-1.47539
-0.039461,0.0473927,0.0298524;-1.561,-0.666986,-1.57699
-0.0386396,0.0467775,0.0296615;-1.57522,-0.646673,-1.57739
-0.0397852,0.048419,0.0309351;-1.57653,-0.653137,-1.56379
-0.0471047,0.0565755,0.0356683;-1.63704,-0.690524,-1.5389
-0.0455448,0.05766,0.0371919;-1.64953,-0.723317,-1.53909
-0.0430317,0.056089,0.033824;-1.57114,-0.737286,-1.49244
-0.0412816,0.0541051,0.0306618;-1.54953,-0.712841,-1.5335
-0.0383493,0.0499103,0.0321824;-1.51677,-0.685678,-1.53271
-0.0368429,0.0460327,0.0326577;-1.54075,-0.655063,-1.53421
-0.0454089,0.0549349,0.0351437;-1.64113,-0.703029,-1.55382
-0.0429879,0.0558893,0.0348331;-1.62028,-0.738736,-1.53575
-0.0412634,0.0547018,0.0326959;-1.58538,-0.751462,-1.52231
-0.0414414,0.0539686,0.0298619;-1.5667,-0.731397,-1.54187
-0.0404212,0.0517882,0.029687;-1.56817,-0.710527,-1.55917
-0.0403211,0.0451305,0.0341487;-1.53789,-0.682708,-1.53294
-0.045132,0.0510259,0.0346203;-1.59712,-0.759065,-1.51068
-0.0468623,0.0547243,0.0353147;-1.61948,-0.761828,-1.53049
-0.0443678,0.0547099,0.0344893;-1.61196,-0.788116,-1.53054
-0.0444073,0.0522733,0.0311823;-1.57202,-0.758558,-1.52921
-0.0439337,0.0516341,0.0299452;-1.56312,-0.745569,-1.54133
-0.0432953,0.0491656,0.0302922;-1.55754,-0.723596,-1.53965
-0.0490666,0.0412217,0.0377087;-1.43695,-0.746949,-1.41326
-0.0511169,0.0525983,0.0367493;-1.54292,-0.779587,-1.45232
-0.0526019,0.0557895,0.0363448;-1.5879,-0.773032,-1.47738
-0.0535759,0.053114,0.0350512;-1.5731,-0.75576,-1.47962
-0.0527528,0.0492426,0.0341618;-1.57422,-0.72374,-1.51036
-0.0483884,0.0381184,0.0387068;-1.38075,-0.678786,-1.49114
-0.0454312,0.0304889,0.0483336;-1.21907,-0.669779,-1.43079
-0.0486571,0.032624,0.0482768;-1.1883,-0.711002,-1.39543
-0.0495715,0.0360137,0.0464073;-1.20808,-0.744948,-1.39489
-0.0497708,0.0394055,0.0359369;-1.4635,-0.71633,-1.54715
-0.0484714,0.0407139,0.0318949;-1.60655,-0.68299,-1.62605
-0.0457329,0.0379717,0.0328398;-1.55393,-0.663307,-1.62474
-0.0427924,0.0364748,0.0377182;-1.48239,-0.626181,-1.56222
-0.0482297,0.0337868,0.0442504;-1.40843,-0.649409,-1.48717
-0.0521214,0.0365327,0.0432639;-1.39886,-0.703028,-1.47286
-0.0585741,0.0483477,0.0377356;-1.72097,-0.638872,-1.61747
-0.0569054,0.0488664,0.0399788;-1.77847,-0.633711,-1.65531
-0.0495724,0.0475214,0.0371314;-1.75426,-0.645494,-1.66834
-0.0450061,0.0446219,0.0359164;-1.70384,-0.632485,-1.63574
-0.0524319,0.05037,0.0384998;-1.70617,-0.663365,-1.58599
-0.0559711,0.0543858,0.0397605;-1.66935,-0.674766,-1.5289
-0.0547601,0.0528008,0.0394853;-1.61107,-0.702456,-1.46474
-0.054551,0.0512691,0.0389457;-1.59938,-0.682152,-1.45865
-0.0493237,0.0474807,0.0372303;-1.62429,-0.66115,-1.5103
-0.0361778,0.039964,0.0296384;-1.57857,-0.631583,-1.59378
-0.0374806,0.0394942,0.0310678;-1.57519,-0.637658,-1.60064
-0.0447197,0.044253,0.0370487;-1.65559,-0.652308,-1.59383
-0.0523864,0.0498404,0.0372671;-1.66405,-0.645647,-1.54656
-0.050135,0.0482731,0.0397765;-1.65414,-0.649779,-1.52059
-0.049515,0.0425886,0.0384121;-1.63774,-0.617798,-1.50754
-0.0382844,0.0262978,0.0319309;-1.49454,-0.57408,-1.52735
-0.0367847,0.0254225,0.0347008;-1.46915,-0.568548,-1.53248
-0.0408292,0.0295972,0.0349826;-1.47813,-0.619213,-1.54238
-0.0503131,0.0437434,0.0371862;-1.57662,-0.653803,-1.51445
-0.0494926,0.0441972,0.0350137;-1.59737,-0.654181,-1.52817
-0.041785,0.03962,0.032965;-1.56268,-0.624295,-1.57534
-0.0298762,0.0278219,0.0414673;-1.37694,-0.538315,-1.54356
-0.0280245,0.0267451,0.0452612;-1.32462,-0.542434,-1.52855
-0.0273588,0.0275689,0.0473463;-1.29632,-0.568437,-1.5237
-0.0340826,0.0297816,0.0457939;-1.30346,-0.597964,-1.51736
-0.030852,0.025874,0.0485869;-1.2275,-0.582261,-1.46632
-0.030644,0.022669,0.0502996;-1.21064,-0.575371,-1.46519
-0.030644,0.022669,0.0502996;-1.21064,-0.575371,-1.46519
-0.0318826,0.0173115,0.0495237;-1.24058,-0.60354,-1.4847
-0.0318826,0.0173115,0.0495237;-1.24058,-0.60354,-1.4847
