0,0,0.11;-1.57,-2.98023e-08,-1.57
0,0,0.11;-1.57,-2.98023e-08,-1.57
0,0,0.11;-1.57,-2.98023e-08,-1.57
-0.000355752,0.00431094,0.028585;-1.57087,-0.167702,-1.57053
-5.43312e-05,0.00482054,0.0288272;-1.56876,-0.134849,-1.56045
-0.000343359,0.00523303,0.0305774;-1.56974,-0.12393,-1.53625
-0.00141018,0.00843026,0.0346796;-1.56194,-0.0434849,-1.48766
-0.00113323,0.0135862,0.0287806;-1.57366,-0.0823729,-1.56411
-0.000647284,0.0148487,0.0287304;-1.57148,-0.134896,-1.57765
0.000627197,0.0183023,0.0288493;-1.57521,-0.230046,-1.58029
0.000389125,0.0166237,0.0289293;-1.58615,-0.200415,-1.57583
-0.000942686,0.0133098,0.0291451;-1.58073,-0.171625,-1.56235
-0.00208802,0.00501426,0.032168;-1.55961,-0.190629,-1.51442
-0.00383448,-0.00125337,0.034869;-1.56547,-0.22409,-1.48535
-0.00167117,0.00254926,0.0320731;-1.56313,-0.242921,-1.51982
-0.000719084,0.00575765,0.0288423;-1.56902,-0.215554,-1.55963
-0.000564788,0.00664552,0.0286485;-1.56734,-0.170491,-1.56984
-0.000370421,0.0065709,0.0287383;-1.56806,-0.152755,-1.56511
-0.000927037,0.00729844,0.0288792;-1.5749,-0.12858,-1.5609
-0.00152284,0.00317504,0.0329892;-1.58068,-0.154404,-1.51091
-0.000318512,0.00565014,0.0331458;-1.58788,-0.244559,-1.52678
0.00150533,0.0072462,0.0302318;-1.57974,-0.298186,-1.55328
0.00222888,0.0084387,0.0291164;-1.5911,-0.346303,-1.58455
0.00215466,0.00632135,0.0286811;-1.56975,-0.290404,-1.57477
0.00240821,0.00629507,0.0286687;-1.57044,-0.257346,-1.56667
0.00213123,0.00805026,0.0291966;-1.56637,-0.203884,-1.5537
0.00175444,0.0120014,0.0322483;-1.57735,-0.162326,-1.51757
0.000446274,0.0160611,0.029391;-1.57101,-0.137391,-1.54892
-0.00016747,0.0154318,0.0290468;-1.54842,-0.155325,-1.56051
-0.000378664,0.0152355,0.0289016;-1.5553,-0.176646,-1.56638
-0.000892364,0.0152191,0.0287726;-1.56651,-0.222943,-1.56372
-0.000838491,0.0126423,0.0293147;-1.57157,-0.22245,-1.56095
-8.99415e-05,0.00499286,0.0312066;-1.57466,-0.218051,-1.54108
0.001789,-0.00203262,0.0342215;-1.4737,-0.278433,-1.54941
-0.00315438,0.00137183,0.0347038;-1.46588,-0.383789,-1.55903
-0.0086016,0.00697851,0.0335529;-1.47015,-0.458803,-1.54168
-0.0139691,0.00773699,0.0373498;-1.37611,-0.467946,-1.48066
-0.0152303,0.00715112,0.0400233;-1.31968,-0.456844,-1.4551
-0.0117352,0.0046421,0.0425552;-1.26793,-0.413639,-1.44304
-0.00926384,0.0109723,0.0397315;-1.34547,-0.36932,-1.47889
-0.010589,0.0128796,0.0372521;-1.38276,-0.413007,-1.48677
-0.011205,0.0119973,0.0379541;-1.35565,-0.437873,-1.47793
-0.0179708,0.0146637,0.039762;-1.31896,-0.479447,-1.45007
-0.0186062,0.0162688,0.0418399;-1.26944,-0.508521,-1.41653
-0.0184693,0.0171449,0.043557;-1.22933,-0.51023,-1.3985
-0.0181518,0.0182877,0.0404729;-1.30725,-0.485286,-1.45119
-0.0148643,0.0176646,0.0384044;-1.36831,-0.442478,-1.49945
-0.0113315,0.0162451,0.0376562;-1.38933,-0.376452,-1.51838
-0.0130547,0.0176758,0.0392626;-1.33945,-0.377686,-1.48568
-0.016022,0.0192925,0.041215;-1.29897,-0.4118,-1.45649
-0.0200336,0.0229182,0.0432608;-1.27739,-0.395779,-1.43736
-0.0177644,0.0127196,0.0417503;-1.34114,-0.399105,-1.44497
-0.0136575,0.00958508,0.0399429;-1.38873,-0.459576,-1.49101
-0.0117009,0.00695137,0.0352302;-1.47104,-0.518236,-1.54145
-0.00540579,-0.000842536,0.0313546;-1.55825,-0.480641,-1.61176
-0.00652971,-0.00164958,0.0309168;-1.5194,-0.481546,-1.55961
-0.00887481,-0.000310591,0.0325209;-1.47194,-0.506385,-1.52573
-0.0127794,0.00147366,0.0370647;-1.37071,-0.553224,-1.46592
-0.0139275,0.00547098,0.0376735;-1.36315,-0.552671,-1.45162
-0.0146845,0.012379,0.0369701;-1.39589,-0.510513,-1.46879
-0.00674845,0.0247985,0.0288709;-1.55867,-0.35269,-1.56396
-0.00696644,0.0236946,0.0290509;-1.54615,-0.366327,-1.56275
-0.00810965,0.023583,0.0291618;-1.54602,-0.396402,-1.55814
-0.011717,0.0263185,0.0317322;-1.54254,-0.428623,-1.52273
-0.012131,0.0293383,0.0310902;-1.56849,-0.411004,-1.53167
-0.013706,0.0318936,0.0301517;-1.5884,-0.378005,-1.55461
-0.015299,0.0346852,0.029255;-1.59551,-0.304095,-1.5873
-0.0146786,0.0349276,0.0299396;-1.59013,-0.322278,-1.59649
-0.01485,0.0343239,0.0306555;-1.58992,-0.321016,-1.60307
-0.0185342,0.0335461,0.0302241;-1.59467,-0.306242,-1.56584
-0.0181337,0.0339629,0.0319029;-1.62907,-0.326074,-1.57698
-0.0170922,0.0307725,0.0292332;-1.58703,-0.358674,-1.56888
-0.015472,0.0307729,0.0288748;-1.57345,-0.381566,-1.55986
-0.0156742,0.03144,0.028919;-1.57605,-0.358738,-1.56113
-0.0166324,0.0322802,0.0287013;-1.57125,-0.311457,-1.56511
-0.0183322,0.0313495,0.0294931;-1.55208,-0.331834,-1.54922
-0.0192812,0.0288758,0.0315314;-1.52193,-0.36442,-1.52539
-0.0195406,0.0289646,0.0319017;-1.54716,-0.378234,-1.5191
-0.0107466,0.0268914,0.0323748;-1.66037,-0.480687,-1.61254
-0.00438866,0.026947,0.0338367;-1.67983,-0.465613,-1.63102
-0.00168486,0.0185328,0.0342293;-1.63627,-0.394827,-1.63801
-0.00733747,0.0134068,0.0317655;-1.58711,-0.385866,-1.61586
-0.0120858,0.019307,0.0315564;-1.52569,-0.391888,-1.57006
-0.0173748,0.0242015,0.0343423;-1.46161,-0.399983,-1.51958
-0.017199,0.0356281,0.0350922;-1.52054,-0.522886,-1.50367
-0.0165254,0.0416877,0.0367113;-1.59816,-0.460516,-1.54809
-0.0181759,0.0315423,0.038279;-1.54481,-0.388567,-1.54849
-0.0154632,0.0166263,0.0407978;-1.40688,-0.303701,-1.55287
-0.0177868,0.0143791,0.0445894;-1.36424,-0.321115,-1.55171
-0.0204297,0.0109185,0.0489807;-1.31831,-0.307612,-1.55347
-0.011154,0.0264995,0.0549439;-1.50371,-0.40128,-1.56908
-0.0107458,0.0343426,0.0522424;-1.61481,-0.438354,-1.57407
-0.0178583,0.0363673,0.049587;-1.63417,-0.404613,-1.56588
-0.0238212,0.0190937,0.0520237;-1.44746,-0.220068,-1.55308
-0.0245136,0.00154876,0.0429669;-1.3499,-0.139361,-1.56248
-0.0252037,-0.00264246,0.0422497;-1.35941,-0.117429,-1.56316
-0.0201042,0.00722906,0.0372724;-1.48458,-0.33887,-1.61497
-0.0115485,0.0282191,0.0354787;-1.65755,-0.474949,-1.63582
-0.0125658,0.0334389,0.0352736;-1.68095,-0.411771,-1.62319
-0.0157369,0.0279427,0.0363951;-1.63231,-0.331005,-1.63722
-0.0134676,0.0130093,0.0388276;-1.5143,-0.31924,-1.65788
-0.0114657,0.0163802,0.0428604;-1.47742,-0.339799,-1.65126
-0.00862847,0.0249209,0.0476866;-1.50366,-0.356309,-1.64137
0.00375588,0.0469636,0.0405496;-1.73856,-0.457294,-1.66846
0.00256404,0.0500562,0.0396331;-1.78238,-0.452634,-1.65297
-0.00212155,0.0459701,0.0383894;-1.76524,-0.402835,-1.656
-0.0191935,0.0113875,0.0356721;-1.55702,-0.234828,-1.62895
-0.0230276,0.00811024,0.0342832;-1.47081,-0.276174,-1.56781
-0.025712,0.0124005,0.0371064;-1.39574,-0.348215,-1.51314
-0.0193381,0.0271675,0.0381262;-1.42664,-0.506389,-1.48214
-0.0140879,0.0427006,0.0352234;-1.60559,-0.558008,-1.51177
-0.0155951,0.0423279,0.0364291;-1.626,-0.533202,-1.51844
-0.0220675,0.0383541,0.0355271;-1.51796,-0.479321,-1.48652
-0.0324007,0.0294584,0.0366567;-1.44644,-0.390922,-1.48721
-0.0356013,0.030377,0.0386621;-1.38135,-0.36379,-1.49747
-0.0252558,0.0401357,0.0381833;-1.50092,-0.560365,-1.48425
-0.0218974,0.0458733,0.0350807;-1.59356,-0.623183,-1.50335
-0.0237377,0.0450894,0.0364979;-1.63065,-0.603568,-1.52146
-0.0312451,0.042753,0.037549;-1.61351,-0.512816,-1.4879
-0.034244,0.0375972,0.0361656;-1.55886,-0.484967,-1.48247
-0.0398316,0.0322561,0.036573;-1.50874,-0.423766,-1.48003
-0.0456102,0.018564,0.0374547;-1.38924,-0.366674,-1.4937
-0.043424,0.0175183,0.035208;-1.42241,-0.431277,-1.50259
-0.0419637,0.0147664,0.0335447;-1.45267,-0.50629,-1.50884
-0.0445317,0.0235771,0.035833;-1.4231,-0.419374,-1.49548
-0.0454832,0.027547,0.0370306;-1.40202,-0.371461,-1.49764
-0.0470212,0.0266673,0.0373542;-1.41682,-0.369021,-1.49217
-0.0451155,0.0174026,0.0316043;-1.50347,-0.482155,-1.52843
-0.04398,0.0166335,0.0292824;-1.54681,-0.508713,-1.55575
-0.0432884,0.0171062,0.0288509;-1.5589,-0.503918,-1.56234
-0.0438895,0.0210364,0.0291497;-1.56898,-0.411281,-1.55655
-0.0443388,0.0224397,0.0304102;-1.5731,-0.378629,-1.54171
-0.0442453,0.0258097,0.0318504;-1.55761,-0.341528,-1.52278
-0.0467603,0.0293159,0.0348082;-1.48126,-0.295892,-1.50779
-0.0452852,0.0257779,0.0348602;-1.49668,-0.343447,-1.50117
-0.0421978,0.0243817,0.0322819;-1.5274,-0.365251,-1.52562
-0.0435077,0.021753,0.0305962;-1.57325,-0.390421,-1.53925
-0.044645,0.0218278,0.03177;-1.57577,-0.363403,-1.52789
-0.043803,0.0226261,0.0355571;-1.57092,-0.346594,-1.48682
-0.043254,0.0260716,0.0382885;-1.48881,-0.353033,-1.45809
-0.037399,0.0268782,0.0380591;-1.46058,-0.392826,-1.46366
-0.0323069,0.0244255,0.0341215;-1.49389,-0.44723,-1.50228
-0.0339052,0.0246108,0.0346872;-1.55197,-0.428535,-1.48844
-0.0399716,0.0238443,0.0360461;-1.56006,-0.385024,-1.4766
-0.0472562,0.0207956,0.0374321;-1.57275,-0.365353,-1.46521
-0.0486589,0.0289312,0.0406713;-1.54507,-0.302342,-1.4362
-0.0431431,0.0306952,0.0388674;-1.50978,-0.353025,-1.44428
-0.0383351,0.026805,0.0361583;-1.48153,-0.462932,-1.47047
-0.0319596,0.0232922,0.0325768;-1.56577,-0.501976,-1.52289
-0.0356583,0.0188537,0.0358237;-1.59866,-0.490493,-1.50244
-0.0462889,0.0103385,0.0380085;-1.60145,-0.468028,-1.4887
-0.0484087,0.0110719,0.039762;-1.55106,-0.335365,-1.44759
-0.0467648,0.0138088,0.0398915;-1.50184,-0.335479,-1.43419
-0.0451102,0.0168987,0.0404925;-1.46657,-0.349144,-1.44267
-0.0403175,0.0194347,0.0390598;-1.47005,-0.354872,-1.45738
-0.0476758,0.018623,0.0396232;-1.50013,-0.316713,-1.44226
-0.0512217,0.0125337,0.0404712;-1.51687,-0.336134,-1.43067
-0.0508147,0.00339196,0.0417571;-1.54206,-0.314808,-1.42554
-0.0481095,0.00746866,0.0418613;-1.53287,-0.336236,-1.42791
-0.0415697,0.0105846,0.0409579;-1.5021,-0.373066,-1.43063
-0.0452407,0.0133847,0.0379465;-1.4581,-0.441197,-1.45212
-0.049163,0.0119082,0.0376425;-1.48424,-0.467105,-1.45415
-0.0523298,0.00977601,0.0389689;-1.4998,-0.442225,-1.4378
-0.0456438,-0.00135201,0.0378524;-1.57427,-0.300728,-1.47949
-0.0435719,-0.00475242,0.0384165;-1.57518,-0.357777,-1.49995
-0.0419984,-0.00419444,0.0376256;-1.5226,-0.349792,-1.47945
-0.032588,-0.0123646,0.0334616;-1.47588,-0.471989,-1.50675
-0.0311969,-0.0107407,0.03329;-1.4952,-0.45467,-1.50604
-0.0318157,-0.00793658,0.0339952;-1.5162,-0.41789,-1.49871
-0.0481282,-0.0097958,0.037399;-1.52391,-0.391761,-1.45341
-0.0631364,-0.00987157,0.0403422;-1.54902,-0.396743,-1.45152
-0.063465,-0.00464583,0.0422842;-1.58924,-0.387744,-1.48444
-0.0455083,0.00609264,0.042608;-1.60596,-0.390526,-1.50242
-0.0388002,0.00394571,0.0395826;-1.60451,-0.458465,-1.5203
-0.0336911,0.00108091,0.0330859;-1.6537,-0.480768,-1.58423
-0.0328193,-0.00332038,0.035129;-1.72195,-0.533581,-1.64182
-0.0343218,-0.00486999,0.0363959;-1.72136,-0.533735,-1.62336
-0.0356411,-0.00490565,0.0387108;-1.66399,-0.508191,-1.52825
-0.0305588,-0.00148192,0.0379467;-1.57516,-0.545962,-1.46116
-0.0255278,0.00289406,0.036916;-1.55115,-0.571804,-1.45825
-0.0245712,0.00272887,0.0317947;-1.56586,-0.525608,-1.52224
-0.0245712,0.00272887,0.0317947;-1.56586,-0.525608,-1.52224
-0.0279112,0.00348174,0.0315298;-1.57902,-0.497707,-1.52955
-0.0279112,0.00348174,0.0315298;-1.57902,-0.497707,-1.52955
