0,0,0.11;-1.57,-2.98023e-08,-1.57
0,0,0.11;-1.57,-2.98023e-08,-1.57
0,0,0.11;-1.57,-2.98023e-08,-1.57
-0.000136086,0.00569612,0.0286329;-1.56812,-0.178625,-1.57004
9.5726e-07,0.00583536,0.0286066;-1.57074,-0.156444,-1.56965
-0.00151527,0.00038617,0.0298089;-1.56309,-0.0867546,-1.55734
-0.00263272,-0.0279165,0.0352874;-1.45422,-0.0210469,-1.56384
-0.00532164,-0.0182292,0.0285797;-1.57094,-0.150005,-1.5708
-0.00497983,-0.0183474,0.0288345;-1.56122,-0.139482,-1.57207
-0.00454411,-0.0188689,0.0287717;-1.56322,-0.111739,-1.57156
-0.00450791,-0.021111,0.0286022;-1.57197,-0.0207033,-1.57075
-0.00899511,-0.0293586,0.0320387;-1.62919,0.054151,-1.56503
-0.0148441,-0.0499497,0.0406293;-1.58758,0.134113,-1.57175
-0.0170886,-0.0594802,0.0320927;-1.55881,0.0595406,-1.59468
-0.0136954,-0.0554256,0.0310662;-1.61497,0.02562,-1.58508
-0.0141168,-0.0584993,0.0292994;-1.58703,0.0520945,-1.5824
-0.019379,-0.0696503,0.030282;-1.57071,0.158279,-1.60355
-0.023846,-0.0770207,0.0306605;-1.57092,0.231875,-1.60016
-0.0282228,-0.0918062,0.0366949;-1.45222,0.304277,-1.6246
-0.0327691,-0.102177,0.0378776;-1.39438,0.310517,-1.6221
-0.0355393,-0.0954972,0.032834;-1.49256,0.213891,-1.59043
-0.0351515,-0.0889669,0.0286331;-1.57051,0.141367,-1.57439
-0.0346288,-0.0879284,0.0285707;-1.5703,0.0549621,-1.57088
-0.0345765,-0.0877776,0.0286344;-1.56909,0.0718661,-1.56812
-0.0367743,-0.0923023,0.0297742;-1.55386,0.155081,-1.56565
-0.0417809,-0.109385,0.033498;-1.48552,0.211527,-1.58703
-0.0450831,-0.112452,0.0305985;-1.52783,0.157684,-1.57697
-0.0443182,-0.110027,0.0287429;-1.56308,0.112116,-1.57173
-0.0440142,-0.110576,0.0287724;-1.56324,0.141715,-1.57356
-0.0434174,-0.110969,0.0285759;-1.57012,0.187742,-1.57011
-0.0493617,-0.118386,0.0322108;-1.57263,0.331461,-1.56415
-0.0561513,-0.134348,0.0408787;-1.52421,0.396383,-1.58808
-0.0581134,-0.140298,0.0361884;-1.52894,0.326694,-1.59628
-0.0562893,-0.139199,0.0292287;-1.59989,0.287073,-1.56645
-0.0627113,-0.143528,0.0291857;-1.59397,0.366864,-1.57021
-0.0759086,-0.151084,0.0291892;-1.58779,0.512436,-1.57302
-0.0903603,-0.158618,0.0320245;-1.5867,0.66093,-1.59451
-0.101577,-0.168023,0.0387316;-1.47793,0.748054,-1.66146
-0.109249,-0.174321,0.0367299;-1.41479,0.740961,-1.70556
-0.108005,-0.16561,0.028937;-1.5736,0.637785,-1.58383
-0.107355,-0.165527,0.028703;-1.56702,0.645651,-1.57588
-0.10698,-0.165065,0.0285789;-1.57085,0.630813,-1.5707
-0.106525,-0.165548,0.0287997;-1.56728,0.71665,-1.56503
-0.114842,-0.170107,0.0311658;-1.51875,0.77106,-1.59552
-0.129278,-0.182935,0.0371712;-1.35325,0.826596,-1.71621
-0.132796,-0.178369,0.0285192;-1.57584,0.689978,-1.56667
-0.131621,-0.178185,0.0285946;-1.57068,0.642154,-1.5695
-0.13148,-0.178226,0.0286898;-1.5641,0.640967,-1.57473
-0.131175,-0.178421,0.0287491;-1.56147,0.71348,-1.57581
-0.13377,-0.181039,0.0298647;-1.54811,0.792504,-1.58696
-0.145267,-0.192781,0.0377609;-1.45044,0.904205,-1.66569
-0.149604,-0.198057,0.0290913;-1.58912,0.753202,-1.56929
-0.147042,-0.198112,0.0292198;-1.60896,0.735919,-1.54828
-0.147735,-0.198594,0.0292149;-1.60533,0.754833,-1.553
-0.157902,-0.198406,0.0322123;-1.69124,0.865878,-1.48288
-0.164119,-0.199072,0.0362368;-1.76353,0.931376,-1.42556
-0.172424,-0.199689,0.0456509;-1.66468,1.01229,-1.51334
-0.182054,-0.19823,0.0297088;-1.58171,0.886644,-1.58232
-0.180268,-0.197095,0.0292522;-1.61579,0.869744,-1.54037
-0.182144,-0.197329,0.0289719;-1.59083,0.909884,-1.56151
-0.18873,-0.197272,0.0286626;-1.57061,1.10582,-1.57485
-0.192251,-0.198035,0.029309;-1.52815,1.1955,-1.605
-0.203234,-0.200696,0.0339284;-1.27591,1.26604,-1.8409
-0.214498,-0.202716,0.0330377;-1.29004,1.26733,-1.83292
-0.212722,-0.200508,0.0285411;-1.5826,1.23366,-1.55778
-0.212701,-0.200635,0.0285804;-1.57236,1.21449,-1.5688
-0.212306,-0.200616,0.0285791;-1.57096,1.21914,-1.57063
-0.212206,-0.200884,0.0286801;-1.5707,1.24947,-1.56635
-0.216312,-0.200766,0.0300108;-1.49357,1.31402,-1.63627
-0.237079,-0.203715,0.0367575;-0.83085,1.35006,-2.28904
-0.233688,-0.201133,0.0340071;-1.29429,1.28129,-1.85483
-0.225981,-0.199391,0.0289446;-1.57478,1.2077,-1.58283
-0.220641,-0.201558,0.029027;-1.59482,1.09664,-1.55981
-0.221164,-0.20161,0.029319;-1.6132,1.10673,-1.54664
-0.220968,-0.200667,0.0326464;-1.75867,1.1209,-1.4072
-0.23222,-0.203082,0.0477764;-1.7667,1.29518,-1.3986
-0.240502,-0.204964,0.0448983;-1.6659,1.19739,-1.50133
-0.237381,-0.206278,0.0293717;-1.61517,1.11552,-1.54076
-0.235524,-0.20526,0.0289452;-1.59587,1.12506,-1.55486
-0.240863,-0.203938,0.0286612;-1.57384,1.28462,-1.57137
-0.243513,-0.203339,0.0285734;-1.57329,1.35783,-1.56778
-0.27774,-0.203821,0.0369278;-0.21443,1.43871,-2.90514
-0.291051,-0.203386,0.0353234;-0.534245,1.4261,-2.59645
-0.283273,-0.198442,0.0287728;-1.52051,1.40258,-1.61948
-0.281231,-0.199118,0.0286657;-1.55725,1.36328,-1.58279
-0.281168,-0.199705,0.0285806;-1.56952,1.4274,-1.57216
-0.281016,-0.199981,0.0287159;-1.55622,1.47518,-1.58016
-0.303131,-0.200444,0.0373299;0.271548,1.43743,2.89644
-0.310328,-0.19925,0.0353865;-0.109506,1.44235,-3.02459
-0.306173,-0.197195,0.0294923;-1.02021,1.52038,-2.11979
-0.300331,-0.196328,0.0287037;-1.57012,1.39416,-1.57737
-0.299018,-0.196551,0.0290034;-1.58631,1.3643,-1.57249
-0.298672,-0.196711,0.0297762;-1.56236,1.36249,-1.6056
-0.30494,-0.19908,0.0430293;-1.38041,1.49349,-1.78313
-0.305638,-0.201226,0.0426598;-1.54057,1.4419,-1.63437
-0.297987,-0.20149,0.0360439;-1.68348,1.41163,-1.49366
-0.281997,-0.203299,0.0291715;-1.63767,1.26893,-1.51564
-0.282014,-0.20341,0.0289671;-1.59894,1.27749,-1.55365
-0.283045,-0.202666,0.0290118;-1.61856,1.31085,-1.53302
-0.285516,-0.200966,0.0294689;-1.66349,1.34595,-1.48081
-0.325667,-0.206331,0.0366583;-0.468789,1.41057,-2.64312
-0.330552,-0.206812,0.0347128;-0.841228,1.3969,-2.28688
-0.32359,-0.203895,0.0285552;-1.577,1.37224,-1.56467
-0.323631,-0.203305,0.0287247;-1.54275,1.31937,-1.59791
-0.323556,-0.203993,0.0285768;-1.57008,1.37811,-1.57135
-0.323263,-0.204329,0.0287265;-1.57295,1.43576,-1.56121
-0.355339,-0.206078,0.0371725;0.505693,1.44522,2.66979
-0.36523,-0.206897,0.0365495;0.146484,1.44251,3.01428
-0.358024,-0.204371,0.0284658;-1.80022,1.53564,-1.34313
-0.354517,-0.203487,0.0287004;-1.57245,1.46896,-1.57512
-0.354086,-0.203407,0.0288414;-1.57396,1.45788,-1.57948
-0.357964,-0.203097,0.0291444;-1.73297,1.49823,-1.42398
-0.390469,-0.207758,0.0414852;0.261072,1.41189,2.88915
-0.39924,-0.21047,0.038586;0.0440358,1.39692,3.09455
-0.387919,-0.207953,0.0317603;-1.12986,1.51637,-2.0477
-0.369818,-0.205568,0.0291575;-1.60212,1.37035,-1.5542
-0.366798,-0.204744,0.029645;-1.59519,1.3482,-1.5669
-0.369134,-0.203849,0.0291757;-1.63278,1.37822,-1.52508
-0.385813,-0.202337,0.0379325;-2.45184,1.50648,-0.693164
-0.40524,-0.206547,0.0393521;0.100584,1.49678,3.05703
-0.409388,-0.20774,0.0309885;-0.727841,1.50247,-2.40636
-0.407137,-0.206965,0.0287931;-1.491,1.44736,-1.64934
-0.407236,-0.206939,0.0287836;-1.48915,1.45037,-1.65177
-0.407203,-0.207033,0.0285799;-1.56935,1.46807,-1.57237
-0.41816,-0.204438,0.0308415;1.50163,1.55348,1.65368
-0.445272,-0.206005,0.0380875;0.858909,1.41546,2.30894
-0.463546,-0.208437,0.0352134;0.892057,1.4159,2.2616
-0.458653,-0.208918,0.0285773;1.57069,1.47195,1.57081
-0.458878,-0.209367,0.028697;1.52228,1.45389,1.61905
-0.459301,-0.209282,0.02873;1.53506,1.44414,1.6036
-0.470128,-0.203594,0.0316404;1.70689,1.29837,1.41771
-0.488775,-0.200197,0.0391809;1.62836,1.2289,1.48549
-0.505657,-0.199642,0.0427874;1.43112,1.18963,1.68481
-0.501769,-0.203553,0.0305987;1.5688,1.29487,1.53455
-0.499252,-0.204574,0.0299108;1.59486,1.30502,1.52533
-0.494975,-0.206084,0.0300758;1.58911,1.35366,1.52586
-0.504492,-0.202314,0.0312242;1.58028,1.23216,1.52145
-0.51447,-0.199838,0.0345624;1.56398,1.13609,1.54135
-0.526269,-0.199392,0.0415825;1.42965,1.08978,1.69595
-0.521874,-0.195603,0.0289554;1.57273,1.22336,1.55246
-0.519869,-0.196625,0.0286928;1.5711,1.26823,1.56513
-0.518101,-0.196398,0.028613;1.57041,1.31724,1.56969
-0.517954,-0.196322,0.0286038;1.56634,1.29201,1.57768
-0.522679,-0.193272,0.0302852;1.58802,1.22529,1.57085
-0.545094,-0.186872,0.0361523;1.41791,1.11973,1.74475
-0.566673,-0.184273,0.0285619;1.5744,1.21867,1.56777
-0.566037,-0.184331,0.0285865;1.56178,1.26548,1.57965
-0.56603,-0.184336,0.0287366;1.54572,1.26656,1.59483
-0.567196,-0.183032,0.0288217;1.58587,1.18622,1.55095
-0.570795,-0.178057,0.0321734;1.7129,1.09477,1.4344
-0.579729,-0.17169,0.0389445;1.72145,0.983978,1.41607
-0.587131,-0.175318,0.0343516;1.69504,0.952584,1.43285
-0.589056,-0.177305,0.0317453;1.63228,0.965358,1.4868
-0.591176,-0.176024,0.0307384;1.59184,0.952385,1.5222
-0.595733,-0.173047,0.0314822;1.59509,0.911431,1.50748
-0.599585,-0.167981,0.0352945;1.70274,0.850789,1.43051
-0.605342,-0.161837,0.0411097;1.81193,0.780937,1.34546
-0.619427,-0.153116,0.0434465;1.69281,0.740306,1.44166
-0.619143,-0.154961,0.0307777;1.57711,0.794887,1.53106
-0.615659,-0.157241,0.0289233;1.57677,0.846626,1.55421
-0.612586,-0.158161,0.0287371;1.57073,0.917661,1.56327
-0.612919,-0.157552,0.0287433;1.5711,0.888517,1.56292
-0.613414,-0.154804,0.0295115;1.58975,0.821235,1.55629
-0.630212,-0.138115,0.0375347;1.47617,0.616092,1.65902
-0.631361,-0.137817,0.0302661;1.5336,0.676421,1.60362
-0.630334,-0.13941,0.0285721;1.57055,0.754489,1.57113
-0.63102,-0.13917,0.0287228;1.56667,0.742077,1.56905
-0.631711,-0.137605,0.0288183;1.57077,0.697925,1.55945
-0.631978,-0.134349,0.0300371;1.6143,0.655689,1.53803
-0.649097,-0.111987,0.0445702;1.61925,0.539763,1.52607
-0.654754,-0.107293,0.0421315;1.63291,0.56758,1.50724
-0.653779,-0.111497,0.0306736;1.60258,0.624408,1.52926
-0.652126,-0.114476,0.0287519;1.57224,0.672702,1.56296
-0.652833,-0.113246,0.0287102;1.57067,0.632952,1.56473
-0.653192,-0.110112,0.0287782;1.57106,0.540551,1.56153
-0.662743,-0.0929786,0.0377493;1.56538,0.337528,1.56279
-0.667639,-0.0863273,0.0371348;1.55935,0.357637,1.57613
-0.667417,-0.0863741,0.0286044;1.57176,0.447905,1.56818
-0.667386,-0.0865818,0.028681;1.56727,0.50371,1.57429
-0.667246,-0.0865332,0.0286159;1.57075,0.509997,1.57255
-0.667215,-0.0866167,0.0286039;1.57056,0.48721,1.57222
-0.667215,-0.0866167,0.0286039;1.57056,0.48721,1.57222
-0.667441,-0.0849259,0.0295329;1.57202,0.41021,1.57724
-0.667441,-0.0849259,0.0295329;1.57202,0.41021,1.57724
