0,0,0.11;-1.57,-2.98023e-08,-1.57
0,0,0.11;-1.57,-2.98023e-08,-1.57
0,0,0.11;-1.57,-2.98023e-08,-1.57
-0.000168174,0.00219812,0.0287187;-1.57086,-0.145697,-1.57757
-2.53988e-05,0.00212118,0.0285807;-1.57083,-0.142356,-1.57089
-0.00118,0.000812943,0.0296459;-1.5773,-0.114703,-1.5567
-0.0034871,-0.00637319,0.0310916;-1.55151,-0.125469,-1.54162
-0.00250504,-0.00600572,0.0287914;-1.57077,-0.194079,-1.58081
-0.00237071,-0.00470449,0.0287122;-1.57142,-0.219419,-1.57706
-0.00220065,-0.00376372,0.0286735;-1.5713,-0.248051,-1.57517
-0.0023418,-0.00471177,0.0285802;-1.57065,-0.21439,-1.57075
-0.00318124,-0.0060027,0.0294377;-1.56456,-0.199597,-1.55612
-0.005178,-0.00990594,0.0318892;-1.53713,-0.190027,-1.53232
-0.00496374,-0.0159445,0.0294476;-1.5602,-0.221107,-1.55648
-0.00472968,-0.0162767,0.0285816;-1.57095,-0.252485,-1.57092
-0.00478095,-0.0152293,0.0286259;-1.57348,-0.281663,-1.57215
-0.00478866,-0.0151384,0.0285829;-1.57114,-0.28175,-1.57108
-0.00493447,-0.0150353,0.0288604;-1.56516,-0.257729,-1.56067
-0.00587933,-0.0151882,0.0308153;-1.54445,-0.237562,-1.54044
-0.00740259,-0.0212419,0.0341884;-1.45829,-0.251063,-1.53791
-0.00718562,-0.0206516,0.0297066;-1.54224,-0.288298,-1.55782
-0.00713755,-0.0196374,0.0285827;-1.57119,-0.322602,-1.57097
-0.00694439,-0.0191021,0.0285787;-1.57095,-0.325777,-1.57092
-0.00689455,-0.0191182,0.0285893;-1.57047,-0.306479,-1.57004
-0.00720144,-0.0194758,0.0294383;-1.55275,-0.275037,-1.55407
-0.00785754,-0.0206519,0.0310136;-1.53738,-0.273709,-1.53889
-0.00791521,-0.0227197,0.029026;-1.55644,-0.300156,-1.55878
-0.007965,-0.0218736,0.0285926;-1.57171,-0.353953,-1.57093
-0.00806266,-0.0217773,0.0285789;-1.57085,-0.363,-1.57088
-0.00812083,-0.0218878,0.0285793;-1.57076,-0.352266,-1.57079
-0.00833532,-0.0217472,0.0304223;-1.54285,-0.291979,-1.5423
-0.00909592,-0.0230473,0.0332016;-1.50349,-0.276952,-1.52327
-0.00925248,-0.02747,0.0329381;-1.47899,-0.29718,-1.53518
-0.00943797,-0.0263155,0.0285841;-1.57105,-0.359518,-1.57115
-0.00926871,-0.0258489,0.0285796;-1.57086,-0.380449,-1.57088
-0.00927973,-0.02579,0.0286094;-1.57088,-0.377894,-1.56937
-0.00958596,-0.0263024,0.0293552;-1.55401,-0.314627,-1.55059
-0.0104822,-0.0266755,0.0317322;-1.54293,-0.294035,-1.52706
-0.0112689,-0.029502,0.0333129;-1.50479,-0.295931,-1.52057
-0.0120552,-0.0317869,0.0285746;-1.57091,-0.383189,-1.57119
-0.0119193,-0.031491,0.0286205;-1.57012,-0.39856,-1.56831
-0.0119405,-0.0312899,0.0285796;-1.57082,-0.39861,-1.5708
-0.0116055,-0.0308188,0.0289919;-1.56259,-0.342407,-1.55568
-0.0124196,-0.0317808,0.030796;-1.54733,-0.322917,-1.53663
-0.0137842,-0.0323983,0.0333238;-1.54122,-0.300862,-1.50955
-0.0130307,-0.0351146,0.0286631;-1.57125,-0.361527,-1.56661
-0.0132268,-0.0350225,0.0285789;-1.57093,-0.378873,-1.57082
-0.0133287,-0.0349808,0.0285828;-1.57054,-0.388736,-1.57069
-0.0129707,-0.0345051,0.0287857;-1.56784,-0.332308,-1.56269
-0.0135725,-0.0356713,0.0303233;-1.55772,-0.303214,-1.54303
-0.0151457,-0.0368423,0.0328635;-1.55437,-0.279931,-1.51286
-0.0143281,-0.0397397,0.0290107;-1.55998,-0.328787,-1.5568
-0.0145626,-0.0395926,0.028568;-1.5714,-0.344375,-1.57112
-0.0145219,-0.0395958,0.0286691;-1.56743,-0.35276,-1.56841
-0.0140922,-0.0393268,0.0288144;-1.56724,-0.302885,-1.56169
-0.014919,-0.0400556,0.0302421;-1.5599,-0.266429,-1.54568
-0.0164583,-0.0419108,0.032527;-1.55686,-0.228657,-1.517
-0.0173003,-0.0466477,0.0297602;-1.55008,-0.272082,-1.55155
-0.017755,-0.0469136,0.028829;-1.56401,-0.298136,-1.56338
-0.017956,-0.0469143,0.0286428;-1.57107,-0.313864,-1.56764
-0.0179589,-0.0469519,0.0286522;-1.57083,-0.290292,-1.56735
-0.0183352,-0.047095,0.0291648;-1.56858,-0.259297,-1.55711
-0.0198082,-0.0481334,0.0316546;-1.56623,-0.215861,-1.53032
-0.019852,-0.0511961,0.0327721;-1.53327,-0.21875,-1.52418
-0.0202956,-0.0537163,0.0292552;-1.5558,-0.254711,-1.55827
-0.0206673,-0.0539514,0.0285674;-1.57135,-0.291815,-1.57116
-0.0205545,-0.053785,0.0286373;-1.57099,-0.282811,-1.56804
-0.0204937,-0.0536969,0.028715;-1.57096,-0.262648,-1.56437
-0.021211,-0.0545444,0.0299812;-1.56926,-0.233985,-1.54875
-0.0204001,-0.0627645,0.0338951;-1.54654,-0.162456,-1.51324
-0.0191458,-0.0689506,0.0306323;-1.55359,-0.204715,-1.54311
-0.0196553,-0.0697403,0.0286255;-1.57077,-0.245188,-1.5687
-0.0194861,-0.0690795,0.0286095;-1.57077,-0.261283,-1.56933
-0.0195659,-0.0691264,0.028578;-1.57082,-0.248687,-1.57092
-0.0195452,-0.0690658,0.0289337;-1.56909,-0.230135,-1.55944
-0.0222117,-0.0777259,0.0346959;-1.56399,-0.130537,-1.50466
-0.0203974,-0.0882459,0.0316095;-1.55525,-0.162308,-1.53386
-0.0207657,-0.0904771,0.02879;-1.5644,-0.201361,-1.56353
-0.0207733,-0.0902576,0.0286297;-1.57084,-0.227066,-1.56836
-0.0208579,-0.0903397,0.0285817;-1.57089,-0.213412,-1.57065
-0.0206961,-0.0903302,0.0288132;-1.56717,-0.188814,-1.56019
-0.0248528,-0.0985243,0.0343839;-1.55102,-0.0846784,-1.50721
-0.0262239,-0.110818,0.031657;-1.54242,-0.114004,-1.53603
-0.0275036,-0.112924,0.0292563;-1.55247,-0.147367,-1.55888
-0.0276478,-0.112525,0.0286363;-1.57088,-0.170192,-1.56805
-0.0277043,-0.112349,0.0285927;-1.57074,-0.145075,-1.57012
-0.0275446,-0.11218,0.0287693;-1.56987,-0.119082,-1.56231
-0.0316351,-0.117895,0.0337686;-1.54618,-0.0133827,-1.5125
-0.0357773,-0.129169,0.0330157;-1.51548,-0.0467687,-1.53649
-0.0368856,-0.131423,0.0317415;-1.50065,-0.0710653,-1.5616
-0.0375709,-0.130289,0.028673;-1.57106,-0.118571,-1.56616
-0.0377508,-0.130283,0.0285773;-1.57088,-0.0889062,-1.57068
-0.0378046,-0.130192,0.0285811;-1.57051,-0.0664523,-1.57059
-0.0395814,-0.131959,0.0321905;-1.551,0.0341023,-1.53092
-0.0417407,-0.139344,0.0325972;-1.4871,0.0174966,-1.56629
-0.0424371,-0.141406,0.0352676;-1.43234,0.0173236,-1.57012
-0.043487,-0.138193,0.028579;-1.5709,-0.0307882,-1.57079
-0.0427682,-0.13803,0.0286239;-1.57093,-0.0574349,-1.56867
-0.0427506,-0.138053,0.0285847;-1.57033,-0.0313655,-1.57034
-0.0427007,-0.138227,0.0293675;-1.54884,0.00854568,-1.56598
-0.0436531,-0.143419,0.0362932;-1.41735,0.0816325,-1.57596
-0.0453858,-0.14677,0.037673;-1.39192,0.0612409,-1.58351
-0.0452491,-0.143315,0.031423;-1.50604,0.0510976,-1.57394
-0.0448174,-0.139626,0.0285927;-1.5708,-0.0380653,-1.57157
-0.0447785,-0.13992,0.028636;-1.57056,-0.021333,-1.57337
-0.0446196,-0.141119,0.0293863;-1.54585,0.016988,-1.57071
-0.0442557,-0.144351,0.0372636;-1.39917,0.0706467,-1.57573
-0.0460919,-0.147272,0.0393569;-1.35903,0.0513483,-1.58348
-0.0455224,-0.145727,0.0359101;-1.42475,0.048409,-1.57949
-0.0452977,-0.14042,0.0285609;-1.57028,-0.0105194,-1.57076
-0.0452792,-0.140734,0.0286741;-1.57065,0.00257287,-1.57526
-0.0450276,-0.142262,0.0294608;-1.54476,0.0421328,-1.57253
-0.0448292,-0.144487,0.0371859;-1.40192,0.0910975,-1.57763
-0.0462215,-0.148118,0.0391286;-1.35948,0.075019,-1.58459
-0.0464562,-0.147167,0.0377469;-1.38907,0.068131,-1.58345
-0.0459299,-0.140751,0.0286659;-1.5676,0.0324034,-1.56992
-0.0459634,-0.140747,0.028652;-1.57076,0.0307191,-1.57416
-0.045584,-0.141784,0.0290024;-1.55394,0.063843,-1.57515
-0.0455408,-0.143476,0.0354041;-1.43736,0.109603,-1.57634
-0.0464134,-0.146211,0.0392557;-1.35427,0.10129,-1.59028
-0.0480981,-0.146977,0.0398016;-1.35287,0.0902768,-1.59296
-0.0471741,-0.139605,0.0287832;-1.562,0.0770954,-1.57305
-0.0472491,-0.13848,0.0285998;-1.57124,0.0493768,-1.5721
-0.0472489,-0.13862,0.0286937;-1.57041,0.0604494,-1.5763
-0.0464222,-0.139115,0.0325674;-1.49713,0.113936,-1.56785
-0.0480491,-0.141274,0.0375292;-1.40446,0.116439,-1.57685
-0.049868,-0.146122,0.0401935;-1.34104,0.0974194,-1.59236
-0.0486415,-0.137989,0.0303283;-1.5256,0.0682412,-1.5736
-0.0482447,-0.135248,0.0286091;-1.57104,0.0448608,-1.57244
-0.0482157,-0.135139,0.028601;-1.57096,0.0478953,-1.57163
-0.0480821,-0.135561,0.0304778;-1.53569,0.100506,-1.56297
-0.048726,-0.134267,0.0343576;-1.50777,0.123811,-1.54098
-0.0508106,-0.13617,0.0375588;-1.45557,0.120143,-1.54435
-0.0530262,-0.137911,0.0361566;-1.41597,0.0903773,-1.5812
-0.0517637,-0.132059,0.0288209;-1.56641,0.0776959,-1.56397
-0.0514636,-0.131731,0.0285788;-1.57069,0.0790065,-1.57093
-0.0514287,-0.133096,0.0301785;-1.53525,0.116222,-1.56893
-0.0519062,-0.13277,0.033433;-1.51645,0.13689,-1.54815
-0.0559983,-0.13397,0.0383728;-1.46697,0.147423,-1.5343
-0.061326,-0.142061,0.040193;-1.342,0.104671,-1.59456
-0.059365,-0.135839,0.0318857;-1.49774,0.106058,-1.57362
-0.058411,-0.132937,0.0286651;-1.57104,0.101098,-1.56642
-0.0585007,-0.134414,0.0299507;-1.54121,0.134566,-1.56874
-0.0592868,-0.134845,0.0328525;-1.52871,0.148834,-1.5469
-0.0636954,-0.136166,0.0378246;-1.48466,0.165555,-1.53018
-0.0688769,-0.146938,0.0408904;-1.32261,0.139816,-1.60408
-0.0678983,-0.143823,0.0378367;-1.38589,0.14487,-1.59435
-0.0662417,-0.135999,0.0288927;-1.563,0.133451,-1.56454
-0.065842,-0.136207,0.0294023;-1.54689,0.152454,-1.57091
-0.0660847,-0.136519,0.0316796;-1.53685,0.162092,-1.55092
-0.0690323,-0.136865,0.0362784;-1.5064,0.169445,-1.52911
-0.0737391,-0.148121,0.0411972;-1.31279,0.134412,-1.60279
-0.0727732,-0.146579,0.0408065;-1.33243,0.143598,-1.60768
-0.0709386,-0.136716,0.0289542;-1.56067,0.125791,-1.56431
-0.0708296,-0.136234,0.0286538;-1.56789,0.144939,-1.57192
-0.0715965,-0.136986,0.0299013;-1.54526,0.147911,-1.56672
-0.0729933,-0.137241,0.0326994;-1.53707,0.153254,-1.54087
-0.0760721,-0.146296,0.0382495;-1.39099,0.124631,-1.57866
-0.0779878,-0.149635,0.0419158;-1.32123,0.112982,-1.6072
-0.0768402,-0.146197,0.0361585;-1.42568,0.128758,-1.59177
-0.0753204,-0.141745,0.028714;-1.57084,0.149148,-1.57734
-0.0751874,-0.143169,0.0293582;-1.54605,0.159411,-1.57775
-0.0767179,-0.143975,0.0312789;-1.51907,0.149973,-1.56846
-0.0825123,-0.15131,0.0398634;-1.33944,0.118518,-1.59363
-0.0848143,-0.154104,0.0418264;-1.31123,0.114449,-1.60153
-0.0843369,-0.152416,0.0392732;-1.36386,0.125966,-1.59849
-0.0826429,-0.145015,0.0286826;-1.56588,0.127761,-1.57137
-0.0824331,-0.145801,0.0289854;-1.55159,0.144774,-1.57385
-0.0825015,-0.146481,0.0304938;-1.52537,0.148874,-1.57108
-0.086191,-0.150958,0.0405199;-1.32478,0.142516,-1.60102
-0.0882175,-0.154824,0.0425327;-1.29653,0.137206,-1.61014
-0.0888606,-0.153309,0.0408526;-1.3306,0.137069,-1.60572
-0.0878555,-0.144852,0.0294511;-1.54474,0.123981,-1.57415
-0.0872537,-0.144399,0.0289699;-1.56104,0.12614,-1.58092
-0.0871234,-0.144903,0.0310667;-1.51402,0.129969,-1.58265
-0.0886488,-0.146603,0.0389439;-1.3598,0.151431,-1.59449
-0.0915097,-0.15044,0.041432;-1.3127,0.1381,-1.60557
-0.0936247,-0.147252,0.0394991;-1.35272,0.123882,-1.59504
-0.092777,-0.139942,0.029019;-1.55999,0.110127,-1.56156
-0.0924046,-0.140056,0.0287125;-1.5645,0.115416,-1.57133
-0.0918875,-0.140458,0.0291824;-1.54659,0.135994,-1.57384
-0.0918875,-0.140458,0.0291824;-1.54659,0.135994,-1.57384
-0.0914661,-0.139614,0.0314862;-1.51286,0.155243,-1.5671
-0.0914661,-0.139614,0.0314862;-1.51286,0.155243,-1.5671
