0,0,0.11;-1.57,-2.98023e-08,-1.57
0,0,0.11;-1.57,-2.98023e-08,-1.57
0,0,0.11;-1.57,-2.98023e-08,-1.57
0.000191625,0.00651989,0.02863;-1.56835,-0.137352,-1.56994
0.000360074,0.00655209,0.0286612;-1.57086,-0.10501,-1.56703
-0.00156043,0.00142418,0.0301082;-1.57282,-0.0436553,-1.55163
-0.00332991,-0.0294481,0.0361361;-1.4297,0.0269672,-1.56465
-0.00407856,-0.0225965,0.0285627;-1.57025,-0.070873,-1.57039
-0.00393943,-0.0227895,0.0288022;-1.5606,-0.0665605,-1.57051
-0.00388015,-0.0228312,0.0287155;-1.56442,-0.0598923,-1.57057
-0.00334998,-0.0226676,0.0286868;-1.5708,-0.0197083,-1.56571
-0.00525211,-0.0268033,0.0299783;-1.56593,0.0336607,-1.55346
-0.00951245,-0.0508093,0.0359286;-1.46092,0.136696,-1.56445
-0.0109843,-0.0590383,0.0327502;-1.49028,0.0901101,-1.5717
-0.0109168,-0.0545405,0.0286263;-1.57119,0.0342965,-1.56809
-0.0108029,-0.0543786,0.0286826;-1.56591,0.0223895,-1.57074
-0.0106036,-0.0551091,0.0286067;-1.57089,0.0674775,-1.56935
-0.012199,-0.0575423,0.0293761;-1.56808,0.112118,-1.55946
-0.0192745,-0.0781308,0.0340414;-1.49131,0.215184,-1.57093
-0.0234904,-0.096529,0.0370399;-1.40935,0.23033,-1.59632
-0.0245057,-0.0919036,0.0328136;-1.48725,0.169944,-1.58126
-0.0243036,-0.0873958,0.0285402;-1.57001,0.119433,-1.57128
-0.024108,-0.0872073,0.0285802;-1.57079,0.131155,-1.5708
-0.0237849,-0.0872705,0.0286537;-1.57023,0.171658,-1.56785
-0.0257568,-0.0906193,0.0297535;-1.55599,0.225164,-1.56195
-0.0311181,-0.104875,0.0337571;-1.47486,0.261394,-1.59079
-0.0320077,-0.103211,0.0298904;-1.54232,0.197615,-1.5764
-0.029846,-0.100021,0.0287204;-1.57067,0.138711,-1.5775
-0.0299278,-0.100399,0.0287172;-1.57142,0.144522,-1.57736
-0.0307792,-0.101789,0.0288344;-1.57007,0.187856,-1.5835
-0.0397187,-0.117414,0.0336236;-1.52663,0.309974,-1.59765
-0.0459273,-0.130636,0.0383005;-1.40734,0.323517,-1.63487
-0.0464872,-0.129716,0.0363649;-1.45869,0.250117,-1.62704
-0.0398476,-0.116518,0.0291458;-1.58904,0.146444,-1.57744
-0.0400604,-0.117353,0.0289784;-1.57797,0.157927,-1.5815
-0.0404986,-0.11803,0.0290243;-1.58323,0.176029,-1.57761
-0.0479539,-0.12751,0.0303988;-1.57343,0.281464,-1.58917
-0.0545408,-0.140801,0.0368621;-1.44753,0.335335,-1.63068
-0.0575,-0.144813,0.0376118;-1.43258,0.298341,-1.63426
-0.0549537,-0.132511,0.0290858;-1.57936,0.162346,-1.58503
-0.0540855,-0.131998,0.0288813;-1.5772,0.167677,-1.57759
-0.0543195,-0.132167,0.0287776;-1.57248,0.169734,-1.57815
-0.0564275,-0.134774,0.0287281;-1.57151,0.262184,-1.57713
-0.0627021,-0.14417,0.031784;-1.5223,0.33372,-1.58858
-0.0702695,-0.159359,0.037084;-1.40871,0.39349,-1.62686
-0.0719072,-0.152418,0.0285248;-1.57344,0.249537,-1.57017
-0.0714128,-0.151945,0.0285805;-1.57043,0.238552,-1.57048
-0.0710597,-0.15197,0.0286872;-1.56543,0.254174,-1.57211
-0.0709079,-0.15207,0.028692;-1.5702,0.312767,-1.56551
-0.0747556,-0.156653,0.0301894;-1.54398,0.382558,-1.57275
-0.0849326,-0.176654,0.036447;-1.419,0.494296,-1.63159
-0.0897787,-0.176892,0.0285837;-1.57226,0.363274,-1.56864
-0.0886818,-0.17628,0.0285977;-1.57244,0.326115,-1.56804
-0.088278,-0.176391,0.0287204;-1.56364,0.340063,-1.57311
-0.0878771,-0.176446,0.0287237;-1.56583,0.412175,-1.56931
-0.091097,-0.180188,0.0301705;-1.53971,0.483094,-1.57869
-0.101924,-0.197099,0.0363064;-1.41138,0.595516,-1.64906
-0.107617,-0.197165,0.0293906;-1.54693,0.477555,-1.57933
-0.107329,-0.195924,0.0285777;-1.57152,0.429432,-1.57013
-0.106571,-0.195959,0.0287314;-1.56297,0.445432,-1.57372
-0.106801,-0.196411,0.0285403;-1.57002,0.495948,-1.56856
-0.108208,-0.198059,0.0292691;-1.55499,0.558637,-1.57341
-0.120024,-0.212043,0.0344683;-1.44038,0.665872,-1.64414
-0.127541,-0.218774,0.0337371;-1.452,0.632952,-1.63608
-0.126402,-0.213211,0.0287;-1.56506,0.570702,-1.573
-0.125889,-0.212906,0.0285806;-1.5714,0.536493,-1.57004
-0.125737,-0.213033,0.0285791;-1.57069,0.557328,-1.57085
-0.124974,-0.212975,0.0286853;-1.57162,0.608707,-1.56473
-0.129736,-0.216489,0.0301495;-1.5374,0.688559,-1.58542
-0.149376,-0.238118,0.0367471;-1.36102,0.785015,-1.71123
-0.150879,-0.234525,0.0332631;-1.44678,0.725004,-1.64836
-0.14904,-0.229661,0.0285596;-1.5723,0.66646,-1.56978
-0.148547,-0.230302,0.0285988;-1.57094,0.685986,-1.57168
-0.149261,-0.230961,0.0285794;-1.57099,0.723057,-1.57087
-0.150713,-0.231801,0.0286066;-1.56903,0.779836,-1.57195
-0.172084,-0.247681,0.0382725;-1.30417,0.90817,-1.7812
-0.175472,-0.248491,0.0367509;-1.38677,0.833782,-1.72668
-0.170338,-0.241045,0.0291018;-1.56771,0.762225,-1.58514
-0.168177,-0.240803,0.0288071;-1.57407,0.757793,-1.57689
-0.169723,-0.24137,0.0288058;-1.57267,0.80152,-1.57975
-0.17174,-0.242083,0.0288391;-1.57385,0.853006,-1.57953
-0.193612,-0.255082,0.0378783;-1.30216,0.969977,-1.80014
-0.198167,-0.255823,0.0367828;-1.37752,0.896711,-1.74522
-0.192173,-0.247497,0.0288603;-1.58013,0.818951,-1.57996
-0.189494,-0.247688,0.0287365;-1.57062,0.793896,-1.57833
-0.190379,-0.248287,0.0286132;-1.57078,0.832301,-1.57227
-0.192395,-0.248724,0.0286511;-1.57109,0.893261,-1.57396
-0.215253,-0.261096,0.037106;-1.26753,1.04478,-1.82414
-0.221672,-0.262962,0.0359553;-1.32504,0.991817,-1.776
-0.216451,-0.254989,0.0288312;-1.5538,0.924228,-1.58255
-0.215113,-0.254751,0.0287337;-1.55859,0.909427,-1.58044
-0.21502,-0.254915,0.0285812;-1.57027,0.946458,-1.57124
-0.214888,-0.254964,0.0286691;-1.57072,0.963148,-1.56673
-0.239281,-0.264422,0.0358211;-1.27453,1.12787,-1.82792
-0.249465,-0.268047,0.0353875;-1.29209,1.09239,-1.81567
-0.24654,-0.264754,0.0328201;-1.40163,1.06468,-1.71467
-0.242663,-0.261543,0.0286505;-1.56574,0.999209,-1.57375
-0.242383,-0.262186,0.0287401;-1.55576,1.04073,-1.58339
-0.242185,-0.26211,0.0285989;-1.57039,1.06543,-1.57035
-0.242973,-0.262231,0.0290057;-1.5484,1.12189,-1.58404
-0.274735,-0.27245,0.0372906;-1.05519,1.24547,-2.05407
-0.275264,-0.270241,0.0344568;-1.26151,1.19922,-1.85691
-0.269074,-0.265503,0.0286068;-1.57046,1.12626,-1.56956
-0.268075,-0.266146,0.0286784;-1.55945,1.1352,-1.58116
-0.267908,-0.266416,0.0285783;-1.57078,1.16103,-1.57096
-0.267608,-0.266668,0.0287367;-1.56962,1.20238,-1.56467
-0.299941,-0.271759,0.0375835;-0.866667,1.33531,-2.24547
-0.308558,-0.272556,0.036051;-1.01247,1.30534,-2.11003
-0.299971,-0.267125,0.0285424;-1.5864,1.2515,-1.55293
-0.298134,-0.267868,0.0287198;-1.55161,1.21215,-1.58876
-0.29855,-0.268385,0.0285799;-1.57052,1.25453,-1.57119
-0.298281,-0.268423,0.0287104;-1.57178,1.28838,-1.56328
-0.330383,-0.270762,0.0375074;-0.525768,1.39867,-2.59368
-0.340911,-0.271317,0.0362603;-0.728397,1.37619,-2.39761
-0.33231,-0.26674,0.0285899;-1.57951,1.35741,-1.56017
-0.330602,-0.267366,0.0286833;-1.55067,1.32768,-1.59067
-0.331103,-0.267582,0.0285805;-1.5702,1.3577,-1.57152
-0.331576,-0.267425,0.0285785;-1.57074,1.39933,-1.57073
-0.355417,-0.26544,0.0361566;-0.151922,1.43779,-2.98001
-0.362399,-0.265183,0.0374515;-0.266929,1.40528,-2.86718
-0.356102,-0.262986,0.0324065;-1.08662,1.43309,-2.05731
-0.349603,-0.263085,0.0286947;-1.57074,1.3946,-1.57637
-0.350383,-0.263215,0.0287085;-1.57151,1.41748,-1.5763
-0.351652,-0.262946,0.0287472;-1.57055,1.46346,-1.57887
-0.367464,-0.258864,0.0316782;0.821798,1.53808,2.32081
-0.386479,-0.2567,0.0385875;0.385523,1.37908,2.75664
-0.386657,-0.255042,0.0367902;0.0410563,1.42559,3.097
-0.37376,-0.25438,0.0287389;-1.577,1.4555,-1.57154
-0.373756,-0.254879,0.0287387;-1.56876,1.47817,-1.58035
-0.374374,-0.254939,0.0286799;-1.56911,1.49675,-1.57722
-0.379167,-0.252637,0.0293717;1.59574,1.53256,1.55283
-0.398536,-0.248232,0.0346206;0.834928,1.40831,2.31168
-0.407844,-0.246875,0.0380976;0.564577,1.3602,2.5791
-0.398114,-0.245248,0.0285231;-1.37674,1.56308,-1.76517
-0.397966,-0.245615,0.0286744;0.669513,1.56562,2.47152
-0.398459,-0.245972,0.0286917;1.39958,1.54426,1.74108
-0.398702,-0.245921,0.0288039;1.57201,1.47178,1.57927
-0.410928,-0.240707,0.0315413;1.44962,1.38593,1.71009
-0.435951,-0.234393,0.0396802;1.01665,1.24143,2.12809
-0.433786,-0.234158,0.0286418;1.58988,1.38785,1.55491
-0.43326,-0.234677,0.028579;1.5712,1.41851,1.57036
-0.433482,-0.234948,0.028778;1.51773,1.40592,1.6223
-0.433799,-0.23531,0.0287222;1.57218,1.32898,1.57656
-0.440443,-0.230804,0.0306855;1.57689,1.26283,1.58647
-0.465184,-0.221617,0.0386631;1.22141,1.13061,1.91794
-0.466299,-0.220317,0.028599;1.58308,1.25261,1.56174
-0.465091,-0.221135,0.0285423;1.56525,1.28709,1.57659
-0.465298,-0.221307,0.0288057;1.53663,1.27717,1.60269
-0.46586,-0.221617,0.0286896;1.57373,1.21097,1.57445
-0.470804,-0.216973,0.0304706;1.58416,1.14367,1.57886
-0.494322,-0.204996,0.0377266;1.32789,1.01454,1.80704
-0.500353,-0.202741,0.032083;1.41526,1.09759,1.71357
-0.497024,-0.205436,0.0285778;1.57155,1.14247,1.57013
-0.497188,-0.205604,0.0288482;1.54301,1.13523,1.59504
-0.49768,-0.206005,0.02858;1.57066,1.08465,1.57087
-0.497863,-0.204966,0.0292226;1.57317,1.04543,1.57988
-0.511844,-0.193382,0.0327842;1.5294,0.94936,1.62978
-0.535923,-0.177692,0.0374697;1.28877,0.902133,1.80514
-0.52901,-0.185605,0.0285914;1.59145,0.949312,1.5588
-0.529012,-0.185912,0.028592;1.56936,0.970289,1.57188
-0.529886,-0.186104,0.0286719;1.5635,0.927288,1.57667
-0.529913,-0.186155,0.0286796;1.57087,0.901982,1.57553
-0.532271,-0.181647,0.0301468;1.57781,0.849227,1.58346
-0.561016,-0.153886,0.040404;1.29624,0.72912,1.78157
-0.557086,-0.159457,0.0336286;1.43081,0.776367,1.67492
-0.55398,-0.164869,0.0285256;1.57075,0.803789,1.57038
-0.554717,-0.164736,0.0288443;1.55277,0.785607,1.58364
-0.554653,-0.16522,0.0285691;1.57132,0.762165,1.57022
-0.554558,-0.164088,0.0290569;1.57367,0.724629,1.57945
-0.580479,-0.127413,0.0410501;1.35935,0.542803,1.71991
-0.584249,-0.124655,0.0388529;1.34898,0.573313,1.70817
-0.580643,-0.136258,0.0285698;1.58169,0.605279,1.56847
-0.580608,-0.13696,0.0288569;1.5554,0.625518,1.57916
-0.581066,-0.137464,0.028534;1.57389,0.587815,1.56938
-0.580991,-0.137127,0.0287203;1.57235,0.567025,1.57716
-0.595933,-0.104695,0.0382715;1.44229,0.393438,1.65574
-0.603722,-0.0944302,0.0388408;1.36239,0.416045,1.67199
-0.600619,-0.105534,0.0285388;1.57563,0.447481,1.56919
-0.600248,-0.107141,0.0289054;1.55428,0.476834,1.57763
-0.600692,-0.107459,0.0286813;1.56539,0.441672,1.57304
-0.600726,-0.107424,0.0286845;1.57068,0.414134,1.57589
-0.600726,-0.107424,0.0286845;1.57068,0.414134,1.57589
-0.601398,-0.100784,0.0305285;1.58274,0.35978,1.58273
-0.601398,-0.100784,0.0305285;1.58274,0.35978,1.58273
