0,0,0.11;-1.57,-2.98023e-08,-1.57
0,0,0.11;-1.57,-2.98023e-08,-1.57
0,0,0.11;-1.57,-2.98023e-08,-1.57
-0.000480477,0.00193329,0.0287196;-1.57071,-0.177796,-1.57751
-0.000468511,0.00105728,0.0285804;-1.57077,-0.128375,-1.57061
-0.00100686,0.000663335,0.0296377;-1.56483,-0.0474402,-1.55646
-0.000849239,-0.00240032,0.0314978;-1.53998,0.0333491,-1.544
-0.00102259,0.00498707,0.0288648;-1.57134,-0.103619,-1.58409
-0.00181139,0.00639659,0.0286951;-1.56908,-0.169299,-1.57454
-0.00281989,0.00733218,0.028684;-1.57025,-0.221342,-1.57532
-0.00272503,0.00443788,0.0285784;-1.57095,-0.139392,-1.5706
-0.00385638,-0.000162955,0.0293987;-1.55287,-0.111013,-1.56024
-0.00505674,-0.0107652,0.0325697;-1.5173,-0.0592577,-1.53905
-0.00646705,-0.0132415,0.030491;-1.52876,-0.0988721,-1.5577
-0.00771796,-0.0100767,0.0286008;-1.57083,-0.141139,-1.5717
-0.00792258,-0.0084507,0.0286201;-1.57079,-0.184283,-1.57265
-0.00777106,-0.00921173,0.0285792;-1.57099,-0.137841,-1.57091
-0.00814843,-0.0110063,0.0289343;-1.57521,-0.105545,-1.56663
-0.00815613,-0.0213996,0.0318878;-1.59932,-0.0782843,-1.54357
-0.00410106,-0.0487147,0.0335057;-1.49998,-0.134216,-1.5346
-0.00446503,-0.0485201,0.0303159;-1.53154,-0.167269,-1.55703
-0.00536953,-0.0465124,0.028586;-1.57086,-0.209476,-1.57163
-0.00520408,-0.0455148,0.028583;-1.57064,-0.219722,-1.57092
-0.00483525,-0.0450855,0.0285971;-1.57129,-0.149726,-1.5695
-0.00623739,-0.045959,0.0299329;-1.57537,-0.0607738,-1.55531
-0.00756475,-0.0500522,0.0312146;-1.56169,0.0540755,-1.53886
-0.00618001,-0.0512618,0.0287981;-1.56583,0.0152447,-1.56554
-0.00826818,-0.051115,0.028698;-1.56496,-0.175016,-1.57001
-0.0087086,-0.0507809,0.0286045;-1.56963,-0.198639,-1.57055
-0.00851517,-0.0517391,0.0285806;-1.57067,-0.168038,-1.57092
-0.0116414,-0.0553556,0.0318243;-1.59316,0.0128399,-1.53171
-0.0119646,-0.0704361,0.0342343;-1.55398,0.11646,-1.5159
-0.0110302,-0.0745171,0.0343444;-1.5119,0.113444,-1.53701
-0.0102458,-0.0676569,0.0286668;-1.57066,0.0480316,-1.57491
-0.0107727,-0.067119,0.0288457;-1.55987,0.00943687,-1.57256
-0.0109023,-0.0671373,0.0287534;-1.56392,0.0101367,-1.57252
-0.0131455,-0.0731189,0.0303865;-1.58743,0.0467191,-1.5459
-0.018134,-0.0922678,0.0328724;-1.58244,0.121403,-1.52003
-0.02271,-0.116635,0.0348013;-1.49188,0.136184,-1.544
-0.0246523,-0.119862,0.0285671;-1.57167,0.0304634,-1.57137
-0.0241777,-0.118265,0.0285807;-1.57086,-0.0495216,-1.56959
-0.0241759,-0.118086,0.028579;-1.57072,-0.0672994,-1.57071
-0.024522,-0.118656,0.0290246;-1.57528,0.0712435,-1.55894
-0.0290619,-0.131077,0.032043;-1.58877,0.116441,-1.52761
-0.0341277,-0.158781,0.0353647;-1.51358,0.180505,-1.53166
-0.0417173,-0.173404,0.0286141;-1.56954,0.0330319,-1.57057
-0.0418238,-0.170845,0.0285679;-1.57067,-0.0696464,-1.57062
-0.0415899,-0.170684,0.0285787;-1.57085,-0.111375,-1.57076
-0.0400357,-0.170384,0.028727;-1.56851,0.0487959,-1.56594
-0.0405303,-0.171934,0.0307107;-1.56117,0.160616,-1.54739
-0.0427569,-0.182631,0.0348028;-1.53858,0.28003,-1.52672
-0.0451624,-0.192734,0.0289742;-1.55438,0.177751,-1.57077
-0.0464979,-0.190988,0.0286152;-1.57111,0.0781689,-1.57275
-0.0466761,-0.190136,0.0286541;-1.56719,-0.00479965,-1.57064
-0.0468147,-0.190957,0.0288017;-1.56282,0.0102856,-1.56814
-0.0469835,-0.191834,0.0303357;-1.54897,0.0533757,-1.55639
-0.0489667,-0.199593,0.0344572;-1.52608,0.149211,-1.53474
-0.0507259,-0.207002,0.0303918;-1.529,0.138172,-1.57005
-0.0520686,-0.205086,0.0287549;-1.56206,0.0806074,-1.57121
-0.0526412,-0.203131,0.0285877;-1.57083,0.00283522,-1.5711
-0.053259,-0.203461,0.0285826;-1.57047,-0.0419842,-1.5705
-0.0541739,-0.206343,0.0296698;-1.56547,-0.0257237,-1.5559
-0.056544,-0.218492,0.0328745;-1.55788,0.0326038,-1.53199
-0.0605553,-0.241175,0.0328051;-1.49568,0.0783883,-1.56195
-0.061903,-0.241157,0.0295779;-1.54196,0.0498294,-1.57043
-0.0623813,-0.239538,0.0286025;-1.57083,0.00512516,-1.57177
-0.0620514,-0.238444,0.0285993;-1.57077,-0.0423669,-1.57166
-0.0606592,-0.238132,0.0288214;-1.55933,0.0357633,-1.57057
-0.0592667,-0.238166,0.0305254;-1.55387,0.161337,-1.55431
-0.0645837,-0.270996,0.0354262;-1.49903,0.257999,-1.54482
-0.0691114,-0.28044,0.0317445;-1.50483,0.179085,-1.57534
-0.0710316,-0.27946,0.0288492;-1.5578,0.137655,-1.57233
-0.0705578,-0.277555,0.0285781;-1.57083,0.0631992,-1.57069
-0.0704719,-0.278601,0.028579;-1.57057,0.107879,-1.57129
-0.0692523,-0.278738,0.0290937;-1.5535,0.185467,-1.56833
-0.0709412,-0.293453,0.036249;-1.50836,0.427341,-1.54473
-0.0703603,-0.301334,0.0342026;-1.49708,0.406486,-1.57339
-0.0688309,-0.300651,0.0289054;-1.55748,0.380356,-1.57247
-0.0688394,-0.298627,0.0285802;-1.57056,0.250623,-1.57057
-0.0693146,-0.299551,0.0285746;-1.57031,0.270917,-1.57086
-0.0692896,-0.299928,0.0288986;-1.5606,0.303422,-1.56788
-0.0772687,-0.310792,0.0352844;-1.51411,0.435956,-1.5457
-0.0800918,-0.318804,0.0333732;-1.49814,0.407124,-1.58041
-0.0777139,-0.317793,0.0298868;-1.53562,0.426745,-1.58049
-0.0762894,-0.315697,0.0287217;-1.5639,0.405024,-1.57409
-0.0765638,-0.316763,0.0285779;-1.57046,0.436861,-1.5711
-0.0762906,-0.317132,0.0289066;-1.56396,0.472387,-1.56423
-0.0929774,-0.338267,0.0362493;-1.50787,0.553067,-1.5494
-0.102007,-0.34976,0.0347441;-1.48226,0.534077,-1.58398
-0.105975,-0.353317,0.0310239;-1.50839,0.506876,-1.59309
-0.10748,-0.352196,0.0286007;-1.57097,0.374048,-1.56954
-0.107517,-0.352266,0.0286447;-1.56756,0.372089,-1.57192
-0.107103,-0.352467,0.028916;-1.55385,0.386627,-1.57618
-0.101915,-0.352602,0.0342819;-1.54174,0.609852,-1.54106
-0.11432,-0.364525,0.0339079;-1.50918,0.623636,-1.56603
-0.120695,-0.370519,0.0338164;-1.48468,0.613386,-1.58793
-0.127983,-0.371871,0.0286287;-1.56935,0.472022,-1.57037
-0.129025,-0.372297,0.028579;-1.57085,0.392039,-1.57071
-0.128788,-0.373042,0.028911;-1.55321,0.431527,-1.578
-0.12884,-0.373609,0.0295855;-1.54272,0.475264,-1.57545
-0.132474,-0.386361,0.0357134;-1.49072,0.703342,-1.57273
-0.135341,-0.393824,0.0330722;-1.48731,0.677623,-1.59752
-0.138615,-0.394624,0.0291771;-1.54031,0.62578,-1.58611
-0.139177,-0.393056,0.0285803;-1.57071,0.519324,-1.57074
-0.139341,-0.393341,0.0287373;-1.56197,0.544215,-1.57534
-0.139479,-0.394073,0.0291798;-1.54289,0.575824,-1.58014
-0.14348,-0.398858,0.0356497;-1.48551,0.707357,-1.57419
-0.148223,-0.405736,0.0342454;-1.47009,0.715734,-1.60271
-0.147427,-0.40918,0.0312452;-1.489,0.722974,-1.61862
-0.145903,-0.407773,0.0286238;-1.56816,0.693379,-1.57245
-0.145846,-0.40835,0.0290077;-1.54362,0.717903,-1.58787
-0.143873,-0.408292,0.0292312;-1.54054,0.783821,-1.58168
-0.151267,-0.417085,0.0342281;-1.52534,0.920754,-1.54276
-0.159845,-0.430868,0.0356086;-1.45683,0.936363,-1.60262
-0.163978,-0.434539,0.0332089;-1.45435,0.891687,-1.63282
-0.161701,-0.434781,0.028969;-1.5457,0.888442,-1.58716
-0.162145,-0.434648,0.0289939;-1.5427,0.873288,-1.59016
-0.162052,-0.434949,0.0293392;-1.52627,0.886951,-1.5963
-0.160742,-0.435985,0.034647;-1.49454,1.005,-1.57087
-0.165551,-0.441799,0.0354217;-1.46117,1.03999,-1.59731
-0.168127,-0.44424,0.034819;-1.43529,1.01622,-1.63253
-0.170734,-0.44475,0.02883;-1.56563,0.927937,-1.56603
-0.171856,-0.44508,0.0286715;-1.57073,0.878834,-1.56625
-0.173238,-0.445096,0.0290354;-1.53942,0.858958,-1.59283
-0.173442,-0.445761,0.0324771;-1.49288,0.933777,-1.59621
-0.175204,-0.447213,0.0352987;-1.45263,1.00646,-1.608
-0.174731,-0.45239,0.0348679;-1.43243,1.05021,-1.63396
-0.177639,-0.454266,0.0289263;-1.54675,0.96114,-1.58744
-0.177502,-0.453919,0.0286178;-1.57107,0.926296,-1.5686
-0.177011,-0.453846,0.0286365;-1.57077,0.941292,-1.56808
-0.176601,-0.455885,0.0311104;-1.52389,1.05126,-1.57817
-0.183788,-0.457197,0.0341644;-1.4653,1.05671,-1.60608
-0.189497,-0.459184,0.0351439;-1.43466,1.05146,-1.625
-0.186224,-0.462346,0.0291495;-1.5406,1.04385,-1.58467
-0.185313,-0.461965,0.0285766;-1.57153,1.03332,-1.57019
-0.185001,-0.462065,0.0285793;-1.57103,1.01589,-1.57068
-0.184782,-0.463494,0.0296294;-1.56224,1.13962,-1.56022
-0.190702,-0.465497,0.0323784;-1.51605,1.13685,-1.57254
-0.198332,-0.46645,0.0353197;-1.44853,1.13103,-1.6104
-0.210329,-0.467743,0.0314708;-1.49072,0.984155,-1.61474
-0.21247,-0.46632,0.0285801;-1.57075,0.913254,-1.57099
-0.211964,-0.46653,0.0287313;-1.58196,0.868878,-1.5624
-0.211989,-0.467848,0.028884;-1.54704,0.941268,-1.58932
-0.208556,-0.469174,0.0317553;-1.5056,1.01739,-1.60155
-0.20398,-0.471053,0.0354063;-1.48911,1.10647,-1.59203
-0.206568,-0.477278,0.0319151;-1.48224,1.07949,-1.61865
-0.210132,-0.476588,0.0286956;-1.56001,0.998287,-1.5805
-0.209686,-0.476544,0.0287996;-1.58544,0.932087,-1.56101
-0.210208,-0.476323,0.028639;-1.569,0.908328,-1.57457
-0.210985,-0.47577,0.0309575;-1.52353,0.929883,-1.59581
-0.212529,-0.474882,0.0353092;-1.49726,0.984956,-1.59497
-0.213606,-0.483439,0.0321903;-1.47406,1.04773,-1.63044
-0.217498,-0.483283,0.0293752;-1.53279,0.978145,-1.60571
-0.216585,-0.481476,0.0286642;-1.57097,0.903794,-1.57509
-0.215757,-0.481505,0.028792;-1.57064,0.858025,-1.58109
-0.217382,-0.482646,0.0290801;-1.59166,0.883565,-1.55241
-0.222835,-0.486048,0.0340734;-1.5653,0.909498,-1.55267
-0.230133,-0.493582,0.0357716;-1.50329,0.940202,-1.60331
-0.232952,-0.494697,0.0301316;-1.52586,0.8912,-1.6131
-0.23191,-0.493858,0.0289459;-1.58004,0.869315,-1.57542
-0.230464,-0.493975,0.0290316;-1.58651,0.847139,-1.5701
-0.232693,-0.494653,0.0287874;-1.57089,0.933488,-1.58063
-0.230627,-0.495359,0.0307984;-1.56607,1.02062,-1.56626
-0.231676,-0.502263,0.0408013;-1.5951,1.0654,-1.52656
-0.235875,-0.507971,0.0340718;-1.54852,0.985112,-1.58075
-0.239179,-0.509298,0.0288475;-1.57039,0.913929,-1.5837
-0.236921,-0.50904,0.0292051;-1.61258,0.871785,-1.54248
-0.239662,-0.509143,0.0290126;-1.58339,0.928258,-1.57366
-0.239724,-0.510062,0.0290859;-1.57645,1.00565,-1.57856
-0.220308,-0.515915,0.0429585;-1.64882,1.20096,-1.47335
-0.211659,-0.518518,0.0405918;-1.63016,1.24596,-1.48664
-0.203768,-0.521894,0.0301452;-1.61521,1.22836,-1.51011
-0.201083,-0.523247,0.0292535;-1.64092,1.14351,-1.51098
-0.202341,-0.522654,0.0291881;-1.63251,1.16717,-1.51948
-0.204362,-0.522153,0.0304089;-1.69307,1.18185,-1.45682
-0.213302,-0.521103,0.0420748;-1.75123,1.25535,-1.37175
-0.220701,-0.523722,0.0440046;-1.73676,1.24405,-1.39543
-0.222216,-0.527971,0.0345047;-1.62211,1.26034,-1.50983
-0.213663,-0.532086,0.0292754;-1.65525,1.23473,-1.49717
-0.213696,-0.532145,0.0291813;-1.62244,1.22876,-1.53374
-0.213579,-0.531279,0.0312123;-1.75566,1.23137,-1.3961
-0.213579,-0.531279,0.0312123;-1.75566,1.23137,-1.3961
-0.214613,-0.53189,0.0357912;-1.95793,1.22144,-1.1926
-0.214613,-0.53189,0.0357912;-1.95793,1.22144,-1.1926
