0,0,0.11;-1.57,-2.98023e-08,-1.57
0,0,0.11;-1.57,-2.98023e-08,-1.57
0,0,0.11;-1.57,-2.98023e-08,-1.57
0.000404257,0.00965296,0.0286347;-1.57083,-0.118108,-1.57338
0.000346744,0.00881479,0.0285804;-1.57063,-0.0713556,-1.57074
-0.00144484,0.00508238,0.0300745;-1.58487,-0.0244823,-1.56161
-0.00424868,-0.0196486,0.0364543;-1.44616,0.0141823,-1.54816
-0.00318909,-0.0100878,0.0285778;-1.57089,-0.0768277,-1.57065
-0.00300906,-0.0103225,0.0288653;-1.56191,-0.0579091,-1.57509
-0.00302629,-0.00975086,0.0286389;-1.57035,-0.0674695,-1.57313
-0.00303528,-0.0104087,0.0287931;-1.57136,-0.00357089,-1.56074
-0.005776,-0.0170372,0.0315194;-1.59906,0.0437403,-1.54705
-0.00930962,-0.0392326,0.0383618;-1.54934,0.141358,-1.54539
-0.00922158,-0.0471472,0.0335838;-1.48866,0.0940854,-1.56052
-0.00683206,-0.0394758,0.0288174;-1.57756,0.0526632,-1.56316
-0.00661087,-0.0396067,0.0286758;-1.56795,0.0571947,-1.57363
-0.00663565,-0.0401578,0.0286962;-1.57093,0.116755,-1.56523
-0.00950043,-0.0431995,0.0305746;-1.58771,0.165406,-1.54782
-0.0168484,-0.0590964,0.0370817;-1.62428,0.251889,-1.53158
-0.0217663,-0.0808082,0.0390136;-1.39417,0.267015,-1.58741
-0.0189719,-0.0745706,0.0343275;-1.46499,0.216221,-1.58208
-0.0157841,-0.0681475,0.028661;-1.57096,0.18347,-1.5669
-0.0157627,-0.0682126,0.0285798;-1.57082,0.223909,-1.5708
-0.0159724,-0.0676548,0.0288398;-1.5722,0.273596,-1.55844
-0.0212823,-0.0727234,0.031988;-1.60786,0.323808,-1.53459
-0.0296237,-0.0873589,0.0366209;-1.56429,0.368796,-1.5444
-0.0310385,-0.0921202,0.0318725;-1.50332,0.323215,-1.58276
-0.0288053,-0.0894737,0.0289287;-1.55815,0.308915,-1.57916
-0.0287079,-0.0895025,0.0287393;-1.56549,0.316563,-1.57495
-0.0287092,-0.0898161,0.0285797;-1.57086,0.351939,-1.5707
-0.040638,-0.101327,0.035084;-1.65214,0.467085,-1.50333
-0.0531368,-0.120426,0.0418243;-1.4632,0.538986,-1.59182
-0.0575574,-0.129331,0.0383173;-1.36362,0.480289,-1.65516
-0.0487876,-0.117809,0.02857;-1.57101,0.442308,-1.57089
-0.0487745,-0.118352,0.0287871;-1.56332,0.46207,-1.57727
-0.0488619,-0.1188,0.0286754;-1.56699,0.483929,-1.5738
-0.054903,-0.121823,0.031413;-1.60188,0.572016,-1.52889
-0.070436,-0.134847,0.0383965;-1.62032,0.662441,-1.51039
-0.0829766,-0.150677,0.0390097;-1.33779,0.659949,-1.68603
-0.075168,-0.142433,0.0286301;-1.56941,0.587773,-1.56721
-0.075149,-0.142854,0.0289204;-1.55507,0.613642,-1.58321
-0.0749713,-0.142892,0.0287123;-1.5657,0.622633,-1.5759
-0.0766909,-0.143271,0.0293743;-1.57768,0.704292,-1.54925
-0.0889857,-0.150107,0.0342698;-1.65372,0.763185,-1.48144
-0.107569,-0.164775,0.0417212;-1.45219,0.84851,-1.62465
-0.105739,-0.165327,0.0288954;-1.58389,0.754071,-1.5523
-0.104128,-0.164755,0.0285763;-1.57082,0.742141,-1.57091
-0.104225,-0.165205,0.0287855;-1.56093,0.758026,-1.58011
-0.104539,-0.165057,0.0289318;-1.57586,0.827631,-1.55199
-0.114343,-0.168403,0.0322503;-1.6212,0.879669,-1.50388
-0.135964,-0.180893,0.0398864;-1.47804,0.982188,-1.61516
-0.140322,-0.183643,0.0287306;-1.59152,0.887595,-1.54856
-0.139109,-0.183532,0.0285769;-1.57088,0.8764,-1.5708
-0.139436,-0.184142,0.0288493;-1.55461,0.901097,-1.58619
-0.139681,-0.184514,0.0288568;-1.57286,0.979061,-1.55559
-0.148755,-0.186031,0.0318291;-1.62095,1.02704,-1.50263
-0.171422,-0.195615,0.0388001;-1.41786,1.12513,-1.67593
-0.177275,-0.199629,0.0298478;-1.52207,1.06318,-1.60144
-0.174595,-0.198952,0.0286286;-1.57131,1.03546,-1.56775
-0.175007,-0.199512,0.0289213;-1.54288,1.06441,-1.59808
-0.174733,-0.199928,0.0287921;-1.57107,1.12176,-1.56039
-0.179544,-0.199582,0.0305626;-1.60003,1.17275,-1.52107
-0.200974,-0.204942,0.0365282;-1.51261,1.2685,-1.5959
-0.212258,-0.20966,0.0355632;-1.21928,1.23493,-1.87965
-0.205984,-0.20822,0.0287507;-1.58032,1.2166,-1.5506
-0.204859,-0.208386,0.0285607;-1.57055,1.19905,-1.5719
-0.204758,-0.208631,0.0285804;-1.57078,1.22642,-1.57084
-0.204548,-0.208196,0.0288679;-1.57594,1.26979,-1.55278
-0.211598,-0.206138,0.0319789;-1.6816,1.32529,-1.43498
-0.253454,-0.211569,0.0396877;-0.651654,1.32908,-2.44708
-0.250065,-0.210875,0.0366183;-0.9397,1.3115,-2.17397
-0.238244,-0.210949,0.0287549;-1.5732,1.33363,-1.55814
-0.238743,-0.211263,0.0287947;-1.52959,1.35328,-1.6124
-0.238377,-0.21117,0.0286135;-1.57416,1.38201,-1.56663
-0.239927,-0.210119,0.0294899;-1.59131,1.41968,-1.53151
-0.280595,-0.206827,0.0420006;0.111258,1.43623,3.06951
-0.294047,-0.208273,0.0394566;-0.234979,1.35961,-2.88866
-0.279697,-0.206477,0.0298386;-1.34631,1.45321,-1.78649
-0.27616,-0.207388,0.0288862;-1.47128,1.44284,-1.67148
-0.276108,-0.207651,0.0285802;-1.56445,1.47476,-1.57666
-0.276594,-0.206903,0.0290194;-1.65281,1.50879,-1.47359
-0.311455,-0.199894,0.0404162;0.869898,1.42597,2.30398
-0.328918,-0.19982,0.0389468;0.292403,1.36686,2.85549
-0.318946,-0.199614,0.0289042;1.32055,1.54482,1.82991
-0.317962,-0.200678,0.0288443;1.21823,1.53725,1.92219
-0.318094,-0.200947,0.0285761;1.56869,1.5015,1.57285
-0.318346,-0.2007,0.0288679;1.56523,1.47375,1.58778
-0.35421,-0.19413,0.0388231;1.09237,1.275,2.07281
-0.366518,-0.193346,0.0376503;0.963176,1.29819,2.18072
-0.360321,-0.195385,0.029877;1.45201,1.35563,1.69551
-0.358544,-0.196176,0.0287112;1.54051,1.36021,1.60045
-0.358702,-0.196503,0.0285833;1.5687,1.31295,1.57321
-0.358643,-0.196611,0.0287622;1.57119,1.30594,1.57929
-0.384093,-0.18554,0.0361964;1.34252,1.14755,1.81689
-0.400806,-0.182053,0.0348568;1.3321,1.13381,1.81193
-0.397946,-0.185438,0.0329296;1.43808,1.12124,1.71771
-0.396407,-0.186297,0.0285904;1.57115,1.16489,1.56989
-0.396624,-0.186666,0.0286371;1.56478,1.14103,1.57568
-0.396734,-0.186788,0.0286045;1.57065,1.11264,1.57205
-0.397598,-0.18644,0.0294059;1.55324,1.07586,1.60026
-0.416507,-0.172955,0.0375798;1.37233,0.999033,1.78532
-0.418972,-0.172749,0.0339027;1.40721,1.03771,1.73481
-0.415704,-0.175138,0.0287179;1.57131,1.06537,1.57705
-0.415542,-0.175148,0.0285767;1.5704,1.05942,1.57111
-0.416007,-0.175302,0.0285837;1.56993,1.02526,1.57234
-0.41613,-0.175358,0.0287709;1.57066,0.993644,1.58003
-0.437399,-0.159114,0.0376324;1.41153,0.84681,1.7347
-0.447161,-0.15335,0.0352542;1.39721,0.885666,1.72452
-0.443597,-0.156822,0.0286194;1.57537,0.914296,1.57167
-0.443361,-0.15717,0.0285724;1.56981,0.918778,1.57135
-0.444017,-0.157518,0.028568;1.5705,0.875278,1.57138
-0.444076,-0.157722,0.0287294;1.57087,0.842556,1.57794
-0.462065,-0.139833,0.0370247;1.44622,0.702629,1.69424
-0.472172,-0.132092,0.0352305;1.43523,0.718964,1.6849
-0.471072,-0.136136,0.0288209;1.56071,0.726268,1.58314
-0.470598,-0.136528,0.0285931;1.56997,0.747916,1.57133
-0.471365,-0.136423,0.0285775;1.57082,0.704262,1.57069
-0.471701,-0.136621,0.0287084;1.56569,0.673553,1.57763
-0.47638,-0.126544,0.0355007;1.48908,0.597389,1.65757
-0.481404,-0.117712,0.036739;1.45177,0.592312,1.67707
-0.483887,-0.118484,0.0319224;1.50357,0.598404,1.62424
-0.48259,-0.120123,0.0286408;1.56981,0.635878,1.569
-0.483111,-0.120069,0.0285841;1.57041,0.610722,1.57081
-0.483319,-0.119932,0.0285797;1.57054,0.591099,1.57084
-0.483843,-0.118611,0.0319267;1.53081,0.542407,1.61824
-0.485345,-0.10891,0.0377574;1.46076,0.522814,1.67216
-0.48841,-0.104041,0.035635;1.45027,0.552387,1.66052
-0.485575,-0.10837,0.0285794;1.57093,0.600095,1.57054
-0.485694,-0.108469,0.0286207;1.5684,0.590656,1.57215
-0.486192,-0.107994,0.0286028;1.57057,0.561354,1.56974
-0.487544,-0.107305,0.0293805;1.55639,0.483559,1.58696
-0.494189,-0.0946312,0.0342071;1.50277,0.418121,1.62871
-0.498923,-0.0813939,0.037364;1.44662,0.419456,1.65642
-0.499963,-0.0839086,0.0285788;1.5709,0.458108,1.57065
-0.499832,-0.0841238,0.0286587;1.56708,0.468174,1.57175
-0.500218,-0.0841595,0.0285873;1.57053,0.451487,1.57026
-0.501238,-0.0838884,0.0288706;1.55974,0.384149,1.57885
-0.502281,-0.0808931,0.0312847;1.53786,0.344253,1.60243
-0.503834,-0.0677889,0.0375867;1.46996,0.312321,1.64295
-0.506896,-0.0637165,0.0285778;1.5709,0.346296,1.57078
-0.506419,-0.0648374,0.028581;1.57073,0.385007,1.57099
-0.506438,-0.0650139,0.0285811;1.57075,0.384703,1.57073
-0.507154,-0.064451,0.0286455;1.56737,0.313453,1.57194
-0.50802,-0.0628578,0.0302094;1.55072,0.267997,1.59112
-0.509708,-0.049455,0.0362321;1.48572,0.217895,1.62628
-0.514794,-0.0404677,0.0287088;1.56559,0.22022,1.57297
-0.514511,-0.0409785,0.0285923;1.57107,0.243871,1.56981
-0.514375,-0.0412816,0.0286113;1.57017,0.245909,1.5697
-0.515291,-0.0402361,0.0286498;1.56678,0.170101,1.57118
-0.515311,-0.0400011,0.0298759;1.54752,0.149933,1.58487
-0.513837,-0.0339941,0.0356323;1.49203,0.117602,1.61434
-0.515988,-0.0265133,0.0302679;1.53163,0.127401,1.58047
-0.515365,-0.0278185,0.0285784;1.57092,0.16108,1.57077
-0.515234,-0.0279358,0.0286773;1.56718,0.16478,1.56989
-0.515842,-0.0272478,0.0285765;1.57062,0.116352,1.57077
-0.516454,-0.0269555,0.0290488;1.5515,0.0794581,1.57609
-0.515982,-0.0237554,0.0322793;1.52457,0.0499887,1.59599
-0.514392,-0.00845159,0.0339058;1.47364,0.0665888,1.59125
-0.514376,-0.0125262,0.0286356;1.56965,0.083389,1.5729
-0.5142,-0.0129627,0.0285781;1.57099,0.112465,1.57078
-0.514727,-0.0123061,0.0285794;1.57081,0.0693993,1.57074
-0.515212,-0.0116864,0.0286515;1.56689,0.0317916,1.57116
-0.515902,-0.00897179,0.0292862;1.55213,-0.0198291,1.57599
-0.512465,0.0165889,0.0362566;1.45249,-0.0640695,1.58606
-0.514035,0.0156071,0.031027;1.51757,-0.0645888,1.57191
-0.513729,0.0133626,0.0285805;1.57078,-0.0300749,1.57069
-0.514309,0.0137559,0.0286193;1.56949,-0.0594761,1.57
-0.514394,0.0140213,0.0285808;1.57069,-0.0837092,1.57056
-0.514886,0.0150243,0.0289805;1.55167,-0.119178,1.56843
-0.510569,0.0248123,0.0368532;1.46412,-0.149056,1.58504
-0.510522,0.0296316,0.0331889;1.47892,-0.129272,1.56345
-0.510292,0.0256997,0.0285965;1.57072,-0.0995271,1.57002
-0.510207,0.0241746,0.0285798;1.57078,-0.0434072,1.57078
-0.510526,0.0245875,0.0285796;1.57074,-0.0781737,1.57073
-0.511079,0.0253015,0.0287091;1.56456,-0.116784,1.57026
-0.508334,0.0409689,0.0353373;1.47756,-0.209261,1.57525
-0.507613,0.0524406,0.0331979;1.47705,-0.216994,1.55484
-0.508735,0.0496708,0.0287405;1.56317,-0.214129,1.56862
-0.508698,0.0480401,0.0285994;1.57073,-0.166156,1.56992
-0.508968,0.0487588,0.0285803;1.57075,-0.207534,1.57077
-0.509109,0.0493878,0.0287149;1.56454,-0.236984,1.56867
-0.509109,0.0493878,0.0287149;1.56454,-0.236984,1.56867
-0.508949,0.0502257,0.029741;1.54071,-0.254643,1.56809
-0.508949,0.0502257,0.029741;1.54071,-0.254643,1.56809
