0,0,0.11;-1.57,-2.98023e-08,-1.57
0,0,0.11;-1.57,-2.98023e-08,-1.57
0,0,0.11;-1.57,-2.98023e-08,-1.57
-7.15524e-05,0.00305083,0.0288322;-1.57189,-0.127518,-1.5818
-0.000186279,0.00312544,0.0288772;-1.57065,-0.129386,-1.58487
-0.000366325,0.00211948,0.029491;-1.56722,-0.118303,-1.58606
-0.000522148,0.000302235,0.0302554;-1.55385,-0.11075,-1.59009
-0.00111881,0.00273217,0.0287607;-1.5725,-0.150851,-1.57915
-0.00132132,0.0015799,0.0287585;-1.56904,-0.11997,-1.57745
-0.00131674,0.0014428,0.0285827;-1.57076,-0.113551,-1.57071
-0.000871743,0.000603434,0.0289559;-1.56474,-0.0633332,-1.55855
-0.00106445,-0.00316982,0.030158;-1.53553,-0.0490613,-1.56487
-0.00103336,-0.0071636,0.0341872;-1.45789,-0.0453305,-1.56475
-0.00280832,-0.00595027,0.0325198;-1.4872,-0.125881,-1.55714
-0.00423298,-0.00347668,0.0297535;-1.54397,-0.17802,-1.55242
-0.00432378,-0.00232805,0.0293601;-1.55183,-0.180584,-1.54831
-0.00414235,-0.0012464,0.0301883;-1.55109,-0.161577,-1.54132
-0.0036266,-0.00244583,0.0315811;-1.50815,-0.145397,-1.55236
-0.00367079,-0.00432913,0.0341541;-1.45412,-0.136763,-1.55108
-0.00385218,-0.00413244,0.031946;-1.49625,-0.148832,-1.55915
-0.00494383,-0.00430688,0.0307267;-1.51879,-0.167003,-1.55815
-0.0051831,-0.00348834,0.0290475;-1.56521,-0.175733,-1.55294
-0.00484172,-0.00347421,0.0292788;-1.55649,-0.135127,-1.54929
-0.00539864,-0.00541975,0.0295859;-1.54975,-0.137636,-1.54988
-0.00532414,-0.00725239,0.0333305;-1.47358,-0.115373,-1.54901
-0.00601857,-0.00957815,0.0356037;-1.42709,-0.125822,-1.54426
-0.00691144,-0.011279,0.0338772;-1.45807,-0.162898,-1.54539
-0.00761298,-0.008709,0.0292418;-1.54813,-0.199554,-1.5564
-0.00743159,-0.00813768,0.0289618;-1.56213,-0.197538,-1.55932
-0.00734461,-0.00762279,0.0287783;-1.57096,-0.184597,-1.56127
-0.0072872,-0.00793776,0.0290489;-1.55238,-0.145029,-1.57252
-0.00706685,-0.00899045,0.029677;-1.54088,-0.131563,-1.57435
-0.00779427,-0.0100365,0.0290304;-1.55279,-0.145112,-1.5718
-0.00812142,-0.0103473,0.0287012;-1.57102,-0.182264,-1.56513
-0.00812317,-0.00997725,0.0287766;-1.57039,-0.177596,-1.56164
-0.00815338,-0.00979874,0.0288452;-1.56908,-0.172345,-1.55946
-0.00737174,-0.00889954,0.030727;-1.51891,-0.126904,-1.55357
-0.0071375,-0.00894691,0.0337631;-1.4648,-0.103275,-1.54985
-0.00867339,-0.0112082,0.0350793;-1.43396,-0.128089,-1.54706
-0.0112264,-0.0124269,0.0321113;-1.50457,-0.18931,-1.53935
-0.0109909,-0.00888091,0.0296567;-1.54168,-0.194281,-1.55283
-0.0106643,-0.00732107,0.0291882;-1.55319,-0.193863,-1.55527
-0.0102473,-0.00665127,0.0290094;-1.55481,-0.168394,-1.56306
-0.00969296,-0.00689164,0.0291159;-1.54781,-0.13782,-1.57039
-0.00863395,-0.00782719,0.029492;-1.54268,-0.10986,-1.57164
-0.00929684,-0.00830763,0.0285855;-1.57122,-0.164238,-1.5705
-0.00910612,-0.00832323,0.0287405;-1.57125,-0.166071,-1.56293
-0.00908548,-0.00819759,0.0287503;-1.57095,-0.162698,-1.56257
-0.00845254,-0.00792802,0.0294625;-1.5432,-0.137351,-1.55788
-0.00700926,-0.00792116,0.0321513;-1.50037,-0.106858,-1.54949
-0.00638556,-0.00829601,0.0351193;-1.4493,-0.0956385,-1.5419
-0.0134433,-0.0103904,0.0325702;-1.49784,-0.177463,-1.53704
-0.0128887,-0.00503089,0.0307864;-1.54563,-0.144328,-1.53407
-0.0127725,-0.00190391,0.0322279;-1.54307,-0.127794,-1.51577
-0.0132644,0.00135476,0.0343143;-1.50085,-0.0874758,-1.51754
-0.0101609,-0.00122638,0.036312;-1.45054,-0.0651586,-1.52827
-0.00777316,-0.00249998,0.0364607;-1.42477,-0.0425808,-1.54656
-0.00833548,-0.0038953,0.0305662;-1.5224,-0.0988223,-1.55596
-0.00768278,-0.00224786,0.0288078;-1.57108,-0.0956712,-1.55979
-0.00763713,-0.00191553,0.0287297;-1.57094,-0.0923498,-1.56355
-0.00786576,-0.0014385,0.0286604;-1.57089,-0.0622796,-1.56695
-0.00712651,-0.000773514,0.0288794;-1.56252,-0.0201296,-1.56449
-0.00588859,-0.0010621,0.0302697;-1.52871,0.0175603,-1.56817
-0.00774399,-0.00351994,0.0321762;-1.50797,-0.00844477,-1.5531
-0.00858241,-0.00367953,0.0308728;-1.52901,-0.0296028,-1.54902
-0.00863254,-0.00160166,0.029306;-1.56554,-0.0237727,-1.55187
-0.00863288,0.00113116,0.0306815;-1.5567,-0.00277496,-1.53602
-0.0083863,0.00170849,0.030735;-1.55127,0.0234349,-1.54063
-0.00788687,0.00122854,0.0327841;-1.51862,0.0467738,-1.53857
-0.00532106,0.00122536,0.0330709;-1.48481,0.0608811,-1.56517
-0.00741017,0.000331249,0.031432;-1.51749,0.0354021,-1.5543
-0.00823719,0.00152767,0.0298758;-1.55632,0.0377714,-1.54821
-0.00849595,0.00279397,0.0310358;-1.55794,0.0377867,-1.53135
-0.00744683,0.00375502,0.0299859;-1.56412,0.0642233,-1.54305
-0.00711627,0.00408552,0.0293377;-1.5573,0.075607,-1.55574
-0.00713594,0.0030821,0.0348713;-1.47847,0.0843404,-1.54578
-0.00872553,0.00104451,0.0350355;-1.46258,0.0599961,-1.5498
-0.0104867,0.0020602,0.0314841;-1.53493,0.0346378,-1.54083
-0.0114433,0.00387703,0.0321813;-1.54952,0.0385897,-1.5182
-0.0112933,0.00443692,0.0323174;-1.55321,0.0550891,-1.51774
-0.0111414,0.00450818,0.0323725;-1.53082,0.0642237,-1.52976
-0.00462736,0.00420207,0.0340709;-1.49181,0.13637,-1.55133
-0.00507348,0.00197054,0.0319928;-1.50839,0.109863,-1.56415
-0.00559573,0.00318536,0.0289478;-1.56276,0.0971204,-1.56188
-0.00559126,0.00361931,0.0287661;-1.57039,0.0823945,-1.5623
-0.0052953,0.00405481,0.0287876;-1.57045,0.0990957,-1.56115
-0.00523435,0.00422106,0.0287411;-1.57013,0.104456,-1.56372
-0.00420121,0.00271621,0.0313563;-1.52867,0.159221,-1.5606
-0.00633658,0.00111762,0.0315424;-1.52192,0.125707,-1.55557
-0.00826644,0.00174489,0.0305974;-1.5383,0.103288,-1.55274
-0.00944264,0.00379306,0.0319231;-1.52949,0.0914529,-1.53693
-0.00992248,0.00383508,0.0334818;-1.51169,0.100697,-1.53232
-0.0117041,0.00330947,0.0346564;-1.45976,0.0890353,-1.5536
-0.0148174,-0.000777012,0.0398392;-1.36985,0.0835961,-1.55852
-0.0150129,-0.000673257,0.0414684;-1.35467,0.0753897,-1.54777
-0.0151319,0.000173628,0.0413075;-1.3614,0.0731042,-1.54679
-0.0138868,0.00401958,0.0388239;-1.38583,0.0914739,-1.56084
-0.016641,0.00314055,0.0388569;-1.36613,0.077128,-1.56812
-0.0169296,0.00335998,0.0391623;-1.36412,0.0900103,-1.56844
-0.0170272,0.00320867,0.0397399;-1.37739,0.095057,-1.55656
-0.016984,-0.00324647,0.0427419;-1.34157,0.130314,-1.55316
-0.0178921,-0.00209283,0.0410568;-1.3746,0.115238,-1.54477
-0.0173874,0.00212442,0.038521;-1.42764,0.110758,-1.53343
-0.0132207,0.00700014,0.0309548;-1.5494,0.154591,-1.53868
-0.0121648,0.0078273,0.029734;-1.55996,0.176334,-1.54911
-0.0122672,0.00666377,0.0302741;-1.5554,0.181012,-1.54742
-0.0134595,0.00237183,0.0349886;-1.4826,0.192316,-1.55179
-0.0132756,0.00264233,0.0330467;-1.50157,0.180114,-1.56066
-0.0133198,0.00443787,0.0289558;-1.56117,0.170701,-1.56204
-0.0140209,0.0046747,0.029071;-1.56059,0.153985,-1.55497
-0.0139539,0.00491947,0.0291514;-1.56036,0.154282,-1.55097
-0.0139308,0.00541425,0.0299438;-1.54111,0.156865,-1.55239
-0.0117882,0.00252449,0.0337102;-1.48724,0.19581,-1.56203
-0.0130621,0.00106866,0.0348826;-1.47473,0.168341,-1.55129
-0.0142773,0.0030145,0.0331571;-1.5074,0.15844,-1.54491
-0.0161182,0.00595563,0.0308158;-1.54591,0.148309,-1.53829
-0.0174279,0.00646832,0.0319445;-1.53268,0.136418,-1.52867
-0.017338,0.00647163,0.0334625;-1.49563,0.142365,-1.54053
-0.0140963,0.00249049,0.0356832;-1.462,0.189988,-1.55399
-0.0151814,0.000237408,0.0366821;-1.44547,0.157579,-1.55013
-0.0177508,-0.000684639,0.0371655;-1.44743,0.126677,-1.53514
-0.0163809,0.00332618,0.0317228;-1.53635,0.133111,-1.52944
-0.0178104,0.00430094,0.031149;-1.54267,0.111186,-1.53532
-0.0188369,0.00473821,0.0331358;-1.50935,0.106266,-1.53585
-0.0201942,0.000472647,0.0389997;-1.40628,0.112114,-1.54396
-0.0213541,-0.00198815,0.0405512;-1.37156,0.0916938,-1.54823
-0.0233791,-0.00405483,0.0411879;-1.36334,0.0620206,-1.53982
-0.0207342,-0.000511094,0.0362955;-1.45904,0.0685842,-1.5339
-0.0204238,0.00147548,0.0337225;-1.50427,0.0701998,-1.53085
-0.021012,0.00246036,0.0328258;-1.50843,0.0666822,-1.5389
-0.0221861,-0.00137373,0.0378944;-1.42613,0.0844575,-1.53775
-0.0231973,-0.00307882,0.0397091;-1.40175,0.0769915,-1.53156
-0.0241796,-0.0037994,0.0409831;-1.38047,0.0590856,-1.52632
-0.0263635,-0.00357676,0.0386086;-1.41078,0.0130669,-1.52819
-0.0260162,-0.00293939,0.037689;-1.41004,0.00878318,-1.53544
-0.0241291,-0.00309105,0.0368609;-1.40365,0.0183406,-1.56188
-0.0220532,-0.00195686,0.034173;-1.46255,0.0352711,-1.56683
-0.023428,-0.00446093,0.0374177;-1.40116,0.0226356,-1.56645
-0.0255158,-0.00589127,0.0401154;-1.34921,0.000725806,-1.56081
-0.0232257,-0.00574362,0.0380748;-1.38067,0.000337839,-1.5673
-0.0216131,-0.00249056,0.0326985;-1.4843,0.0144907,-1.57141
-0.0214624,0.000149545,0.0288785;-1.55934,-0.0015806,-1.57349
-0.0211984,-0.00445193,0.0294616;-1.56188,0.0788828,-1.58782
-0.0198104,-0.0124997,0.0312173;-1.54183,0.154206,-1.60285
-0.0172746,-0.0206633,0.0335773;-1.48018,0.209147,-1.60558
-0.0206911,-0.016315,0.0341316;-1.45995,0.106668,-1.58849
-0.0209872,-0.0132883,0.0309998;-1.51829,0.0969412,-1.57812
-0.0211021,-0.0113215,0.0289042;-1.55652,0.0864483,-1.57016
-0.0210496,-0.0109913,0.0310026;-1.51765,0.0791029,-1.58107
-0.0202861,-0.0141602,0.0337176;-1.47262,0.107179,-1.59076
-0.019152,-0.0191365,0.0356821;-1.43697,0.150064,-1.60193
-0.0214255,-0.0206983,0.0380827;-1.38568,0.107092,-1.59455
-0.0215113,-0.0192985,0.0361351;-1.42428,0.0913876,-1.58768
-0.0200382,-0.0173319,0.031509;-1.51152,0.100039,-1.58103
-0.0198426,-0.0156453,0.0292025;-1.55272,0.0928084,-1.58415
-0.01875,-0.0179975,0.0305419;-1.54316,0.122168,-1.5985
-0.0170554,-0.0229573,0.0336415;-1.48097,0.162634,-1.60316
-0.0178162,-0.0241,0.0361639;-1.44558,0.128584,-1.61186
-0.0187558,-0.0215024,0.0339979;-1.4844,0.104202,-1.60128
-0.0190475,-0.0187855,0.0307958;-1.53411,0.0918885,-1.5898
-0.0181923,-0.0178727,0.0294015;-1.5699,0.0895576,-1.59076
-0.0182365,-0.0190661,0.030939;-1.56961,0.103301,-1.61242
-0.0170251,-0.023293,0.0322101;-1.55541,0.147794,-1.6259
-0.015855,-0.0266944,0.0342557;-1.53294,0.161697,-1.6425
-0.0174144,-0.0248405,0.0334303;-1.5478,0.12071,-1.63596
-0.0173636,-0.0239396,0.031733;-1.56578,0.113426,-1.62092
-0.0177671,-0.0201357,0.0308391;-1.57164,0.0662061,-1.60795
-0.0178794,-0.0194769,0.0314979;-1.5698,0.0587522,-1.61655
-0.018162,-0.0193653,0.0323496;-1.56476,0.0567649,-1.6298
-0.0188414,-0.0140061,0.0351403;-1.53957,0.0175184,-1.65196
-0.0193806,-0.0121147,0.0344261;-1.54987,-0.0217206,-1.64524
-0.0187285,-0.00985796,0.0324094;-1.57101,-0.0418657,-1.62881
-0.0197736,-0.0147264,0.0311277;-1.56871,0.00835867,-1.6133
-0.0195251,-0.0175934,0.0317387;-1.56297,0.043781,-1.62027
-0.0183773,-0.0240939,0.0336357;-1.5229,0.107539,-1.62298
-0.0133252,-0.0409863,0.0386926;-1.37847,0.238903,-1.63885
-0.013425,-0.0398414,0.0380376;-1.42053,0.205242,-1.63601
-0.0151917,-0.032341,0.0341106;-1.51907,0.152998,-1.63369
-0.0144359,-0.0270725,0.0311128;-1.56999,0.122731,-1.61458
-0.0143958,-0.0257155,0.0317882;-1.56744,0.112855,-1.6228
-0.0130424,-0.027989,0.0327346;-1.53491,0.143732,-1.62427
-0.0130424,-0.027989,0.0327346;-1.53491,0.143732,-1.62427
-0.0107563,-0.0294941,0.0347855;-1.52254,0.184353,-1.64602
-0.0107563,-0.0294941,0.0347855;-1.52254,0.184353,-1.64602
