0,0,0.11;-1.57,-2.98023e-08,-1.57
0,0,0.11;-1.57,-2.98023e-08,-1.57
0,0,0.11;-1.57,-2.98023e-08,-1.57
-0.00077097,-0.00221886,0.0286726;-1.5675,-0.156283,-1.56851
-0.00111503,-0.00272372,0.0286065;-1.57063,-0.187314,-1.57218
-0.00129172,-0.00261663,0.0286662;-1.57094,-0.216417,-1.57488
-0.00107947,-0.00293811,0.0290473;-1.57978,-0.22791,-1.58628
-0.000911153,-0.00285936,0.0287136;-1.57028,-0.245432,-1.5771
-0.0010214,-0.00225768,0.0287118;-1.56594,-0.263319,-1.56777
-0.00083539,-0.00199949,0.0291532;-1.54503,-0.25513,-1.56119
0.000231679,0.000551112,0.0300544;-1.53182,-0.237772,-1.55995
0.000488487,0.00129977,0.029872;-1.533,-0.227631,-1.56201
0.00039703,0.00222511,0.0293333;-1.54227,-0.216304,-1.56335
0.000860159,0.00317044,0.0288462;-1.57909,-0.194608,-1.57702
0.000942041,0.00313669,0.0288527;-1.57055,-0.205637,-1.58372
0.000939002,0.00227543,0.0288984;-1.57275,-0.202065,-1.58444
0.000499202,0.00403892,0.0291109;-1.55893,-0.242967,-1.58183
-0.000160958,0.0054592,0.0288945;-1.56487,-0.278379,-1.57843
-0.000599113,0.00659675,0.0287572;-1.57045,-0.308487,-1.57912
-0.000340385,0.00704109,0.0286307;-1.5706,-0.312556,-1.57312
-0.000182764,0.00630987,0.0287501;-1.57063,-0.297212,-1.57896
-0.000124827,0.00603082,0.0287203;-1.57053,-0.28879,-1.5775
-3.0889e-05,0.00579902,0.0286426;-1.57085,-0.282114,-1.56778
4.09456e-05,0.00568479,0.0289697;-1.55908,-0.289885,-1.55977
0.00028967,0.00599948,0.0290805;-1.54949,-0.274527,-1.56115
0.000511723,0.00663283,0.0289313;-1.55657,-0.269597,-1.56372
0.000757936,0.00768094,0.0287589;-1.56556,-0.252065,-1.56605
0.000822454,0.00872107,0.0285793;-1.57079,-0.229831,-1.57083
0.000974243,0.00850749,0.0286151;-1.56999,-0.209882,-1.572
0.00095017,0.00840413,0.0287175;-1.5707,-0.208821,-1.57725
0.000972836,0.00870939,0.0286363;-1.57071,-0.206669,-1.57351
0.000979683,0.00866634,0.0286656;-1.57038,-0.203559,-1.57461
0.00102146,0.00859304,0.0286487;-1.56998,-0.199669,-1.57341
0.000802437,0.0104066,0.0289275;-1.57452,-0.243873,-1.58456
0.00102626,0.010796,0.0289934;-1.5757,-0.245819,-1.58681
0.00112361,0.0113013,0.0290243;-1.57701,-0.24869,-1.58733
0.000981872,0.0105558,0.0287797;-1.57042,-0.205851,-1.58035
0.00182852,0.00997475,0.0285971;-1.56987,-0.173463,-1.57087
0.00185704,0.00990525,0.0286138;-1.56907,-0.176481,-1.56949
0.00199575,0.0104178,0.0287452;-1.5756,-0.179505,-1.56841
0.00176041,0.0101557,0.028744;-1.57073,-0.170109,-1.57856
0.001874,0.0103449,0.0285786;-1.57094,-0.173528,-1.57089
0.00151674,0.0120231,0.028704;-1.57114,-0.138162,-1.56491
0.00143669,0.0123251,0.0287439;-1.57222,-0.129631,-1.56429
0.00155394,0.0117219,0.0286782;-1.57089,-0.141858,-1.56612
0.0018045,0.0101271,0.0285835;-1.57092,-0.192715,-1.5708
0.00202033,0.0099159,0.0288134;-1.57724,-0.224541,-1.57688
0.00183484,0.00902533,0.0287457;-1.57071,-0.229061,-1.57864
0.00159453,0.00825879,0.0286971;-1.57074,-0.241612,-1.57633
0.00181083,0.00849048,0.0285802;-1.57083,-0.260732,-1.57085
0.00182131,0.0084762,0.0285794;-1.5708,-0.265826,-1.57085
0.001695,0.00819179,0.0286365;-1.57087,-0.25537,-1.57348
0.00158354,0.00681856,0.0287968;-1.57064,-0.211462,-1.58103
0.0016044,0.00591291,0.0288614;-1.57139,-0.1889,-1.58384
0.00182914,0.00672566,0.0294617;-1.57797,-0.187751,-1.59735
0.00170192,0.00691966,0.0288425;-1.57067,-0.169534,-1.58324
0.00188556,0.00754187,0.0286831;-1.57072,-0.164469,-1.57564
0.002234,0.00813306,0.0285797;-1.57085,-0.142482,-1.57082
0.00223932,0.00835469,0.028583;-1.57087,-0.147158,-1.57112
0.00223874,0.00836986,0.0286083;-1.57102,-0.145523,-1.5723
0.00213792,0.00802926,0.0286607;-1.57074,-0.13106,-1.57457
0.00195391,0.00748611,0.0288409;-1.57303,-0.11917,-1.58141
0.00195067,0.00691861,0.0291242;-1.58196,-0.104342,-1.58676
0.00184736,0.00746933,0.02871;-1.57075,-0.142689,-1.57694
0.00201258,0.00782783,0.0285838;-1.5711,-0.156868,-1.57085
0.00198527,0.00778466,0.02858;-1.57078,-0.157135,-1.5708
0.00177313,0.00740684,0.0285829;-1.57091,-0.165923,-1.5708
0.00171734,0.00722801,0.0286445;-1.56944,-0.175511,-1.56857
0.00160603,0.00711956,0.0285836;-1.57056,-0.175647,-1.57071
0.00173218,0.00785583,0.0289033;-1.57433,-0.172938,-1.5831
0.00136967,0.00746311,0.0289617;-1.5818,-0.121983,-1.57947
0.00143932,0.00761742,0.0288151;-1.58131,-0.110483,-1.57288
0.00150818,0.0104694,0.0288581;-1.58051,-0.0708726,-1.56771
0.00186009,0.0107601,0.0287382;-1.57369,-0.081019,-1.56611
0.00180695,0.010861,0.0287276;-1.57258,-0.0851567,-1.5655
0.00165396,0.0108801,0.0286078;-1.57078,-0.0793726,-1.56947
0.00153039,0.0109378,0.0288085;-1.57064,-0.0945282,-1.58167
0.0015331,0.0110171,0.0292153;-1.57536,-0.0997036,-1.58913
0.00220689,0.0128384,0.0286968;-1.57072,-0.134718,-1.57629
0.00220345,0.0129546,0.028601;-1.57071,-0.127346,-1.56974
0.00214271,0.0128463,0.028626;-1.5706,-0.122196,-1.56876
0.00204329,0.0120171,0.0286993;-1.57096,-0.132662,-1.56499
0.0018744,0.0111328,0.0286184;-1.57072,-0.164393,-1.56885
0.00191413,0.0109604,0.0286027;-1.57126,-0.161249,-1.57199
0.00190217,0.011364,0.028743;-1.57078,-0.182691,-1.57854
0.00187648,0.0114617,0.0286292;-1.5708,-0.183466,-1.57313
0.00193414,0.0114621,0.0285836;-1.57077,-0.182829,-1.57107
0.00170707,0.0115398,0.028805;-1.57147,-0.18541,-1.58095
0.00151622,0.0109318,0.0287815;-1.5727,-0.178291,-1.57901
0.00159339,0.0107941,0.0286648;-1.57074,-0.177114,-1.57479
0.00186209,0.00924862,0.0288132;-1.56336,-0.147116,-1.57339
0.0016553,0.00942617,0.0288305;-1.55965,-0.169549,-1.56986
0.00226232,0.0105732,0.0291485;-1.56537,-0.16859,-1.56885
0.00277328,0.0119896,0.0291792;-1.55436,-0.179223,-1.55798
0.00290778,0.0121529,0.0292978;-1.55808,-0.175806,-1.56371
0.00288991,0.0121327,0.0292164;-1.55857,-0.173541,-1.56453
0.00226874,0.0106218,0.0288321;-1.57068,-0.134191,-1.58284
0.00222774,0.0095944,0.0287563;-1.57067,-0.102811,-1.57913
0.00229948,0.00963165,0.02858;-1.57081,-0.0984699,-1.57074
0.00229253,0.00996397,0.0286122;-1.57151,-0.101881,-1.56968
0.00225899,0.0110149,0.0287023;-1.57109,-0.0987557,-1.5648
0.00222445,0.0115328,0.0287061;-1.57113,-0.0890552,-1.56454
0.00217578,0.0118146,0.028717;-1.57107,-0.0855769,-1.56409
0.00224567,0.0119482,0.0287934;-1.57101,-0.0782934,-1.56045
0.00208533,0.0120057,0.028749;-1.56976,-0.0655594,-1.56346
0.00176647,0.0112889,0.0289096;-1.56252,-0.067572,-1.56265
0.00118387,0.0105908,0.0288084;-1.56539,-0.0821359,-1.5648
0.000673327,0.00989958,0.0286645;-1.56903,-0.112522,-1.56713
0.00057893,0.00969429,0.0286947;-1.57021,-0.124356,-1.56547
0.000289857,0.00942108,0.0286812;-1.57098,-0.138817,-1.57572
0.000188231,0.00923616,0.0287654;-1.57362,-0.13456,-1.57709
5.97109e-05,0.00889717,0.0285791;-1.57086,-0.109581,-1.57073
-0.000327267,0.00799244,0.0286269;-1.57271,-0.0562239,-1.57137
-0.000429893,0.00748489,0.0286986;-1.5707,-0.0397708,-1.5763
-0.00030792,0.00786392,0.0288216;-1.57203,-0.0441544,-1.58114
-0.000199159,0.00868393,0.0289671;-1.56878,-0.060194,-1.58733
-0.000106759,0.0089105,0.0290544;-1.56229,-0.050589,-1.58447
-0.000185678,0.0095267,0.0286247;-1.57043,-0.0452646,-1.56879
0.000368307,0.0117252,0.0288094;-1.57057,-0.00239662,-1.5601
0.000525828,0.0126471,0.0289659;-1.57742,0.0142136,-1.5586
0.000500783,0.0125988,0.0288387;-1.57484,0.0149188,-1.56202
0.000493087,0.0126348,0.0286685;-1.57096,0.03395,-1.56643
0.000369966,0.0126402,0.0285795;-1.57083,0.0317904,-1.57075
0.000354682,0.0126322,0.0285784;-1.57089,0.0255133,-1.57087
0.000443241,0.0138487,0.0288757;-1.57306,-0.0101171,-1.58263
0.00040462,0.0138738,0.0287911;-1.57065,-0.0123806,-1.58084
0.000534978,0.0137356,0.0286392;-1.57081,-0.00575206,-1.57362
0.000540909,0.0135023,0.0286118;-1.57081,-0.00971902,-1.56917
0.000426686,0.0129669,0.0287191;-1.57097,-0.00869383,-1.56408
0.000214186,0.0128657,0.0288599;-1.57473,-0.00562552,-1.56083
-0.000156129,0.0111676,0.0287357;-1.57098,-0.0431746,-1.56328
-0.000703738,0.0108588,0.0287192;-1.56794,-0.0770558,-1.57432
-0.0010029,0.0116103,0.0298232;-1.56235,-0.10337,-1.59088
-0.00110991,0.0101535,0.0289892;-1.56762,-0.102041,-1.58704
-0.00114657,0.0103652,0.0287607;-1.57088,-0.101076,-1.57935
-0.00119265,0.0104563,0.0286582;-1.5711,-0.109174,-1.57444
-0.00138585,0.0104905,0.0285799;-1.57079,-0.0686048,-1.57075
-0.00145402,0.0106198,0.0285928;-1.57128,-0.0575904,-1.57006
-0.00144766,0.0106449,0.0285799;-1.57094,-0.0623109,-1.57076
-0.00129578,0.0125879,0.0287385;-1.57085,-0.12981,-1.57838
-0.00129576,0.0130189,0.0286452;-1.57088,-0.128064,-1.57396
-0.00133251,0.0133055,0.0285794;-1.57086,-0.129531,-1.57079
-0.00139131,0.0132298,0.0285801;-1.57083,-0.144822,-1.57075
-0.00140354,0.0131734,0.0285797;-1.5708,-0.139398,-1.57078
-0.00135878,0.0131706,0.0286764;-1.5709,-0.137129,-1.56622
-0.001383,0.0123715,0.028707;-1.57095,-0.156928,-1.5647
-0.0011151,0.0120065,0.0286384;-1.57305,-0.192443,-1.57059
-0.000847668,0.0120105,0.0287666;-1.57659,-0.214209,-1.57536
-0.000782396,0.0122133,0.0288308;-1.57118,-0.260537,-1.55889
-0.00056886,0.011892,0.0287916;-1.57356,-0.277939,-1.56392
-0.000526763,0.0111784,0.0285806;-1.57078,-0.30325,-1.57091
-0.000381755,0.00940623,0.0288947;-1.5634,-0.268439,-1.5768
0.000185691,0.008192,0.0288341;-1.56624,-0.226741,-1.57759
0.000778825,0.00735675,0.0288191;-1.57063,-0.197409,-1.58206
0.00172851,0.00964784,0.0287167;-1.57519,-0.238731,-1.57434
0.00178387,0.00994875,0.0285792;-1.57086,-0.237344,-1.57081
0.00177,0.0102381,0.0285873;-1.57058,-0.236447,-1.57053
0.00185343,0.0105052,0.028641;-1.56777,-0.231414,-1.57002
0.00182532,0.0105461,0.0285825;-1.57058,-0.228772,-1.57085
0.00182717,0.0105504,0.0285807;-1.57077,-0.221236,-1.57082
0.00191928,0.010312,0.0286665;-1.57086,-0.221189,-1.56668
0.00202812,0.0102797,0.0287559;-1.57098,-0.22643,-1.56232
0.00199347,0.0101036,0.0286982;-1.57112,-0.235697,-1.56494
0.00202561,0.0100807,0.0287706;-1.57097,-0.241518,-1.56161
0.00203081,0.0100852,0.0287679;-1.57092,-0.245386,-1.56179
0.00217463,0.0100938,0.0286976;-1.57085,-0.252758,-1.56509
0.00203156,0.00966956,0.02858;-1.57075,-0.251969,-1.57079
0.00200997,0.00949036,0.0285784;-1.57094,-0.243401,-1.57112
0.00179251,0.00806317,0.0287576;-1.57108,-0.20531,-1.57905
0.00177606,0.00736499,0.0288141;-1.57019,-0.202392,-1.58163
0.00155136,0.00823605,0.0287777;-1.57072,-0.226243,-1.58012
0.00140057,0.00966471,0.0286427;-1.57076,-0.263918,-1.57372
0.00139526,0.00976111,0.0285837;-1.57081,-0.277396,-1.571
0.00119412,0.00938482,0.0286965;-1.57092,-0.275317,-1.56524
0.00085783,0.00904372,0.0288692;-1.5724,-0.271946,-1.55849
5.79625e-05,0.00653449,0.0301652;-1.57789,-0.274208,-1.54385
0.000286101,0.00359426,0.0303751;-1.57932,-0.293225,-1.54135
0.00102214,-0.000492886,0.0295687;-1.57655,-0.319166,-1.5537
0.00183079,-0.00343559,0.0288517;-1.5715,-0.362953,-1.55784
0.00211882,-0.00397559,0.028624;-1.5731,-0.376924,-1.57277
0.0023245,-0.00409354,0.0285797;-1.57085,-0.391463,-1.5708
0.0023245,-0.00409354,0.0285797;-1.57085,-0.391463,-1.5708
0.00236887,-0.00411321,0.0285799;-1.57084,-0.395684,-1.57075
0.00236887,-0.00411321,0.0285799;-1.57084,-0.395684,-1.57075
