0,0,0.11;-1.57,-2.98023e-08,-1.57
0,0,0.11;-1.57,-2.98023e-08,-1.57
0,0,0.11;-1.57,-2.98023e-08,-1.57
0.000282832,0.00817588,0.0286281;-1.56834,-0.156073,-1.57062
0.000233055,0.00807458,0.0285816;-1.5707,-0.127982,-1.57064
-0.0010897,0.00451152,0.0306071;-1.60068,-0.0849828,-1.57091
-0.000533505,-0.0199297,0.0387908;-1.58302,-0.0136405,-1.58472
0.00144049,-0.0112265,0.0287395;-1.57309,-0.134346,-1.57766
0.00160534,-0.010323,0.0286387;-1.56798,-0.157111,-1.57033
0.0016422,-0.0104399,0.0286793;-1.56677,-0.15371,-1.571
0.00155079,-0.0106396,0.0285843;-1.57092,-0.130879,-1.57055
-0.000226952,-0.0143847,0.0311582;-1.61094,-0.088133,-1.57044
-0.0027311,-0.0295452,0.0404557;-1.65728,0.000150651,-1.57236
9.05272e-05,-0.0399049,0.0320754;-1.62795,-0.00876745,-1.58495
0.00174489,-0.0357225,0.0290561;-1.58965,-0.0803648,-1.57659
0.00238907,-0.0344925,0.0285801;-1.57029,-0.118525,-1.57132
0.00227107,-0.0346446,0.0285805;-1.57077,-0.124506,-1.57074
0.00220972,-0.0350264,0.0290087;-1.56611,-0.106059,-1.55986
0.000712038,-0.0405318,0.034328;-1.61064,-0.068659,-1.55776
0.000659665,-0.0552675,0.0418618;-1.61177,-0.0281191,-1.57992
0.00381544,-0.0557971,0.0341303;-1.61876,-0.0639729,-1.58581
0.00584507,-0.0540817,0.0290352;-1.58892,-0.094233,-1.57657
0.00628114,-0.0532302,0.0285831;-1.57074,-0.139751,-1.57098
0.00620128,-0.0532312,0.0285817;-1.57074,-0.136386,-1.57067
0.00552332,-0.0533844,0.0299134;-1.57972,-0.128472,-1.56403
0.00414262,-0.0578109,0.0352203;-1.62247,-0.0932388,-1.56561
0.00547321,-0.0640264,0.0311534;-1.62793,-0.111285,-1.58245
0.00725979,-0.0632059,0.0287455;-1.57692,-0.14241,-1.57358
0.00741756,-0.0631992,0.0285796;-1.57081,-0.152403,-1.57079
0.00734723,-0.0631661,0.0285798;-1.5708,-0.152172,-1.5708
0.00657962,-0.0642967,0.0317152;-1.57045,-0.132323,-1.56216
0.00556196,-0.0670879,0.0422297;-1.582,-0.111571,-1.56891
0.00765009,-0.0724694,0.0391848;-1.62147,-0.142549,-1.58348
0.0105903,-0.0723153,0.0290184;-1.59041,-0.165354,-1.57604
0.0105292,-0.0720646,0.0287558;-1.5793,-0.174208,-1.57287
0.0105926,-0.0720306,0.0285865;-1.57096,-0.179965,-1.57042
0.010975,-0.0721341,0.0293609;-1.55364,-0.152022,-1.56201
0.0100043,-0.0747681,0.0361609;-1.55515,-0.130896,-1.56246
0.0106172,-0.0765582,0.0411324;-1.57876,-0.148667,-1.57307
0.0146024,-0.0803161,0.0311652;-1.63434,-0.172136,-1.58475
0.0144218,-0.0807308,0.0290905;-1.59153,-0.17243,-1.57879
0.0144986,-0.0807754,0.0287297;-1.57797,-0.176981,-1.57243
0.0148333,-0.0817298,0.0290169;-1.55328,-0.118663,-1.56498
0.0151342,-0.0830926,0.0314774;-1.52118,-0.101073,-1.5551
0.0140278,-0.0849579,0.0400609;-1.51433,-0.108588,-1.55859
0.02056,-0.0841524,0.0299128;-1.60862,-0.197285,-1.58202
0.0199705,-0.0832991,0.0290433;-1.59023,-0.189507,-1.5778
0.0195793,-0.0841341,0.0287949;-1.57685,-0.175179,-1.57612
0.0195682,-0.084875,0.0287453;-1.56309,-0.120608,-1.56937
0.0204768,-0.0864768,0.0300278;-1.54616,-0.0860944,-1.5629
0.0196482,-0.0922181,0.0385859;-1.5159,-0.0512336,-1.56163
0.024013,-0.0936393,0.0294652;-1.59806,-0.165068,-1.58194
0.0247257,-0.0917222,0.0292117;-1.59664,-0.17259,-1.57809
0.0235933,-0.0939213,0.0290632;-1.5879,-0.138423,-1.58129
0.0207128,-0.0976391,0.028825;-1.57909,-0.0470466,-1.57604
0.019574,-0.10298,0.0296788;-1.54888,0.0228566,-1.56207
0.018612,-0.120675,0.0355374;-1.45577,0.0981238,-1.55933
0.019341,-0.123219,0.028753;-1.57267,-0.0142629,-1.57974
0.0213316,-0.119711,0.0292935;-1.6019,-0.0384272,-1.57707
0.0204003,-0.12178,0.029206;-1.58824,-0.00323481,-1.58041
0.016487,-0.127367,0.0287685;-1.57522,0.0870579,-1.57828
0.0146462,-0.130605,0.0291061;-1.55836,0.153908,-1.56345
0.0103384,-0.145361,0.0346836;-1.50132,0.233697,-1.56564
0.0076834,-0.158038,0.0334303;-1.48537,0.217122,-1.58832
0.00950399,-0.152537,0.0287081;-1.58344,0.153826,-1.57302
0.010699,-0.151155,0.0287762;-1.57471,0.129615,-1.57569
0.00981639,-0.152829,0.02858;-1.57071,0.184912,-1.5708
0.0101978,-0.152785,0.0286716;-1.5706,0.231629,-1.56644
0.0065162,-0.158731,0.0301987;-1.55981,0.298997,-1.55813
-0.00443419,-0.194255,0.0371434;-1.42129,0.431845,-1.61017
-0.00623931,-0.195962,0.0334605;-1.46685,0.388722,-1.60178
-0.00485356,-0.192542,0.0286;-1.57196,0.373684,-1.57219
-0.00444891,-0.191984,0.0285803;-1.57072,0.388804,-1.57083
-0.00434047,-0.192255,0.0285808;-1.57071,0.418572,-1.57077
-0.00444273,-0.192398,0.0288696;-1.56587,0.425775,-1.56297
-0.0194853,-0.214588,0.039667;-1.39856,0.577266,-1.63463
-0.0274668,-0.229763,0.0361405;-1.39775,0.585935,-1.65765
-0.0234319,-0.227389,0.0290215;-1.55379,0.601779,-1.57812
-0.0224617,-0.226452,0.0286418;-1.57051,0.574735,-1.57397
-0.0228321,-0.2275,0.0285791;-1.57073,0.619599,-1.57087
-0.0229384,-0.227608,0.0287511;-1.57045,0.614772,-1.5626
-0.029527,-0.234924,0.0371355;-1.46137,0.691823,-1.60592
-0.0343832,-0.242397,0.0358864;-1.4118,0.654521,-1.66145
-0.0316166,-0.239143,0.0286597;-1.57175,0.642448,-1.56654
-0.0310703,-0.238214,0.0287302;-1.57048,0.600495,-1.57787
-0.0311359,-0.238172,0.0286217;-1.57075,0.598691,-1.57279
-0.031342,-0.238203,0.0285891;-1.57092,0.608916,-1.57014
-0.0408997,-0.247651,0.0368626;-1.47996,0.701007,-1.59549
-0.0438904,-0.253562,0.0357923;-1.40934,0.638861,-1.66569
-0.0402366,-0.249522,0.0287291;-1.57076,0.617674,-1.56327
-0.0401124,-0.249424,0.0287675;-1.57078,0.615591,-1.57981
-0.0411926,-0.250203,0.0290744;-1.58067,0.639571,-1.58071
-0.0421351,-0.250943,0.0309961;-1.61862,0.650772,-1.56008
-0.0470989,-0.2495,0.038389;-1.70274,0.725201,-1.47029
-0.0475776,-0.252229,0.0361603;-1.53805,0.663214,-1.58312
-0.0461901,-0.251345,0.0297694;-1.55987,0.656841,-1.56158
-0.0468928,-0.25183,0.0286778;-1.57092,0.676168,-1.57524
-0.0470939,-0.253386,0.0292829;-1.59064,0.689416,-1.57063
-0.0474105,-0.253097,0.0291391;-1.58335,0.692008,-1.57975
-0.0481192,-0.252558,0.0291128;-1.59262,0.699818,-1.56199
-0.0512092,-0.249869,0.0378767;-1.41576,0.659541,-1.64579
-0.0462077,-0.247148,0.0327102;-1.47547,0.592533,-1.61805
-0.0435708,-0.244901,0.0285795;-1.57105,0.586332,-1.5709
-0.0448545,-0.246693,0.0289419;-1.5779,0.633132,-1.57795
-0.0448939,-0.247204,0.0293208;-1.59432,0.637121,-1.57116
-0.0473225,-0.248196,0.0321644;-1.63984,0.669241,-1.5488
-0.0474128,-0.240814,0.0427278;-1.56051,0.689098,-1.57532
-0.0461214,-0.23893,0.0382728;-1.48827,0.590063,-1.62192
-0.0427596,-0.234886,0.0285784;-1.57085,0.529894,-1.57068
-0.0430207,-0.235796,0.0287652;-1.57167,0.555895,-1.57843
-0.0433517,-0.236134,0.0290865;-1.58673,0.567864,-1.57291
-0.0450793,-0.237638,0.0314159;-1.62533,0.594038,-1.55883
-0.0542101,-0.240711,0.0413964;-1.53699,0.679524,-1.59263
-0.0577208,-0.245306,0.0371229;-1.43919,0.596437,-1.64696
-0.0558377,-0.239076,0.0286381;-1.57389,0.534703,-1.56718
-0.0553525,-0.239208,0.0287113;-1.57076,0.52605,-1.57709
-0.0564063,-0.240294,0.029009;-1.58441,0.556453,-1.57244
-0.057496,-0.241351,0.0308927;-1.62463,0.575017,-1.55396
-0.0623782,-0.245033,0.0433816;-1.65242,0.684166,-1.53801
-0.0651582,-0.247973,0.0441424;-1.58903,0.660919,-1.56508
-0.0673866,-0.252849,0.0306499;-1.52401,0.608791,-1.60266
-0.0651392,-0.250246,0.0286625;-1.57418,0.529723,-1.57034
-0.065552,-0.250786,0.0287195;-1.57285,0.545237,-1.5746
-0.066729,-0.251295,0.0292241;-1.60012,0.579385,-1.56152
-0.0746448,-0.257637,0.038682;-1.7583,0.696237,-1.47136
-0.0806455,-0.262212,0.0465616;-1.65801,0.748838,-1.52668
-0.0850502,-0.269271,0.0419973;-1.59226,0.708818,-1.56631
-0.0834818,-0.270009,0.028575;-1.5706,0.645319,-1.57047
-0.0825866,-0.269701,0.028786;-1.58199,0.616899,-1.56555
-0.0825151,-0.27016,0.0289294;-1.58585,0.615403,-1.56666
-0.0878512,-0.272962,0.0353987;-1.74193,0.695644,-1.46782
-0.0918407,-0.276325,0.0415689;-1.73201,0.769776,-1.47175
-0.0971536,-0.283436,0.0443979;-1.64013,0.79256,-1.52569
-0.102775,-0.292834,0.0285793;-1.57162,0.727011,-1.5708
-0.102501,-0.292641,0.0287299;-1.58062,0.726369,-1.56456
-0.101695,-0.292592,0.0288336;-1.5853,0.706436,-1.56265
-0.10364,-0.292346,0.0317143;-1.66228,0.744153,-1.51276
-0.107733,-0.29522,0.0377173;-1.75776,0.810829,-1.44779
-0.107349,-0.293829,0.0465734;-1.69013,0.833037,-1.49132
-0.108067,-0.302317,0.0287605;-1.57349,0.749995,-1.57539
-0.107896,-0.302278,0.0285541;-1.56896,0.746658,-1.57214
-0.107849,-0.302104,0.0286908;-1.57801,0.749133,-1.566
-0.108243,-0.301793,0.0292871;-1.61325,0.747333,-1.54549
-0.109938,-0.30123,0.033836;-1.68478,0.770162,-1.49432
-0.115056,-0.303826,0.044644;-1.66902,0.826685,-1.50819
-0.11207,-0.306405,0.0303081;-1.6319,0.739002,-1.53407
-0.11187,-0.306846,0.0289445;-1.59264,0.733588,-1.5577
-0.111894,-0.306844,0.0286417;-1.57471,0.729112,-1.56827
-0.113012,-0.306649,0.0291901;-1.60849,0.760229,-1.54778
-0.114706,-0.307167,0.0320692;-1.64247,0.773235,-1.5273
-0.117001,-0.306842,0.0433436;-1.63268,0.798762,-1.53667
-0.11176,-0.303736,0.0328377;-1.68328,0.693465,-1.50101
-0.110919,-0.305019,0.0291896;-1.60568,0.679603,-1.55165
-0.111228,-0.30503,0.028765;-1.58225,0.678331,-1.56368
-0.111735,-0.304851,0.0287394;-1.58061,0.69587,-1.56465
-0.113678,-0.305337,0.0294973;-1.60338,0.739989,-1.55236
-0.117354,-0.308554,0.0359696;-1.61702,0.778855,-1.5457
-0.11835,-0.30974,0.0404286;-1.63314,0.685412,-1.54243
-0.112909,-0.30772,0.0313159;-1.65042,0.644554,-1.52558
-0.113222,-0.308409,0.0289674;-1.59347,0.649941,-1.55795
-0.113521,-0.30845,0.0285806;-1.57075,0.646405,-1.57086
-0.114278,-0.30839,0.0286925;-1.57803,0.684924,-1.56612
-0.118443,-0.310686,0.0303907;-1.61238,0.747285,-1.54796
-0.127399,-0.319208,0.0429052;-1.59884,0.737679,-1.56631
-0.12288,-0.315424,0.0351023;-1.63983,0.639357,-1.54356
-0.118075,-0.313215,0.0291896;-1.60428,0.597518,-1.5542
-0.118988,-0.313252,0.0285926;-1.57087,0.621547,-1.57016
-0.119591,-0.313177,0.0285817;-1.57081,0.650721,-1.57077
-0.121416,-0.313441,0.0290432;-1.59585,0.708473,-1.55874
-0.132308,-0.325092,0.0444365;-1.57607,0.797431,-1.57851
-0.137379,-0.328619,0.0413894;-1.62395,0.708763,-1.56052
-0.131945,-0.325439,0.0300518;-1.61876,0.624728,-1.54726
-0.130743,-0.324092,0.0286252;-1.57319,0.640625,-1.56963
-0.131357,-0.323994,0.0285605;-1.57196,0.681755,-1.57012
-0.132024,-0.324275,0.0285769;-1.57084,0.719804,-1.57065
-0.142203,-0.33587,0.0410812;-1.53414,0.855363,-1.61221
-0.14861,-0.342689,0.040783;-1.61801,0.798932,-1.57023
-0.147966,-0.344402,0.0324337;-1.65301,0.743573,-1.53663
-0.142444,-0.341606,0.0291053;-1.59965,0.695362,-1.55578
-0.145229,-0.342312,0.0285986;-1.57193,0.756892,-1.57007
-0.146459,-0.342558,0.02858;-1.5707,0.802748,-1.571
-0.146459,-0.342558,0.02858;-1.5707,0.802748,-1.571
-0.150571,-0.345818,0.0299768;-1.55843,0.878671,-1.58898
-0.150571,-0.345818,0.0299768;-1.55843,0.878671,-1.58898
