0,0,0.11;-1.57,-2.98023e-08,-1.57
0,0,0.11;-1.57,-2.98023e-08,-1.57
0,0,0.11;-1.57,-2.98023e-08,-1.57
-0.000687076,-0.000351455,0.0286216;-1.57046,-0.222864,-1.56905
-0.000553766,-0.000466788,0.0289674;-1.56404,-0.209121,-1.55741
-0.000285889,0.0022444,0.0300465;-1.56484,-0.178173,-1.54334
-0.00256734,0.000525391,0.0333906;-1.54841,-0.199268,-1.50507
-0.00322064,-0.00887262,0.0292102;-1.54707,-0.348389,-1.55818
-0.00431954,-0.00768985,0.0288959;-1.5811,-0.448838,-1.58399
-0.00389884,-0.00586503,0.029006;-1.58737,-0.517469,-1.58758
-0.00374787,-0.00912096,0.0288818;-1.58353,-0.430346,-1.5814
-0.00401433,-0.00964457,0.0289224;-1.58628,-0.380453,-1.58009
-0.00458368,-0.00924682,0.0288901;-1.58285,-0.341216,-1.57805
-0.00744451,-0.00729123,0.0334018;-1.51939,-0.331838,-1.52078
-0.00675879,-0.0107173,0.0315074;-1.51257,-0.406176,-1.54011
-0.00734204,-0.0121839,0.0294861;-1.54428,-0.467293,-1.55903
-0.00835839,-0.0102117,0.0290004;-1.56296,-0.520733,-1.58099
-0.00588176,-0.012723,0.0307486;-1.56331,-0.466799,-1.6056
-0.000447238,-0.0207753,0.0353873;-1.51538,-0.350773,-1.62209
0.0144698,-0.0320582,0.0360559;-1.42723,-0.0806573,-1.5626
0.0128278,-0.0306222,0.0357768;-1.42672,-0.108917,-1.55439
0.00998189,-0.0303059,0.0368318;-1.40189,-0.157597,-1.54675
0.00287409,-0.0175404,0.0292405;-1.56306,-0.308151,-1.59003
0.00300452,-0.0193865,0.0310726;-1.56528,-0.269218,-1.61119
0.004706,-0.0249156,0.0329646;-1.56074,-0.18258,-1.63517
0.00683373,-0.0298855,0.0335024;-1.55935,-0.0975288,-1.63728
0.00767805,-0.0298035,0.0341519;-1.54216,-0.0646126,-1.63952
0.00670812,-0.0196897,0.0392114;-1.56003,-0.214118,-1.60923
0.00419972,-0.0216967,0.0382101;-1.52592,-0.286795,-1.6114
0.000881655,-0.0271336,0.0309671;-1.5717,-0.332938,-1.61615
0.00131727,-0.0297857,0.0287271;-1.56595,-0.218493,-1.57198
0.00257744,-0.0285187,0.0288716;-1.56777,-0.107449,-1.55947
0.00396679,-0.0266183,0.0289251;-1.56763,-0.0127175,-1.55749
0.00052981,-0.0311333,0.0313348;-1.52579,-0.114392,-1.54305
-9.14027e-05,-0.0357912,0.0334658;-1.46701,-0.200642,-1.55036
-0.000872101,-0.0312244,0.0323718;-1.49483,-0.280998,-1.55823
-0.00133761,-0.0285924,0.0290194;-1.57881,-0.254045,-1.58265
-0.00235798,-0.0308228,0.0288605;-1.57059,-0.18961,-1.58401
-0.00338598,-0.0330401,0.0293696;-1.59,-0.138025,-1.5799
-0.00328753,-0.0309023,0.0290179;-1.58996,-0.233397,-1.57294
-0.00439276,-0.0310399,0.0299004;-1.56857,-0.287682,-1.56781
-0.00464954,-0.0353047,0.0300002;-1.54489,-0.346204,-1.57481
-0.00619335,-0.0374869,0.029328;-1.57531,-0.341603,-1.57042
-0.00503898,-0.0415836,0.0297514;-1.54227,-0.282994,-1.56724
-0.00251528,-0.045055,0.0301736;-1.53014,-0.206937,-1.56894
0.000660829,-0.0486169,0.0340624;-1.46968,-0.102265,-1.5835
-0.00543931,-0.0434773,0.0350221;-1.44872,-0.204374,-1.56298
-0.00972186,-0.0380858,0.0340186;-1.46349,-0.328669,-1.55225
-0.0103391,-0.0348166,0.0315121;-1.5149,-0.413726,-1.56323
-0.00969213,-0.0366008,0.0302238;-1.53946,-0.351794,-1.57297
-0.00617064,-0.0420382,0.0302428;-1.54185,-0.229182,-1.57895
0.000552096,-0.0497578,0.0302637;-1.54922,-0.0918697,-1.59126
-0.000424188,-0.0439751,0.0310865;-1.56392,-0.169773,-1.61004
0.00175565,-0.0394125,0.0357964;-1.53292,-0.194052,-1.64539
0.00968769,-0.0372676,0.0366286;-1.5685,-0.280295,-1.67895
0.00890313,-0.042608,0.0368246;-1.57057,-0.248586,-1.67883
0.00837256,-0.047399,0.0378744;-1.54204,-0.213749,-1.6802
0.00469952,-0.057835,0.0358264;-1.48854,-0.10444,-1.61486
0.00223725,-0.0564281,0.0323502;-1.49564,-0.119448,-1.57154
-0.00130253,-0.0518837,0.0315204;-1.50167,-0.165161,-1.56413
-0.0110132,-0.0447192,0.0290817;-1.54484,-0.386159,-1.56043
-0.0122928,-0.0453506,0.0288415;-1.55663,-0.457979,-1.56418
-0.0117717,-0.045758,0.028632;-1.56906,-0.426543,-1.57121
-0.0063171,-0.0507585,0.0296672;-1.54421,-0.195182,-1.57165
-0.00488716,-0.0506844,0.0303108;-1.53498,-0.18989,-1.5757
-0.0057077,-0.0489853,0.0323694;-1.52687,-0.212047,-1.59837
-0.0154072,-0.0380792,0.0321129;-1.55344,-0.388486,-1.60959
-0.0154942,-0.037889,0.0323292;-1.59112,-0.401913,-1.6237
-0.0156788,-0.0401808,0.0324301;-1.61488,-0.375976,-1.62125
-0.0181609,-0.0535764,0.0301433;-1.57122,-0.216009,-1.60059
-0.0194214,-0.0530679,0.0306282;-1.56267,-0.190066,-1.60143
-0.0203478,-0.0529305,0.0305385;-1.5368,-0.183946,-1.5806
-0.0250227,-0.0455787,0.0342755;-1.48133,-0.310885,-1.57592
-0.0243139,-0.0430556,0.0339287;-1.50504,-0.339884,-1.59526
-0.0241817,-0.0400989,0.0352411;-1.52432,-0.392588,-1.62879
-0.0180491,-0.0506278,0.0372914;-1.54349,-0.283896,-1.67586
-0.0167992,-0.0607796,0.0370006;-1.5316,-0.187854,-1.6644
-0.0143657,-0.0680694,0.0349164;-1.51107,-0.0954898,-1.62495
-0.023101,-0.0574334,0.0386258;-1.42217,-0.21267,-1.58701
-0.0217042,-0.0499726,0.0404568;-1.44512,-0.298149,-1.62085
-0.0195514,-0.0439401,0.0409569;-1.45745,-0.370742,-1.6329
-0.0144634,-0.0458101,0.0397571;-1.5284,-0.325739,-1.69046
-0.0146054,-0.0484536,0.0420952;-1.49436,-0.265025,-1.68928
-0.0199692,-0.0526412,0.0435568;-1.44324,-0.185083,-1.66549
-0.0281026,-0.0460107,0.0436418;-1.43517,-0.223951,-1.62258
-0.0187388,-0.0413377,0.0473467;-1.39384,-0.303145,-1.60642
-0.00984045,-0.041853,0.047541;-1.34086,-0.387876,-1.58777
0.00306312,-0.0469337,0.0466372;-1.35696,-0.447583,-1.59713
0.0100628,-0.0500654,0.0445915;-1.39301,-0.341295,-1.62394
0.0142788,-0.0539892,0.0427252;-1.4298,-0.231127,-1.64809
0.00300734,-0.0544545,0.0419188;-1.36652,-0.143596,-1.59161
-0.00476386,-0.049717,0.0450507;-1.32213,-0.215416,-1.57057
-0.0104875,-0.0424901,0.0460439;-1.30396,-0.344827,-1.53569
0.00251711,-0.0515519,0.0500217;-1.24719,-0.382592,-1.53689
0.00781519,-0.053715,0.0459036;-1.3416,-0.314301,-1.58312
0.0107719,-0.0531269,0.0427324;-1.4323,-0.27714,-1.63638
0.0116953,-0.0454252,0.04124;-1.49396,-0.206493,-1.67455
0.00239709,-0.0317405,0.0419363;-1.46609,-0.239751,-1.64744
0.000778624,-0.0294032,0.042967;-1.46264,-0.285026,-1.62851
-0.000661977,-0.0339246,0.0443653;-1.43504,-0.334007,-1.60623
0.00647862,-0.0494207,0.0439639;-1.34262,-0.312255,-1.56318
0.0105291,-0.0520379,0.0425298;-1.3641,-0.24885,-1.5791
0.0157281,-0.0576634,0.0390395;-1.42221,-0.133835,-1.60453
0.0115975,-0.0513103,0.0374309;-1.46591,-0.147302,-1.61773
0.00579488,-0.0427159,0.0387439;-1.44553,-0.256374,-1.60261
0.00515912,-0.0382801,0.0406286;-1.41599,-0.332518,-1.58819
0.0106111,-0.0499932,0.046214;-1.2927,-0.349045,-1.52979
0.015337,-0.0532474,0.0445774;-1.32565,-0.277772,-1.55555
0.0188098,-0.051282,0.0419501;-1.42355,-0.211304,-1.6222
0.0159626,-0.0417905,0.0389648;-1.53742,-0.138711,-1.69418
0.00983174,-0.0336152,0.0393757;-1.5444,-0.182944,-1.69282
0.0060196,-0.0251193,0.039196;-1.5597,-0.248739,-1.69536
-0.000508426,-0.0269567,0.0465266;-1.5008,-0.256544,-1.6252
-0.00172777,-0.0319038,0.0461297;-1.48344,-0.223187,-1.62102
0.00284544,-0.037366,0.0426334;-1.49507,-0.221006,-1.6471
0.00766956,-0.0430247,0.0398903;-1.4894,-0.0950302,-1.64508
0.0059023,-0.0372201,0.0389276;-1.50744,-0.0992161,-1.65663
0.00199293,-0.032536,0.0397718;-1.48942,-0.189521,-1.64346
0.00271217,-0.0364807,0.0438596;-1.38413,-0.233657,-1.58973
0.00102316,-0.042435,0.04411;-1.38516,-0.238434,-1.58388
-0.000771117,-0.0505132,0.0446549;-1.41144,-0.205898,-1.59177
0.0123074,-0.0523265,0.0480798;-1.49885,-0.115555,-1.64747
0.0172249,-0.0511999,0.043307;-1.51367,-0.0826237,-1.67299
0.0193174,-0.0431895,0.0419519;-1.53924,-0.0806615,-1.70246
0.0143495,-0.0258008,0.0415193;-1.57046,-0.15136,-1.70741
0.0144984,-0.0261526,0.0455055;-1.56936,-0.173357,-1.6819
0.011107,-0.0320179,0.0498902;-1.56112,-0.125656,-1.65715
0.00859967,-0.0402216,0.0535871;-1.64098,-0.0450532,-1.66299
0.00941319,-0.0389847,0.0522913;-1.63675,0.0371045,-1.67405
0.0081955,-0.0331733,0.043918;-1.60306,0.0700644,-1.69806
-0.00100232,-0.0126392,0.0368781;-1.56649,-0.025756,-1.66656
-0.00176947,-0.0101992,0.0349533;-1.58185,-0.0744692,-1.65084
-0.00284969,-0.0130445,0.036519;-1.53809,-0.0582137,-1.63341
-0.00412291,-0.0335791,0.0421641;-1.49775,-0.0179864,-1.61877
-0.00335174,-0.0423912,0.0443142;-1.44989,-0.0401275,-1.60384
-0.00389711,-0.0407104,0.0480955;-1.42913,-0.0189176,-1.58767
-0.00396308,-0.0292491,0.0571277;-1.49699,-0.109483,-1.58363
-0.00312424,-0.0296367,0.0535052;-1.52594,-0.130289,-1.58776
-0.00418954,-0.0361696,0.0533021;-1.51773,-0.0945114,-1.60616
-0.00998617,-0.0553317,0.0536403;-1.52792,-0.0125248,-1.59208
-0.00810374,-0.0602108,0.0569614;-1.53858,-0.0286543,-1.57377
-0.00191092,-0.0634538,0.0581439;-1.55485,-0.0314326,-1.57933
0.0091399,-0.0473451,0.0571605;-1.54041,-0.0185022,-1.60519
0.0103116,-0.0363999,0.0521544;-1.51289,-0.049607,-1.63228
0.00857565,-0.0325452,0.0476522;-1.48945,-0.0717723,-1.64763
0.0147414,-0.042521,0.045037;-1.48121,-0.113155,-1.68336
0.0127802,-0.0466329,0.0450572;-1.50795,-0.0886789,-1.68935
0.0110268,-0.0461288,0.0431651;-1.52744,-0.0475681,-1.69498
-0.00461554,-0.041822,0.0435071;-1.59673,-0.00020352,-1.69489
-0.00716345,-0.0334167,0.0421767;-1.59722,-0.034245,-1.69752
-0.00617303,-0.0297213,0.0406526;-1.58627,-0.0502743,-1.69836
-0.00302722,-0.0339558,0.0397936;-1.59357,-0.0233082,-1.71115
-0.00263896,-0.036147,0.0401515;-1.59306,0.00336373,-1.71167
-0.00121422,-0.0396465,0.0410368;-1.59699,0.00874975,-1.71772
-0.000753634,-0.0370626,0.0430292;-1.632,0.0277532,-1.69973
-0.00731148,-0.0279032,0.0423527;-1.65063,-0.028529,-1.68346
-0.0160094,-0.0201337,0.0425952;-1.69855,-0.106873,-1.66477
-0.023938,-0.00726665,0.039623;-1.71191,-0.0980677,-1.64193
-0.0282809,-0.0162094,0.0358067;-1.61088,-0.0220424,-1.64628
-0.0296463,-0.0224325,0.0325155;-1.58344,0.0167289,-1.62168
-0.0283101,-0.0257443,0.0310658;-1.57955,0.0293713,-1.60713
-0.0278636,-0.0194623,0.0329994;-1.57721,-0.00103596,-1.62051
-0.0286336,-0.0100691,0.0343176;-1.57915,-0.0602384,-1.62801
-0.0220583,-0.00821046,0.0390328;-1.59362,-0.0652538,-1.67112
-0.0130304,-0.0108793,0.0405107;-1.5904,-0.0360338,-1.69554
-0.0141168,-0.0144069,0.0397941;-1.59999,0.0296351,-1.70063
-0.0126493,-0.0300801,0.0414625;-1.57909,0.0424269,-1.71442
-0.0108191,-0.0312863,0.0401757;-1.59215,0.0744227,-1.71041
-0.00999447,-0.0300162,0.0399857;-1.58277,0.0926025,-1.69211
-0.0114463,-0.0262592,0.0412721;-1.59844,0.0316221,-1.6865
-0.00811961,-0.0200965,0.0415404;-1.61712,-0.0331788,-1.68124
-0.0070894,-0.0185678,0.0418468;-1.61836,0.00254295,-1.69959
-0.00349003,-0.0208069,0.0430137;-1.58053,0.0218388,-1.71591
-0.000174816,-0.0251544,0.0425563;-1.5306,0.00190053,-1.70813
0.000322417,-0.0204901,0.0423212;-1.52135,0.00721142,-1.71175
-0.0155564,-0.00528482,0.0411539;-1.56372,-0.0618574,-1.70785
-0.0246161,-0.00476816,0.0400138;-1.56962,-0.0720817,-1.69029
-0.0289103,-0.00847934,0.0387656;-1.5828,-0.115951,-1.66436
-0.0298906,-0.0178112,0.0357821;-1.59309,-0.0617526,-1.65437
-0.0289724,-0.0222735,0.0353519;-1.58934,-0.0723897,-1.65116
-0.0271245,-0.0251506,0.0361598;-1.58794,-0.0639346,-1.66622
-0.0271245,-0.0251506,0.0361598;-1.58794,-0.0639346,-1.66622
-0.0257035,-0.0254137,0.0373328;-1.59353,-0.0661374,-1.6808
-0.0257035,-0.0254137,0.0373328;-1.59353,-0.0661374,-1.6808
