0,0,0.11;-1.57,-2.98023e-08,-1.57
0,0,0.11;-1.57,-2.98023e-08,-1.57
0,0,0.11;-1.57,-2.98023e-08,-1.57
0.000550173,0.00915584,0.0286246;-1.5687,-0.127314,-1.57047
0.00076977,0.00932792,0.0286796;-1.57086,-0.0937598,-1.56613
-0.000805169,0.00543064,0.0300772;-1.57322,-0.0443913,-1.55144
-0.000893813,-0.0298315,0.0353562;-1.45034,0.0389615,-1.56107
-0.000675885,-0.0241557,0.0285785;-1.57091,-0.0356172,-1.57064
-0.000556459,-0.0243015,0.0288079;-1.55998,-0.0337701,-1.57075
-0.000551698,-0.0242062,0.028689;-1.56567,-0.0302458,-1.57096
-8.62115e-05,-0.0243221,0.0286646;-1.5707,0.0169075,-1.56677
-0.0018791,-0.0281358,0.0299894;-1.57202,0.0678271,-1.55267
-0.00463073,-0.0507414,0.0359847;-1.48181,0.163651,-1.55745
-0.00544859,-0.0612479,0.0326553;-1.49176,0.118761,-1.57276
-0.00526674,-0.0563586,0.0286084;-1.57226,0.0671478,-1.56785
-0.00512423,-0.0560972,0.0287101;-1.56449,0.0559632,-1.57096
-0.00496096,-0.0566828,0.0285847;-1.57052,0.0986223,-1.57039
-0.00626951,-0.0587608,0.0293495;-1.56906,0.143527,-1.55904
-0.0118464,-0.0784227,0.0339373;-1.514,0.23891,-1.55992
-0.0146298,-0.0998548,0.0370454;-1.4262,0.255631,-1.58535
-0.0148603,-0.0953774,0.0323306;-1.49606,0.198961,-1.58011
-0.0143376,-0.0915941,0.0285761;-1.571,0.152838,-1.57083
-0.0140232,-0.0916055,0.0285796;-1.57077,0.167777,-1.57081
-0.0136592,-0.0913751,0.0286931;-1.56986,0.211018,-1.56575
-0.0167983,-0.0963454,0.0300925;-1.56921,0.271192,-1.55432
-0.0229783,-0.115832,0.0336559;-1.48983,0.316876,-1.58098
-0.0245986,-0.119783,0.0305289;-1.52771,0.276009,-1.57868
-0.0238459,-0.118079,0.0287778;-1.56104,0.240989,-1.57299
-0.0237201,-0.118391,0.0287653;-1.56154,0.25674,-1.57308
-0.0236117,-0.118224,0.028577;-1.57093,0.278726,-1.57077
-0.0302806,-0.130181,0.0319722;-1.5419,0.403482,-1.56122
-0.0378524,-0.154217,0.0381642;-1.42355,0.471396,-1.60892
-0.040875,-0.160757,0.0348991;-1.4399,0.420624,-1.61554
-0.0379488,-0.153525,0.0285718;-1.57058,0.363889,-1.57088
-0.0377918,-0.153748,0.0287525;-1.56183,0.375866,-1.57391
-0.0375674,-0.154024,0.0286968;-1.56467,0.400532,-1.57314
-0.0395983,-0.156296,0.029725;-1.56508,0.487336,-1.55996
-0.0512453,-0.175037,0.0353902;-1.47296,0.582343,-1.59832
-0.0590321,-0.191004,0.0366481;-1.40617,0.582741,-1.64553
-0.0569429,-0.184119,0.028544;-1.56975,0.486995,-1.57141
-0.0565769,-0.184205,0.0287881;-1.55948,0.496344,-1.576
-0.056458,-0.184353,0.0287411;-1.56188,0.509734,-1.57512
-0.0564775,-0.1844,0.0288062;-1.56862,0.571639,-1.56256
-0.0648863,-0.192756,0.0315546;-1.54603,0.654616,-1.56548
-0.0793076,-0.213153,0.0385327;-1.39802,0.732992,-1.65476
-0.0801771,-0.214025,0.0286286;-1.57259,0.639903,-1.5659
-0.0794657,-0.21385,0.0285797;-1.57088,0.629225,-1.57074
-0.0793912,-0.214196,0.0287656;-1.55972,0.640657,-1.57734
-0.0792174,-0.214658,0.0287228;-1.57103,0.705113,-1.56353
-0.0844307,-0.218075,0.0304846;-1.5647,0.77454,-1.55575
-0.101275,-0.235987,0.0375182;-1.40167,0.871978,-1.66968
-0.10512,-0.241472,0.0286566;-1.57087,0.79022,-1.56691
-0.104615,-0.241218,0.0285808;-1.57053,0.777782,-1.57086
-0.10464,-0.24161,0.0287854;-1.55711,0.787648,-1.58061
-0.104154,-0.242102,0.0287047;-1.57058,0.866993,-1.56478
-0.110281,-0.244636,0.0304652;-1.57273,0.933034,-1.54902
-0.130311,-0.259681,0.0376638;-1.35557,1.02734,-1.72416
-0.134489,-0.265074,0.0293059;-1.5377,0.969118,-1.59424
-0.133211,-0.2643,0.0285693;-1.5702,0.935718,-1.57086
-0.133012,-0.264528,0.0288177;-1.55143,0.947593,-1.58643
-0.133047,-0.265245,0.0285886;-1.5699,1.00649,-1.57144
-0.136085,-0.26597,0.0294834;-1.56532,1.06104,-1.56117
-0.154791,-0.274376,0.0339824;-1.39197,1.14054,-1.70738
-0.16184,-0.27942,0.0339899;-1.34137,1.10874,-1.76493
-0.157038,-0.276552,0.0286125;-1.59,1.07602,-1.55251
-0.15606,-0.276468,0.0285738;-1.57135,1.06044,-1.57036
-0.156721,-0.276996,0.0286317;-1.57085,1.10768,-1.57324
-0.157804,-0.276809,0.0285862;-1.57055,1.15464,-1.57032
-0.165229,-0.277593,0.0309821;-1.63823,1.20528,-1.49799
-0.1946,-0.28861,0.0388378;-1.03864,1.23889,-2.05472
-0.190301,-0.287367,0.0347307;-1.24658,1.20832,-1.8744
-0.180247,-0.284605,0.0288357;-1.60309,1.16276,-1.54462
-0.180571,-0.285479,0.0287436;-1.56876,1.1905,-1.57989
-0.182103,-0.285791,0.0287845;-1.57045,1.23313,-1.58079
-0.1848,-0.285034,0.0297009;-1.66985,1.28062,-1.47978
-0.218024,-0.290155,0.0435827;-1.14775,1.39943,-1.97223
-0.224606,-0.293119,0.0405868;-0.960941,1.31185,-2.16218
-0.209391,-0.291294,0.0289438;-1.63673,1.29806,-1.51646
-0.206397,-0.29214,0.0288201;-1.57687,1.28819,-1.57465
-0.208323,-0.292115,0.0288927;-1.57858,1.33039,-1.57621
-0.210653,-0.291234,0.0299294;-1.74777,1.36615,-1.4031
-0.231513,-0.291624,0.042973;-2.58584,1.47173,-0.568611
-0.240598,-0.294489,0.0438882;-1.2976,1.47148,-1.85361
-0.230467,-0.295156,0.0297149;-1.72063,1.39829,-1.43529
-0.230472,-0.295997,0.0289795;-1.61341,1.41095,-1.54114
-0.234276,-0.295727,0.0290338;-1.63061,1.46976,-1.52706
-0.238535,-0.294181,0.0301631;-2.20518,1.50357,-0.945995
-0.25666,-0.291189,0.0430046;2.53743,1.39858,0.586628
-0.264497,-0.292867,0.0444652;2.15766,1.50451,0.963924
-0.256278,-0.295121,0.031836;-2.86042,1.50433,-0.293028
-0.256395,-0.296,0.0290967;-2.34957,1.55304,-0.804669
-0.264881,-0.293919,0.0291254;1.67667,1.48071,1.44828
-0.268264,-0.292333,0.0301144;1.82216,1.44695,1.308
-0.281279,-0.286335,0.0414017;2.22037,1.24703,0.915238
-0.286075,-0.286039,0.0414645;2.01519,1.32132,1.11537
-0.282732,-0.287099,0.0357758;2.12696,1.33008,1.01066
-0.279098,-0.291227,0.0291262;1.68325,1.44601,1.44704
-0.284317,-0.288896,0.0290685;1.62565,1.38128,1.50381
-0.287497,-0.286756,0.029223;1.64216,1.3423,1.48598
-0.291222,-0.283147,0.0333711;1.87884,1.27035,1.264
-0.306025,-0.276395,0.0436547;1.90377,1.15489,1.242
-0.306228,-0.277797,0.0391089;1.86763,1.2126,1.26781
-0.300651,-0.282515,0.0314451;1.77677,1.29466,1.35971
-0.303069,-0.281341,0.0290433;1.59894,1.2665,1.52998
-0.305543,-0.279595,0.0291481;1.60559,1.22723,1.52215
-0.308841,-0.275866,0.0307643;1.68534,1.17511,1.45484
-0.321269,-0.265333,0.0426182;1.88212,1.0087,1.27929
-0.327122,-0.263885,0.0431956;1.69594,1.07011,1.43907
-0.322134,-0.269315,0.0313415;1.69236,1.14608,1.44506
-0.322763,-0.269065,0.0290325;1.59157,1.13456,1.53893
-0.325306,-0.266608,0.0290161;1.58534,1.08136,1.54389
-0.327515,-0.263219,0.029757;1.64113,1.03628,1.50256
-0.340401,-0.250963,0.0414491;1.79648,0.88055,1.37448
-0.348017,-0.248045,0.0427125;1.59941,0.938816,1.53602
-0.342788,-0.254286,0.0298859;1.63242,1.01071,1.50843
-0.343209,-0.254526,0.0288788;1.57805,0.99995,1.55348
-0.344466,-0.253196,0.0287922;1.5742,0.959814,1.55967
-0.345219,-0.251191,0.0291405;1.60721,0.919346,1.53484
-0.357624,-0.236689,0.0389872;1.75432,0.77351,1.42945
-0.368089,-0.228647,0.0419738;1.51811,0.781636,1.61451
-0.366245,-0.23183,0.0325618;1.51211,0.837412,1.60893
-0.363314,-0.237361,0.0287533;1.56993,0.870951,1.56365
-0.364495,-0.236462,0.0287545;1.56941,0.839314,1.56428
-0.365392,-0.235397,0.0287825;1.57218,0.802677,1.55899
-0.371942,-0.223695,0.0342992;1.69222,0.693887,1.49135
-0.386239,-0.208829,0.0407896;1.52133,0.620053,1.61901
-0.394578,-0.20087,0.0385866;1.3517,0.65162,1.7232
-0.386728,-0.213167,0.0286446;1.57109,0.760408,1.56707
-0.387739,-0.212902,0.0288193;1.56196,0.73457,1.57178
-0.388841,-0.21214,0.0288003;1.56109,0.692379,1.57392
-0.389515,-0.207592,0.0298288;1.59291,0.609388,1.56323
-0.398435,-0.191714,0.0353883;1.59488,0.533577,1.57421
-0.409302,-0.176222,0.039638;1.36421,0.504712,1.70706
-0.404519,-0.185134,0.028529;1.57018,0.601615,1.57223
-0.404682,-0.185416,0.0287845;1.5597,0.594242,1.57648
-0.405514,-0.184932,0.0288472;1.5557,0.572906,1.57898
-0.405746,-0.184552,0.0287933;1.57145,0.512144,1.58108
-0.409206,-0.172716,0.0312836;1.58443,0.44635,1.58704
-0.422049,-0.147076,0.0394602;1.41194,0.34668,1.66673
-0.427108,-0.153549,0.0286067;1.57789,0.402954,1.56879
-0.427008,-0.15493,0.0285748;1.57034,0.440968,1.57165
-0.427177,-0.154976,0.0288446;1.55748,0.438396,1.57583
-0.427732,-0.154879,0.0287201;1.57138,0.377642,1.57722
-0.428713,-0.146004,0.0307201;1.57929,0.318641,1.58948
-0.4372,-0.120174,0.0387268;1.44052,0.211307,1.63557
-0.441275,-0.11785,0.0285862;1.5721,0.27135,1.57119
-0.441318,-0.118833,0.0285766;1.57047,0.294649,1.57105
-0.441467,-0.118645,0.0288414;1.55872,0.290495,1.57346
-0.441978,-0.118279,0.0286999;1.57102,0.230883,1.57675
-0.441311,-0.110963,0.0305461;1.5774,0.17464,1.59032
-0.445781,-0.0845565,0.037757;1.45556,0.0710866,1.61267
-0.448982,-0.0788984,0.0315912;1.50984,0.126284,1.58336
-0.449656,-0.0837411,0.0285521;1.57097,0.150559,1.57064
-0.449897,-0.0835456,0.028838;1.55928,0.141698,1.57161
-0.450329,-0.0831739,0.0285779;1.57081,0.100465,1.57071
-0.449574,-0.0816697,0.0292034;1.57148,0.0642018,1.58266
-0.448505,-0.0629282,0.0328578;1.5396,-0.0224078,1.59706
-0.450919,-0.0347814,0.0363419;1.42218,-0.0438856,1.57554
-0.453402,-0.0438961,0.0286202;1.58178,-0.0228046,1.57548
-0.453627,-0.0437949,0.0285954;1.56945,-0.00181121,1.57026
-0.454091,-0.0432516,0.0286269;1.56853,-0.039314,1.57073
-0.454027,-0.0433455,0.0286772;1.57087,-0.0624033,1.57567
-0.45145,-0.0369746,0.030286;1.57457,-0.122464,1.59076
-0.44518,0.00549511,0.0381308;1.40274,-0.219892,1.55393
-0.446774,-0.000229239,0.0326022;1.49072,-0.184384,1.56152
-0.448416,-0.00574589,0.0285682;1.57106,-0.14809,1.57031
-0.448813,-0.00542511,0.0287703;1.56206,-0.170434,1.56853
-0.449185,-0.00527585,0.0285813;1.57046,-0.19936,1.57074
-0.448362,-0.0046659,0.0290116;1.57098,-0.233342,1.58147
-0.434267,0.0352473,0.0397268;1.40476,-0.396504,1.54177
-0.432735,0.0411398,0.0363434;1.41439,-0.346914,1.52632
-0.437598,0.0327159,0.028555;1.57758,-0.325043,1.57811
-0.438623,0.0321123,0.0287462;1.56238,-0.317693,1.56822
-0.439068,0.0328092,0.0285545;1.57181,-0.360068,1.57157
-0.439139,0.0327771,0.0287252;1.571,-0.384533,1.5781
-0.422572,0.0629207,0.0381989;1.42184,-0.542676,1.52657
-0.417963,0.0741373,0.0365742;1.39615,-0.497903,1.4955
-0.422384,0.0659191,0.0285981;1.58269,-0.471968,1.57909
-0.423187,0.0658503,0.0288197;1.55863,-0.467615,1.56476
-0.423525,0.0661992,0.0285197;1.57487,-0.503591,1.57349
-0.423188,0.0664289,0.0286964;1.57097,-0.534804,1.57685
-0.423188,0.0664289,0.0286964;1.57097,-0.534804,1.57685
-0.417719,0.0716122,0.030477;1.57887,-0.590378,1.5932
-0.417719,0.0716122,0.030477;1.57887,-0.590378,1.5932
