0,0,0.11;-1.57,-2.98023e-08,-1.57
0,0,0.11;-1.57,-2.98023e-08,-1.57
0,0,0.11;-1.57,-2.98023e-08,-1.57
0.000287837,0.000516292,0.0288717;-1.57803,-0.18375,-1.57947
0.000615008,0.000456546,0.0285797;-1.57083,-0.190199,-1.57084
0.000311497,0.000453102,0.0286069;-1.57068,-0.161229,-1.56954
0.00017446,0.00310302,0.0294918;-1.56566,-0.100033,-1.54768
0.00198197,0.00240017,0.0289024;-1.58363,-0.185772,-1.57044
0.0036556,0.000793133,0.02858;-1.5708,-0.281891,-1.57094
0.00347726,0.00105525,0.0285831;-1.5707,-0.392207,-1.57102
0.00291464,0.000578484,0.0285798;-1.57078,-0.368073,-1.57088
0.00303651,0.000902685,0.028643;-1.57072,-0.341016,-1.56781
0.00324477,0.000843705,0.0289237;-1.56278,-0.327519,-1.55929
0.00335906,0.00179837,0.0290704;-1.56462,-0.322876,-1.55108
0.00344277,-0.00180864,0.0297182;-1.57328,-0.381665,-1.54994
0.00403032,-0.00603494,0.0288912;-1.57614,-0.442619,-1.56283
0.00566149,-0.0142608,0.0287664;-1.56134,-0.595535,-1.5643
0.00605831,-0.013937,0.029182;-1.54544,-0.563491,-1.55519
0.00649623,-0.013934,0.0307688;-1.50891,-0.546202,-1.53649
0.00693499,-0.0137705,0.0330119;-1.46383,-0.525523,-1.51083
0.00761716,-0.0131475,0.0321353;-1.48247,-0.535436,-1.52572
0.00578004,-0.0107703,0.0298307;-1.53197,-0.561923,-1.55432
0.00383116,-0.00953042,0.0293319;-1.54947,-0.626269,-1.57048
0.00541995,-0.01264,0.028979;-1.56515,-0.604083,-1.58394
0.00668956,-0.0141105,0.0292197;-1.54818,-0.580773,-1.57179
0.0070212,-0.0142921,0.0292117;-1.54006,-0.555448,-1.56012
0.00729718,-0.0134626,0.0292342;-1.54064,-0.540821,-1.56267
0.00630766,-0.0116724,0.0288913;-1.55985,-0.54554,-1.57271
0.00591189,-0.0112969,0.0287923;-1.56452,-0.561092,-1.57405
0.00600631,-0.0114827,0.0288452;-1.56103,-0.54962,-1.57185
0.00617022,-0.0115773,0.0286196;-1.57015,-0.530867,-1.56852
0.00622743,-0.0111926,0.028741;-1.57034,-0.512093,-1.56249
0.0062223,-0.0106559,0.0287732;-1.57025,-0.485099,-1.56167
0.00604324,-0.0106769,0.0286421;-1.57101,-0.4903,-1.56794
0.00591569,-0.0106149,0.0285853;-1.57075,-0.484101,-1.57056
0.00596541,-0.0112169,0.0286082;-1.57066,-0.509428,-1.56939
0.00623584,-0.0115976,0.0287319;-1.56992,-0.521501,-1.56324
0.00652105,-0.0126923,0.028962;-1.56562,-0.546774,-1.5542
0.00669321,-0.0136684,0.0291273;-1.56166,-0.565369,-1.54719
0.0067276,-0.0142752,0.0287053;-1.5708,-0.599176,-1.56478
0.00660799,-0.0141712,0.0288083;-1.56989,-0.602747,-1.56005
0.00651296,-0.0139788,0.0289142;-1.57638,-0.60674,-1.56171
0.00701894,-0.0130098,0.0293225;-1.54912,-0.571348,-1.55063
0.00715277,-0.0122104,0.0298579;-1.54289,-0.55541,-1.54161
0.00730105,-0.0112933,0.0306777;-1.53547,-0.533187,-1.53235
0.00543879,-0.00273736,0.0289103;-1.56612,-0.475896,-1.56276
0.00500272,-0.00284568,0.0287849;-1.55935,-0.488594,-1.56555
0.00473163,-0.00243207,0.0288503;-1.55723,-0.487999,-1.56605
0.00501872,-0.00230025,0.0287141;-1.56405,-0.483305,-1.56839
0.00454964,-0.00265342,0.0286866;-1.56557,-0.520735,-1.56908
0.00488659,-0.00304429,0.0289269;-1.55165,-0.507312,-1.56111
0.0048322,-0.00302101,0.0286613;-1.56771,-0.501274,-1.56799
0.00476798,-0.00274101,0.0286559;-1.57076,-0.522638,-1.5743
0.0045025,-0.00211131,0.028698;-1.56955,-0.544017,-1.5751
0.00402698,-0.00174275,0.0286129;-1.57033,-0.575831,-1.57229
0.004125,-0.00183855,0.028581;-1.57045,-0.579542,-1.57058
0.00416558,-0.00182205,0.0286665;-1.57047,-0.57611,-1.56655
0.0042765,-0.00190845,0.0290798;-1.55637,-0.566171,-1.55116
0.00427601,-0.00119617,0.0287412;-1.57091,-0.565736,-1.56303
0.00419774,-0.0012228,0.0285794;-1.57135,-0.58347,-1.57102
0.00391521,-0.000840387,0.0285806;-1.57064,-0.575936,-1.5708
0.00400696,-0.000929111,0.028587;-1.57009,-0.571723,-1.57038
0.00399766,-0.00106331,0.02879;-1.56641,-0.576404,-1.5617
0.0046051,-0.0056828,0.0292918;-1.54675,-0.633129,-1.54151
0.0041356,-0.00402606,0.0291366;-1.54968,-0.632045,-1.54848
0.00365909,-0.00271187,0.0287655;-1.56816,-0.626967,-1.56255
0.00290334,-0.000996874,0.0291182;-1.55162,-0.624546,-1.55779
0.00211401,-0.000150235,0.0289163;-1.55519,-0.605049,-1.55832
0.00218022,-0.000663362,0.0291388;-1.5483,-0.61737,-1.54901
0.00117891,0.0024901,0.0312554;-1.51902,-0.560532,-1.52348
0.00159376,0.00439793,0.0289889;-1.55175,-0.56551,-1.55552
0.00133235,0.00525138,0.0288492;-1.55802,-0.567952,-1.56067
-3.08681e-05,0.00617935,0.0288058;-1.56336,-0.630437,-1.57118
-0.000144712,0.00611228,0.028737;-1.57052,-0.629953,-1.57809
-0.000878873,0.00679325,0.0285847;-1.57069,-0.676171,-1.5709
-0.000519083,0.0054347,0.0288896;-1.55204,-0.688177,-1.55784
-0.000462124,0.0051187,0.0286461;-1.5665,-0.691654,-1.56828
-0.000611015,0.00502841,0.0286045;-1.5692,-0.697874,-1.56997
-0.00103198,0.00595883,0.0286906;-1.5721,-0.744545,-1.57603
-0.0011389,0.00552445,0.0287312;-1.57071,-0.725789,-1.57796
-0.00122586,0.00556515,0.0287407;-1.57081,-0.730767,-1.57852
-0.00158005,0.00558299,0.0285938;-1.57034,-0.70495,-1.56979
-0.00116395,0.00546981,0.0288006;-1.55794,-0.691015,-1.561
-0.00140792,0.00650646,0.0285848;-1.5704,-0.650679,-1.57061
-0.00206039,0.00804587,0.0287912;-1.57388,-0.688557,-1.58064
-0.00206599,0.00850652,0.028752;-1.57159,-0.712152,-1.57944
-0.00205621,0.00835207,0.0288076;-1.57419,-0.709838,-1.58187
-0.0022487,0.00700967,0.0286231;-1.5708,-0.702291,-1.57282
-0.00266016,0.00650169,0.029081;-1.56469,-0.686626,-1.56417
-0.00242702,0.00486124,0.0302895;-1.53979,-0.675929,-1.53973
-0.00322426,0.00722579,0.0289619;-1.58191,-0.664469,-1.58019
-0.00330859,0.00611524,0.0294851;-1.5638,-0.658012,-1.57319
-0.00344808,0.00567227,0.0296446;-1.56336,-0.655991,-1.57572
-0.0033612,0.00447446,0.0291361;-1.5749,-0.638178,-1.58006
-0.00423042,0.00408216,0.0289669;-1.57315,-0.628281,-1.57796
-0.00365186,0.00156659,0.029341;-1.56073,-0.61929,-1.57004
-0.00274115,0.00098076,0.0303038;-1.57196,-0.634509,-1.60211
-0.00296571,-0.0010391,0.0304826;-1.5725,-0.662068,-1.60493
-0.00219367,-0.00299718,0.0308714;-1.57406,-0.651524,-1.61024
-0.00157693,-0.00514265,0.0306437;-1.57141,-0.628474,-1.60499
-0.00155346,-0.00665807,0.029383;-1.56572,-0.58792,-1.58196
-0.00153383,-0.00656305,0.0293657;-1.55689,-0.553037,-1.57177
-0.00104785,-0.00625871,0.0291741;-1.56182,-0.548569,-1.57428
-0.00159891,-0.00461953,0.0290118;-1.581,-0.563863,-1.5911
-0.0012281,-0.00420137,0.028917;-1.5759,-0.571238,-1.58676
-0.00126702,-0.00473258,0.0289043;-1.57593,-0.557664,-1.58604
-0.000534946,-0.00503333,0.0289253;-1.59034,-0.577231,-1.58209
-0.0021338,-0.00416072,0.028959;-1.58567,-0.548707,-1.57306
-0.00557225,-0.00140502,0.0294007;-1.58313,-0.4982,-1.56669
-0.00669974,0.000259501,0.0288474;-1.57229,-0.454191,-1.58263
-0.00651381,0.000317451,0.0288758;-1.57712,-0.460928,-1.58194
-0.00683275,0.000755268,0.0288596;-1.57773,-0.451451,-1.58087
-0.0065381,0.000281572,0.0291832;-1.58805,-0.460092,-1.57292
-0.0053295,-0.00328128,0.0305788;-1.57537,-0.489052,-1.55182
-0.00595874,-0.00615705,0.0309231;-1.56459,-0.515119,-1.54536
-0.00551703,-0.00215396,0.0290507;-1.58701,-0.491326,-1.5772
-0.00675314,-0.00147613,0.0291279;-1.58834,-0.488236,-1.57763
-0.00614356,-0.00197511,0.0291701;-1.58757,-0.522831,-1.58006
-0.00580153,-0.00213088,0.0288954;-1.58693,-0.486985,-1.57945
-0.0055378,-0.00424999,0.0300003;-1.5948,-0.477495,-1.56923
-0.00617211,-0.00553906,0.0306876;-1.6011,-0.470304,-1.56439
-0.00324513,-0.0110541,0.0289331;-1.57549,-0.527283,-1.58607
-0.0037294,-0.00909914,0.0290933;-1.57848,-0.552406,-1.59225
-0.0049659,-0.00714364,0.0297073;-1.58341,-0.59735,-1.59712
-0.00494693,-0.00707115,0.028968;-1.57647,-0.608561,-1.58835
-0.00484559,-0.00596224,0.0292402;-1.60375,-0.623262,-1.59095
-0.00435778,-0.00732251,0.0295889;-1.60764,-0.616206,-1.59128
-0.00780023,-0.00333704,0.0289884;-1.59396,-0.54831,-1.58313
-0.00747769,-0.00212489,0.0289608;-1.58598,-0.573814,-1.58513
-0.00733747,-0.00124259,0.0291201;-1.58962,-0.592686,-1.59237
-0.00722915,-0.00148371,0.0289148;-1.58003,-0.584279,-1.58458
-0.00732949,-0.00133983,0.0288377;-1.5792,-0.571648,-1.58071
-0.00749033,-0.00117377,0.0288264;-1.5795,-0.574001,-1.58008
-0.00680831,-0.00115595,0.0297328;-1.58411,-0.616538,-1.56413
-0.00707122,0.000384449,0.0291209;-1.58808,-0.610585,-1.57621
-0.00964383,0.00238938,0.0291048;-1.60002,-0.562922,-1.58609
-0.0108993,0.0029541,0.0295178;-1.6078,-0.551931,-1.59022
-0.0103282,0.00234872,0.0290786;-1.59907,-0.55867,-1.5857
-0.0111651,0.00257607,0.0289095;-1.58529,-0.536118,-1.57496
-0.0115899,0.000764873,0.0298962;-1.5804,-0.525856,-1.55813
-0.00893766,-0.001683,0.0288916;-1.58509,-0.563786,-1.57533
-0.00784528,-0.00163276,0.0289764;-1.59079,-0.615632,-1.58592
-0.00816146,-0.00153528,0.0290703;-1.59706,-0.610947,-1.58891
-0.00777617,-0.00245338,0.0294436;-1.60195,-0.62473,-1.59251
-0.00524858,-0.00503865,0.0310496;-1.62295,-0.662954,-1.59885
-0.00432352,-0.00741557,0.0287483;-1.57749,-0.615979,-1.57773
-0.00355593,-0.00851075,0.0287456;-1.5708,-0.607435,-1.57891
-0.00325351,-0.00955211,0.0292258;-1.58311,-0.592698,-1.59057
-0.00454994,-0.00553865,0.0303228;-1.5714,-0.687875,-1.60038
-0.00348406,-0.00828203,0.0310897;-1.56994,-0.65802,-1.61153
-0.00279209,-0.00964533,0.0312864;-1.56156,-0.642086,-1.60693
-0.00259594,-0.0125225,0.0307961;-1.54575,-0.615906,-1.58539
-0.00132383,-0.01316,0.0319921;-1.51872,-0.60902,-1.57343
-0.0011268,-0.0148773,0.031336;-1.54145,-0.603819,-1.58594
-0.0028647,-0.0133644,0.0319158;-1.56789,-0.606775,-1.62089
-0.00469328,-0.0116383,0.0320105;-1.56109,-0.646684,-1.61581
-0.00474863,-0.0119116,0.0315035;-1.56422,-0.652734,-1.61176
-0.00376566,-0.0127324,0.0308452;-1.54203,-0.643379,-1.58202
-0.000987631,-0.0148627,0.0319967;-1.5079,-0.582105,-1.55735
0.000371081,-0.0148974,0.0328873;-1.47542,-0.555553,-1.53539
-0.000194134,-0.0164836,0.030736;-1.52399,-0.603253,-1.55596
0.00158941,-0.0166939,0.0306831;-1.54261,-0.572668,-1.57937
0.000671411,-0.0157266,0.0309178;-1.52928,-0.575058,-1.56498
0.000668971,-0.0147275,0.0322826;-1.48617,-0.53794,-1.53102
0.000432493,-0.0142098,0.0320869;-1.49605,-0.541554,-1.52871
2.73544e-05,-0.0134126,0.0294999;-1.55743,-0.537614,-1.56123
-0.00259674,-0.00833184,0.0331257;-1.6519,-0.491593,-1.60461
-0.00545572,-0.00516649,0.0340219;-1.67429,-0.455161,-1.61635
-0.00913618,-0.000483477,0.0340166;-1.67343,-0.415756,-1.61476
-0.00826234,-0.0002904,0.0334396;-1.67659,-0.457668,-1.62399
-0.0073252,-0.00047231,0.0333815;-1.67063,-0.473377,-1.61303
-0.00539111,-0.00220878,0.0324583;-1.63335,-0.499425,-1.58494
-0.00178329,-0.00556449,0.0311013;-1.62996,-0.501211,-1.59885
-0.0025751,-0.00579052,0.0341498;-1.68509,-0.522448,-1.61592
-0.00362059,-0.00339595,0.0350042;-1.70502,-0.53023,-1.62554
-0.00664687,-0.00466939,0.0360503;-1.71187,-0.484901,-1.61408
-0.00696767,-0.00684523,0.0377625;-1.71235,-0.480822,-1.59322
-0.00712931,-0.00729272,0.038985;-1.70915,-0.485732,-1.57568
-0.00419546,-0.0107616,0.0404336;-1.73167,-0.524267,-1.58668
-0.00529421,-0.00711719,0.0418591;-1.76927,-0.513829,-1.61063
-0.00677039,-0.00339361,0.04021;-1.73846,-0.495905,-1.59749
-0.00677039,-0.00339361,0.04021;-1.73846,-0.495905,-1.59749
-0.00843775,-0.00229811,0.0366262;-1.66736,-0.488535,-1.56591
-0.00843775,-0.00229811,0.0366262;-1.66736,-0.488535,-1.56591
