0,0,0.11;-1.57,-2.98023e-08,-1.57
0,0,0.11;-1.57,-2.98023e-08,-1.57
0,0,0.11;-1.57,-2.98023e-08,-1.57
-0.000351019,-0.00158833,0.0286239;-1.56998,-0.165708,-1.56925
-0.000380015,-0.00188805,0.0287469;-1.57093,-0.182585,-1.56273
-0.000532475,-0.00172073,0.0301269;-1.56535,-0.186254,-1.54435
-0.00148366,-0.00597039,0.030547;-1.55747,-0.206917,-1.54662
0.00103363,-0.0123298,0.0308831;-1.57311,-0.195457,-1.61287
0.000181856,-0.0140826,0.0307337;-1.57818,-0.189316,-1.60483
-0.000326702,-0.014991,0.0291832;-1.57556,-0.190774,-1.58703
-0.000278088,-0.0156837,0.0287806;-1.57098,-0.163622,-1.56117
0.000866398,-0.0128053,0.0298852;-1.54983,-0.125679,-1.55026
0.00207373,-0.00777648,0.0332148;-1.5383,-0.0871525,-1.51782
0.00384427,-0.00735456,0.0302883;-1.55466,-0.0955537,-1.54699
0.00421336,-0.00593414,0.0287124;-1.57089,-0.0984539,-1.5643
0.00406177,-0.00587364,0.0286195;-1.57083,-0.10583,-1.56886
0.00392152,-0.00576961,0.02876;-1.57082,-0.123701,-1.57929
0.0035011,-0.00514975,0.0290053;-1.58069,-0.109834,-1.58106
0.00291781,-0.00227076,0.0342026;-1.60477,-0.0913053,-1.56942
0.00232794,0.00455043,0.0349837;-1.56722,-0.0993642,-1.54058
0.00353824,0.00792951,0.0294055;-1.5759,-0.0644042,-1.55818
0.00342266,0.00806806,0.0285795;-1.5708,-0.0472405,-1.57081
0.0038832,0.00807619,0.0286027;-1.57066,-0.0279904,-1.56968
0.00377983,0.00718032,0.0288035;-1.5709,-0.0540427,-1.56005
0.00369426,0.00626337,0.0300697;-1.57183,-0.0600612,-1.54322
0.00299868,0.00229838,0.031113;-1.54729,-0.102337,-1.53736
0.00436275,-0.00210368,0.0287017;-1.57309,-0.144474,-1.57124
0.00466547,0.000172867,0.0292303;-1.57968,-0.190927,-1.58786
0.00513045,-0.000403135,0.0290602;-1.57618,-0.181894,-1.58669
0.00513165,-2.75433e-05,0.0288862;-1.56998,-0.191748,-1.58458
0.00334388,0.00128601,0.0310437;-1.57261,-0.227028,-1.53164
0.00131233,-0.00257836,0.0334044;-1.57185,-0.260439,-1.50467
0.0017253,-0.0102158,0.0314321;-1.55043,-0.323454,-1.53208
0.000130071,-0.0148001,0.0286588;-1.571,-0.37289,-1.57483
-0.000193954,-0.0156731,0.0286922;-1.57278,-0.343489,-1.57493
-4.88482e-05,-0.0164549,0.0289394;-1.58146,-0.31528,-1.58148
0.000881293,-0.0206295,0.0307983;-1.54767,-0.261603,-1.58482
0.00178842,-0.0230374,0.0352841;-1.46846,-0.234865,-1.56245
0.00298537,-0.0243536,0.0376689;-1.41434,-0.228704,-1.55105
0.0106607,-0.0315349,0.0334596;-1.51164,-0.119842,-1.60682
0.0128127,-0.034865,0.0337913;-1.54234,-0.0789715,-1.63291
0.0139014,-0.0358387,0.0343333;-1.53553,-0.0683207,-1.63676
0.0123173,-0.0359201,0.0366063;-1.47735,-0.0717747,-1.62076
0.0123443,-0.0361219,0.0391077;-1.41933,-0.0558652,-1.61257
0.0131255,-0.0337413,0.0421131;-1.36756,-0.0286207,-1.60853
0.0248353,-0.0187498,0.0314785;-1.57078,-0.0158133,-1.62238
0.026038,-0.0157129,0.0308991;-1.57492,-0.024882,-1.60922
0.0265984,-0.0141432,0.0299619;-1.57103,-0.0073512,-1.59593
0.0266895,-0.0145594,0.0291949;-1.55008,-0.0172132,-1.57563
0.0249404,-0.0145307,0.0312506;-1.5287,-0.021763,-1.55764
0.0227075,-0.0133253,0.0353643;-1.50268,-0.00999837,-1.52653
0.0248641,-0.00869841,0.0286238;-1.5698,0.0224124,-1.57404
0.024915,-0.0084067,0.0291499;-1.57562,0.0209132,-1.58811
0.0255503,-0.00788264,0.0293333;-1.57869,0.0113452,-1.58697
0.0259491,-0.00990278,0.0308031;-1.57753,0.00457315,-1.60395
0.0242737,-0.00724505,0.0334853;-1.64965,-0.045095,-1.57994
0.0218081,-0.00390676,0.039984;-1.61851,-0.0639521,-1.55874
0.0289128,-0.0167831,0.040495;-1.4018,-0.133946,-1.60246
0.0285118,-0.011926,0.0368538;-1.50232,-0.173714,-1.63504
0.0284737,-0.0101119,0.0349127;-1.55114,-0.19142,-1.64597
0.0221539,-0.00468147,0.0311889;-1.56644,-0.30029,-1.61367
0.0185013,-0.00576357,0.0329109;-1.53151,-0.319505,-1.60102
0.0146102,-0.0111691,0.0374916;-1.45891,-0.299667,-1.58955
0.0162068,-0.0186064,0.0427695;-1.42562,-0.308581,-1.6289
0.0130123,-0.0189315,0.0396812;-1.49739,-0.361044,-1.6526
0.0136331,-0.0171645,0.0345802;-1.56666,-0.365831,-1.65695
0.0163038,-0.0168224,0.0339807;-1.54743,-0.344919,-1.63222
0.0168531,-0.0161068,0.0357257;-1.51344,-0.335884,-1.62447
0.0182379,-0.0168759,0.0385154;-1.438,-0.317179,-1.58565
0.0166373,-0.0186445,0.046708;-1.30987,-0.312858,-1.57359
0.0146427,-0.0157789,0.043973;-1.38188,-0.343146,-1.59751
0.0141784,-0.00911522,0.0337719;-1.54845,-0.363041,-1.62823
0.0153807,-0.00510322,0.0320991;-1.59187,-0.367464,-1.62161
0.0148654,-0.0081035,0.0319351;-1.57244,-0.323388,-1.62477
0.0145858,-0.00762098,0.0300063;-1.56866,-0.309911,-1.59709
0.0133395,-0.0122969,0.0415836;-1.44794,-0.168558,-1.54866
0.0149871,-0.0188312,0.0431315;-1.31597,-0.179597,-1.55488
0.0139436,-0.0127419,0.0364719;-1.44398,-0.198393,-1.57314
0.0114995,-0.00130237,0.0288771;-1.57334,-0.282726,-1.58308
0.0116216,0.000610024,0.029051;-1.57618,-0.306561,-1.58954
0.0117294,0.00171712,0.0296017;-1.60604,-0.309747,-1.58199
0.011281,0.0035352,0.0409798;-1.77117,-0.323935,-1.59711
0.0128757,0.00498157,0.042592;-1.82765,-0.348354,-1.63507
0.0163212,-0.000175337,0.0357385;-1.72948,-0.387705,-1.63495
0.0168009,-0.00209038,0.0289611;-1.58397,-0.452517,-1.58295
0.0169285,-0.00239842,0.0285792;-1.56998,-0.456657,-1.56944
0.0167083,-0.00284194,0.028918;-1.56271,-0.449834,-1.55833
0.0137556,-0.0101411,0.0335134;-1.52799,-0.42704,-1.52393
0.0163812,-0.0233933,0.0362023;-1.47325,-0.451134,-1.57692
0.0185152,-0.0286741,0.0357483;-1.52187,-0.448221,-1.62159
0.0206053,-0.030672,0.033531;-1.62486,-0.438452,-1.6371
0.0202531,-0.0346296,0.0296076;-1.57846,-0.409405,-1.59622
0.0202267,-0.0341593,0.0292167;-1.59312,-0.414848,-1.58982
0.017245,-0.0296579,0.0322118;-1.51614,-0.402622,-1.53363
0.0173143,-0.0277759,0.0330815;-1.47691,-0.432406,-1.53403
0.0178916,-0.0260624,0.0342058;-1.46403,-0.437873,-1.54102
0.0158811,-0.0162152,0.0295671;-1.58511,-0.512258,-1.59693
0.0164674,-0.0112826,0.0325979;-1.59863,-0.538975,-1.63197
0.0176828,-0.00708557,0.0308441;-1.60911,-0.574632,-1.61426
0.016921,-0.0050791,0.0337269;-1.68756,-0.54545,-1.63678
0.0119,0.00400789,0.0445546;-1.82441,-0.433114,-1.61938
0.0127551,0.00501338,0.0435699;-1.84128,-0.405697,-1.64858
0.0121556,-0.00139132,0.033006;-1.66334,-0.377281,-1.61588
0.0117209,-0.005691,0.0286549;-1.56945,-0.357853,-1.57338
0.0117499,-0.00555398,0.02858;-1.57079,-0.353711,-1.57078
0.0116742,-0.00542833,0.0286366;-1.56978,-0.349746,-1.5687
0.0092596,-0.0108504,0.0403923;-1.75472,-0.285149,-1.59549
0.0150337,-0.0155528,0.0428651;-1.6964,-0.319067,-1.63371
0.0213168,-0.0252095,0.0375693;-1.59142,-0.360954,-1.67017
0.0200705,-0.0260841,0.0366088;-1.60643,-0.458015,-1.67567
0.0190786,-0.024638,0.0332143;-1.57885,-0.484406,-1.63988
0.0178265,-0.0224626,0.0289519;-1.5879,-0.498267,-1.58197
0.012774,-0.0224222,0.0323998;-1.55561,-0.502525,-1.51178
0.0146764,-0.0262697,0.0317307;-1.5507,-0.534808,-1.52275
0.01758,-0.0344108,0.0297385;-1.55782,-0.540745,-1.58153
0.0150417,-0.0410856,0.0328694;-1.62145,-0.515307,-1.63312
0.0154311,-0.0501226,0.0321124;-1.58768,-0.435272,-1.62581
0.0173837,-0.0519872,0.0312801;-1.58013,-0.41558,-1.61824
0.0172185,-0.0486117,0.0402862;-1.45128,-0.40834,-1.6123
0.0160248,-0.0494421,0.0439373;-1.39543,-0.405473,-1.60397
0.0179129,-0.0507027,0.0434495;-1.4034,-0.397266,-1.60908
0.0200347,-0.0513926,0.0356368;-1.52796,-0.367683,-1.63782
0.0152322,-0.0485675,0.034631;-1.53748,-0.424111,-1.63265
0.00496764,-0.0416539,0.0318064;-1.56061,-0.553156,-1.61551
0.00126754,-0.0290487,0.0350392;-1.49407,-0.613987,-1.58213
0.00435175,-0.0238064,0.0419803;-1.39628,-0.558812,-1.56289
0.00743657,-0.0258053,0.0437581;-1.38693,-0.549408,-1.57677
0.0012262,-0.0184706,0.0375576;-1.53454,-0.625468,-1.65911
-0.00145105,-0.013804,0.0365729;-1.57492,-0.640952,-1.66698
-0.00389548,-0.0121702,0.0363674;-1.56488,-0.6739,-1.66296
-0.00675041,-0.00574275,0.0298298;-1.53387,-0.69174,-1.54895
-0.00470625,-0.00692906,0.0350791;-1.41875,-0.634688,-1.48547
0.000123872,-0.0109543,0.0402863;-1.30939,-0.5809,-1.43926
0.00567849,-0.00929058,0.0388652;-1.4218,-0.532957,-1.55161
0.000692723,-0.00509667,0.0334838;-1.5561,-0.56165,-1.6329
-0.00311722,0.000298866,0.0323547;-1.56546,-0.605486,-1.62244
-0.00732453,0.00746641,0.0291338;-1.57126,-0.694701,-1.5859
-0.0099093,0.00834815,0.0300631;-1.54484,-0.72517,-1.55354
-0.0124934,0.00609342,0.0334415;-1.47546,-0.722524,-1.48698
-0.00255053,0.00399981,0.0298063;-1.56911,-0.766877,-1.60134
-0.00393668,0.00501492,0.0300305;-1.57921,-0.786885,-1.60488
-0.0044767,0.00505949,0.029204;-1.58976,-0.786098,-1.59427
-0.0039496,0.00443785,0.0286264;-1.56949,-0.762976,-1.5678
-0.00402623,0.00445679,0.0297058;-1.54582,-0.752765,-1.55342
-0.00289299,0.000841615,0.0381056;-1.41082,-0.712889,-1.51536
0.0111544,-0.00778521,0.0418776;-1.43958,-0.619935,-1.60711
0.0146604,-0.0112247,0.0394552;-1.51436,-0.5734,-1.66264
0.0215294,-0.0192093,0.0358304;-1.53815,-0.477574,-1.64443
0.0259657,-0.0212703,0.0288397;-1.55715,-0.427643,-1.56497
0.0248029,-0.0207223,0.0302235;-1.52505,-0.435397,-1.54258
0.0241856,-0.0193899,0.0345384;-1.44034,-0.419628,-1.50733
0.0272149,-0.0175038,0.0364927;-1.40723,-0.416128,-1.51804
0.028544,-0.0181223,0.0333476;-1.49038,-0.392166,-1.56512
0.0294435,-0.0185348,0.0308683;-1.5706,-0.371785,-1.60933
0.02944,-0.015775,0.0305983;-1.57052,-0.374884,-1.60647
0.029291,-0.0146733,0.0288588;-1.56823,-0.367093,-1.58121
0.0295986,-0.012424,0.0318372;-1.50293,-0.338442,-1.54545
0.0348932,-0.0186734,0.042484;-1.3243,-0.257588,-1.53693
0.0397534,-0.0206389,0.0431361;-1.35131,-0.208531,-1.57928
0.0418232,-0.0194634,0.0415536;-1.44383,-0.170754,-1.64329
0.0336328,0.000295531,0.0342928;-1.5532,-0.205046,-1.63983
0.0324507,0.00510138,0.0307748;-1.57462,-0.235104,-1.60771
0.0321376,0.00627244,0.0324841;-1.61007,-0.24211,-1.60908
0.0283124,0.0155012,0.0478364;-1.70147,-0.335639,-1.63123
0.0350681,0.0226554,0.0438389;-1.85157,-0.340593,-1.70119
0.0367453,0.0217165,0.0430415;-1.77203,-0.380276,-1.7177
0.035427,0.00250413,0.0384645;-1.56375,-0.438035,-1.68007
0.0336469,0.00137267,0.0355431;-1.54804,-0.463352,-1.64866
0.0303962,0.00160612,0.0358373;-1.49103,-0.505855,-1.58932
0.0234092,-0.00261242,0.0417963;-1.35195,-0.547713,-1.51517
0.0297816,-0.00501634,0.0424731;-1.3886,-0.514695,-1.57004
0.0335323,-0.0055869,0.0431736;-1.44727,-0.515025,-1.64299
0.0300364,-0.00687483,0.0408623;-1.57172,-0.560061,-1.71957
0.0275553,-0.00895428,0.0385083;-1.56699,-0.592603,-1.70324
0.0251216,-0.00839144,0.0360428;-1.55712,-0.610914,-1.66435
0.0211499,-0.0102848,0.0425182;-1.38536,-0.58356,-1.56111
0.024418,-0.0111529,0.0425951;-1.40451,-0.575155,-1.58497
0.0286657,-0.00964128,0.0421223;-1.47848,-0.580457,-1.65619
0.0260611,-0.0093988,0.0398654;-1.57858,-0.565801,-1.70851
0.0225762,-0.00731213,0.0399711;-1.55352,-0.607234,-1.70507
0.0203267,-0.00448877,0.0386177;-1.55646,-0.628057,-1.69909
0.0203267,-0.00448877,0.0386177;-1.55646,-0.628057,-1.69909
0.0217193,-0.00081664,0.0393091;-1.49859,-0.591167,-1.64258
0.0217193,-0.00081664,0.0393091;-1.49859,-0.591167,-1.64258
