0,0,0.11;-1.57,-2.98023e-08,-1.57
0,0,0.11;-1.57,-2.98023e-08,-1.57
0,0,0.11;-1.57,-2.98023e-08,-1.57
-0.00069518,-0.00203367,0.0286068;-1.57072,-0.191192,-1.56949
-0.000737182,-0.00240729,0.0286552;-1.57081,-0.224787,-1.57454
-0.00063531,-0.0029818,0.0298875;-1.56961,-0.224656,-1.59911
0.00314039,-0.00140934,0.0364289;-1.59042,-0.215596,-1.65552
-0.00438266,0.01296,0.0354452;-1.69195,-0.181228,-1.57806
-0.00489876,0.0142295,0.029279;-1.58261,-0.139688,-1.56211
-0.0046196,0.0151386,0.028802;-1.57236,-0.120873,-1.5617
-0.00562976,0.0170971,0.0287821;-1.56741,0.0184934,-1.57882
-0.00486103,0.0164201,0.0304902;-1.56686,0.0456016,-1.60416
-0.00249775,0.0162912,0.034272;-1.55768,0.0523544,-1.64764
-0.000950818,0.0160127,0.0367032;-1.57336,0.0448003,-1.67086
-0.00428528,0.0188176,0.0336852;-1.58919,0.0149559,-1.63174
-0.00607097,0.019548,0.0290904;-1.58865,-0.00389684,-1.57771
-0.00755877,0.016687,0.0297866;-1.59233,-0.000656813,-1.55349
-0.00606282,0.0123237,0.0289162;-1.57152,-0.00961402,-1.56452
-0.00463587,0.00827413,0.0296657;-1.57478,0.00240168,-1.57963
0.00167934,0.000271485,0.0358128;-1.55287,-0.000511616,-1.65289
-0.000697995,-0.00142991,0.0358963;-1.58385,-0.002103,-1.64295
-0.000194694,-0.00221967,0.0334577;-1.60585,0.000150084,-1.61798
-0.00198649,-0.00699018,0.0287861;-1.57361,0.0423128,-1.57758
-0.00182408,-0.00818728,0.0287302;-1.57014,0.0938881,-1.57752
-0.000946675,-0.00816185,0.0287843;-1.56479,0.125628,-1.57555
0.00142757,-0.00907445,0.0306904;-1.56346,0.195652,-1.59339
0.00148775,-0.00488982,0.0322464;-1.59951,0.306701,-1.58932
0.00480717,0.00810569,0.0347341;-1.65813,0.411199,-1.57198
0.000605787,0.00326252,0.0303242;-1.60363,0.465235,-1.5732
-0.00111772,0.000987328,0.0288262;-1.57076,0.493463,-1.58241
-0.000866624,-0.000943289,0.0292591;-1.54881,0.520439,-1.59512
0.000382375,-0.00215799,0.031215;-1.52374,0.524989,-1.6207
-0.000629575,-0.00246578,0.0331679;-1.51075,0.515542,-1.64439
-0.0054639,-0.00530063,0.0332144;-1.51727,0.486151,-1.62942
-0.00664312,-0.00486863,0.0319945;-1.52688,0.493354,-1.59789
-0.00832328,-0.00531002,0.031549;-1.53069,0.492338,-1.591
-0.00967293,-0.0045972,0.0310769;-1.51571,0.467804,-1.59882
-0.00873375,-0.000556786,0.0323453;-1.47965,0.441302,-1.6156
-0.00835481,0.00446511,0.0338234;-1.45465,0.403485,-1.62559
-0.00940487,0.0121741,0.0326471;-1.50751,0.313529,-1.61589
-0.00919111,0.012165,0.0330467;-1.50693,0.296257,-1.60773
-0.00931754,0.0127198,0.0341211;-1.50976,0.276352,-1.61797
-0.00425718,0.00651198,0.0354195;-1.47772,0.311088,-1.63877
-0.00259062,0.00266416,0.0375253;-1.45249,0.346733,-1.66763
-0.00252364,-0.00070761,0.0380233;-1.44602,0.384938,-1.67357
0.000269119,0.00111782,0.0396099;-1.41977,0.403767,-1.6867
0.0021008,-0.00156633,0.0418303;-1.35247,0.423222,-1.71733
0.00290661,4.97499e-05,0.0437068;-1.34052,0.403564,-1.73507
-0.00285271,0.00212421,0.0422331;-1.32538,0.444515,-1.71055
-0.0022528,0.000732053,0.0399415;-1.30264,0.492665,-1.69535
-0.00183465,0.000999888,0.0403723;-1.29894,0.514448,-1.69684
0.00393655,0.00475239,0.044382;-1.22272,0.558841,-1.73842
0.000774018,0.00232062,0.0449276;-1.19203,0.51714,-1.75775
0.000109487,0.00232948,0.0451235;-1.18614,0.506546,-1.75965
0.00280418,0.00623692,0.0377469;-1.34455,0.575316,-1.68898
0.0065869,0.00812467,0.0340358;-1.43039,0.608481,-1.65195
0.00911408,0.00712906,0.0347709;-1.41347,0.639102,-1.66547
0.0129851,0.00401136,0.0393179;-1.29967,0.653991,-1.73932
0.0150791,0.00584027,0.0408008;-1.28559,0.643739,-1.76086
0.0178636,0.0122399,0.0411507;-1.34402,0.599945,-1.75466
0.0115658,0.017476,0.0396332;-1.50183,0.636582,-1.72991
0.00307513,0.0164544,0.0352816;-1.52361,0.665928,-1.67627
0.00153238,0.0126472,0.031241;-1.53621,0.709849,-1.6254
0.00436187,0.0149555,0.0343121;-1.51634,0.688257,-1.67361
0.00472228,0.0160186,0.0356298;-1.50567,0.679168,-1.67679
0.00373579,0.0157972,0.038532;-1.56219,0.672044,-1.63199
-0.00981014,-0.0018182,0.0352218;-1.41241,0.688084,-1.65488
-0.0130529,-0.00402449,0.0326995;-1.51538,0.683055,-1.57546
-0.0137572,-0.00379698,0.0321651;-1.50924,0.678023,-1.5895
-0.00535629,-0.0171843,0.038863;-1.32376,0.728971,-1.7301
-0.00611053,-0.0186247,0.0405714;-1.27727,0.705599,-1.76047
-0.00344179,-0.0134984,0.038026;-1.45552,0.700311,-1.6981
-0.00499023,-0.0115239,0.0369192;-1.37999,0.704118,-1.69758
-0.00531498,-0.0124709,0.0388165;-1.33096,0.701932,-1.71497
-0.00532821,-0.0130529,0.0401118;-1.31553,0.705675,-1.71164
-0.00364878,-0.0177724,0.046504;-1.16106,0.716498,-1.79844
-0.00251397,-0.0234663,0.0491472;-1.10325,0.703166,-1.82562
-0.00362938,-0.0271601,0.047731;-1.10792,0.660213,-1.83128
-0.00828951,-0.0215012,0.0460063;-1.17461,0.668014,-1.78299
-0.0108711,-0.0201073,0.0430544;-1.24869,0.676281,-1.74575
-0.0101891,-0.0192791,0.0423779;-1.27709,0.700995,-1.72428
-0.00276667,-0.0186282,0.0387312;-1.32218,0.761328,-1.7281
-0.00813075,-0.0166814,0.0394709;-1.33544,0.737424,-1.69731
-0.0101515,-0.0151266,0.0403268;-1.36403,0.739869,-1.65615
-0.0171922,-0.0116877,0.0414626;-1.38412,0.665,-1.61505
-0.0184731,-0.00859032,0.036032;-1.50036,0.602188,-1.55513
-0.0149352,-0.00324623,0.0307827;-1.54523,0.564773,-1.57102
-0.00973418,0.0130857,0.0372962;-1.77026,0.612843,-1.45983
-0.00340503,0.0211933,0.0423171;-1.80014,0.593698,-1.48057
0.00269481,0.0254505,0.0470264;-1.87048,0.559935,-1.48055
0.0180628,0.0346674,0.0460344;-1.82201,0.521331,-1.51521
0.0246093,0.0322538,0.0483401;-1.88617,0.501129,-1.4986
0.0270321,0.0278257,0.0474489;-1.85611,0.490588,-1.51616
0.019126,0.0103329,0.0503256;-1.85194,0.550415,-1.54142
0.00836382,-0.000154825,0.0471904;-1.62822,0.590725,-1.63646
-0.00881261,-0.0172632,0.0434462;-1.21176,0.615063,-1.7779
-0.0176031,-0.019145,0.0420542;-1.27005,0.578627,-1.71559
-0.0176277,-0.0198768,0.0371412;-1.40527,0.49494,-1.66085
-0.0121498,-0.0213897,0.0400632;-1.43485,0.421653,-1.68902
-0.00217462,-0.0214093,0.0440063;-1.42329,0.402556,-1.72108
0.0168263,-0.0209187,0.0516417;-1.53844,0.430921,-1.68012
0.0172943,-0.0272751,0.0500467;-1.45894,0.401665,-1.72918
0.0131479,-0.026606,0.0506714;-1.47191,0.427136,-1.71789
0.0214055,-0.0136952,0.0484689;-1.69191,0.433665,-1.58933
0.0230481,-0.00630528,0.0520077;-1.71154,0.418061,-1.57026
0.0243257,-0.0011445,0.0546566;-1.68155,0.389906,-1.59483
0.0280437,-0.00750546,0.0564009;-1.6395,0.340345,-1.62535
0.0208577,-0.0192524,0.0472637;-1.46314,0.307389,-1.71131
0.0147186,-0.0264436,0.0411895;-1.45074,0.328207,-1.70513
0.0134974,-0.0216837,0.0298029;-1.56702,0.309146,-1.5852
0.0138445,-0.0204472,0.0289488;-1.58655,0.304475,-1.57315
0.0137434,-0.0203288,0.0293832;-1.58673,0.312601,-1.57489
0.0166364,-0.0199392,0.0328361;-1.57148,0.295811,-1.62269
0.0178057,-0.018907,0.0329866;-1.53361,0.276398,-1.62822
0.0164368,-0.0148361,0.0309625;-1.53237,0.22328,-1.59479
0.0156452,-0.00741756,0.0287544;-1.56538,0.185543,-1.56876
0.0159759,-0.00655357,0.0286991;-1.57211,0.180191,-1.57671
0.016276,-0.00582788,0.0309939;-1.57191,0.177121,-1.61162
0.0185961,-0.00770918,0.0388717;-1.57453,0.196679,-1.69943
0.0181181,-0.0119135,0.0388009;-1.56033,0.229114,-1.69741
0.017219,-0.0100719,0.0374196;-1.54247,0.198234,-1.68234
0.0157771,-0.00210756,0.0309317;-1.56236,0.126283,-1.6071
0.0143818,-0.00151504,0.0299178;-1.56635,0.127069,-1.59695
0.0137101,-0.0042498,0.0302529;-1.56508,0.153813,-1.60244
0.014862,-0.0105954,0.0377065;-1.5365,0.204755,-1.68838
0.0177721,-0.0156242,0.0406299;-1.5414,0.239154,-1.7277
0.0178633,-0.0201432,0.0417002;-1.54551,0.274062,-1.74119
0.0134803,-0.0255749,0.0350305;-1.5479,0.319035,-1.65784
0.0139597,-0.0250602,0.0307475;-1.55577,0.302374,-1.60589
0.0138431,-0.0241538,0.0289297;-1.56647,0.284737,-1.58461
0.0137539,-0.0247233,0.0340476;-1.54502,0.275881,-1.64882
0.0147418,-0.024204,0.0376639;-1.51218,0.24914,-1.69
0.0161544,-0.0245873,0.0408516;-1.4778,0.242617,-1.72275
0.0181554,-0.0245541,0.0403708;-1.53919,0.242992,-1.72046
0.0188546,-0.0289865,0.0420954;-1.51958,0.27036,-1.74239
0.0194589,-0.0296635,0.0432339;-1.48937,0.255915,-1.75001
0.0182502,-0.0256832,0.0454769;-1.43837,0.21727,-1.76341
0.0173726,-0.0293035,0.0462198;-1.42737,0.239246,-1.77483
0.0160854,-0.0328809,0.0481635;-1.38052,0.262339,-1.78511
0.0140642,-0.0485847,0.050294;-1.25746,0.320899,-1.76022
0.0122409,-0.0483622,0.0479643;-1.28675,0.339797,-1.72628
0.0100356,-0.0457082,0.0443474;-1.33608,0.346722,-1.69721
0.0129897,-0.0410697,0.0340014;-1.57873,0.4109,-1.57829
0.0145583,-0.0443964,0.0352111;-1.54253,0.369059,-1.58316
0.013043,-0.0457865,0.0355112;-1.45242,0.38292,-1.59968
0.0178382,-0.0480676,0.0312543;-1.60382,0.383935,-1.57048
0.0154613,-0.0433804,0.0343235;-1.49426,0.408846,-1.59146
0.016878,-0.0460342,0.0344918;-1.49781,0.391337,-1.59171
0.0197144,-0.0437814,0.0303433;-1.60595,0.410508,-1.55167
0.0207959,-0.0432379,0.0308141;-1.62416,0.409584,-1.54829
0.0211063,-0.0409574,0.0314128;-1.61485,0.435435,-1.54255
0.0228937,-0.0472505,0.0314359;-1.60478,0.44034,-1.55798
0.0216718,-0.0412474,0.0320827;-1.62616,0.457768,-1.53917
0.0234304,-0.0437641,0.0305468;-1.59149,0.418816,-1.5503
0.0248217,-0.0519154,0.0295161;-1.59146,0.329902,-1.5706
0.0229577,-0.053945,0.0296477;-1.58528,0.320202,-1.57843
0.0211879,-0.0551428,0.0297797;-1.58871,0.326042,-1.57868
0.018591,-0.0592863,0.0321976;-1.54938,0.380904,-1.59603
0.0179965,-0.0544789,0.0330722;-1.52318,0.373266,-1.59485
0.0167519,-0.0507958,0.0363917;-1.45529,0.360492,-1.62401
0.0147144,-0.0529205,0.0462603;-1.21063,0.384783,-1.69787
0.0145652,-0.0512562,0.0431303;-1.28452,0.392913,-1.66952
0.0152224,-0.0500161,0.0428017;-1.2948,0.40758,-1.6716
0.0150287,-0.0578442,0.0469713;-1.21595,0.43007,-1.7352
0.0154232,-0.0635038,0.0455671;-1.3002,0.402077,-1.72923
0.018516,-0.0591807,0.0357366;-1.50163,0.299125,-1.63573
0.0212272,-0.0742117,0.0361092;-1.51708,0.339554,-1.67248
0.0225661,-0.0762448,0.0389954;-1.48666,0.330062,-1.70528
0.0247831,-0.073709,0.0409427;-1.46887,0.306546,-1.7199
0.0257817,-0.0763724,0.042978;-1.42495,0.302887,-1.73415
0.0221624,-0.0781278,0.0443617;-1.41737,0.338852,-1.75448
0.0198433,-0.0803466,0.0439697;-1.42625,0.347458,-1.75775
0.0222599,-0.0766553,0.0409274;-1.5105,0.307928,-1.73111
0.0239424,-0.0785403,0.0413687;-1.51619,0.305322,-1.73954
0.0251238,-0.0843219,0.0424302;-1.49567,0.342821,-1.75066
0.0281311,-0.0878174,0.0447526;-1.5046,0.387959,-1.75149
0.0252067,-0.090143,0.0434413;-1.55998,0.434361,-1.74766
0.0200311,-0.0953663,0.0431505;-1.55269,0.423495,-1.74207
0.025037,-0.0897866,0.0416922;-1.54009,0.378079,-1.72677
0.0261195,-0.0853503,0.0434293;-1.51606,0.362778,-1.73837
0.0268299,-0.0865889,0.0439267;-1.48242,0.386078,-1.74847
0.0268299,-0.0865889,0.0439267;-1.48242,0.386078,-1.74847
0.0271458,-0.0881984,0.0431381;-1.53347,0.409903,-1.73679
0.0271458,-0.0881984,0.0431381;-1.53347,0.409903,-1.73679
