0,0,0.11;-1.57,-2.98023e-08,-1.57
0,0,0.11;-1.57,-2.98023e-08,-1.57
0,0,0.11;-1.57,-2.98023e-08,-1.57
0.000498526,0.00970525,0.0286398;-1.56813,-0.148767,-1.56997
0.000703399,0.00999724,0.0286291;-1.571,-0.107298,-1.56831
-0.00123381,0.00402381,0.0300961;-1.57471,-0.03691,-1.55276
-0.00207308,-0.0321258,0.036629;-1.43887,0.0529019,-1.56273
-0.0013411,-0.0241675,0.0285778;-1.57094,-0.0318279,-1.57097
-0.00117552,-0.0241556,0.028849;-1.55962,-0.0271176,-1.5721
-0.00108654,-0.0242946,0.0287705;-1.56348,-0.0197843,-1.57256
-0.000768576,-0.0249437,0.0285989;-1.57103,0.0259209,-1.56974
-0.00251976,-0.0285787,0.030804;-1.60232,0.0744777,-1.56369
-0.00540763,-0.0446604,0.0388186;-1.59003,0.158139,-1.56232
-0.00345487,-0.0465317,0.0302763;-1.58357,0.0971696,-1.57204
-0.000870791,-0.0409422,0.0291305;-1.59241,0.0387754,-1.57517
-6.40997e-05,-0.0401496,0.0287831;-1.57512,0.0226297,-1.57605
-0.00221262,-0.0430885,0.0286713;-1.57155,0.102259,-1.57415
-0.00454005,-0.0454759,0.0294185;-1.57758,0.149741,-1.56054
-0.0103692,-0.0650735,0.0335337;-1.52205,0.232666,-1.55833
-0.0130205,-0.084608,0.0387961;-1.41218,0.255307,-1.58599
-0.0110366,-0.0795512,0.0333528;-1.4732,0.20683,-1.5844
-0.00974379,-0.0738871,0.0285809;-1.57093,0.162561,-1.57056
-0.00936599,-0.0738058,0.0285927;-1.57012,0.181108,-1.57107
-0.00910237,-0.0736896,0.0286851;-1.57086,0.224178,-1.56526
-0.0129396,-0.0798264,0.0303105;-1.57358,0.288384,-1.54937
-0.0199799,-0.100955,0.0352473;-1.47069,0.33991,-1.58638
-0.0201822,-0.103749,0.0317202;-1.5042,0.304833,-1.58596
-0.0188585,-0.10078,0.0288491;-1.55932,0.277598,-1.57567
-0.018918,-0.101324,0.0287869;-1.56169,0.297436,-1.57467
-0.0189047,-0.101527,0.0285801;-1.57089,0.310516,-1.57086
-0.0259814,-0.11104,0.0341237;-1.6399,0.414519,-1.53485
-0.032952,-0.12727,0.0409436;-1.49867,0.471539,-1.58859
-0.0326881,-0.129644,0.0364223;-1.46417,0.412182,-1.61103
-0.0264688,-0.122344,0.0286235;-1.56811,0.337413,-1.57617
-0.0264747,-0.122529,0.0286882;-1.57055,0.358989,-1.57616
-0.026734,-0.124176,0.0287321;-1.56435,0.412055,-1.57474
-0.0299488,-0.127105,0.0299624;-1.57265,0.490693,-1.55247
-0.0429226,-0.148766,0.0369252;-1.44839,0.589458,-1.61142
-0.0502157,-0.162593,0.0388559;-1.37881,0.588552,-1.6552
-0.0427993,-0.152119,0.0285168;-1.57033,0.498297,-1.57143
-0.0423587,-0.15214,0.028839;-1.55826,0.497187,-1.57811
-0.0425209,-0.152886,0.028804;-1.5598,0.517916,-1.57735
-0.0432167,-0.153463,0.0288483;-1.57011,0.582295,-1.56182
-0.0526475,-0.163632,0.0321665;-1.54678,0.664,-1.56328
-0.0691529,-0.18481,0.0398596;-1.35597,0.736591,-1.68043
-0.0668436,-0.182486,0.0286156;-1.5844,0.649448,-1.56297
-0.0659489,-0.182157,0.02862;-1.57118,0.638252,-1.57283
-0.0661856,-0.182736,0.0287127;-1.57067,0.661007,-1.57713
-0.0693279,-0.18379,0.0294383;-1.61087,0.744636,-1.54542
-0.0742043,-0.185191,0.033493;-1.6852,0.791816,-1.48788
-0.0862246,-0.195448,0.0409812;-1.60291,0.884944,-1.54028
-0.0888531,-0.200816,0.0286557;-1.57496,0.771188,-1.57008
-0.0876625,-0.199992,0.0285791;-1.57093,0.749751,-1.57071
-0.0878292,-0.200827,0.0288544;-1.55348,0.767445,-1.58341
-0.0882841,-0.202142,0.0286367;-1.5708,0.856462,-1.56787
-0.0959872,-0.206045,0.0303644;-1.56758,0.917187,-1.55373
-0.117952,-0.221457,0.0387681;-1.33256,1.01083,-1.74145
-0.118938,-0.224053,0.0295045;-1.53082,0.947809,-1.59788
-0.116907,-0.222861,0.0285742;-1.57083,0.900918,-1.57133
-0.116747,-0.223037,0.0288543;-1.55198,0.90768,-1.58739
-0.117363,-0.224368,0.0285801;-1.57032,0.973341,-1.57084
-0.121209,-0.225549,0.0296821;-1.56702,1.02209,-1.5599
-0.140544,-0.235731,0.0345327;-1.40776,1.10714,-1.69167
-0.147159,-0.240551,0.0339518;-1.36561,1.07156,-1.73594
-0.142079,-0.238678,0.0286214;-1.59997,1.03285,-1.54557
-0.140876,-0.238751,0.0285908;-1.57119,1.01039,-1.57105
-0.141756,-0.238983,0.0286678;-1.57084,1.04862,-1.57499
-0.142834,-0.238681,0.0286184;-1.57495,1.09275,-1.56594
-0.14935,-0.239113,0.0315147;-1.64689,1.1421,-1.48927
-0.180264,-0.252955,0.0387991;-1.12291,1.19283,-1.96211
-0.177222,-0.252798,0.0351726;-1.24778,1.1586,-1.86279
-0.168821,-0.25059,0.0285692;-1.5769,1.14129,-1.56323
-0.16862,-0.250975,0.028796;-1.54926,1.14205,-1.5921
-0.168659,-0.251546,0.0285832;-1.56957,1.17391,-1.5712
-0.169711,-0.251323,0.0289552;-1.56583,1.20457,-1.56505
-0.211656,-0.263563,0.0414479;-0.8288,1.3283,-2.25482
-0.218171,-0.265709,0.0387288;-0.953797,1.28528,-2.15042
-0.205806,-0.263651,0.0297254;-1.47657,1.27786,-1.65743
-0.203133,-0.263549,0.0288513;-1.53585,1.239,-1.60572
-0.203857,-0.264488,0.0285767;-1.57027,1.29637,-1.57131
-0.204022,-0.264436,0.0287206;-1.57309,1.31652,-1.56158
-0.235637,-0.269105,0.0396221;-0.751689,1.4272,-2.35579
-0.243832,-0.271779,0.0373576;-0.821476,1.3542,-2.29895
-0.234248,-0.269856,0.0286337;-1.59027,1.35682,-1.5509
-0.232727,-0.270237,0.0288004;-1.53287,1.34786,-1.61044
-0.233249,-0.27148,0.0285761;-1.57282,1.41999,-1.56878
-0.233545,-0.271378,0.0286977;-1.57397,1.44296,-1.56166
-0.272415,-0.272309,0.0403271;0.389198,1.41339,2.7859
-0.283021,-0.272901,0.0380851;0.0877708,1.41475,3.0674
-0.271248,-0.273469,0.0300725;-0.925698,1.51543,-2.21101
-0.26782,-0.274112,0.0288679;-1.43739,1.48354,-1.70578
-0.269035,-0.274855,0.0285806;-1.55483,1.54867,-1.587
-0.269414,-0.274824,0.028645;-1.51492,1.56092,-1.62328
-0.30187,-0.270496,0.038186;0.937424,1.37435,2.22486
-0.314186,-0.270301,0.0371638;0.68225,1.37485,2.46241
-0.30653,-0.270934,0.0339205;0.815451,1.42191,2.33029
-0.297094,-0.271968,0.0286705;1.39433,1.54469,1.74689
-0.298684,-0.272629,0.0288876;1.38834,1.49814,1.75095
-0.298539,-0.272809,0.0285751;1.57307,1.47796,1.56898
-0.300365,-0.271596,0.0292749;1.56811,1.42899,1.58564
-0.343292,-0.262258,0.039649;1.07252,1.2432,2.07786
-0.343035,-0.262958,0.0358656;1.0536,1.30189,2.08044
-0.333276,-0.266331,0.0285552;1.56365,1.38462,1.58096
-0.333214,-0.266858,0.0287937;1.52479,1.38167,1.61418
-0.334002,-0.267415,0.0285709;1.573,1.33226,1.56885
-0.334267,-0.267251,0.0287371;1.57122,1.31106,1.57837
-0.370936,-0.252893,0.0401648;1.24008,1.10927,1.9056
-0.379953,-0.250139,0.0374802;1.19654,1.14868,1.92764
-0.368747,-0.255282,0.0285552;1.583,1.23137,1.56201
-0.367738,-0.256179,0.0288638;1.53279,1.26489,1.6048
-0.368903,-0.256572,0.0285831;1.57008,1.20211,1.57126
-0.369078,-0.256603,0.0286594;1.57096,1.17518,1.57457
-0.401571,-0.238448,0.0395657;1.32149,0.981984,1.81405
-0.411505,-0.234168,0.0376615;1.28071,1.01408,1.83388
-0.402142,-0.241458,0.0288427;1.54937,1.08044,1.5931
-0.401506,-0.242374,0.0288467;1.54571,1.10537,1.59141
-0.402629,-0.242535,0.0287239;1.55831,1.05591,1.58082
-0.402611,-0.242596,0.0286192;1.57046,1.0352,1.57288
-0.424096,-0.225548,0.0354795;1.4129,0.891678,1.72483
-0.435798,-0.218971,0.0380399;1.32312,0.893082,1.78803
-0.432158,-0.22283,0.0334278;1.41019,0.949309,1.70707
-0.427226,-0.227105,0.0287591;1.55981,0.984225,1.57752
-0.428043,-0.22672,0.0287518;1.56091,0.959736,1.57632
-0.428566,-0.226623,0.0285801;1.57065,0.9362,1.57095
-0.438808,-0.214709,0.0320495;1.53055,0.817414,1.62036
-0.458735,-0.196257,0.040321;1.36619,0.716003,1.74263
-0.462973,-0.192971,0.0378219;1.35841,0.758609,1.73414
-0.453685,-0.204681,0.0285776;1.57096,0.857901,1.57068
-0.453996,-0.204714,0.0288598;1.55417,0.849493,1.58095
-0.455276,-0.204314,0.0288085;1.55703,0.808017,1.57938
-0.45709,-0.200332,0.0298172;1.57422,0.727887,1.58315
-0.471773,-0.181448,0.0345445;1.46013,0.631007,1.66372
-0.4801,-0.172289,0.0373746;1.39744,0.629305,1.70025
-0.476547,-0.179396,0.0285721;1.57096,0.711214,1.57042
-0.476572,-0.179655,0.0287757;1.55879,0.701517,1.57832
-0.477171,-0.179284,0.0288098;1.55964,0.682618,1.57554
-0.477845,-0.179151,0.0288093;1.56973,0.621826,1.58165
-0.483556,-0.167318,0.0317777;1.54841,0.540746,1.6026
-0.497998,-0.143104,0.0405548;1.40173,0.430589,1.68053
-0.49652,-0.149804,0.0286605;1.56949,0.544256,1.57408
-0.496136,-0.150941,0.0285911;1.57015,0.58154,1.57156
-0.496413,-0.150853,0.0288407;1.55659,0.576871,1.57806
-0.497702,-0.150219,0.0286629;1.57094,0.493119,1.57492
-0.499852,-0.141911,0.0305834;1.56396,0.430114,1.59333
-0.510255,-0.116266,0.0394901;1.42851,0.31034,1.64932
-0.511034,-0.1182,0.0286697;1.56875,0.417676,1.57395
-0.510755,-0.119703,0.0285921;1.56992,0.459957,1.5712
-0.511044,-0.11959,0.0288671;1.55797,0.456307,1.57391
-0.512164,-0.11894,0.0285969;1.57082,0.379817,1.57166
-0.512759,-0.113163,0.0302716;1.57572,0.323162,1.58651
-0.518939,-0.0925129,0.0377038;1.50451,0.231861,1.60914
-0.524124,-0.0900496,0.0289067;1.56108,0.31308,1.57597
-0.5244,-0.0927358,0.0290572;1.59415,0.340887,1.56065
-0.524574,-0.0925037,0.0287059;1.57206,0.324344,1.56443
-0.523841,-0.0902953,0.029147;1.59851,0.25673,1.56253
-0.522328,-0.0882749,0.0299752;1.60096,0.228704,1.56479
-0.522749,-0.0763976,0.0345556;1.61762,0.147206,1.5753
-0.527784,-0.0513117,0.035385;1.44027,0.144878,1.60305
-0.527355,-0.0575741,0.02857;1.57722,0.169753,1.57177
-0.527588,-0.057988,0.0285801;1.57092,0.173615,1.57076
-0.528265,-0.0564464,0.0286158;1.57072,0.119525,1.5691
-0.52801,-0.0564575,0.0286082;1.57076,0.107164,1.57214
-0.526932,-0.0524099,0.0301103;1.57497,0.0544999,1.5873
-0.528099,-0.0165599,0.0367001;1.42441,-0.0242076,1.59252
-0.528809,-0.021077,0.0314706;1.50994,0.0162173,1.58046
-0.529353,-0.024865,0.0285646;1.57116,0.0421094,1.57045
-0.529415,-0.0240175,0.0287378;1.56618,0.00155085,1.56744
-0.52931,-0.0229831,0.0285738;1.57104,-0.0314476,1.57091
-0.527566,-0.0217528,0.0299965;1.60319,-0.0654323,1.57193
-0.522775,0.00397106,0.0438856;1.58884,-0.195063,1.57898
-0.525071,0.00774769,0.0403562;1.58474,-0.142794,1.56817
-0.530156,0.00247602,0.0292255;1.59548,-0.0844524,1.56967
-0.530524,0.0014285,0.0289743;1.58189,-0.0930259,1.56401
-0.528993,0.00293087,0.0288345;1.57724,-0.146954,1.56608
-0.528121,0.00309432,0.0290935;1.59577,-0.168041,1.57438
-0.519004,0.032134,0.0371458;1.45399,-0.322393,1.56729
-0.517506,0.0441588,0.0368368;1.41552,-0.270313,1.53963
-0.520411,0.0335848,0.0285668;1.57259,-0.218618,1.57216
-0.521257,0.0324151,0.0288438;1.55937,-0.194904,1.56637
-0.521876,0.0336609,0.0285741;1.57092,-0.251765,1.5711
-0.521723,0.0338022,0.0286021;1.57111,-0.277122,1.57239
-0.521723,0.0338022,0.0286021;1.57111,-0.277122,1.57239
-0.517515,0.0419068,0.0305187;1.56569,-0.343969,1.58574
-0.517515,0.0419068,0.0305187;1.56569,-0.343969,1.58574
