0,0,0.11;-1.57,-2.98023e-08,-1.57
0,0,0.11;-1.57,-2.98023e-08,-1.57
0,0,0.11;-1.57,-2.98023e-08,-1.57
0.000604354,0.00870857,0.0286423;-1.5675,-0.1294,-1.56995
0.000702889,0.00891392,0.0286919;-1.57094,-0.0924398,-1.56528
-0.00159624,0.00408744,0.0303159;-1.57758,-0.0267066,-1.55034
-0.00293138,-0.0304321,0.0364984;-1.42108,0.0549932,-1.56724
-0.0028074,-0.0231101,0.0285787;-1.57097,-0.0234527,-1.57093
-0.00262009,-0.0232258,0.0288113;-1.55996,-0.022346,-1.57072
-0.00259222,-0.0232432,0.0287691;-1.56179,-0.0170852,-1.57105
-0.00195065,-0.0232902,0.0286595;-1.57076,0.0409262,-1.56702
-0.00394643,-0.0277827,0.030032;-1.57371,0.0953216,-1.55291
-0.00842943,-0.0528188,0.03623;-1.46164,0.197623,-1.56707
-0.00934127,-0.0623521,0.0334133;-1.47622,0.174121,-1.57967
-0.00864029,-0.057263,0.0285678;-1.5738,0.130524,-1.56827
-0.00846029,-0.0571711,0.0286342;-1.5681,0.113597,-1.57104
-0.00818798,-0.0578477,0.0285817;-1.57054,0.161603,-1.57078
-0.00996244,-0.0603667,0.0294829;-1.57275,0.210466,-1.55857
-0.0173091,-0.0822264,0.0340605;-1.50116,0.31249,-1.57142
-0.0233249,-0.104645,0.0385042;-1.38671,0.349369,-1.61098
-0.0222287,-0.100865,0.0336831;-1.46562,0.309347,-1.59714
-0.020226,-0.096424,0.0285778;-1.57089,0.276438,-1.57081
-0.0199574,-0.0963164,0.028581;-1.57091,0.287799,-1.57093
-0.0201119,-0.0963646,0.0286313;-1.57097,0.324712,-1.56816
-0.0244253,-0.101067,0.0303049;-1.57742,0.390648,-1.55022
-0.0346441,-0.120246,0.0349433;-1.44271,0.434946,-1.61163
-0.0347734,-0.120374,0.0316701;-1.50084,0.40659,-1.59415
-0.0322097,-0.116208,0.0287312;-1.56784,0.348161,-1.57627
-0.0323573,-0.116837,0.0287068;-1.57036,0.364572,-1.57687
-0.0331563,-0.117824,0.028795;-1.571,0.399385,-1.58094
-0.0444619,-0.131248,0.0347266;-1.64637,0.518589,-1.53604
-0.0548755,-0.147269,0.0418549;-1.44942,0.579054,-1.62951
-0.0579029,-0.154089,0.0368673;-1.39575,0.530917,-1.66517
-0.0451877,-0.140014,0.0289864;-1.57916,0.43794,-1.57904
-0.0456077,-0.14058,0.0289259;-1.57633,0.461285,-1.57982
-0.0464145,-0.14146,0.0290233;-1.58215,0.482102,-1.57661
-0.055887,-0.149003,0.03317;-1.66852,0.591167,-1.52769
-0.0632948,-0.158199,0.0412634;-1.64433,0.661997,-1.53869
-0.0706825,-0.168215,0.0434596;-1.52727,0.674073,-1.60715
-0.0614277,-0.161181,0.0291493;-1.58179,0.547569,-1.58129
-0.0598676,-0.159987,0.0291422;-1.58929,0.537938,-1.57252
-0.0612174,-0.161064,0.0289727;-1.57853,0.567005,-1.57888
-0.068301,-0.165034,0.030199;-1.61572,0.653883,-1.55292
-0.0764445,-0.171451,0.0357257;-1.68205,0.717783,-1.50827
-0.087216,-0.181801,0.0439368;-1.49265,0.782796,-1.62452
-0.084341,-0.178169,0.0291636;-1.59352,0.645972,-1.56777
-0.0815663,-0.17616,0.0288166;-1.57467,0.613439,-1.5766
-0.0819411,-0.176454,0.0287469;-1.57057,0.633767,-1.57886
-0.0849428,-0.178193,0.0287041;-1.57595,0.729854,-1.56951
-0.0928251,-0.183377,0.0304858;-1.58271,0.782982,-1.55395
-0.109097,-0.197932,0.0385328;-1.31549,0.840262,-1.74316
-0.109,-0.193881,0.0285572;-1.57219,0.74651,-1.57055
-0.108154,-0.193164,0.0285783;-1.57077,0.7262,-1.57068
-0.108236,-0.193548,0.0287679;-1.55872,0.742469,-1.5792
-0.108079,-0.19411,0.0286753;-1.57078,0.809583,-1.56602
-0.1153,-0.19794,0.0304484;-1.56022,0.877682,-1.56118
-0.13636,-0.213741,0.0384156;-1.30456,0.970704,-1.76635
-0.141727,-0.218366,0.0305745;-1.4974,0.951493,-1.62549
-0.140092,-0.21694,0.0285737;-1.57105,0.90647,-1.57094
-0.139699,-0.217048,0.0286787;-1.56314,0.91183,-1.57683
-0.140002,-0.217294,0.0285817;-1.57054,0.946641,-1.57077
-0.14296,-0.217735,0.0294569;-1.57156,1.00329,-1.55915
-0.16432,-0.226856,0.0345044;-1.39894,1.10207,-1.70728
-0.182793,-0.236408,0.0357925;-1.26276,1.12832,-1.83628
-0.179826,-0.234603,0.0295131;-1.51549,1.11098,-1.61798
-0.178961,-0.234316,0.0285762;-1.57093,1.08225,-1.57045
-0.178798,-0.234284,0.0285801;-1.57083,1.08521,-1.57075
-0.178695,-0.23435,0.0286047;-1.57281,1.12947,-1.56764
-0.187493,-0.235131,0.0303574;-1.58903,1.20786,-1.53718
-0.231847,-0.249026,0.0388157;-0.866034,1.30138,-2.23145
-0.23294,-0.249282,0.0353062;-1.07584,1.29075,-2.04113
-0.227107,-0.248152,0.0285739;-1.58382,1.30247,-1.55524
-0.227096,-0.248613,0.0287122;-1.54393,1.32005,-1.59912
-0.228207,-0.248888,0.0286336;-1.56991,1.36727,-1.57431
-0.230427,-0.248561,0.0286233;-1.58417,1.40836,-1.55776
-0.267904,-0.249772,0.0404928;-0.158003,1.36524,-2.96173
-0.271006,-0.249652,0.0385686;-0.495323,1.36873,-2.64057
-0.257141,-0.248104,0.0294601;-1.52009,1.40095,-1.63391
-0.253142,-0.249125,0.0288526;-1.58824,1.38134,-1.56326
-0.255808,-0.248645,0.0290451;-1.61637,1.42857,-1.54157
-0.2597,-0.247045,0.0298101;-1.83172,1.46521,-1.32303
-0.281837,-0.245946,0.044852;0.374259,1.50957,2.75651
-0.287591,-0.247516,0.0425701;-0.588185,1.47758,-2.58423
-0.27574,-0.251563,0.0311835;-1.77958,1.47261,-1.39505
-0.266402,-0.255101,0.0296242;-1.69411,1.40838,-1.46361
-0.275163,-0.253699,0.0301974;-1.67006,1.49083,-1.50025
-0.278566,-0.252467,0.0321778;-2.25815,1.50903,-0.914337
-0.289482,-0.250571,0.0469339;2.39233,1.45593,0.723359
-0.298535,-0.251702,0.0468587;2.57425,1.48578,0.525118
-0.294435,-0.253837,0.0361714;3.03501,1.45811,0.0758766
-0.290816,-0.256883,0.0301908;-1.98199,1.5084,-1.18005
-0.298465,-0.253574,0.030807;2.0087,1.55444,1.09587
-0.300086,-0.252906,0.0322;2.40185,1.52499,0.705259
-0.309806,-0.249554,0.0426998;2.29749,1.36991,0.826676
-0.319248,-0.246988,0.0445204;2.05276,1.40224,1.07042
-0.322757,-0.246183,0.0392393;1.81131,1.4159,1.30847
-0.314408,-0.250055,0.0291753;2.00034,1.52882,1.13042
-0.319743,-0.247852,0.0290377;1.67067,1.46241,1.46041
-0.322888,-0.245868,0.0291583;1.64866,1.42681,1.47678
-0.328163,-0.242395,0.0305871;1.70979,1.37229,1.41943
-0.352568,-0.232379,0.0406257;1.09737,1.24038,2.02682
-0.353754,-0.230244,0.0366539;1.02465,1.29759,2.09195
-0.341845,-0.23239,0.0289626;1.64995,1.41267,1.48401
-0.340021,-0.23395,0.0287023;1.57113,1.4397,1.56468
-0.341806,-0.233399,0.0287177;1.57028,1.39338,1.56473
-0.343411,-0.232449,0.0285873;1.57307,1.34569,1.56881
-0.370439,-0.220444,0.0390583;1.09209,1.17492,2.03994
-0.375913,-0.217857,0.0365856;1.11259,1.22179,2.01223
-0.368637,-0.218336,0.0287296;1.546,1.31074,1.59551
-0.366678,-0.219437,0.0285769;1.57054,1.3391,1.57096
-0.367375,-0.21937,0.0285789;1.57051,1.30711,1.57093
-0.367661,-0.219266,0.0286113;1.57004,1.27864,1.57318
-0.393538,-0.20797,0.0376907;1.22131,1.10116,1.90804
-0.405807,-0.203927,0.0366394;1.23122,1.09812,1.88892
-0.402263,-0.205001,0.0297521;1.49427,1.14711,1.64543
-0.400802,-0.205865,0.0285807;1.57109,1.16632,1.57042
-0.401173,-0.205736,0.0285809;1.57066,1.15402,1.5709
-0.401735,-0.205414,0.0285848;1.57058,1.13534,1.57071
-0.420201,-0.191345,0.0351374;1.35702,0.994089,1.7556
-0.430507,-0.18497,0.038106;1.26777,0.963249,1.8317
-0.430085,-0.186289,0.0333642;1.40357,1.0039,1.71394
-0.424994,-0.190635,0.0286224;1.5712,1.10994,1.56831
-0.425508,-0.190129,0.0286959;1.5709,1.08372,1.5652
-0.42607,-0.189486,0.0289112;1.57843,1.06915,1.55218
-0.43578,-0.178799,0.0337352;1.64032,0.955639,1.50157
-0.448038,-0.169504,0.0423327;1.44947,0.883859,1.65534
-0.457168,-0.163003,0.0376345;1.3463,0.887896,1.73412
-0.444553,-0.17576,0.0291481;1.60098,1.0428,1.53273
-0.444602,-0.176413,0.0290834;1.59785,1.04379,1.53686
-0.446941,-0.17391,0.0291631;1.59942,1.00539,1.53367
-0.454124,-0.16387,0.0335717;1.67594,0.891806,1.4632
-0.460754,-0.157425,0.041649;1.62523,0.828883,1.5013
-0.468195,-0.15074,0.0459394;1.53414,0.804869,1.57598
-0.465635,-0.162917,0.0339391;1.71432,0.92843,1.43076
-0.464206,-0.168093,0.0325949;1.72123,0.979109,1.43778
-0.466729,-0.164496,0.0324787;1.61964,0.952035,1.48564
-0.472584,-0.154235,0.0346701;1.68676,0.834903,1.45078
-0.47334,-0.152302,0.040231;1.79561,0.767317,1.38379
-0.478132,-0.14643,0.049346;1.6875,0.713041,1.46399
-0.484008,-0.148529,0.0380059;1.78371,0.810684,1.37712
-0.48169,-0.155623,0.0363452;1.81598,0.871037,1.37503
-0.483319,-0.153026,0.0343418;1.73274,0.863715,1.41834
-0.490224,-0.138709,0.0340562;1.66266,0.746525,1.46997
-0.490257,-0.136889,0.0390474;1.78147,0.684672,1.40665
-0.493661,-0.131343,0.0471322;1.6991,0.624509,1.46229
-0.497424,-0.129467,0.0376388;1.75894,0.702587,1.41366
-0.495379,-0.135791,0.0346997;1.74395,0.767622,1.44309
-0.497045,-0.133745,0.0312428;1.62822,0.77159,1.50827
-0.499903,-0.123008,0.0316301;1.5914,0.682236,1.51856
-0.500137,-0.11994,0.0354472;1.70024,0.629695,1.47025
-0.503615,-0.112946,0.0424809;1.64548,0.568465,1.50465
-0.511055,-0.0981928,0.0342788;1.52141,0.595688,1.56943
-0.507786,-0.104753,0.0292297;1.58645,0.663786,1.54787
-0.50727,-0.107473,0.0290703;1.59127,0.700193,1.54968
-0.507646,-0.104855,0.0290789;1.58412,0.646334,1.54965
-0.508134,-0.10164,0.0291329;1.59033,0.605945,1.54926
-0.512193,-0.0905879,0.0331592;1.56502,0.533489,1.56258
-0.522655,-0.068949,0.0362115;1.41373,0.479152,1.64597
-0.518481,-0.0746956,0.0294206;1.54783,0.562211,1.5786
-0.517503,-0.078292,0.02863;1.57184,0.632339,1.56773
-0.51793,-0.0773023,0.0286995;1.57074,0.57888,1.56525
-0.518049,-0.0759917,0.0287701;1.57068,0.540641,1.56197
-0.518824,-0.0709598,0.0291091;1.58285,0.480648,1.55971
-0.529951,-0.0392026,0.0375175;1.39784,0.359804,1.63955
-0.528738,-0.0397116,0.0336644;1.46771,0.416507,1.61113
-0.526576,-0.0449182,0.0288424;1.58061,0.482973,1.55887
-0.526963,-0.0449322,0.0287181;1.57134,0.467969,1.56421
-0.526905,-0.0442305,0.0288683;1.57551,0.449347,1.55671
-0.526767,-0.042319,0.0289946;1.58804,0.40187,1.55765
-0.532681,-0.0125955,0.0412733;1.43399,0.264972,1.60468
-0.536123,-0.00288009,0.0364372;1.43529,0.288509,1.59807
-0.534081,-0.0119132,0.0290944;1.57951,0.354148,1.55185
-0.534815,-0.0153931,0.0288793;1.57678,0.390622,1.55996
-0.534781,-0.0146184,0.0290943;1.58179,0.377803,1.55246
-0.53451,-0.0134397,0.0294335;1.58391,0.364591,1.55058
-0.53659,0.00161119,0.043533;1.56005,0.235759,1.5518
-0.539076,0.0101398,0.0425693;1.55009,0.264054,1.54397
-0.54185,0.00623879,0.0310152;1.58671,0.308723,1.52959
-0.544376,-0.00286821,0.0300529;1.60081,0.382961,1.54415
-0.544378,0.00276429,0.0321959;1.59072,0.332766,1.5184
-0.544412,0.00340783,0.0332588;1.62166,0.323567,1.51214
-0.544412,0.00340783,0.0332588;1.62166,0.323567,1.51214
-0.544439,0.00409246,0.037817;1.71695,0.274223,1.50077
-0.544439,0.00409246,0.037817;1.71695,0.274223,1.50077
