0,0,0.11;-1.57,-2.98023e-08,-1.57
0,0,0.11;-1.57,-2.98023e-08,-1.57
0,0,0.11;-1.57,-2.98023e-08,-1.57
-9.26016e-05,-0.000674007,0.0286945;-1.57218,-0.238708,-1.57593
-4.81959e-05,-0.000844504,0.0286503;-1.57092,-0.230006,-1.57391
-0.00012261,-0.00143843,0.0286429;-1.57146,-0.198762,-1.57344
0.00138258,0.00945023,0.0317585;-1.57137,-0.126475,-1.53284
0.00428499,0.0224075,0.0293308;-1.57092,-0.131159,-1.55576
0.00455126,0.0220856,0.028602;-1.5691,-0.177704,-1.57135
0.00297709,0.0213718,0.0286833;-1.56527,-0.274875,-1.56918
0.00195459,0.019864,0.0285836;-1.57131,-0.238228,-1.57122
0.00215926,0.0203226,0.0290936;-1.59302,-0.24421,-1.57966
0.00246907,0.0198953,0.0295313;-1.60112,-0.247681,-1.58121
0.0039821,0.0156278,0.029505;-1.55853,-0.303809,-1.56192
0.00681473,0.0136168,0.0286786;-1.57471,-0.400657,-1.57122
0.00761691,0.0116461,0.0286331;-1.57076,-0.472595,-1.56826
0.00826794,0.00791115,0.0287668;-1.57379,-0.52642,-1.56547
0.00792506,0.00778048,0.0286199;-1.57108,-0.505475,-1.569
0.00741843,0.00699198,0.0288356;-1.58139,-0.471342,-1.57846
0.00708103,0.0148771,0.0299448;-1.58696,-0.306992,-1.57604
0.00811958,0.0289105,0.029216;-1.59209,-0.28809,-1.57769
0.00834969,0.0347716,0.0286667;-1.56918,-0.272502,-1.56459
0.00823641,0.0350585,0.0287637;-1.56475,-0.243848,-1.57218
0.00810603,0.0345821,0.0285802;-1.57072,-0.255014,-1.57074
0.00807639,0.0334044,0.0290826;-1.59031,-0.267067,-1.57006
0.0090282,0.0319925,0.0303292;-1.61758,-0.2626,-1.58389
0.0091065,0.0317817,0.0325947;-1.66156,-0.254151,-1.59472
0.0111693,0.0289951,0.028856;-1.56955,-0.327981,-1.55832
0.0115603,0.0283344,0.0288045;-1.55985,-0.309065,-1.56851
0.0114691,0.0270234,0.0286734;-1.57027,-0.246151,-1.57557
0.0113664,0.0258679,0.0288269;-1.57182,-0.229682,-1.58195
0.0108547,0.0254264,0.0290349;-1.58324,-0.197316,-1.58274
0.0117209,0.0323214,0.0316099;-1.58866,-0.132006,-1.56371
0.0114008,0.0564543,0.0300656;-1.56961,-0.0395807,-1.54207
0.0118047,0.0613171,0.0288273;-1.56801,0.0238699,-1.56183
0.0121978,0.0615002,0.0289404;-1.5557,0.0438157,-1.56899
0.0121876,0.0604588,0.028766;-1.57117,0.0760296,-1.57924
0.0120224,0.0589228,0.0297969;-1.60554,0.0775033,-1.57403
0.0125876,0.0574261,0.0329176;-1.66615,0.0691857,-1.56755
0.0110963,0.0479586,0.0298909;-1.58003,-0.0448133,-1.55145
0.00765539,0.0400566,0.031092;-1.54701,-0.135877,-1.5358
0.00673732,0.0372101,0.0313925;-1.5394,-0.147871,-1.531
0.00983128,0.0344545,0.0286377;-1.57097,-0.0606721,-1.57383
0.00959038,0.0301498,0.0288372;-1.57271,-0.0142052,-1.58127
0.00980224,0.0262979,0.0297198;-1.57715,0.00813732,-1.59058
0.0109901,0.0307366,0.0297847;-1.57054,0.0481463,-1.57752
0.0120467,0.0351662,0.0288785;-1.56228,0.0761815,-1.5654
0.0136158,0.037152,0.0292097;-1.54838,0.145057,-1.56521
0.0170093,0.0429871,0.0289404;-1.56594,0.243566,-1.55944
0.0175526,0.0426888,0.0286558;-1.57352,0.266576,-1.56849
0.0183122,0.0395392,0.0290153;-1.58664,0.268238,-1.56668
0.0172546,0.0289087,0.0296145;-1.59045,0.136759,-1.57984
0.0161713,0.0276111,0.0296013;-1.59559,0.0954287,-1.57305
0.0137167,0.0250286,0.0287266;-1.56505,0.0245142,-1.56917
0.0144675,0.0265522,0.0289507;-1.56583,0.0763576,-1.55836
0.016419,0.0282857,0.0286104;-1.57077,0.154715,-1.56933
0.01706,0.0280713,0.0285795;-1.57092,0.208922,-1.57061
0.0127398,0.020041,0.0310018;-1.54382,0.0991086,-1.56316
0.0104874,0.0153228,0.030009;-1.54935,0.0398458,-1.5664
0.0104616,0.0170635,0.0290941;-1.5664,0.0170987,-1.56456
0.0105638,0.0204474,0.028834;-1.56748,0.0731832,-1.56122
0.0105938,0.0202151,0.0287706;-1.56521,0.0808516,-1.56582
0.0112936,0.0204189,0.028758;-1.5603,0.121367,-1.57022
0.0126197,0.0182351,0.0294265;-1.58697,0.0683683,-1.58023
0.00838979,0.0112688,0.0302391;-1.60206,-0.0231696,-1.5681
0.00375655,0.00362887,0.0298553;-1.58727,-0.132285,-1.56403
-0.00147189,0.000522393,0.0299417;-1.56277,-0.252685,-1.54311
-0.000535332,0.0008005,0.0290893;-1.55637,-0.239888,-1.55686
0.000704511,0.00232347,0.0290493;-1.55587,-0.176716,-1.56023
0.00239932,0.00217532,0.0287891;-1.57199,-0.125974,-1.58043
0.00114299,0.00574038,0.0294609;-1.57192,-0.170186,-1.58017
-0.00321688,0.0100624,0.0297171;-1.58314,-0.217401,-1.57793
-0.00560356,0.0217517,0.0286095;-1.57017,-0.259341,-1.56829
-0.00425677,0.0252409,0.0291749;-1.55575,-0.184325,-1.55371
-0.00243962,0.0310956,0.0307357;-1.53683,-0.112506,-1.53707
0.00195621,0.0385945,0.0295739;-1.56227,-0.0268935,-1.55413
0.00233727,0.0369819,0.0290737;-1.58995,-0.118035,-1.57807
0.00302773,0.0396048,0.0302078;-1.60436,-0.164061,-1.58429
0.00354199,0.0424586,0.0288854;-1.58323,-0.412408,-1.57914
0.00392175,0.0424035,0.0285672;-1.57006,-0.447632,-1.57047
0.00360605,0.0424627,0.0286144;-1.57075,-0.418176,-1.56881
0.00473261,0.0462142,0.0302336;-1.54901,-0.339243,-1.53907
0.0051942,0.057123,0.030929;-1.53619,-0.306339,-1.54046
0.00439328,0.0699666,0.0309105;-1.58737,-0.27699,-1.56783
0.000926177,0.0837686,0.0292529;-1.58668,-0.314875,-1.57228
0.000987146,0.0838287,0.0287698;-1.5795,-0.313221,-1.57279
0.000511083,0.0839203,0.0286833;-1.5708,-0.294684,-1.56555
0.000386752,0.0843008,0.0285928;-1.57055,-0.237028,-1.57012
0.000822915,0.0842914,0.0287991;-1.56455,-0.249835,-1.5739
0.00171474,0.083641,0.029556;-1.57812,-0.255158,-1.57266
0.00209017,0.0844247,0.0328304;-1.65123,-0.312746,-1.58641
0.00613514,0.0825,0.0316372;-1.63392,-0.377785,-1.58694
0.0104772,0.0774527,0.028711;-1.57273,-0.468107,-1.5671
0.0108802,0.0748073,0.0286279;-1.57306,-0.519526,-1.57171
0.0106936,0.0745359,0.0285787;-1.57072,-0.498157,-1.57063
0.0104088,0.0730086,0.0291688;-1.55494,-0.474391,-1.56223
0.0116338,0.0874568,0.031156;-1.63565,-0.401742,-1.59752
0.00869382,0.100387,0.0319089;-1.63775,-0.347087,-1.58558
0.00689304,0.100522,0.0301977;-1.60901,-0.321131,-1.57594
0.00770524,0.0989578,0.0289247;-1.57575,-0.340831,-1.5604
0.00724912,0.0960007,0.0288104;-1.57098,-0.330785,-1.58191
0.00686845,0.0914918,0.0297811;-1.59543,-0.319898,-1.58452
0.00612084,0.0759678,0.0316393;-1.57509,-0.360352,-1.58884
0.00441565,0.0639018,0.0300101;-1.61087,-0.468918,-1.59294
0.00464814,0.0645122,0.03067;-1.6207,-0.457598,-1.59518
0.00498919,0.0615311,0.0288916;-1.57779,-0.437037,-1.58231
0.00570837,0.0571053,0.0294129;-1.56162,-0.415445,-1.5801
0.00739093,0.0533773,0.0327061;-1.50145,-0.37511,-1.56247
0.0111244,0.0488359,0.0375507;-1.41416,-0.312684,-1.546
0.00848351,0.051585,0.0417772;-1.32672,-0.323949,-1.51111
0.002407,0.0611111,0.0385341;-1.41585,-0.334259,-1.498
-0.00135409,0.070973,0.0393227;-1.69385,-0.339182,-1.53893
-4.22057e-05,0.0538466,0.0408252;-1.71135,-0.314346,-1.535
0.00106569,0.0404311,0.0414415;-1.46616,-0.258746,-1.48379
0.00178589,0.0345015,0.0438158;-1.2997,-0.229537,-1.47567
0.00099445,0.0344898,0.0495425;-1.14811,-0.206164,-1.46649
-0.00294486,0.0345739,0.0514274;-1.06183,-0.255318,-1.4306
-0.0084928,0.0421195,0.0505812;-1.099,-0.340974,-1.41634
-0.00591454,0.0395636,0.0479338;-1.15546,-0.281195,-1.44866
-0.00518174,0.0401122,0.0462972;-1.20005,-0.257298,-1.47505
-0.00393479,0.0394556,0.0438817;-1.24773,-0.245852,-1.49571
-0.00594769,0.0409916,0.0477265;-1.21564,-0.283306,-1.50903
-0.00856009,0.049472,0.0476969;-1.22317,-0.308438,-1.51234
-0.00948911,0.0564907,0.0479063;-1.24363,-0.36181,-1.5181
-0.0102481,0.0528172,0.0435233;-1.37171,-0.365568,-1.57387
-0.00915777,0.0511322,0.0399812;-1.44856,-0.343739,-1.60606
-0.00987362,0.0508744,0.0376753;-1.48274,-0.34597,-1.61179
-0.0106236,0.054351,0.0391421;-1.47185,-0.409504,-1.62362
-0.0104358,0.0544629,0.0410226;-1.44195,-0.40278,-1.61632
-0.00994891,0.053733,0.0417038;-1.40866,-0.399726,-1.59137
-0.00603414,0.0503626,0.0410322;-1.41437,-0.370065,-1.59132
-0.00599026,0.0516654,0.0351355;-1.54531,-0.341319,-1.64053
-0.00672118,0.0485635,0.0365962;-1.60754,-0.286788,-1.67054
-0.00316336,0.0456542,0.0433641;-1.51757,-0.304143,-1.6404
0.00374998,0.0432297,0.0436779;-1.32898,-0.262208,-1.55227
0.0050005,0.043124,0.0452475;-1.27899,-0.235533,-1.53528
0.00075022,0.0560894,0.0427746;-1.30175,-0.174096,-1.5257
0.000784372,0.0559839,0.0420014;-1.29915,-0.16166,-1.53136
0.00208322,0.0576703,0.0401748;-1.36897,-0.143165,-1.56226
0.00808877,0.058003,0.0383933;-1.47338,-0.0570254,-1.62968
0.00843295,0.0615506,0.0394794;-1.4294,-0.0877095,-1.60635
0.00884345,0.0730954,0.0410523;-1.43272,-0.178411,-1.61301
0.00137573,0.0913623,0.0399755;-1.3844,-0.348324,-1.5258
0.00493116,0.0919939,0.0451486;-1.31723,-0.306905,-1.54025
0.00810923,0.0936695,0.0442094;-1.36739,-0.269795,-1.58179
0.00835263,0.104266,0.0373826;-1.61494,-0.257876,-1.66141
0.00693465,0.106305,0.036464;-1.63104,-0.254548,-1.64983
0.00657769,0.105949,0.0396502;-1.66369,-0.278827,-1.63109
-0.00489568,0.105442,0.0477533;-1.64407,-0.29604,-1.55826
-0.00661529,0.10807,0.0507402;-1.6201,-0.257638,-1.54599
-0.00409441,0.112359,0.0507296;-1.62257,-0.234837,-1.54338
0.00800852,0.120035,0.0406601;-1.64839,-0.221586,-1.62823
0.0107808,0.120275,0.036451;-1.6231,-0.23917,-1.66163
0.0126606,0.119475,0.0354456;-1.59149,-0.253848,-1.6594
0.0102347,0.104926,0.0416953;-1.64493,-0.399956,-1.60236
0.00573687,0.091027,0.0429802;-1.51336,-0.4533,-1.56083
-0.000756553,0.0776538,0.0428251;-1.34675,-0.457247,-1.51635
-0.00245327,0.0767561,0.0439848;-1.33999,-0.461819,-1.51945
0.00171731,0.0783935,0.0409492;-1.4286,-0.479342,-1.57344
0.00610314,0.0798266,0.0379967;-1.52793,-0.493653,-1.63983
0.0116612,0.0860941,0.0369291;-1.52363,-0.532121,-1.63225
0.00874874,0.0874952,0.0365042;-1.5317,-0.543842,-1.63471
0.0078744,0.085945,0.0387251;-1.47543,-0.533842,-1.60444
0.00659445,0.0839451,0.0427246;-1.36558,-0.527088,-1.53135
0.00782991,0.0820897,0.0441157;-1.34488,-0.519854,-1.52919
0.00932631,0.0844893,0.0420326;-1.40198,-0.494348,-1.5662
0.010402,0.108837,0.0399645;-1.57005,-0.367299,-1.61941
0.00905311,0.120308,0.0394531;-1.64677,-0.324869,-1.61736
0.00772505,0.125586,0.03794;-1.66439,-0.306896,-1.61867
0.00798318,0.116152,0.0421404;-1.4001,-0.322937,-1.56736
0.00647564,0.111421,0.044821;-1.33567,-0.32309,-1.5527
0.00757011,0.111485,0.0448529;-1.3476,-0.313343,-1.57174
0.00966477,0.123,0.0372709;-1.53087,-0.276228,-1.63855
0.00615828,0.128985,0.0383151;-1.6671,-0.265103,-1.62275
0.00116476,0.136061,0.038071;-1.76204,-0.219909,-1.61402
0.0011889,0.130713,0.0394009;-1.74101,-0.236192,-1.58077
0.00187461,0.127934,0.0376546;-1.71892,-0.248893,-1.58756
0.00190192,0.123583,0.0367878;-1.63187,-0.242895,-1.60453
0.00851909,0.112928,0.0378946;-1.50771,-0.267384,-1.61018
0.0106707,0.112043,0.0404266;-1.44362,-0.269539,-1.60477
0.00956838,0.112103,0.0423614;-1.40792,-0.256798,-1.58926
0.00956838,0.112103,0.0423614;-1.40792,-0.256798,-1.58926
0.00596386,0.108787,0.0462246;-1.30342,-0.221699,-1.54696
0.00596386,0.108787,0.0462246;-1.30342,-0.221699,-1.54696
