0,0,0.11;-1.57,-2.98023e-08,-1.57
0,0,0.11;-1.57,-2.98023e-08,-1.57
0,0,0.11;-1.57,-2.98023e-08,-1.57
0.000358698,0.0103501,0.0286173;-1.56881,-0.15977,-1.57017
0.000379898,0.0106726,0.0286286;-1.57085,-0.134457,-1.56845
-0.00122901,0.00675369,0.0298391;-1.57016,-0.0665927,-1.55342
-0.000655529,-0.0277908,0.0355293;-1.45457,0.0149868,-1.55785
-0.000288654,-0.0199448,0.0285497;-1.56932,-0.0668399,-1.57114
-1.45908e-05,-0.0200782,0.0288664;-1.55885,-0.0620919,-1.57179
0.000131218,-0.0203055,0.028802;-1.56242,-0.0548754,-1.57254
0.000513218,-0.020987,0.0286041;-1.57069,-0.0152645,-1.56977
-0.000848779,-0.0251573,0.0299268;-1.57221,0.0419946,-1.55434
-0.00311207,-0.0506125,0.0368231;-1.4759,0.147763,-1.55858
-0.00225162,-0.0584547,0.0332365;-1.4815,0.104026,-1.57179
-0.00157691,-0.0511197,0.0285491;-1.57377,0.050862,-1.56911
-0.00156236,-0.0507872,0.0286974;-1.56521,0.0274891,-1.57089
-0.0011611,-0.0517233,0.0285806;-1.57052,0.0794286,-1.57069
-0.00248904,-0.0544196,0.0294611;-1.57178,0.124349,-1.55899
-0.00702991,-0.0771793,0.0345394;-1.50673,0.222945,-1.56276
-0.0100856,-0.0966826,0.0387131;-1.41941,0.249573,-1.5824
-0.00924291,-0.0910263,0.033164;-1.47875,0.198083,-1.58305
-0.00804697,-0.0845496,0.0285786;-1.57086,0.142053,-1.57109
-0.00782314,-0.0844991,0.0285849;-1.57067,0.150221,-1.571
-0.00773068,-0.0846733,0.0286632;-1.57097,0.192652,-1.56666
-0.0112205,-0.0904309,0.0302585;-1.57525,0.251517,-1.55105
-0.0178701,-0.111925,0.034925;-1.48074,0.306305,-1.58124
-0.0179226,-0.114698,0.031402;-1.50976,0.275788,-1.5831
-0.0165979,-0.111331,0.0288621;-1.55873,0.245195,-1.5754
-0.0165921,-0.112158,0.0288376;-1.55998,0.266802,-1.57547
-0.0164079,-0.112484,0.0285803;-1.57061,0.292039,-1.57099
-0.0248194,-0.127534,0.0323512;-1.54472,0.414032,-1.5594
-0.0343067,-0.152887,0.0397664;-1.40079,0.491166,-1.61859
-0.0353206,-0.157398,0.0366478;-1.41094,0.448471,-1.62924
-0.0282879,-0.147361,0.0285765;-1.57011,0.391267,-1.57036
-0.0281921,-0.14767,0.0288055;-1.55947,0.400178,-1.57578
-0.0281729,-0.148701,0.0287581;-1.56132,0.43939,-1.57474
-0.0312523,-0.151092,0.0297614;-1.56945,0.518062,-1.55502
-0.0438099,-0.169672,0.0349457;-1.46936,0.599159,-1.60161
-0.0492773,-0.179487,0.0384866;-1.36648,0.580402,-1.66049
-0.0431914,-0.170169,0.0285558;-1.57109,0.485012,-1.57072
-0.0429852,-0.170035,0.0287447;-1.56563,0.490227,-1.57711
-0.0432924,-0.170932,0.0287313;-1.56863,0.514737,-1.57735
-0.0458443,-0.172789,0.0289133;-1.58715,0.603531,-1.56166
-0.0559206,-0.182503,0.0339114;-1.64546,0.671625,-1.51875
-0.0687034,-0.198264,0.0410819;-1.41674,0.731107,-1.65503
-0.0613976,-0.19187,0.0290165;-1.59795,0.607982,-1.56094
-0.0596972,-0.191122,0.0287671;-1.57297,0.5886,-1.5766
-0.0601922,-0.191899,0.0288363;-1.57325,0.610235,-1.57946
-0.0642848,-0.194103,0.0294041;-1.60419,0.697214,-1.55591
-0.0729808,-0.200191,0.0340263;-1.70604,0.761201,-1.4873
-0.0847729,-0.21059,0.0425686;-1.55739,0.833653,-1.58374
-0.080651,-0.210738,0.0294747;-1.57449,0.715184,-1.59028
-0.0749522,-0.207421,0.0290813;-1.58192,0.670389,-1.57902
-0.0749514,-0.207366,0.0291207;-1.57687,0.676577,-1.58155
-0.0827274,-0.212567,0.0302498;-1.60007,0.764038,-1.57122
-0.0907358,-0.217532,0.0357818;-1.73,0.826709,-1.47681
-0.0991341,-0.22475,0.0440867;-1.62311,0.898906,-1.54689
-0.0925038,-0.225263,0.0325721;-1.64404,0.811271,-1.5473
-0.0873713,-0.223133,0.0307222;-1.59075,0.759652,-1.58939
-0.0870137,-0.22339,0.0295407;-1.57992,0.761329,-1.58363
-0.0926549,-0.226429,0.0306923;-1.57752,0.816503,-1.60042
-0.0971516,-0.228387,0.0352071;-1.71759,0.866378,-1.48617
-0.103675,-0.232516,0.0427309;-1.78164,0.926113,-1.43151
-0.106007,-0.233851,0.0406385;-1.68338,0.902082,-1.51357
-0.097874,-0.229076,0.0361663;-1.74375,0.835594,-1.47379
-0.0949708,-0.228971,0.0308022;-1.57793,0.802559,-1.6027
-0.0964195,-0.230035,0.0306487;-1.58137,0.824411,-1.5979
-0.10076,-0.231825,0.0318133;-1.63155,0.870606,-1.55359
-0.106339,-0.233613,0.0372948;-1.79561,0.924989,-1.41778
-0.117171,-0.241627,0.0470373;-1.65265,0.990341,-1.52221
-0.114827,-0.240927,0.042251;-1.67418,0.931268,-1.52043
-0.103676,-0.23662,0.0335686;-1.6983,0.856503,-1.49708
-0.103048,-0.236784,0.0295454;-1.58682,0.853552,-1.57772
-0.10566,-0.237721,0.029664;-1.59225,0.884605,-1.57486
-0.111336,-0.239032,0.0325772;-1.69041,0.934693,-1.48842
-0.128433,-0.246731,0.047248;-1.75252,1.07496,-1.42575
-0.13348,-0.251594,0.0458366;-1.62042,1.01362,-1.55121
-0.12238,-0.248183,0.0315515;-1.66785,0.935105,-1.5054
-0.11744,-0.246708,0.0290939;-1.59227,0.893906,-1.5652
-0.123323,-0.247478,0.0290756;-1.58729,0.967327,-1.57168
-0.125307,-0.247141,0.0305565;-1.65692,0.990889,-1.50452
-0.141973,-0.254483,0.0432117;-1.70026,1.13203,-1.45808
-0.149756,-0.261613,0.0424161;-1.52735,1.07295,-1.62101
-0.141126,-0.260579,0.0292191;-1.6114,1.0131,-1.54564
-0.138281,-0.260194,0.0287675;-1.57388,0.97249,-1.57535
-0.140061,-0.260431,0.028727;-1.57243,1.02586,-1.57621
-0.141067,-0.259986,0.0292408;-1.62354,1.04454,-1.5296
-0.164834,-0.27001,0.0407744;-1.48926,1.2019,-1.63419
-0.172767,-0.276468,0.0385183;-1.35458,1.12779,-1.76537
-0.165864,-0.274673,0.0285911;-1.57686,1.0902,-1.56507
-0.164007,-0.27473,0.0287314;-1.56475,1.06163,-1.58037
-0.165137,-0.275673,0.0285717;-1.57028,1.12187,-1.57088
-0.165534,-0.275653,0.0285816;-1.57119,1.12608,-1.57023
-0.193378,-0.284413,0.0359866;-1.30298,1.26398,-1.80034
-0.204569,-0.289894,0.0353186;-1.18911,1.2107,-1.9164
-0.201541,-0.288404,0.0324129;-1.34703,1.22198,-1.77092
-0.196785,-0.287166,0.0285999;-1.569,1.18498,-1.57279
-0.198183,-0.287862,0.0287911;-1.55276,1.22975,-1.5918
-0.1983,-0.287899,0.0285796;-1.57071,1.24565,-1.57088
-0.199376,-0.286951,0.0293545;-1.59906,1.28893,-1.53508
-0.236715,-0.295164,0.0378277;-0.862176,1.37322,-2.23931
-0.237915,-0.296672,0.0336073;-1.07888,1.35543,-2.04293
-0.232756,-0.296023,0.0285572;-1.57496,1.35174,-1.56652
-0.233038,-0.296278,0.0286716;-1.56903,1.37646,-1.57674
-0.234312,-0.296773,0.0285769;-1.57825,1.41819,-1.56374
-0.234417,-0.296311,0.0287004;-1.58293,1.44621,-1.55421
-0.267441,-0.296519,0.0390664;0.33582,1.47523,2.83078
-0.277028,-0.29826,0.0356506;-0.177651,1.4347,-2.95232
-0.268909,-0.297311,0.0286342;-1.74832,1.5028,-1.39635
-0.267964,-0.297848,0.0286958;-1.56929,1.48679,-1.57778
-0.26952,-0.29796,0.0286579;-1.56794,1.54391,-1.57733
-0.270224,-0.297287,0.0288112;2.68834,1.55434,0.453202
-0.298871,-0.293082,0.039412;1.29459,1.41283,1.86075
-0.309163,-0.293874,0.0378821;0.756594,1.42371,2.38539
-0.301909,-0.295818,0.0287123;1.74428,1.51186,1.39637
-0.300848,-0.296547,0.0287175;1.56817,1.51598,1.56682
-0.302487,-0.296079,0.0286694;1.56993,1.46523,1.56746
-0.303198,-0.295145,0.0291237;1.72202,1.42298,1.41969
-0.324702,-0.286351,0.0392075;1.67512,1.28406,1.47452
-0.336331,-0.284148,0.0409733;1.36266,1.28542,1.77572
-0.332429,-0.287249,0.0318663;1.42938,1.33644,1.70088
-0.328625,-0.289641,0.0288661;1.59411,1.35014,1.53956
-0.331702,-0.28762,0.0288705;1.58513,1.28841,1.54729
-0.333511,-0.285703,0.0290034;1.58506,1.22996,1.54222
-0.343495,-0.276649,0.0362815;1.86108,1.09946,1.30086
-0.355865,-0.270353,0.0449484;1.62398,1.05457,1.51682
-0.36193,-0.268551,0.0424111;1.48731,1.09784,1.62981
-0.350755,-0.27865,0.0291557;1.6048,1.19241,1.52429
-0.354243,-0.276503,0.0292773;1.58911,1.14318,1.5381
-0.35789,-0.274205,0.0295947;1.59851,1.0993,1.52788
-0.368268,-0.265003,0.0346017;1.73328,0.9689,1.41437
-0.374648,-0.259291,0.0425964;1.76276,0.8998,1.39255
-0.381,-0.255536,0.0468737;1.63629,0.903647,1.49651
-0.37672,-0.266122,0.034621;1.73182,1.00155,1.40056
-0.377824,-0.266412,0.0316656;1.59821,1.01085,1.50524
-0.377106,-0.267138,0.0325826;1.59478,1.02147,1.49777
-0.381713,-0.261465,0.0352977;1.72358,0.933227,1.4132
-0.384416,-0.257764,0.0408596;1.85966,0.852272,1.3119
-0.390116,-0.25296,0.0484025;1.78495,0.801426,1.37768
-0.391276,-0.259785,0.0392617;1.83502,0.905675,1.31824
-0.392258,-0.260414,0.0352616;1.65479,0.946466,1.43888
-0.392402,-0.259933,0.035721;1.59866,0.956658,1.46359
-0.396066,-0.256328,0.0364258;1.74876,0.883778,1.39381
-0.397681,-0.253154,0.04101;1.85107,0.812034,1.32487
-0.401902,-0.246785,0.0474776;1.84988,0.718581,1.33711
-0.406598,-0.249461,0.0401761;1.84988,0.821684,1.32599
-0.407852,-0.248779,0.036796;1.69817,0.85492,1.41358
-0.410208,-0.244879,0.0376995;1.58939,0.845192,1.45199
-0.413284,-0.241726,0.0365443;1.72663,0.772019,1.42221
-0.412881,-0.2401,0.0407135;1.83215,0.719912,1.36072
-0.415279,-0.236572,0.0451245;1.83789,0.648693,1.36353
-0.417055,-0.239707,0.0400592;1.82655,0.729501,1.36359
-0.416372,-0.244271,0.036572;1.76536,0.790285,1.4023
-0.418044,-0.240706,0.0359067;1.61143,0.796926,1.45836
-0.421422,-0.234151,0.035474;1.65161,0.727814,1.45775
-0.419556,-0.236068,0.0382671;1.7954,0.702917,1.40007
-0.419916,-0.23331,0.0418677;1.85097,0.643521,1.36946
-0.424947,-0.229376,0.0446794;1.78478,0.655753,1.40549
-0.422906,-0.237789,0.0375014;1.80094,0.729036,1.40128
-0.423448,-0.239663,0.0339088;1.725,0.772602,1.45495
-0.425761,-0.228343,0.0355191;1.60416,0.701042,1.46699
-0.42524,-0.231563,0.0346482;1.73112,0.697843,1.4587
-0.424505,-0.229944,0.0386848;1.81619,0.651569,1.40595
-0.430711,-0.219005,0.0469606;1.74222,0.587451,1.45036
-0.429966,-0.224798,0.0370184;1.7791,0.647154,1.42791
-0.430771,-0.229638,0.0335228;1.71227,0.721517,1.47191
-0.431768,-0.226467,0.030555;1.61766,0.705072,1.52415
-0.431665,-0.223043,0.0310661;1.65185,0.663009,1.51592
-0.430303,-0.221949,0.0351032;1.73403,0.633353,1.46762
-0.43764,-0.207662,0.045698;1.71285,0.510656,1.48497
-0.441946,-0.206135,0.0429956;1.67931,0.574306,1.4931
-0.442524,-0.212723,0.0317761;1.66114,0.63971,1.51218
-0.443056,-0.214073,0.0291892;1.59807,0.659832,1.54603
-0.442636,-0.210584,0.0292573;1.60639,0.60752,1.54645
-0.441566,-0.208913,0.0314886;1.65176,0.581178,1.52393
-0.447087,-0.193049,0.0420928;1.66704,0.441326,1.52207
-0.45311,-0.186753,0.041719;1.60117,0.496469,1.54575
-0.452727,-0.192672,0.0292792;1.60348,0.554855,1.5473
-0.452608,-0.194316,0.0289074;1.58039,0.563874,1.55819
-0.452392,-0.191776,0.0288786;1.58021,0.500244,1.56023
-0.451909,-0.190121,0.0294743;1.60735,0.472247,1.55169
-0.451909,-0.190121,0.0294743;1.60735,0.472247,1.55169
-0.451415,-0.185352,0.0336091;1.66228,0.415689,1.53362
-0.451415,-0.185352,0.0336091;1.66228,0.415689,1.53362
