0,0,0.11;-1.57,-2.98023e-08,-1.57
0,0,0.11;-1.57,-2.98023e-08,-1.57
0,0,0.11;-1.57,-2.98023e-08,-1.57
0.000602432,0.0102494,0.0286575;-1.57122,-0.156668,-1.57451
0.000623465,0.0101673,0.0286842;-1.57115,-0.155188,-1.56573
0.000509996,0.00974632,0.0304454;-1.57019,-0.167186,-1.53839
0.000620816,0.0121144,0.0325492;-1.57243,-0.195596,-1.51482
0.00321584,0.0156715,0.0286256;-1.57109,-0.231035,-1.5731
0.00315401,0.0161482,0.0286828;-1.5708,-0.244894,-1.57571
0.00301685,0.0171562,0.0287498;-1.57088,-0.270484,-1.57903
0.00235548,0.0152635,0.0289967;-1.5891,-0.226902,-1.57738
0.00128689,0.0130145,0.0308833;-1.60818,-0.211179,-1.56528
-0.000735435,0.00577386,0.0357232;-1.6428,-0.16248,-1.53817
0.00453986,-0.00334814,0.0308536;-1.60465,-0.134979,-1.56871
0.00618024,-0.00260748,0.0291528;-1.57209,-0.176044,-1.59129
0.00574231,0.000493172,0.0309042;-1.57026,-0.209114,-1.60738
0.00546597,0.00527017,0.029078;-1.58403,-0.265679,-1.58534
0.00403605,0.00528075,0.029564;-1.58224,-0.232655,-1.55927
0.000812547,0.0031858,0.0324885;-1.5849,-0.197681,-1.5196
0.0012374,-0.00124887,0.0335779;-1.57514,-0.211055,-1.49891
0.00375595,0.00113785,0.0305282;-1.57333,-0.252818,-1.53897
0.00411852,0.00158865,0.0286145;-1.57164,-0.252312,-1.56958
0.00402415,0.00148641,0.0286489;-1.57093,-0.245272,-1.57408
0.00412512,0.000832514,0.0287207;-1.57085,-0.219555,-1.564
0.00377345,-8.5254e-05,0.0305118;-1.57239,-0.22485,-1.53765
0.00273006,-0.00108172,0.0329086;-1.5769,-0.214218,-1.51029
0.00403242,-0.0023302,0.0296038;-1.57205,-0.230147,-1.54976
0.00368828,-0.000253889,0.0290048;-1.57843,-0.285127,-1.58585
0.00359837,0.0015391,0.0292721;-1.57685,-0.302929,-1.58964
0.00372533,0.00170401,0.02905;-1.57766,-0.303937,-1.58855
-0.000365989,-0.00391253,0.033568;-1.63566,-0.230256,-1.56207
-0.00432491,-0.012606,0.0383414;-1.65052,-0.195507,-1.53717
-0.000495913,-0.0204867,0.0346309;-1.63818,-0.173532,-1.56167
0.000932004,-0.0247807,0.0297211;-1.56824,-0.214222,-1.59352
-0.00085861,-0.0177665,0.0290375;-1.57656,-0.285379,-1.58569
-0.000980313,-0.0152445,0.0289131;-1.57586,-0.31946,-1.58381
-0.00176798,-0.0166051,0.0298464;-1.57025,-0.262,-1.54541
-0.00373688,-0.0221954,0.0332628;-1.57339,-0.230043,-1.5064
-0.00398774,-0.0267847,0.033982;-1.57749,-0.241153,-1.50282
-0.0021319,-0.025389,0.0285889;-1.57108,-0.275562,-1.57029
-0.00201363,-0.026235,0.0286429;-1.57075,-0.250328,-1.57366
-0.00190673,-0.0268233,0.0286649;-1.5708,-0.240321,-1.57484
-0.0015832,-0.0279838,0.0288744;-1.56805,-0.188691,-1.55826
-0.00220166,-0.0288261,0.0310693;-1.5678,-0.169749,-1.52821
-0.00400796,-0.036,0.0332386;-1.55733,-0.123247,-1.49941
0.00152303,-0.0447641,0.0287634;-1.57273,-0.14277,-1.58189
0.00108392,-0.0406553,0.0298202;-1.5688,-0.189355,-1.59574
0.00151101,-0.0332465,0.0308445;-1.57495,-0.256475,-1.60768
0.0023448,-0.0350061,0.0291195;-1.57245,-0.236308,-1.58615
0.0011102,-0.0367757,0.0309414;-1.5953,-0.207908,-1.56482
-0.00102497,-0.04296,0.0348306;-1.59019,-0.149551,-1.53498
0.00344958,-0.0576605,0.0288369;-1.57251,-0.132849,-1.58147
0.00248433,-0.0564052,0.0289793;-1.56612,-0.168975,-1.58461
0.00145449,-0.0529823,0.0288726;-1.57285,-0.214964,-1.58289
0.00125752,-0.0523113,0.0286445;-1.57088,-0.223444,-1.56766
0.00172977,-0.0512854,0.0302132;-1.56297,-0.184712,-1.54377
0.00106076,-0.052985,0.0332016;-1.55122,-0.137214,-1.50549
0.00306753,-0.0597052,0.0294118;-1.56575,-0.196672,-1.5556
0.00275271,-0.0591401,0.028733;-1.57113,-0.234784,-1.57812
0.00260271,-0.0580251,0.0287458;-1.57089,-0.255598,-1.57871
0.00178285,-0.0566073,0.0288475;-1.57054,-0.287372,-1.58331
0.00254846,-0.057851,0.0296637;-1.54499,-0.245914,-1.56745
0.00273566,-0.0597021,0.0332145;-1.49035,-0.208635,-1.54141
0.00531365,-0.0656645,0.0338769;-1.48326,-0.18378,-1.54102
0.00826215,-0.0676521,0.0331014;-1.51594,-0.189681,-1.58251
0.00809245,-0.0667232,0.0316223;-1.55877,-0.199621,-1.61746
0.00834833,-0.0636169,0.0338264;-1.56405,-0.225133,-1.64547
0.0100081,-0.0670341,0.0341303;-1.52978,-0.184415,-1.62481
0.0145443,-0.0742226,0.035464;-1.45589,-0.111361,-1.57812
0.0142031,-0.0759274,0.038329;-1.39527,-0.118714,-1.53568
0.015563,-0.0758261,0.0380542;-1.41898,-0.141386,-1.5646
0.015229,-0.073911,0.0361934;-1.48208,-0.149664,-1.61259
0.0134898,-0.0673371,0.0365861;-1.54303,-0.181736,-1.6598
0.0147114,-0.0727374,0.0352707;-1.53227,-0.129658,-1.64522
0.0155617,-0.0771467,0.0349353;-1.4766,-0.109584,-1.5933
0.0132787,-0.0779369,0.038306;-1.41275,-0.105552,-1.526
0.0160187,-0.0787582,0.0377757;-1.40456,-0.136304,-1.548
0.0156515,-0.0756002,0.0369433;-1.45712,-0.159373,-1.59843
0.0143067,-0.071861,0.0355603;-1.53827,-0.171177,-1.64821
0.013918,-0.0721517,0.0338879;-1.54067,-0.169257,-1.63333
0.0132389,-0.0724476,0.0342445;-1.49815,-0.177571,-1.60041
0.0132755,-0.075166,0.0374148;-1.42114,-0.134236,-1.53252
0.0164074,-0.0762778,0.0372841;-1.4168,-0.152109,-1.55179
0.014691,-0.0733498,0.036192;-1.47167,-0.186231,-1.58986
0.0127752,-0.0686192,0.0349075;-1.53927,-0.220596,-1.64029
0.0116771,-0.0665537,0.0339221;-1.54261,-0.243354,-1.63561
0.0107737,-0.0650493,0.0349356;-1.50433,-0.257508,-1.60949
0.0139616,-0.0720512,0.0370195;-1.41528,-0.162914,-1.53678
0.0137578,-0.0749313,0.0369657;-1.43444,-0.213445,-1.54362
0.0122685,-0.0735644,0.0360247;-1.47696,-0.250819,-1.56973
0.0110555,-0.0685397,0.0343486;-1.53703,-0.297274,-1.63338
0.00899712,-0.065066,0.0340344;-1.54288,-0.329564,-1.63734
0.00823997,-0.063445,0.0349033;-1.52325,-0.337396,-1.62407
0.0122584,-0.0689681,0.0369192;-1.43501,-0.230761,-1.54949
0.0121572,-0.0745651,0.035894;-1.45643,-0.248302,-1.543
0.0110233,-0.0744716,0.0358234;-1.46444,-0.270158,-1.54378
0.0112998,-0.0731118,0.0322302;-1.5577,-0.310879,-1.61804
0.0106954,-0.0678876,0.0345076;-1.54534,-0.335463,-1.6363
0.0102044,-0.0649651,0.0338496;-1.53581,-0.3551,-1.62707
0.0118674,-0.0655311,0.0362492;-1.48319,-0.31712,-1.59796
0.0020687,-0.0775434,0.0384329;-1.45221,-0.345223,-1.52406
0.00190876,-0.0766016,0.0394695;-1.49582,-0.399599,-1.56089
0.0051447,-0.0714618,0.0349067;-1.52517,-0.440295,-1.61382
0.00194958,-0.0571599,0.033929;-1.55701,-0.544359,-1.63946
0.00146701,-0.051551,0.0325132;-1.57368,-0.556538,-1.6303
0.00139626,-0.0481139,0.0326527;-1.60358,-0.552963,-1.62248
-0.00412632,-0.0402857,0.0442718;-1.66774,-0.486749,-1.56435
-0.00223149,-0.0431617,0.0429171;-1.7176,-0.528616,-1.60289
-0.00162233,-0.0439926,0.0366447;-1.74442,-0.54524,-1.6586
0.000492684,-0.0511383,0.0325831;-1.55871,-0.518075,-1.62555
0.00118579,-0.0512588,0.0320977;-1.56505,-0.509725,-1.62265
0.0012527,-0.050365,0.0316077;-1.59073,-0.508574,-1.61503
0.00217174,-0.0354694,0.0422099;-1.71938,-0.421451,-1.58587
0.000559691,-0.031401,0.043773;-1.77076,-0.400711,-1.59911
0.00229715,-0.0275239,0.0424979;-1.85069,-0.362676,-1.66774
0.00500996,-0.0332061,0.0385252;-1.6521,-0.353424,-1.65655
0.00865504,-0.0401176,0.0356228;-1.53326,-0.354693,-1.64515
0.00793732,-0.0424953,0.0340115;-1.59694,-0.342897,-1.64112
0.00173149,-0.0324721,0.0405798;-1.73327,-0.323287,-1.59946
-0.00357529,-0.031174,0.0445838;-1.81587,-0.30486,-1.61543
-0.00471635,-0.0276032,0.0445229;-1.90428,-0.291832,-1.67293
-0.00803677,-0.0412976,0.0389274;-1.72652,-0.245174,-1.62742
-0.00841656,-0.0497576,0.0320728;-1.53862,-0.265088,-1.60277
-0.0100502,-0.0476459,0.0297155;-1.57168,-0.288545,-1.59554
-0.0114988,-0.0469433,0.0308557;-1.56924,-0.264216,-1.534
-0.0132636,-0.0479119,0.0338569;-1.5721,-0.242504,-1.49754
-0.0151516,-0.0453858,0.0355836;-1.61069,-0.255096,-1.50966
-0.0130045,-0.04711,0.0303137;-1.59569,-0.230722,-1.56613
-0.0123277,-0.0477223,0.0291736;-1.56617,-0.24901,-1.56318
-0.0127987,-0.0468506,0.0289331;-1.55896,-0.287227,-1.57292
-0.0127595,-0.0446616,0.0319926;-1.56418,-0.257505,-1.53623
-0.0130537,-0.0428039,0.036619;-1.60839,-0.244869,-1.52482
-0.0159668,-0.0346835,0.0423729;-1.68558,-0.254897,-1.53789
-0.00798196,-0.0222576,0.0433722;-1.84634,-0.234412,-1.66271
-0.00164771,-0.0301313,0.0372815;-1.59548,-0.269274,-1.64547
0.000954415,-0.0332307,0.0361222;-1.53121,-0.273836,-1.64798
-0.00662295,-0.0264052,0.035458;-1.69873,-0.252007,-1.61851
-0.0126132,-0.0184725,0.0399367;-1.79364,-0.266488,-1.62998
-0.020244,-0.014624,0.0426047;-1.78835,-0.26045,-1.59969
-0.0227112,-0.0108674,0.0416237;-1.83308,-0.265146,-1.64362
-0.0218605,-0.0220336,0.0322686;-1.61869,-0.247391,-1.57626
-0.0213989,-0.025272,0.0294043;-1.55017,-0.258643,-1.56563
-0.0226811,-0.0230276,0.0293291;-1.57176,-0.27846,-1.5566
-0.0250864,-0.0186065,0.0313664;-1.56953,-0.305308,-1.52655
-0.0271873,-0.0150594,0.0350183;-1.60324,-0.333059,-1.51057
-0.0297793,-0.00647294,0.0359377;-1.67613,-0.338884,-1.57334
-0.0286645,-0.00863894,0.0323539;-1.63272,-0.321057,-1.57819
-0.0268865,-0.012093,0.030324;-1.57753,-0.312522,-1.56854
-0.0249077,-0.00719417,0.0303446;-1.61239,-0.348961,-1.5937
-0.0241893,-0.00282386,0.0338851;-1.67819,-0.365181,-1.60742
-0.0246542,0.00296126,0.0381837;-1.72582,-0.360344,-1.6002
-0.0253076,0.00781919,0.0413052;-1.80659,-0.356873,-1.63663
-0.0250166,0.0090459,0.0416674;-1.84436,-0.34645,-1.67213
-0.0225649,0.00253991,0.0408839;-1.74067,-0.336713,-1.66021
-0.0203235,-0.00577311,0.0342503;-1.61572,-0.339893,-1.6362
-0.0238259,-0.002963,0.0334315;-1.67582,-0.350892,-1.6109
-0.0280386,0.00138305,0.0358564;-1.69563,-0.361411,-1.59262
-0.0326975,0.005941,0.0380445;-1.69077,-0.373925,-1.55347
-0.0316185,0.0074281,0.0358628;-1.67754,-0.39012,-1.57246
-0.0301966,0.00619862,0.0316679;-1.62409,-0.399068,-1.57338
-0.0295443,0.00538537,0.0287152;-1.57161,-0.388537,-1.56525
-0.0309312,0.00511895,0.0303993;-1.58517,-0.370107,-1.55346
-0.030081,0.00434068,0.0337697;-1.62165,-0.387926,-1.54381
-0.0327745,0.00127309,0.0386171;-1.67022,-0.360244,-1.52409
-0.0301926,0.00288865,0.0372938;-1.68792,-0.355999,-1.56436
-0.0291945,0.00386488,0.0343178;-1.6826,-0.363423,-1.60836
-0.0234768,-0.00779685,0.036453;-1.58738,-0.318187,-1.63732
-0.0202706,-0.013372,0.0349528;-1.62158,-0.316089,-1.64401
-0.0202102,-0.0167164,0.0360727;-1.66092,-0.317609,-1.64047
-0.0271009,-0.0193638,0.0441441;-1.81542,-0.23262,-1.62337
-0.0230227,-0.0178733,0.0441593;-1.80702,-0.233687,-1.64514
-0.0189069,-0.0128509,0.0392194;-1.76912,-0.297208,-1.65302
-0.0162006,-0.0174534,0.0377791;-1.56247,-0.355737,-1.67146
-0.0180266,-0.0217596,0.0355275;-1.57495,-0.326721,-1.66637
-0.0206908,-0.0232035,0.0334394;-1.60951,-0.316563,-1.62701
-0.0277617,-0.0268733,0.0375749;-1.66539,-0.293002,-1.55246
-0.026653,-0.0298653,0.0388378;-1.63264,-0.270535,-1.5568
-0.0238451,-0.02665,0.0338303;-1.64216,-0.285947,-1.58423
-0.0214455,-0.0248624,0.0303017;-1.56966,-0.315469,-1.59947
-0.0207947,-0.0280524,0.031574;-1.55892,-0.280885,-1.61529
-0.0209233,-0.0292833,0.0304639;-1.5682,-0.269161,-1.60313
-0.0209233,-0.0292833,0.0304639;-1.5682,-0.269161,-1.60313
-0.0229799,-0.0329703,0.0329089;-1.56931,-0.260005,-1.57909
-0.0229799,-0.0329703,0.0329089;-1.56931,-0.260005,-1.57909
