0,0,0.11;-1.57,-2.98023e-08,-1.57
0,0,0.11;-1.57,-2.98023e-08,-1.57
0,0,0.11;-1.57,-2.98023e-08,-1.57
-5.41047e-05,0.00256304,0.0287231;-1.57085,-0.149451,-1.57777
-7.15972e-05,0.00280829,0.0286052;-1.57096,-0.144071,-1.57194
-0.00072878,0.00318294,0.0290745;-1.58658,-0.117121,-1.57061
-0.00171912,0.000728171,0.0305669;-1.60415,-0.0965736,-1.56517
-0.000608337,-0.000322022,0.0285794;-1.57081,-0.160171,-1.57075
-0.000809246,-3.63685e-05,0.0286694;-1.57082,-0.181615,-1.57503
-0.000796142,5.12879e-05,0.0285798;-1.57081,-0.189944,-1.5708
-0.000573656,-0.00025665,0.0287151;-1.57096,-0.164116,-1.56431
-0.000558615,-0.00192454,0.0293955;-1.56317,-0.130584,-1.55322
-0.0011891,-0.00503761,0.0314265;-1.54828,-0.0918764,-1.53149
-0.00203658,-0.00522424,0.0314639;-1.55568,-0.0949196,-1.52646
-0.00174579,-0.00430059,0.0288526;-1.5693,-0.146358,-1.55908
-0.00184122,-0.00437958,0.0285796;-1.57082,-0.154479,-1.57066
-0.00187885,-0.00451813,0.0285912;-1.57064,-0.156969,-1.57132
-0.00179227,-0.0050072,0.0285821;-1.57064,-0.149972,-1.57087
-0.00228884,-0.00634409,0.029206;-1.57051,-0.129852,-1.57092
-0.00289842,-0.00813306,0.0295672;-1.56493,-0.10557,-1.56463
-0.00251501,-0.00767246,0.0289788;-1.56561,-0.145862,-1.5629
-0.00282564,-0.00738739,0.0287285;-1.57108,-0.178838,-1.56374
-0.00277659,-0.00765688,0.0285813;-1.57077,-0.213952,-1.57078
-0.00278434,-0.00780749,0.02858;-1.57073,-0.179026,-1.57081
-0.00266129,-0.00863546,0.0285883;-1.57101,-0.136534,-1.57125
-0.00294869,-0.0117064,0.028893;-1.56407,-0.10979,-1.56905
-0.00323715,-0.0127941,0.0288325;-1.56696,-0.131697,-1.56203
-0.00364036,-0.0132428,0.0287924;-1.5699,-0.158695,-1.56143
-0.00368965,-0.0133407,0.0286939;-1.57094,-0.167912,-1.56521
-0.00368977,-0.0134492,0.0285828;-1.57064,-0.161245,-1.57054
-0.00389299,-0.015369,0.0290256;-1.57586,-0.0898268,-1.57195
-0.00391466,-0.0184596,0.0293728;-1.5506,-0.0703447,-1.56735
-0.00484203,-0.0194791,0.0290119;-1.55816,-0.0962382,-1.56695
-0.00613885,-0.0192959,0.0290066;-1.56914,-0.135783,-1.55798
-0.00579356,-0.01913,0.02884;-1.56825,-0.141252,-1.56059
-0.00574426,-0.0189583,0.0286885;-1.57083,-0.144785,-1.56569
-0.00497827,-0.0190293,0.0286232;-1.56888,-0.0770845,-1.5702
-0.00542204,-0.0204314,0.0292908;-1.56345,-0.049999,-1.57076
-0.00581055,-0.021205,0.0291798;-1.55354,-0.0453901,-1.57132
-0.00614446,-0.020378,0.0287539;-1.57108,-0.0680338,-1.56233
-0.00633833,-0.0204909,0.0288783;-1.57397,-0.0725944,-1.56139
-0.0062326,-0.0211436,0.0287925;-1.57314,-0.0787652,-1.56236
-0.0063019,-0.0210145,0.0286484;-1.57085,-0.0416832,-1.56753
-0.0066938,-0.0219701,0.028919;-1.56824,-0.0088641,-1.57105
-0.00737146,-0.0264062,0.0294889;-1.5468,0.0521742,-1.57416
-0.00905668,-0.0263546,0.0288763;-1.57089,0.00132826,-1.55657
-0.00905068,-0.0254354,0.0291133;-1.57003,-0.0136195,-1.5548
-0.00860627,-0.0252935,0.0289359;-1.5656,-0.0251042,-1.55874
-0.00919232,-0.0265585,0.0289799;-1.56926,-0.0439466,-1.55567
-0.00865683,-0.0268592,0.0289447;-1.55436,-0.0276871,-1.56901
-0.00846585,-0.0270023,0.0295874;-1.54465,-0.0176291,-1.57165
-0.00837505,-0.0270284,0.0285793;-1.571,-0.0166298,-1.57091
-0.00840674,-0.0270577,0.0285879;-1.57125,-0.0272633,-1.57007
-0.00832425,-0.0269362,0.0286019;-1.57107,-0.0411295,-1.56958
-0.00825749,-0.0263533,0.0287126;-1.5711,-0.00983624,-1.56432
-0.00876578,-0.0278624,0.0287781;-1.56251,0.00202704,-1.56953
-0.00926733,-0.0315343,0.0294832;-1.55459,0.0552639,-1.57488
-0.00982888,-0.0348293,0.0285994;-1.56992,0.0863868,-1.57104
-0.00990362,-0.0346954,0.0285803;-1.571,0.0877419,-1.57071
-0.0097497,-0.0345036,0.0287073;-1.57092,0.0791712,-1.56456
-0.00956008,-0.0334125,0.0295334;-1.5701,0.0695439,-1.54855
-0.00944828,-0.0335648,0.0301976;-1.54341,0.0808432,-1.56003
-0.00962671,-0.0352391,0.0323105;-1.48915,0.102085,-1.57728
-0.0116684,-0.0383287,0.0310091;-1.51396,0.0813107,-1.57426
-0.0126247,-0.0378127,0.0298397;-1.54527,0.0467845,-1.56174
-0.0128346,-0.0375689,0.0290201;-1.56455,0.0218414,-1.55614
-0.00977702,-0.0328502,0.0298954;-1.56922,0.0425354,-1.54645
-0.0092417,-0.0317919,0.0294576;-1.56847,0.0509753,-1.55009
-0.00950638,-0.0321385,0.0302474;-1.56314,0.0889294,-1.54814
-0.0137001,-0.0373272,0.0317133;-1.53785,0.118245,-1.54838
-0.0166731,-0.0378968,0.0322495;-1.56621,0.0743519,-1.51813
-0.0170971,-0.0373382,0.0324016;-1.5707,0.0584053,-1.51222
-0.0169034,-0.0372833,0.031984;-1.52555,-0.00905091,-1.53783
-0.0151448,-0.0341096,0.0320192;-1.52175,0.0431817,-1.54394
-0.0143973,-0.0320839,0.0333126;-1.51337,0.100981,-1.53842
-0.017671,-0.0366788,0.037737;-1.38405,0.139221,-1.59149
-0.0192135,-0.0361571,0.038142;-1.37497,0.118277,-1.5887
-0.0197203,-0.0345577,0.037386;-1.38919,0.111372,-1.58527
-0.0169901,-0.0288616,0.0377491;-1.46785,0.106343,-1.51504
-0.0146945,-0.0249687,0.0380569;-1.55662,0.160668,-1.44848
-0.0166173,-0.02557,0.0373393;-1.56439,0.193932,-1.46296
-0.0203112,-0.0329015,0.0397342;-1.56455,0.253131,-1.45891
-0.0224017,-0.0321784,0.0398145;-1.55972,0.23479,-1.45576
-0.0225975,-0.0299152,0.0391237;-1.57891,0.235181,-1.44708
-0.0205835,-0.0231145,0.0403832;-1.56853,0.203736,-1.42883
-0.0202607,-0.0224362,0.0408212;-1.57641,0.207627,-1.41768
-0.0203116,-0.0230582,0.0400389;-1.57921,0.20855,-1.42945
-0.0213931,-0.031761,0.0404731;-1.53319,0.258696,-1.47052
-0.0251538,-0.0371821,0.0393934;-1.49206,0.244385,-1.50216
-0.0263693,-0.037502,0.0379978;-1.49337,0.249044,-1.50447
-0.0248204,-0.0344178,0.0373544;-1.49591,0.220348,-1.50406
-0.023998,-0.0361944,0.0384718;-1.45275,0.215976,-1.53128
-0.0237199,-0.0368038,0.0357321;-1.46212,0.203354,-1.55667
-0.0220672,-0.0383576,0.0369016;-1.49289,0.267246,-1.52595
-0.0266924,-0.04138,0.0370963;-1.47375,0.248562,-1.5348
-0.0271645,-0.040319,0.0372329;-1.47818,0.254457,-1.52939
-0.0251896,-0.0365171,0.0350164;-1.5456,0.214696,-1.49191
-0.023542,-0.034964,0.0353017;-1.53505,0.231045,-1.50026
-0.0235997,-0.0354017,0.0343621;-1.5468,0.235931,-1.50304
-0.0236976,-0.0366228,0.0342847;-1.55259,0.249931,-1.50157
-0.0284414,-0.0460515,0.0348625;-1.42935,0.22893,-1.59901
-0.0289626,-0.0460635,0.0325113;-1.48658,0.218496,-1.58213
-0.0304698,-0.0452222,0.0292691;-1.54327,0.179312,-1.56909
-0.0308157,-0.0450941,0.0288175;-1.56015,0.135929,-1.57126
-0.0302616,-0.044608,0.0288338;-1.5641,0.155195,-1.56625
-0.0296004,-0.0437874,0.0291575;-1.56714,0.192163,-1.55534
-0.0298019,-0.0450145,0.0297051;-1.54035,0.25055,-1.5789
-0.0307542,-0.0457105,0.0291765;-1.54887,0.24964,-1.57446
-0.0311919,-0.0457873,0.0290842;-1.54976,0.245051,-1.57176
-0.0328929,-0.0460775,0.0292535;-1.54403,0.211986,-1.56974
-0.0332825,-0.0461799,0.0293655;-1.53931,0.207771,-1.57039
-0.0334788,-0.0472031,0.031414;-1.49935,0.226329,-1.58043
-0.0333216,-0.0476525,0.0370091;-1.44333,0.298498,-1.57208
-0.0380008,-0.0529393,0.038003;-1.45189,0.332631,-1.55404
-0.0399953,-0.0559628,0.0365641;-1.47075,0.329764,-1.5526
-0.0380379,-0.0481076,0.0363713;-1.52554,0.334474,-1.50204
-0.0379354,-0.0452873,0.0382411;-1.53251,0.337819,-1.47326
-0.0393441,-0.040921,0.038538;-1.55942,0.345672,-1.45973
-0.0403485,-0.0440451,0.0421528;-1.57299,0.384887,-1.4605
-0.03915,-0.0455774,0.044211;-1.62471,0.382374,-1.44031
-0.0380513,-0.0460844,0.0406444;-1.61878,0.359105,-1.43845
-0.0359353,-0.0448012,0.0360183;-1.53422,0.298673,-1.49853
-0.0376167,-0.0463977,0.0372161;-1.44757,0.300921,-1.56188
-0.0404685,-0.0491817,0.0387591;-1.37991,0.290624,-1.60456
-0.0409288,-0.0542674,0.0401903;-1.32364,0.319138,-1.64487
-0.0421121,-0.0567483,0.0406433;-1.32265,0.359764,-1.64571
-0.0454081,-0.058298,0.0409001;-1.33509,0.368464,-1.63266
-0.0453152,-0.0525543,0.0412061;-1.42397,0.386984,-1.54845
-0.0417735,-0.0510776,0.0422579;-1.43684,0.40004,-1.53181
-0.0392426,-0.0572452,0.0397974;-1.45057,0.393228,-1.54815
-0.0413981,-0.057546,0.0400691;-1.44081,0.428977,-1.56445
-0.0451445,-0.0558283,0.042679;-1.43847,0.46971,-1.5553
-0.0501535,-0.0570056,0.0451374;-1.42423,0.503797,-1.56407
-0.0482066,-0.0599467,0.0434447;-1.3784,0.411969,-1.58603
-0.0428547,-0.0536682,0.0420609;-1.39894,0.373467,-1.5728
-0.0349757,-0.0507446,0.041402;-1.41516,0.350798,-1.56386
-0.0382733,-0.0518016,0.0400805;-1.42388,0.401272,-1.58073
-0.0428991,-0.0545161,0.0432963;-1.40144,0.447456,-1.5838
-0.0471356,-0.0585682,0.0460816;-1.3614,0.486378,-1.61069
-0.0448302,-0.0550875,0.0457144;-1.36053,0.411561,-1.59607
-0.0391778,-0.0464461,0.0439111;-1.40308,0.373646,-1.55881
-0.0291025,-0.0381055,0.041688;-1.49778,0.346873,-1.49522
-0.0243005,-0.0374663,0.0436225;-1.47821,0.35809,-1.51369
-0.0343132,-0.0456964,0.0464221;-1.37497,0.388376,-1.57863
-0.0397348,-0.0595798,0.0485523;-1.23093,0.370205,-1.67235
-0.0537005,-0.0631344,0.0474869;-1.26542,0.447585,-1.64566
-0.0485294,-0.0514267,0.0465909;-1.35296,0.425047,-1.57958
-0.0329892,-0.0390182,0.0423545;-1.4915,0.362328,-1.49267
-0.0220596,-0.0279095,0.0400464;-1.63367,0.368767,-1.42722
-0.0246007,-0.0293319,0.0422933;-1.65916,0.404597,-1.41909
-0.0283725,-0.0345122,0.0484898;-1.61958,0.465676,-1.46034
-0.0403151,-0.0458356,0.0453589;-1.63794,0.564445,-1.4629
-0.0403387,-0.0460534,0.0397456;-1.63321,0.553436,-1.45317
-0.0360082,-0.0431952,0.0394333;-1.66,0.511886,-1.42654
-0.0342778,-0.0544226,0.0329844;-1.56191,0.476303,-1.52591
-0.0429135,-0.0693332,0.035547;-1.43971,0.489608,-1.61886
-0.044921,-0.0760804,0.0384954;-1.35526,0.50788,-1.66885
-0.0468381,-0.0783468,0.0356671;-1.42208,0.579521,-1.63868
-0.0482444,-0.0745638,0.035544;-1.4541,0.590181,-1.60354
-0.0489498,-0.0671263,0.035611;-1.4874,0.585969,-1.56497
-0.047737,-0.0541996,0.039469;-1.47276,0.55666,-1.54069
-0.0492412,-0.0528863,0.0381691;-1.49102,0.592718,-1.5431
-0.0518512,-0.0560271,0.037702;-1.54178,0.616883,-1.51376
-0.059703,-0.0617282,0.0443561;-1.46377,0.652542,-1.56275
-0.0633435,-0.0673629,0.0420534;-1.43963,0.627255,-1.57064
-0.0632233,-0.0749657,0.0394988;-1.41469,0.590563,-1.59351
-0.0567226,-0.0708869,0.0366437;-1.4765,0.609258,-1.56361
-0.056859,-0.0642474,0.0363867;-1.50464,0.61011,-1.5353
-0.0608129,-0.0569746,0.0381145;-1.51966,0.639152,-1.50985
-0.070167,-0.0623118,0.0462817;-1.48956,0.684049,-1.53661
-0.0736734,-0.0710954,0.0458177;-1.44856,0.696812,-1.56095
-0.0776726,-0.0697088,0.0425567;-1.38045,0.699646,-1.59838
-0.070928,-0.0637888,0.0416784;-1.45277,0.704113,-1.53155
-0.0702808,-0.0620262,0.0408516;-1.48048,0.691245,-1.51355
-0.0722622,-0.0639411,0.0406056;-1.48278,0.713945,-1.51913
-0.0777149,-0.0795459,0.0452665;-1.47702,0.75446,-1.54257
-0.0850104,-0.0832493,0.0432968;-1.41335,0.819429,-1.5759
-0.0888168,-0.0798084,0.0430574;-1.39427,0.822068,-1.5852
-0.0828318,-0.0809166,0.0408657;-1.44446,0.70205,-1.54346
-0.0829644,-0.0798087,0.040553;-1.43522,0.692135,-1.55894
-0.0814185,-0.0791163,0.0416809;-1.41908,0.729583,-1.57011
-0.0814185,-0.0791163,0.0416809;-1.41908,0.729583,-1.57011
-0.0846024,-0.0781787,0.0408761;-1.46278,0.74246,-1.54373
-0.0846024,-0.0781787,0.0408761;-1.46278,0.74246,-1.54373
