0,0,0.11;-1.57,-2.98023e-08,-1.57
0,0,0.11;-1.57,-2.98023e-08,-1.57
0,0,0.11;-1.57,-2.98023e-08,-1.57
0.000293259,0.00275401,0.0286589;-1.57184,-0.198847,-1.57437
0.00108129,0.00535535,0.0288419;-1.57179,-0.28829,-1.58392
0.00214802,0.00790592,0.0291646;-1.58312,-0.316665,-1.5911
0.00356249,0.00583526,0.0324009;-1.57524,-0.306785,-1.6208
0.00362018,0.00736983,0.028841;-1.57094,-0.300501,-1.58321
0.00225088,0.00737109,0.0286276;-1.57109,-0.22057,-1.5683
0.00169889,0.00784171,0.0287454;-1.56847,-0.168606,-1.56477
0.00162508,0.00822647,0.0289947;-1.5778,-0.126947,-1.55859
0.00170574,0.00556127,0.0294215;-1.5866,-0.0989745,-1.56902
0.00289775,-0.00251622,0.0314121;-1.60072,-0.079221,-1.58244
0.00531527,-0.00860835,0.0324315;-1.54672,-0.125668,-1.61534
0.00107895,-0.0077515,0.0308176;-1.55126,-0.197855,-1.59923
-0.000826455,-0.00655812,0.0288006;-1.56945,-0.220185,-1.5798
-0.001284,-0.00477189,0.0285832;-1.57059,-0.274153,-1.57074
-0.00117471,-0.00408172,0.0285857;-1.57095,-0.299409,-1.57125
-0.000773107,-0.00246381,0.0289408;-1.58081,-0.324167,-1.58196
0.0038279,0.00373995,0.0312332;-1.60668,-0.367649,-1.60412
0.00498094,0.00814747,0.0291106;-1.57507,-0.406318,-1.58655
0.00486888,0.00910687,0.0287369;-1.57072,-0.404327,-1.57818
0.0044372,0.00942653,0.028865;-1.56108,-0.391089,-1.55953
0.00432289,0.00995249,0.0288833;-1.568,-0.376704,-1.5571
0.00419203,0.0101052,0.0294852;-1.57588,-0.371395,-1.55487
0.00471649,0.00849292,0.0299879;-1.59849,-0.370922,-1.56691
0.00667029,0.00414817,0.028801;-1.57409,-0.371518,-1.57978
0.0117756,-0.00500447,0.0290938;-1.55398,-0.263679,-1.57933
0.0120901,-0.00526138,0.0289266;-1.558,-0.247516,-1.57414
0.0118065,-0.00478819,0.0285802;-1.57079,-0.258932,-1.57086
0.0114692,-0.00415822,0.0286255;-1.57323,-0.241961,-1.57131
0.0116199,-0.00320072,0.0290938;-1.57543,-0.243732,-1.57734
0.0121083,-0.00128282,0.0294703;-1.57227,-0.267548,-1.5864
0.0138474,0.00510383,0.0289642;-1.56607,-0.284177,-1.58686
0.0125698,0.01081,0.0289334;-1.55862,-0.323649,-1.57175
0.0106317,0.0131648,0.0291656;-1.55592,-0.349447,-1.56775
0.00974235,0.0163066,0.0289481;-1.57623,-0.332307,-1.56008
0.00932462,0.0166992,0.0297502;-1.59215,-0.317929,-1.56506
0.00906606,0.0146665,0.0303613;-1.60513,-0.298332,-1.57838
0.0125094,0.00609891,0.0313864;-1.55178,-0.271825,-1.60864
0.015093,-0.00341966,0.0333362;-1.53824,-0.192041,-1.62198
0.0192,-0.0132173,0.030482;-1.54176,-0.090406,-1.59252
0.0212073,-0.0190768,0.0289022;-1.56291,-0.0192745,-1.57967
0.0210116,-0.0195398,0.0286616;-1.57534,0.00390972,-1.57183
0.0203452,-0.0205503,0.0290988;-1.57944,0.0253306,-1.57324
0.018489,-0.0203003,0.0290538;-1.55785,-0.00243989,-1.58483
0.0188417,-0.0187166,0.0292442;-1.5481,-0.0175966,-1.58414
0.0204664,-0.0155713,0.0303059;-1.53683,-0.0185764,-1.58593
0.0192668,-0.00258785,0.0290671;-1.56562,-0.111985,-1.56644
0.0200782,0.00168688,0.0292297;-1.57852,-0.0758517,-1.56303
0.0192999,0.00373283,0.0304709;-1.59518,-0.0421285,-1.55516
0.0221476,0.00134584,0.0287252;-1.57208,-0.105238,-1.57908
0.0221311,0.00139619,0.028844;-1.57015,-0.115497,-1.5831
0.0223427,-0.00265254,0.0292288;-1.57136,-0.0689,-1.58574
0.0204737,-0.00984323,0.0296872;-1.55687,-0.0134708,-1.59081
0.0185461,-0.0153629,0.0295799;-1.56055,0.0203181,-1.58684
0.0181853,-0.0200513,0.0293748;-1.56794,0.0643984,-1.57904
0.0181638,-0.0234199,0.0290448;-1.57086,0.0648433,-1.58058
0.018252,-0.0222532,0.0289145;-1.56255,0.0632409,-1.58431
0.0184448,-0.0213197,0.0290503;-1.55533,0.0563173,-1.58321
0.019634,-0.0177326,0.0305822;-1.52369,0.0465806,-1.58342
0.0170706,-0.0137512,0.0331296;-1.48308,-0.000279129,-1.57713
0.0173281,-0.00325766,0.0298083;-1.5566,-0.0214423,-1.56354
0.0190296,0.0019898,0.0303501;-1.60463,0.0220755,-1.56304
0.0189976,-0.000790785,0.0288051;-1.57522,0.00941138,-1.5798
0.018898,-0.00137178,0.0287301;-1.57032,0.0106524,-1.58102
0.0194997,-0.00225803,0.0288803;-1.56438,0.0197608,-1.58213
0.0191521,-0.00194534,0.0289635;-1.56167,0.0116704,-1.58408
0.0184085,-0.00368432,0.029532;-1.56231,0.0194796,-1.58982
0.0157938,-0.010916,0.0310684;-1.54471,0.0678404,-1.59264
0.015643,-0.0145995,0.0297731;-1.54973,0.0953609,-1.57348
0.0151049,-0.0161491,0.0293404;-1.54703,0.0955458,-1.57005
0.0164556,-0.0166309,0.0300096;-1.53295,0.113174,-1.57506
0.016572,-0.0169533,0.0313622;-1.5118,0.105118,-1.5837
0.018395,-0.0173641,0.0344526;-1.46823,0.118637,-1.6038
0.0232977,-0.0107958,0.039024;-1.43007,0.176752,-1.63819
0.022387,-0.00481465,0.0370113;-1.46936,0.170463,-1.64471
0.0230141,-0.000334435,0.0350909;-1.47797,0.16832,-1.63173
0.0211608,0.00555581,0.0291517;-1.56205,0.139742,-1.58382
0.0213307,0.00597556,0.0290907;-1.55717,0.134134,-1.58845
0.0213781,0.00608676,0.0292899;-1.55936,0.138149,-1.5886
0.019919,0.00706121,0.0294061;-1.58925,0.153528,-1.56987
0.0211503,0.00859192,0.0290251;-1.58539,0.184932,-1.57069
0.0214614,0.00862505,0.0289035;-1.57199,0.201345,-1.57855
0.0219581,0.007092,0.0288526;-1.56173,0.282882,-1.5688
0.0218444,0.00729212,0.028898;-1.56655,0.297612,-1.56097
0.0216488,0.00741284,0.0289192;-1.56852,0.298111,-1.55747
0.0223088,0.00621831,0.029607;-1.55224,0.296738,-1.5729
0.0225448,0.0062299,0.0294921;-1.55661,0.284216,-1.57948
0.0224426,0.00681186,0.0295444;-1.56091,0.277369,-1.58355
0.0226107,0.00694759,0.0286904;-1.56893,0.266324,-1.57695
0.0228825,0.00728899,0.0285804;-1.57129,0.239439,-1.57049
0.0229147,0.00734845,0.0285801;-1.57094,0.231363,-1.57078
0.0242325,0.00794683,0.0290869;-1.58483,0.198791,-1.57886
0.0249903,0.00770258,0.0292935;-1.5937,0.177686,-1.57432
0.0279163,0.00881997,0.0297933;-1.58556,0.129933,-1.58531
0.0277425,0.00763478,0.0287849;-1.56226,0.120913,-1.5734
0.0295575,0.00841153,0.0290019;-1.56056,0.19888,-1.56257
0.0306357,0.00966315,0.029149;-1.55983,0.243028,-1.55655
0.0321779,0.0113515,0.0299878;-1.55618,0.27872,-1.55382
0.0356408,0.0119549,0.032294;-1.53772,0.361478,-1.58264
0.0390346,0.0138099,0.0332603;-1.54016,0.393264,-1.59878
0.0373973,0.0155187,0.029051;-1.56887,0.400201,-1.58569
0.0365837,0.018198,0.0286464;-1.57085,0.284882,-1.57406
0.0372093,0.0182846,0.0285787;-1.57096,0.220587,-1.57075
0.0385536,0.0171922,0.0287603;-1.57909,0.161594,-1.56909
0.044656,0.0163084,0.0307712;-1.61354,0.0370316,-1.57783
0.0497202,0.017919,0.0332797;-1.59763,-0.0272048,-1.61895
0.0504537,0.0158317,0.0328407;-1.57789,-0.0873671,-1.62504
0.048008,0.0131657,0.0286966;-1.57064,-0.0756829,-1.57627
0.0485567,0.0139101,0.0291726;-1.55124,-0.0104609,-1.56109
0.0494727,0.0168674,0.0308874;-1.55942,0.0583368,-1.53646
0.047487,0.0199925,0.0335343;-1.60832,0.193427,-1.51899
0.0477207,0.0182851,0.0374583;-1.60431,0.256444,-1.55482
0.0498815,0.016974,0.0384318;-1.54681,0.314815,-1.61284
0.0435443,0.0144109,0.0298654;-1.5574,0.364683,-1.59608
0.0425518,0.0161974,0.028766;-1.56646,0.310016,-1.57727
0.0423988,0.0161062,0.0285894;-1.57125,0.294258,-1.56993
0.0442973,0.016412,0.0302514;-1.59318,0.207197,-1.58124
0.0471187,0.0199405,0.0342225;-1.6391,0.126829,-1.5939
0.0536684,0.0233926,0.036278;-1.62426,0.0677248,-1.62472
0.0590182,0.0308879,0.0352043;-1.5277,-0.0463068,-1.64538
0.0580327,0.0355226,0.0328847;-1.54031,-0.0903159,-1.61222
0.0584661,0.0393457,0.0292108;-1.55634,-0.0995067,-1.574
0.0634257,0.048418,0.0317748;-1.58055,-0.0331791,-1.53944
0.0647103,0.0509636,0.0355646;-1.64878,-0.00553664,-1.53015
0.0670138,0.0514312,0.037773;-1.68707,0.0201134,-1.54641
0.0634781,0.0436203,0.037375;-1.5648,0.0980349,-1.64736
0.0585133,0.038785,0.0353189;-1.53401,0.107947,-1.64632
0.0555921,0.0332336,0.0322717;-1.53988,0.123162,-1.61158
0.0567555,0.0297739,0.0290191;-1.58329,0.145404,-1.57767
0.0598602,0.0306758,0.0317387;-1.62609,0.100009,-1.57666
0.0632793,0.0284818,0.0362725;-1.68615,0.0655651,-1.58643
0.0714762,0.0179307,0.0406931;-1.55471,-0.0930091,-1.64253
0.0701037,0.0153135,0.0376394;-1.51128,-0.149356,-1.65539
0.0675541,0.0150793,0.0385442;-1.48825,-0.168643,-1.63786
0.0646635,0.0166346,0.0347713;-1.48266,-0.170879,-1.58094
0.0635453,0.0113508,0.0335441;-1.52333,-0.149177,-1.56595
0.0643639,0.00182762,0.0364217;-1.55126,-0.111655,-1.5642
0.063661,-0.0113544,0.0370362;-1.47654,-0.130986,-1.61405
0.0613872,-0.00985215,0.0362042;-1.48161,-0.136152,-1.60334
0.0608882,-0.0081024,0.0354946;-1.4769,-0.139418,-1.59286
0.0625859,-0.0112004,0.0333687;-1.48098,-0.103155,-1.57189
0.066783,-0.011093,0.0341981;-1.46878,-0.0429346,-1.56985
0.0723351,-0.0123013,0.0371904;-1.41852,0.0459868,-1.57931
0.0748855,-0.014275,0.0404898;-1.34975,0.0865517,-1.60329
0.0702357,-0.00916474,0.041535;-1.34405,0.0428626,-1.6034
0.067935,-0.00471412,0.0398826;-1.36097,0.0226169,-1.58066
0.0666537,8.54647e-05,0.0394377;-1.37333,0.0251403,-1.57061
0.0665977,0.00170625,0.0407272;-1.34905,-0.000607938,-1.57927
0.0685159,0.00338979,0.043339;-1.36725,-0.0171529,-1.58786
0.0695211,-0.00305511,0.0480679;-1.44227,-0.084552,-1.58594
0.069074,-0.00991695,0.0460768;-1.40798,-0.134351,-1.59056
0.0695494,-0.0155432,0.0416605;-1.38366,-0.142057,-1.59325
0.0689562,-0.0116198,0.037478;-1.41544,-0.148291,-1.56068
0.0714603,-0.0131095,0.0369935;-1.43322,-0.119657,-1.58428
0.0733124,-0.0123132,0.0382604;-1.44194,-0.0962217,-1.60338
0.0760804,-0.0179877,0.0439986;-1.38853,-0.102925,-1.60933
0.0741205,-0.0240195,0.0444354;-1.32345,-0.139166,-1.59604
0.0704526,-0.0228718,0.0447106;-1.32878,-0.150517,-1.58898
0.0716878,-0.0237371,0.042267;-1.31636,-0.105638,-1.55478
0.0732496,-0.0240649,0.0432113;-1.29529,-0.100437,-1.55906
0.0746603,-0.0237995,0.044462;-1.2808,-0.0812237,-1.56721
0.0733937,-0.0231578,0.0453312;-1.29271,0.0052182,-1.5693
0.0764281,-0.022051,0.0474925;-1.32893,0.0404256,-1.58401
0.0731158,-0.0194062,0.0427673;-1.32517,0.091616,-1.58656
0.069798,-0.0147729,0.033806;-1.47812,0.0893632,-1.58116
0.0685182,-0.0119177,0.0290299;-1.56866,0.07731,-1.57506
0.0682087,-0.0105588,0.0289105;-1.58374,0.0749359,-1.5727
0.0684045,-0.0077264,0.0332253;-1.64552,0.0845693,-1.57878
0.071436,-0.00289875,0.0347774;-1.6582,0.0638579,-1.59592
0.0742177,-0.00159881,0.035074;-1.61571,0.0556275,-1.62402
0.0698636,-0.00269084,0.0330583;-1.55408,0.0636244,-1.6208
0.0690675,-0.0031594,0.0310767;-1.53526,0.0724258,-1.59074
0.0691054,-0.00291464,0.0321503;-1.50178,0.0778121,-1.58126
0.0728113,0.00418117,0.0416833;-1.47831,0.159137,-1.57512
0.0753506,0.00511995,0.0479868;-1.49014,0.121752,-1.57968
0.077232,0.00414713,0.0473764;-1.46203,0.100095,-1.59247
0.0769448,-0.00773461,0.0357269;-1.43405,0.0871743,-1.58928
0.0772145,-0.00819845,0.0336861;-1.48144,0.0944839,-1.57795
0.0778071,-0.00794465,0.0300438;-1.5363,0.074626,-1.57675
0.0778071,-0.00794465,0.0300438;-1.5363,0.074626,-1.57675
0.0802756,-0.00661459,0.0307087;-1.53182,0.026455,-1.58221
0.0802756,-0.00661459,0.0307087;-1.53182,0.026455,-1.58221
