0,0,0.11;-1.57,-2.98023e-08,-1.57
0,0,0.11;-1.57,-2.98023e-08,-1.57
0,0,0.11;-1.57,-2.98023e-08,-1.57
-0.000548232,-0.00325543,0.0286094;-1.57089,-0.197582,-1.56932
-0.000695323,-0.00385801,0.0286482;-1.57086,-0.224294,-1.56762
-0.00134266,-0.00495181,0.0293463;-1.57062,-0.234895,-1.56013
-0.00276719,-0.0234013,0.0323051;-1.56061,-0.182808,-1.58914
-0.00189184,-0.0293939,0.0310712;-1.59245,-0.234087,-1.6078
-0.00106755,-0.0234127,0.0297419;-1.60527,-0.295118,-1.5852
-0.000806943,-0.0230633,0.0288616;-1.58497,-0.309096,-1.57548
-0.00126204,-0.0234643,0.0290167;-1.55161,-0.338001,-1.56679
-0.00105158,-0.0244763,0.0306807;-1.52179,-0.322029,-1.55276
-0.00127522,-0.0288199,0.0352439;-1.45882,-0.280695,-1.55888
-0.000115094,-0.0371107,0.0363174;-1.51551,-0.248727,-1.62884
0.000762722,-0.0426736,0.0334199;-1.57254,-0.224706,-1.64152
0.0012361,-0.0425565,0.0339966;-1.62365,-0.220112,-1.62568
0.00275449,-0.0382352,0.0287474;-1.57917,-0.298397,-1.57326
0.00299834,-0.0374329,0.0291345;-1.55784,-0.293313,-1.55239
0.00365413,-0.0339808,0.0313327;-1.54488,-0.278555,-1.52762
0.00637996,-0.0327056,0.0326376;-1.54792,-0.228581,-1.51878
0.00741436,-0.0381271,0.0296252;-1.55568,-0.219653,-1.57052
0.00768097,-0.0429124,0.0295418;-1.58034,-0.170725,-1.59327
0.0075139,-0.0498834,0.030052;-1.6079,-0.104373,-1.58661
0.00848444,-0.0473342,0.0290718;-1.59277,-0.132284,-1.57588
0.00853865,-0.0449518,0.0297913;-1.56736,-0.120838,-1.54858
0.0102712,-0.0398901,0.0328788;-1.5559,-0.0787484,-1.51048
0.0125032,-0.0395392,0.029187;-1.56516,-0.0945541,-1.55843
0.0149389,-0.0438931,0.033272;-1.55953,0.0150794,-1.63421
0.0155438,-0.045765,0.0340917;-1.56506,0.0565722,-1.64195
0.0166357,-0.0467444,0.0326436;-1.56932,0.0675428,-1.63363
0.0152547,-0.0384199,0.0303699;-1.56792,0.0469856,-1.55528
0.012254,-0.0310501,0.0352095;-1.55116,0.041315,-1.52399
0.0167561,-0.0267189,0.0320076;-1.55306,-0.000219136,-1.5439
0.0200439,-0.0243015,0.0291227;-1.56807,0.0170954,-1.58727
0.0197427,-0.0249166,0.0292083;-1.57338,0.0340729,-1.58505
0.0184723,-0.0272962,0.02899;-1.57341,0.0643978,-1.58141
0.0172305,-0.0306661,0.0290958;-1.58239,0.131894,-1.5558
0.0166417,-0.0317487,0.0330405;-1.60176,0.109188,-1.51974
0.0165292,-0.0294482,0.0351153;-1.61336,0.0807508,-1.50503
0.0235266,-0.023919,0.0290903;-1.58974,-0.0104907,-1.57825
0.0250221,-0.022186,0.0290561;-1.56815,-0.0410781,-1.58594
0.0258546,-0.0217123,0.0293778;-1.57328,-0.0448506,-1.58895
0.0241996,-0.0242918,0.0289661;-1.56494,-0.00568849,-1.58359
0.022798,-0.0273513,0.0296684;-1.557,0.0350932,-1.55774
0.020214,-0.0313654,0.0336288;-1.57953,0.0515302,-1.52383
0.0302314,-0.0331184,0.0325568;-1.57916,-0.0401361,-1.62726
0.0315485,-0.0283413,0.0343716;-1.56039,-0.0630105,-1.65133
0.0324881,-0.0236903,0.0359275;-1.55894,-0.0870412,-1.66054
0.0330954,-0.0173956,0.0290168;-1.56645,-0.138438,-1.58676
0.0302713,-0.0187867,0.0305412;-1.57379,-0.113131,-1.54752
0.0250031,-0.0223298,0.0337929;-1.57662,-0.0651137,-1.49726
0.0282988,-0.0315282,0.0289511;-1.57899,-0.0755069,-1.56166
0.0291201,-0.0313872,0.0291807;-1.59513,-0.0968396,-1.57826
0.0302106,-0.029601,0.0297681;-1.58802,-0.132103,-1.59179
0.0314711,-0.0200259,0.0291365;-1.57269,-0.233078,-1.58829
0.0285974,-0.0194558,0.0300167;-1.54171,-0.258246,-1.55399
0.0244748,-0.0186738,0.0336662;-1.55114,-0.26081,-1.50422
0.0239791,-0.0229448,0.0310404;-1.56955,-0.266138,-1.53014
0.024465,-0.0255262,0.0285426;-1.57331,-0.28461,-1.57521
0.0253459,-0.0281405,0.0295898;-1.56896,-0.255344,-1.5924
0.0266489,-0.0245171,0.0347897;-1.57451,-0.297877,-1.65784
0.0250207,-0.0203571,0.0349543;-1.53437,-0.332069,-1.62857
0.0226963,-0.0177738,0.0378293;-1.44557,-0.352525,-1.57684
0.0190023,-0.0146565,0.0383218;-1.38969,-0.384396,-1.51241
0.0219185,-0.0127335,0.0355124;-1.46663,-0.381614,-1.56452
0.0248325,-0.0140558,0.034519;-1.51518,-0.362541,-1.61297
0.0260469,-0.0162306,0.0352388;-1.57912,-0.332972,-1.66281
0.0260329,-0.016109,0.034991;-1.5674,-0.34303,-1.66064
0.025885,-0.0169134,0.0362178;-1.60743,-0.327782,-1.6438
0.0153791,0.00277249,0.0399815;-1.70457,-0.3126,-1.53812
0.0180644,0.00166685,0.0377498;-1.68806,-0.316338,-1.56442
0.0217941,-0.00454054,0.0288363;-1.56853,-0.332665,-1.58406
0.0234697,-0.00968476,0.0318284;-1.56615,-0.272524,-1.61587
0.0249275,-0.0105793,0.032878;-1.56478,-0.257984,-1.63594
0.026079,-0.0118887,0.0353264;-1.52424,-0.247513,-1.63587
0.0261594,-0.0104589,0.0508031;-1.51588,-0.234503,-1.60036
0.0288768,-0.00867431,0.0537386;-1.5611,-0.246848,-1.62704
0.0320108,-0.00875353,0.0436414;-1.50194,-0.289761,-1.66655
0.0317853,-0.00938112,0.0387699;-1.53537,-0.264067,-1.67995
0.030561,-0.0108245,0.0383626;-1.49602,-0.279216,-1.64541
0.0301267,-0.0120097,0.0374326;-1.45861,-0.282059,-1.59567
0.0269458,-0.0159064,0.0431653;-1.34112,-0.252998,-1.55185
0.0315039,-0.0206919,0.0435922;-1.34762,-0.219258,-1.58048
0.0334152,-0.0200327,0.0429453;-1.3953,-0.218596,-1.61962
0.028102,-0.0139682,0.0349114;-1.53152,-0.264186,-1.63509
0.0277527,-0.0141756,0.0302316;-1.55436,-0.254454,-1.5952
0.0275467,-0.014454,0.0297651;-1.53896,-0.249525,-1.56984
0.0279242,-0.019431,0.0396762;-1.34791,-0.224588,-1.5149
0.0286506,-0.020248,0.0411756;-1.33302,-0.214962,-1.519
0.0292869,-0.0180769,0.0394102;-1.38044,-0.2103,-1.53685
0.0276361,-0.0160691,0.0322387;-1.54635,-0.220075,-1.61043
0.0285936,-0.0165091,0.0307663;-1.5421,-0.199798,-1.59294
0.0284789,-0.0168334,0.0306102;-1.52698,-0.195654,-1.57673
0.0291139,-0.0208552,0.0395691;-1.34959,-0.18097,-1.52822
0.0319997,-0.0212257,0.0416853;-1.32377,-0.143479,-1.53192
0.0333399,-0.0214291,0.0436148;-1.29051,-0.131891,-1.52626
0.0410039,-0.0188262,0.0427545;-1.35537,-0.100949,-1.59998
0.0389459,-0.0178277,0.0403215;-1.49297,-0.065987,-1.68402
0.037813,-0.0221181,0.0402329;-1.43073,-0.06725,-1.63915
0.0359924,-0.0229687,0.0411751;-1.40319,-0.0952925,-1.61443
0.0292978,-0.0302829,0.0429842;-1.3073,-0.0719019,-1.52595
0.0318748,-0.0289858,0.0435042;-1.30052,-0.0881339,-1.54047
0.0358691,-0.0243858,0.0431605;-1.35621,-0.113413,-1.59126
0.0369499,-0.0222822,0.0406064;-1.50124,-0.110826,-1.69716
0.0361705,-0.0227789,0.040115;-1.50487,-0.113279,-1.68661
0.0331175,-0.0286649,0.0393706;-1.45501,-0.111837,-1.63817
0.0208589,-0.038604,0.0401274;-1.37204,-0.116111,-1.53524
0.0181216,-0.0405005,0.0389849;-1.39464,-0.126435,-1.52923
0.0166104,-0.0379983,0.0376874;-1.41423,-0.191046,-1.54313
0.00749997,-0.0221532,0.0353609;-1.52474,-0.397726,-1.63331
0.00564074,-0.0150007,0.0357804;-1.54711,-0.453192,-1.65979
0.00580344,-0.0150724,0.0381597;-1.49257,-0.452019,-1.62817
0.00168746,-0.0148441,0.0474948;-1.40232,-0.431889,-1.55616
-0.000577077,-0.0159123,0.049749;-1.45837,-0.427974,-1.56171
-0.00638541,-0.0180725,0.0474906;-1.49117,-0.455607,-1.57525
0.000365268,-0.00903393,0.0370654;-1.51269,-0.492693,-1.63403
0.000673129,-0.0101789,0.0349346;-1.51669,-0.489827,-1.61703
-0.000182867,-0.0105738,0.0327911;-1.50978,-0.498636,-1.57525
-0.00311397,-0.0163427,0.0371096;-1.39773,-0.511339,-1.47792
-0.00261461,-0.0185397,0.0393168;-1.38983,-0.484513,-1.47859
-0.00269588,-0.0214301,0.0435154;-1.47221,-0.483586,-1.51778
0.00747964,-0.0217183,0.0365442;-1.44954,-0.540282,-1.53424
0.00695056,-0.0189923,0.0342342;-1.52691,-0.554794,-1.60575
0.00763932,-0.0197355,0.0347433;-1.52324,-0.547746,-1.62095
0.00735533,-0.0252058,0.0371318;-1.40718,-0.551256,-1.49031
0.00269782,-0.0306777,0.0398515;-1.3469,-0.55554,-1.44796
-0.00412175,-0.0371823,0.0407596;-1.39366,-0.526937,-1.44916
0.00112886,-0.0407773,0.0368095;-1.44731,-0.552392,-1.52882
0.00182147,-0.0395465,0.0367721;-1.45598,-0.56802,-1.55483
0.00113433,-0.0395366,0.0364721;-1.45893,-0.57401,-1.56727
-0.00283827,-0.0401196,0.0359708;-1.42251,-0.595155,-1.51013
-0.00263623,-0.0421634,0.039442;-1.34392,-0.581764,-1.46365
-0.00393089,-0.042122,0.0390708;-1.34132,-0.574509,-1.44198
-0.00482103,-0.0386377,0.035238;-1.4716,-0.645652,-1.53636
-0.00252301,-0.0396287,0.0328791;-1.54979,-0.653467,-1.60802
-0.00123759,-0.0384411,0.0335796;-1.62057,-0.645101,-1.64407
-0.0026498,-0.0344649,0.0306689;-1.55454,-0.691974,-1.59103
-0.0028029,-0.035359,0.0324996;-1.48354,-0.639445,-1.51435
-0.00314631,-0.033959,0.0364985;-1.40287,-0.59098,-1.46173
-0.00377257,-0.0352479,0.0344527;-1.4717,-0.615944,-1.51632
-0.00101837,-0.0335081,0.0316259;-1.56846,-0.644887,-1.60321
0.00511572,-0.0332592,0.0346145;-1.56692,-0.629214,-1.63554
0.0125996,-0.0298932,0.0386222;-1.5129,-0.64453,-1.65013
0.0126268,-0.0268529,0.0416559;-1.43325,-0.640094,-1.59762
0.0081348,-0.0225624,0.0479883;-1.45366,-0.606284,-1.56986
-0.00503008,-0.00827451,0.0459121;-1.79339,-0.597017,-1.67066
-0.00488486,-0.00310928,0.0465999;-1.94444,-0.57461,-1.73786
-0.00336669,-0.00264423,0.044982;-1.93606,-0.575908,-1.75898
0.000174838,-0.0049306,0.0367523;-1.76493,-0.598732,-1.6887
-0.00157292,0.000621735,0.0367447;-1.75502,-0.592477,-1.67115
-0.00795733,0.0127086,0.0428541;-1.84082,-0.550044,-1.6755
-0.0121576,0.0175996,0.0429142;-1.82728,-0.51152,-1.6526
-0.0121703,0.0209802,0.0434956;-1.8934,-0.501044,-1.71286
-0.0106081,0.0228987,0.0413414;-1.86818,-0.516582,-1.71719
-0.00737274,0.0153576,0.033808;-1.64814,-0.492183,-1.63939
-0.00651942,0.0123036,0.0312554;-1.60665,-0.464986,-1.60342
-0.00685144,0.0131543,0.0377069;-1.59307,-0.478822,-1.58866
-0.0072254,0.0179454,0.0496774;-1.66378,-0.475983,-1.6227
-0.00325226,0.0235237,0.047875;-1.71642,-0.46721,-1.66988
-0.000453356,0.0310207,0.0427198;-1.78399,-0.469716,-1.72708
-0.000624576,0.0350042,0.0414376;-1.71646,-0.517315,-1.73252
-0.0028993,0.0361083,0.0403875;-1.69946,-0.545921,-1.72176
-0.007781,0.0361828,0.0395625;-1.71619,-0.572043,-1.69082
-0.0151795,0.0265875,0.0486058;-1.61524,-0.624846,-1.57828
-0.0166908,0.0185419,0.0461059;-1.72594,-0.644195,-1.62431
-0.0159387,0.0196553,0.0399719;-1.79779,-0.682772,-1.67333
-0.00897388,0.015605,0.0347713;-1.74777,-0.714984,-1.68573
-0.00781459,0.0154504,0.035374;-1.76278,-0.726481,-1.7004
-0.00913851,0.0153119,0.0369275;-1.77145,-0.725965,-1.68884
-0.0140963,0.0098203,0.0402493;-1.73251,-0.70648,-1.59584
-0.00916672,0.00363149,0.0408033;-1.64668,-0.73352,-1.58564
-0.00447999,-0.00114033,0.038845;-1.59375,-0.788359,-1.59275
0.00644851,-0.00328397,0.0360092;-1.66358,-0.876188,-1.68794
0.0164336,-0.0116453,0.0377463;-1.5663,-0.86048,-1.6885
0.0213042,-0.0197868,0.0396453;-1.5318,-0.838813,-1.6804
0.00986837,-0.028885,0.0472696;-1.44553,-0.836902,-1.56838
0.0016774,-0.0214038,0.0484864;-1.46973,-0.890603,-1.57367
-0.0083743,-0.0171704,0.0453846;-1.59743,-0.908072,-1.62156
-0.00728279,-0.00868891,0.0342347;-1.69942,-0.978804,-1.69646
-0.00463718,-0.0113651,0.0324512;-1.65666,-0.98963,-1.66907
-0.00159823,-0.0175839,0.0344571;-1.57507,-0.954309,-1.65633
-0.00159823,-0.0175839,0.0344571;-1.57507,-0.954309,-1.65633
-0.00260931,-0.0223553,0.0340928;-1.56225,-0.930859,-1.63304
-0.00260931,-0.0223553,0.0340928;-1.56225,-0.930859,-1.63304
