0,0,0.11;-1.57,-2.98023e-08,-1.57
0,0,0.11;-1.57,-2.98023e-08,-1.57
0,0,0.11;-1.57,-2.98023e-08,-1.57
0.00058118,0.0094098,0.0286306;-1.56971,-0.127719,-1.57207
0.000484173,0.00865508,0.0285821;-1.5706,-0.0829954,-1.57044
-0.00109065,0.00487248,0.0300599;-1.58397,-0.0326024,-1.56113
-0.00261547,-0.0216225,0.035747;-1.44993,0.023926,-1.55805
-0.00263941,-0.0144175,0.0285874;-1.57116,-0.0637117,-1.57134
-0.00250908,-0.0147082,0.02882;-1.56376,-0.0510298,-1.5748
-0.00248086,-0.0142933,0.0286399;-1.57053,-0.0551667,-1.57347
-0.00244544,-0.0158042,0.0285933;-1.57053,0.00845156,-1.56956
-0.0043021,-0.0198012,0.0301139;-1.58146,0.0561602,-1.55729
-0.00745719,-0.0402114,0.0360707;-1.51333,0.140319,-1.55399
-0.00768091,-0.0467215,0.0325632;-1.4956,0.0918571,-1.56822
-0.00637172,-0.0409153,0.0285425;-1.57148,0.042672,-1.56969
-0.00624197,-0.0409493,0.028726;-1.56581,0.0390348,-1.57296
-0.0063573,-0.0430111,0.0285764;-1.5704,0.102103,-1.57131
-0.0079597,-0.0448457,0.0292436;-1.57771,0.145581,-1.56367
-0.0130833,-0.0614066,0.0345571;-1.57638,0.222887,-1.55264
-0.0153169,-0.0783665,0.0376768;-1.41711,0.229433,-1.58066
-0.0144298,-0.0748701,0.032739;-1.48429,0.181371,-1.57999
-0.0128453,-0.0697676,0.0285196;-1.56943,0.142433,-1.57135
-0.0124784,-0.0697756,0.0285812;-1.5706,0.175716,-1.57094
-0.0131243,-0.0705606,0.0285794;-1.57094,0.218365,-1.57045
-0.0159123,-0.0742531,0.030291;-1.5863,0.265006,-1.55635
-0.0214514,-0.0904627,0.0334547;-1.50679,0.304708,-1.56978
-0.0225742,-0.092588,0.0310218;-1.51862,0.256919,-1.57838
-0.0215039,-0.0896441,0.0288193;-1.56216,0.228286,-1.57583
-0.0214923,-0.090336,0.0287168;-1.56767,0.247743,-1.57514
-0.0213579,-0.0911883,0.0285804;-1.57061,0.284195,-1.57094
-0.0280736,-0.101848,0.0322848;-1.59832,0.38502,-1.54404
-0.0352095,-0.123176,0.0378947;-1.39974,0.441361,-1.61456
-0.0368075,-0.126042,0.0366505;-1.41132,0.38908,-1.61679
-0.0324562,-0.118062,0.0285803;-1.57125,0.340604,-1.57095
-0.0324309,-0.118761,0.0287631;-1.56409,0.36123,-1.57565
-0.0325713,-0.11947,0.0287175;-1.56517,0.388945,-1.57435
-0.0356997,-0.121681,0.0296818;-1.58144,0.471091,-1.55641
-0.0462916,-0.138679,0.0350415;-1.52467,0.562282,-1.57312
-0.0524533,-0.152019,0.0384743;-1.3732,0.547817,-1.64918
-0.0477796,-0.144494,0.0285284;-1.5698,0.481104,-1.57179
-0.0475272,-0.144778,0.0288057;-1.56095,0.495616,-1.57766
-0.0476422,-0.145373,0.0287314;-1.56495,0.514167,-1.57579
-0.0484673,-0.146219,0.0286806;-1.57118,0.587273,-1.56513
-0.0561328,-0.153448,0.0315386;-1.59223,0.650864,-1.54029
-0.0704011,-0.172576,0.0378768;-1.3716,0.718898,-1.66971
-0.0696131,-0.168245,0.0284993;-1.57036,0.613776,-1.56996
-0.0690688,-0.167866,0.0285769;-1.57075,0.610497,-1.5711
-0.0693804,-0.168726,0.0287877;-1.56086,0.631375,-1.57852
-0.0697592,-0.169754,0.0286336;-1.57151,0.707175,-1.56716
-0.0759064,-0.173539,0.0303965;-1.5817,0.758222,-1.54711
-0.0926074,-0.190785,0.0362353;-1.39196,0.838197,-1.67407
-0.0940918,-0.192166,0.0286981;-1.57536,0.742389,-1.56151
-0.0934096,-0.191762,0.028578;-1.57104,0.736146,-1.5707
-0.0936905,-0.192768,0.0288318;-1.55675,0.759082,-1.58225
-0.0942672,-0.193072,0.0285778;-1.57077,0.826817,-1.5706
-0.0998436,-0.195297,0.0303463;-1.58886,0.88089,-1.54342
-0.119186,-0.209762,0.036277;-1.38666,0.970327,-1.69362
-0.122755,-0.214584,0.0314735;-1.46763,0.915152,-1.63985
-0.119397,-0.213114,0.0286696;-1.57188,0.896095,-1.5652
-0.11949,-0.213634,0.0287447;-1.56301,0.918715,-1.58013
-0.119914,-0.21449,0.0285797;-1.57077,0.973874,-1.57082
-0.122302,-0.214466,0.0289603;-1.58103,1.02929,-1.56142
-0.138651,-0.222004,0.0334981;-1.55315,1.11751,-1.56961
-0.14949,-0.228168,0.0351713;-1.32197,1.08135,-1.77298
-0.145276,-0.226235,0.0288624;-1.55584,1.06315,-1.5777
-0.144112,-0.225886,0.0285748;-1.57093,1.049,-1.57091
-0.143887,-0.226385,0.028581;-1.57053,1.08536,-1.57111
-0.144164,-0.226373,0.0285942;-1.57154,1.12301,-1.56888
-0.147979,-0.226017,0.0298709;-1.5967,1.17693,-1.54033
-0.181959,-0.240775,0.0383438;-1.07293,1.23087,-2.0152
-0.180436,-0.240089,0.0344364;-1.2583,1.197,-1.85375
-0.174951,-0.238577,0.0285973;-1.57117,1.18395,-1.56957
-0.175282,-0.239346,0.0287779;-1.54505,1.21493,-1.59541
-0.175245,-0.239557,0.0285816;-1.5704,1.24356,-1.57114
-0.175664,-0.239243,0.028775;-1.56893,1.27973,-1.56356
-0.214202,-0.247586,0.039454;-0.690465,1.36864,-2.40314
-0.222131,-0.250551,0.037327;-0.845052,1.31984,-2.26864
-0.212712,-0.248447,0.0287071;-1.56318,1.34443,-1.57396
-0.211882,-0.248863,0.0288242;-1.52089,1.34119,-1.62001
-0.211817,-0.249512,0.0285811;-1.56969,1.38882,-1.57187
-0.211768,-0.249444,0.0286094;-1.56973,1.41996,-1.57005
-0.247285,-0.250895,0.0376201;0.0219255,1.44557,-3.13172
-0.260455,-0.253529,0.0367027;-0.314468,1.40863,-2.81399
-0.250846,-0.252084,0.0291433;-1.40768,1.47624,-1.72872
-0.249909,-0.252258,0.0288293;-1.46014,1.46317,-1.68097
-0.249842,-0.252959,0.028599;-1.55557,1.50669,-1.58526
-0.24977,-0.252813,0.0285831;-1.55869,1.541,-1.58244
-0.282235,-0.250299,0.0370037;0.861333,1.39815,2.30256
-0.294396,-0.250653,0.0383585;0.436851,1.38378,2.71784
-0.286929,-0.25268,0.0324335;0.703128,1.47515,2.44868
-0.28267,-0.254719,0.0288016;1.42669,1.50325,1.71367
-0.282829,-0.255458,0.0285693;1.57494,1.44993,1.56711
-0.283076,-0.255344,0.0285812;1.56984,1.43916,1.57187
-0.308641,-0.248904,0.0329957;1.39549,1.26992,1.75659
-0.323575,-0.246554,0.0368433;1.03154,1.27952,2.10572
-0.32028,-0.246915,0.0350922;1.12454,1.30439,2.01961
-0.313364,-0.249893,0.0286355;1.55788,1.36377,1.58346
-0.314356,-0.250416,0.0288339;1.52663,1.32458,1.61205
-0.314251,-0.250686,0.0285853;1.57015,1.29789,1.57168
-0.314544,-0.249655,0.0287645;1.57788,1.25034,1.56934
-0.352684,-0.235499,0.038484;1.25461,1.0927,1.88313
-0.354449,-0.235173,0.0348652;1.27336,1.14948,1.852
-0.347684,-0.238661,0.0286002;1.57668,1.20677,1.56701
-0.347945,-0.238848,0.0287584;1.54827,1.20225,1.59144
-0.348719,-0.238981,0.0285816;1.57038,1.165,1.57127
-0.348637,-0.23879,0.0286253;1.57168,1.12957,1.57255
-0.379625,-0.220575,0.037875;1.37089,0.949813,1.76607
-0.39024,-0.215469,0.0379171;1.27876,0.98781,1.83337
-0.382267,-0.222549,0.0291443;1.53955,1.03769,1.6023
-0.381634,-0.223636,0.0288294;1.54815,1.04791,1.58953
-0.382213,-0.223865,0.0285896;1.57028,1.00016,1.57144
-0.382378,-0.22351,0.0285825;1.57111,0.971952,1.57086
-0.406852,-0.202627,0.0368736;1.42857,0.801243,1.70161
-0.417464,-0.194321,0.039104;1.31565,0.834981,1.78598
-0.411651,-0.200938,0.032996;1.44715,0.878013,1.68092
-0.409403,-0.205816,0.0288164;1.55339,0.871089,1.58407
-0.410099,-0.206114,0.0286739;1.56414,0.824481,1.57573
-0.41019,-0.205897,0.0285858;1.57044,0.795717,1.5729
-0.426914,-0.183279,0.034814;1.49176,0.630704,1.64064
-0.438748,-0.171029,0.0387277;1.37957,0.624359,1.71011
-0.434085,-0.173059,0.0369621;1.3809,0.685176,1.71536
-0.429827,-0.184604,0.0289752;1.54922,0.683548,1.58695
-0.430131,-0.185005,0.0287415;1.56221,0.662206,1.57513
-0.430365,-0.184853,0.0285736;1.57066,0.641715,1.57106
-0.435723,-0.170109,0.0319277;1.56763,0.520275,1.59777
-0.450891,-0.146275,0.0397934;1.41389,0.426093,1.67385
-0.454104,-0.13896,0.0396022;1.37038,0.467461,1.69304
-0.450849,-0.15471,0.0288355;1.5695,0.500491,1.58251
-0.451114,-0.154867,0.0288361;1.55676,0.488789,1.57747
-0.451555,-0.154397,0.0287807;1.56148,0.456309,1.57372
-0.451317,-0.150668,0.030233;1.57725,0.383906,1.58924
-0.458468,-0.127658,0.036084;1.49097,0.284714,1.62404
-0.466149,-0.109819,0.0400603;1.39776,0.254588,1.65011
-0.463852,-0.123169,0.0313016;1.52786,0.324002,1.60471
-0.463996,-0.1253,0.0290184;1.55254,0.314883,1.58041
-0.464502,-0.125601,0.0287823;1.56058,0.298054,1.57385
-0.46439,-0.124984,0.029459;1.57142,0.249246,1.59028
-0.465283,-0.109421,0.0331595;1.54578,0.164951,1.60823
-0.470732,-0.0819493,0.0412469;1.41189,0.0663313,1.62734
-0.471876,-0.0834641,0.0368723;1.42252,0.145621,1.6165
-0.474451,-0.0916447,0.0290159;1.56415,0.124396,1.58748
-0.474772,-0.0915583,0.0290453;1.55064,0.110867,1.57606
-0.47512,-0.0921921,0.0290008;1.57232,0.0514929,1.58497
-0.473072,-0.0824547,0.031669;1.57104,-0.0146015,1.60237
-0.472638,-0.0550932,0.0401607;1.42909,-0.123238,1.59491
-0.470468,-0.0528813,0.0374035;1.41878,-0.0354223,1.59387
-0.474917,-0.0607101,0.0318696;1.50924,-0.0570481,1.58629
-0.477154,-0.0633527,0.0292415;1.54451,-0.0901971,1.57483
-0.478168,-0.0644517,0.0287626;1.57253,-0.160703,1.58187
-0.474221,-0.0563248,0.0310879;1.57996,-0.223026,1.59955
-0.467344,-0.0291881,0.0387383;1.44494,-0.33138,1.56601
-0.464016,-0.0242836,0.0379539;1.40604,-0.246209,1.55977
-0.469259,-0.0334845,0.0320884;1.51621,-0.242573,1.58288
-0.471164,-0.03549,0.0292902;1.54274,-0.262501,1.571
-0.47229,-0.0364758,0.0288164;1.57242,-0.303951,1.58417
-0.470295,-0.0348158,0.0302788;1.57404,-0.340238,1.59907
-0.460616,-0.0159376,0.0354047;1.50351,-0.434679,1.57755
-0.448349,0.00831199,0.0401742;1.35792,-0.440845,1.51484
-0.453073,-0.00113381,0.0376415;1.39883,-0.400901,1.53242
-0.459976,-0.00654993,0.0302651;1.53561,-0.43088,1.57508
-0.463276,-0.00734582,0.0289248;1.55574,-0.491576,1.56712
-0.463288,-0.00760255,0.0291123;1.57272,-0.507177,1.59052
-0.456476,-0.00147493,0.0318783;1.57578,-0.569138,1.61136
-0.430941,0.0336833,0.0413505;1.32496,-0.660192,1.45715
-0.432432,0.0256667,0.0396606;1.34336,-0.597505,1.47418
-0.440228,0.019106,0.0357394;1.42296,-0.5851,1.51584
-0.448259,0.016374,0.0291317;1.54261,-0.655978,1.55824
-0.448899,0.0158467,0.0288772;1.57214,-0.67618,1.58686
-0.446693,0.016116,0.0302888;1.57333,-0.70176,1.60223
-0.413335,0.0475812,0.041679;1.30361,-0.864086,1.4125
-0.408557,0.0491555,0.0410205;1.28447,-0.803674,1.39777
-0.416513,0.0422903,0.0382306;1.33171,-0.77054,1.43162
-0.429537,0.039862,0.0292813;1.52977,-0.849912,1.54716
-0.431236,0.0395996,0.0287283;1.56377,-0.900831,1.56803
-0.430801,0.0395717,0.0290714;1.57401,-0.917403,1.5893
-0.396171,0.0594235,0.0403757;1.26612,-1.07929,1.34288
-0.385586,0.0648195,0.040606;1.19214,-1.02024,1.27717
-0.39322,0.0582146,0.0373903;1.29297,-0.988695,1.3657
-0.405775,0.0580938,0.0292819;1.51554,-1.04496,1.52964
-0.407307,0.0583341,0.028696;1.56387,-1.09205,1.56696
-0.407384,0.0583475,0.0288538;1.57422,-1.11251,1.58632
-0.407384,0.0583475,0.0288538;1.57422,-1.11251,1.58632
-0.397672,0.0601104,0.0313877;1.58654,-1.17578,1.61491
-0.397672,0.0601104,0.0313877;1.58654,-1.17578,1.61491
