0,0,0.11;-1.57,-2.98023e-08,-1.57
0,0,0.11;-1.57,-2.98023e-08,-1.57
0,0,0.11;-1.57,-2.98023e-08,-1.57
-0.000124515,0.00104489,0.028597;-1.57185,-0.260096,-1.57015
-8.73783e-05,0.000743578,0.0286214;-1.57068,-0.264197,-1.57279
4.92867e-05,-0.0007149,0.0288663;-1.57144,-0.248744,-1.58497
-0.000552816,-0.00525908,0.0306366;-1.56264,-0.174334,-1.59072
-0.00445911,-0.00289351,0.0314654;-1.53001,-0.222065,-1.54105
-0.00367397,0.000276458,0.032954;-1.5286,-0.22234,-1.51871
-0.00385981,-0.000102169,0.0321555;-1.53916,-0.237932,-1.52258
-0.00669383,-0.00870452,0.0289108;-1.56536,-0.318545,-1.55841
-0.00685141,-0.0104198,0.0287332;-1.57604,-0.301977,-1.57592
-0.00569516,-0.0146336,0.0296605;-1.57487,-0.23122,-1.59479
-0.00358048,-0.0188724,0.0316343;-1.55612,-0.139104,-1.61364
-0.0039453,-0.0151177,0.029102;-1.56632,-0.137085,-1.57983
-0.00346668,-0.0146591,0.0285974;-1.57006,-0.118959,-1.57035
-0.00324893,-0.0148358,0.0286869;-1.57088,-0.123373,-1.56567
-0.00303493,-0.0148687,0.0288017;-1.56273,-0.0990236,-1.56726
-0.00281918,-0.0152147,0.029031;-1.54974,-0.0966412,-1.57002
0.000424511,-0.0195131,0.0341373;-1.483,-0.0215704,-1.58614
-0.00296,-0.017128,0.0309947;-1.53152,-0.0697058,-1.58379
-0.00399814,-0.0158597,0.0291709;-1.54914,-0.0871912,-1.57544
-0.00561288,-0.0141579,0.0286728;-1.57091,-0.177212,-1.56628
-0.0057425,-0.0146499,0.0285836;-1.57067,-0.200761,-1.57152
-0.00571764,-0.0148642,0.0287441;-1.57068,-0.197295,-1.57853
-0.00547468,-0.0144242,0.0290462;-1.56845,-0.190358,-1.58435
-0.00497452,-0.0115547,0.0290511;-1.57623,-0.199862,-1.58947
-0.00484654,-0.011212,0.0287748;-1.56457,-0.197856,-1.57274
-0.00537665,-0.0110454,0.0289031;-1.55491,-0.216279,-1.56716
-0.0057609,-0.0106201,0.0285789;-1.5708,-0.236301,-1.57072
-0.00596514,-0.00975245,0.0287768;-1.57073,-0.277367,-1.58018
-0.00572198,-0.0118148,0.0292472;-1.57918,-0.247852,-1.58924
-0.00675251,-0.0160197,0.0300481;-1.57134,-0.216844,-1.59865
-0.00952297,-0.018412,0.0291524;-1.56415,-0.242114,-1.57775
-0.0100554,-0.0151182,0.0292971;-1.5586,-0.242011,-1.56007
-0.0102391,-0.0111236,0.0303138;-1.54073,-0.210602,-1.5513
-0.0103569,-0.00870537,0.028581;-1.57093,-0.230863,-1.57089
-0.0106468,-0.0095787,0.0294003;-1.5864,-0.215308,-1.59264
-0.0117298,-0.0150675,0.0325114;-1.57732,-0.156158,-1.62793
-0.0134344,-0.026466,0.0330655;-1.56641,-0.043077,-1.63713
-0.0136768,-0.0291932,0.0318677;-1.55583,-0.0412195,-1.61446
-0.0135322,-0.0303975,0.0303217;-1.55213,-0.0137454,-1.58413
-0.0132402,-0.0252645,0.028947;-1.57965,-0.0583346,-1.57998
-0.011365,-0.0209102,0.0290411;-1.57914,-0.118016,-1.58588
-0.00932764,-0.018135,0.0309607;-1.60718,-0.14486,-1.58997
-0.0110015,-0.0187861,0.0330837;-1.52709,-0.0672901,-1.60207
-0.0106266,-0.017119,0.033598;-1.52568,-0.0661124,-1.6102
-0.0135944,-0.0156739,0.0306929;-1.56179,-0.108912,-1.59474
-0.0144849,-0.0112292,0.0295353;-1.57733,-0.122763,-1.59157
-0.0128444,-0.00624396,0.0317657;-1.58073,-0.15834,-1.61359
-0.0109875,-0.00443837,0.0343232;-1.60906,-0.186644,-1.62653
-0.00683134,0.000584294,0.0332946;-1.61108,-0.249582,-1.62468
-0.00680548,0.000790236,0.0321021;-1.62781,-0.256739,-1.60259
-0.00857321,-0.00190657,0.0304634;-1.61119,-0.251988,-1.58677
-0.0107672,-0.00566673,0.030953;-1.58542,-0.240517,-1.60163
-0.0101683,-0.00648487,0.0323188;-1.58558,-0.217852,-1.6215
-0.00967224,-0.00747649,0.0331898;-1.58685,-0.189029,-1.63176
-0.0043612,0.00772606,0.0336933;-1.66134,-0.218252,-1.60932
-0.00622875,0.0111178,0.0347263;-1.70129,-0.19345,-1.59932
-0.0080565,0.0110223,0.0343701;-1.69389,-0.167765,-1.59415
-0.00627698,0.00184099,0.0307878;-1.57249,-0.167532,-1.6078
-0.00729069,-0.00212707,0.0326043;-1.58866,-0.155776,-1.62502
-0.00867653,-0.00784753,0.0331479;-1.59451,-0.129093,-1.63069
-0.00592892,-0.00787698,0.0327764;-1.60926,-0.218464,-1.61911
-0.00729546,-0.00832824,0.0330165;-1.60813,-0.195481,-1.61662
-0.00816104,-0.00518361,0.0311492;-1.58634,-0.166299,-1.60225
-0.00587736,-0.0112245,0.0313779;-1.56657,-0.0323568,-1.61614
-0.0059559,-0.0128365,0.0311992;-1.56469,-0.0299549,-1.6134
-0.00558226,-0.0152316,0.031357;-1.56914,-0.0146373,-1.61884
-0.0048364,-0.0161499,0.0323448;-1.5702,-0.0390474,-1.62839
-0.00408809,-0.00425451,0.0329375;-1.56116,-0.079137,-1.62776
-0.00296217,0.00707881,0.0311376;-1.57388,-0.0891624,-1.61248
-0.00251344,0.0116047,0.0290306;-1.56531,-0.113885,-1.58637
-0.00352594,0.0127447,0.0289071;-1.56541,-0.120889,-1.58036
-0.00371451,0.0125677,0.0292849;-1.56536,-0.110872,-1.5836
-0.00185588,0.0104832,0.032744;-1.5741,-0.0614583,-1.62689
-0.000853116,0.0119194,0.0329473;-1.56985,-0.074484,-1.6353
-0.000335663,0.0129759,0.0326477;-1.58099,-0.075125,-1.62834
0.00205537,0.0222589,0.029124;-1.58771,-0.148389,-1.57912
0.00205755,0.0223719,0.0289758;-1.58855,-0.139747,-1.57496
0.00153701,0.0218886,0.0286624;-1.5705,-0.121348,-1.57486
0.00263031,0.0184665,0.0305634;-1.58868,-0.130406,-1.60094
0.00342043,0.0135577,0.0315182;-1.60019,-0.139417,-1.60628
0.00505891,0.00663216,0.0330273;-1.6095,-0.16453,-1.61646
0.00517824,0.000546098,0.028668;-1.57206,-0.290553,-1.57509
0.00460896,0.000205817,0.0286391;-1.57104,-0.236605,-1.56755
0.004072,0.000687441,0.0287278;-1.57114,-0.192937,-1.56377
0.00225921,-0.00399242,0.0292839;-1.58297,-0.0863243,-1.58543
0.00300576,-0.00960114,0.0315629;-1.56549,-0.0328847,-1.6204
0.00447617,-0.0112526,0.0339327;-1.56567,-0.00922109,-1.64963
0.00258714,-0.00939281,0.0319009;-1.56914,-0.0484968,-1.62251
0.0023667,-0.00950533,0.0292626;-1.57177,-0.0457499,-1.5884
0.00248188,-0.00982876,0.028704;-1.57065,-0.0394492,-1.57667
0.00267608,-0.0103035,0.0286291;-1.57219,-0.021439,-1.57168
0.0029338,-0.00912053,0.0297614;-1.59347,0.00464724,-1.58142
0.00364302,-0.00560065,0.0332236;-1.63668,0.0232557,-1.59238
0.00637965,0.00391064,0.031503;-1.56077,-0.0314084,-1.61905
0.00563935,0.00616636,0.0297549;-1.57033,-0.0706747,-1.59483
0.0054788,0.00856794,0.0291459;-1.57284,-0.101433,-1.58662
0.00551778,0.00906324,0.0289757;-1.57759,-0.114694,-1.5836
0.00585935,0.0061896,0.0302087;-1.5899,-0.0997821,-1.59454
0.00549062,0.00433835,0.0319984;-1.60935,-0.0897153,-1.60485
0.00476781,0.00400435,0.0328793;-1.6246,-0.0805041,-1.60538
0.0075656,0.0060288,0.030687;-1.57863,-0.165392,-1.60494
0.00827502,0.00921617,0.029014;-1.5759,-0.210608,-1.58729
0.00781481,0.00965522,0.0291806;-1.58816,-0.22932,-1.58654
0.0069448,0.00712788,0.0293655;-1.58625,-0.196132,-1.58898
0.00585478,0.00365845,0.031104;-1.5804,-0.144253,-1.60911
0.00443735,0.00073149,0.0321409;-1.58576,-0.102302,-1.61399
0.00350541,0.000124381,0.0319651;-1.56044,-0.00342859,-1.62074
0.00352841,0.00105958,0.0306906;-1.57162,0.0246349,-1.60536
0.002587,0.000368384,0.0296053;-1.57262,0.0533247,-1.59149
0.00231737,-0.00119304,0.0298569;-1.56745,0.052239,-1.59636
0.00332657,-0.000701921,0.0299363;-1.57833,0.027523,-1.59493
0.00427906,-0.000640763,0.0321179;-1.58964,0.0127313,-1.61512
0.00446,0.00342987,0.0324149;-1.55801,0.0448704,-1.62808
0.00489787,0.00243721,0.0323837;-1.55684,0.0665618,-1.6266
0.00503349,0.00391946,0.0335634;-1.50532,0.0534545,-1.61175
0.00436632,0.00659205,0.0313846;-1.5551,0.037296,-1.61534
0.00344611,0.00933258,0.0302569;-1.56964,-0.0018512,-1.59973
0.00388404,0.0106452,0.0298827;-1.59487,-0.0296257,-1.58026
0.00403311,0.0176805,0.0313627;-1.61346,-0.0636164,-1.57821
0.00441641,0.0186554,0.0317566;-1.61734,-0.0638853,-1.58583
0.00702125,0.0179102,0.0310733;-1.56354,-0.0496444,-1.59673
0.00694018,0.0276774,0.0305964;-1.5984,-0.0908942,-1.58661
0.00811347,0.0323591,0.0303188;-1.60644,-0.115472,-1.58417
0.00938643,0.0336625,0.030155;-1.60769,-0.125241,-1.58104
0.00897153,0.035577,0.0299049;-1.60608,-0.130485,-1.57526
0.00841575,0.0372541,0.0313472;-1.60113,-0.121,-1.55408
0.00694989,0.0377751,0.033198;-1.60395,-0.109207,-1.52919
0.00659155,0.0412802,0.0345709;-1.63897,-0.0262987,-1.54914
0.00875324,0.0446959,0.0320977;-1.63657,-0.0512667,-1.58216
0.0105455,0.0429106,0.0304274;-1.60723,-0.0718198,-1.58322
0.0105173,0.0427891,0.0296049;-1.6015,-0.104581,-1.57597
0.00921693,0.0408979,0.0298777;-1.59577,-0.113231,-1.57476
0.0084149,0.0372157,0.0295719;-1.58085,-0.117884,-1.57063
0.00337486,0.0260912,0.0304871;-1.57297,0.0117754,-1.57596
-0.000661574,0.0161305,0.0348973;-1.52844,0.0181698,-1.56641
-0.00317266,0.00834591,0.0395985;-1.47289,0.038568,-1.5609
-0.0127113,-0.00279021,0.0385926;-1.46817,0.0343739,-1.51251
-0.0164593,0.000217014,0.0351444;-1.57466,-0.0173136,-1.47293
-0.0153666,0.00242953,0.0370958;-1.55086,-0.00981555,-1.46104
-0.0121363,0.00521113,0.0337554;-1.54404,0.00549635,-1.50268
-0.0126853,0.00220781,0.0319434;-1.56124,-0.0373196,-1.51958
-0.0137614,-0.000381836,0.0311182;-1.56899,-0.0653507,-1.52885
-0.014591,-0.00571261,0.0333506;-1.61004,-0.10774,-1.53236
-0.0182266,-0.00413774,0.0345798;-1.59954,-0.114847,-1.5083
-0.0199397,-0.000917133,0.0339743;-1.56272,-0.0983503,-1.49567
-0.0225576,0.00636708,0.0352939;-1.55363,-0.0868063,-1.47863
-0.0230637,0.0092784,0.0367343;-1.58158,-0.0837067,-1.46033
-0.017243,0.00994912,0.0385869;-1.62493,-0.134018,-1.47533
-0.00484911,0.0145471,0.0341038;-1.58099,-0.221604,-1.50032
-5.88522e-05,0.022612,0.0338272;-1.59849,-0.201445,-1.52022
-0.000780478,0.0262111,0.0341274;-1.59454,-0.177663,-1.51152
-0.00127082,0.0256748,0.0318549;-1.58297,-0.201652,-1.5269
-0.000989639,0.0239808,0.0311633;-1.5835,-0.223375,-1.539
-0.00201089,0.023548,0.0312195;-1.58344,-0.223882,-1.53971
-0.00556927,0.0227506,0.0334677;-1.62156,-0.162152,-1.54146
-0.00733807,0.0214227,0.036886;-1.65164,-0.160598,-1.5227
-0.00871615,0.021738,0.0382953;-1.6634,-0.146704,-1.51218
-0.0145805,0.0188255,0.0370581;-1.62285,-0.137276,-1.49459
-0.0153603,0.0166099,0.0380108;-1.61872,-0.139513,-1.48047
-0.0140743,0.0168915,0.0384168;-1.63655,-0.143505,-1.48802
-0.0111341,0.0142929,0.037799;-1.69635,-0.121628,-1.54612
-0.00997333,0.0130318,0.0374681;-1.7116,-0.113038,-1.55545
-0.00981104,0.0101196,0.0361799;-1.67803,-0.127189,-1.5548
-0.0109321,0.0110238,0.033588;-1.63333,-0.112402,-1.54994
-0.0111903,0.0104207,0.0309746;-1.60233,-0.111324,-1.55723
-0.0114619,0.00902542,0.0302691;-1.6029,-0.118076,-1.56347
-0.0129651,0.00866536,0.0330132;-1.66084,-0.106138,-1.58539
-0.0129715,0.00919242,0.0357414;-1.71077,-0.106842,-1.58817
-0.0116241,0.00948784,0.0389533;-1.75297,-0.124686,-1.57843
-0.0137859,0.0120091,0.0424254;-1.72176,-0.131137,-1.50973
-0.0131286,0.0110471,0.0418096;-1.68589,-0.160907,-1.48924
-0.0129435,0.0124918,0.0404694;-1.64983,-0.145659,-1.47498
-0.0039971,0.031074,0.038672;-1.70939,-0.0214981,-1.53066
-0.0014019,0.0388505,0.0373769;-1.74608,0.0631192,-1.56586
-0.00116228,0.0385409,0.038514;-1.75416,0.0876642,-1.57257
0.00186221,0.0420454,0.0346365;-1.64795,0.0314725,-1.60738
0.00405539,0.0431745,0.032497;-1.63462,-0.0168025,-1.59753
0.00485342,0.0434284,0.0327287;-1.66073,-0.0372628,-1.57612
0.00485342,0.0434284,0.0327287;-1.66073,-0.0372628,-1.57612
0.00434255,0.0407211,0.0344646;-1.68683,-0.0607003,-1.56556
0.00434255,0.0407211,0.0344646;-1.68683,-0.0607003,-1.56556
