0,0,0.11;-1.57,-2.98023e-08,-1.57
0,0,0.11;-1.57,-2.98023e-08,-1.57
0,0,0.11;-1.57,-2.98023e-08,-1.57
-0.000466839,-8.57871e-05,0.0286383;-1.56879,-0.186502,-1.56934
-0.000732655,-0.000774227,0.0285791;-1.57059,-0.184945,-1.5708
-0.000880278,-0.00104181,0.0286153;-1.57195,-0.176543,-1.57168
-0.00141118,-0.00480056,0.0299521;-1.54553,-0.113798,-1.56099
-0.00608787,-0.00908087,0.0308659;-1.51396,-0.179155,-1.55289
-0.00701331,-0.0099382,0.0292441;-1.54793,-0.223536,-1.55574
-0.00693132,-0.0099278,0.0290634;-1.55475,-0.234429,-1.55927
-0.0067578,-0.00929028,0.0287309;-1.56624,-0.22585,-1.56624
-0.00604925,-0.00990006,0.0292005;-1.56525,-0.205703,-1.56497
-0.00593283,-0.0132008,0.0295265;-1.58326,-0.154934,-1.57234
0.000254581,-0.0197079,0.0312932;-1.56117,0.00561222,-1.58618
-0.0004275,-0.0187066,0.0333144;-1.4867,0.0110977,-1.55786
-0.00292206,-0.014819,0.0295591;-1.5521,-0.0306504,-1.56047
0.000129063,-0.00115074,0.0308388;-1.56232,0.0423542,-1.53451
0.00138243,0.00206816,0.0318083;-1.56182,0.0892746,-1.5239
0.00205904,0.00361481,0.0318835;-1.56807,0.106874,-1.52002
0.00305177,0.00680557,0.0292561;-1.59204,0.245639,-1.56582
0.00188056,0.00502054,0.0292106;-1.56485,0.302915,-1.58305
0.00122718,0.00241814,0.0293816;-1.57718,0.347818,-1.57565
0.00107904,0.00647034,0.0287406;-1.57036,0.27115,-1.57822
0.00125464,0.00750103,0.0288886;-1.5635,0.246869,-1.5802
0.00122412,0.00606222,0.0290154;-1.56018,0.269456,-1.58405
-0.000682664,0.000286364,0.0296745;-1.57149,0.330118,-1.59335
-0.00180658,-0.00319447,0.0314131;-1.56631,0.358892,-1.6167
-0.00170148,-0.00443721,0.035193;-1.60897,0.305654,-1.61585
-0.00136165,-0.00247708,0.0352261;-1.65395,0.277388,-1.587
0.00104233,-0.00110715,0.0334569;-1.64073,0.242861,-1.58305
-0.000790746,-0.00742508,0.0297892;-1.56515,0.232554,-1.59565
-0.0063577,-0.0173696,0.0298241;-1.56435,0.320916,-1.59689
-0.0084949,-0.0234214,0.0299115;-1.55419,0.377233,-1.59912
-0.0114172,-0.0242564,0.0327057;-1.53777,0.36195,-1.62837
-0.012942,-0.0233106,0.0353394;-1.46446,0.332281,-1.63663
-0.0163912,-0.0215812,0.0368633;-1.42248,0.30712,-1.63559
-0.0172823,-0.0190014,0.0304646;-1.52275,0.288996,-1.58722
-0.0164503,-0.017958,0.0290955;-1.55066,0.283108,-1.58175
-0.0153905,-0.0171451,0.0291564;-1.56497,0.281089,-1.57757
-0.0129614,-0.0206239,0.0300528;-1.57377,0.357665,-1.59716
-0.0113518,-0.02932,0.0332039;-1.55615,0.459369,-1.64184
-0.00947196,-0.0330122,0.034709;-1.54866,0.504031,-1.66162
-0.0121298,-0.0326976,0.0339276;-1.5353,0.564151,-1.65129
-0.0115965,-0.0275421,0.0295504;-1.57633,0.54947,-1.57703
-0.0083123,-0.0188334,0.0292404;-1.56922,0.488108,-1.56294
-0.00680408,-0.0142524,0.0303406;-1.54844,0.479712,-1.56082
-0.00593363,-0.0145703,0.0304632;-1.55851,0.532019,-1.56875
-0.00645281,-0.0188691,0.0304267;-1.57065,0.592487,-1.58078
-0.0120669,-0.0287141,0.0337966;-1.57212,0.691013,-1.61735
-0.0168764,-0.0306652,0.032465;-1.55755,0.736807,-1.61409
-0.0191853,-0.0294024,0.0296858;-1.57085,0.74102,-1.57359
-0.0161791,-0.0121029,0.028937;-1.57715,0.586475,-1.55936
-0.0162654,-0.0118286,0.0291932;-1.58331,0.591674,-1.55721
-0.0165179,-0.0119626,0.0301831;-1.58082,0.608355,-1.55208
-0.0176105,-0.029696,0.0366946;-1.64702,0.573924,-1.50125
-0.0258083,-0.0492399,0.0364612;-1.64103,0.519785,-1.53758
-0.0350927,-0.0624364,0.0298898;-1.57387,0.502566,-1.57785
-0.0472819,-0.0696488,0.0326764;-1.64649,0.375179,-1.52869
-0.0455472,-0.0669815,0.030769;-1.6121,0.259321,-1.55411
-0.0438767,-0.0630632,0.0294296;-1.59064,0.184133,-1.57133
-0.0462766,-0.0694794,0.0322538;-1.56618,0.187053,-1.62433
-0.0468994,-0.077071,0.0340287;-1.54031,0.234277,-1.64219
-0.0467885,-0.0871952,0.0366362;-1.48796,0.313679,-1.65924
-0.0471109,-0.0953678,0.0375308;-1.45626,0.382419,-1.67225
-0.0449885,-0.0908183,0.0392493;-1.41523,0.341584,-1.67405
-0.0434373,-0.0874971,0.0418511;-1.37553,0.299626,-1.69062
-0.0423451,-0.085989,0.0446841;-1.31753,0.335597,-1.70485
-0.0433077,-0.0891393,0.044112;-1.29062,0.391719,-1.70453
-0.042688,-0.0941329,0.042342;-1.288,0.449722,-1.6983
-0.0462383,-0.0957384,0.0426716;-1.30395,0.476596,-1.66596
-0.0475194,-0.0935076,0.0447225;-1.29306,0.462201,-1.65433
-0.0562913,-0.0932172,0.0458548;-1.24927,0.422924,-1.68179
-0.0541493,-0.0714361,0.0488861;-1.18362,0.316657,-1.69659
-0.0491237,-0.0627471,0.0518891;-1.25501,0.397627,-1.65311
-0.0397715,-0.0568701,0.0531332;-1.29498,0.506534,-1.63525
-0.0383214,-0.0549257,0.0501672;-1.39912,0.763752,-1.56946
-0.0410388,-0.0515621,0.0485893;-1.44535,0.685712,-1.53917
-0.0404543,-0.0420507,0.050752;-1.44472,0.552,-1.545
-0.030304,-0.0378137,0.0469259;-1.46271,0.315305,-1.56249
-0.0283907,-0.0488776,0.0476227;-1.40729,0.330665,-1.57859
-0.0293773,-0.0619806,0.0466991;-1.34844,0.360369,-1.59633
-0.034446,-0.091456,0.0425849;-1.31116,0.397577,-1.64972
-0.0359087,-0.0976529,0.0415725;-1.35268,0.366773,-1.62766
-0.036152,-0.101078,0.0339314;-1.45483,0.398295,-1.60487
-0.0395518,-0.0999393,0.0301522;-1.53238,0.340213,-1.57053
-0.0411121,-0.0985539,0.0321922;-1.52669,0.342554,-1.55781
-0.0427091,-0.0971111,0.0345036;-1.49828,0.344401,-1.55953
-0.0483514,-0.0926225,0.0386165;-1.52704,0.429893,-1.4905
-0.0523117,-0.0968329,0.0371208;-1.51351,0.420387,-1.52194
-0.0538389,-0.0986817,0.0356173;-1.50056,0.409928,-1.5422
-0.0501992,-0.0955357,0.0375953;-1.42936,0.348325,-1.58254
-0.0437699,-0.0890917,0.0401222;-1.37286,0.339649,-1.62658
-0.0385569,-0.0834777,0.0422203;-1.3596,0.342192,-1.62387
-0.0312728,-0.0760654,0.0478658;-1.35196,0.350785,-1.62806
-0.0337905,-0.080215,0.0507897;-1.35399,0.333783,-1.626
-0.0389452,-0.0906475,0.0453183;-1.27218,0.371281,-1.67506
-0.0422789,-0.0926988,0.0403688;-1.35942,0.361313,-1.61406
-0.0300676,-0.0886065,0.0430909;-1.32167,0.3587,-1.65249
-0.0308606,-0.0954765,0.0446088;-1.25865,0.403462,-1.7115
-0.0304166,-0.0982366,0.0449431;-1.25303,0.423481,-1.72944
-0.0272966,-0.0958957,0.0419209;-1.35448,0.41782,-1.71212
-0.0283099,-0.100177,0.0435383;-1.33096,0.433755,-1.73492
-0.0291595,-0.104599,0.0428605;-1.32741,0.476272,-1.72977
-0.0285705,-0.10135,0.0424792;-1.33094,0.4754,-1.71746
-0.0303272,-0.102549,0.0450249;-1.27839,0.470442,-1.74425
-0.0335084,-0.108353,0.0436259;-1.24632,0.512131,-1.74241
-0.0369811,-0.11123,0.0426342;-1.27011,0.480005,-1.72262
-0.0386431,-0.11157,0.0422289;-1.30401,0.482744,-1.70579
-0.0403884,-0.115206,0.042865;-1.30434,0.467191,-1.7321
-0.048576,-0.121022,0.0452643;-1.29263,0.492444,-1.7639
-0.0495037,-0.116601,0.0438967;-1.34551,0.459948,-1.73999
-0.0498321,-0.114406,0.0426122;-1.35907,0.452899,-1.71948
-0.0507964,-0.120001,0.0469258;-1.3794,0.4824,-1.71534
-0.0422158,-0.120928,0.0535108;-1.52286,0.514551,-1.62925
-0.038726,-0.122039,0.055568;-1.58779,0.520145,-1.58736
-0.0417899,-0.11657,0.0558728;-1.62095,0.452276,-1.56572
-0.0394039,-0.115729,0.0595276;-1.66538,0.452154,-1.52686
-0.0424082,-0.116108,0.060015;-1.67136,0.447103,-1.52522
-0.0693943,-0.130878,0.0506783;-1.47449,0.479462,-1.64207
-0.0856632,-0.132745,0.0434275;-1.29584,0.464804,-1.71822
-0.0871464,-0.123898,0.0434034;-1.29641,0.412812,-1.70366
-0.0750418,-0.110019,0.0490795;-1.5742,0.448865,-1.51043
-0.0733203,-0.112668,0.0502635;-1.49934,0.451297,-1.56891
-0.0735734,-0.111368,0.0501182;-1.37577,0.423797,-1.64939
-0.0799155,-0.126401,0.0498114;-1.24628,0.457432,-1.75516
-0.0858056,-0.128863,0.0513027;-1.1686,0.423526,-1.81635
-0.0824606,-0.127266,0.054032;-1.20456,0.399042,-1.80919
-0.0580819,-0.103918,0.0563599;-1.64176,0.43363,-1.51294
-0.0464953,-0.0927138,0.0559205;-1.85359,0.380369,-1.36956
-0.039877,-0.0847534,0.0551194;-1.94545,0.368518,-1.30131
-0.0397257,-0.080219,0.0576228;-2.16912,0.417928,-1.21986
-0.0428568,-0.0784548,0.0628796;-2.4367,0.409967,-1.1171
-0.045727,-0.0741977,0.0685449;-2.55325,0.449198,-1.05316
-0.0502766,-0.0850671,0.0533961;-2.07182,0.504768,-1.25432
-0.0514874,-0.0923108,0.0491713;-1.93095,0.464192,-1.34903
-0.0462786,-0.085563,0.0493335;-1.94857,0.470696,-1.32213
-0.047127,-0.0856671,0.0525977;-1.99647,0.518239,-1.28473
-0.0545439,-0.0913049,0.0610229;-1.92322,0.597365,-1.34799
-0.0726345,-0.109954,0.0634244;-1.69896,0.696818,-1.50294
-0.0992582,-0.137566,0.0435315;-1.18772,0.66713,-1.81856
-0.0946628,-0.133651,0.0445671;-1.19812,0.616849,-1.81246
-0.0917065,-0.132163,0.0467724;-1.18076,0.573875,-1.83177
-0.0853125,-0.135187,0.0469185;-1.18584,0.685751,-1.8594
-0.0845068,-0.139896,0.0471145;-1.16604,0.826442,-1.87029
-0.0864105,-0.142168,0.0452113;-1.10136,0.934167,-1.91004
-0.065942,-0.134707,0.0460926;-1.18706,0.999752,-1.86931
-0.0508792,-0.125276,0.048157;-1.10691,1.00233,-1.95978
-0.039389,-0.112261,0.0541904;-1.22893,1.0641,-1.88069
-0.0334113,-0.102586,0.0573364;-1.53783,1.13244,-1.61351
-0.0333705,-0.102746,0.0563895;-1.53066,1.15253,-1.63014
-0.0360066,-0.106642,0.0573266;-1.53083,1.16835,-1.62736
-0.0381534,-0.117281,0.0611316;-1.49674,1.30496,-1.6504
-0.040808,-0.115752,0.0588117;-1.29551,1.33025,-1.83042
-0.0434692,-0.114022,0.0545624;-1.10964,1.32202,-1.9886
-0.0508774,-0.117205,0.0486773;-0.657666,1.23184,-2.36311
-0.0525321,-0.115809,0.0467116;-0.697505,1.21153,-2.34491
-0.0498456,-0.116139,0.0450022;-0.732118,1.24961,-2.31139
-0.0510355,-0.122209,0.0447802;-0.620832,1.29615,-2.42287
-0.0550297,-0.12193,0.0444943;-0.70882,1.24173,-2.34569
-0.0584651,-0.121708,0.0437576;-0.767296,1.19891,-2.29896
-0.0612368,-0.120259,0.0420515;-0.912969,1.1076,-2.17421
-0.0589423,-0.118105,0.0392088;-1.07013,1.12663,-2.0355
-0.0595314,-0.119943,0.0363564;-1.21444,1.18487,-1.92184
-0.0643192,-0.124913,0.0302484;-1.44876,1.27415,-1.69746
-0.0636982,-0.124544,0.0313756;-1.48756,1.26121,-1.68303
-0.060617,-0.121905,0.031969;-1.51172,1.21147,-1.66901
-0.0500605,-0.11362,0.0300975;-1.54993,1.06159,-1.6151
-0.0467594,-0.111559,0.0292466;-1.55865,1.01596,-1.59863
-0.0486457,-0.112094,0.0290399;-1.55794,1.03121,-1.5971
-0.0586193,-0.122503,0.0297098;-1.53469,1.17331,-1.62355
-0.0625174,-0.127744,0.0315556;-1.49917,1.23822,-1.67895
-0.061704,-0.128878,0.0332573;-1.47391,1.23159,-1.72379
-0.0601291,-0.127558,0.0343184;-1.46541,1.20615,-1.73351
-0.0575274,-0.126719,0.0344844;-1.42236,1.16201,-1.76527
-0.0558441,-0.126916,0.0352179;-1.41106,1.14688,-1.77962
-0.0583147,-0.129274,0.0396378;-1.23979,1.14694,-1.9384
-0.0605863,-0.131821,0.0390936;-1.13268,1.16481,-2.00851
-0.061327,-0.132332,0.0394777;-1.05552,1.15014,-2.05979
-0.056965,-0.129993,0.0411853;-1.00129,1.09764,-2.09395
-0.0552258,-0.132206,0.0432458;-0.965098,1.07585,-2.1434
-0.0529076,-0.132455,0.0429581;-1.01727,1.07715,-2.1034
-0.0529076,-0.132455,0.0429581;-1.01727,1.07715,-2.1034
-0.0502554,-0.131478,0.0405528;-1.14393,1.10457,-1.99701
-0.0502554,-0.131478,0.0405528;-1.14393,1.10457,-1.99701
