0,0,0.11;-1.57,-2.98023e-08,-1.57
0,0,0.11;-1.57,-2.98023e-08,-1.57
0,0,0.11;-1.57,-2.98023e-08,-1.57
-4.53992e-06,0.00620881,0.0286317;-1.56824,-0.151319,-1.57008
0.000130693,0.00645163,0.0286424;-1.57071,-0.122296,-1.5678
-0.00164316,0.00233441,0.0299535;-1.56951,-0.0620407,-1.5529
-0.00261418,-0.0313762,0.0354103;-1.445,0.0140617,-1.56193
-0.00298975,-0.0255909,0.0285779;-1.57099,-0.0718458,-1.57083
-0.00285315,-0.0258297,0.0287894;-1.56678,-0.0636666,-1.57662
-0.00285195,-0.025225,0.0287197;-1.57089,-0.0807268,-1.5774
-0.00420591,-0.0284701,0.0289285;-1.57307,-0.00746045,-1.58487
-0.00723526,-0.0351647,0.0301162;-1.59419,0.0443265,-1.57188
-0.010642,-0.0530194,0.0364672;-1.48966,0.112416,-1.57139
-0.0115457,-0.0588779,0.0319986;-1.50329,0.0544062,-1.56556
-0.01175,-0.0557083,0.0286127;-1.57299,0.00382386,-1.56702
-0.0117196,-0.0556665,0.0286684;-1.56511,-0.00350172,-1.57061
-0.0116291,-0.0559012,0.0286061;-1.57057,0.0452654,-1.56937
-0.0125469,-0.057648,0.0291502;-1.566,0.0927801,-1.56247
-0.0172419,-0.0753175,0.0333905;-1.51243,0.187053,-1.56218
-0.0218114,-0.0980294,0.037403;-1.43611,0.219647,-1.5754
-0.022639,-0.0954952,0.0321584;-1.49963,0.158688,-1.57376
-0.0217101,-0.0920527,0.0285542;-1.57094,0.120062,-1.57183
-0.0221067,-0.0936716,0.0288657;-1.57476,0.176992,-1.5797
-0.0236851,-0.0953422,0.028974;-1.57442,0.217607,-1.58529
-0.0274963,-0.101191,0.0312672;-1.60661,0.274551,-1.57188
-0.0330904,-0.112815,0.0362778;-1.53011,0.312995,-1.57472
-0.0350263,-0.115214,0.0294654;-1.5487,0.240842,-1.5683
-0.0341747,-0.114191,0.02876;-1.56197,0.220944,-1.57261
-0.0341321,-0.11429,0.028729;-1.5634,0.233469,-1.57242
-0.034028,-0.114082,0.02858;-1.57083,0.247738,-1.57075
-0.0394943,-0.123832,0.0318438;-1.53986,0.376294,-1.56257
-0.0484964,-0.146892,0.0383941;-1.43725,0.459792,-1.5955
-0.0527543,-0.156088,0.0351911;-1.44434,0.400468,-1.60592
-0.0505508,-0.151446,0.0285782;-1.57117,0.356655,-1.57041
-0.0502218,-0.152007,0.0287156;-1.56996,0.380348,-1.57682
-0.0504148,-0.152411,0.0286986;-1.57072,0.388387,-1.57649
-0.0559357,-0.156887,0.0297783;-1.59601,0.497852,-1.5636
-0.0659878,-0.169649,0.0357603;-1.48918,0.568616,-1.60712
-0.0739324,-0.180736,0.0360669;-1.4231,0.570984,-1.63038
-0.073924,-0.176695,0.0287456;-1.57202,0.464104,-1.56126
-0.0731173,-0.176728,0.0287907;-1.55934,0.491253,-1.57615
-0.0727965,-0.176757,0.0287241;-1.56281,0.509098,-1.57469
-0.0722846,-0.176658,0.0287994;-1.57077,0.570768,-1.5605
-0.0792066,-0.183027,0.0317025;-1.54497,0.656045,-1.56428
-0.0935829,-0.201796,0.0383891;-1.41291,0.753449,-1.64152
-0.0977799,-0.206975,0.0287055;-1.5761,0.661999,-1.55745
-0.0974694,-0.206902,0.0285942;-1.56977,0.666684,-1.57158
-0.0973659,-0.207567,0.0287178;-1.57049,0.688724,-1.5773
-0.0996939,-0.208255,0.029027;-1.6009,0.762469,-1.5505
-0.109015,-0.212129,0.0311766;-1.59692,0.828423,-1.54224
-0.122753,-0.223182,0.0390436;-1.44072,0.902387,-1.65635
-0.123966,-0.224389,0.0287311;-1.59393,0.776573,-1.55405
-0.122947,-0.22452,0.0286574;-1.56682,0.776177,-1.57121
-0.122648,-0.225062,0.0287112;-1.56176,0.805495,-1.57746
-0.122356,-0.225144,0.0288076;-1.57124,0.864405,-1.55929
-0.12831,-0.227275,0.0309158;-1.57621,0.938633,-1.54042
-0.148127,-0.240739,0.03768;-1.35331,1.03967,-1.72571
-0.155732,-0.246203,0.0310998;-1.50284,0.979704,-1.60828
-0.151818,-0.244918,0.0287514;-1.57145,0.932,-1.56189
-0.151364,-0.245379,0.028774;-1.5598,0.963532,-1.58325
-0.153016,-0.246184,0.0288522;-1.57249,1.02037,-1.58175
-0.15656,-0.246468,0.0293227;-1.61367,1.08191,-1.53681
-0.171343,-0.251729,0.0354981;-1.49781,1.15053,-1.63795
-0.182076,-0.253809,0.0354352;-1.31486,1.14173,-1.7772
-0.179256,-0.251988,0.0300798;-1.54445,1.10328,-1.57592
-0.178305,-0.252061,0.0287173;-1.57152,1.07941,-1.56355
-0.178185,-0.252869,0.0285861;-1.57008,1.13364,-1.57181
-0.178204,-0.253002,0.0287289;-1.57123,1.17037,-1.56308
-0.182821,-0.252706,0.0303279;-1.57019,1.23152,-1.55053
-0.21652,-0.259734,0.0405169;-0.914477,1.3017,-2.1649
-0.216205,-0.258978,0.0358282;-1.16912,1.27123,-1.92943
-0.210767,-0.257763,0.0289464;-1.58004,1.26167,-1.54685
-0.21102,-0.258536,0.0287054;-1.57224,1.30153,-1.5758
-0.211575,-0.25854,0.0286855;-1.57713,1.32393,-1.56864
-0.212493,-0.257541,0.0295886;-1.72315,1.35652,-1.41974
-0.2418,-0.257683,0.040888;-0.556229,1.45162,-2.54775
-0.253274,-0.259504,0.0376385;-0.669688,1.37016,-2.45026
-0.242089,-0.26011,0.0285477;-1.63686,1.389,-1.5037
-0.240708,-0.261181,0.0286922;-1.56438,1.40164,-1.58184
-0.24142,-0.261913,0.0286968;-1.52548,1.44484,-1.61555
-0.241316,-0.261691,0.0289882;-1.60887,1.46441,-1.51837
-0.273823,-0.260062,0.0387453;0.265775,1.40846,2.91365
-0.282032,-0.259812,0.0376902;-0.101156,1.41276,-3.01405
-0.275692,-0.259715,0.0287799;-1.56962,1.5167,-1.56264
-0.275256,-0.260872,0.0287235;-1.55421,1.53234,-1.59408
-0.27645,-0.260757,0.0287186;-1.77356,1.56026,-1.37359
-0.277677,-0.259726,0.0294422;2.63384,1.53535,0.505886
-0.298342,-0.255479,0.0418254;1.50669,1.41083,1.64181
-0.309056,-0.254601,0.0376959;0.683588,1.41433,2.46003
-0.302672,-0.252899,0.0297243;1.59939,1.52182,1.56517
-0.299518,-0.254473,0.0287712;1.41472,1.51258,1.72644
-0.299186,-0.255251,0.0286704;1.53758,1.45838,1.60488
-0.299414,-0.255089,0.0286844;1.5708,1.45901,1.57582
-0.32246,-0.247165,0.0335056;1.3515,1.30675,1.80783
-0.337885,-0.241156,0.0378216;1.15525,1.26773,2.01072
-0.335724,-0.240472,0.0369809;1.24194,1.28869,1.9388
-0.326808,-0.244425,0.0287288;1.57043,1.39921,1.57832
-0.32698,-0.245457,0.0288173;1.52166,1.34506,1.61835
-0.326801,-0.245557,0.0288564;1.55925,1.32894,1.5925
-0.326763,-0.243984,0.0306696;1.60773,1.3025,1.56893
-0.360448,-0.226937,0.0407896;1.31211,1.09573,1.87034
-0.367506,-0.223787,0.0383904;1.30162,1.16036,1.8706
-0.360047,-0.23006,0.0303937;1.57779,1.23174,1.59694
-0.358191,-0.233355,0.0287439;1.54878,1.20646,1.59138
-0.35813,-0.233613,0.0288135;1.56452,1.17029,1.58515
-0.358504,-0.232419,0.0302578;1.57928,1.16488,1.59401
-0.382534,-0.214553,0.0402545;1.39529,0.973478,1.78486
-0.394724,-0.207837,0.0389748;1.34589,1.01531,1.81394
-0.389506,-0.213776,0.0308398;1.58501,1.07817,1.59928
-0.387159,-0.218676,0.0287744;1.55102,1.07602,1.58824
-0.387107,-0.219252,0.028756;1.56492,1.03334,1.58148
-0.387359,-0.218253,0.0298295;1.57566,1.02968,1.59189
-0.406074,-0.200208,0.0389781;1.4193,0.853404,1.74446
-0.414298,-0.19139,0.0391929;1.40646,0.86831,1.75698
-0.409042,-0.194305,0.0324984;1.56201,0.953457,1.63317
-0.406922,-0.201141,0.0287689;1.56435,0.965993,1.5815
-0.40688,-0.201173,0.028712;1.55982,0.951141,1.57982
-0.406828,-0.201329,0.0289364;1.56468,0.932862,1.58943
-0.418767,-0.184379,0.0355142;1.50014,0.783854,1.66748
-0.43075,-0.168108,0.039553;1.43243,0.711256,1.72516
-0.430525,-0.16441,0.0369198;1.47728,0.788995,1.69822
-0.423287,-0.179021,0.0287881;1.56779,0.880292,1.58099
-0.423315,-0.17955,0.0286834;1.56577,0.873929,1.57637
-0.423391,-0.180024,0.0287438;1.56576,0.841746,1.57939
-0.424897,-0.174268,0.0323512;1.59372,0.762593,1.60212
-0.4361,-0.158129,0.0374466;1.46019,0.669657,1.69508
-0.441565,-0.146692,0.0388476;1.48153,0.653207,1.69832
-0.436933,-0.159751,0.0306887;1.57353,0.800896,1.60235
-0.437445,-0.162723,0.028805;1.56634,0.805152,1.58169
-0.437373,-0.162652,0.0287827;1.55671,0.793944,1.58086
-0.436126,-0.161269,0.0313393;1.57779,0.738043,1.61007
-0.440729,-0.148277,0.0351587;1.54905,0.637429,1.64253
-0.449282,-0.128807,0.039377;1.47748,0.551246,1.69252
-0.451285,-0.135502,0.0312447;1.57359,0.706587,1.61221
-0.451579,-0.141676,0.0287238;1.5704,0.715853,1.57841
-0.451565,-0.142085,0.0286499;1.56793,0.718527,1.57388
-0.450757,-0.141248,0.0304241;1.57468,0.651502,1.60101
-0.45048,-0.13456,0.0340052;1.61569,0.576028,1.5988
-0.454623,-0.119647,0.0414317;1.50982,0.488741,1.6566
-0.458705,-0.115927,0.0313661;1.57823,0.616978,1.61427
-0.458963,-0.121622,0.0287839;1.56998,0.623731,1.58021
-0.459251,-0.121899,0.0287567;1.56213,0.616345,1.57727
-0.458913,-0.1224,0.0296937;1.56948,0.561405,1.59563
-0.458766,-0.117963,0.0326453;1.58114,0.483631,1.61913
-0.465619,-0.10014,0.0386637;1.4799,0.373329,1.66226
-0.464338,-0.0931589,0.0332261;1.55222,0.509866,1.63546
-0.465007,-0.102485,0.030234;1.57283,0.550722,1.59694
-0.465934,-0.104614,0.0288229;1.5667,0.54692,1.58106
-0.465655,-0.104632,0.0287571;1.57528,0.499101,1.5731
-0.464993,-0.100621,0.0310736;1.60681,0.44082,1.57139
-0.468217,-0.0861789,0.0390192;1.5325,0.367543,1.59774
-0.464259,-0.0759373,0.0367809;1.53824,0.42216,1.63847
-0.46289,-0.0809908,0.0314835;1.57447,0.466901,1.61539
-0.464544,-0.0839301,0.0292505;1.57031,0.474117,1.58446
-0.465054,-0.08462,0.0287747;1.56515,0.444028,1.57746
-0.464653,-0.0844577,0.0294453;1.57148,0.415992,1.59069
-0.464842,-0.0755989,0.0323822;1.56744,0.321532,1.61268
-0.467829,-0.0429712,0.0385219;1.47984,0.220663,1.65569
-0.465125,-0.0484744,0.0339745;1.54707,0.338057,1.63572
-0.467032,-0.0564505,0.0304971;1.57091,0.390018,1.60047
-0.468816,-0.060049,0.0286066;1.57042,0.372067,1.56953
-0.468552,-0.0601825,0.028761;1.5755,0.335264,1.57359
-0.466859,-0.0580011,0.0311266;1.60473,0.29063,1.5838
-0.464285,-0.0336383,0.0417897;1.52759,0.157932,1.62646
-0.463333,-0.0328366,0.0367939;1.52468,0.254164,1.63563
-0.463128,-0.0361117,0.0308965;1.57179,0.295199,1.60827
-0.464582,-0.0385245,0.0287183;1.56388,0.276887,1.57273
-0.464977,-0.038897,0.0289075;1.56637,0.244309,1.58328
-0.464178,-0.0386087,0.0306279;1.57368,0.228829,1.60562
-0.462178,-0.00968348,0.0401753;1.48111,0.0273661,1.64328
-0.462769,0.00359218,0.0384242;1.47297,0.0790219,1.63287
-0.464651,-0.00327784,0.031134;1.57814,0.149954,1.61441
-0.467904,-0.00868302,0.0286236;1.56855,0.149948,1.57102
-0.467854,-0.00845682,0.0286329;1.57226,0.121338,1.56946
-0.466822,-0.00887331,0.0293815;1.58515,0.0894249,1.58051
-0.462141,0.00626836,0.0439081;1.58138,-0.0575261,1.59444
-0.457439,0.0109636,0.0430635;1.57578,-0.0111963,1.61517
-0.457626,0.00327566,0.0341304;1.62318,0.0755691,1.61578
-0.460762,0.00119148,0.0287478;1.5689,0.0982528,1.57712
-0.460894,0.00123042,0.0287372;1.56317,0.0813852,1.57147
-0.461188,0.000983552,0.0289443;1.56625,0.0574613,1.58432
-0.461188,0.000983552,0.0289443;1.56625,0.0574613,1.58432
-0.459289,0.00272515,0.0312276;1.57724,0.000954747,1.60763
-0.459289,0.00272515,0.0312276;1.57724,0.000954747,1.60763
