0,0,0.11;-1.57,-2.98023e-08,-1.57
0,0,0.11;-1.57,-2.98023e-08,-1.57
0,0,0.11;-1.57,-2.98023e-08,-1.57
-0.000316476,0.000637892,0.0286093;-1.57005,-0.196724,-1.56983
-0.000430655,0.000647042,0.0287947;-1.56911,-0.219415,-1.56179
-0.000706519,0.000889563,0.0300065;-1.56313,-0.22154,-1.54126
-0.000949444,-0.000751921,0.0318838;-1.56309,-0.244562,-1.52375
0.00109904,-0.00280509,0.0286781;-1.57096,-0.274505,-1.57567
0.000697791,-0.00317608,0.028579;-1.5708,-0.262878,-1.57077
0.000720795,-0.00316585,0.0285805;-1.5708,-0.257028,-1.57072
0.00206943,-0.00182907,0.0288409;-1.56681,-0.176886,-1.56117
0.00243381,0.00100309,0.0302323;-1.55439,-0.13203,-1.53935
0.00173166,0.00408467,0.0334084;-1.54807,-0.0912736,-1.50286
0.00593343,0.00935252,0.0299572;-1.57474,-0.0614401,-1.54975
0.00838923,0.0113728,0.0291882;-1.58119,-0.106164,-1.59071
0.00864884,0.0138082,0.0312708;-1.5781,-0.138382,-1.61139
0.0106348,0.0247971,0.0290722;-1.5817,-0.250136,-1.58644
0.0110397,0.0267647,0.0291666;-1.58407,-0.265868,-1.56654
0.0103761,0.0303462,0.0320959;-1.59111,-0.252197,-1.53252
0.0124881,0.0317477,0.0335668;-1.5872,-0.287544,-1.51055
0.0158468,0.0298087,0.0300995;-1.5769,-0.337498,-1.54642
0.0161911,0.0290206,0.0285991;-1.57093,-0.345339,-1.57221
0.0162308,0.0273152,0.0289715;-1.57629,-0.329375,-1.58615
0.0164173,0.0261828,0.0287895;-1.56754,-0.306674,-1.57867
0.0159518,0.025688,0.0294004;-1.56479,-0.294868,-1.55632
0.0123398,0.0168864,0.0323799;-1.57423,-0.285297,-1.5179
0.0118494,0.00727468,0.0300698;-1.53886,-0.304363,-1.55969
0.0125812,0.00631794,0.028917;-1.56565,-0.273472,-1.57702
0.0125625,0.0061542,0.028851;-1.56383,-0.273643,-1.57788
0.0126806,0.00647961,0.028917;-1.56979,-0.266736,-1.58625
0.0135187,0.00608902,0.0340627;-1.47912,-0.229108,-1.55726
0.011536,0.00614357,0.0376299;-1.42594,-0.195816,-1.53681
0.0146543,0.00545701,0.0366609;-1.4443,-0.196288,-1.56443
0.0179973,0.00836408,0.0334327;-1.56012,-0.21024,-1.64157
0.0191254,0.00969367,0.0367146;-1.56484,-0.210507,-1.66596
0.0206931,0.0106944,0.0370427;-1.57151,-0.2197,-1.67279
0.0219689,0.0102,0.0375695;-1.50605,-0.120201,-1.63248
0.0147248,0.00822372,0.0446982;-1.52055,-0.0747869,-1.58918
0.011109,0.00543918,0.0465175;-1.53085,-0.0524905,-1.57798
0.0117244,-0.00792299,0.0297002;-1.56758,-0.0332291,-1.59816
0.0112925,-0.00811072,0.0288221;-1.57223,-0.0395753,-1.58121
0.0113051,-0.00764483,0.0286554;-1.57096,-0.0608507,-1.57445
0.011453,-0.0075002,0.0289323;-1.56669,-0.0519254,-1.55746
0.010844,-0.00741799,0.0312425;-1.56143,-0.0569726,-1.52743
0.0102671,-0.00632352,0.0343542;-1.5463,-0.0538187,-1.49903
0.0117764,-0.01107,0.0290713;-1.56253,-0.132717,-1.57716
0.0116219,-0.010372,0.0290194;-1.56965,-0.142405,-1.58527
0.0112138,-0.00988347,0.0288041;-1.57146,-0.147934,-1.58082
0.0111915,-0.00865194,0.0289591;-1.56167,-0.168031,-1.55996
0.0114649,-0.00676576,0.031026;-1.55536,-0.159182,-1.53182
0.0113551,-0.00316707,0.0351591;-1.54551,-0.132544,-1.48583
0.0125696,-0.00919819,0.0288411;-1.56862,-0.18145,-1.56005
0.0128058,-0.00941382,0.0286619;-1.57172,-0.174333,-1.57442
0.0132768,-0.00913587,0.0290624;-1.58547,-0.16805,-1.5819
0.0129816,-0.0135606,0.0294819;-1.57103,-0.124877,-1.59291
0.013614,-0.0123211,0.031514;-1.54156,-0.060653,-1.58622
0.0116099,-0.00835217,0.0337921;-1.51785,-0.00532674,-1.54257
0.0191967,-0.00686715,0.0307917;-1.54206,0.0427255,-1.57261
0.0213084,-0.00642506,0.0301795;-1.56458,0.0701472,-1.60565
0.0211982,-0.00549953,0.0324198;-1.55758,0.06162,-1.62417
0.0211831,-0.00284044,0.0333408;-1.56181,0.0356062,-1.64397
0.0223991,-0.001163,0.0347031;-1.5085,0.0268362,-1.62709
0.0229539,0.00263073,0.0377553;-1.47615,0.0181406,-1.60469
0.0270211,0.00908324,0.0416249;-1.47032,-0.000839114,-1.58337
0.0318994,0.00965965,0.0376133;-1.46782,-0.00845845,-1.62055
0.0330627,0.00940915,0.0360759;-1.49301,-0.00190017,-1.63359
0.0353882,0.00698543,0.0361126;-1.50817,0.0303005,-1.64817
0.0359533,0.00597314,0.0367481;-1.47455,0.0341437,-1.63076
0.0355818,0.00311504,0.0378631;-1.41841,0.0412604,-1.60769
0.0323715,-0.0081137,0.0424748;-1.3874,0.0968967,-1.58983
0.0365914,-0.0152038,0.0423836;-1.41447,0.0633725,-1.64482
0.040764,-0.0164415,0.0411554;-1.46102,0.0738405,-1.68374
0.042574,-0.010539,0.0415563;-1.55737,0.044057,-1.72152
0.0426182,-0.0100059,0.0405666;-1.53164,0.0195304,-1.71753
0.0419392,-0.00627813,0.0408876;-1.52716,-0.00312073,-1.69344
0.0355178,0.00325118,0.0543913;-1.57996,0.117001,-1.61733
0.0418223,0.00275953,0.0542074;-1.5816,0.145398,-1.65275
0.0490614,0.00513679,0.0465422;-1.60499,0.166967,-1.69779
0.0440683,0.00349941,0.0430953;-1.61068,0.155337,-1.72248
0.0407857,0.00131618,0.041718;-1.62842,0.151865,-1.70046
0.0387204,0.00209792,0.0403123;-1.6571,0.152378,-1.65599
0.0311012,0.0108776,0.0424379;-1.6778,0.210071,-1.56183
0.0350788,0.01456,0.0433533;-1.6838,0.253191,-1.60038
0.0378867,0.017677,0.0384375;-1.64359,0.27697,-1.6374
0.0395967,0.0132144,0.0380521;-1.55749,0.279391,-1.68729
0.0385378,0.00760886,0.0364613;-1.54356,0.278205,-1.67977
0.0375835,0.00856151,0.0355122;-1.53339,0.265947,-1.66583
0.0299379,-0.000814437,0.0364465;-1.43334,0.279162,-1.58807
0.0303899,-0.00129171,0.0347296;-1.46122,0.238605,-1.60036
0.0306819,0.00369664,0.0318188;-1.52374,0.221193,-1.5902
0.0338883,0.011319,0.0335459;-1.56055,0.156419,-1.63805
0.0371054,0.0147453,0.0351211;-1.57035,0.0906981,-1.66382
0.0391485,0.0170289,0.0364446;-1.56963,0.0567918,-1.67909
0.0406226,0.017976,0.042436;-1.57359,0.004813,-1.64141
0.0433402,0.018499,0.0466086;-1.60105,0.0263435,-1.61967
0.0463219,0.0192134,0.0471589;-1.61777,0.0303252,-1.61217
0.0585087,0.0216952,0.040997;-1.62259,0.075834,-1.69317
0.0585853,0.0219877,0.0415461;-1.59344,0.109217,-1.71381
0.0574851,0.0211585,0.0402537;-1.5961,0.135142,-1.70779
0.0541199,0.0199337,0.0413396;-1.60811,0.148767,-1.67433
0.0439866,0.0205604,0.0521959;-1.60344,0.209252,-1.61265
0.0485564,0.0220938,0.0517312;-1.60637,0.230467,-1.63742
0.0533724,0.0275916,0.0446254;-1.63277,0.257749,-1.68298
0.0528694,0.031116,0.040841;-1.56112,0.26057,-1.71546
0.0517609,0.0300216,0.038616;-1.55731,0.211907,-1.70667
0.0490297,0.0311676,0.0366922;-1.56101,0.168857,-1.67001
0.0409005,0.039051,0.0452529;-1.57002,0.0810998,-1.58778
0.0474474,0.0480622,0.0433412;-1.56252,0.0354807,-1.60303
0.0543604,0.0538873,0.0339188;-1.6075,0.0370406,-1.62649
0.0555951,0.0578504,0.0353303;-1.55012,0.0162504,-1.65094
0.0554404,0.0591573,0.0320695;-1.56195,-0.0167768,-1.61948
0.0557053,0.060224,0.0289499;-1.56889,-0.0344379,-1.58647
0.0460185,0.0540068,0.0348107;-1.61025,-0.0655061,-1.5119
0.0437258,0.0531189,0.0364859;-1.64529,-0.0489573,-1.50916
0.0461554,0.0511325,0.0344201;-1.66133,-0.0632934,-1.55295
0.045677,0.0424805,0.0348965;-1.59042,-0.0202085,-1.64935
0.0449263,0.0382067,0.0362754;-1.59887,-0.0049011,-1.66126
0.0451701,0.0380537,0.0350138;-1.60021,-0.00562021,-1.64461
0.0447004,0.0432668,0.0369751;-1.7159,0.0389635,-1.54942
0.0435374,0.0477305,0.0406753;-1.74889,0.0774231,-1.51439
0.0462429,0.0517111,0.0405306;-1.78133,0.107366,-1.53407
0.0493115,0.0549223,0.0362673;-1.66967,0.0959343,-1.6058
0.049846,0.0562235,0.0357233;-1.59683,0.0545198,-1.65008
0.0527006,0.0603168,0.0352341;-1.62005,0.00579253,-1.64421
0.0550566,0.0666978,0.0346565;-1.69619,-0.0426186,-1.57668
0.0523823,0.0686238,0.0362709;-1.68068,-0.0245871,-1.53949
0.0511249,0.0685629,0.0373091;-1.66433,-0.0163289,-1.51237
0.0499945,0.0749441,0.0290764;-1.5878,0.095907,-1.57634
0.0479468,0.0711393,0.0289018;-1.57014,0.161709,-1.58556
0.0462902,0.0643795,0.0303141;-1.56287,0.218911,-1.5988
0.0440938,0.0530939,0.0307386;-1.5567,0.300413,-1.6035
0.0405601,0.0391594,0.0355487;-1.45807,0.300594,-1.61546
0.0353965,0.0222796,0.0411677;-1.33564,0.291003,-1.6168
0.0387718,0.02686,0.0378477;-1.43402,0.254831,-1.65053
0.0401942,0.0357095,0.0332553;-1.56438,0.212831,-1.64663
0.0408055,0.038621,0.0359432;-1.54132,0.197938,-1.66385
0.0419084,0.0415399,0.0360679;-1.53264,0.151836,-1.66763
0.0434529,0.0419854,0.0426787;-1.53669,0.114241,-1.65187
0.0435378,0.045153,0.0503484;-1.56807,0.110329,-1.62
0.0558554,0.0488411,0.0477998;-1.60262,0.133978,-1.69036
0.056257,0.0515343,0.0428448;-1.60229,0.154207,-1.71764
0.0551735,0.0530611,0.0416423;-1.57115,0.186676,-1.72511
0.0506454,0.0517911,0.0370902;-1.59711,0.204696,-1.6641
0.0463408,0.0528801,0.0357225;-1.65034,0.218919,-1.5983
0.0404116,0.0510315,0.0397265;-1.65005,0.223229,-1.57057
0.0431615,0.0440451,0.0404134;-1.56441,0.174241,-1.63278
0.048874,0.0471234,0.034152;-1.55414,0.16212,-1.65964
0.0511887,0.0471948,0.0366454;-1.54717,0.185244,-1.67837
0.0469059,0.0481079,0.0344877;-1.55715,0.150428,-1.65267
0.0454524,0.0508435,0.0290932;-1.56832,0.113685,-1.58574
0.0426615,0.0511993,0.0304232;-1.56382,0.0956081,-1.548
0.0414147,0.0541716,0.0321828;-1.59033,0.0559134,-1.52055
0.0450936,0.0559961,0.0291709;-1.58649,0.0630667,-1.56484
0.0460018,0.0557984,0.0290264;-1.56772,0.0696436,-1.58975
0.048707,0.0560798,0.0305188;-1.57511,0.0517098,-1.60374
0.0502001,0.0576573,0.0304898;-1.58685,0.0203058,-1.59507
0.0480235,0.0623807,0.0322854;-1.63683,-0.0244694,-1.56566
0.0380502,0.0654787,0.0387506;-1.6676,-0.0934232,-1.50877
0.0413411,0.0628229,0.0361475;-1.67506,-0.0877012,-1.54566
0.042275,0.0599443,0.0316347;-1.6403,-0.090246,-1.58012
0.0367524,0.0487245,0.0347015;-1.62287,0.0366315,-1.62714
0.0331131,0.0385261,0.0361001;-1.62348,0.12807,-1.63888
0.0320009,0.0349071,0.0384344;-1.71122,0.181983,-1.58876
0.029683,0.0539652,0.0434318;-1.86827,0.210354,-1.50975
0.0324738,0.0610717,0.0421475;-1.83021,0.198528,-1.53915
0.0335177,0.0575572,0.0362728;-1.67569,0.19181,-1.5946
0.0349764,0.0622172,0.0309107;-1.56406,0.131688,-1.6085
0.0367033,0.0625874,0.0305882;-1.56753,0.115331,-1.60748
0.0377123,0.0610446,0.0298591;-1.57032,0.121422,-1.59488
0.0331814,0.0434824,0.0409475;-1.50375,0.158587,-1.56366
0.0366507,0.0317003,0.0435403;-1.4772,0.177577,-1.61937
0.0401453,0.0306243,0.0411527;-1.48035,0.149442,-1.66735
0.0405176,0.0383922,0.0378325;-1.54429,0.120382,-1.68214
0.0381665,0.0416548,0.0362576;-1.54608,0.103799,-1.66625
0.0368637,0.0432622,0.0325138;-1.55018,0.0970998,-1.62721
0.0299246,0.0341009,0.0402255;-1.53505,0.169391,-1.59749
0.0277329,0.0261779,0.0451969;-1.56405,0.189867,-1.60275
0.0317032,0.0205025,0.043751;-1.56913,0.172893,-1.64927
0.0341427,0.0157972,0.0398779;-1.55462,0.147798,-1.71578
0.0318092,0.0155857,0.0412512;-1.58641,0.121666,-1.71725
0.030467,0.0150449,0.0391026;-1.5857,0.107886,-1.70104
0.030467,0.0150449,0.0391026;-1.5857,0.107886,-1.70104
0.0283399,0.0133142,0.0373751;-1.59819,0.0682724,-1.66236
0.0283399,0.0133142,0.0373751;-1.59819,0.0682724,-1.66236
