0,0,0.11;-1.57,-2.98023e-08,-1.57
0,0,0.11;-1.57,-2.98023e-08,-1.57
0,0,0.11;-1.57,-2.98023e-08,-1.57
-0.00014642,0.00309588,0.0286098;-1.5691,-0.148771,-1.57016
-8.98622e-05,0.00325518,0.0286039;-1.57088,-0.125858,-1.56964
-0.00148214,-0.000986141,0.0296177;-1.55847,-0.0818255,-1.55778
-0.00242891,-0.023382,0.0350096;-1.47772,-0.0536697,-1.58094
0.0023196,-0.0122004,0.030049;-1.59704,-0.197609,-1.59318
0.00300226,-0.0112921,0.0294995;-1.58947,-0.207069,-1.58752
0.00205881,-0.013013,0.0291845;-1.58303,-0.193812,-1.58561
0.000563362,-0.015761,0.0287266;-1.57064,-0.123782,-1.57776
-0.00114562,-0.0197943,0.0293909;-1.55118,-0.0780698,-1.56123
-0.00323938,-0.0360699,0.0353239;-1.47743,0.0101199,-1.55907
-0.00591437,-0.0463617,0.0322678;-1.5001,-0.0403943,-1.56421
-0.00758848,-0.0420533,0.0285801;-1.57096,-0.0997978,-1.57067
-0.00729855,-0.0416751,0.0286582;-1.56793,-0.123237,-1.56875
-0.00701851,-0.0419524,0.0285861;-1.57006,-0.075572,-1.5705
-0.00733389,-0.0433741,0.0289932;-1.56018,-0.0257343,-1.56555
-0.0102294,-0.0598162,0.0334832;-1.49294,0.0708519,-1.56871
-0.0104538,-0.0719331,0.035617;-1.44882,0.0882955,-1.57791
-0.0118972,-0.0673795,0.0316289;-1.51233,0.025999,-1.57115
-0.0126537,-0.0628246,0.0285818;-1.57132,-0.0315879,-1.57131
-0.0124365,-0.0628048,0.0285886;-1.57028,-0.0168451,-1.5709
-0.0120891,-0.0627809,0.0285805;-1.57067,0.0222709,-1.57076
-0.0130484,-0.0659078,0.0292363;-1.5543,0.0800732,-1.56541
-0.0151257,-0.0785395,0.0336139;-1.52055,0.110418,-1.58577
-0.0147246,-0.0804492,0.0293518;-1.57713,0.0391491,-1.59269
-0.00883682,-0.074337,0.029505;-1.59427,-0.0381813,-1.58317
-0.0121262,-0.0788356,0.0300933;-1.59272,0.0133125,-1.58989
-0.0145788,-0.081112,0.0292659;-1.59205,0.0490649,-1.58186
-0.0210551,-0.089938,0.0330533;-1.57358,0.169893,-1.57211
-0.0232182,-0.10516,0.0382712;-1.47289,0.235199,-1.57802
-0.0245197,-0.110694,0.0341587;-1.46292,0.179403,-1.58206
-0.0256019,-0.101259,0.0285703;-1.57069,0.075091,-1.57056
-0.0250951,-0.101512,0.0287981;-1.56115,0.0871229,-1.57239
-0.0248781,-0.102068,0.0286742;-1.5662,0.1145,-1.57133
-0.0279027,-0.106089,0.0308164;-1.61481,0.209604,-1.56811
-0.0316176,-0.116244,0.0378178;-1.59335,0.288584,-1.56879
-0.032814,-0.126294,0.0398438;-1.52225,0.292592,-1.58158
-0.0326225,-0.120656,0.0285746;-1.57128,0.186772,-1.5709
-0.0322654,-0.120606,0.0288279;-1.55878,0.192575,-1.5726
-0.0320911,-0.120683,0.0287847;-1.56066,0.203138,-1.57281
-0.0314583,-0.120613,0.0286252;-1.56897,0.265957,-1.57009
-0.0351446,-0.128625,0.030528;-1.56337,0.353439,-1.56237
-0.0405801,-0.153052,0.0378417;-1.46682,0.434599,-1.58585
-0.0409879,-0.153852,0.0285447;-1.57146,0.317828,-1.57177
-0.0405594,-0.15353,0.0286296;-1.56819,0.313229,-1.57147
-0.0401956,-0.153728,0.0288166;-1.55881,0.325311,-1.57448
-0.0398206,-0.154293,0.0285964;-1.57074,0.392545,-1.57006
-0.0425601,-0.157822,0.0295977;-1.56708,0.468103,-1.56425
-0.0521468,-0.17825,0.036101;-1.49143,0.56489,-1.5881
-0.0551219,-0.187463,0.0285236;-1.57334,0.439715,-1.57004
-0.0541453,-0.186632,0.0286547;-1.56679,0.414427,-1.57216
-0.0536173,-0.186791,0.0288638;-1.55577,0.42675,-1.57677
-0.0536703,-0.187569,0.0285866;-1.57145,0.490639,-1.57007
-0.0580726,-0.19075,0.0310589;-1.62341,0.56826,-1.55143
-0.0647168,-0.200914,0.0387549;-1.6224,0.644427,-1.55664
-0.0636365,-0.202689,0.0286136;-1.57092,0.528286,-1.57244
-0.063268,-0.202126,0.0285783;-1.57102,0.496935,-1.57068
-0.0626821,-0.202217,0.0288508;-1.55601,0.510503,-1.57775
-0.0623676,-0.20347,0.0285848;-1.57016,0.581357,-1.5704
-0.0637677,-0.20381,0.0290233;-1.57347,0.644421,-1.56285
-0.0734636,-0.213417,0.0322734;-1.55321,0.759271,-1.56382
-0.081176,-0.225981,0.0310222;-1.50747,0.728573,-1.60574
-0.0788773,-0.223478,0.0288994;-1.58815,0.666245,-1.56642
-0.0775321,-0.223131,0.0289344;-1.5804,0.641646,-1.57419
-0.0797279,-0.224159,0.0288052;-1.57431,0.707449,-1.5765
-0.0815861,-0.224617,0.028576;-1.57101,0.76654,-1.57035
-0.0854089,-0.225807,0.0297897;-1.58367,0.827678,-1.55043
-0.112722,-0.259883,0.0391926;-1.36117,0.919243,-1.70341
-0.111645,-0.260249,0.03573;-1.4005,0.852374,-1.68762
-0.102912,-0.252774,0.0286111;-1.57535,0.796826,-1.56425
-0.102231,-0.253013,0.0287746;-1.55939,0.794957,-1.58047
-0.102978,-0.253617,0.02872;-1.57079,0.830612,-1.57752
-0.105933,-0.254664,0.0302013;-1.63433,0.872311,-1.52673
-0.125908,-0.269465,0.0444336;-1.70158,0.98499,-1.48343
-0.126219,-0.271399,0.0431126;-1.62344,0.937264,-1.54515
-0.118815,-0.265543,0.029061;-1.59403,0.871922,-1.56119
-0.117735,-0.265267,0.0288732;-1.55209,0.826488,-1.58575
-0.117542,-0.265712,0.0285724;-1.57035,0.86147,-1.57081
-0.117727,-0.265679,0.0287273;-1.57167,0.882586,-1.56295
-0.150189,-0.287514,0.0380173;-1.30012,1.01351,-1.76552
-0.156865,-0.294409,0.0387117;-1.2593,0.958805,-1.81529
-0.143578,-0.287624,0.0287399;-1.60383,0.930662,-1.55335
-0.1414,-0.287555,0.0288755;-1.56195,0.929688,-1.58672
-0.142385,-0.288566,0.0286079;-1.57052,0.975107,-1.57241
-0.143593,-0.288691,0.0286819;-1.57299,1.02196,-1.56332
-0.180145,-0.306032,0.0381934;-1.26728,1.16013,-1.80936
-0.192824,-0.313826,0.0391676;-1.13933,1.11219,-1.94202
-0.185203,-0.310452,0.0293215;-1.52955,1.1205,-1.60439
-0.182706,-0.309619,0.0288401;-1.54735,1.0682,-1.59236
-0.18249,-0.31017,0.0285475;-1.57186,1.11875,-1.5688
-0.183037,-0.310184,0.0285798;-1.5704,1.12762,-1.57101
-0.205286,-0.317644,0.0393498;-1.76118,1.25051,-1.39773
-0.215814,-0.322729,0.038278;-1.07445,1.1936,-2.03484
-0.212659,-0.320867,0.0358007;-1.23968,1.19474,-1.88548
-0.203104,-0.315548,0.0286923;-1.57047,1.10725,-1.5765
-0.202462,-0.314904,0.0286783;-1.56072,1.07827,-1.57965
-0.202402,-0.31521,0.0285733;-1.57212,1.11483,-1.56886
-0.203517,-0.315253,0.0290123;-1.57846,1.16751,-1.55172
-0.237018,-0.325604,0.0403784;-0.961985,1.19734,-2.13048
-0.236318,-0.326813,0.0385023;-1.09001,1.17602,-2.02435
-0.224105,-0.321949,0.0289995;-1.61541,1.16945,-1.54304
-0.22056,-0.319947,0.0287154;-1.57075,1.08251,-1.57724
-0.22114,-0.320531,0.02864;-1.56841,1.11112,-1.5751
-0.221677,-0.320819,0.0287566;-1.56986,1.16424,-1.56183
-0.251736,-0.329644,0.0370122;-1.17945,1.28861,-1.90511
-0.257591,-0.331402,0.03996;-1.0017,1.22942,-2.08408
-0.249469,-0.328434,0.028734;-1.59781,1.23441,-1.54428
-0.248889,-0.328277,0.0288183;-1.54006,1.18964,-1.59915
-0.249864,-0.329365,0.0287005;-1.56462,1.25284,-1.58092
-0.252756,-0.329472,0.0289023;-1.61332,1.33288,-1.53533
-0.275172,-0.334275,0.042289;-2.5401,1.38337,-0.649722
-0.274024,-0.334354,0.0438675;-2.16343,1.4127,-1.02102
-0.266346,-0.333962,0.0336323;-1.91107,1.3781,-1.2685
-0.26372,-0.333059,0.0288367;-1.53522,1.3011,-1.60776
-0.263774,-0.33282,0.0287977;-1.53421,1.29248,-1.60521
-0.263606,-0.332868,0.0286521;-1.57029,1.32331,-1.56777
-0.279711,-0.335408,0.0323162;-1.72485,1.41949,-1.39144
-0.29075,-0.339295,0.0386713;-0.787752,1.3726,-2.3022
-0.287596,-0.338428,0.0349314;-1.00795,1.35285,-2.11299
-0.275558,-0.334465,0.0287009;-1.55015,1.27266,-1.59018
-0.27508,-0.333085,0.0287734;-1.54428,1.21416,-1.59547
-0.275135,-0.333321,0.0286565;-1.55975,1.22946,-1.58111
-0.279085,-0.332531,0.0303985;-1.67318,1.32018,-1.45381
-0.294533,-0.337937,0.0340773;-1.75219,1.35553,-1.36705
-0.302896,-0.343221,0.0362819;-1.19217,1.29804,-1.9027
-0.295844,-0.340494,0.0285789;-1.571,1.20591,-1.57065
-0.294826,-0.339657,0.0289377;-1.54569,1.18417,-1.60193
-0.293991,-0.338984,0.0288652;-1.55616,1.16202,-1.59199
-0.301331,-0.339024,0.0302214;-1.68703,1.24824,-1.46834
-0.309879,-0.338647,0.0359048;-2.04153,1.29079,-1.13311
-0.313622,-0.341063,0.0400305;-1.99734,1.27211,-1.18967
-0.304345,-0.342199,0.0289822;-1.57024,1.17663,-1.59058
-0.302018,-0.341221,0.0289041;-1.55654,1.1277,-1.5935
-0.299605,-0.340634,0.0289069;-1.56048,1.10161,-1.5892
-0.308026,-0.33883,0.0295424;-1.6575,1.22566,-1.49308
-0.32254,-0.338614,0.0324389;-1.85499,1.34818,-1.30777
-0.340544,-0.347789,0.0371864;-1.54012,1.36076,-1.57392
-0.345056,-0.352795,0.0287142;-1.56668,1.22711,-1.58288
-0.342984,-0.351614,0.0287789;-1.56697,1.17529,-1.58258
-0.341505,-0.349662,0.0287009;-1.57108,1.11158,-1.57643
-0.343504,-0.350961,0.02857;-1.57089,1.18432,-1.5702
-0.346203,-0.350469,0.0294881;-1.60682,1.25653,-1.52577
-0.359662,-0.355534,0.0326008;-1.62047,1.32245,-1.49113
-0.368631,-0.363644,0.0286049;-1.57,1.16356,-1.56881
-0.368155,-0.363461,0.0286639;-1.5611,1.15225,-1.57957
-0.367975,-0.363446,0.0287738;-1.54905,1.15059,-1.58997
-0.369274,-0.36421,0.0285494;-1.57432,1.22077,-1.56754
-0.373822,-0.365102,0.0290117;-1.60164,1.25809,-1.5396
-0.387221,-0.370005,0.0335858;-1.70584,1.2942,-1.43977
-0.38714,-0.372188,0.029487;-1.56652,1.20267,-1.59415
-0.384356,-0.371955,0.028762;-1.5702,1.15531,-1.58058
-0.383463,-0.371463,0.0287645;-1.5504,1.12434,-1.58904
-0.383292,-0.371342,0.0285795;-1.56972,1.13714,-1.57135
-0.383849,-0.371358,0.0286715;-1.5598,1.15183,-1.58049
-0.389041,-0.371599,0.0308972;-1.57485,1.18339,-1.53957
-0.412849,-0.381296,0.0337312;-1.32981,1.18855,-1.78526
-0.409168,-0.380381,0.0286629;-1.57175,1.14506,-1.56532
-0.409015,-0.380451,0.0286541;-1.56178,1.13674,-1.57878
-0.408312,-0.381126,0.0286193;-1.56591,1.17381,-1.57529
-0.408334,-0.381087,0.028569;-1.56802,1.17601,-1.57272
-0.409448,-0.381421,0.0293415;-1.57025,1.21202,-1.55495
-0.435166,-0.388107,0.0356412;-1.16131,1.26866,-1.94864
-0.435915,-0.386698,0.0310862;-1.41122,1.23042,-1.71784
-0.433713,-0.385945,0.0285532;-1.57045,1.19653,-1.5712
-0.433559,-0.386349,0.028718;-1.55197,1.20967,-1.58837
-0.433476,-0.386401,0.0285796;-1.57123,1.2229,-1.57057
-0.435231,-0.386652,0.0287941;-1.5687,1.25906,-1.58263
-0.453704,-0.390748,0.0395043;-1.27832,1.35456,-1.86906
-0.455338,-0.39374,0.0367338;-1.42409,1.28101,-1.755
-0.444817,-0.394504,0.0301772;-1.58687,1.22763,-1.58561
-0.438231,-0.394329,0.0288212;-1.57679,1.17745,-1.57434
-0.438786,-0.394324,0.0286955;-1.57061,1.19457,-1.5765
-0.439933,-0.394729,0.0286164;-1.56445,1.24499,-1.57769
-0.46073,-0.396299,0.0350991;-1.19428,1.37333,-1.9174
-0.475554,-0.401486,0.0353961;-1.01812,1.32969,-2.11568
-0.466303,-0.396932,0.0285518;-1.57999,1.27062,-1.5634
-0.463649,-0.39648,0.0287847;-1.54855,1.13093,-1.59118
-0.463816,-0.396888,0.0285857;-1.57021,1.1613,-1.57155
-0.464531,-0.397199,0.0285795;-1.57041,1.19642,-1.57119
-0.464531,-0.397199,0.0285795;-1.57041,1.19642,-1.57119
-0.466724,-0.3969,0.0288532;-1.54394,1.231,-1.59393
-0.466724,-0.3969,0.0288532;-1.54394,1.231,-1.59393
