0,0,0.11;-1.57,-2.98023e-08,-1.57
0,0,0.11;-1.57,-2.98023e-08,-1.57
0,0,0.11;-1.57,-2.98023e-08,-1.57
0.000378717,0.00469854,0.0286186;-1.57104,-0.170773,-1.57299
0.000213922,0.00554372,0.0285857;-1.57086,-0.241611,-1.57039
-0.000429745,0.00424271,0.0290156;-1.56083,-0.302485,-1.55641
-0.00023101,0.00470375,0.030538;-1.51825,-0.31795,-1.5427
0.00309657,0.0051875,0.0306835;-1.56575,-0.307275,-1.6072
0.0032924,0.00788296,0.0333841;-1.55813,-0.338406,-1.63291
0.00271356,0.0111344,0.034141;-1.55346,-0.369672,-1.63751
0.000283041,0.0183552,0.0288487;-1.57069,-0.437529,-1.58358
0.000136103,0.018606,0.0291556;-1.5474,-0.448151,-1.55377
-0.000432506,0.0200731,0.0304491;-1.54117,-0.42322,-1.53316
0.000534268,0.0239403,0.0295155;-1.55067,-0.377601,-1.54577
0.00129119,0.0241965,0.0291139;-1.55346,-0.370694,-1.5548
0.00118851,0.0246655,0.0285799;-1.57081,-0.367671,-1.57078
0.00112006,0.0249772,0.0286188;-1.57066,-0.362231,-1.56876
0.00114766,0.0250733,0.0290486;-1.55474,-0.366479,-1.55744
0.00104346,0.0254573,0.0305416;-1.52243,-0.357809,-1.54638
0.00123539,0.0234448,0.0379626;-1.41545,-0.396605,-1.53425
0.00249467,0.0238172,0.0378628;-1.43993,-0.428308,-1.55919
0.00158256,0.0292584,0.0288854;-1.5711,-0.458071,-1.58507
0.00132457,0.0292026,0.0286076;-1.57077,-0.448803,-1.57212
0.0014513,0.0286909,0.0288248;-1.56856,-0.432007,-1.5602
0.00119599,0.0272987,0.0300306;-1.55916,-0.441009,-1.54045
-0.000430597,0.0261111,0.0327104;-1.54543,-0.464659,-1.5062
-0.000224165,0.0252455,0.0322353;-1.54169,-0.46529,-1.51394
-9.16384e-06,0.0263571,0.0287144;-1.57101,-0.448946,-1.5643
-0.000189902,0.0267407,0.028758;-1.57481,-0.43472,-1.57208
-0.000298539,0.0267141,0.029161;-1.57379,-0.421307,-1.57661
-0.00245022,0.0232158,0.032315;-1.55965,-0.387579,-1.53638
-0.00414015,0.0178498,0.0353442;-1.52757,-0.372141,-1.5126
-0.00350137,0.0125641,0.0351647;-1.50699,-0.331639,-1.51407
-0.000122569,0.00795684,0.0286423;-1.57259,-0.290964,-1.57025
3.01963e-06,0.00796673,0.0286192;-1.57114,-0.314324,-1.56893
0.000121854,0.00793833,0.0286861;-1.57096,-0.323209,-1.5657
-0.000157814,0.00894138,0.0296646;-1.56916,-0.315684,-1.54683
-0.000108286,0.00672253,0.0313389;-1.55949,-0.317105,-1.52954
0.000192923,0.00371765,0.0324967;-1.53116,-0.316455,-1.52447
0.00628912,0.000903871,0.0290883;-1.56171,-0.248316,-1.58261
0.00571527,0.00022334,0.0303571;-1.56301,-0.255392,-1.59809
0.00483975,0.000848124,0.031222;-1.56116,-0.272355,-1.60729
0.00359456,0.00341169,0.0289624;-1.56275,-0.309258,-1.5791
0.00228562,0.00225599,0.0297136;-1.53828,-0.314576,-1.55775
0.00102106,0.00129842,0.0311464;-1.51586,-0.313467,-1.54144
0.00172642,0.00428359,0.0290124;-1.55862,-0.275078,-1.55843
0.00166631,0.00483167,0.0286178;-1.57083,-0.264682,-1.56898
0.00161134,0.00490939,0.0285958;-1.57089,-0.259131,-1.57001
0.00170422,0.00514627,0.0287189;-1.56766,-0.247216,-1.56643
0.00187795,0.00555226,0.0292292;-1.54828,-0.234091,-1.55959
0.00170035,0.0061505,0.0321442;-1.50102,-0.211723,-1.54674
0.00157861,0.00814934,0.0299297;-1.53605,-0.211909,-1.56154
0.00135287,0.00954686,0.0287333;-1.56921,-0.215738,-1.57623
0.00141605,0.0095508,0.0287971;-1.57073,-0.209112,-1.58111
0.00183136,0.00948325,0.028691;-1.56946,-0.192154,-1.57548
0.00153197,0.00960911,0.0289568;-1.56274,-0.198158,-1.55896
0.000769454,0.00940207,0.0299038;-1.56473,-0.199473,-1.54293
0.000319502,0.0057539,0.0309672;-1.55855,-0.24941,-1.53
0.000584319,0.0065862,0.0289899;-1.56499,-0.24918,-1.55524
0.000720207,0.00662619,0.0286695;-1.57084,-0.249664,-1.56647
0.000768907,0.00659166,0.0287199;-1.56766,-0.29764,-1.57353
0.000575443,0.00661148,0.0289658;-1.55956,-0.307153,-1.55984
0.000120028,0.00605528,0.031217;-1.5573,-0.313475,-1.53499
-0.00179775,0.00820518,0.0325803;-1.56906,-0.301666,-1.50915
0.000459602,0.0105526,0.0312348;-1.55599,-0.273642,-1.53327
0.00205227,0.0106164,0.0294417;-1.56304,-0.261708,-1.56427
0.00225427,0.0112484,0.0289437;-1.57975,-0.245663,-1.57252
0.00236271,0.0111858,0.0293012;-1.56882,-0.251814,-1.55429
0.00198069,0.0105555,0.0315832;-1.56908,-0.255738,-1.52181
0.00105768,0.0107312,0.0349999;-1.57279,-0.288786,-1.4784
0.00359965,0.0126162,0.0327917;-1.57453,-0.266208,-1.50906
0.00549057,0.0130243,0.0303183;-1.56702,-0.257942,-1.54382
0.00594947,0.0125353,0.0291755;-1.56928,-0.257077,-1.56974
0.00557434,0.0121905,0.0287055;-1.57218,-0.266062,-1.56645
0.00538847,0.0118249,0.0293667;-1.57263,-0.271703,-1.54952
0.00538112,0.00760243,0.0329272;-1.55344,-0.304508,-1.50888
0.00816639,0.00913251,0.03085;-1.56177,-0.314536,-1.53702
0.00904557,0.00912721,0.0296656;-1.56531,-0.316701,-1.55783
0.00922193,0.00910966,0.0287607;-1.57178,-0.318916,-1.5796
0.00916239,0.00873469,0.0285846;-1.57086,-0.311633,-1.57051
0.00911316,0.00864897,0.0286897;-1.5708,-0.304703,-1.56556
0.00802377,0.00694518,0.0301636;-1.56109,-0.290451,-1.54596
0.00736618,0.00803923,0.0306598;-1.55251,-0.262827,-1.54153
0.00712913,0.0085989,0.0292277;-1.56066,-0.247654,-1.55996
0.00610914,0.00874413,0.028824;-1.57838,-0.186376,-1.57643
0.00610808,0.00899218,0.0288272;-1.57571,-0.184992,-1.5786
0.0059917,0.00920315,0.0290012;-1.58186,-0.184484,-1.58207
0.00371198,0.00592674,0.0299143;-1.60124,-0.121001,-1.57271
0.00253623,0.00376796,0.0295323;-1.59319,-0.107132,-1.56979
0.00204631,0.00256876,0.0290046;-1.58951,-0.10247,-1.571
0.000973067,0.00017664,0.0290834;-1.58214,-0.04124,-1.58391
0.000836611,-0.000993219,0.0290564;-1.57847,-0.0255231,-1.58633
0.000701611,-0.00278935,0.0295809;-1.57582,-0.00879213,-1.5932
0.00066127,-0.000614118,0.0295694;-1.58566,-0.0475915,-1.57795
0.000976328,-0.000378826,0.0291826;-1.58451,-0.0700638,-1.57053
0.000892685,-0.000772744,0.0291693;-1.58905,-0.0709864,-1.56136
0.00105957,-0.00348186,0.0289806;-1.57911,-0.0173377,-1.58184
0.000590968,-0.00805437,0.0306133;-1.57171,0.0144887,-1.60606
0.000576379,-0.00881142,0.0307615;-1.56844,0.0175445,-1.60953
0.000235875,-0.0100461,0.0295161;-1.56978,0.0205923,-1.59046
-0.0038153,-0.0116744,0.034089;-1.51399,0.0245703,-1.54698
-0.00360779,-0.012238,0.0363845;-1.45169,0.0092314,-1.56003
-0.00280614,-0.0114676,0.0370231;-1.41707,-0.00652225,-1.5783
-0.000556017,-0.00292354,0.0304318;-1.58641,-0.00305596,-1.59252
-0.000474152,0.000600658,0.0293004;-1.57652,-0.0273959,-1.57761
-0.000939416,0.00548141,0.0300478;-1.58753,-0.0507433,-1.55636
-0.00487033,0.00646051,0.0355321;-1.58139,-0.0375432,-1.50244
-0.00463746,0.00844432,0.0351013;-1.61059,-0.0563761,-1.51218
-0.00417165,0.010219,0.0356445;-1.64439,-0.0758868,-1.52852
0.0033824,0.0164188,0.0353423;-1.70875,-0.0949394,-1.58814
0.00458328,0.0175066,0.0356323;-1.70679,-0.113575,-1.60556
0.00440454,0.0181727,0.0359292;-1.71506,-0.122206,-1.59681
0.00266257,0.0202987,0.0375273;-1.7044,-0.135813,-1.5609
0.00257246,0.0189373,0.0369565;-1.6926,-0.134216,-1.56298
0.00123918,0.0144588,0.0354468;-1.67084,-0.120115,-1.581
0.00373514,0.00722407,0.0296019;-1.5793,-0.103771,-1.58787
0.00722402,0.0140327,0.0299239;-1.59411,-0.182709,-1.59037
0.00896471,0.0173441,0.0296391;-1.59307,-0.231424,-1.58943
0.00870109,0.0185821,0.0294169;-1.5858,-0.271459,-1.5725
0.0103466,0.0185875,0.0302089;-1.60757,-0.307432,-1.57542
0.0120348,0.0194814,0.0309002;-1.62704,-0.312603,-1.58558
0.0107842,0.0161946,0.0335458;-1.60692,-0.251006,-1.62582
0.010883,0.0136636,0.0343309;-1.61015,-0.217445,-1.63671
0.0118743,0.0129294,0.0347889;-1.60297,-0.208908,-1.64801
0.0135948,0.0166041,0.0321821;-1.64217,-0.229876,-1.59344
0.0140486,0.0190645,0.0337828;-1.64704,-0.251308,-1.56614
0.0161516,0.0201354,0.0333517;-1.63901,-0.280273,-1.55965
0.0166632,0.020475,0.0291418;-1.59343,-0.28922,-1.57212
0.0176471,0.0205084,0.0293108;-1.6011,-0.296931,-1.57809
0.0182231,0.0200277,0.0292603;-1.60325,-0.300945,-1.58343
0.0168677,0.019102,0.0323079;-1.65647,-0.278852,-1.59374
0.016209,0.0191889,0.0356361;-1.70122,-0.273595,-1.59397
0.0156302,0.0195351,0.0390954;-1.74253,-0.266372,-1.58917
0.0151978,0.018487,0.0369987;-1.71477,-0.279051,-1.60518
0.0178901,0.0204369,0.0337652;-1.66147,-0.327108,-1.61617
0.0210248,0.0236172,0.0328432;-1.65447,-0.383604,-1.61184
0.0191292,0.0212994,0.030983;-1.62328,-0.367616,-1.58422
0.0166433,0.021388,0.0329769;-1.61958,-0.352791,-1.54237
0.014464,0.021537,0.0369463;-1.63085,-0.342774,-1.50816
0.0128666,0.0206609,0.0362084;-1.62348,-0.314791,-1.51153
0.0140745,0.020888,0.0348221;-1.62666,-0.291284,-1.53438
0.0151018,0.0216451,0.0337036;-1.63941,-0.284755,-1.56165
0.0148505,0.0263429,0.0344865;-1.69838,-0.272676,-1.60534
0.0136171,0.0290464,0.0387327;-1.74297,-0.263815,-1.58676
0.0123613,0.0312447,0.0415999;-1.76787,-0.249982,-1.56613
0.0116747,0.0306311,0.0408936;-1.74619,-0.255598,-1.5545
0.00995636,0.0283753,0.0375428;-1.6998,-0.240885,-1.55691
0.00928819,0.0255556,0.0354133;-1.66272,-0.221577,-1.55286
0.00894695,0.0187245,0.0296435;-1.60498,-0.190724,-1.57599
0.00921676,0.018919,0.0338849;-1.64021,-0.204373,-1.55542
0.00741773,0.0179222,0.035487;-1.62545,-0.197376,-1.51828
0.00679994,0.0146188,0.035005;-1.60018,-0.230836,-1.51222
0.00634365,0.0111896,0.0315997;-1.58466,-0.248277,-1.53278
0.00750173,0.00772602,0.031871;-1.59661,-0.232736,-1.5676
0.0103282,-0.00563528,0.0354426;-1.56147,-0.148574,-1.64771
0.00913409,-0.0103383,0.0349277;-1.52875,-0.134078,-1.63467
0.00646386,-0.0181256,0.0372509;-1.46051,-0.128332,-1.60443
8.51433e-05,-0.02166,0.0376843;-1.39964,-0.187544,-1.54192
0.00158386,-0.0202257,0.037823;-1.40977,-0.177549,-1.56267
0.00118544,-0.0126056,0.0291736;-1.5619,-0.199807,-1.57938
0.00247276,-0.00771093,0.0294631;-1.57887,-0.245564,-1.58871
0.00294274,-0.00771155,0.0300419;-1.56937,-0.241237,-1.60002
0.00296073,-0.00807221,0.0302044;-1.56862,-0.242355,-1.60108
0.00389963,-0.0197826,0.0359941;-1.49485,-0.166849,-1.61083
0.00777063,-0.0284592,0.0421539;-1.40755,-0.12157,-1.62337
0.00815529,-0.0265552,0.0403303;-1.46259,-0.140048,-1.64648
0.00776941,-0.0242015,0.0373651;-1.53529,-0.151656,-1.66975
0.00519443,-0.0211893,0.0369858;-1.54176,-0.189117,-1.66607
0.00384033,-0.0196576,0.0342519;-1.55863,-0.1955,-1.64431
0.000283074,-0.0185889,0.0291192;-1.57556,-0.196504,-1.57402
-5.33229e-06,-0.0188663,0.028622;-1.57012,-0.207824,-1.57216
-0.000126082,-0.0188965,0.028619;-1.56932,-0.215191,-1.5713
0.000449899,-0.0189253,0.0289974;-1.57607,-0.208295,-1.57871
0.00155442,-0.0180896,0.0304781;-1.56688,-0.195609,-1.59891
0.00297585,-0.0180035,0.0324707;-1.55315,-0.183677,-1.62086
0.00833888,-0.0232087,0.0397659;-1.43973,-0.14677,-1.62034
0.00889797,-0.0223346,0.0412106;-1.4109,-0.184327,-1.61293
0.00833768,-0.0216297,0.0413707;-1.42145,-0.190166,-1.62928
0.00631207,-0.0163498,0.0406947;-1.47965,-0.2097,-1.67066
0.00607457,-0.015965,0.0409909;-1.47618,-0.210258,-1.67322
0.00789428,-0.0175733,0.0406622;-1.48374,-0.185598,-1.67717
0.00789428,-0.0175733,0.0406622;-1.48374,-0.185598,-1.67717
0.01193,-0.0192387,0.039947;-1.49043,-0.150364,-1.67754
0.01193,-0.0192387,0.039947;-1.49043,-0.150364,-1.67754
