0,0,0.11;-1.57,-2.98023e-08,-1.57
0,0,0.11;-1.57,-2.98023e-08,-1.57
0,0,0.11;-1.57,-2.98023e-08,-1.57
0.000222452,0.00710027,0.0286161;-1.57082,-0.135047,-1.57245
4.98849e-05,0.00605999,0.0285793;-1.57077,-0.0868625,-1.57068
-0.00163135,0.00126857,0.0298621;-1.58151,-0.0372527,-1.56322
-0.0040765,-0.0229072,0.0347339;-1.46639,-0.019706,-1.5582
-0.00427599,-0.015873,0.0285911;-1.57158,-0.118955,-1.57198
-0.00402128,-0.0158315,0.0288179;-1.56408,-0.103316,-1.5747
-0.00406048,-0.0150307,0.0286389;-1.57073,-0.116199,-1.57353
-0.00403279,-0.0161128,0.0286208;-1.57088,-0.0275201,-1.56873
-0.00649266,-0.0204544,0.0310032;-1.59992,0.0292077,-1.55605
-0.00952418,-0.0399592,0.0380462;-1.60075,0.12327,-1.54776
-0.00943586,-0.0477967,0.0321379;-1.51271,0.0772418,-1.56259
-0.00803382,-0.0401628,0.0286967;-1.57684,0.0236428,-1.57052
-0.00772492,-0.0402802,0.0287253;-1.56671,0.0259824,-1.57373
-0.00786755,-0.0421019,0.0285791;-1.57075,0.0938435,-1.57081
-0.00989661,-0.0453053,0.0300842;-1.59093,0.131413,-1.55969
-0.0150967,-0.0628674,0.0363161;-1.63547,0.21444,-1.54217
-0.0186425,-0.0848626,0.0385868;-1.40204,0.213911,-1.58068
-0.0179763,-0.0798703,0.0330495;-1.48729,0.151632,-1.5773
-0.0161794,-0.0745336,0.0285532;-1.56977,0.0983652,-1.57132
-0.0162283,-0.0749371,0.0285799;-1.57078,0.124102,-1.57079
-0.0166473,-0.0750788,0.0286373;-1.57043,0.165357,-1.56681
-0.0206743,-0.08078,0.0309822;-1.59294,0.22233,-1.55073
-0.0262243,-0.0968262,0.0348672;-1.5173,0.275551,-1.56787
-0.0266912,-0.0974882,0.030377;-1.53525,0.225685,-1.57345
-0.0249438,-0.0939317,0.0288495;-1.56285,0.202075,-1.57745
-0.024901,-0.0938991,0.0287169;-1.56767,0.210663,-1.57491
-0.0249708,-0.0944905,0.0285757;-1.57091,0.252893,-1.57076
-0.0333866,-0.105806,0.0345537;-1.6587,0.383913,-1.52452
-0.0415973,-0.126807,0.0406446;-1.47124,0.454565,-1.58002
-0.044881,-0.134904,0.0384885;-1.3854,0.398109,-1.62049
-0.0398026,-0.124186,0.0285719;-1.57053,0.339046,-1.57109
-0.0398116,-0.124577,0.0288074;-1.56366,0.346351,-1.57728
-0.0398204,-0.125214,0.0287249;-1.5658,0.363929,-1.57488
-0.0444842,-0.129106,0.0308666;-1.59589,0.444992,-1.54497
-0.0569048,-0.147862,0.0373954;-1.54147,0.530307,-1.56249
-0.0647496,-0.163037,0.0381007;-1.38061,0.511254,-1.64492
-0.0616081,-0.154374,0.0285048;-1.56884,0.390788,-1.57129
-0.0617016,-0.154738,0.028841;-1.56047,0.395736,-1.57773
-0.0617492,-0.154682,0.0286274;-1.57023,0.39582,-1.57276
-0.0630674,-0.155075,0.0288557;-1.57347,0.508106,-1.56156
-0.0717438,-0.163802,0.0327816;-1.61036,0.583156,-1.53146
-0.0836575,-0.183314,0.0399688;-1.44784,0.662501,-1.61617
-0.0854501,-0.18269,0.0287891;-1.58478,0.528794,-1.55982
-0.0843509,-0.182272,0.0285787;-1.57084,0.523807,-1.57074
-0.0842385,-0.182901,0.028771;-1.56507,0.546719,-1.57795
-0.0847502,-0.182929,0.0288113;-1.57509,0.645043,-1.56008
-0.0928373,-0.188193,0.0320725;-1.6253,0.704337,-1.52076
-0.108744,-0.204791,0.0392286;-1.52864,0.803406,-1.57276
-0.113392,-0.209927,0.0285943;-1.59316,0.680374,-1.55414
-0.112426,-0.209768,0.0285739;-1.57092,0.654613,-1.57069
-0.112549,-0.210086,0.0288013;-1.56244,0.660779,-1.57983
-0.113362,-0.210452,0.0287176;-1.57111,0.724309,-1.56331
-0.121452,-0.21475,0.0310618;-1.59287,0.776931,-1.53701
-0.138552,-0.230192,0.0378321;-1.42351,0.859246,-1.65572
-0.141994,-0.231606,0.0289783;-1.55688,0.736297,-1.57104
-0.140668,-0.230669,0.0285721;-1.57141,0.727724,-1.57069
-0.140674,-0.231272,0.0288557;-1.5576,0.75852,-1.58334
-0.140691,-0.23158,0.0285865;-1.57061,0.837827,-1.5704
-0.143796,-0.231933,0.0298491;-1.58466,0.904872,-1.54789
-0.158987,-0.240684,0.035939;-1.54393,1.00526,-1.57405
-0.168851,-0.248019,0.0344442;-1.39109,0.974201,-1.70281
-0.163357,-0.244416,0.0287897;-1.57772,0.929741,-1.55819
-0.162693,-0.244469,0.0285781;-1.57055,0.912202,-1.57123
-0.162955,-0.244951,0.0285799;-1.57091,0.955786,-1.57074
-0.162783,-0.244526,0.0287332;-1.57245,1.01234,-1.56264
-0.170083,-0.245716,0.0317998;-1.63805,1.06953,-1.494
-0.20639,-0.26268,0.0395465;-1.15531,1.11335,-1.91384
-0.206151,-0.260862,0.0347353;-1.33764,1.06928,-1.76454
-0.200463,-0.257745,0.0286098;-1.57014,1.02155,-1.56848
-0.200817,-0.258152,0.0286831;-1.56412,1.03196,-1.57837
-0.2008,-0.258102,0.0285789;-1.57053,1.059,-1.57106
-0.202268,-0.257638,0.028959;-1.56433,1.10599,-1.56525
-0.236402,-0.270249,0.0397661;-1.15312,1.25465,-1.93336
-0.245966,-0.273642,0.0369701;-1.1635,1.1838,-1.93357
-0.237959,-0.268555,0.0294426;-1.52016,1.14223,-1.60914
-0.235165,-0.268869,0.0288486;-1.54614,1.17826,-1.59689
-0.235242,-0.269101,0.0285798;-1.57046,1.22062,-1.57116
-0.235415,-0.268225,0.0289117;-1.58757,1.27618,-1.54236
-0.271343,-0.274326,0.0400786;-0.769662,1.40883,-2.32358
-0.283833,-0.276852,0.0392182;-0.758004,1.31365,-2.34042
-0.275923,-0.272739,0.0291239;-1.5087,1.32236,-1.62397
-0.2741,-0.273281,0.0289266;-1.511,1.33474,-1.6314
-0.274309,-0.273509,0.0285798;-1.57056,1.36582,-1.57099
-0.27497,-0.272955,0.0289007;-1.61002,1.4091,-1.52316
-0.315697,-0.275047,0.0393139;-0.0203766,1.41356,-3.07691
-0.325504,-0.27483,0.038313;-0.410329,1.377,-2.70782
-0.316235,-0.27183,0.0293069;-1.45357,1.42205,-1.67771
-0.314755,-0.271994,0.0288472;-1.5125,1.40611,-1.63156
-0.314901,-0.272093,0.0285786;-1.57067,1.43924,-1.57076
-0.315182,-0.272039,0.0287069;-1.5715,1.45689,-1.564
-0.339703,-0.27004,0.0369786;0.759798,1.48446,2.4049
-0.353759,-0.27067,0.0355618;0.123688,1.4405,3.02949
-0.350036,-0.270393,0.0327308;0.190354,1.49692,2.96518
-0.344464,-0.271196,0.0286515;-1.41495,1.54791,-1.72677
-0.345531,-0.271467,0.0288583;0.762211,1.55468,2.37739
-0.345763,-0.271398,0.0285939;1.56911,1.52225,1.57337
-0.348003,-0.269737,0.029695;1.65434,1.47768,1.50319
-0.38946,-0.260723,0.0393539;0.859396,1.29725,2.29732
-0.390743,-0.258936,0.0353196;0.851296,1.38411,2.29595
-0.384222,-0.25956,0.0286498;1.5498,1.48349,1.5983
-0.384006,-0.259866,0.0286391;1.54552,1.47657,1.59518
-0.384047,-0.259957,0.0285807;1.56994,1.44951,1.57165
-0.384244,-0.259421,0.0288214;1.57138,1.4035,1.58243
-0.416791,-0.24808,0.0375395;1.20523,1.22498,1.95082
-0.428266,-0.243943,0.0357308;1.09809,1.28696,2.04255
-0.421415,-0.242902,0.0287556;1.56525,1.38382,1.58364
-0.420967,-0.243489,0.028755;1.52785,1.37476,1.61298
-0.420891,-0.243669,0.0285835;1.57037,1.34436,1.57135
-0.421034,-0.243657,0.0288395;1.56772,1.30324,1.58548
-0.448054,-0.232814,0.0375049;1.35286,1.12287,1.80125
-0.462055,-0.228438,0.0354696;1.24615,1.17407,1.88784
-0.455746,-0.228755,0.028738;1.5705,1.25193,1.57885
-0.455671,-0.229996,0.0287844;1.54612,1.21641,1.59288
-0.455829,-0.230306,0.0286086;1.56715,1.1797,1.57412
-0.455568,-0.230404,0.0287461;1.57118,1.12871,1.57855
-0.47726,-0.213015,0.0365915;1.47544,0.954919,1.67896
-0.492408,-0.204606,0.0385038;1.28916,0.948081,1.83369
-0.489936,-0.204938,0.0326088;1.43109,1.02414,1.70396
-0.487758,-0.206615,0.0288578;1.54328,1.06867,1.59416
-0.488295,-0.206909,0.028681;1.56149,1.03918,1.57831
-0.488421,-0.207317,0.0285797;1.5706,0.998992,1.57091
-0.495527,-0.196235,0.0326116;1.61378,0.855417,1.56225
-0.515267,-0.178438,0.0388409;1.37112,0.747811,1.75379
-0.522671,-0.171876,0.0382428;1.3325,0.798944,1.77024
-0.515437,-0.17853,0.0285787;1.57099,0.86246,1.57084
-0.516488,-0.178416,0.0289103;1.54758,0.82931,1.58794
-0.516665,-0.178424,0.0288984;1.54826,0.819956,1.58742
-0.517783,-0.174283,0.0302855;1.58905,0.73805,1.57517
-0.530745,-0.15717,0.0358455;1.58786,0.643566,1.5867
-0.544396,-0.141277,0.0405773;1.34616,0.608289,1.74656
-0.538926,-0.149612,0.0286521;1.56939,0.705885,1.57902
-0.538987,-0.149788,0.0288608;1.55328,0.693582,1.58208
-0.539325,-0.149967,0.0288064;1.55687,0.678156,1.57963
-0.539302,-0.149124,0.0289968;1.57408,0.603319,1.58294
-0.545191,-0.135675,0.0329508;1.62172,0.536316,1.56767
-0.560573,-0.110006,0.039488;1.39166,0.436443,1.69501
-0.562834,-0.107091,0.0287694;1.57687,0.545218,1.57447
-0.562619,-0.108328,0.0285677;1.573,0.569541,1.57102
-0.563149,-0.107942,0.0287736;1.56105,0.55256,1.57507
-0.563206,-0.107624,0.0288506;1.5715,0.469396,1.58386
-0.563606,-0.10013,0.0315377;1.58901,0.394629,1.5908
-0.572296,-0.0777741,0.0377513;1.44747,0.281776,1.65072
-0.575888,-0.0714837,0.0287611;1.57849,0.379618,1.57495
-0.57599,-0.0726381,0.0285895;1.56982,0.384572,1.5724
-0.576708,-0.0723422,0.028884;1.55519,0.357229,1.57642
-0.576829,-0.0722482,0.0287728;1.57165,0.295632,1.58089
-0.57629,-0.0644717,0.0311475;1.59293,0.240975,1.58471
-0.581903,-0.0385571,0.0371544;1.49859,0.140783,1.61941
-0.584701,-0.0292,0.0325989;1.50222,0.210178,1.60248
-0.584145,-0.0340741,0.0286516;1.57113,0.246771,1.57516
-0.584608,-0.0340514,0.0289789;1.55189,0.223113,1.57426
-0.584825,-0.0344645,0.0285823;1.57113,0.177916,1.57099
-0.583923,-0.0325782,0.0293819;1.5738,0.136518,1.58488
-0.583808,-0.0152227,0.0335605;1.61173,0.0493474,1.59182
-0.58687,0.0190726,0.0384731;1.40675,0.0199856,1.60417
-0.587367,0.0102007,0.028869;1.57317,0.0666819,1.5831
-0.587463,0.00996293,0.0286069;1.57091,0.0923185,1.57213
-0.588561,0.0102997,0.0286706;1.56643,0.0328967,1.57094
-0.588568,0.0100644,0.0287668;1.57112,-0.0133761,1.58014
-0.585724,0.0158645,0.0307334;1.58484,-0.0654085,1.5917
-0.581081,0.0613215,0.0404017;1.38624,-0.178672,1.58135
-0.581406,0.0554241,0.0344746;1.47582,-0.124402,1.57959
-0.583301,0.0487668,0.0287352;1.57123,-0.0981602,1.57868
-0.583854,0.0489705,0.0288262;1.55886,-0.123336,1.56948
-0.584187,0.0489109,0.0286088;1.57061,-0.155927,1.57216
-0.583009,0.0500132,0.029195;1.57678,-0.193968,1.58711
-0.570284,0.0928956,0.0400058;1.40659,-0.361524,1.56301
-0.568935,0.101015,0.0389306;1.38787,-0.309961,1.54396
-0.57273,0.0913793,0.028718;1.58585,-0.286448,1.58245
-0.573714,0.090674,0.0287969;1.55999,-0.282383,1.56795
-0.574055,0.0905866,0.028578;1.57081,-0.307617,1.57087
-0.573776,0.0907572,0.0289074;1.57516,-0.331263,1.58458
-0.556516,0.12322,0.0385187;1.42512,-0.489899,1.54654
-0.552862,0.135774,0.0382491;1.37863,-0.443864,1.50727
-0.557242,0.128846,0.0287737;1.57263,-0.419937,1.58032
-0.557917,0.128369,0.0288287;1.55828,-0.424207,1.56526
-0.558293,0.12858,0.0285123;1.57398,-0.46779,1.57254
-0.558146,0.128563,0.0288193;1.57296,-0.505896,1.58256
-0.558146,0.128563,0.0288193;1.57296,-0.505896,1.58256
-0.551923,0.134808,0.0314911;1.59541,-0.571231,1.60802
-0.551923,0.134808,0.0314911;1.59541,-0.571231,1.60802
