0,0,0.11;-1.57,-2.98023e-08,-1.57
0,0,0.11;-1.57,-2.98023e-08,-1.57
0,0,0.11;-1.57,-2.98023e-08,-1.57
-0.000539483,-0.00153984,0.0286014;-1.57074,-0.205839,-1.57178
-0.000722567,-0.00121615,0.0285959;-1.57019,-0.224777,-1.56952
-0.000624061,-0.00132739,0.029199;-1.55134,-0.2232,-1.55546
-1.88161e-05,0.000311394,0.0298657;-1.54594,-0.177792,-1.55143
0.000847808,-0.00124787,0.0286634;-1.57072,-0.163655,-1.57485
0.000281383,-0.00169595,0.02858;-1.57077,-0.176911,-1.57083
0.000238053,-0.00161683,0.0287239;-1.57169,-0.164901,-1.5641
0.000270847,-0.00184179,0.0289124;-1.56604,-0.167153,-1.55835
-0.000100683,-0.00231607,0.029177;-1.55696,-0.179328,-1.55318
-8.39226e-05,-0.00155059,0.029993;-1.54299,-0.165477,-1.54772
-0.000458136,-0.00181272,0.0300012;-1.54159,-0.191784,-1.5492
-0.000851903,-0.00386227,0.0289577;-1.55998,-0.237414,-1.56057
-0.000865419,-0.00403555,0.0285939;-1.57047,-0.246687,-1.57008
-0.000736951,-0.0040105,0.0286492;-1.5708,-0.246204,-1.57404
-0.000851677,-0.00394996,0.0285994;-1.56977,-0.240446,-1.57044
-0.000664861,-0.0038447,0.0291433;-1.55658,-0.218212,-1.55442
-0.00136029,-0.0056498,0.0331145;-1.54657,-0.203649,-1.50898
-0.00224701,-0.00820914,0.0318914;-1.559,-0.228196,-1.52196
-0.00314448,-0.00934131,0.0294521;-1.56771,-0.24177,-1.55178
-0.00310029,-0.0103637,0.0288279;-1.57436,-0.254645,-1.56304
-0.00328946,-0.0102902,0.0285886;-1.57053,-0.289878,-1.57096
-0.00414771,-0.00923846,0.0290346;-1.55664,-0.337675,-1.57441
-0.0050154,-0.00612596,0.0295479;-1.53839,-0.37379,-1.56178
-0.00521413,-0.0042648,0.0289612;-1.55101,-0.391328,-1.56285
-0.0048272,-0.00303351,0.0287161;-1.56597,-0.413766,-1.57116
-0.00461874,-0.00327961,0.0287193;-1.57423,-0.406388,-1.57605
-0.00481987,-0.00395051,0.029063;-1.59278,-0.379873,-1.58199
-0.00518205,-0.00616868,0.0294366;-1.55384,-0.351023,-1.5774
-0.0061436,-0.00700144,0.0335397;-1.48133,-0.336494,-1.55662
-0.00497426,-0.013398,0.0349688;-1.45135,-0.254589,-1.54808
0.00126027,-0.0246668,0.036289;-1.42201,-0.0727789,-1.56387
0.00492481,-0.0281867,0.0393916;-1.35465,-0.00234241,-1.57198
0.00567942,-0.0290708,0.0408319;-1.32443,0.0161709,-1.57531
0.00607812,-0.0308898,0.0413789;-1.31631,0.0123301,-1.57538
0.00499968,-0.0298214,0.0398552;-1.35239,-0.000328988,-1.57413
0.00362031,-0.0279608,0.0401676;-1.35385,-0.0116052,-1.56942
-0.00579995,-0.00956938,0.0436712;-1.31118,-0.0626891,-1.55756
-0.00946308,0.00417046,0.0465792;-1.32872,-0.100105,-1.53173
-0.00905647,0.00769657,0.0471508;-1.2974,-0.136144,-1.53165
-0.00771759,0.00373111,0.0477069;-1.22728,-0.196344,-1.54196
-0.00651784,0.00321081,0.0448038;-1.29921,-0.176042,-1.56273
-0.00508906,0.000103855,0.0437416;-1.30666,-0.142114,-1.55957
0.000175324,-0.00959585,0.0416541;-1.32327,-0.0581616,-1.56906
0.00206749,-0.0103935,0.0391776;-1.37691,-0.0200321,-1.57608
0.00319077,-0.00989815,0.0374817;-1.41262,0.026154,-1.58304
0.00328246,-0.00895779,0.0388282;-1.38363,0.0358564,-1.58322
0.0048041,-0.0128307,0.0385257;-1.37854,0.0305617,-1.57896
0.00548559,-0.0140216,0.0385557;-1.37488,0.0331149,-1.5769
0.00636173,-0.0160933,0.0365761;-1.40795,0.0278194,-1.57309
0.00685257,-0.015216,0.035502;-1.43199,0.0338197,-1.57409
0.00708009,-0.0145283,0.0350267;-1.44338,0.0388196,-1.57695
0.00664966,-0.00912859,0.0336208;-1.47691,0.0576294,-1.57933
0.00771168,-0.00539954,0.0352583;-1.44247,0.0959305,-1.58229
0.00795242,-0.00547173,0.0379356;-1.39252,0.135371,-1.59358
0.00662223,-0.00449827,0.0359004;-1.45551,0.0676705,-1.56076
0.00630074,-0.00369836,0.0332062;-1.49381,0.0295696,-1.55998
0.00540377,-0.00560888,0.0306265;-1.52426,-0.0047033,-1.56622
0.00578865,-0.00594015,0.0286737;-1.56915,0.00539347,-1.57364
0.00597752,-0.0068119,0.0289268;-1.57416,0.0269401,-1.58385
0.00600664,-0.00680179,0.0292802;-1.57116,0.0317597,-1.58448
0.00784374,-0.0122774,0.0336019;-1.52125,0.0899924,-1.61277
0.00929148,-0.0149101,0.0354595;-1.50418,0.115035,-1.6287
0.00974,-0.013837,0.0354567;-1.52003,0.127863,-1.63433
0.00889813,-0.00934491,0.0344021;-1.52836,0.0990102,-1.6307
0.00845534,-0.00792583,0.0339017;-1.51253,0.0735388,-1.61302
0.0078741,-0.00513607,0.0310539;-1.52309,0.0534082,-1.58413
0.00786656,-0.00275271,0.031647;-1.49997,0.0388188,-1.5765
0.00709175,-0.0024766,0.0296811;-1.53814,0.0288317,-1.57273
0.00638729,-0.00152095,0.0291218;-1.54758,0.0187524,-1.57395
0.00637545,-0.000580101,0.0295334;-1.5506,0.036802,-1.57657
0.00656995,-0.000609987,0.0297915;-1.55379,0.0308182,-1.58377
0.00663974,-0.000163616,0.029768;-1.54863,0.0270221,-1.58043
0.00371165,0.00549435,0.033751;-1.50636,-0.0281988,-1.60449
0.00613893,0.00300803,0.0342829;-1.52592,0.00621874,-1.63006
0.00717779,0.000888139,0.0356154;-1.54449,0.0343134,-1.66077
0.00797495,0.00443547,0.0340476;-1.5473,0.0136114,-1.64211
0.00844045,0.0052935,0.0358344;-1.55075,0.0174324,-1.66348
0.00855128,0.0058022,0.0361034;-1.54402,0.0164911,-1.6639
0.00908723,0.00545765,0.0352319;-1.51676,0.0355932,-1.63585
0.00930581,0.00652822,0.0335109;-1.53494,0.0180547,-1.6263
0.00886824,0.0140872,0.0312006;-1.56643,-0.0557253,-1.61412
0.0111297,0.0243567,0.0305187;-1.5721,-0.136263,-1.6043
0.0107954,0.0243881,0.02998;-1.57369,-0.126555,-1.59613
0.00995151,0.0227623,0.0296034;-1.56294,-0.105444,-1.58799
0.00623776,0.0156498,0.0298623;-1.55835,-0.0291928,-1.56863
0.00521003,0.0118072,0.0302842;-1.57795,0.0197103,-1.57056
0.0038662,0.00934575,0.0308888;-1.56937,0.0599156,-1.56583
0.00498246,0.00566391,0.0322498;-1.63497,0.0395703,-1.5693
0.00618281,0.00336688,0.0307893;-1.6142,-0.00846012,-1.57604
0.00586379,0.0035982,0.030116;-1.59846,-0.0365639,-1.58082
0.00406636,0.00797333,0.0300693;-1.55081,-0.118977,-1.58574
0.00340628,0.0121214,0.0298203;-1.55866,-0.15444,-1.58333
0.00341678,0.0149127,0.0296322;-1.55983,-0.183623,-1.58325
0.00452662,0.0184845,0.0295197;-1.58005,-0.211573,-1.59141
0.00486331,0.0172743,0.0292454;-1.57255,-0.185033,-1.59019
0.00460987,0.0143419,0.0299877;-1.57217,-0.141142,-1.59289
0.00460323,0.0108784,0.0297941;-1.5707,-0.0922211,-1.58386
0.00717931,-0.00330133,0.0366262;-1.44234,0.0197533,-1.5939
0.0104832,-0.0101563,0.0393079;-1.38692,0.081658,-1.61395
0.0103359,-0.0117824,0.0392733;-1.40756,0.0940574,-1.62471
0.00914208,-0.0135492,0.0376475;-1.44571,0.0982051,-1.6288
0.00948692,-0.01513,0.0379448;-1.42689,0.113576,-1.61968
0.00811228,-0.0165405,0.03889;-1.37973,0.112206,-1.6017
0.00699638,-0.0186957,0.0410082;-1.33342,0.0897927,-1.60128
0.00934715,-0.0192389,0.0414364;-1.32339,0.117579,-1.61048
0.0108972,-0.0176157,0.0383309;-1.39272,0.129982,-1.5998
0.0103101,-0.0180498,0.031885;-1.53216,0.0857618,-1.58916
0.0127221,-0.0196226,0.0349265;-1.56018,0.10252,-1.60591
0.0131251,-0.0174943,0.0400771;-1.58202,0.116829,-1.57983
0.0127902,-0.0112574,0.0395308;-1.52486,0.120089,-1.551
0.0152106,-0.0121165,0.0380008;-1.52252,0.12851,-1.57325
0.0179115,-0.0133528,0.0352469;-1.53369,0.133344,-1.61455
0.0175558,-0.0140433,0.0344719;-1.57562,0.0998288,-1.64506
0.0169654,-0.01148,0.0319118;-1.57347,0.0913764,-1.61852
0.0163985,-0.00873904,0.0299915;-1.5764,0.0893553,-1.59437
0.0133676,-0.00922633,0.0342462;-1.50827,0.11119,-1.57789
0.0133414,-0.0105859,0.034546;-1.50546,0.108763,-1.57269
0.0160237,-0.00801867,0.0294478;-1.57824,0.1315,-1.5803
0.0161547,-0.00623726,0.0299882;-1.57132,0.121398,-1.58833
0.0152916,-0.00575168,0.030198;-1.583,0.118621,-1.57985
0.0141738,-0.00539169,0.0310359;-1.59176,0.118835,-1.58064
0.0111225,-0.00288676,0.0316276;-1.61216,0.133745,-1.54655
0.00930844,-0.00394887,0.0337794;-1.58313,0.143027,-1.52587
0.0109313,-0.00693136,0.0401123;-1.58955,0.140183,-1.52072
0.0205493,0.00476581,0.036898;-1.72349,0.195814,-1.56007
0.0194086,-0.000449461,0.0345363;-1.58767,0.191735,-1.61988
0.0192525,0.000203843,0.0325256;-1.62322,0.191455,-1.58606
0.0181538,0.00256262,0.0330774;-1.67334,0.203529,-1.54743
0.018094,0.00529136,0.0395956;-1.76342,0.187127,-1.50663
0.0184765,0.00398366,0.04256;-1.79047,0.152942,-1.48505
0.020372,0.00467161,0.0365477;-1.73271,0.190183,-1.53447
0.0197299,0.00272965,0.034528;-1.68319,0.196168,-1.53955
0.0200063,0.00317053,0.0335481;-1.66273,0.216129,-1.54093
0.0226624,0.0120305,0.0374098;-1.72324,0.267492,-1.50824
0.0225222,0.0124536,0.0385348;-1.74248,0.235998,-1.50386
0.0210607,0.0115101,0.0363603;-1.70941,0.224323,-1.5188
0.0224697,0.0148247,0.0383012;-1.75795,0.24643,-1.54247
0.0225118,0.0136875,0.0387634;-1.70357,0.243289,-1.5911
0.0225417,0.0115944,0.0384944;-1.66077,0.240432,-1.62333
0.0223456,0.0118571,0.0352363;-1.63031,0.26716,-1.61083
0.0213441,0.012271,0.0344249;-1.63693,0.254907,-1.59239
0.0183027,0.0164075,0.0362427;-1.71076,0.220585,-1.549
0.021907,0.025562,0.0418542;-1.81465,0.302527,-1.52336
0.023177,0.0241158,0.0411409;-1.76314,0.32603,-1.54976
0.0245326,0.0214686,0.0416191;-1.72595,0.336668,-1.5657
0.0288937,0.0240513,0.0406406;-1.67157,0.312194,-1.62525
0.030054,0.0262933,0.0413451;-1.71721,0.286424,-1.60903
0.0312388,0.0271027,0.0410145;-1.69927,0.259583,-1.6205
0.0315472,0.0327045,0.040937;-1.79597,0.230074,-1.54307
0.03427,0.0358352,0.0414764;-1.81249,0.22655,-1.54275
0.0360331,0.0379176,0.0408653;-1.74841,0.188974,-1.58865
0.0329618,0.0277197,0.0397849;-1.6035,0.245541,-1.67326
0.0304471,0.0220381,0.0371323;-1.59421,0.280877,-1.66551
0.0268201,0.0166648,0.0382996;-1.69667,0.322692,-1.57929
0.0250314,0.0144911,0.0510656;-1.8023,0.357057,-1.49448
0.0242636,0.0146361,0.0498942;-1.80539,0.352908,-1.50499
0.0247836,0.0149618,0.0420738;-1.78744,0.356632,-1.52855
0.0208792,0.0144833,0.0358194;-1.68405,0.269593,-1.56651
0.0219861,0.0143832,0.0348162;-1.64942,0.26896,-1.58799
0.0209681,0.012912,0.0347646;-1.66183,0.291197,-1.57606
0.0207406,0.0153717,0.0378465;-1.76401,0.289297,-1.51934
0.0221068,0.0170057,0.0407434;-1.81378,0.28602,-1.51899
0.0228183,0.0173969,0.0438771;-1.85391,0.285747,-1.52424
0.0225475,0.0135265,0.0418473;-1.84096,0.340965,-1.48888
0.0172427,0.00737766,0.0374473;-1.70863,0.394563,-1.5367
0.0128871,0.00443746,0.0343512;-1.68363,0.431285,-1.5152
0.0182093,0.0179314,0.0458813;-1.85407,0.471733,-1.37954
0.0198986,0.0194177,0.0471574;-1.90535,0.450565,-1.37295
0.0185088,0.0164558,0.0464547;-1.89942,0.411503,-1.39586
0.0161752,0.00953214,0.0424104;-1.85514,0.320572,-1.4704
0.0173502,0.00896988,0.0394963;-1.79543,0.334119,-1.50919
0.0158058,0.00414741,0.0362273;-1.64807,0.349309,-1.60156
0.012377,0.00375988,0.0318551;-1.64316,0.338262,-1.54968
0.0108763,0.00349547,0.0325683;-1.64832,0.349074,-1.53365
0.00988081,0.00310822,0.0350112;-1.68842,0.35176,-1.51862
0.00799644,0.00361791,0.0385815;-1.74303,0.355827,-1.49489
0.00907903,-4.61824e-05,0.0378299;-1.72293,0.388874,-1.51041
0.00777794,-0.00412071,0.0324806;-1.59988,0.425353,-1.58168
0.00777794,-0.00412071,0.0324806;-1.59988,0.425353,-1.58168
0.00762748,-0.00458207,0.0321862;-1.58263,0.436326,-1.6142
0.00762748,-0.00458207,0.0321862;-1.58263,0.436326,-1.6142
