0,0,0.11;-1.57,-2.98023e-08,-1.57
0,0,0.11;-1.57,-2.98023e-08,-1.57
0,0,0.11;-1.57,-2.98023e-08,-1.57
0.000375145,0.00340922,0.0286493;-1.57199,-0.176697,-1.574
0.000294361,0.00377094,0.0287597;-1.57131,-0.185028,-1.5791
0.000264304,0.00325374,0.0293483;-1.5797,-0.173347,-1.58721
0.000168019,-0.00726944,0.0346975;-1.55881,-0.128921,-1.60654
-0.0016185,-0.0112994,0.029815;-1.56077,-0.168199,-1.5883
-0.00151314,-0.00982943,0.0288173;-1.57511,-0.201676,-1.57899
-0.00144264,-0.00978708,0.0287601;-1.5739,-0.210638,-1.5771
-0.00115881,-0.0104693,0.028638;-1.57064,-0.198413,-1.57349
-0.000229239,-0.0123143,0.0288357;-1.56342,-0.147086,-1.57484
0.00175855,-0.0172071,0.0317396;-1.51277,-0.0985493,-1.56688
0.000760921,-0.0206028,0.0398581;-1.35535,-0.0961381,-1.54381
-0.00102149,-0.0214041,0.0389779;-1.37027,-0.150168,-1.53935
-0.00261877,-0.017367,0.0339025;-1.46908,-0.190522,-1.54823
-0.00489659,-0.0157481,0.0286872;-1.57091,-0.344822,-1.56558
-0.00533425,-0.0165007,0.0285805;-1.57081,-0.383521,-1.5708
-0.00571397,-0.0166386,0.0287771;-1.57671,-0.364847,-1.569
-0.00655016,-0.0180712,0.0322243;-1.61018,-0.274691,-1.59169
-0.00502802,-0.0144219,0.0366147;-1.69113,-0.288085,-1.60004
-0.00319895,-0.00793439,0.0372392;-1.72339,-0.323458,-1.60985
-0.00211594,-0.00408612,0.0317206;-1.63923,-0.367089,-1.60217
-0.00129987,-0.00818804,0.0288954;-1.57857,-0.323765,-1.58101
-0.00131811,-0.00919963,0.0287845;-1.5769,-0.300874,-1.57673
-0.00110694,-0.0110128,0.0291887;-1.5871,-0.265759,-1.58195
-9.9402e-05,-0.0136674,0.0313439;-1.5911,-0.232693,-1.58803
-0.00528112,0.00882086,0.040976;-1.77208,-0.317805,-1.59996
-0.00509502,0.0233723,0.0405388;-1.75317,-0.356716,-1.59336
-0.00667396,0.0354126,0.0383871;-1.7144,-0.414201,-1.58676
-0.0144368,0.0401823,0.0365852;-1.68136,-0.370106,-1.56683
-0.0175195,0.0379721,0.0350692;-1.66931,-0.339581,-1.56528
-0.0182795,0.034128,0.0360799;-1.66187,-0.30178,-1.55509
-0.0169418,0.0316203,0.039485;-1.68439,-0.284012,-1.56401
-0.0166291,0.0412627,0.0384618;-1.73955,-0.297478,-1.59868
-0.0142822,0.0475531,0.0385645;-1.7579,-0.322269,-1.62157
-0.0153748,0.0512969,0.0354909;-1.71089,-0.296421,-1.62154
-0.0155874,0.0469665,0.0340264;-1.67953,-0.261934,-1.60906
-0.0158565,0.0411418,0.0341693;-1.66448,-0.216014,-1.61141
-0.0166602,0.0351573,0.0348618;-1.68613,-0.188381,-1.60805
-0.0170438,0.04337,0.0366275;-1.73321,-0.242259,-1.61391
-0.0168944,0.0501102,0.0351154;-1.69807,-0.270891,-1.60123
-0.0164713,0.0683018,0.0339957;-1.67155,-0.358549,-1.60077
-0.0172259,0.0714838,0.035616;-1.69968,-0.35102,-1.60688
-0.0194917,0.0721103,0.0352183;-1.70685,-0.317987,-1.61038
-0.0225485,0.0591233,0.0349936;-1.68039,-0.239866,-1.59805
-0.0243213,0.0570605,0.0348082;-1.66292,-0.215821,-1.56499
-0.0256985,0.0630162,0.0361738;-1.67039,-0.213481,-1.54948
-0.0207775,0.0739809,0.0352956;-1.61418,-0.295699,-1.53876
-0.0179316,0.0738604,0.0365746;-1.63831,-0.266131,-1.55178
-0.0144915,0.065232,0.0421475;-1.56357,-0.25146,-1.54155
-0.00752427,0.0446923,0.0434832;-1.5408,-0.172772,-1.56281
-0.00996302,0.041902,0.0371728;-1.65255,-0.18594,-1.589
-0.0130654,0.0433003,0.0358874;-1.71527,-0.171588,-1.6028
-0.0105831,0.051123,0.0338796;-1.68068,-0.242093,-1.59972
-0.00762477,0.0563703,0.0316597;-1.63908,-0.345951,-1.59516
-0.00481928,0.0639471,0.0316859;-1.63704,-0.411668,-1.59711
-0.00879265,0.063013,0.0394056;-1.75915,-0.352577,-1.63024
-0.0107932,0.0592644,0.0470663;-1.79659,-0.289699,-1.66129
-0.0118231,0.0564833,0.0476102;-1.83151,-0.247523,-1.67798
-0.0104018,0.0507313,0.0349704;-1.70794,-0.321412,-1.61304
-0.00798912,0.0489171,0.0323437;-1.63472,-0.33887,-1.58048
-0.00628385,0.0500748,0.0298232;-1.5962,-0.356406,-1.57473
-0.000858097,0.0282243,0.0375426;-1.41347,-0.320987,-1.5122
0.004417,0.0205415,0.0425947;-1.29425,-0.287232,-1.4864
0.00643763,0.0194029,0.0432886;-1.29102,-0.281605,-1.494
0.00548779,0.0150755,0.0439284;-1.28519,-0.308371,-1.50862
0.00360664,0.0181203,0.0431266;-1.31042,-0.348591,-1.52313
0.00168259,0.0222614,0.0426885;-1.34905,-0.39393,-1.54034
-0.000692281,0.0239896,0.0427546;-1.36654,-0.409748,-1.54952
0.000223145,0.0210655,0.0438044;-1.35566,-0.378579,-1.55664
0.0020357,0.0187718,0.0412321;-1.35881,-0.345929,-1.53213
0.00194635,0.0155376,0.0396538;-1.33286,-0.34782,-1.48883
0.00326484,0.0164727,0.0409136;-1.34008,-0.373051,-1.51318
0.000877471,0.019713,0.0417314;-1.38257,-0.418175,-1.55941
-0.00276205,0.0227731,0.0390319;-1.47721,-0.470898,-1.61887
0.00226826,0.0207458,0.0371574;-1.52002,-0.415983,-1.64114
0.00468547,0.020341,0.0363596;-1.53224,-0.3902,-1.64543
0.0083635,0.0210445,0.0357708;-1.57405,-0.362876,-1.66472
0.00538333,0.0197798,0.0362396;-1.56643,-0.383141,-1.66894
0.00370723,0.0198702,0.0348476;-1.56229,-0.383182,-1.65396
0.00253496,0.0208826,0.0313736;-1.56256,-0.3841,-1.61017
0.00209149,0.0228065,0.0340747;-1.53183,-0.400119,-1.61779
0.00299987,0.0235022,0.0337952;-1.53683,-0.395091,-1.61503
0.0100276,0.0239485,0.035951;-1.5203,-0.341347,-1.63211
0.0118682,0.0229514,0.0360787;-1.50832,-0.327249,-1.62029
0.011566,0.0217037,0.0372287;-1.46392,-0.312108,-1.58738
0.00683274,0.0231031,0.0337039;-1.54442,-0.358298,-1.61908
0.00388399,0.0248564,0.0312511;-1.54781,-0.371596,-1.59
0.00174934,0.0272973,0.0308958;-1.55665,-0.380619,-1.58652
0.00582619,0.0263292,0.0408664;-1.65155,-0.265796,-1.59777
0.000154296,0.0363593,0.0480152;-1.80787,-0.199563,-1.63107
-0.00854681,0.0436634,0.0535551;-1.864,-0.173319,-1.62728
-0.0187823,0.0476761,0.0511455;-1.87312,-0.258828,-1.6087
-0.0225226,0.054584,0.0478225;-1.83942,-0.318999,-1.60767
-0.0236758,0.0642189,0.0421922;-1.78666,-0.37602,-1.60915
-0.022345,0.0627111,0.0312092;-1.62018,-0.374029,-1.57972
-0.0239908,0.0589958,0.0340292;-1.64808,-0.304021,-1.5736
-0.0265888,0.0574942,0.0371891;-1.6629,-0.287675,-1.5499
-0.0286037,0.058377,0.041476;-1.68207,-0.285889,-1.53847
-0.0215764,0.0663112,0.0452752;-1.67896,-0.256937,-1.545
-0.0232173,0.0693007,0.0464308;-1.6315,-0.332343,-1.54267
-0.0246468,0.0717129,0.0349342;-1.61059,-0.409633,-1.54563
-0.0254056,0.0660803,0.02983;-1.60528,-0.351293,-1.58181
-0.0242537,0.0606542,0.033938;-1.66683,-0.280117,-1.59875
-0.0236209,0.0559844,0.0364977;-1.71379,-0.269498,-1.59828
-0.0259421,0.064934,0.0413938;-1.79685,-0.290612,-1.61824
-0.0255456,0.0683222,0.0407159;-1.78998,-0.319218,-1.626
-0.0254828,0.0740048,0.0391737;-1.76188,-0.379142,-1.62788
-0.0240287,0.0761465,0.0334627;-1.66255,-0.438266,-1.59721
-0.0245303,0.0741631,0.0330371;-1.65277,-0.419102,-1.59267
-0.0241044,0.0704438,0.0327794;-1.63899,-0.393063,-1.591
-0.0279316,0.0719911,0.039322;-1.7559,-0.3813,-1.61074
-0.0268623,0.0739956,0.0424377;-1.7843,-0.397884,-1.60655
-0.0259446,0.073764,0.0407361;-1.74824,-0.406642,-1.59491
-0.0274345,0.0783717,0.0416954;-1.63989,-0.390826,-1.56191
-0.0260326,0.0771707,0.0411615;-1.61052,-0.355276,-1.55621
-0.0211638,0.0622074,0.0377483;-1.48054,-0.323424,-1.52279
-0.0200456,0.0507527,0.0321588;-1.56432,-0.314875,-1.51255
-0.0218521,0.0522707,0.0355384;-1.56022,-0.291098,-1.47377
-0.0249682,0.0540533,0.0373409;-1.55506,-0.297158,-1.45322
-0.023249,0.0494621,0.0400654;-1.54482,-0.331427,-1.42503
-0.0211905,0.0470189,0.0394165;-1.54527,-0.315926,-1.42867
-0.0191088,0.0445572,0.0382126;-1.54805,-0.264364,-1.44971
-0.0166754,0.038335,0.0357269;-1.58254,-0.244606,-1.49774
-0.0180832,0.0373128,0.0363424;-1.62959,-0.262744,-1.50863
-0.0158348,0.0341052,0.0382469;-1.61822,-0.312872,-1.48675
-0.0099951,0.0213445,0.0336099;-1.52442,-0.422615,-1.50807
-0.0134767,0.0220513,0.0339799;-1.51624,-0.461327,-1.50325
-0.0133349,0.0218492,0.0376268;-1.4228,-0.448075,-1.47531
-0.0125867,0.0194424,0.0410168;-1.40032,-0.45284,-1.43142
-0.0111868,0.0218236,0.0416804;-1.38368,-0.427667,-1.43208
-0.00958695,0.0203721,0.0440221;-1.30963,-0.408983,-1.41869
-0.0076081,0.0159668,0.0459453;-1.22433,-0.41865,-1.39738
-0.0115492,0.0144696,0.0469169;-1.21516,-0.43912,-1.38026
-0.0151654,0.0149553,0.0476197;-1.22958,-0.459046,-1.36341
-0.0160525,0.0178203,0.0496829;-1.22794,-0.395817,-1.35388
-0.0161398,0.0223055,0.0512216;-1.22586,-0.351055,-1.35507
-0.0123739,0.02399,0.0562564;-1.14078,-0.286579,-1.32543
-0.0130952,0.0231704,0.0544371;-1.07003,-0.288314,-1.35916
-0.0115477,0.0235902,0.0535502;-1.07819,-0.309617,-1.36337
-0.0131663,0.026943,0.0505309;-1.17048,-0.343155,-1.37238
-0.0125202,0.0223993,0.0484647;-1.17962,-0.361642,-1.393
-0.0130739,0.0222375,0.046922;-1.1705,-0.346919,-1.41538
-0.0160574,0.0221927,0.0471694;-1.17067,-0.365253,-1.40257
-0.0193904,0.0213774,0.048937;-1.14848,-0.3841,-1.36769
-0.019462,0.0241968,0.0477087;-1.1544,-0.427145,-1.37785
-0.0248592,0.0358096,0.0447851;-1.24983,-0.51194,-1.4451
-0.0322656,0.0613352,0.0337987;-1.5752,-0.521899,-1.64473
-0.0297656,0.0539261,0.0354829;-1.55344,-0.455516,-1.64355
-0.0261166,0.0472825,0.0351558;-1.51902,-0.40092,-1.61934
-0.0336094,0.0512739,0.0290168;-1.57838,-0.444143,-1.57578
-0.0339458,0.0518891,0.0289592;-1.57689,-0.465441,-1.56054
-0.0342914,0.0525225,0.0288768;-1.57256,-0.457188,-1.55859
-0.0344188,0.0524129,0.0286322;-1.57053,-0.384308,-1.57323
-0.0331294,0.0510491,0.0288197;-1.57062,-0.349765,-1.58214
-0.0318309,0.0495577,0.0293859;-1.57073,-0.334565,-1.59069
-0.0303999,0.0454408,0.0313638;-1.5509,-0.313127,-1.60229
-0.0341619,0.048653,0.0297217;-1.56899,-0.348566,-1.58611
-0.0366121,0.0523437,0.0290119;-1.59057,-0.390725,-1.58106
-0.0366272,0.0543664,0.0286811;-1.57061,-0.467704,-1.57537
-0.0367094,0.0544078,0.0287477;-1.57069,-0.468863,-1.5787
-0.0369134,0.0548812,0.0288195;-1.57062,-0.489096,-1.58206
-0.0313735,0.0505074,0.0313246;-1.56299,-0.438791,-1.60989
-0.0320223,0.0492695,0.0305645;-1.56043,-0.438272,-1.59712
-0.0336868,0.0479526,0.0296373;-1.59298,-0.431689,-1.58947
-0.0345156,0.0480112,0.0287359;-1.57042,-0.432247,-1.56357
-0.033853,0.0475759,0.029057;-1.55121,-0.40256,-1.56237
-0.0322977,0.0467546,0.0291243;-1.54592,-0.365559,-1.56515
-0.0273376,0.0452247,0.0313233;-1.51059,-0.295896,-1.56082
-0.0261757,0.041764,0.0327798;-1.47681,-0.27566,-1.54669
-0.0260695,0.0413325,0.0315706;-1.4998,-0.265783,-1.54952
-0.0261562,0.039696,0.0315826;-1.52718,-0.244472,-1.53534
-0.0256469,0.0393556,0.0318444;-1.54192,-0.231287,-1.52533
-0.0225981,0.0378114,0.0347416;-1.498,-0.207009,-1.51601
-0.0086613,0.029191,0.0379066;-1.42443,-0.157606,-1.52002
-0.00994446,0.0261629,0.0399774;-1.39742,-0.185878,-1.4981
-0.00872656,0.026959,0.0418262;-1.35995,-0.181727,-1.49239
-0.00551718,0.0282914,0.0443991;-1.2761,-0.237171,-1.47789
-0.00362512,0.031561,0.0445966;-1.25543,-0.261433,-1.48408
-0.00742356,0.0353287,0.0467369;-1.21501,-0.310033,-1.47676
-0.00742356,0.0353287,0.0467369;-1.21501,-0.310033,-1.47676
-0.00585286,0.0340563,0.0483138;-1.17582,-0.317016,-1.45502
-0.00585286,0.0340563,0.0483138;-1.17582,-0.317016,-1.45502
