0,0,0.11;-1.57,-2.98023e-08,-1.57
0,0,0.11;-1.57,-2.98023e-08,-1.57
0,0,0.11;-1.57,-2.98023e-08,-1.57
-0.00108212,-0.00259726,0.0286802;-1.56812,-0.253985,-1.56742
-0.000872142,-0.00246976,0.0289086;-1.56128,-0.266561,-1.56157
-0.000328713,-0.00110195,0.0290981;-1.55433,-0.245898,-1.55759
-0.00138988,0.0206888,0.0334283;-1.58749,-0.0777244,-1.51329
0.000123668,0.0240502,0.0330502;-1.58966,-0.0802867,-1.51356
0.00204878,0.0212824,0.0304939;-1.56695,-0.0806389,-1.54521
0.00143006,0.0158845,0.028735;-1.56317,-0.124385,-1.5692
-0.00026642,0.0160523,0.0288356;-1.57146,-0.214619,-1.58255
-0.000188697,0.0166713,0.0290164;-1.57568,-0.226658,-1.5878
0.000760883,0.0190384,0.0293341;-1.58043,-0.229442,-1.58533
-0.000142952,0.0373121,0.0357107;-1.64915,-0.198462,-1.54108
-0.000628083,0.0382361,0.0358196;-1.63574,-0.195372,-1.52515
0.000583226,0.0367368,0.0344518;-1.602,-0.207068,-1.51111
0.00237111,0.0285846,0.0288196;-1.57195,-0.269208,-1.5605
0.00220985,0.0278326,0.0285798;-1.57086,-0.257041,-1.57071
0.00210543,0.0277817,0.0288152;-1.57272,-0.252508,-1.58036
0.00487422,0.0262008,0.0301574;-1.54428,-0.173375,-1.58231
0.00480004,0.0280605,0.0319164;-1.50247,-0.11375,-1.56459
0.00265997,0.0351397,0.0333929;-1.5174,-0.0613406,-1.53885
0.000367244,0.0350623,0.0327113;-1.57889,-0.153844,-1.51007
0.00253845,0.0326986,0.0307763;-1.572,-0.210683,-1.53589
0.00366787,0.0297335,0.0286972;-1.5711,-0.26529,-1.5651
0.00349694,0.0292755,0.0287893;-1.57849,-0.320828,-1.57633
0.00378225,0.0293635,0.0285925;-1.57056,-0.335063,-1.57147
0.00671188,0.0372854,0.0305406;-1.5474,-0.186793,-1.5438
0.00899427,0.05102,0.0335571;-1.5902,-0.0334043,-1.50888
0.00305763,0.063569,0.0402605;-1.68143,0.102221,-1.47008
0.00209076,0.0638781,0.0337998;-1.67437,0.136097,-1.56596
0.00219563,0.0601788,0.0340018;-1.61004,0.126345,-1.62069
0.00112426,0.0593312,0.0337419;-1.58254,0.117187,-1.63808
0.00120192,0.0611794,0.0288841;-1.57572,0.0989575,-1.57981
0.00166603,0.0613472,0.0288702;-1.55702,0.105136,-1.57148
0.0034355,0.0631276,0.0292194;-1.54832,0.131365,-1.56483
0.011771,0.0748785,0.0329146;-1.5729,0.2725,-1.50882
0.0130044,0.0723365,0.0314323;-1.57737,0.261904,-1.53002
0.0119594,0.0659702,0.029061;-1.55934,0.197473,-1.57197
0.0113004,0.0648694,0.0285927;-1.57043,0.159167,-1.57165
0.0110928,0.0638487,0.0286893;-1.57015,0.191817,-1.5761
0.0110314,0.0621963,0.0289484;-1.55854,0.22231,-1.57903
0.0116942,0.0597704,0.0304852;-1.52478,0.309728,-1.59181
0.0128226,0.061668,0.0306292;-1.54798,0.368621,-1.56472
0.0142881,0.0668619,0.0336626;-1.64944,0.406012,-1.51462
0.0213711,0.0650257,0.0288429;-1.58363,0.196797,-1.56836
0.0241382,0.0665133,0.0291274;-1.59325,0.0738268,-1.57334
0.0261921,0.0681311,0.0292244;-1.5965,-0.0232799,-1.57712
0.0283072,0.0702987,0.0292783;-1.59837,-0.0786978,-1.57883
0.0278142,0.0719532,0.0291355;-1.59322,-0.0348249,-1.57609
0.0306232,0.0792789,0.0311045;-1.6051,0.0759983,-1.55398
0.0294794,0.10416,0.0334225;-1.61433,0.262814,-1.51955
0.0354639,0.11148,0.0305586;-1.56541,0.263978,-1.54904
0.0381714,0.111539,0.029416;-1.55181,0.243473,-1.57657
0.0359555,0.115105,0.0287453;-1.57061,-0.00471334,-1.5787
0.0361686,0.116119,0.0286518;-1.57068,-0.0565638,-1.57413
0.0364163,0.116246,0.0287143;-1.56936,-0.0514385,-1.57586
0.0390411,0.122815,0.0295562;-1.56298,-0.0452979,-1.55673
0.0410229,0.12865,0.0312405;-1.56675,-0.021462,-1.53266
0.0451234,0.136285,0.0337865;-1.56261,0.0424638,-1.50008
0.0421824,0.127132,0.0288595;-1.56989,-0.0740151,-1.5583
0.0413756,0.12609,0.0286666;-1.5708,-0.0643322,-1.57485
0.0380788,0.122325,0.0301002;-1.58747,-0.0108918,-1.59341
0.0305906,0.113515,0.0345864;-1.57749,0.145515,-1.64337
0.0295099,0.117113,0.0327409;-1.57135,0.193612,-1.61942
0.0293801,0.124032,0.0317674;-1.61858,0.279305,-1.56286
0.027156,0.12758,0.0350363;-1.65548,0.337599,-1.50335
0.0276518,0.119176,0.0328348;-1.62184,0.238861,-1.5299
0.0296515,0.112045,0.0288904;-1.58151,0.101958,-1.5655
0.0326878,0.112366,0.0291433;-1.59246,-0.0682795,-1.57802
0.032607,0.112278,0.0287793;-1.57812,-0.0598636,-1.57356
0.0324029,0.112671,0.0286441;-1.57051,-0.0335076,-1.56717
0.0368874,0.123228,0.030292;-1.54845,0.137143,-1.55759
0.0405136,0.13015,0.0318998;-1.54497,0.208461,-1.54364
0.0415886,0.137654,0.0331761;-1.55622,0.281176,-1.5317
0.0452657,0.141604,0.0300111;-1.55387,0.241593,-1.59229
0.0418709,0.145571,0.0289919;-1.5637,0.161292,-1.58464
0.0405845,0.146713,0.028721;-1.57058,0.109392,-1.57752
0.0422542,0.148662,0.0287049;-1.56699,0.157192,-1.56916
0.0437378,0.150765,0.0290808;-1.57694,0.129664,-1.56337
0.0455327,0.153457,0.029569;-1.58293,0.112833,-1.5589
0.0533604,0.157495,0.0352291;-1.67043,0.0776991,-1.53842
0.0554569,0.15798,0.0346737;-1.67083,0.0671048,-1.54757
0.0559048,0.154437,0.0293397;-1.60067,0.0428024,-1.57057
0.0522841,0.150266,0.0290463;-1.57981,0.115604,-1.5833
0.0505746,0.148649,0.0289858;-1.57551,0.168602,-1.58441
0.0503131,0.148573,0.0292118;-1.56585,0.212774,-1.58149
0.0522753,0.155971,0.0304486;-1.59825,0.345614,-1.54425
0.0529997,0.159024,0.0311285;-1.59645,0.355664,-1.52917
0.0519515,0.157228,0.0324751;-1.58912,0.33715,-1.51758
0.0466331,0.146616,0.0287631;-1.56985,0.15792,-1.56316
0.0444482,0.145062,0.0286304;-1.56826,0.0809299,-1.57101
0.0441215,0.144062,0.0285806;-1.57082,0.0127731,-1.57081
0.0468947,0.146349,0.0288516;-1.57197,0.110911,-1.5687
0.0484743,0.148513,0.0297039;-1.55445,0.233464,-1.58054
0.0507894,0.153764,0.0315064;-1.5218,0.328875,-1.5967
0.0580795,0.176029,0.0329727;-1.64743,0.463226,-1.53659
0.0526941,0.159599,0.0296075;-1.56522,0.46707,-1.58531
0.0502896,0.155722,0.0292914;-1.56844,0.427961,-1.59219
0.0485578,0.1537,0.0296838;-1.58051,0.404556,-1.58808
0.0526384,0.157829,0.0305375;-1.6022,0.383376,-1.57417
0.0564667,0.166603,0.0297718;-1.59158,0.342891,-1.55854
0.0573541,0.170841,0.0302852;-1.56616,0.35533,-1.5434
0.0682926,0.180234,0.0360283;-1.54686,0.495657,-1.49203
0.0699036,0.179089,0.032364;-1.57672,0.472867,-1.51086
0.068514,0.174266,0.0290321;-1.56455,0.425401,-1.56767
0.0698928,0.171349,0.0310959;-1.56504,0.416812,-1.61204
0.0708454,0.173588,0.0322817;-1.55041,0.423024,-1.62376
0.0718448,0.177774,0.0297529;-1.54928,0.465044,-1.5872
0.0752279,0.189875,0.0315856;-1.5778,0.613694,-1.52178
0.0777963,0.193499,0.034053;-1.57703,0.638992,-1.49221
0.0798313,0.193351,0.0341863;-1.58648,0.605082,-1.49068
0.0746356,0.178982,0.029647;-1.59492,0.367195,-1.56277
0.0742343,0.176653,0.0304714;-1.57259,0.302023,-1.60474
0.07569,0.179596,0.0310063;-1.59377,0.257724,-1.59268
0.0758132,0.182949,0.029917;-1.59719,0.325896,-1.56682
0.0752011,0.190247,0.0308764;-1.59768,0.448159,-1.5595
0.0758684,0.200802,0.0351366;-1.68453,0.559309,-1.5132
0.08036,0.211593,0.0373118;-1.76568,0.684327,-1.45313
0.0799477,0.203311,0.0370699;-1.73597,0.615081,-1.48103
0.0730651,0.189506,0.0316875;-1.61958,0.583667,-1.55664
0.067928,0.183919,0.0286071;-1.57137,0.530214,-1.56885
0.0684879,0.184835,0.0287389;-1.57088,0.546351,-1.56316
0.0693834,0.186047,0.0291159;-1.56994,0.569316,-1.5592
0.0753021,0.192,0.0320406;-1.55601,0.641881,-1.53742
0.0816399,0.192689,0.0332496;-1.55008,0.652655,-1.53503
0.0863006,0.192383,0.0320738;-1.55793,0.667952,-1.55143
0.089884,0.194173,0.0297523;-1.55134,0.630365,-1.59188
0.0907868,0.194806,0.0292999;-1.5478,0.638821,-1.60051
0.0909512,0.195418,0.0291002;-1.55245,0.630896,-1.59164
0.0920386,0.200895,0.0314978;-1.53992,0.644695,-1.61487
0.0935026,0.202458,0.0315143;-1.55306,0.665392,-1.60255
0.098343,0.207911,0.0340318;-1.69782,0.681637,-1.48557
0.101779,0.214579,0.0396831;-1.80408,0.664489,-1.40794
0.098193,0.203006,0.0336421;-1.66802,0.565536,-1.50375
0.0935035,0.196765,0.0286651;-1.57492,0.41678,-1.56886
0.0951413,0.197338,0.0287204;-1.57799,0.287376,-1.56907
0.0959347,0.196553,0.030029;-1.55843,0.366742,-1.5917
0.0955565,0.189648,0.0346182;-1.50706,0.520638,-1.65163
0.0898568,0.183172,0.0405319;-1.3802,0.773752,-1.66409
0.100858,0.199907,0.0359884;-1.54226,0.881074,-1.53169
0.104139,0.209636,0.0312452;-1.62003,0.952673,-1.50675
0.105647,0.204256,0.0310791;-1.53186,0.859339,-1.62867
0.106495,0.202589,0.0345351;-1.51766,0.820645,-1.68201
0.10731,0.199342,0.0372115;-1.5219,0.80981,-1.70969
0.105469,0.194621,0.0401323;-1.55047,0.705043,-1.70751
0.10089,0.194001,0.0374962;-1.59401,0.648215,-1.63186
0.105013,0.196798,0.0406857;-1.6747,0.653207,-1.576
0.121948,0.201105,0.0428458;-1.71758,0.741041,-1.56252
0.126482,0.196323,0.0436927;-1.67826,0.762891,-1.61584
0.126587,0.192252,0.0431851;-1.63154,0.764453,-1.67215
0.125593,0.198196,0.0420189;-1.55631,0.874422,-1.7363
0.118083,0.202518,0.0419037;-1.53287,0.902068,-1.73697
0.113147,0.211991,0.0381995;-1.53981,0.967381,-1.70206
0.11486,0.234724,0.0355701;-1.75628,0.97766,-1.44348
0.116506,0.237529,0.0340758;-1.75072,0.966594,-1.43412
0.120025,0.237706,0.0326046;-1.70665,0.903564,-1.46853
0.124101,0.22374,0.0341018;-1.53353,0.652395,-1.66402
0.121329,0.220823,0.0354041;-1.53796,0.654305,-1.67581
0.119251,0.217758,0.0353254;-1.53939,0.720978,-1.67194
0.120498,0.220994,0.0347528;-1.50839,0.964515,-1.68804
0.122995,0.224006,0.0362868;-1.51138,1.07265,-1.70163
0.130548,0.235121,0.0394923;-1.61198,1.14666,-1.63207
0.139577,0.24054,0.0450837;-1.8337,0.966403,-1.46061
0.138807,0.239999,0.0454902;-1.84979,0.845492,-1.45614
0.128001,0.233549,0.0412906;-1.72852,0.803899,-1.55238
0.122541,0.229787,0.0347066;-1.59697,0.790572,-1.62448
0.129114,0.236669,0.0362407;-1.64133,0.784077,-1.59073
0.133589,0.242802,0.0380883;-1.72268,0.773082,-1.52192
0.139311,0.243386,0.0418495;-1.80053,0.787057,-1.47749
0.13776,0.238048,0.0441439;-1.75009,0.922431,-1.52863
0.132886,0.232989,0.0435069;-1.72557,0.984935,-1.54216
0.129931,0.2176,0.0365625;-1.46814,1.04943,-1.75632
0.130623,0.218001,0.0365445;-1.41737,1.1303,-1.79618
0.129147,0.216896,0.0378753;-1.29631,1.14256,-1.8785
0.132772,0.218484,0.03959;-1.26776,1.11436,-1.9141
0.134041,0.218892,0.0384486;-1.32835,1.12656,-1.86977
0.129987,0.21811,0.0388573;-1.4341,1.09366,-1.76371
0.126933,0.217615,0.0359722;-1.35008,1.09716,-1.81161
0.129068,0.218255,0.0358462;-1.35274,1.08671,-1.80988
0.129867,0.218567,0.0365575;-1.4061,1.08586,-1.7828
0.129867,0.218567,0.0365575;-1.4061,1.08586,-1.7828
0.129751,0.218608,0.0363334;-1.49658,1.06282,-1.7275
0.129751,0.218608,0.0363334;-1.49658,1.06282,-1.7275
