0,0,0.11;-1.57,-2.98023e-08,-1.57
0,0,0.11;-1.57,-2.98023e-08,-1.57
0,0,0.11;-1.57,-2.98023e-08,-1.57
-0.000121872,0.00322423,0.0285971;-1.56988,-0.148733,-1.57074
-0.000233669,0.00283015,0.0287006;-1.57,-0.140571,-1.565
-0.00139234,0.00030176,0.0300208;-1.56188,-0.132872,-1.54435
-0.00266179,-0.0075144,0.0313346;-1.53303,-0.143499,-1.5424
-0.00575321,-0.00452166,0.0290309;-1.56653,-0.257128,-1.58773
-0.00646044,0.000789747,0.0287698;-1.57051,-0.333395,-1.57937
-0.00713126,0.00221982,0.0288042;-1.56898,-0.384098,-1.57916
-0.00654226,0.00237025,0.0287078;-1.56942,-0.340285,-1.56468
-0.0066977,0.00171807,0.0299931;-1.55974,-0.315591,-1.54424
-0.00767701,-0.000116494,0.0328299;-1.55606,-0.279209,-1.51246
-0.00455299,-0.00231713,0.0304592;-1.53071,-0.306416,-1.55261
-0.00553486,-0.00070212,0.0287229;-1.56722,-0.337455,-1.57291
-0.00627881,0.000764406,0.0286054;-1.57077,-0.380114,-1.57197
-0.00596079,0.00101538,0.028753;-1.56816,-0.36719,-1.56374
-0.00669545,0.00289122,0.0293227;-1.57126,-0.324365,-1.55165
-0.00763532,-0.00170449,0.0322848;-1.5632,-0.24052,-1.52561
0.00130199,-0.0174159,0.0371737;-1.42879,-0.179069,-1.53478
-0.00165442,-0.0151545,0.0341726;-1.46373,-0.236319,-1.54713
-0.00779871,-0.0065429,0.028648;-1.57073,-0.346117,-1.57389
-0.00842934,-0.00501172,0.0287685;-1.56082,-0.436922,-1.5664
-0.008252,-0.00446034,0.0287949;-1.56968,-0.409165,-1.56082
-0.00889032,-0.00468723,0.0302756;-1.57005,-0.402021,-1.53925
-0.00859527,-0.00444636,0.0319783;-1.56259,-0.379395,-1.52043
-0.00684524,-0.00261417,0.0291417;-1.55941,-0.408763,-1.56029
-0.0110885,0.0036799,0.0290129;-1.55895,-0.528374,-1.57565
-0.0129622,0.00525305,0.0288451;-1.56614,-0.600869,-1.57692
-0.0124169,0.00490373,0.0288104;-1.56968,-0.578843,-1.58078
-0.0115767,-0.0051869,0.0311864;-1.5736,-0.504902,-1.54389
-0.00268317,-0.0214209,0.0351652;-1.5325,-0.437342,-1.50047
0.00541701,-0.0254723,0.0324917;-1.50802,-0.476574,-1.52038
-0.00109317,-0.0174756,0.0289963;-1.56377,-0.622511,-1.58128
-0.00599404,-0.0147452,0.0286437;-1.57085,-0.777994,-1.57386
-0.00694067,-0.0147014,0.0285841;-1.57026,-0.837703,-1.56991
-0.00617342,-0.0167826,0.0296755;-1.56273,-0.832442,-1.54756
-0.00182984,-0.0237505,0.033654;-1.53468,-0.790006,-1.49643
0.0114843,-0.0309476,0.0358592;-1.41674,-0.770522,-1.44669
0.00961403,-0.0254478,0.0347817;-1.43458,-0.857342,-1.51193
-0.00254032,-0.0191597,0.0304164;-1.55204,-0.949453,-1.58505
-0.00898057,-0.016311,0.0290488;-1.54559,-1.03988,-1.56133
-0.0102476,-0.0163348,0.0288979;-1.55742,-1.04995,-1.54978
-0.00995986,-0.0176558,0.031755;-1.56709,-1.03776,-1.51989
-0.00875592,-0.0205238,0.0351733;-1.55683,-1.014,-1.47192
-0.00675557,-0.0202328,0.0287194;-1.56427,-1.12721,-1.561
-0.00844181,-0.0197462,0.0288709;-1.55449,-1.16122,-1.56558
-0.0117926,-0.0187622,0.0287898;-1.56508,-1.24838,-1.57404
-0.00845713,-0.0198839,0.028928;-1.54107,-1.18217,-1.54883
0.000268959,-0.0261325,0.0309575;-1.49929,-1.10809,-1.4993
0.0165062,-0.0371927,0.0383166;-1.3791,-1.01453,-1.3692
0.0247209,-0.0427212,0.0315718;-1.43962,-1.07679,-1.45876
0.0193395,-0.0419247,0.0289312;-1.55623,-1.13225,-1.56822
0.016455,-0.0421432,0.0287912;-1.54719,-1.22724,-1.55054
0.0163774,-0.0425057,0.0289778;-1.54533,-1.24438,-1.53583
0.0157657,-0.0424862,0.0309501;-1.55282,-1.22711,-1.51608
0.0162606,-0.0444176,0.0347784;-1.54792,-1.20207,-1.46854
0.0142243,-0.0412607,0.029674;-1.5499,-1.23564,-1.53124
0.0137643,-0.0415511,0.0289886;-1.52135,-1.27371,-1.52841
0.00999978,-0.0407136,0.0292105;-1.53184,-1.33184,-1.54819
0.00983644,-0.039845,0.0290849;-1.54788,-1.33369,-1.56742
0.0107874,-0.0413746,0.0293517;-1.53992,-1.31396,-1.53226
0.0137671,-0.0469361,0.0326705;-1.59262,-1.24739,-1.54003
0.014008,-0.0487909,0.0321888;-1.55916,-1.21717,-1.50512
0.0154118,-0.0490891,0.0293264;-1.55252,-1.26035,-1.53707
0.0154138,-0.0499298,0.0285915;-1.56906,-1.29703,-1.56996
0.0145215,-0.0492588,0.0287272;-1.56588,-1.32198,-1.57185
0.0145733,-0.0493379,0.0286663;-1.56389,-1.30483,-1.56157
0.0145777,-0.0497054,0.0299086;-1.57911,-1.28296,-1.55177
0.0212398,-0.0513511,0.0349301;-1.47455,-1.19236,-1.4237
0.025452,-0.0462649,0.0324953;-1.37184,-1.2379,-1.37169
0.0237539,-0.0446512,0.03015;-1.45922,-1.27581,-1.47716
0.00930357,-0.0413575,0.0289899;-1.52807,-1.45016,-1.54371
0.00883866,-0.0416056,0.0287145;-1.56742,-1.46143,-1.57403
0.00970142,-0.0416122,0.0290588;-1.54966,-1.44175,-1.53433
0.0152099,-0.0465542,0.0361127;-1.45125,-1.47314,-1.35691
0.0157794,-0.0445267,0.0337188;-0.925332,-1.54913,-0.860506
0.015476,-0.0423451,0.0289582;-1.12332,-1.56461,-1.11203
0.0147071,-0.0425868,0.0287123;1.56837,-1.54013,1.56216
0.0158335,-0.042673,0.0288683;1.6629,-1.56105,1.64973
0.0205555,-0.044341,0.0289465;-1.53296,-1.50633,-1.54574
0.0575034,-0.0626907,0.0373506;-1.24008,-1.31501,-1.19823
0.0630252,-0.0650649,0.0341108;-1.22245,-1.3538,-1.19919
0.0613077,-0.0652058,0.0290296;-1.48107,-1.38203,-1.47966
0.0600838,-0.0646985,0.0285779;-1.57171,-1.40539,-1.57172
0.0613785,-0.0645602,0.0286829;-1.56705,-1.36495,-1.57163
0.0626879,-0.0651891,0.0287227;-1.54377,-1.32764,-1.54399
0.0672291,-0.0747282,0.0348979;-1.54578,-1.23283,-1.461
0.0670649,-0.0723961,0.0337523;-1.53331,-1.26472,-1.46688
0.0654026,-0.0700777,0.0298431;-1.50572,-1.24375,-1.49507
0.0618712,-0.0692663,0.0292021;-1.51889,-1.2845,-1.5367
0.0604054,-0.0689362,0.0293531;-1.55117,-1.30038,-1.57431
0.0601954,-0.068595,0.02999;-1.55668,-1.30695,-1.5878
0.0625977,-0.0772992,0.031722;-1.58899,-1.21448,-1.54175
0.0625303,-0.0771938,0.0313332;-1.55936,-1.1796,-1.51199
0.062791,-0.0770305,0.0325038;-1.53285,-1.18754,-1.48101
0.0641972,-0.0778422,0.0286095;-1.56491,-1.26066,-1.56559
0.0645261,-0.0774407,0.0286554;-1.55932,-1.2369,-1.5602
0.0654713,-0.0778953,0.0286018;-1.57073,-1.19562,-1.57172
0.0660958,-0.0798006,0.0289111;-1.60675,-1.14061,-1.60464
0.0754561,-0.0893731,0.0327486;-1.56126,-0.996292,-1.51555
0.0814198,-0.084897,0.0302864;-1.51032,-1.07176,-1.51188
0.0810357,-0.0841914,0.0290992;-1.55596,-1.10139,-1.57583
0.0775619,-0.0836696,0.0287545;-1.5715,-1.16721,-1.5801
0.0785558,-0.0844131,0.0287403;-1.57062,-1.12952,-1.57821
0.0792341,-0.0856163,0.0285841;-1.57125,-1.07954,-1.57057
0.0817858,-0.0928661,0.0341644;-1.62767,-1.01936,-1.55858
0.0841548,-0.0903236,0.0316853;-1.55778,-1.07901,-1.50856
0.0861542,-0.0894725,0.0288074;-1.57558,-1.11713,-1.56698
0.0862743,-0.0892729,0.028773;-1.57049,-1.13746,-1.57977
0.0865114,-0.0894581,0.0290292;-1.58485,-1.12756,-1.59872
0.0876422,-0.0906694,0.0290998;-1.59054,-1.10469,-1.60296
0.101489,-0.10882,0.041404;-1.56109,-1.00804,-1.55382
0.113058,-0.114971,0.037825;-1.46305,-1.01961,-1.46653
0.114315,-0.113841,0.0287081;-1.5591,-1.08081,-1.55989
0.114398,-0.113292,0.0288651;-1.58845,-1.09414,-1.59201
0.11517,-0.11392,0.0288324;-1.5838,-1.06611,-1.58788
0.115222,-0.114037,0.0287723;-1.59057,-1.06157,-1.58771
0.113974,-0.119523,0.033923;-1.62605,-0.985083,-1.57225
0.115827,-0.119707,0.0343941;-1.60757,-0.970722,-1.56157
0.118281,-0.118601,0.0307258;-1.5197,-0.995045,-1.52221
0.117034,-0.114672,0.0311115;-1.56705,-1.02413,-1.61061
0.113732,-0.112509,0.0328727;-1.54917,-1.05779,-1.61062
0.110749,-0.109841,0.0306685;-1.5724,-1.08606,-1.60881
0.107254,-0.113805,0.0323657;-1.66874,-0.997301,-1.62679
0.108115,-0.116973,0.035954;-1.69958,-0.940145,-1.63049
0.107566,-0.111911,0.034133;-1.63606,-0.967173,-1.59328
0.105211,-0.10617,0.0290765;-1.6081,-1.02835,-1.6076
0.10573,-0.10716,0.0289653;-1.58917,-1.00545,-1.5949
0.106371,-0.108261,0.0289745;-1.58762,-0.981124,-1.59423
0.107077,-0.111801,0.0306616;-1.64776,-0.929819,-1.63616
0.10964,-0.11664,0.0356872;-1.7183,-0.857067,-1.68557
0.115704,-0.117744,0.0418505;-1.62135,-0.825109,-1.62894
0.115853,-0.109347,0.0305389;-1.56929,-0.945502,-1.60715
0.113935,-0.107043,0.0301685;-1.58545,-0.966625,-1.60789
0.113213,-0.10549,0.0291088;-1.59274,-0.97568,-1.60196
0.114372,-0.108432,0.0294633;-1.62528,-0.9201,-1.61328
0.114122,-0.109988,0.0325607;-1.66921,-0.91608,-1.62641
0.114563,-0.112453,0.0366997;-1.72696,-0.880775,-1.64988
0.113442,-0.101928,0.0306871;-1.65593,-0.971802,-1.6454
0.112751,-0.0990914,0.0295645;-1.59333,-1.01059,-1.60979
0.112034,-0.0983985,0.0308388;-1.59016,-1.00766,-1.62089
0.114678,-0.102333,0.0331974;-1.64876,-0.953913,-1.67281
0.115799,-0.108396,0.0361026;-1.73544,-0.920027,-1.73133
0.121076,-0.119474,0.0423491;-1.70869,-0.883364,-1.68904
0.126265,-0.115537,0.030617;-1.64016,-0.952419,-1.63737
0.125394,-0.111409,0.0292315;-1.60604,-1.0106,-1.61339
0.125221,-0.110678,0.0292629;-1.61403,-1.01758,-1.61793
0.127307,-0.115027,0.029544;-1.63008,-0.941793,-1.61968
0.126975,-0.117462,0.0320207;-1.66603,-0.921901,-1.63173
0.12568,-0.118598,0.036687;-1.72599,-0.915537,-1.64253
0.13086,-0.115118,0.0355472;-1.61115,-0.944838,-1.62254
0.133636,-0.112081,0.0335623;-1.56093,-0.967731,-1.63681
0.131761,-0.108848,0.0351726;-1.59962,-0.999412,-1.67984
0.129109,-0.105644,0.030852;-1.58297,-1.02461,-1.61705
0.128608,-0.107565,0.0308692;-1.67031,-0.985272,-1.65167
0.12632,-0.109872,0.034121;-1.69522,-0.942204,-1.63866
0.123147,-0.105945,0.0363806;-1.72997,-0.954157,-1.65979
0.121133,-0.0990614,0.0314761;-1.69053,-0.991344,-1.67466
0.12101,-0.0971673,0.0303917;-1.6137,-1.02322,-1.63801
0.122472,-0.0990029,0.0299801;-1.5908,-0.994911,-1.61166
0.124748,-0.103691,0.029415;-1.61372,-0.934535,-1.61345
0.125065,-0.107961,0.0327922;-1.69452,-0.880006,-1.67347
0.129298,-0.11495,0.0400375;-1.71369,-0.798351,-1.67425
0.129435,-0.112589,0.035454;-1.66281,-0.839877,-1.66701
0.127597,-0.108044,0.0319651;-1.57548,-0.890831,-1.63081
0.124453,-0.101663,0.0299713;-1.59393,-0.944868,-1.61251
0.127158,-0.105815,0.0290256;-1.58502,-0.887975,-1.59399
0.127495,-0.107985,0.0294674;-1.61842,-0.859125,-1.60651
0.127036,-0.111242,0.0369472;-1.73173,-0.867736,-1.64693
0.126781,-0.108319,0.0354055;-1.71752,-0.879057,-1.65127
0.128249,-0.10628,0.0302305;-1.63423,-0.907552,-1.62522
0.123223,-0.100305,0.0350549;-1.56976,-0.977424,-1.65005
0.123274,-0.0998891,0.0338354;-1.57181,-0.964465,-1.64806
0.124964,-0.101873,0.0314568;-1.60568,-0.940811,-1.63192
0.124275,-0.112366,0.0362467;-1.7343,-0.851848,-1.65982
0.125225,-0.113425,0.0351571;-1.70754,-0.843629,-1.63438
0.128639,-0.113351,0.029852;-1.60437,-0.860034,-1.58779
0.127985,-0.109401,0.0304629;-1.58625,-0.934271,-1.61438
0.128298,-0.109678,0.0299002;-1.58712,-0.925406,-1.60814
0.129635,-0.11146,0.0290734;-1.59764,-0.888718,-1.59855
0.129635,-0.11146,0.0290734;-1.59764,-0.888718,-1.59855
0.131353,-0.11448,0.0304125;-1.61943,-0.8928,-1.59279
0.131353,-0.11448,0.0304125;-1.61943,-0.8928,-1.59279
