0,0,0.11;-1.57,-2.98023e-08,-1.57
0,0,0.11;-1.57,-2.98023e-08,-1.57
0,0,0.11;-1.57,-2.98023e-08,-1.57
0.000221484,0.006401,0.0286729;-1.57035,-0.124845,-1.5747
-0.000162943,0.00488916,0.0286182;-1.57092,-0.0772175,-1.57258
-0.00186913,-0.00118582,0.0299261;-1.58744,-0.0226781,-1.56745
-0.00417866,-0.0276377,0.0350663;-1.46114,0.0114721,-1.56374
-0.00537567,-0.0184529,0.0286547;-1.5715,-0.121849,-1.57432
-0.00561045,-0.0182088,0.0287808;-1.56654,-0.138498,-1.57556
-0.00593499,-0.0175126,0.028661;-1.57073,-0.162139,-1.57462
-0.00600009,-0.0199384,0.0285817;-1.57113,-0.0737205,-1.57069
-0.00769525,-0.0253195,0.0299848;-1.58402,-0.0225743,-1.56547
-0.00892608,-0.0449124,0.0372675;-1.51481,0.0560883,-1.5591
-0.00909211,-0.0522321,0.0320137;-1.51087,-0.00451912,-1.56724
-0.00917788,-0.0466174,0.0286269;-1.57832,-0.0604595,-1.57165
-0.00862204,-0.0459112,0.0286825;-1.56795,-0.0711337,-1.5726
-0.00862898,-0.047772,0.0285828;-1.5711,0.00301627,-1.57112
-0.00999596,-0.049553,0.0292538;-1.57826,0.0676323,-1.56678
-0.0137022,-0.0635494,0.0359323;-1.57622,0.152223,-1.55816
-0.014396,-0.0832447,0.0368274;-1.43096,0.164676,-1.57681
-0.0143106,-0.0770564,0.0321622;-1.50495,0.0982397,-1.5739
-0.0132195,-0.0713039,0.0285061;-1.56808,0.0477896,-1.57167
-0.0130293,-0.0715626,0.0285808;-1.57091,0.0941125,-1.5708
-0.0135747,-0.0716455,0.028589;-1.57103,0.144713,-1.56967
-0.0167408,-0.0754058,0.0310615;-1.59809,0.211295,-1.55325
-0.0216688,-0.0894495,0.0356865;-1.55941,0.261253,-1.55699
-0.0221463,-0.091739,0.0305485;-1.53111,0.211951,-1.57538
-0.0207417,-0.0880206,0.0288428;-1.56339,0.165885,-1.57721
-0.0206642,-0.0878388,0.0287034;-1.56759,0.165183,-1.57401
-0.0207676,-0.0887544,0.0285673;-1.57176,0.203571,-1.57027
-0.0283512,-0.103075,0.034717;-1.66209,0.325762,-1.53073
-0.035452,-0.124973,0.0406312;-1.46834,0.396743,-1.57607
-0.0385324,-0.132931,0.0388273;-1.37945,0.343983,-1.61293
-0.0329416,-0.121106,0.0285741;-1.57091,0.278909,-1.57077
-0.0328474,-0.121015,0.0287905;-1.56313,0.279603,-1.57551
-0.0330076,-0.121365,0.0287443;-1.56422,0.285868,-1.57426
-0.0374092,-0.12654,0.0308298;-1.59999,0.367583,-1.54783
-0.04767,-0.145833,0.0373152;-1.58803,0.452466,-1.54328
-0.0548654,-0.162992,0.0393479;-1.36024,0.436972,-1.6344
-0.0516838,-0.153981,0.0285021;-1.56764,0.345124,-1.57159
-0.0517313,-0.154344,0.0288481;-1.56113,0.353192,-1.57786
-0.0515264,-0.153826,0.0286643;-1.56901,0.341422,-1.57372
-0.0530123,-0.154712,0.0289477;-1.57345,0.411186,-1.55876
-0.0638505,-0.167398,0.0328211;-1.59975,0.479476,-1.53711
-0.0759757,-0.189114,0.0386158;-1.39602,0.540772,-1.63099
-0.0755429,-0.183812,0.0285932;-1.57675,0.407477,-1.56417
-0.0749342,-0.183219,0.0285786;-1.57088,0.397464,-1.57077
-0.0748543,-0.182961,0.0287175;-1.56538,0.389086,-1.57432
-0.0752375,-0.183348,0.0287483;-1.57125,0.456596,-1.56181
-0.0821063,-0.189986,0.030818;-1.58414,0.514102,-1.54483
-0.0949948,-0.211301,0.03718;-1.44422,0.607309,-1.61426
-0.0985231,-0.212798,0.0287194;-1.57579,0.476166,-1.56415
-0.0973485,-0.21209,0.0285887;-1.57095,0.477055,-1.57019
-0.0969995,-0.212306,0.0287365;-1.5636,0.490601,-1.57519
-0.0971004,-0.212317,0.0287542;-1.57106,0.56557,-1.56177
-0.103207,-0.216796,0.0308139;-1.58439,0.641682,-1.5431
-0.117729,-0.234545,0.0372576;-1.44001,0.735401,-1.62843
-0.122772,-0.239304,0.0289855;-1.55634,0.648664,-1.57158
-0.122324,-0.238674,0.0285801;-1.57128,0.6232,-1.57039
-0.122319,-0.239187,0.0288311;-1.55734,0.648847,-1.58014
-0.122088,-0.239449,0.0286584;-1.5709,0.723321,-1.56695
-0.125477,-0.240278,0.0299182;-1.57658,0.78963,-1.54993
-0.141436,-0.25162,0.0354696;-1.53312,0.887125,-1.57246
-0.150129,-0.259997,0.0347551;-1.40321,0.873357,-1.68242
-0.146348,-0.25646,0.0287174;-1.5784,0.843467,-1.55893
-0.14573,-0.256324,0.0285775;-1.57099,0.822679,-1.57069
-0.145633,-0.256389,0.0285801;-1.57086,0.84524,-1.57078
-0.145336,-0.25632,0.0288171;-1.5735,0.891473,-1.55755
-0.151778,-0.258183,0.031249;-1.60044,0.951067,-1.52354
-0.182757,-0.278419,0.0399734;-1.21217,1.01692,-1.84574
-0.180612,-0.276462,0.0356845;-1.33426,0.992313,-1.75575
-0.174259,-0.273182,0.0286217;-1.57119,0.973844,-1.56671
-0.173954,-0.27335,0.0287393;-1.55743,0.974768,-1.58193
-0.173667,-0.273506,0.0285866;-1.57099,1.00079,-1.56993
-0.175404,-0.273558,0.0292217;-1.57402,1.03931,-1.55241
-0.217838,-0.290763,0.0400881;-1.12342,1.1624,-1.94562
-0.226682,-0.295617,0.0384783;-1.14388,1.11575,-1.94462
-0.216964,-0.292655,0.0292482;-1.53049,1.12634,-1.60062
-0.215174,-0.292582,0.0288055;-1.54689,1.10223,-1.59199
-0.215058,-0.292558,0.0285803;-1.57019,1.12175,-1.57133
-0.215331,-0.292454,0.0289042;-1.5746,1.15137,-1.55516
-0.252465,-0.302346,0.0384219;-1.07976,1.28489,-2.00921
-0.265359,-0.30718,0.0369441;-1.08797,1.2311,-2.01955
-0.25609,-0.304448,0.029017;-1.53661,1.2238,-1.5981
-0.253868,-0.304436,0.0287831;-1.54303,1.21159,-1.59664
-0.253579,-0.304606,0.0285812;-1.5703,1.2444,-1.57123
-0.253743,-0.304444,0.028812;-1.57567,1.27344,-1.55461
-0.289764,-0.309333,0.038156;-0.804035,1.39755,-2.29443
-0.303765,-0.313099,0.0365569;-0.873968,1.34312,-2.24417
-0.296873,-0.311911,0.0291945;-1.49347,1.36341,-1.64054
-0.295384,-0.312236,0.0287729;-1.52854,1.34989,-1.61192
-0.295244,-0.312637,0.0285835;-1.57113,1.39558,-1.57027
-0.295575,-0.312711,0.0287634;-1.57311,1.40234,-1.55976
-0.321555,-0.311319,0.0360646;0.0363357,1.49255,3.13671
-0.343077,-0.315118,0.03462;0.219006,1.46066,2.93458
-0.341561,-0.315479,0.0331681;0.387783,1.48907,2.76757
-0.338073,-0.31537,0.0286116;-1.46123,1.55577,-1.67885
-0.338163,-0.315783,0.0287479;0.584955,1.56065,2.55654
-0.338007,-0.315913,0.0286356;1.5628,1.53785,1.58137
-0.338722,-0.315072,0.0295172;1.57522,1.49533,1.58201
-0.376164,-0.31195,0.038529;1.05657,1.29266,2.10653
-0.38141,-0.311424,0.0352054;1.0044,1.35181,2.14128
-0.376337,-0.311949,0.0286916;1.57616,1.42582,1.5715
-0.375916,-0.312331,0.0286602;1.54545,1.41876,1.59589
-0.376278,-0.312627,0.0285472;1.57804,1.38143,1.56396
-0.376177,-0.312324,0.0288638;1.58322,1.34925,1.56977
-0.410288,-0.299356,0.0394031;1.24098,1.14987,1.91655
-0.422715,-0.296061,0.037304;1.15355,1.18085,1.97637
-0.415342,-0.299408,0.0286738;1.5857,1.24305,1.56133
-0.414149,-0.300624,0.028751;1.54494,1.25066,1.59542
-0.41451,-0.300857,0.0285642;1.57266,1.20929,1.56903
-0.414388,-0.300868,0.0287918;1.57569,1.18535,1.57633
-0.44596,-0.282816,0.0386218;1.32641,1.00738,1.81691
-0.459053,-0.277694,0.0366717;1.28663,1.03331,1.83186
-0.452906,-0.281187,0.0287682;1.56622,1.08531,1.58153
-0.452548,-0.281927,0.028752;1.55292,1.09113,1.58677
-0.452908,-0.281922,0.0286863;1.5596,1.06627,1.58102
-0.45263,-0.282087,0.0287379;1.57245,1.04563,1.57662
-0.475049,-0.263347,0.036574;1.42155,0.8926,1.72077
-0.492896,-0.253549,0.0367813;1.37148,0.858644,1.74851
-0.493323,-0.25187,0.0322829;1.46482,0.899049,1.66504
-0.491366,-0.252491,0.0286518;1.56544,0.954898,1.57597
-0.491404,-0.252513,0.0286446;1.56521,0.951966,1.57542
-0.491457,-0.25276,0.0285821;1.57068,0.932314,1.57105
-0.498478,-0.244204,0.0317235;1.53936,0.821052,1.61734
-0.51704,-0.229391,0.0382568;1.40683,0.724796,1.71755
-0.525563,-0.222188,0.0355403;1.4057,0.754469,1.69989
-0.521776,-0.224752,0.028579;1.57144,0.810787,1.57067
-0.521825,-0.225066,0.0286849;1.56347,0.798697,1.57604
-0.521982,-0.225059,0.0287479;1.55935,0.785819,1.57902
-0.522573,-0.223034,0.0296177;1.56803,0.709527,1.58805
-0.533262,-0.20847,0.034808;1.48763,0.605806,1.64684
-0.547627,-0.194434,0.0366685;1.42604,0.566365,1.67762
-0.545666,-0.194253,0.0286213;1.57191,0.651974,1.57295
-0.545587,-0.194613,0.0286518;1.56588,0.654354,1.5743
-0.545681,-0.1947,0.0286408;1.56722,0.649192,1.57305
-0.545872,-0.19513,0.0288022;1.5693,0.575567,1.58115
-0.549593,-0.189053,0.031302;1.54603,0.495595,1.60409
-0.561639,-0.17178,0.0385767;1.43339,0.403889,1.66559
-0.564455,-0.166117,0.0286044;1.57594,0.483606,1.57401
-0.56427,-0.166725,0.0285715;1.5706,0.497135,1.57111
-0.564495,-0.166877,0.0286625;1.56626,0.483728,1.57292
-0.565015,-0.166836,0.0287444;1.57146,0.404393,1.57911
-0.566939,-0.161691,0.0305964;1.55755,0.339381,1.59579
-0.575252,-0.142671,0.0379396;1.44437,0.248924,1.64233
-0.581586,-0.132996,0.0286398;1.57351,0.27795,1.57532
-0.581322,-0.133501,0.0285586;1.5699,0.294503,1.57116
-0.581354,-0.133858,0.0285804;1.57072,0.284399,1.57089
-0.58139,-0.133941,0.0287237;1.57117,0.246152,1.57801
-0.581659,-0.128252,0.0303209;1.57143,0.196286,1.59247
-0.586045,-0.105629,0.037366;1.45668,0.103384,1.61939
-0.591277,-0.0909005,0.0308138;1.52874,0.0989797,1.58219
-0.591,-0.0926644,0.0285675;1.57123,0.118519,1.57032
-0.591041,-0.0930347,0.0285845;1.57079,0.114414,1.57104
-0.59113,-0.0930273,0.0285812;1.57093,0.0996799,1.57097
-0.591277,-0.0927493,0.0290181;1.56855,0.0786745,1.58148
-0.5915,-0.0812691,0.032807;1.52887,0.00754399,1.59689
-0.595553,-0.0501192,0.034771;1.46531,-0.0373079,1.58275
-0.594782,-0.0525973,0.0286759;1.57098,-0.0113766,1.57552
-0.594625,-0.0525508,0.0285895;1.57128,0.0111395,1.57154
-0.594481,-0.0521332,0.0286464;1.56792,0.0139181,1.57164
-0.594422,-0.0520522,0.028678;1.57084,-0.00758378,1.57563
-0.593546,-0.0490617,0.0297696;1.56639,-0.0646146,1.58609
-0.591881,-0.00951606,0.0357705;1.45057,-0.17285,1.57039
-0.590134,-0.00913533,0.0313886;1.51343,-0.143139,1.56846
-0.589752,-0.0110703,0.0285838;1.57152,-0.107151,1.57088
-0.589873,-0.0110514,0.0286259;1.56906,-0.0985431,1.57122
-0.590038,-0.0111808,0.0285785;1.5707,-0.117887,1.57066
-0.59046,-0.0111151,0.0288152;1.56732,-0.158088,1.57809
-0.58782,0.0150604,0.0375122;1.44776,-0.29809,1.56943
-0.586483,0.0238838,0.03428;1.46775,-0.256841,1.55703
-0.586244,0.0206671,0.0286246;1.5725,-0.228591,1.57484
-0.586598,0.0203361,0.0286212;1.5686,-0.222251,1.57028
-0.586917,0.0206703,0.028579;1.57103,-0.253814,1.57103
-0.587095,0.0207023,0.0287005;1.57068,-0.288629,1.57642
-0.583602,0.0384703,0.0369291;1.45119,-0.434424,1.55567
-0.580725,0.0531024,0.0343507;1.46468,-0.43442,1.54216
-0.581151,0.0514806,0.0287034;1.56784,-0.423993,1.57278
-0.581588,0.0507335,0.0285909;1.5706,-0.415843,1.57117
-0.581646,0.050797,0.0285808;1.57056,-0.430214,1.57086
-0.582028,0.050728,0.0287058;1.57083,-0.462326,1.57689
-0.582028,0.050728,0.0287058;1.57083,-0.462326,1.57689
-0.580033,0.0540258,0.0302473;1.56036,-0.52128,1.58392
-0.580033,0.0540258,0.0302473;1.56036,-0.52128,1.58392
