0,0,0.11;-1.57,-2.98023e-08,-1.57
0,0,0.11;-1.57,-2.98023e-08,-1.57
0,0,0.11;-1.57,-2.98023e-08,-1.57
-0.000417378,0.00142552,0.0286149;-1.56951,-0.165666,-1.57018
-0.000771136,0.00104932,0.0285801;-1.57082,-0.181501,-1.57081
-0.000782947,0.000775359,0.0286216;-1.57074,-0.166098,-1.57274
-0.0010717,-0.000153485,0.0288628;-1.57483,-0.153326,-1.58117
-0.00121104,-0.000573757,0.0285806;-1.57074,-0.147772,-1.57064
-0.00119455,-0.000568501,0.0285804;-1.57096,-0.161032,-1.57077
-0.00131151,-0.000516294,0.0285797;-1.57078,-0.179647,-1.57049
-0.000606122,-0.000796317,0.0290262;-1.55148,-0.147225,-1.57006
0.000396556,0.00101073,0.0298482;-1.54532,-0.113768,-1.56444
5.72348e-05,-0.000754046,0.0315121;-1.52443,-0.0949854,-1.56686
-0.00459566,-0.00721742,0.0333984;-1.51962,-0.0851193,-1.55328
-0.00704504,-0.00423496,0.0315378;-1.58619,-0.106436,-1.52897
-0.00709305,-0.00339659,0.031798;-1.57948,-0.102517,-1.52271
-0.00574028,-0.0026357,0.0307443;-1.57142,-0.124326,-1.53718
-0.00583909,-0.00208344,0.0288468;-1.57253,-0.106237,-1.55961
-0.00587278,-0.00230666,0.0288524;-1.57619,-0.0937044,-1.56317
-0.00557373,-0.00418767,0.0290512;-1.57335,-0.0219454,-1.58748
-0.00603365,-0.00447208,0.0288224;-1.57083,-0.0271589,-1.58201
-0.00625723,-0.00441118,0.0287152;-1.5707,-0.0260563,-1.57721
-0.00663734,-0.00322159,0.0286213;-1.56924,-0.075773,-1.57151
-0.00674068,-0.00354002,0.0286343;-1.57067,-0.0741339,-1.57346
-0.00684134,-0.00415037,0.0287769;-1.57154,-0.0714824,-1.57972
-0.00759082,-0.00605901,0.0295774;-1.57674,-0.0504558,-1.58908
-0.00782861,-0.0125812,0.0314938;-1.55402,-0.000479847,-1.60855
-0.0111673,-0.0213576,0.0320983;-1.50623,0.0580643,-1.58476
-0.0105,-0.0194313,0.0300945;-1.52941,0.059222,-1.57711
-0.0088091,-0.0194814,0.034098;-1.47056,0.0625605,-1.59027
-0.00818404,-0.0169244,0.0403704;-1.38459,0.00526243,-1.61049
-0.00705395,-0.0206986,0.0438724;-1.33903,0.0326694,-1.62906
-0.00664902,-0.0262041,0.0473304;-1.27872,0.0640534,-1.64685
-0.00583765,-0.0328161,0.0461124;-1.25001,0.146572,-1.638
-0.00452003,-0.0311931,0.0453459;-1.24518,0.151675,-1.63007
-0.0033011,-0.0296553,0.0455693;-1.23617,0.158767,-1.63223
0.000163995,-0.0275529,0.0475349;-1.22379,0.143651,-1.65122
0.00187088,-0.0283948,0.0488704;-1.25484,0.144864,-1.6467
0.00198196,-0.033454,0.0492632;-1.26734,0.168195,-1.65124
-0.00620385,-0.0430298,0.0464659;-1.27903,0.193619,-1.63454
-0.00772831,-0.0466342,0.0435946;-1.31671,0.203255,-1.60883
-0.0114342,-0.0428599,0.0400268;-1.40176,0.189807,-1.57989
-0.014109,-0.0284153,0.0367763;-1.47209,0.158152,-1.55781
-0.00767392,-0.022686,0.0359107;-1.45355,0.141284,-1.6017
-0.000991902,-0.0204575,0.0368405;-1.47805,0.129829,-1.63855
0.00981882,-0.00654841,0.0383449;-1.54324,0.0894282,-1.67925
0.00767114,-0.00325093,0.0359992;-1.57574,0.0502874,-1.64994
0.00782005,0.00109069,0.0332281;-1.55462,0.0289588,-1.63227
0.00574841,0.00382325,0.0305014;-1.58166,-0.00732712,-1.59762
0.00560796,0.0027964,0.0311523;-1.58942,0.0105067,-1.59876
0.00567338,0.00179468,0.0334544;-1.6161,0.0224948,-1.60811
0.00704876,-0.000663676,0.044809;-1.62483,0.129962,-1.61477
0.00423414,0.0027579,0.0504703;-1.58187,0.16111,-1.60824
-0.00150083,0.00407349,0.0507314;-1.55011,0.179256,-1.59426
-0.00353025,0.00627124,0.0462533;-1.43856,0.14092,-1.56748
0.00336271,0.00267604,0.047975;-1.3968,0.103107,-1.6012
0.00829683,0.00289278,0.0467584;-1.40757,0.064876,-1.61088
0.0160035,0.00174621,0.0501495;-1.4928,0.0298209,-1.63111
0.0139547,0.00253489,0.0524507;-1.5092,0.0222534,-1.63551
0.013074,0.00422714,0.0485993;-1.52451,0.0236979,-1.62991
0.00466128,0.00700482,0.0321839;-1.60194,-0.0518113,-1.60855
0.00600752,0.00880786,0.0300507;-1.5903,-0.101564,-1.5896
0.00821286,0.012222,0.0307457;-1.60808,-0.126683,-1.58763
0.0096031,0.0144633,0.0355851;-1.70713,-0.116051,-1.59448
0.00871141,0.0120272,0.0391052;-1.77649,-0.0881875,-1.60104
0.00820572,0.0124792,0.0414493;-1.82654,-0.0841163,-1.60375
0.00259172,0.0102178,0.044339;-1.87221,-0.026957,-1.58042
0.00129517,0.00682378,0.0461678;-1.80316,0.0204157,-1.5538
-0.000614966,0.000990846,0.0489478;-1.67273,0.0329208,-1.53646
0.00585292,-0.00910902,0.0552119;-1.47789,-0.0162679,-1.54619
0.0111618,-0.00759144,0.0587913;-1.4748,-0.0248146,-1.54512
0.0134032,-0.00815483,0.05999;-1.48066,-0.00878375,-1.54912
0.00742284,0.00865741,0.0622927;-1.60613,0.00666659,-1.54794
0.001999,0.0239064,0.0518619;-1.68696,0.072968,-1.54158
-0.00175952,0.0329469,0.0405519;-1.77933,0.109815,-1.54149
0.00409192,0.0302968,0.0357712;-1.70893,0.050928,-1.5722
0.00891809,0.0297139,0.0341115;-1.67718,0.0158024,-1.58014
0.0116127,0.0292538,0.0350673;-1.68764,0.00584394,-1.5872
0.0110826,0.0256201,0.0341443;-1.64888,0.0110625,-1.59789
0.0101209,0.0194031,0.0334703;-1.62027,0.0329733,-1.60867
0.00952514,0.00983413,0.0304397;-1.56535,0.0391429,-1.60655
0.00705653,-0.00759238,0.0361547;-1.48281,-0.0275502,-1.61901
0.0067869,-0.00995816,0.0383111;-1.45409,-0.0389763,-1.62475
0.00627885,-0.012638,0.0404087;-1.41035,-0.0366832,-1.62479
0.00539211,-0.0119972,0.039627;-1.41947,-0.0571707,-1.61665
0.00610184,-0.0113728,0.0376368;-1.45435,-0.0525052,-1.61704
0.00624757,-0.0089217,0.0336328;-1.52066,-0.0568563,-1.61097
0.00877787,-0.010079,0.034392;-1.51776,-0.00527441,-1.62699
0.0077222,-0.0080947,0.0341814;-1.53601,-0.0223379,-1.63668
0.00717054,-0.00702263,0.0346916;-1.53022,-0.0361457,-1.63934
0.00624355,-0.00645264,0.0346484;-1.54202,-0.0342901,-1.64005
0.00599848,-0.00736138,0.0336067;-1.5456,-0.0187985,-1.62738
0.00596062,-0.00716925,0.0323241;-1.55265,-0.014105,-1.61065
0.00712099,-0.0094086,0.0323943;-1.55093,0.0266171,-1.61491
0.00773833,-0.00651087,0.0335218;-1.53899,0.0136696,-1.63146
0.00903222,-0.00794896,0.0344394;-1.52799,0.0404758,-1.63994
0.011685,-0.0016492,0.0378869;-1.49256,0.0212094,-1.66236
0.0103811,-0.00296184,0.0412611;-1.41554,0.00663655,-1.64516
0.0104129,-0.0035317,0.0397888;-1.42123,0.0122745,-1.6324
0.0100796,-0.00348361,0.0389266;-1.43725,0.0137977,-1.63403
0.0110103,-0.00420401,0.0404624;-1.4217,0.023118,-1.64287
0.012586,-0.00537984,0.0414141;-1.40564,0.0335113,-1.64468
0.0136832,-0.00825998,0.0429183;-1.37612,0.0532318,-1.64789
0.00974071,-0.00981835,0.0450776;-1.30535,0.042996,-1.62594
0.0106001,-0.0116704,0.0447074;-1.28574,0.0611213,-1.6165
0.0104921,-0.0106891,0.0429946;-1.30741,0.0603256,-1.60739
0.0116934,-0.00564758,0.0367419;-1.45551,0.083425,-1.62142
0.0117327,-0.00636973,0.0362214;-1.46569,0.107605,-1.62056
0.0118615,-0.0115052,0.0381697;-1.40807,0.139351,-1.61629
0.0146275,-0.0180625,0.0400035;-1.3444,0.218652,-1.62117
0.0132963,-0.0168939,0.0391956;-1.36967,0.214735,-1.60627
0.0119445,-0.0160697,0.0402149;-1.36187,0.204158,-1.59086
0.0142709,-0.0142402,0.0421678;-1.31192,0.215048,-1.60678
0.0143862,-0.0154798,0.0424098;-1.30782,0.21968,-1.605
0.0161532,-0.0156466,0.0417236;-1.32064,0.240984,-1.61319
0.0201649,-0.0202011,0.0425332;-1.29632,0.256328,-1.63814
0.0198739,-0.0203532,0.0424523;-1.3129,0.259504,-1.64503
0.0190051,-0.0160109,0.0409419;-1.37554,0.236768,-1.64845
0.0153066,-0.011852,0.0417397;-1.34881,0.173025,-1.62505
0.0137438,-0.0118772,0.0424409;-1.32677,0.157298,-1.61912
0.0130518,-0.0114062,0.0421947;-1.33518,0.147575,-1.61718
0.0157084,-0.0173744,0.0408096;-1.33032,0.223134,-1.61085
0.0149678,-0.0175862,0.0399995;-1.34965,0.219774,-1.60144
0.010734,-0.0201967,0.039606;-1.3752,0.172877,-1.57465
0.010592,-0.0193719,0.0407448;-1.37353,0.16773,-1.56284
0.0128648,-0.0176213,0.0391545;-1.3846,0.187402,-1.58192
0.0164269,-0.0130848,0.0366333;-1.42979,0.240979,-1.61763
0.0176304,-0.00684457,0.0380835;-1.42153,0.247888,-1.64115
0.0159017,-0.00407477,0.0377027;-1.42572,0.237541,-1.62899
0.0134533,-0.00154714,0.0353129;-1.45007,0.225882,-1.60058
0.0122127,-0.0034391,0.0307521;-1.53094,0.310467,-1.57608
0.0122956,-0.00199277,0.0303736;-1.53834,0.31163,-1.57399
0.0110324,-0.000959808,0.0308054;-1.52861,0.277536,-1.57519
0.0114478,-0.00109608,0.0312879;-1.52744,0.302401,-1.59833
0.0117388,-0.00103653,0.0328369;-1.53255,0.308349,-1.62265
0.0118156,3.20613e-05,0.0334684;-1.53808,0.299223,-1.63908
0.0116917,0.00400474,0.0329915;-1.53005,0.239756,-1.63039
0.0116862,0.00401211,0.0325796;-1.52014,0.23235,-1.62008
0.0113524,0.00397015,0.0331597;-1.51064,0.22493,-1.62157
0.0131824,0.000855723,0.0367424;-1.4416,0.235974,-1.64329
0.0129627,0.000508682,0.0379715;-1.41637,0.224846,-1.64609
0.0135841,0.000743017,0.0382839;-1.41044,0.22462,-1.64756
0.0133792,0.00151163,0.039338;-1.36172,0.228873,-1.62989
0.0114175,0.00109783,0.0400815;-1.34259,0.213435,-1.62524
0.0121174,0.00211269,0.0393452;-1.35884,0.212475,-1.61858
0.0122632,0.00437707,0.0406873;-1.33647,0.196214,-1.61671
0.0115836,0.00369689,0.0416168;-1.31645,0.188274,-1.61981
0.0117958,0.00143039,0.0416133;-1.32095,0.19794,-1.62242
0.0118911,-0.00396133,0.0415709;-1.31843,0.23898,-1.62579
0.0108252,-0.00326359,0.0410915;-1.33417,0.233703,-1.60721
0.00918833,-0.0013244,0.040968;-1.35554,0.233512,-1.59507
0.0158251,-0.00156035,0.0418872;-1.32413,0.249563,-1.61683
0.0191597,-0.0033539,0.0410148;-1.31892,0.234002,-1.62524
0.0200701,-0.0041406,0.040648;-1.33451,0.236082,-1.62457
0.0221379,-0.00852216,0.0396425;-1.37708,0.261042,-1.63576
0.0196107,-0.0115278,0.0397741;-1.35483,0.271371,-1.62846
0.0181245,-0.0120702,0.0390988;-1.36673,0.258789,-1.61725
0.0124687,-0.0118683,0.0374031;-1.39598,0.204461,-1.59653
0.00982896,-0.0141863,0.0372732;-1.39689,0.159152,-1.59219
0.0087872,-0.016471,0.0361356;-1.41832,0.13704,-1.58782
0.00990355,-0.0191207,0.0360185;-1.42107,0.120631,-1.59678
0.0081123,-0.0184713,0.0367748;-1.40607,0.0972872,-1.59084
0.00786017,-0.0169428,0.0372143;-1.39182,0.0885924,-1.58769
0.00819694,-0.0177845,0.0376084;-1.38518,0.0673865,-1.58492
0.00832642,-0.0178931,0.0371524;-1.40907,0.0746225,-1.59691
0.00748555,-0.0159312,0.0373872;-1.44875,0.0613792,-1.62787
0.00816293,-0.00974659,0.0403409;-1.45192,0.01254,-1.66681
0.00675569,-0.0100221,0.0413045;-1.43673,-0.0132656,-1.65838
0.00773456,-0.00873647,0.0388146;-1.44589,-0.0350283,-1.631
0.00888014,-0.00861194,0.0392022;-1.39626,-0.0332442,-1.60124
0.00913255,-0.0113629,0.0402202;-1.38462,-0.00552782,-1.60245
0.00957072,-0.0146422,0.0379153;-1.39208,0.0318213,-1.58342
0.0106918,-0.0144135,0.0378526;-1.46827,0.043649,-1.63832
0.0104836,-0.0114865,0.0376186;-1.45562,0.0284628,-1.62636
0.0118083,-0.00923762,0.0373961;-1.42931,0.0233453,-1.60589
0.0131465,-0.00721104,0.0374878;-1.39699,0.022728,-1.58735
0.0148188,-0.00768866,0.0384324;-1.38223,0.0314519,-1.58577
0.0165906,-0.00798204,0.0385121;-1.36786,0.0428516,-1.58258
0.0196836,-0.0097482,0.0399391;-1.3887,0.0527542,-1.6192
0.0199085,-0.0100506,0.0420848;-1.42437,0.0451015,-1.66767
0.0182248,-0.00764509,0.0426311;-1.42058,0.0129998,-1.66373
0.0182248,-0.00764509,0.0426311;-1.42058,0.0129998,-1.66373
0.018408,-0.00462692,0.0411639;-1.40558,-0.00422446,-1.63773
0.018408,-0.00462692,0.0411639;-1.40558,-0.00422446,-1.63773
