0,0,0.11;-1.57,-2.98023e-08,-1.57
0,0,0.11;-1.57,-2.98023e-08,-1.57
0,0,0.11;-1.57,-2.98023e-08,-1.57
0.000170172,0.00300156,0.0286852;-1.57148,-0.146573,-1.57564
0.000322666,0.00222814,0.0285975;-1.57064,-0.126334,-1.57173
0.000263426,0.00183038,0.0287534;-1.57061,-0.140498,-1.56272
-0.000222427,-0.000312044,0.029224;-1.56523,-0.180858,-1.55577
-9.46078e-05,0.00164859,0.0291532;-1.59084,-0.260659,-1.58432
-1.53249e-05,0.00777558,0.0298026;-1.60653,-0.308708,-1.5852
0.00087156,0.0106454,0.0301135;-1.61483,-0.339775,-1.58747
0.000286791,0.00893758,0.0286713;-1.57398,-0.316674,-1.57014
0.000323886,0.00861454,0.0288661;-1.56729,-0.304439,-1.55941
-0.000171185,0.00789324,0.0294199;-1.56187,-0.314113,-1.551
-0.000393082,0.00525249,0.0287919;-1.56375,-0.394585,-1.56438
-0.000970858,0.00607699,0.0287742;-1.57151,-0.449985,-1.58007
-0.000919947,0.00765178,0.0288631;-1.57454,-0.479391,-1.58249
-0.000534997,0.00688734,0.0290333;-1.57563,-0.465811,-1.58988
-0.000433345,0.00317185,0.0305267;-1.55912,-0.424573,-1.59304
0.000495134,-0.00319597,0.0339857;-1.49,-0.371318,-1.5716
0.00196967,-0.00991851,0.0357487;-1.44794,-0.341974,-1.53211
0.00140413,-0.00735069,0.032773;-1.50556,-0.405716,-1.54405
0.00141649,-0.00216738,0.0298579;-1.58153,-0.434329,-1.57802
0.0023372,0.00706194,0.0289791;-1.57684,-0.491798,-1.58291
0.00236813,0.00640277,0.0286885;-1.57132,-0.46209,-1.57615
0.00246905,0.00586564,0.0286969;-1.56481,-0.431914,-1.56862
0.00299658,0.00629731,0.029098;-1.55544,-0.391525,-1.55408
0.00329495,0.0065623,0.0287254;-1.57108,-0.407353,-1.56377
0.00328488,0.0073476,0.0287027;-1.57729,-0.431233,-1.57448
0.00328972,0.00873983,0.0288578;-1.57952,-0.468608,-1.58024
0.00299119,0.0101311,0.0291132;-1.59214,-0.489519,-1.58778
-0.00127579,0.00913522,0.0346851;-1.62703,-0.427619,-1.5472
-0.00254341,0.00629296,0.0363434;-1.61104,-0.40393,-1.51392
0.00189374,0.00499963,0.0322843;-1.57227,-0.39853,-1.51309
0.00463954,0.00571184,0.0290248;-1.5938,-0.416461,-1.58089
0.0051411,0.00553782,0.0285853;-1.57083,-0.429655,-1.57124
0.00513103,0.00536918,0.0286079;-1.571,-0.424382,-1.57229
0.00511877,0.00537973,0.0288023;-1.56941,-0.395839,-1.56093
0.0044316,0.00544628,0.0300725;-1.56607,-0.382554,-1.54138
0.00403064,0.00585309,0.0304267;-1.56732,-0.383825,-1.53427
0.00470134,0.00793673,0.0290438;-1.57465,-0.361722,-1.59053
0.00433802,0.0078547,0.0310416;-1.56568,-0.360769,-1.59878
0.0022443,0.00950633,0.0307881;-1.57433,-0.382827,-1.59617
-0.000781904,0.0108631,0.0315628;-1.6014,-0.370697,-1.56894
0.000385435,0.00578292,0.0315146;-1.57046,-0.308645,-1.53883
0.00201375,0.000203001,0.0329892;-1.52158,-0.29963,-1.51649
0.00296667,0.00302978,0.0289571;-1.57222,-0.303151,-1.58798
0.00268143,0.00294779,0.0295181;-1.56631,-0.301417,-1.58889
0.00255202,0.00314103,0.029306;-1.56789,-0.300962,-1.58663
0.00139349,0.00461285,0.0288968;-1.57344,-0.324308,-1.58433
0.00125622,0.00391651,0.0286365;-1.56805,-0.31017,-1.56994
0.000914148,0.00314107,0.0301115;-1.57923,-0.315631,-1.55943
5.97744e-05,0.00502107,0.0305287;-1.61887,-0.262298,-1.58435
-0.000366827,0.00232643,0.0300462;-1.61007,-0.240397,-1.58286
-0.000479892,-7.61189e-05,0.0296436;-1.59627,-0.246916,-1.57323
0.000321912,-0.000606204,0.0293117;-1.58448,-0.25402,-1.56134
0.000750045,-0.00156961,0.0300418;-1.5731,-0.25919,-1.54528
0.000158832,-0.00257509,0.0305908;-1.56557,-0.259202,-1.53588
0.000424333,-0.000361768,0.0288138;-1.5694,-0.215316,-1.56072
0.000266003,-0.000432336,0.0285813;-1.57081,-0.206855,-1.57098
0.000218136,-0.000675204,0.0286806;-1.57057,-0.203562,-1.57552
0.000147216,-0.00138875,0.0289917;-1.57373,-0.193371,-1.58801
-0.000165804,-0.00132904,0.0291279;-1.58739,-0.202846,-1.57871
-0.00220524,-0.00238931,0.0311837;-1.58779,-0.2249,-1.54905
-0.00765426,0.00170519,0.0339399;-1.59898,-0.242881,-1.51374
-0.00563197,0.000189434,0.0308253;-1.58525,-0.248619,-1.54171
-0.00489479,0.000154652,0.0288342;-1.58145,-0.240918,-1.57167
-0.00427285,-0.000807095,0.0288458;-1.56924,-0.233873,-1.58176
-0.00403775,-0.00201378,0.028972;-1.57466,-0.221463,-1.58672
-0.00286178,-0.00596361,0.0291451;-1.55533,-0.195194,-1.56919
-0.00237187,-0.0104888,0.0342507;-1.45679,-0.211705,-1.5401
-0.00186823,-0.010195,0.0329599;-1.47938,-0.213387,-1.5487
-0.00308576,-0.00622807,0.0288873;-1.57048,-0.235758,-1.58549
-0.00291812,-0.00631735,0.0287106;-1.57068,-0.226073,-1.57696
-0.00293044,-0.00651509,0.0287429;-1.57375,-0.217978,-1.56647
-0.00325679,-0.00737217,0.0298395;-1.57199,-0.205381,-1.54535
-0.00555145,-0.0102903,0.034186;-1.55439,-0.256569,-1.49043
-0.00370081,-0.00898404,0.0315772;-1.55824,-0.26268,-1.52293
-0.00253138,-0.00849837,0.0287371;-1.57084,-0.256236,-1.5632
-0.00252761,-0.00895937,0.0285978;-1.57073,-0.238292,-1.57162
-0.00204681,-0.00994437,0.0285801;-1.57076,-0.193545,-1.57072
-0.00199128,-0.00989582,0.0286137;-1.57057,-0.179636,-1.56916
-0.00485559,-0.0116967,0.0307577;-1.52389,-0.238529,-1.54865
-0.00449273,-0.0126344,0.0304688;-1.52406,-0.253825,-1.55539
-0.00422106,-0.0117893,0.0290764;-1.54799,-0.252506,-1.56656
-0.00454884,-0.0110867,0.0287959;-1.5758,-0.261715,-1.56649
-0.00472271,-0.0110391,0.028975;-1.57756,-0.244146,-1.56115
-0.00455444,-0.011525,0.030095;-1.57003,-0.235593,-1.54358
-0.00557694,-0.0127984,0.0321052;-1.54771,-0.257787,-1.51515
-0.00717149,-0.0150158,0.0300447;-1.54686,-0.316426,-1.54448
-0.00805636,-0.0161987,0.0292084;-1.5473,-0.352208,-1.55425
-0.00916571,-0.0133482,0.028958;-1.57327,-0.411636,-1.58744
-0.00790045,-0.0154517,0.0302867;-1.57322,-0.37974,-1.60458
-0.00573069,-0.0188275,0.031388;-1.56763,-0.333217,-1.616
-0.000332983,-0.0268218,0.0347608;-1.44594,-0.250977,-1.54371
-0.000888212,-0.0272977,0.0362025;-1.41033,-0.273572,-1.52934
-0.00194086,-0.02663,0.0366213;-1.41049,-0.286322,-1.52208
-0.00803049,-0.00775562,0.0325029;-1.61154,-0.363547,-1.61225
-0.00835399,0.011377,0.0392136;-1.79679,-0.428103,-1.66582
-0.00666842,0.0110936,0.0397268;-1.814,-0.401165,-1.67309
-0.00606781,0.00947023,0.0394912;-1.79637,-0.379595,-1.66385
-0.00793934,0.00668861,0.0367036;-1.51103,-0.431701,-1.57002
-0.00602251,0.0076863,0.0356265;-1.50701,-0.438536,-1.59769
-0.00309434,0.00669008,0.0328238;-1.56811,-0.401666,-1.63345
-0.0057103,0.0108868,0.034758;-1.59877,-0.433485,-1.64407
-0.00990817,0.00688724,0.0351229;-1.6678,-0.384529,-1.6399
-0.0131809,0.00256282,0.036286;-1.72032,-0.323502,-1.61489
-0.0238028,-0.00911,0.040505;-1.65036,-0.278776,-1.50924
-0.0277466,-0.00655907,0.0391592;-1.63368,-0.327731,-1.50281
-0.0282755,-0.00283771,0.0359604;-1.63988,-0.361184,-1.53456
-0.022649,-0.00452898,0.0290017;-1.58286,-0.436929,-1.574
-0.0219428,-0.00358077,0.0289629;-1.58023,-0.435007,-1.58441
-0.0212193,-0.00541694,0.0291837;-1.57404,-0.396128,-1.58871
-0.0163373,-0.0143093,0.0320734;-1.51866,-0.328072,-1.56563
-0.0177947,-0.0108914,0.0363943;-1.44149,-0.355885,-1.54721
-0.0156526,-0.00855836,0.0373868;-1.43869,-0.35161,-1.56028
-0.0169579,0.00423889,0.0350737;-1.62909,-0.416665,-1.65051
-0.0210756,0.00699523,0.0370017;-1.69799,-0.4042,-1.65543
-0.0251434,0.0058655,0.0387208;-1.77338,-0.3639,-1.65773
-0.0306457,-0.00459438,0.0426668;-1.82564,-0.262975,-1.6327
-0.0263982,-0.0115361,0.0453631;-1.69824,-0.259165,-1.59947
-0.0201824,-0.0158903,0.0436773;-1.48875,-0.296914,-1.54947
-0.00929662,-0.0133755,0.0361077;-1.50911,-0.300023,-1.63185
-0.0103092,-0.00847906,0.0358021;-1.55697,-0.324949,-1.66212
-0.0113079,-0.00744391,0.0354848;-1.57971,-0.316847,-1.66352
-0.0052393,-0.030375,0.0365135;-1.46454,-0.205013,-1.57897
-0.000886001,-0.0389111,0.0376295;-1.39713,-0.168444,-1.53712
0.000961831,-0.0395286,0.0378427;-1.38397,-0.164478,-1.53213
0.00393254,-0.0393128,0.0385841;-1.39391,-0.163751,-1.55356
0.000180634,-0.0357226,0.0375517;-1.45364,-0.204293,-1.58361
-0.00563748,-0.0356113,0.0362643;-1.48831,-0.225038,-1.58706
-0.016455,-0.0336908,0.0451681;-1.51092,-0.227927,-1.53563
-0.0172978,-0.0369499,0.048887;-1.48109,-0.221908,-1.51002
-0.0135732,-0.0414955,0.0503196;-1.41993,-0.234394,-1.48962
-0.0137767,-0.0151335,0.0459251;-1.39373,-0.36339,-1.55196
-0.0131973,-0.000944173,0.0384181;-1.47122,-0.416905,-1.62071
-0.0124049,0.00964101,0.0369983;-1.58982,-0.454868,-1.68071
-0.0169664,0.0142435,0.0388971;-1.66643,-0.466017,-1.68473
-0.0190547,0.00449614,0.0459514;-1.66187,-0.410029,-1.65371
-0.0181231,-0.0139762,0.0507272;-1.53748,-0.354016,-1.57152
-0.00983677,-0.0407892,0.0458689;-1.3015,-0.312402,-1.50616
-0.0104603,-0.0409706,0.0439075;-1.33623,-0.332879,-1.53187
-0.0156129,-0.0353704,0.0410573;-1.40843,-0.382787,-1.55605
-0.0165587,-0.030664,0.0410592;-1.36732,-0.412542,-1.51578
-0.0160939,-0.0359135,0.0429309;-1.32222,-0.416337,-1.4984
-0.0158266,-0.036825,0.0416604;-1.31849,-0.427239,-1.48438
-0.0141587,-0.0335478,0.0431863;-1.33269,-0.427765,-1.51826
-0.00935016,-0.0344783,0.0410264;-1.41142,-0.381597,-1.58069
-0.00424509,-0.0346523,0.0390994;-1.4759,-0.345039,-1.62773
-0.00392135,-0.0348205,0.0379224;-1.45929,-0.335821,-1.59942
-0.00598952,-0.0368673,0.0400559;-1.45813,-0.340091,-1.55474
-0.0110352,-0.0272481,0.0420101;-1.52814,-0.379938,-1.53372
-0.0200521,0.00157107,0.0413044;-1.66101,-0.47569,-1.54639
-0.0145434,0.00784711,0.0400997;-1.70587,-0.479248,-1.57604
-0.00765395,0.0114499,0.0351913;-1.71035,-0.488211,-1.6295
-0.00331523,0.0115797,0.0318059;-1.60024,-0.541789,-1.62051
-0.00332224,0.0123876,0.0315257;-1.61415,-0.555989,-1.61401
-0.00539434,0.0132215,0.032169;-1.64367,-0.562384,-1.60571
-0.0201133,0.015222,0.0351011;-1.62524,-0.587308,-1.55363
-0.0235143,0.0116017,0.0313965;-1.58426,-0.560236,-1.54477
-0.0246792,0.00814057,0.0298565;-1.57899,-0.516361,-1.55805
-0.0262186,0.00762218,0.0305077;-1.5851,-0.502891,-1.54937
-0.0273164,0.00829883,0.0332238;-1.61103,-0.514518,-1.53987
-0.028157,0.00941257,0.0364126;-1.64575,-0.519452,-1.53511
-0.0218469,0.00393685,0.0401551;-1.61214,-0.475682,-1.54078
-0.0137598,-0.00322236,0.0413788;-1.50325,-0.469669,-1.54724
-0.00463295,-0.0116801,0.0393482;-1.42764,-0.433246,-1.58135
0.0032504,-0.0217063,0.0405832;-1.48745,-0.316636,-1.65661
0.00536875,-0.0290025,0.0403428;-1.45618,-0.265127,-1.62877
0.0102754,-0.0371943,0.0417048;-1.38839,-0.201291,-1.59105
0.00815648,-0.046185,0.0424946;-1.31355,-0.192862,-1.53453
0.00425029,-0.0451293,0.04254;-1.30652,-0.234797,-1.51999
0.0034184,-0.0438468,0.0389629;-1.36459,-0.241081,-1.52585
0.00420389,-0.0422644,0.0289375;-1.55362,-0.218779,-1.56726
0.00370181,-0.0421828,0.0296149;-1.54455,-0.229049,-1.55784
0.00285407,-0.0418687,0.0304352;-1.54295,-0.225141,-1.54041
0.000427068,-0.0424145,0.0339292;-1.46795,-0.242584,-1.52295
-0.00164589,-0.043135,0.0365712;-1.40381,-0.267315,-1.51923
-0.00210395,-0.0431434,0.0374385;-1.38405,-0.273547,-1.51523
-0.00379783,-0.0361602,0.0290232;-1.55433,-0.314136,-1.57114
-0.00374338,-0.0359189,0.0288075;-1.5657,-0.302035,-1.57521
-0.00343307,-0.0363002,0.0290557;-1.54785,-0.289249,-1.56276
-0.00343307,-0.0363002,0.0290557;-1.54785,-0.289249,-1.56276
-0.00387879,-0.0360469,0.0293794;-1.54165,-0.290513,-1.55036
-0.00387879,-0.0360469,0.0293794;-1.54165,-0.290513,-1.55036
