0,0,0.11;-1.57,-2.98023e-08,-1.57
0,0,0.11;-1.57,-2.98023e-08,-1.57
0,0,0.11;-1.57,-2.98023e-08,-1.57
0.000781896,0.0076962,0.0286805;-1.57191,-0.183564,-1.5756
0.000434137,0.00704898,0.0287269;-1.57182,-0.163035,-1.57713
-0.00114388,0.00318095,0.0301231;-1.59335,-0.124885,-1.57171
0.000541557,-0.0266279,0.0369159;-1.4275,-0.0411832,-1.5682
-0.00245669,-0.0178771,0.0289236;-1.57128,-0.136721,-1.58654
-0.00227625,-0.017662,0.0287532;-1.57031,-0.136052,-1.57861
-0.00259818,-0.0167403,0.0287336;-1.56996,-0.161215,-1.57705
-0.00214738,-0.0201819,0.0285835;-1.57088,-0.0567117,-1.57083
-0.00344877,-0.0278676,0.0292252;-1.58734,0.0152997,-1.56791
-0.00285089,-0.0487627,0.0346388;-1.48073,0.073201,-1.55606
-0.00216631,-0.0546196,0.0386064;-1.37429,0.0395346,-1.57779
-0.00572763,-0.0485639,0.0379616;-1.40693,-0.0306876,-1.58906
-0.00877973,-0.0371971,0.0326972;-1.53262,-0.0916134,-1.60917
-0.0108185,-0.0259471,0.0289189;-1.57065,-0.194885,-1.58712
-0.0109927,-0.0270434,0.029182;-1.57936,-0.145438,-1.5817
-0.0118512,-0.0347391,0.0354104;-1.57349,-0.0719835,-1.5735
-0.00400122,-0.0642678,0.0412628;-1.33601,0.0299823,-1.57682
-0.00334478,-0.0635724,0.0414453;-1.34689,0.00220928,-1.59616
-0.00189218,-0.0604836,0.0413912;-1.35948,-0.014924,-1.60889
-0.0136258,-0.0374244,0.0358584;-1.51969,-0.207976,-1.63542
-0.0153868,-0.0337135,0.0304448;-1.56356,-0.218257,-1.60478
-0.0157846,-0.0383511,0.0294948;-1.57048,-0.156256,-1.57876
-0.0117189,-0.0503179,0.0343992;-1.48075,-0.0720393,-1.57283
-0.00764714,-0.0569242,0.0375954;-1.40561,-0.0570638,-1.57364
-0.0121081,-0.0470867,0.0410424;-1.39029,-0.161828,-1.59588
-0.0130018,-0.045066,0.0435308;-1.36391,-0.205571,-1.60071
-0.0160182,-0.0394186,0.0423517;-1.40306,-0.261586,-1.61009
-0.0236834,-0.0320437,0.0437906;-1.57692,-0.273603,-1.63478
-0.0255036,-0.0288961,0.0497743;-1.59989,-0.253721,-1.62072
-0.0245465,-0.0243999,0.0462615;-1.51508,-0.313402,-1.59124
-0.0185276,-0.0217867,0.0371735;-1.54066,-0.339844,-1.66676
-0.018145,-0.0143114,0.0353956;-1.58745,-0.392104,-1.66263
-0.0168671,-0.00867441,0.0345163;-1.58394,-0.444001,-1.652
-0.021133,-0.00816647,0.0290016;-1.58861,-0.417177,-1.57678
-0.0226646,-0.01055,0.0321186;-1.60625,-0.416599,-1.56115
-0.0228407,-0.00853779,0.0328443;-1.60913,-0.423414,-1.55486
-0.019062,-0.00861904,0.0308695;-1.51735,-0.436351,-1.55435
-0.0176665,-0.00688581,0.0308002;-1.54791,-0.448491,-1.58455
-0.0178505,-0.00434692,0.0296231;-1.57337,-0.474748,-1.59248
-0.0199725,-0.00385119,0.0292719;-1.59134,-0.473806,-1.58583
-0.0214147,-0.00712304,0.0309193;-1.60937,-0.433786,-1.58298
-0.0229356,-0.00818228,0.0352129;-1.6624,-0.427289,-1.57818
-0.0201824,-0.00357954,0.0300889;-1.54315,-0.463896,-1.56929
-0.0197074,-0.00253132,0.0308631;-1.53345,-0.472648,-1.57132
-0.0185635,-0.00166484,0.0325788;-1.53406,-0.481845,-1.59291
-0.0152055,-0.0048071,0.0296695;-1.59302,-0.436131,-1.59153
-0.0153889,-0.00928901,0.0295715;-1.56376,-0.391374,-1.56975
-0.0129238,-0.0166638,0.0313286;-1.56369,-0.338139,-1.54942
-0.00723902,-0.0228659,0.032074;-1.49444,-0.347841,-1.55008
-0.00804573,-0.0220477,0.0315521;-1.50471,-0.344131,-1.55549
-0.00689176,-0.022499,0.0313077;-1.50829,-0.325442,-1.55918
-0.00793816,-0.0211509,0.0318767;-1.50131,-0.359411,-1.54999
-0.0110587,-0.019491,0.0334735;-1.50923,-0.359286,-1.51557
-0.013772,-0.0194083,0.0364039;-1.49064,-0.335589,-1.47406
-0.0121482,-0.0184754,0.0394667;-1.35213,-0.349636,-1.50522
-0.0156606,-0.0158127,0.0394657;-1.34771,-0.389915,-1.49944
-0.0247802,-0.00636579,0.0388972;-1.34662,-0.50951,-1.47691
-0.0291837,0.000637081,0.0365684;-1.37352,-0.634175,-1.45176
-0.0275562,-0.00218427,0.0387262;-1.34661,-0.651201,-1.43582
-0.028974,-0.00273064,0.0385752;-1.41908,-0.650234,-1.42842
-0.0217255,-0.00519793,0.034788;-1.46433,-0.643106,-1.49004
-0.0193214,-0.0024501,0.0309542;-1.54912,-0.658485,-1.58998
-0.0194861,0.00210511,0.032362;-1.57696,-0.690777,-1.63367
-0.0136106,-0.00668241,0.0379995;-1.55067,-0.566175,-1.6802
-0.0102842,-0.00856739,0.0391576;-1.55193,-0.545261,-1.68862
-0.011142,-0.0100027,0.0450169;-1.64427,-0.513709,-1.70914
-0.00109336,-0.0353821,0.0453663;-1.48819,-0.440909,-1.59052
0.0066068,-0.0449219,0.041948;-1.48489,-0.432586,-1.61094
0.00787736,-0.0421417,0.0341086;-1.54724,-0.436653,-1.63535
-0.00135938,-0.0332284,0.0328471;-1.53398,-0.544071,-1.59813
-0.00127806,-0.0338822,0.0324865;-1.55899,-0.531622,-1.62632
-0.00110624,-0.0359924,0.0350002;-1.53221,-0.517498,-1.632
0.00658204,-0.0504535,0.0443545;-1.52584,-0.394893,-1.59584
0.0147026,-0.0628069,0.0456584;-1.40483,-0.382545,-1.53695
0.0196797,-0.07007,0.0389081;-1.40142,-0.368962,-1.55113
0.0131965,-0.0591083,0.0339421;-1.55085,-0.426481,-1.63206
0.0143465,-0.0590326,0.0318274;-1.54618,-0.414851,-1.60422
0.0143082,-0.0599441,0.0312966;-1.53424,-0.415447,-1.58478
0.0135881,-0.0605433,0.0385719;-1.38374,-0.413442,-1.48234
0.0197109,-0.0599306,0.0401627;-1.33404,-0.422839,-1.47187
0.0198158,-0.0566898,0.0403529;-1.38717,-0.446026,-1.55015
0.00660484,-0.0448312,0.0385687;-1.50804,-0.568844,-1.647
0.00384242,-0.0438179,0.0377785;-1.47746,-0.607804,-1.60067
0.00122775,-0.0438798,0.0374018;-1.41436,-0.648126,-1.52207
0.00132371,-0.0534083,0.0412502;-1.39057,-0.580065,-1.49206
0.00536587,-0.0563633,0.0436599;-1.25404,-0.609104,-1.41794
0.00301788,-0.0525871,0.0438158;-1.28495,-0.65019,-1.46525
-0.00732563,-0.0422238,0.0387323;-1.55992,-0.692775,-1.68214
-0.00693467,-0.0431816,0.0365708;-1.54082,-0.687944,-1.65694
-0.00657456,-0.0444048,0.0365084;-1.5003,-0.685648,-1.60923
-0.00864724,-0.0369322,0.0430656;-1.68815,-0.676075,-1.70085
-0.00577705,-0.0297521,0.0456856;-1.72361,-0.659175,-1.75729
0.00321915,-0.0317107,0.0440718;-1.59997,-0.650283,-1.70128
0.00700514,-0.0433935,0.0389984;-1.54867,-0.694859,-1.69517
0.00313497,-0.0391928,0.0334837;-1.55885,-0.733778,-1.62795
0.00254842,-0.0393302,0.0306712;-1.5634,-0.732016,-1.60295
0.00288701,-0.0418985,0.0318867;-1.56844,-0.712533,-1.60881
0.0121789,-0.0532069,0.042154;-1.62721,-0.606265,-1.66117
0.0226712,-0.0526448,0.0416128;-1.54957,-0.592058,-1.65716
0.0294494,-0.0547445,0.0391756;-1.48866,-0.578664,-1.6365
0.0236983,-0.0472362,0.0382806;-1.52751,-0.64704,-1.66035
0.0270614,-0.0514409,0.0383664;-1.48291,-0.609527,-1.61341
0.0333137,-0.0583857,0.0358154;-1.45123,-0.547175,-1.54789
0.034029,-0.0711294,0.0338046;-1.57394,-0.521788,-1.57548
0.033149,-0.0646371,0.0368315;-1.53901,-0.578111,-1.60371
0.0318042,-0.0594219,0.0344485;-1.53492,-0.572022,-1.6303
0.0330187,-0.0591159,0.0322286;-1.55428,-0.561784,-1.61198
0.0316077,-0.0571511,0.029231;-1.56941,-0.589938,-1.58785
0.0312298,-0.0566647,0.0287082;-1.57318,-0.604183,-1.5674
0.03297,-0.0591762,0.0330774;-1.55541,-0.530994,-1.5054
0.0395872,-0.0627599,0.0305152;-1.55829,-0.541655,-1.54625
0.0422327,-0.0629365,0.0300824;-1.56927,-0.533171,-1.60146
0.0452423,-0.0669787,0.0322218;-1.56075,-0.482212,-1.61824
0.0513049,-0.0704893,0.0299105;-1.56307,-0.411486,-1.59106
0.0523381,-0.0711091,0.0286524;-1.56783,-0.403037,-1.57027
0.0536434,-0.0693327,0.033598;-1.54053,-0.360209,-1.49953
0.054346,-0.0708162,0.0328522;-1.5433,-0.395629,-1.51019
0.0539285,-0.0704799,0.0299523;-1.5475,-0.448755,-1.56585
0.0477826,-0.0662781,0.0312944;-1.56584,-0.494415,-1.60874
0.0428185,-0.0608273,0.0310179;-1.5598,-0.564472,-1.60167
0.0423691,-0.0588521,0.029344;-1.56365,-0.577507,-1.58774
0.0385784,-0.059863,0.0305612;-1.56268,-0.609018,-1.53891
0.0364152,-0.0593726,0.0333442;-1.55963,-0.577087,-1.51056
0.0456176,-0.061509,0.031219;-1.54288,-0.547736,-1.53395
0.049807,-0.0644074,0.0303221;-1.56841,-0.527042,-1.60165
0.050759,-0.0658268,0.0309014;-1.56697,-0.507771,-1.60596
0.054531,-0.0677171,0.0302121;-1.55985,-0.464133,-1.59194
0.0572464,-0.069994,0.0291786;-1.56327,-0.425279,-1.56228
0.0580364,-0.0704076,0.032431;-1.54261,-0.395321,-1.51511
0.0582773,-0.0685102,0.0344415;-1.52881,-0.392552,-1.49381
0.0583903,-0.0690307,0.0295816;-1.56819,-0.461213,-1.59739
0.0569701,-0.0681913,0.0297496;-1.56824,-0.472778,-1.59071
0.0517548,-0.0635498,0.0298024;-1.56856,-0.541707,-1.59273
0.0481029,-0.0603569,0.0296531;-1.54338,-0.595336,-1.56277
0.0441336,-0.0608892,0.0319281;-1.51858,-0.637911,-1.52458
0.0381089,-0.0582396,0.0348856;-1.49929,-0.654779,-1.4745
0.0338371,-0.04538,0.0315152;-1.51027,-0.769819,-1.54656
0.0311743,-0.0436562,0.0310331;-1.56094,-0.790031,-1.60757
0.0299164,-0.0418561,0.0297162;-1.5769,-0.801902,-1.59796
0.0414548,-0.0499264,0.0291864;-1.54715,-0.632777,-1.56638
0.0432673,-0.0533306,0.0336076;-1.46066,-0.620227,-1.50246
0.0428868,-0.0590127,0.0373166;-1.40966,-0.622326,-1.44174
0.0412558,-0.0542109,0.0391659;-1.33152,-0.677724,-1.44416
0.0391,-0.049592,0.040747;-1.32744,-0.707843,-1.45892
0.0356882,-0.0462451,0.0416095;-1.34584,-0.74442,-1.48764
0.030116,-0.0470545,0.0429808;-1.28499,-0.760831,-1.43189
0.0359915,-0.0560434,0.0412461;-1.2889,-0.671322,-1.40726
0.0417087,-0.0674967,0.0415343;-1.29358,-0.619151,-1.38354
0.0425455,-0.0708532,0.0396836;-1.30012,-0.686689,-1.40563
0.0352966,-0.0637188,0.0389625;-1.37977,-0.766051,-1.49499
0.0295529,-0.0553576,0.0406761;-1.40562,-0.82231,-1.54402
0.0270867,-0.053656,0.04163;-1.38542,-0.850251,-1.53177
0.0289162,-0.0570809,0.0407193;-1.36389,-0.826333,-1.49742
0.0279367,-0.0619467,0.0427436;-1.35595,-0.847329,-1.46133
0.0383736,-0.0730089,0.0438437;-1.23644,-0.730944,-1.38574
0.0374497,-0.072455,0.0432313;-1.24288,-0.7531,-1.39385
0.0336059,-0.066344,0.0440901;-1.27596,-0.794225,-1.43621
0.0282102,-0.0622001,0.0447588;-1.25657,-0.838015,-1.41538
0.0342151,-0.064035,0.0435685;-1.2459,-0.78315,-1.39209
0.0406459,-0.0680875,0.0426915;-1.24201,-0.719699,-1.3703
0.0477652,-0.085692,0.0422316;-1.22625,-0.70086,-1.33506
0.0410796,-0.0842789,0.0401152;-1.28085,-0.778192,-1.38136
0.0290771,-0.0781207,0.0370527;-1.4014,-0.884604,-1.4909
0.01326,-0.0608277,0.0358608;-1.45752,-1.05534,-1.54314
0.0130591,-0.0614279,0.031989;-1.53332,-1.06258,-1.58098
0.0130231,-0.0620113,0.0299913;-1.56608,-1.05113,-1.5868
0.0227509,-0.0698935,0.0462608;-1.50084,-0.92378,-1.52595
0.0335135,-0.068444,0.0473859;-1.3497,-0.897384,-1.44972
0.0397621,-0.0693514,0.0455629;-1.20513,-0.909867,-1.36694
0.0320672,-0.0662901,0.0447785;-1.24372,-1.00233,-1.39644
0.0291456,-0.0673764,0.0414897;-1.31632,-1.03605,-1.44031
0.0309977,-0.0706948,0.0337424;-1.45941,-1.02039,-1.51691
0.0351756,-0.0823138,0.0333827;-1.68269,-0.92542,-1.63579
0.0349565,-0.0803477,0.0348573;-1.75034,-0.933931,-1.70469
0.0368395,-0.0770265,0.0299609;-1.56056,-0.972243,-1.59329
0.0375901,-0.0777816,0.0287404;-1.57053,-0.950439,-1.57832
0.037378,-0.0774922,0.0286712;-1.57108,-0.956355,-1.5754
0.0375748,-0.0777068,0.0287983;-1.58128,-0.933576,-1.57514
0.0375748,-0.0777068,0.0287983;-1.58128,-0.933576,-1.57514
0.0376153,-0.0789484,0.0298988;-1.60267,-0.889661,-1.57973
0.0376153,-0.0789484,0.0298988;-1.60267,-0.889661,-1.57973
