0,0,0.11;-1.57,-2.98023e-08,-1.57
0,0,0.11;-1.57,-2.98023e-08,-1.57
0,0,0.11;-1.57,-2.98023e-08,-1.57
-0.000168936,0.0043501,0.0286788;-1.57071,-0.134576,-1.57538
-0.000123506,0.00470409,0.0285913;-1.57067,-0.12988,-1.57007
-0.000941628,0.00454863,0.0297589;-1.57156,-0.0960225,-1.54941
-0.000912932,0.00165995,0.0323826;-1.59799,-0.0733202,-1.5417
0.00513795,0.00731682,0.029853;-1.57016,-0.132185,-1.59797
0.00413835,0.0125904,0.0292798;-1.57424,-0.198578,-1.5874
0.00368218,0.0152955,0.0287948;-1.57071,-0.252903,-1.58105
0.00417967,0.0151325,0.0288141;-1.56905,-0.188012,-1.56043
0.00339529,0.0143442,0.0299569;-1.56641,-0.171289,-1.54056
0.00231686,0.0131725,0.0326651;-1.5712,-0.156237,-1.50798
0.00471904,0.0107984,0.0313182;-1.54886,-0.137399,-1.53929
0.00746285,0.00936112,0.0294079;-1.559,-0.152967,-1.58184
0.00811624,0.0102682,0.029626;-1.57364,-0.163674,-1.5934
0.00708788,0.00995493,0.0287256;-1.57066,-0.188056,-1.57764
0.00610057,0.00981149,0.0289211;-1.57595,-0.136295,-1.56174
0.00469428,0.0104906,0.0318536;-1.5711,-0.102283,-1.51904
0.0044816,0.0094506,0.0339929;-1.5659,-0.0969219,-1.49237
0.00711223,0.0084982,0.0308672;-1.56403,-0.117273,-1.53575
0.00737424,0.00850649,0.0285965;-1.57071,-0.149209,-1.5719
0.00790709,0.0109466,0.0291096;-1.58188,-0.217261,-1.58641
0.00754316,0.00999537,0.0288052;-1.57198,-0.189287,-1.58059
0.00623243,0.00912498,0.0302063;-1.57559,-0.138856,-1.55415
0.00300083,0.0072183,0.0318865;-1.56855,-0.118767,-1.52295
0.0021598,0.00601974,0.0308987;-1.56046,-0.130411,-1.53346
0.00287488,0.00604173,0.0285799;-1.57081,-0.146402,-1.57077
0.00317101,0.00634036,0.0286197;-1.56984,-0.143479,-1.57172
0.00334001,0.00588626,0.028698;-1.56886,-0.134573,-1.57473
0.00239722,0.00465462,0.0313459;-1.57113,-0.0756887,-1.54748
-0.00243023,0.00417244,0.034272;-1.5727,-0.0591177,-1.50881
-0.00361869,0.00356688,0.0326334;-1.55069,-0.0776475,-1.51831
-0.00301071,0.00508615,0.0289614;-1.55723,-0.102807,-1.56452
-0.00256748,0.00571626,0.028714;-1.56438,-0.0929022,-1.57012
-0.00206257,0.00542246,0.0286884;-1.56559,-0.0602585,-1.57039
-0.00253349,0.0045488,0.0292614;-1.57063,-0.0424339,-1.55678
-0.00408068,0.00396703,0.0324115;-1.57545,-0.0075572,-1.52442
-0.00347439,0.00266405,0.0331564;-1.56798,-0.00866695,-1.52328
-0.0026632,0.00646818,0.02911;-1.55164,-0.0593196,-1.56303
-0.00260199,0.00715383,0.0288079;-1.56264,-0.0672185,-1.56738
-0.0024849,0.00755293,0.0285808;-1.57073,-0.06115,-1.57072
-0.00237246,0.00687727,0.0287905;-1.57108,-0.0446461,-1.56058
-0.00280363,0.00785797,0.0305882;-1.57158,-0.0251808,-1.53675
-0.00400914,0.00762823,0.0334487;-1.56936,0.0183144,-1.50632
0.000255216,0.00603362,0.0306597;-1.53221,-0.0160392,-1.55756
0.000319041,0.00772057,0.0289289;-1.56002,-0.0427404,-1.5761
0.000748588,0.0105603,0.0286743;-1.57108,-0.0934211,-1.57547
0.000852979,0.0108821,0.028727;-1.57094,-0.08332,-1.56374
0.000687532,0.0106292,0.0294619;-1.57478,-0.0842738,-1.55281
-0.000369414,0.0106058,0.0332958;-1.57744,-0.0815818,-1.50612
-0.000187969,0.0136926,0.0304539;-1.56013,-0.114514,-1.53927
-0.000443585,0.0139119,0.0288574;-1.55921,-0.141594,-1.5662
-0.000543138,0.0151758,0.0288241;-1.5622,-0.167999,-1.57266
-0.000263244,0.0141474,0.0288301;-1.56463,-0.131551,-1.57599
-0.00163205,0.0121364,0.0294608;-1.56761,-0.139927,-1.5559
-0.00337283,0.0112229,0.0317069;-1.57167,-0.145258,-1.52364
-0.00155354,0.0131566,0.0311872;-1.5621,-0.163205,-1.52924
-0.00193528,0.0136086,0.0296049;-1.55547,-0.170056,-1.54928
-0.00201365,0.0139504,0.029004;-1.55788,-0.17911,-1.5564
-0.000710325,0.0152835,0.0286748;-1.57079,-0.120714,-1.5752
-0.00155591,0.012973,0.0292203;-1.5675,-0.107727,-1.57444
-0.00330666,0.0114692,0.0305517;-1.59195,-0.0824398,-1.56017
-0.00480468,0.00732028,0.0306671;-1.56435,-0.109903,-1.53316
-0.00510163,0.00842828,0.0298406;-1.55934,-0.116877,-1.54452
-0.00543538,0.00829072,0.029338;-1.54491,-0.127373,-1.55631
-0.00434341,0.00935724,0.0285795;-1.57082,-0.107066,-1.57079
-0.00444169,0.00874745,0.0285851;-1.57047,-0.0687742,-1.57081
-0.00514568,0.00736123,0.029218;-1.5816,-0.0276879,-1.57318
-0.00636478,0.0028521,0.0326542;-1.61994,-0.0293187,-1.54738
-0.00727344,-0.00102547,0.0307685;-1.53919,-0.0475972,-1.54581
-0.00785328,-0.000543198,0.0292852;-1.55677,-0.0768289,-1.55535
-0.0076378,0.000801505,0.0286834;-1.57086,-0.0873962,-1.56579
-0.00760234,0.00101184,0.0285816;-1.57077,-0.0609845,-1.57042
-0.00797899,0.00135865,0.0286637;-1.57108,-0.0283731,-1.56662
-0.00995496,-0.00158264,0.0311447;-1.57845,0.00770863,-1.54119
-0.00742636,-0.00390477,0.0307895;-1.56257,-0.0365859,-1.55574
-0.00657695,-0.00330869,0.0314687;-1.52867,-0.0812085,-1.5846
-0.00842066,0.0077848,0.0285937;-1.57115,-0.147152,-1.5706
-0.0082757,0.00755107,0.0286674;-1.57428,-0.128308,-1.57259
-0.00830485,0.0075138,0.0287857;-1.57736,-0.0894056,-1.56787
-0.010712,0.00793594,0.0309132;-1.58386,-0.0633464,-1.54328
-0.0084499,0.00616212,0.0307058;-1.60285,-0.121485,-1.56258
-0.00748651,0.0057695,0.028804;-1.57164,-0.185569,-1.58085
-0.00664543,0.0145079,0.0317914;-1.58893,-0.236976,-1.61226
-0.00616849,0.0143175,0.0313489;-1.57168,-0.231131,-1.61492
-0.00679357,0.0131649,0.0290395;-1.57718,-0.205844,-1.58466
-0.0110371,0.0143572,0.030388;-1.58597,-0.180129,-1.55401
-0.00883132,0.0111468,0.0306084;-1.6023,-0.217848,-1.56565
-0.00794089,0.00835627,0.0289589;-1.58696,-0.240939,-1.57243
-0.00760938,0.00980492,0.0290273;-1.58137,-0.283754,-1.58481
-0.00708972,0.00798262,0.0301014;-1.5727,-0.261845,-1.59839
-0.00660558,0.00550958,0.0315181;-1.56782,-0.235415,-1.61479
-0.00922255,0.00898043,0.0348653;-1.68906,-0.18018,-1.58851
-0.0088586,0.00935535,0.0344199;-1.6919,-0.189851,-1.59087
-0.00860149,0.00649863,0.0303194;-1.61614,-0.188111,-1.58018
-0.00760111,0.00597739,0.0289748;-1.5829,-0.251178,-1.581
-0.00763795,0.00633933,0.0290953;-1.59234,-0.259326,-1.58057
-0.0072438,0.00271954,0.0294992;-1.59384,-0.212374,-1.58629
-0.0074222,-0.00105042,0.0324042;-1.64293,-0.149148,-1.59427
-0.0108743,-7.91434e-05,0.0400664;-1.78881,-0.0577124,-1.58961
-0.00949424,-0.00185502,0.0398655;-1.7938,-0.10265,-1.60254
-0.00729618,-0.00353185,0.0335529;-1.67293,-0.158752,-1.59276
-0.00599965,-0.00374888,0.0291631;-1.58981,-0.20225,-1.57951
-0.00617715,-0.00444035,0.0290729;-1.59149,-0.177389,-1.57811
-0.00690907,-0.00606047,0.0291953;-1.59806,-0.134419,-1.5763
-0.0107849,-0.00478972,0.0370679;-1.72543,-0.0456329,-1.57558
-0.0073911,-0.000513414,0.0399026;-1.79393,-0.0881936,-1.59912
-0.00508181,0.00360222,0.0386792;-1.76549,-0.150872,-1.6151
-0.00472043,0.0021003,0.0309332;-1.59312,-0.23444,-1.6015
-0.00530774,-0.000883301,0.0291719;-1.58038,-0.214868,-1.58177
-0.00583683,-0.00131205,0.0297266;-1.59154,-0.200766,-1.56777
-0.00803128,0.00534405,0.0333184;-1.63758,-0.136006,-1.55774
-0.00586442,0.00463467,0.0338098;-1.66899,-0.156067,-1.58206
-0.00380351,0.00478226,0.0334756;-1.66789,-0.171516,-1.59705
-0.00177266,0.00458456,0.0347597;-1.5992,-0.221252,-1.64648
-0.00219574,0.00553878,0.032836;-1.60233,-0.226027,-1.62085
-0.0035677,0.00225862,0.030651;-1.61956,-0.194219,-1.58119
-0.00615078,0.00474527,0.031719;-1.61472,-0.125951,-1.55853
-0.00621712,0.00544454,0.0327115;-1.64086,-0.127692,-1.56913
-0.00457594,0.00333011,0.0304843;-1.61869,-0.146253,-1.57945
-0.00392587,0.00286615,0.0303671;-1.58433,-0.170832,-1.59959
-0.00323946,0.00296787,0.0311624;-1.59711,-0.186894,-1.6053
-0.0029008,3.1922e-06,0.0319669;-1.60472,-0.167302,-1.60626
-0.00710496,-0.00821023,0.0333802;-1.64195,-0.0792699,-1.56034
-0.00828394,-0.0105185,0.0330212;-1.62122,-0.00638606,-1.54599
-0.00711536,-0.0110708,0.0331126;-1.65186,-0.0376119,-1.56678
-0.00501008,-0.0136821,0.0290609;-1.58151,-0.0759406,-1.58394
-0.00464433,-0.0114833,0.0291578;-1.5901,-0.111654,-1.58148
-0.00406051,-0.0105428,0.0292573;-1.59314,-0.131764,-1.58037
-0.00638435,-0.0189707,0.0325434;-1.62287,-0.063214,-1.56603
-0.00698357,-0.0214826,0.0357257;-1.65569,0.0151199,-1.55172
-0.00751314,-0.0221298,0.0352803;-1.6741,0.0491475,-1.55338
-0.0060771,-0.0256218,0.0289084;-1.58337,-0.0128869,-1.57421
-0.00597285,-0.0254362,0.0288438;-1.5746,-0.0276931,-1.57956
-0.00569201,-0.0245025,0.0288049;-1.57862,-0.054568,-1.57422
-0.00611996,-0.0257049,0.0297517;-1.57424,-0.0434055,-1.55535
-0.00634407,-0.0265906,0.0302063;-1.58118,-0.0190807,-1.54866
-0.00651315,-0.0257896,0.0325624;-1.62729,0.00651266,-1.55221
-0.000784402,-0.0195457,0.0299014;-1.59495,-0.0854515,-1.58507
-0.000479436,-0.0179397,0.028995;-1.57572,-0.108506,-1.58723
-0.000468547,-0.0167987,0.0288495;-1.5788,-0.129213,-1.57878
-0.000294039,-0.0172014,0.0295307;-1.57301,-0.105971,-1.55312
-0.00146911,-0.017879,0.0323672;-1.554,-0.0934561,-1.51774
-0.00224104,-0.0173758,0.0326174;-1.561,-0.0814335,-1.50908
0.00180303,-0.0190164,0.0289665;-1.57537,-0.102772,-1.58647
0.00236978,-0.0182925,0.0303519;-1.57236,-0.110347,-1.60363
0.00255335,-0.0154361,0.0298955;-1.58651,-0.132104,-1.59311
0.00201836,-0.0163965,0.0289955;-1.56617,-0.101674,-1.55469
0.000977548,-0.0179223,0.0318823;-1.5481,-0.105638,-1.52008
-0.00224399,-0.0245257,0.03434;-1.53531,-0.0806793,-1.50121
-0.000528426,-0.028796,0.0295518;-1.55991,-0.0839523,-1.54979
-0.000553107,-0.0285379,0.0285796;-1.5709,-0.0963667,-1.5709
-0.000323364,-0.0273685,0.0288291;-1.57587,-0.122584,-1.57836
0.000209826,-0.0268631,0.028771;-1.57174,-0.133506,-1.57895
-0.000727849,-0.0288039,0.0296536;-1.5594,-0.114031,-1.55068
-0.00242173,-0.0304984,0.0322932;-1.55976,-0.100998,-1.51295
-0.00197293,-0.0321205,0.0313605;-1.56873,-0.132655,-1.52758
-0.00171602,-0.0327775,0.028754;-1.57068,-0.137168,-1.56254
-0.00161374,-0.0325506,0.0286231;-1.571,-0.133808,-1.56875
-0.0015467,-0.0323159,0.0285934;-1.57122,-0.135379,-1.57005
-0.00141038,-0.032409,0.0289208;-1.56211,-0.110917,-1.5631
-0.0031503,-0.0355382,0.0311542;-1.55238,-0.0975841,-1.53981
-0.0103909,-0.0458861,0.0337848;-1.55294,-0.0825666,-1.50418
-0.0100979,-0.0475269,0.0306;-1.56921,-0.12019,-1.53712
-0.00942321,-0.0470496,0.0286895;-1.57102,-0.118191,-1.56542
-0.00935866,-0.0465303,0.0285798;-1.57077,-0.102204,-1.57076
-0.00918309,-0.0463887,0.028747;-1.56965,-0.0848693,-1.56324
-0.00958798,-0.0468673,0.0294626;-1.56641,-0.0694647,-1.54899
-0.013478,-0.0546258,0.0350189;-1.55659,-0.0613262,-1.49961
-0.0107803,-0.0554683,0.0321714;-1.56154,-0.111073,-1.52609
-0.00967213,-0.0559377,0.0287883;-1.56849,-0.139668,-1.56284
-0.00941672,-0.0550871,0.0285905;-1.57017,-0.134206,-1.57102
-0.00925917,-0.0556554,0.0285807;-1.57058,-0.107759,-1.5709
-0.00930095,-0.0558386,0.0290276;-1.56313,-0.104814,-1.55542
-0.0117413,-0.0558455,0.0341115;-1.57506,-0.106334,-1.49003
-0.00874469,-0.0592989,0.0322501;-1.5824,-0.139132,-1.52053
-0.00563971,-0.0632,0.0288714;-1.55811,-0.143931,-1.56762
-0.00547378,-0.0614688,0.0286184;-1.57074,-0.172462,-1.57288
-0.00541637,-0.0615614,0.0285794;-1.57078,-0.165824,-1.57085
-0.00548689,-0.0614499,0.0289359;-1.56707,-0.149289,-1.55628
-0.00548689,-0.0614499,0.0289359;-1.56707,-0.149289,-1.55628
-0.00604309,-0.0616268,0.0314156;-1.56806,-0.141495,-1.5258
-0.00604309,-0.0616268,0.0314156;-1.56806,-0.141495,-1.5258
