0,0,0.11;-1.57,-2.98023e-08,-1.57
0,0,0.11;-1.57,-2.98023e-08,-1.57
0,0,0.11;-1.57,-2.98023e-08,-1.57
-0.000555103,0.000519833,0.028582;-1.57096,-0.240897,-1.57064
-0.000975324,-0.000414622,0.0286114;-1.57077,-0.268597,-1.56937
-0.00138056,-0.000520825,0.0289986;-1.58169,-0.258479,-1.56383
-0.00287784,-0.00227277,0.0308198;-1.58423,-0.260165,-1.5437
-0.00267898,-0.00736934,0.0291198;-1.55938,-0.35928,-1.55148
-0.00338702,-0.00803127,0.0290046;-1.55897,-0.385458,-1.55684
-0.00343699,-0.00816819,0.0290043;-1.55679,-0.390496,-1.55791
-0.00331046,-0.00820562,0.0291428;-1.55362,-0.390802,-1.55299
-0.00362801,-0.00742309,0.0288489;-1.56838,-0.391056,-1.56094
-0.00496558,-0.00698156,0.0305648;-1.58155,-0.362355,-1.55081
-0.00506392,-0.00791849,0.0299982;-1.5795,-0.39382,-1.5554
-0.00338881,-0.00911534,0.0290885;-1.575,-0.427395,-1.56213
-0.00292182,-0.00979772,0.028734;-1.57097,-0.446734,-1.56338
-0.00273398,-0.00891039,0.0288074;-1.56641,-0.435174,-1.56162
-0.00218774,-0.00739693,0.029022;-1.56048,-0.389159,-1.55518
-0.00174807,-0.00488629,0.0307429;-1.55791,-0.368505,-1.53459
0.000373726,0.00358568,0.0371456;-1.58616,-0.326366,-1.48426
0.00262966,0.00654884,0.0351307;-1.5757,-0.366486,-1.49963
0.00425777,0.00624597,0.0303926;-1.55667,-0.367602,-1.53779
0.0050454,0.00809666,0.0286429;-1.57084,-0.305568,-1.5678
0.00500164,0.0092229,0.0288367;-1.5679,-0.269368,-1.5605
0.00455095,0.0109766,0.0294369;-1.57653,-0.238145,-1.55615
0.00228751,0.0149313,0.0330631;-1.61369,-0.187085,-1.53814
0.00144027,0.0180592,0.0346327;-1.64374,-0.144318,-1.54124
0.00174014,0.0221245,0.0286913;-1.57008,-0.126406,-1.5645
0.00196614,0.0225625,0.0289329;-1.55469,-0.0765512,-1.56806
0.00184684,0.0226967,0.0291683;-1.54934,-0.0569911,-1.56181
0.00111684,0.022829,0.031933;-1.56127,-0.0293417,-1.51998
-0.00108689,0.019976,0.0346749;-1.60525,-0.0173969,-1.50823
0.000517468,0.0188545,0.0364127;-1.65143,0.0101761,-1.51113
-0.00144974,0.0260869,0.0311028;-1.60856,0.0275401,-1.55194
-0.00153792,0.0261563,0.0287201;-1.5705,0.0316312,-1.56356
-0.00142237,0.0261968,0.0287041;-1.56759,0.0371358,-1.5682
-0.00141832,0.0255564,0.0289565;-1.58079,0.058796,-1.56198
-0.00136871,0.0231077,0.0316398;-1.62314,0.054443,-1.55037
-0.000453087,0.0223545,0.0362009;-1.7095,0.0568611,-1.54891
-0.000986394,0.0241484,0.0353202;-1.64415,0.0684318,-1.52154
-0.000577681,0.0228316,0.030253;-1.56404,0.0675485,-1.54129
-0.00065695,0.0226857,0.0291064;-1.55473,0.0520994,-1.55979
-0.0012814,0.0207534,0.0291235;-1.55645,0.0261386,-1.55609
-0.0017213,0.0186781,0.0295269;-1.57214,0.0123847,-1.55373
-0.00223116,0.018195,0.0311302;-1.59762,0.0246862,-1.54619
-0.000172903,0.00946249,0.0354961;-1.68666,-0.0182584,-1.55402
0.00119385,0.00534437,0.0340758;-1.66069,-0.024661,-1.5573
0.00222271,0.000495594,0.0287036;-1.57141,-0.0540957,-1.56472
0.00194565,-0.000662871,0.0288361;-1.56628,-0.0918933,-1.56258
0.00134838,-0.00120416,0.0291586;-1.56065,-0.0999537,-1.554
0.00087614,-0.00039659,0.0319537;-1.55319,-0.096354,-1.52474
-3.56253e-05,-0.00403993,0.0343371;-1.55532,-0.148806,-1.50667
0.000997152,-0.0117303,0.0328254;-1.5696,-0.14511,-1.52347
0.00247772,-0.0180147,0.0310582;-1.56182,-0.117034,-1.532
0.00174299,-0.0207773,0.0287869;-1.57206,-0.158037,-1.56161
0.00188038,-0.020457,0.0289243;-1.56481,-0.140985,-1.55938
0.00205369,-0.0191739,0.0291129;-1.56333,-0.119587,-1.55946
0.0023581,-0.0164303,0.0301419;-1.57913,-0.153439,-1.5625
0.000359485,-0.0161723,0.0301918;-1.57583,-0.174003,-1.55545
-6.98435e-05,-0.0149975,0.0299575;-1.57631,-0.163003,-1.55289
0.000224015,-0.0155174,0.0291573;-1.56562,-0.169698,-1.55439
0.00156869,-0.0123037,0.0302532;-1.55311,-0.112594,-1.54239
0.0025117,-0.00966112,0.0309628;-1.55275,-0.0719663,-1.53285
0.0042895,-4.33818e-05,0.0345783;-1.5466,-0.0889581,-1.50449
0.00456405,0.0141685,0.0339643;-1.57897,-0.148085,-1.52328
0.00626116,0.0273967,0.0332431;-1.61952,-0.129379,-1.54416
0.00723063,0.0272294,0.0286476;-1.57071,-0.13504,-1.56737
0.00838703,0.0285297,0.0288105;-1.56771,-0.0652232,-1.56269
0.0084477,0.0289866,0.0287561;-1.5701,-0.0545622,-1.56309
0.00747431,0.0295392,0.0299041;-1.57884,-0.0336548,-1.55276
0.0079773,0.0347803,0.032354;-1.62123,-0.104891,-1.5577
0.00914335,0.0408146,0.0360243;-1.68646,-0.101488,-1.55941
0.00723088,0.0448829,0.0308818;-1.57655,-0.129615,-1.53257
0.008182,0.0440862,0.0310877;-1.56482,-0.148402,-1.5256
0.00833788,0.044,0.0315417;-1.56929,-0.15924,-1.52209
0.00617818,0.047283,0.0295813;-1.58047,-0.0929624,-1.55647
0.00635807,0.0490055,0.0307342;-1.61584,-0.068462,-1.56915
0.00700897,0.0507689,0.0332487;-1.67162,-0.056686,-1.57864
0.00509452,0.0576875,0.0314408;-1.63518,-0.0687718,-1.57397
0.00676848,0.057511,0.0297421;-1.59292,-0.10574,-1.56249
0.00785963,0.058692,0.0290252;-1.57939,-0.145465,-1.55929
0.00771415,0.0572137,0.0295269;-1.58241,-0.161004,-1.55523
0.0103541,0.0556765,0.0323493;-1.62209,-0.179559,-1.55102
0.00952447,0.0529047,0.0348118;-1.66652,-0.141578,-1.55447
0.0091019,0.0525354,0.0354079;-1.68991,-0.165477,-1.57161
0.0108748,0.0537107,0.0343187;-1.6772,-0.183533,-1.57969
0.0123632,0.0520203,0.0293862;-1.59166,-0.191756,-1.57286
0.0115305,0.0496692,0.0296682;-1.54103,-0.207436,-1.56646
0.0110748,0.0494609,0.0303317;-1.56098,-0.227718,-1.57679
0.012224,0.0501146,0.0305794;-1.57991,-0.243622,-1.58491
0.0154187,0.0472251,0.0338966;-1.67001,-0.329283,-1.60732
0.0113554,0.0474511,0.0354763;-1.70224,-0.345277,-1.61144
0.00949955,0.0463385,0.0341417;-1.68307,-0.321296,-1.60604
0.0053987,0.0272301,0.0312763;-1.51484,-0.210768,-1.55903
0.00581019,0.0201764,0.0335886;-1.47689,-0.18738,-1.56604
0.00414946,0.0212301,0.0337967;-1.46738,-0.221999,-1.55518
0.00714374,0.00846759,0.0345602;-1.56629,-0.218214,-1.59292
0.00285533,0.00694744,0.0368182;-1.64192,-0.313439,-1.60096
0.00137282,0.0130839,0.0358508;-1.63798,-0.318944,-1.5978
0.00244642,0.0156832,0.032819;-1.58822,-0.260761,-1.588
0.00569068,0.0116172,0.0334363;-1.51746,-0.139998,-1.60301
0.00794997,0.00764967,0.0353653;-1.50382,-0.162288,-1.61353
0.00837509,0.00211128,0.0364477;-1.51545,-0.223563,-1.61599
0.0109624,0.00485859,0.0451513;-1.60814,-0.285797,-1.61831
0.00505658,0.00979962,0.0498802;-1.62516,-0.256926,-1.58691
0.00308297,0.0145931,0.0523947;-1.61446,-0.216931,-1.57075
0.00266449,-0.00123218,0.0395051;-1.45135,-0.0303463,-1.5827
0.00674243,-0.0100296,0.0382874;-1.43667,0.0153244,-1.61225
0.0141894,-0.0170449,0.03888;-1.4529,0.00383587,-1.63636
0.0247191,-0.0179446,0.0441348;-1.56462,-0.0568836,-1.66684
0.0186434,-0.0138188,0.0490635;-1.62472,-0.0666427,-1.65302
0.00891357,-0.00628185,0.0522284;-1.63115,-0.0479903,-1.61387
0.0123575,-0.00461964,0.0490226;-1.57091,0.0462795,-1.5918
0.0162891,-0.00951508,0.0440785;-1.50873,0.0414972,-1.60399
0.0218819,-0.0133941,0.0451876;-1.4884,0.0130445,-1.62265
0.031959,-0.0113623,0.0502327;-1.54977,0.0104329,-1.63182
0.0245752,-0.0064778,0.0504148;-1.5992,-0.0232338,-1.63919
0.00939121,0.00354866,0.0507523;-1.63469,-0.0706622,-1.62783
0.00111615,0.0197243,0.0521337;-1.65265,-0.0568508,-1.59943
0.00682271,0.01726,0.0496435;-1.62127,-0.0363444,-1.61016
0.0111604,0.017793,0.0496824;-1.59962,-0.0512332,-1.62236
0.0241621,0.014728,0.0471372;-1.6251,-0.11889,-1.6528
0.019017,0.0142673,0.0462223;-1.67248,-0.129652,-1.6486
0.00949967,0.0157038,0.0463329;-1.71586,-0.12527,-1.64438
-0.00640404,0.0137149,0.052572;-1.67274,-0.0755715,-1.57645
-0.0082159,0.0150324,0.0520078;-1.59879,-0.0729299,-1.55153
-0.00809046,0.0134134,0.0499241;-1.522,-0.06389,-1.56054
0.00224787,0.0139957,0.0444429;-1.49936,-0.1999,-1.63567
0.00341981,0.0112791,0.0415133;-1.56183,-0.244458,-1.65643
0.00119607,0.0121832,0.0406249;-1.63878,-0.277375,-1.67659
-0.0218485,0.0162921,0.0437961;-1.68756,-0.229399,-1.63171
-0.0271589,0.020445,0.0460887;-1.6721,-0.156368,-1.6124
-0.0295974,0.0223287,0.0434596;-1.59895,-0.0703428,-1.59258
-0.0171621,0.012981,0.0394952;-1.5268,-0.0943354,-1.65423
-0.0144881,0.0134926,0.0363724;-1.55705,-0.159794,-1.67211
-0.0149576,0.0160314,0.0378551;-1.59501,-0.210897,-1.67274
-0.0275479,0.0312428,0.0473141;-1.59723,-0.285577,-1.59356
-0.0318611,0.0327003,0.0483058;-1.595,-0.249446,-1.56454
-0.0353222,0.034873,0.0480387;-1.58013,-0.170199,-1.54389
-0.0283516,0.0240029,0.0431943;-1.58076,-0.0225737,-1.61217
-0.0218972,0.0181896,0.0365917;-1.56542,-0.0610035,-1.65345
-0.0197384,0.016666,0.0372954;-1.59617,-0.116758,-1.65693
-0.0237716,0.0287212,0.0383034;-1.65792,-0.246127,-1.63897
-0.0267356,0.0383641,0.0372406;-1.67225,-0.288433,-1.61813
-0.0289126,0.04457,0.0374264;-1.66963,-0.266818,-1.59277
-0.0239717,0.0485015,0.0429295;-1.6,-0.0980103,-1.54848
-0.0109038,0.0438807,0.042221;-1.58614,-0.0563214,-1.5592
-0.00261389,0.0383455,0.0384231;-1.57343,-0.0624807,-1.57468
-0.000250396,0.0341362,0.0386361;-1.64454,-0.118238,-1.5933
-0.00160883,0.0450252,0.037423;-1.66794,-0.173282,-1.57902
-0.00426833,0.0569002,0.0371412;-1.69405,-0.180563,-1.56587
-0.00839978,0.064493,0.036368;-1.64462,-0.0921127,-1.51588
-0.000748506,0.059558,0.0356756;-1.64887,-0.0337808,-1.52617
0.0111874,0.0515374,0.0332654;-1.64841,0.0546696,-1.56049
0.0178994,0.0432067,0.0342823;-1.68453,0.037731,-1.56922
0.0135351,0.0496739,0.0371247;-1.73223,0.0155616,-1.56733
0.0108763,0.0549642,0.0390059;-1.73796,0.00288093,-1.53937
0.00769635,0.0542678,0.0398013;-1.66422,0.00102749,-1.46227
0.0131313,0.0507939,0.0389383;-1.65454,0.0125263,-1.46747
0.0207456,0.0452418,0.0362248;-1.65075,0.0639418,-1.49809
0.0265873,0.0384206,0.0325485;-1.6579,0.0772066,-1.56667
0.0244391,0.0416814,0.0355416;-1.70625,0.056397,-1.5596
0.0222343,0.0449203,0.0374808;-1.73807,0.0427637,-1.55205
0.0147631,0.0442247,0.0397962;-1.69544,0.100724,-1.47455
0.0171944,0.0397278,0.0407094;-1.67505,0.0598493,-1.45786
0.022339,0.0335541,0.037769;-1.64416,0.0359771,-1.481
0.0278633,0.0242809,0.0312785;-1.63583,0.0146255,-1.56287
0.0266351,0.0241603,0.0343474;-1.67501,0.0197817,-1.55276
0.0238403,0.0281326,0.038191;-1.70384,0.0273946,-1.51915
0.0144673,0.0338372,0.0412502;-1.69317,0.0679454,-1.46425
0.0132612,0.0298586,0.0414276;-1.67303,0.0763493,-1.45095
0.0184865,0.0215196,0.0398526;-1.64753,0.0747112,-1.45835
0.0267561,0.0072783,0.0323185;-1.63033,0.0145675,-1.55356
0.0273568,0.00399225,0.0321705;-1.64641,0.000980318,-1.56968
0.0261138,0.00223695,0.0354009;-1.69505,0.0228814,-1.56043
0.0146418,0.0109409,0.0393983;-1.7165,0.0800894,-1.50576
0.00433017,0.0122241,0.0408863;-1.67302,0.13859,-1.46243
-0.000774533,0.0113919,0.0421825;-1.6518,0.175853,-1.43845
0.00535391,-0.00612572,0.0378505;-1.62884,0.152749,-1.49458
0.00559678,-0.008962,0.0334631;-1.61647,0.110805,-1.5435
0.0072769,-0.0119636,0.0318661;-1.62716,0.103353,-1.57564
0.0072769,-0.0119636,0.0318661;-1.62716,0.103353,-1.57564
0.00156309,-0.0132788,0.0354353;-1.64421,0.150812,-1.54134
0.00156309,-0.0132788,0.0354353;-1.64421,0.150812,-1.54134
