0,0,0.11;-1.57,-2.98023e-08,-1.57
0,0,0.11;-1.57,-2.98023e-08,-1.57
0,0,0.11;-1.57,-2.98023e-08,-1.57
3.30967e-05,0.00594488,0.0286166;-1.56919,-0.125775,-1.57118
5.51975e-05,0.00563578,0.0285795;-1.57077,-0.0864831,-1.57066
-0.00155913,0.00120284,0.0296446;-1.57422,-0.031053,-1.5607
-0.00222121,-0.0286974,0.0355043;-1.44779,0.0319285,-1.56061
-0.00401072,-0.0236507,0.0285772;-1.57091,-0.0726637,-1.57153
-0.00347866,-0.0235591,0.0286637;-1.56733,-0.0581492,-1.57112
-0.00325882,-0.0235588,0.0285994;-1.57074,-0.0499871,-1.57165
-0.00284647,-0.0253567,0.0285845;-1.57074,0.0560337,-1.57019
-0.0052751,-0.030538,0.0300683;-1.58233,0.116906,-1.55864
-0.00910004,-0.052944,0.0362508;-1.44563,0.204624,-1.56707
-0.0108422,-0.0569087,0.0337565;-1.47681,0.156166,-1.56952
-0.0100434,-0.0508905,0.0286216;-1.57762,0.111667,-1.56925
-0.00964815,-0.0504977,0.0286562;-1.56713,0.0919425,-1.5711
-0.00965,-0.0523601,0.0285842;-1.57117,0.162297,-1.57117
-0.0110852,-0.0557006,0.0290525;-1.57614,0.196551,-1.56816
-0.0162147,-0.0770334,0.0336529;-1.4771,0.27081,-1.57745
-0.0193075,-0.0894882,0.0391437;-1.39484,0.266884,-1.58376
-0.0200632,-0.0871563,0.0343412;-1.45961,0.226778,-1.58314
-0.0191686,-0.0819371,0.028581;-1.57092,0.186404,-1.57083
-0.0188246,-0.0821242,0.0285795;-1.57082,0.205798,-1.57085
-0.0188759,-0.0830579,0.0285823;-1.57044,0.255696,-1.57055
-0.0217792,-0.0876909,0.0297857;-1.57254,0.327212,-1.56076
-0.0285494,-0.104943,0.0351712;-1.46099,0.384249,-1.58829
-0.0306889,-0.106903,0.0329446;-1.49368,0.346994,-1.58218
-0.0298051,-0.1039,0.0288157;-1.55894,0.29911,-1.57419
-0.0294052,-0.104032,0.0287831;-1.56049,0.32107,-1.57397
-0.0290409,-0.104302,0.0285682;-1.57127,0.357987,-1.5708
-0.0381613,-0.120111,0.0316278;-1.5409,0.479077,-1.56304
-0.0494679,-0.142967,0.0404938;-1.3679,0.545419,-1.63157
-0.0542712,-0.14731,0.0390427;-1.38473,0.50954,-1.6252
-0.0499409,-0.137662,0.0286416;-1.5711,0.412395,-1.56765
-0.0493994,-0.137512,0.0287421;-1.56216,0.433625,-1.57441
-0.0489843,-0.138182,0.0287342;-1.56238,0.476297,-1.57465
-0.0547644,-0.144127,0.0301148;-1.57859,0.563465,-1.55117
-0.069463,-0.166256,0.0368751;-1.41931,0.663124,-1.63597
-0.0791542,-0.178696,0.040451;-1.35113,0.695564,-1.66653
-0.0745075,-0.169055,0.0287632;-1.5726,0.573461,-1.56226
-0.0737528,-0.168618,0.0286857;-1.56773,0.560491,-1.56957
-0.0733689,-0.169052,0.0287676;-1.56023,0.589187,-1.57706
-0.0745057,-0.169431,0.0294076;-1.57951,0.676328,-1.55408
-0.0879892,-0.181316,0.032727;-1.55016,0.766517,-1.55651
-0.106845,-0.201936,0.0416124;-1.31423,0.843084,-1.71213
-0.104514,-0.202137,0.0291797;-1.5574,0.764121,-1.57133
-0.102765,-0.201426,0.0285983;-1.57113,0.732472,-1.56921
-0.102165,-0.201675,0.0287588;-1.55898,0.752268,-1.57881
-0.102221,-0.202671,0.0287198;-1.5716,0.846332,-1.56281
-0.112783,-0.208958,0.0309918;-1.57464,0.915894,-1.54642
-0.135284,-0.225865,0.03969;-1.27744,1.00321,-1.77977
-0.14063,-0.225481,0.0299306;-1.55276,0.925809,-1.56983
-0.137931,-0.225151,0.0287114;-1.57117,0.858281,-1.56414
-0.13753,-0.225084,0.028679;-1.56379,0.867113,-1.5756
-0.137449,-0.226353,0.0285737;-1.57095,0.992077,-1.571
-0.144219,-0.229799,0.0297643;-1.53119,1.07598,-1.60067
-0.166145,-0.242635,0.0378276;-1.19112,1.14529,-1.89663
-0.174695,-0.239365,0.0322847;-1.48487,1.08961,-1.62025
-0.16743,-0.235411,0.0289015;-1.58125,1.03939,-1.55141
-0.166903,-0.23567,0.02869;-1.56949,1.02556,-1.56725
-0.167124,-0.236206,0.0285863;-1.5698,1.10275,-1.5722
-0.170517,-0.23796,0.0289185;-1.54165,1.16934,-1.60211
-0.190031,-0.245783,0.0341348;-1.23018,1.24295,-1.88995
-0.203604,-0.249867,0.0362731;-1.22182,1.24148,-1.87182
-0.20048,-0.247855,0.0297278;-1.51999,1.21109,-1.60753
-0.199411,-0.247929,0.0285893;-1.57209,1.16931,-1.56852
-0.199224,-0.247883,0.0285795;-1.57079,1.16613,-1.57082
-0.200387,-0.248449,0.0286138;-1.56968,1.20623,-1.57337
-0.209299,-0.251031,0.0293167;-1.50429,1.28375,-1.63492
-0.244586,-0.259619,0.0384526;-0.815874,1.33219,-2.28507
-0.24568,-0.258574,0.0348345;-1.06471,1.31864,-2.05328
-0.240417,-0.256122,0.0285687;-1.57943,1.30413,-1.56192
-0.239668,-0.256428,0.0286437;-1.55928,1.29226,-1.582
-0.240378,-0.256987,0.0285871;-1.56994,1.34643,-1.57236
-0.242553,-0.257808,0.0287838;-1.52411,1.42183,-1.61966
-0.283974,-0.262192,0.039927;0.0561281,1.37042,3.10821
-0.290632,-0.261997,0.038029;-0.123824,1.38374,-3.00905
-0.282189,-0.260179,0.0298728;-1.12799,1.49886,-2.01095
-0.278922,-0.259951,0.0286845;-1.53404,1.43383,-1.60716
-0.27974,-0.260808,0.0285815;-1.57318,1.49562,-1.5691
-0.281852,-0.260953,0.0286756;-1.27265,1.5651,-1.87235
-0.315378,-0.262006,0.0383747;0.713916,1.3095,2.41645
-0.321019,-0.259679,0.0377336;0.662799,1.34297,2.47276
-0.311384,-0.256971,0.0296881;1.26065,1.49151,1.88262
-0.30774,-0.257221,0.0286861;0.148891,1.56573,2.99279
-0.308634,-0.257972,0.028585;1.56882,1.50371,1.57206
-0.310789,-0.257849,0.0287155;1.5522,1.43497,1.58424
-0.339144,-0.257107,0.0382313;1.06361,1.17181,2.04778
-0.343139,-0.255546,0.0373647;1.0692,1.19359,2.04433
-0.335266,-0.254248,0.0302081;1.45227,1.29591,1.68995
-0.332241,-0.25467,0.0286468;1.55415,1.37998,1.58726
-0.333064,-0.254982,0.0285849;1.57043,1.32843,1.57055
-0.334057,-0.254985,0.0286462;1.56604,1.28671,1.5729
-0.356774,-0.248636,0.0366867;1.23889,1.07542,1.86479
-0.364782,-0.246481,0.0363971;1.24443,1.04709,1.85859
-0.363112,-0.245966,0.0331565;1.38068,1.08268,1.7477
-0.359015,-0.246215,0.0285856;1.56832,1.18809,1.57414
-0.359262,-0.246234,0.0287796;1.54648,1.17591,1.59308
-0.359692,-0.246247,0.0285802;1.57091,1.13472,1.57032
-0.363092,-0.244954,0.0287903;1.55821,1.04889,1.57816
-0.390515,-0.230647,0.0373869;1.29821,0.858123,1.7851
-0.390802,-0.228191,0.0352821;1.35833,0.905085,1.74474
-0.38465,-0.230518,0.0285786;1.57075,0.978892,1.57094
-0.383359,-0.231231,0.0286291;1.56619,1.03974,1.57473
-0.384158,-0.231116,0.0285785;1.57077,0.995574,1.57071
-0.385588,-0.230472,0.0286378;1.56808,0.939477,1.57114
-0.410179,-0.216346,0.0380266;1.32153,0.709215,1.73981
-0.412886,-0.212541,0.036672;1.34952,0.745338,1.72633
-0.404207,-0.216062,0.0286115;1.56974,0.831297,1.57248
-0.402387,-0.218082,0.0286549;1.56484,0.919555,1.57554
-0.403176,-0.217888,0.0285459;1.57307,0.875626,1.56881
-0.404611,-0.216802,0.0286464;1.57028,0.814288,1.56801
-0.426744,-0.199715,0.0375675;1.35975,0.579582,1.69018
-0.430322,-0.19542,0.036311;1.38296,0.581365,1.67829
-0.424678,-0.198024,0.0290899;1.55629,0.64865,1.58493
-0.424279,-0.198954,0.0286418;1.56692,0.702836,1.57335
-0.424491,-0.19888,0.028637;1.56722,0.686642,1.57304
-0.4254,-0.197756,0.0286122;1.5705,0.630102,1.56882
-0.440148,-0.177386,0.0363846;1.40649,0.409295,1.63615
-0.445638,-0.169687,0.0370421;1.38498,0.366699,1.64201
-0.443082,-0.169265,0.032839;1.4812,0.41439,1.61392
-0.440929,-0.172177,0.0286057;1.57047,0.489806,1.57202
-0.440998,-0.172205,0.0286434;1.56738,0.486795,1.57241
-0.441179,-0.172081,0.0285808;1.57051,0.46478,1.57066
-0.446054,-0.156947,0.0313662;1.51388,0.276153,1.58248
-0.455712,-0.142103,0.0383599;1.37623,0.153075,1.60454
-0.457013,-0.137231,0.036128;1.41456,0.155942,1.59865
-0.453229,-0.144384,0.0285537;1.57073,0.297753,1.57146
-0.453147,-0.144273,0.0285772;1.57077,0.329875,1.57073
-0.45326,-0.144101,0.0287339;1.56297,0.325775,1.57335
-0.45529,-0.136929,0.0289685;1.55688,0.181874,1.56949
-0.460224,-0.120557,0.0357811;1.43065,0.0681907,1.57956
-0.463756,-0.11169,0.0368902;1.40284,0.00487473,1.57575
-0.459627,-0.116149,0.0285721;1.57117,0.109143,1.5708
-0.459586,-0.117306,0.0285854;1.57038,0.143913,1.57163
-0.459606,-0.117253,0.0286234;1.56864,0.142361,1.57105
-0.46101,-0.113925,0.0288264;1.56129,0.00722179,1.56881
-0.462557,-0.102362,0.0318121;1.50396,-0.0884025,1.56305
-0.466432,-0.0869978,0.0378556;1.38244,-0.194122,1.53881
-0.463193,-0.0933171,0.0286286;1.56821,-0.0987522,1.57114
-0.463087,-0.095554,0.0285675;1.57114,-0.0165473,1.5719
-0.463104,-0.0955632,0.028614;1.56918,0.00179991,1.57081
-0.463466,-0.092682,0.0287272;1.56639,-0.104932,1.56744
-0.463568,-0.0830063,0.030385;1.52838,-0.195887,1.56016
-0.465701,-0.0668278,0.0372024;1.39041,-0.307319,1.51898
-0.462452,-0.0675039,0.0287266;1.56654,-0.249025,1.5725
-0.46226,-0.067963,0.028603;1.57123,-0.191007,1.5723
-0.462348,-0.0680812,0.0285928;1.57067,-0.183533,1.57127
-0.462434,-0.0660379,0.0287074;1.56711,-0.266151,1.56696
-0.460119,-0.0571738,0.0300544;1.53425,-0.368849,1.55343
-0.458965,-0.0403975,0.03721;1.37896,-0.490436,1.47875
-0.457862,-0.036647,0.0311064;1.50689,-0.515269,1.542
-0.457932,-0.0392908,0.0285791;1.57095,-0.456755,1.57068
-0.45831,-0.0398467,0.0286077;1.57096,-0.432829,1.57226
-0.458179,-0.0393819,0.0285822;1.57039,-0.457383,1.57034
-0.457184,-0.0358389,0.0289225;1.55667,-0.546075,1.55945
-0.451475,-0.023256,0.0337769;1.44469,-0.650691,1.49021
-0.446311,-0.00825001,0.0345133;1.40301,-0.750355,1.45749
-0.447611,-0.0118565,0.0287689;1.55883,-0.721643,1.56302
-0.44846,-0.0132605,0.0285806;1.57141,-0.654623,1.57139
-0.448495,-0.0133396,0.0285798;1.5708,-0.646945,1.57082
-0.447652,-0.0122442,0.0286297;1.56879,-0.680797,1.56801
-0.442525,-0.00589475,0.0296317;1.53274,-0.764897,1.54087
-0.429727,0.0157614,0.0362655;1.31439,-0.926603,1.36598
-0.429423,0.0124714,0.031942;1.45384,-0.893127,1.47945
-0.43081,0.00848541,0.0285749;1.57136,-0.823228,1.57127
-0.430782,0.00860379,0.0286336;1.56755,-0.769287,1.56915
-0.430589,0.00904752,0.028583;1.57018,-0.827164,1.56989
-0.428577,0.0125317,0.0290078;1.54407,-0.92649,1.54528
-0.413643,0.0328523,0.0373491;1.16276,-1.11212,1.20352
-0.413461,0.0326988,0.0350335;1.26669,-1.11132,1.29723
-0.417348,0.0282359,0.0286388;1.56488,-1.07409,1.56574
-0.418731,0.027152,0.0285822;1.57034,-1.013,1.57039
-0.41825,0.0275329,0.0285776;1.57107,-1.05761,1.57077
-0.416392,0.0291342,0.028789;1.55094,-1.12797,1.55078
-0.395314,0.0453022,0.0370626;0.96141,-1.27012,0.983403
-0.392482,0.0462365,0.0348522;1.08868,-1.29595,1.10378
-0.394669,0.0421564,0.0287704;1.54013,-1.27133,1.54237
-0.395202,0.0411684,0.028613;1.57048,-1.16752,1.57207
-0.395004,0.0412446,0.0285796;1.57188,-1.1753,1.57133
-0.393129,0.0426475,0.0288467;1.5433,-1.24665,1.54053
-0.393129,0.0426475,0.0288467;1.5433,-1.24665,1.54053
-0.385099,0.0472238,0.0309873;1.34179,-1.34184,1.34161
-0.385099,0.0472238,0.0309873;1.34179,-1.34184,1.34161
