0,0,0.11;-1.57,-2.98023e-08,-1.57
0,0,0.11;-1.57,-2.98023e-08,-1.57
0,0,0.11;-1.57,-2.98023e-08,-1.57
-0.000127769,0.0055656,0.0286022;-1.56958,-0.20027,-1.57044
-0.000287832,0.00643193,0.0286129;-1.57213,-0.236326,-1.57156
-0.000743777,0.00668261,0.0294545;-1.57849,-0.232147,-1.56895
0.00252927,-0.00336381,0.0328364;-1.59266,-0.186688,-1.58459
0.00763427,0.00276527,0.030591;-1.62219,-0.283621,-1.5922
0.00812336,0.00684628,0.0300717;-1.61172,-0.3206,-1.58933
0.00717513,0.00572828,0.0290286;-1.58642,-0.289495,-1.58192
0.00490819,0.00112875,0.0285804;-1.57069,-0.126209,-1.57075
0.00485699,0.000319606,0.0289432;-1.5546,-0.111827,-1.56682
0.00438259,-0.00324067,0.0320783;-1.50303,-0.0859742,-1.55448
0.00502969,-0.00800705,0.0358882;-1.43408,-0.0751678,-1.55403
0.00371479,-0.0103901,0.0340644;-1.45743,-0.090558,-1.55893
0.000188667,-0.0069942,0.0291271;-1.54754,-0.145729,-1.57046
-0.00184528,-0.00531506,0.0291466;-1.55346,-0.190645,-1.55715
-0.00171238,-0.00375411,0.0329859;-1.51551,-0.15624,-1.5327
-0.00100836,-0.00279583,0.0378966;-1.44728,-0.105685,-1.51202
-0.000667827,-0.00436303,0.0405169;-1.38175,-0.0954974,-1.50953
-0.00074905,-0.00827397,0.0392975;-1.37351,-0.196489,-1.53403
-0.00204113,-0.00557877,0.035975;-1.44928,-0.254808,-1.55213
-0.00346976,0.0102859,0.0330051;-1.62451,-0.314256,-1.55312
-0.00708976,0.0167805,0.036581;-1.63323,-0.250401,-1.50848
-0.0103651,0.0240839,0.039722;-1.65639,-0.2071,-1.48516
-0.0107016,0.0334317,0.0424961;-1.65555,-0.195542,-1.48901
-0.000495886,0.0386843,0.0462935;-1.7455,-0.224278,-1.5128
0.0104248,0.0398215,0.0432033;-1.77245,-0.317953,-1.5726
0.0127756,0.0343921,0.0361098;-1.70963,-0.339999,-1.60628
0.0116418,0.0322717,0.0320013;-1.65035,-0.312392,-1.59748
0.00878519,0.0231997,0.0289204;-1.56598,-0.171897,-1.5828
0.00915298,0.0169797,0.0307964;-1.53788,-0.120537,-1.57878
0.0123532,0.0102491,0.0345768;-1.4958,-0.0653593,-1.60876
0.0148074,0.00668255,0.0373385;-1.523,-0.0398091,-1.66647
0.0124829,0.0124828,0.0366923;-1.54057,-0.0848699,-1.66578
0.0120616,0.0157405,0.0349996;-1.57678,-0.0940106,-1.65357
0.0113048,0.00660068,0.0348584;-1.5707,-0.00607208,-1.64934
0.0129716,0.000221168,0.0360978;-1.50382,0.0367635,-1.63688
0.0134498,-0.00549217,0.0400105;-1.39794,0.0525113,-1.62342
0.0123379,-0.00223825,0.0446527;-1.4285,0.0424805,-1.63672
0.0121253,1.3449e-05,0.0458204;-1.48742,0.011106,-1.6585
0.0133862,0.00836445,0.0408462;-1.63643,-0.0144171,-1.65549
0.00966333,0.0369199,0.0437885;-1.85582,-0.0110394,-1.5576
0.00358699,0.0406751,0.0465755;-1.90205,0.0277609,-1.5248
-0.000189143,0.0411123,0.0476245;-1.90237,0.0472856,-1.50717
0.00435186,0.0405256,0.0475172;-1.90458,-0.00426628,-1.53538
0.00750058,0.0377067,0.0456304;-1.851,-0.026033,-1.5371
0.0101374,0.0329644,0.0416536;-1.79742,-0.0275076,-1.55772
0.00956841,0.0236199,0.0316159;-1.57813,0.00610317,-1.55095
0.00531526,0.0144414,0.0350689;-1.47233,-0.0026576,-1.55317
0.00175203,0.00897039,0.0361788;-1.4579,-0.00753937,-1.53519
0.00134346,0.0224154,0.034427;-1.62074,0.0550848,-1.51526
0.0069745,0.0251416,0.0330502;-1.6018,0.00152007,-1.5374
0.0126453,0.0264605,0.0296624;-1.58102,-0.0274858,-1.5667
0.0130891,0.0239058,0.0289057;-1.58241,-0.0588994,-1.57558
0.013143,0.0233637,0.0288743;-1.57469,-0.0552586,-1.58114
0.0134027,0.0234479,0.0288722;-1.566,-0.0531572,-1.57284
0.0145135,0.0236716,0.0289132;-1.56483,-0.0337999,-1.5813
0.0145331,0.0248864,0.0300367;-1.5632,-0.05324,-1.60042
0.0139222,0.0263862,0.0331141;-1.54249,-0.0736171,-1.62835
0.015315,0.0319485,0.0367784;-1.53932,-0.148401,-1.66658
0.0125341,0.0297964,0.0368388;-1.49891,-0.126181,-1.63971
0.0111455,0.024388,0.0380802;-1.44113,-0.0858248,-1.59582
0.00591782,0.0204243,0.0433332;-1.31923,-0.0430202,-1.56454
-0.00316402,0.0264687,0.0466562;-1.31385,-0.0671061,-1.56122
-0.011022,0.0309132,0.0529406;-1.34131,-0.0932252,-1.56056
-0.0124092,0.0552872,0.0492741;-1.57336,-0.261465,-1.59691
-0.0165102,0.0740891,0.0414114;-1.78889,-0.224445,-1.58016
-0.0201965,0.0770216,0.0442615;-1.79758,-0.207782,-1.54987
-0.0232311,0.0745171,0.0463924;-1.78916,-0.193792,-1.51792
-0.0254811,0.0724606,0.0449439;-1.75246,-0.16904,-1.50693
-0.0263876,0.0671676,0.0415834;-1.65893,-0.167704,-1.4702
-0.0148363,0.0477193,0.0362372;-1.54358,-0.234599,-1.49746
-0.0132964,0.0487659,0.0337739;-1.55973,-0.22537,-1.52062
-0.0138999,0.0507305,0.0346219;-1.56229,-0.184976,-1.5141
-0.0153337,0.0567347,0.0370503;-1.49671,-0.134748,-1.49321
-0.0173368,0.0534457,0.0366131;-1.48847,-0.145082,-1.50322
-0.0171715,0.0501752,0.0367183;-1.48784,-0.171872,-1.52269
-0.00552174,0.0476527,0.0318955;-1.58044,-0.134394,-1.54207
-0.00381855,0.0481194,0.0297884;-1.57492,-0.144908,-1.56199
-0.00378678,0.0490387,0.0319917;-1.5699,-0.148873,-1.53945
-0.0101267,0.0520308,0.036231;-1.55435,-0.118418,-1.48837
-0.0124791,0.052048,0.0387315;-1.59066,-0.111151,-1.47457
-0.0119701,0.0546419,0.0381411;-1.60488,-0.0902952,-1.48609
-0.00496527,0.0541555,0.0340296;-1.61747,-0.188849,-1.53489
-0.00231045,0.0515126,0.0306098;-1.54897,-0.246957,-1.56832
-0.00220989,0.0529741,0.0316585;-1.51053,-0.279113,-1.55748
-0.00329432,0.0579645,0.0310696;-1.52556,-0.294037,-1.55175
-0.00179912,0.0582751,0.0311095;-1.5279,-0.270117,-1.55528
-0.00107787,0.0581483,0.031153;-1.52726,-0.236141,-1.55932
0.00496638,0.0503279,0.0312926;-1.54508,-0.143698,-1.59738
0.0076711,0.0477994,0.0315005;-1.55667,-0.123301,-1.61118
0.00870841,0.0468405,0.033732;-1.52285,-0.133495,-1.61486
0.00424563,0.0467769,0.0347688;-1.49046,-0.154839,-1.59512
0.00791287,0.0457892,0.0331217;-1.50412,-0.116895,-1.59279
0.0117988,0.0419214,0.0363235;-1.43264,-0.0782945,-1.57762
0.0136116,0.0399231,0.0368197;-1.41981,-0.0516548,-1.57798
0.00525606,0.0472627,0.0399896;-1.34766,-0.174989,-1.53541
0.00270477,0.0501598,0.0394797;-1.35056,-0.22096,-1.52267
0.00110756,0.0532431,0.034831;-1.44343,-0.231463,-1.53947
-0.00443195,0.056267,0.0364034;-1.42638,-0.291508,-1.50767
-0.00428648,0.0578447,0.0358165;-1.46887,-0.282505,-1.50017
-0.00302215,0.0594449,0.0336814;-1.51334,-0.275137,-1.51991
-0.000973415,0.061038,0.0310073;-1.54237,-0.261751,-1.55975
-0.00296862,0.0598632,0.0333604;-1.50124,-0.281887,-1.5378
-0.00588723,0.0605105,0.0349993;-1.49057,-0.288085,-1.51023
-0.0101947,0.06145,0.0389522;-1.50868,-0.281914,-1.44325
-0.00918355,0.0581956,0.0387303;-1.49093,-0.294085,-1.44918
-0.00763286,0.0564303,0.038182;-1.49505,-0.298033,-1.4541
-0.00305054,0.057291,0.0340021;-1.52266,-0.247686,-1.50661
-0.0050301,0.0593194,0.0331938;-1.53751,-0.269669,-1.51369
-0.00737373,0.0614423,0.0355952;-1.51025,-0.273762,-1.4934
-0.0116115,0.0623066,0.0396111;-1.41584,-0.27704,-1.47229
-0.0136464,0.0638138,0.0377263;-1.46787,-0.279255,-1.47764
-0.0101231,0.0634802,0.03715;-1.47122,-0.270714,-1.4829
0.000330123,0.0664224,0.0361842;-1.43573,-0.203113,-1.53081
0.0027712,0.0679789,0.0340781;-1.46156,-0.216391,-1.55092
0.00165686,0.070277,0.0333005;-1.47525,-0.256294,-1.55278
-0.00379446,0.0747262,0.0307791;-1.52039,-0.336137,-1.55304
-0.00439213,0.0754657,0.03219;-1.49616,-0.338793,-1.545
-0.00460802,0.0765537,0.0332003;-1.48058,-0.353874,-1.54652
-0.00212179,0.0806214,0.0346718;-1.54876,-0.351049,-1.64548
-0.000448012,0.0791406,0.0370517;-1.54727,-0.306875,-1.65986
0.00343196,0.0769582,0.0378682;-1.49753,-0.27095,-1.63441
0.00463297,0.0684283,0.0388894;-1.37977,-0.245274,-1.53853
0.00385862,0.0691414,0.0378882;-1.37542,-0.254472,-1.51662
0.00212345,0.0725715,0.035658;-1.4243,-0.283878,-1.52744
0.00235461,0.0761126,0.0307414;-1.55234,-0.268569,-1.60115
0.00294855,0.0780753,0.0315872;-1.55494,-0.278046,-1.60987
0.00415481,0.0768045,0.0344159;-1.54679,-0.260537,-1.63757
0.00650427,0.0760839,0.036435;-1.50265,-0.256072,-1.62738
0.00883209,0.075518,0.0375786;-1.47936,-0.251103,-1.6181
0.0105042,0.0718861,0.0414941;-1.40271,-0.239106,-1.59768
0.0138177,0.0712737,0.0398431;-1.50026,-0.175956,-1.67414
0.0147525,0.0712517,0.0408189;-1.52155,-0.163463,-1.70376
0.016423,0.0700572,0.0408682;-1.5171,-0.151406,-1.70153
0.0190887,0.0657154,0.0423472;-1.47303,-0.122234,-1.6845
0.0195194,0.0591639,0.0413444;-1.46655,-0.077864,-1.66427
0.0197234,0.0530234,0.0398732;-1.42167,-0.0490189,-1.61742
0.0195688,0.0552224,0.0378594;-1.4942,-0.0386797,-1.65323
0.0176977,0.0576629,0.0386183;-1.51626,-0.058484,-1.67671
0.0187364,0.0571469,0.0385844;-1.51237,-0.0474995,-1.67589
0.0205088,0.0558235,0.0348251;-1.4831,-0.0455294,-1.60483
0.0204872,0.052793,0.0353489;-1.43152,-0.0414331,-1.56902
0.0179499,0.0519836,0.0353351;-1.43361,-0.0709344,-1.56215
0.0199955,0.0511355,0.030503;-1.52202,-0.0381619,-1.57928
0.020566,0.0517734,0.0298575;-1.53891,-0.0273256,-1.578
0.0192428,0.0524699,0.0315259;-1.53324,-0.0404701,-1.59003
0.0148482,0.0544621,0.0288685;-1.56867,-0.102109,-1.5832
0.0155805,0.0547962,0.0298418;-1.53614,-0.0999768,-1.57542
0.0169555,0.0537187,0.0309556;-1.51604,-0.0791771,-1.57329
0.0180709,0.0544777,0.0289246;-1.56138,-0.0728621,-1.57957
0.0182631,0.0553915,0.0290847;-1.5576,-0.0809529,-1.58413
0.0174534,0.0570786,0.029314;-1.56495,-0.101655,-1.57916
0.0157618,0.0578887,0.030159;-1.55386,-0.13448,-1.58878
0.0153659,0.0581926,0.0307575;-1.5472,-0.134423,-1.59898
0.014436,0.0593102,0.0344383;-1.47621,-0.159575,-1.58065
0.0186636,0.0606162,0.040943;-1.3738,-0.181347,-1.57868
0.0182709,0.0621091,0.0415315;-1.42424,-0.189699,-1.62401
0.0189524,0.0656214,0.0375596;-1.54225,-0.176424,-1.67836
0.0208656,0.0719484,0.0402228;-1.55376,-0.216527,-1.70337
0.0200213,0.0716009,0.0400118;-1.53088,-0.225831,-1.69522
0.0180816,0.0714578,0.042139;-1.46364,-0.25308,-1.66016
0.0179204,0.0745179,0.0389571;-1.51186,-0.246362,-1.66496
0.0200048,0.0713029,0.0395464;-1.51716,-0.212117,-1.683
0.0211251,0.0710961,0.0396967;-1.51727,-0.20873,-1.69002
0.0159401,0.0749722,0.04089;-1.52896,-0.273193,-1.70533
0.0148487,0.0744102,0.0387843;-1.52075,-0.271373,-1.67455
0.0150841,0.0732345,0.0355268;-1.51785,-0.251595,-1.63272
0.0139538,0.0711629,0.03255;-1.49803,-0.243052,-1.56593
0.015613,0.069312,0.0316231;-1.52616,-0.205898,-1.57639
0.0160091,0.0713335,0.0303106;-1.59999,-0.218118,-1.57207
0.0166237,0.0707059,0.0301066;-1.54559,-0.239364,-1.57112
0.0172506,0.0712019,0.0297122;-1.55123,-0.242138,-1.57625
0.0167541,0.0726964,0.0294126;-1.56171,-0.255353,-1.57823
0.0147407,0.0722781,0.0356584;-1.44165,-0.292419,-1.5467
0.0155597,0.0755396,0.0334044;-1.49703,-0.30923,-1.57457
0.015375,0.0786128,0.0316245;-1.56566,-0.314546,-1.6161
0.0106352,0.0756127,0.0368608;-1.58054,-0.275363,-1.59592
0.00997907,0.0704811,0.0312344;-1.56084,-0.204019,-1.5597
0.00746737,0.0753011,0.0325054;-1.58442,-0.148219,-1.543
0.00746737,0.0753011,0.0325054;-1.58442,-0.148219,-1.543
0.00633317,0.0845115,0.0382535;-1.6214,-0.177433,-1.53013
0.00633317,0.0845115,0.0382535;-1.6214,-0.177433,-1.53013
