0,0,0.11;-1.57,-2.98023e-08,-1.57
0,0,0.11;-1.57,-2.98023e-08,-1.57
0,0,0.11;-1.57,-2.98023e-08,-1.57
6.28714e-05,0.00444818,0.0286912;-1.57075,-0.142064,-1.57612
-5.05867e-05,0.00447145,0.0288863;-1.57425,-0.147253,-1.58283
-0.000295162,0.00394784,0.0289896;-1.58095,-0.142613,-1.58103
0.000814578,-0.00580729,0.0360482;-1.49,-0.123213,-1.61228
-0.00178837,-0.00530576,0.0310377;-1.5956,-0.194593,-1.60257
-0.00210878,0.00111449,0.0300269;-1.60942,-0.248634,-1.58252
-0.000549698,0.00245975,0.0290384;-1.59271,-0.293478,-1.57598
0.000166426,0.00182309,0.0286329;-1.57032,-0.297696,-1.57318
4.33743e-05,0.00122081,0.0286389;-1.571,-0.281387,-1.57198
-0.000515509,-0.00122843,0.0303832;-1.54781,-0.26166,-1.57552
0.00342487,-0.0110681,0.0355729;-1.54796,-0.244686,-1.64342
0.00362858,-0.00820224,0.033986;-1.57648,-0.321166,-1.64817
0.00396896,-0.00483677,0.0333083;-1.58292,-0.348534,-1.63551
0.00468005,0.00218317,0.0288772;-1.57336,-0.428299,-1.58347
0.00459126,0.00260232,0.0287341;-1.57135,-0.411863,-1.56839
0.00287211,0.00258468,0.0314959;-1.55738,-0.377039,-1.52682
0.00260468,-0.00294911,0.0341338;-1.62305,-0.365626,-1.54987
0.00610819,-0.00547459,0.0317769;-1.64079,-0.392024,-1.60775
0.0075508,-0.00822104,0.0328845;-1.60361,-0.380396,-1.63142
0.00900131,-0.000208276,0.0304875;-1.58772,-0.462631,-1.60583
0.00881389,0.00104606,0.0289564;-1.57594,-0.474888,-1.5864
0.0085398,0.00127165,0.0288863;-1.55562,-0.474839,-1.56548
0.00883286,0.00164668,0.0293634;-1.54825,-0.450321,-1.55731
0.00900362,0.00101378,0.0287719;-1.5751,-0.440724,-1.57837
0.00839993,-0.00526316,0.0333755;-1.63468,-0.374946,-1.62577
0.00697547,-0.00596224,0.0340658;-1.66017,-0.358408,-1.62511
0.00724701,-0.00355303,0.0328703;-1.65654,-0.379884,-1.61104
0.00811284,0.00362304,0.0305809;-1.57152,-0.415082,-1.53788
0.0075762,0.00430252,0.0308195;-1.56148,-0.395964,-1.53498
0.00859641,0.00117665,0.0290118;-1.55933,-0.392931,-1.5701
0.0102571,-0.00607714,0.0322008;-1.58498,-0.327101,-1.62511
0.00978695,-0.00665458,0.0340973;-1.59359,-0.315302,-1.64342
0.00945604,-0.00750753,0.0341614;-1.59004,-0.303478,-1.64396
0.0101211,-0.00185395,0.0303747;-1.56213,-0.353183,-1.59744
0.0085728,0.000727891,0.0307547;-1.52594,-0.354424,-1.55544
0.00628563,-0.00120119,0.0311346;-1.55905,-0.328561,-1.53532
0.00789367,-0.00641835,0.0311605;-1.63281,-0.291019,-1.59076
0.0105106,-0.0054419,0.0331926;-1.66909,-0.280432,-1.60434
0.0117734,-0.0060355,0.033846;-1.63862,-0.287437,-1.62464
0.0111752,-0.00518325,0.0322888;-1.57163,-0.310596,-1.625
0.0114023,-0.00194055,0.0318268;-1.54861,-0.31988,-1.59915
0.0101507,-0.00137545,0.0340673;-1.4888,-0.327297,-1.56609
0.0138565,-0.000494625,0.0314615;-1.57671,-0.317726,-1.61779
0.0139482,-0.00269757,0.0337524;-1.58123,-0.290182,-1.64345
0.0136283,-0.00572206,0.0354102;-1.58828,-0.252842,-1.65661
0.0152862,-0.00547451,0.034506;-1.56129,-0.254403,-1.6525
0.01602,-0.00769343,0.0380516;-1.48298,-0.241353,-1.6237
0.0157399,-0.00935021,0.0404775;-1.41625,-0.242236,-1.59183
0.0178063,-0.00979465,0.0391345;-1.48235,-0.235878,-1.64216
0.0180271,-0.00664344,0.0355491;-1.53984,-0.236552,-1.65333
0.0180693,-0.0064324,0.0363101;-1.53168,-0.232311,-1.65459
0.0167907,-0.00736729,0.0363674;-1.50843,-0.232203,-1.63272
0.0159529,-0.00848873,0.0387419;-1.45087,-0.238927,-1.60381
0.015017,-0.00952649,0.0404227;-1.40731,-0.241058,-1.58184
0.0160673,-0.00768356,0.0393785;-1.47095,-0.239666,-1.63102
0.0187692,-0.00621841,0.0356104;-1.56721,-0.201008,-1.66972
0.0201456,-0.00669128,0.0386163;-1.5528,-0.183715,-1.68531
0.0185438,-0.00575552,0.0381785;-1.55507,-0.195651,-1.68404
0.0151035,-0.00242498,0.0377405;-1.53781,-0.213419,-1.65333
0.0121582,-0.00286993,0.0375906;-1.50712,-0.204287,-1.62683
0.0109472,0.000808224,0.0337786;-1.55758,-0.216606,-1.61958
0.0127069,0.000699716,0.0342749;-1.58517,-0.197208,-1.64664
0.0132815,-0.000302774,0.0364244;-1.58626,-0.185795,-1.66805
0.0144055,-0.0069274,0.0355629;-1.59037,-0.120607,-1.66061
0.0139841,-0.012882,0.0353874;-1.55451,-0.0872919,-1.65803
0.0126736,-0.0165926,0.0385773;-1.46524,-0.0880745,-1.63086
0.00929659,-0.0251233,0.0435136;-1.32529,-0.0673913,-1.58446
0.0120521,-0.0265469,0.0422655;-1.3625,-0.0431454,-1.60993
0.0124557,-0.0236639,0.0396329;-1.44726,-0.0409584,-1.638
0.011238,-0.0130076,0.0368518;-1.55586,-0.0687543,-1.65616
0.00930378,-0.0118221,0.0362335;-1.56654,-0.0311588,-1.63615
0.00658552,-0.0124408,0.0400688;-1.53897,-0.0192233,-1.59676
-0.00313756,-0.00508447,0.0483946;-1.59282,-0.0704082,-1.54335
-0.00834594,0.0111192,0.0448488;-1.71933,-0.101975,-1.55086
-0.011678,0.0211901,0.0437029;-1.83085,-0.118332,-1.57308
-0.013162,0.0166014,0.041356;-1.76765,-0.157204,-1.56066
-0.013134,0.0167572,0.0423523;-1.79482,-0.137241,-1.56087
-0.0118026,0.0174047,0.0441159;-1.8269,-0.0996448,-1.56955
-0.00840094,0.0106054,0.0484516;-1.77013,-0.120246,-1.55153
-0.00899405,0.00685932,0.0487997;-1.82518,-0.164768,-1.56332
-0.010059,0.00868823,0.0457884;-1.84006,-0.187585,-1.57099
-0.00966842,0.00407322,0.0404399;-1.74378,-0.236448,-1.56558
-0.00866258,0.0018611,0.039794;-1.72429,-0.240845,-1.55922
-0.00928172,0.00329669,0.0408411;-1.72841,-0.225468,-1.54427
-0.00472043,0.00187282,0.0499437;-1.68169,-0.141465,-1.55513
-0.0032318,0.00509743,0.0486866;-1.69834,-0.135055,-1.56455
-0.00533237,0.0102638,0.0454706;-1.80711,-0.156228,-1.56983
-0.0125596,0.0121006,0.0445099;-1.8143,-0.216038,-1.57148
-0.0100035,0.00925933,0.0447603;-1.78506,-0.276054,-1.553
-0.00888635,0.00627627,0.0422721;-1.7154,-0.300174,-1.52387
-0.00730267,-0.000274669,0.043688;-1.69791,-0.238469,-1.5305
-0.00365252,-0.00444852,0.0481974;-1.67104,-0.215919,-1.56228
0.00161469,-0.00872376,0.04948;-1.59808,-0.207766,-1.57577
-0.00580711,-0.0109521,0.0395134;-1.72438,-0.322961,-1.58556
-0.00592584,-0.00860858,0.0372985;-1.68473,-0.36132,-1.56598
-0.00768885,-0.0056688,0.0371517;-1.64187,-0.344978,-1.5238
-0.00949936,-0.00308998,0.0404465;-1.65917,-0.308441,-1.50888
-0.00891826,-0.000631477,0.0471909;-1.66525,-0.231587,-1.53839
-0.00144803,-0.00680638,0.0508913;-1.67455,-0.235049,-1.57541
0.00678757,-0.015035,0.0505769;-1.63244,-0.252222,-1.60031
-0.00125187,-0.0145599,0.0397493;-1.75141,-0.398187,-1.60531
-0.00179567,-0.0131191,0.0385601;-1.69213,-0.422335,-1.56368
-0.00222607,-0.00799479,0.0367319;-1.62995,-0.463215,-1.51941
-0.00309316,-0.00425774,0.0416868;-1.65354,-0.377895,-1.50188
0.000690319,-0.00782288,0.0423598;-1.72388,-0.35099,-1.54448
0.00547933,-0.0122405,0.0439759;-1.73556,-0.335601,-1.58615
0.00278798,-0.00423648,0.046953;-1.79505,-0.281815,-1.62226
-0.00171759,0.00551938,0.0437264;-1.80473,-0.33508,-1.59366
-0.000614201,0.00721915,0.0421206;-1.72406,-0.383835,-1.54337
0.00252402,0.0059821,0.0403199;-1.63702,-0.418829,-1.47929
0.0038793,0.00455152,0.0409719;-1.66653,-0.402332,-1.50278
0.00640524,0.00343422,0.0409529;-1.69598,-0.408713,-1.53482
0.0115444,0.00326878,0.0417437;-1.77798,-0.397078,-1.60912
0.0122282,0.00396837,0.0424394;-1.80157,-0.397111,-1.62397
0.0108401,0.00796769,0.0409136;-1.73569,-0.42826,-1.57911
0.00932402,0.0157052,0.0394851;-1.6381,-0.457563,-1.49215
0.00748016,0.0174799,0.040044;-1.62962,-0.41671,-1.4747
0.00677677,0.0182704,0.0407517;-1.66912,-0.391138,-1.50581
0.0107368,0.0123911,0.0392854;-1.7265,-0.39661,-1.58416
0.0206384,0.00498381,0.0346617;-1.68169,-0.445756,-1.61939
0.0233234,-0.00131927,0.0361596;-1.6621,-0.459082,-1.6568
0.020828,0.00252863,0.0350221;-1.71153,-0.530467,-1.63612
0.0196911,0.00440306,0.0375565;-1.69135,-0.53417,-1.57412
0.0190107,0.004994,0.0356722;-1.64917,-0.511936,-1.55404
0.0192076,0.00507215,0.0321001;-1.65806,-0.467935,-1.61156
0.0198439,0.0043402,0.0315165;-1.64376,-0.451337,-1.60635
0.0209005,0.000735382,0.0331996;-1.61053,-0.414697,-1.62331
0.0110503,0.00505857,0.0386534;-1.64756,-0.387335,-1.58827
0.00686471,0.0166971,0.0396376;-1.70532,-0.414516,-1.55999
0.00833924,0.0210143,0.0395728;-1.66668,-0.463319,-1.52288
0.0110179,0.0180612,0.0307483;-1.61703,-0.472942,-1.58255
0.0114101,0.0164096,0.0306654;-1.62545,-0.455842,-1.59836
0.0116959,0.0136199,0.0316185;-1.64422,-0.419676,-1.60699
0.0129881,0.00681842,0.0356295;-1.72305,-0.340759,-1.62558
0.0109801,0.00847325,0.0396776;-1.77842,-0.368561,-1.62959
0.0107237,0.0110525,0.040028;-1.75827,-0.385001,-1.60441
0.0120929,0.0137005,0.033758;-1.66754,-0.38928,-1.59618
0.0108954,0.0122247,0.0311338;-1.62299,-0.366503,-1.58398
0.00925423,0.0104097,0.0302407;-1.60476,-0.326843,-1.57991
0.011919,0.00530145,0.0342326;-1.67778,-0.288378,-1.59882
0.0127666,0.00229371,0.037848;-1.72031,-0.306765,-1.59399
0.0111242,0.0021851,0.0397189;-1.74047,-0.323381,-1.58518
0.0144588,0.00566018,0.0347634;-1.70998,-0.374703,-1.62474
0.0136797,0.00564402,0.0329854;-1.66792,-0.360113,-1.60703
0.0130919,0.00468122,0.0311726;-1.6293,-0.350256,-1.59018
0.013817,0.000235073,0.0304465;-1.61545,-0.326427,-1.5901
0.0140547,-0.00235094,0.0345559;-1.68621,-0.308493,-1.59946
0.0132085,-0.00315916,0.0397305;-1.73867,-0.283692,-1.58372
0.00830974,0.00947422,0.0369228;-1.67653,-0.289488,-1.55969
0.0102595,0.00908443,0.0343219;-1.6681,-0.331965,-1.58638
0.0111988,0.00514155,0.0311871;-1.62039,-0.341263,-1.59313
0.00925126,-0.0072338,0.0312491;-1.61977,-0.292611,-1.60166
0.00911272,-0.00924823,0.0329098;-1.66915,-0.270634,-1.59939
0.00970502,-0.0104343,0.0375184;-1.72996,-0.277239,-1.59934
0.00834012,-0.00841534,0.0371724;-1.73982,-0.270229,-1.61381
0.00850885,-0.00838163,0.0343688;-1.69584,-0.280428,-1.60831
0.00971221,-0.00706413,0.0310782;-1.63187,-0.314297,-1.59265
0.00475481,-0.0168952,0.0320941;-1.56727,-0.219475,-1.60709
0.00126494,-0.0194836,0.032762;-1.56607,-0.178103,-1.58728
-0.00113408,-0.0210503,0.0369781;-1.61246,-0.167136,-1.56391
0.00650998,-0.0280585,0.040019;-1.65951,-0.194761,-1.57106
0.00962833,-0.0292552,0.0387785;-1.6432,-0.225739,-1.61486
0.0103138,-0.0292646,0.0315492;-1.61053,-0.246766,-1.60697
0.00968614,-0.0267942,0.0306609;-1.61582,-0.27573,-1.59106
0.00914139,-0.0316789,0.0312335;-1.60446,-0.234401,-1.60524
0.00861003,-0.0354945,0.0343355;-1.67514,-0.195684,-1.60387
0.00773269,-0.0394314,0.0402311;-1.69247,-0.169662,-1.57706
0.0124708,-0.0407404,0.0394951;-1.61474,-0.163427,-1.59516
0.00912511,-0.0416672,0.0387205;-1.56084,-0.176539,-1.61239
-0.00323384,-0.0296387,0.0343967;-1.66374,-0.284225,-1.58333
-0.00231353,-0.029106,0.0363209;-1.69353,-0.304401,-1.58045
-0.0025694,-0.0367458,0.0292223;-1.58408,-0.275427,-1.58235
0.00405903,-0.059357,0.0364023;-1.49408,-0.218618,-1.58158
0.00995745,-0.068948,0.0352105;-1.49875,-0.209601,-1.60705
0.00942779,-0.069706,0.0325786;-1.56035,-0.204217,-1.63146
0.0113372,-0.0707284,0.035116;-1.55401,-0.197384,-1.6488
0.01054,-0.0734966,0.0339581;-1.55596,-0.184156,-1.63578
0.0100873,-0.074514,0.0319884;-1.55191,-0.183067,-1.61732
0.0100873,-0.074514,0.0319884;-1.55191,-0.183067,-1.61732
0.0103751,-0.0753466,0.0346847;-1.49462,-0.18213,-1.59221
0.0103751,-0.0753466,0.0346847;-1.49462,-0.18213,-1.59221
