0,0,0.11;-1.57,-2.98023e-08,-1.57
0,0,0.11;-1.57,-2.98023e-08,-1.57
0,0,0.11;-1.57,-2.98023e-08,-1.57
-0.000186479,0.00259544,0.0288858;-1.57402,-0.176402,-1.58251
-0.000161396,0.0024235,0.0288433;-1.57067,-0.167887,-1.58308
-0.00110654,0.00273322,0.0296761;-1.5916,-0.112979,-1.56574
-0.00213118,0.0106309,0.0360583;-1.69407,-0.0350205,-1.56179
0.000322681,0.0117573,0.0297747;-1.57277,-0.0687615,-1.59744
-0.00084264,0.0131424,0.0294805;-1.56998,-0.108797,-1.59013
-0.00130368,0.0144727,0.0289087;-1.57418,-0.14038,-1.58338
-0.00193515,0.0106821,0.0290162;-1.57477,-0.0964712,-1.58806
-0.00199991,0.0090627,0.0294544;-1.56233,-0.0563487,-1.5802
-0.00206104,0.00593797,0.0335171;-1.49806,0.00331903,-1.56369
0.00180104,0.0224881,0.0384082;-1.64852,-0.0192263,-1.57333
0.00375873,0.0317351,0.0337178;-1.67427,-0.0692733,-1.58561
0.00479765,0.0347094,0.0307555;-1.59306,-0.118583,-1.59581
0.00443779,0.0335536,0.0289966;-1.57594,-0.122794,-1.58601
0.00429531,0.0319374,0.0288034;-1.57217,-0.106477,-1.58019
0.00292086,0.0264107,0.0303619;-1.58006,-0.11995,-1.56487
0.00100345,0.0135635,0.0399766;-1.57465,0.00380425,-1.55581
0.00417024,0.0145434,0.0392577;-1.59309,0.0345312,-1.57954
0.00604093,0.0214524,0.0301226;-1.59001,0.0268918,-1.58954
0.00713722,0.0282675,0.0289825;-1.57541,-0.000703156,-1.5852
0.0071232,0.028272,0.0289835;-1.57443,-0.00445203,-1.58621
0.00680376,0.0253728,0.0286548;-1.57107,0.0149237,-1.57445
0.00596615,0.0193601,0.0303468;-1.59221,-0.0204652,-1.5635
0.00898937,0.0135072,0.0302888;-1.59276,-0.0822533,-1.5868
0.0142304,0.0316184,0.0320819;-1.6461,-0.144735,-1.58719
0.0143551,0.0325617,0.0301048;-1.59414,-0.154632,-1.58955
0.0127963,0.0310042,0.0290624;-1.57782,-0.110469,-1.58747
0.0104431,0.0269493,0.0298144;-1.60692,-0.030313,-1.56925
0.009773,0.0189644,0.0344105;-1.658,-0.0320387,-1.55095
0.0144828,0.0121981,0.0358262;-1.70959,-0.0329286,-1.57079
0.0185928,0.0138927,0.0376749;-1.74818,-0.102861,-1.59311
0.0191909,0.023059,0.0379397;-1.76226,-0.15642,-1.60661
0.0197334,0.0223715,0.0332085;-1.66595,-0.171499,-1.59405
0.0171958,0.0175314,0.0285831;-1.57045,-0.0656302,-1.57026
0.0162842,0.0175201,0.0301384;-1.60358,-0.0413765,-1.56184
0.0173438,0.0180276,0.0332799;-1.64724,-0.0425943,-1.56081
0.0249815,0.0227664,0.0348408;-1.70104,-0.118951,-1.59364
0.02599,0.0268157,0.0349449;-1.70218,-0.179794,-1.59956
0.0270519,0.0278672,0.0333876;-1.67338,-0.2107,-1.59638
0.0237464,0.0227771,0.0286139;-1.5704,-0.0884883,-1.57305
0.0225607,0.0228055,0.028909;-1.56,0.0139613,-1.56391
0.0202719,0.0266674,0.0310428;-1.59707,0.106,-1.54494
0.0257261,0.0376261,0.033274;-1.64598,0.0916007,-1.58421
0.0280539,0.0404574,0.0346865;-1.67573,0.048233,-1.585
0.0300046,0.0462183,0.0356604;-1.71765,-0.0236013,-1.57717
0.028769,0.042672,0.0322008;-1.64898,-0.0500826,-1.57526
0.0257737,0.0377888,0.0292094;-1.5505,-0.0225366,-1.56922
0.0250492,0.0399652,0.0302271;-1.54856,-0.00465517,-1.5519
0.029649,0.0470046,0.0298654;-1.60693,0.0234715,-1.57181
0.031591,0.0498511,0.0309305;-1.62618,-0.0107815,-1.57364
0.0327899,0.050627,0.0321227;-1.64803,-0.0195326,-1.57465
0.0305639,0.0487753,0.0314985;-1.63796,-0.0533805,-1.57369
0.0260949,0.0392233,0.02975;-1.587,-0.0602386,-1.56355
0.0219618,0.0284167,0.0295892;-1.55508,-0.0829985,-1.55432
0.0230679,0.0287327,0.0292261;-1.56081,-0.0905622,-1.5749
0.0241812,0.0335018,0.029895;-1.60184,-0.103412,-1.58121
0.0263267,0.0388153,0.0315804;-1.6275,-0.125812,-1.58718
0.0239286,0.0423067,0.0340087;-1.68135,-0.0864128,-1.58401
0.0234359,0.0403914,0.0337706;-1.6602,-0.0960358,-1.57383
0.0228865,0.0359382,0.0315522;-1.60153,-0.141111,-1.55464
0.0236222,0.0258226,0.0291049;-1.55302,-0.214282,-1.5588
0.024285,0.0260001,0.0288785;-1.57521,-0.238037,-1.57695
0.0253871,0.0283471,0.0297573;-1.60334,-0.25419,-1.58105
0.0242568,0.0258912,0.0329096;-1.66404,-0.179892,-1.59087
0.0223183,0.0288472,0.033469;-1.67063,-0.133916,-1.58792
0.0202619,0.0276622,0.0308989;-1.61923,-0.0990093,-1.5758
0.0182087,0.0174401,0.0301254;-1.5584,-0.122934,-1.54169
0.0203709,0.0152398,0.0296629;-1.57179,-0.191471,-1.5593
0.0213348,0.0145022,0.0290097;-1.58125,-0.243825,-1.58434
0.0242726,0.0238464,0.0317547;-1.63989,-0.251959,-1.59402
0.0219532,0.027142,0.034162;-1.68989,-0.215839,-1.59834
0.0199642,0.0295142,0.0348615;-1.68008,-0.168362,-1.5788
0.0120959,0.0337781,0.0330561;-1.59743,-0.130444,-1.52987
0.0147693,0.036601,0.0294857;-1.56778,-0.18446,-1.55478
0.0160261,0.0372702,0.0286825;-1.572,-0.237745,-1.5762
0.0158455,0.0365242,0.0295105;-1.59874,-0.233969,-1.58443
0.0144189,0.0339691,0.0319367;-1.6457,-0.179828,-1.5875
0.0121792,0.034791,0.0364532;-1.72319,-0.131557,-1.58804
-0.00325473,0.0433576,0.0380383;-1.74097,0.0710927,-1.55567
-0.00795402,0.0469405,0.029238;-1.59259,0.1358,-1.5687
-0.007593,0.0469934,0.0286446;-1.57042,0.128656,-1.5746
-0.00552662,0.0501239,0.0289923;-1.57739,0.00700679,-1.5838
-0.00524748,0.0482315,0.029966;-1.60203,0.0145774,-1.57894
-0.00591503,0.0454132,0.0330859;-1.6649,0.0260432,-1.57071
-0.0129797,0.0441449,0.0383733;-1.67716,0.0177366,-1.51257
-0.0108333,0.0499922,0.0348462;-1.64561,0.0175649,-1.53714
-0.00994025,0.0542758,0.0295165;-1.58216,0.0417208,-1.56228
-0.0101197,0.0564825,0.0288002;-1.5705,0.0243226,-1.58108
-0.0101297,0.0559302,0.0288966;-1.57527,0.0242298,-1.58093
-0.0104658,0.0537482,0.0301611;-1.61131,0.0380026,-1.57306
-0.0175683,0.0304288,0.0385717;-1.65811,0.0546695,-1.52434
-0.0226405,0.0211502,0.0379888;-1.60488,0.0388692,-1.52681
-0.0244556,0.0161995,0.0312691;-1.53954,0.0369904,-1.54269
-0.0230124,0.0212157,0.0286583;-1.56871,0.0122161,-1.5729
-0.0232309,0.0212557,0.0287861;-1.57033,0.000799209,-1.58038
-0.0236921,0.020509,0.0293089;-1.58796,0.00784831,-1.58102
-0.0248877,0.0166074,0.0315864;-1.63013,-0.00783839,-1.56722
-0.0343269,0.00617289,0.0382667;-1.63446,-0.102482,-1.504
-0.0349078,-9.22512e-05,0.0336605;-1.60544,-0.153396,-1.53242
-0.035495,-0.00403957,0.0285861;-1.57084,-0.182019,-1.57058
-0.0350102,-0.00342347,0.0286547;-1.57122,-0.162016,-1.57431
-0.0352446,-0.00422827,0.0287825;-1.57613,-0.136216,-1.57621
-0.0367608,-0.00517479,0.0296989;-1.59945,-0.0821266,-1.57603
-0.042484,-0.0181889,0.0374191;-1.62631,0.00330026,-1.51767
-0.0428832,-0.0270817,0.0348336;-1.60724,-0.048765,-1.53128
-0.0418113,-0.0296173,0.0288395;-1.5819,-0.114549,-1.57081
-0.0416181,-0.0297411,0.0285815;-1.57073,-0.172993,-1.5708
-0.0416418,-0.0300973,0.0286789;-1.57074,-0.143341,-1.57539
-0.041576,-0.0304493,0.0286935;-1.56941,-0.0984938,-1.57473
-0.0440574,-0.0256396,0.0348726;-1.60873,0.00594566,-1.5235
-0.0452135,-0.0262046,0.0371169;-1.66167,0.0383136,-1.52222
-0.0440729,-0.0267893,0.0347288;-1.65979,0.0187637,-1.5465
-0.0406012,-0.0309263,0.028581;-1.57054,-0.113691,-1.5715
-0.0405443,-0.0309037,0.0285971;-1.57096,-0.106738,-1.57182
-0.0409406,-0.032052,0.0286207;-1.57077,-0.0731831,-1.57273
-0.0416371,-0.0320785,0.0315163;-1.56834,0.0723935,-1.54158
-0.0418074,-0.0300909,0.0339349;-1.57477,0.121863,-1.52025
-0.0379638,-0.0219063,0.0342887;-1.62826,0.149035,-1.53546
-0.0334918,-0.0109859,0.0288434;-1.56875,0.0609517,-1.57458
-0.0337916,-0.00974699,0.0287342;-1.56601,0.00241673,-1.57334
-0.0342389,-0.00965165,0.0286547;-1.57044,-0.0126592,-1.57435
-0.0357226,-0.0145049,0.0299246;-1.56266,-0.0284902,-1.55063
-0.0392611,-0.0204796,0.033599;-1.5937,0.0170927,-1.5244
-0.0393757,-0.0248966,0.0357284;-1.63298,0.107758,-1.52217
-0.0387687,-0.0150015,0.0313293;-1.62703,0.181553,-1.55988
-0.0358023,-0.0108705,0.0288731;-1.58343,0.134321,-1.57081
-0.0354081,-0.0108466,0.0286592;-1.56787,0.108848,-1.56992
-0.0358157,-0.0127416,0.0286769;-1.57382,0.0953198,-1.56793
-0.037127,-0.0185142,0.0305058;-1.57099,0.0721441,-1.54753
-0.0379847,-0.0254302,0.0328841;-1.53883,0.0750345,-1.52732
-0.0313363,-0.0110452,0.0321153;-1.6353,0.0327071,-1.56579
-0.0285595,0.00287282,0.0295877;-1.59293,-0.0369588,-1.5734
-0.0269373,0.00939338,0.0289547;-1.57279,-0.064289,-1.57671
-0.027397,0.00883594,0.028796;-1.56665,-0.0517093,-1.56421
-0.0283793,0.00502669,0.0296842;-1.56617,-0.0732082,-1.54847
-0.0310368,-0.00763084,0.0328752;-1.57244,-0.0782869,-1.51681
-0.0227983,-0.0276968,0.0314225;-1.6112,-0.169379,-1.56484
-0.0233751,-0.0210519,0.0318083;-1.62812,-0.191625,-1.57478
-0.0213058,-0.00885835,0.0298619;-1.60752,-0.237737,-1.58174
-0.0213712,-0.00846522,0.0287585;-1.56861,-0.189534,-1.56012
-0.0215687,-0.00810414,0.0289373;-1.56198,-0.167195,-1.55672
-0.0221867,-0.0102008,0.0298765;-1.54932,-0.168697,-1.54952
-0.0183984,-0.0134542,0.0303853;-1.5932,-0.311645,-1.57502
-0.0144231,-0.0132131,0.0312216;-1.62407,-0.395697,-1.5879
-0.0147748,-0.00877276,0.0320898;-1.63812,-0.458127,-1.59051
-0.0178564,-0.00615461,0.0287351;-1.57672,-0.409078,-1.57522
-0.017457,-0.00558961,0.0291738;-1.55196,-0.362129,-1.55288
-0.0172234,-0.00283375,0.0294405;-1.54395,-0.303195,-1.54852
-0.0154126,0.000847474,0.0305066;-1.57042,-0.268142,-1.54942
-0.0134343,0.00187396,0.0301476;-1.61272,-0.3185,-1.58671
-0.0114,0.00495512,0.0318623;-1.63499,-0.392841,-1.59198
-0.0141965,0.0113927,0.0293582;-1.60066,-0.441251,-1.584
-0.0142671,0.0119145,0.0288796;-1.56408,-0.390968,-1.55814
-0.0133873,0.0150011,0.0293492;-1.54436,-0.334246,-1.54762
-0.0112789,0.0289475,0.0302217;-1.54469,-0.211528,-1.54851
-0.0102032,0.0365721,0.029466;-1.56647,-0.193379,-1.56992
-0.0094254,0.0419432,0.0299343;-1.58561,-0.214237,-1.57917
-0.0095564,0.0481005,0.0310264;-1.62713,-0.27442,-1.58353
-0.0118763,0.0491317,0.030046;-1.60555,-0.24748,-1.57428
-0.0129539,0.0450477,0.0298765;-1.55715,-0.231931,-1.54968
-0.0127713,0.0497545,0.0306934;-1.54489,-0.156287,-1.53893
-0.00965624,0.0578882,0.0298371;-1.55774,-0.0932985,-1.55373
-0.00932042,0.0645337,0.0289023;-1.57939,-0.0790789,-1.57827
-0.00907431,0.0739523,0.0302013;-1.60399,-0.102669,-1.58116
-0.0100196,0.078475,0.0310294;-1.62802,-0.137829,-1.58007
-0.00908841,0.0743894,0.0306663;-1.59363,-0.172175,-1.55639
-0.0121075,0.0599227,0.0325823;-1.54924,-0.276926,-1.51242
-0.0108945,0.0553145,0.0296307;-1.55242,-0.337676,-1.54953
-0.0102415,0.0560509,0.028935;-1.55643,-0.353754,-1.56942
-0.0094996,0.060136,0.0297364;-1.59608,-0.342674,-1.58859
-0.0123887,0.0593698,0.0304545;-1.62064,-0.287834,-1.58611
-0.018021,0.0597693,0.0325584;-1.65834,-0.232393,-1.58805
-0.0157786,0.0416289,0.0326861;-1.57396,-0.246099,-1.51389
-0.0124023,0.0327182,0.0311625;-1.56945,-0.274284,-1.52976
-0.0111271,0.0303694,0.0286702;-1.57158,-0.341133,-1.56584
-0.0110847,0.0313145,0.0290604;-1.58977,-0.484876,-1.58608
-0.0116026,0.0314672,0.0299416;-1.61046,-0.464571,-1.59247
-0.0137793,0.0291809,0.0316024;-1.64642,-0.41428,-1.60157
-0.0137793,0.0291809,0.0316024;-1.64642,-0.41428,-1.60157
-0.0192001,0.0302412,0.0343007;-1.67639,-0.360257,-1.59863
-0.0192001,0.0302412,0.0343007;-1.67639,-0.360257,-1.59863
