0,0,0.11;-1.57,-2.98023e-08,-1.57
0,0,0.11;-1.57,-2.98023e-08,-1.57
0,0,0.11;-1.57,-2.98023e-08,-1.57
0.000469515,0.00854621,0.0286273;-1.56838,-0.130455,-1.57027
0.000604558,0.00884484,0.0286595;-1.5709,-0.0920797,-1.56691
-0.00159274,0.00394726,0.0301103;-1.57452,-0.024686,-1.55212
-0.00269187,-0.0313993,0.0358792;-1.44946,0.058686,-1.56133
-0.00182261,-0.0248495,0.0285787;-1.57092,-0.024131,-1.57065
-0.00157251,-0.0248497,0.0288178;-1.561,-0.0169147,-1.5721
-0.00143735,-0.0248664,0.0287109;-1.56444,-0.0113407,-1.57076
-0.00160789,-0.0262255,0.0285803;-1.57115,0.0458067,-1.57056
-0.0035689,-0.0301922,0.0317794;-1.62442,0.0880681,-1.56525
-0.00675374,-0.0445724,0.0403487;-1.62187,0.17087,-1.56266
-0.0042709,-0.0450318,0.0320618;-1.62956,0.112014,-1.57238
-0.000672941,-0.0397157,0.0298357;-1.60659,0.0451513,-1.57295
0.000248439,-0.038725,0.0290519;-1.58535,0.025959,-1.5785
-0.00167005,-0.0410023,0.0292065;-1.59837,0.0860622,-1.57167
-0.00468119,-0.0438122,0.0303341;-1.60075,0.12531,-1.56421
-0.00929683,-0.0580038,0.0361394;-1.60479,0.206999,-1.55099
-0.0109526,-0.0787126,0.037414;-1.42932,0.224967,-1.57718
-0.00912172,-0.0752413,0.0330418;-1.48057,0.18091,-1.58144
-0.0081083,-0.0712748,0.028579;-1.57086,0.150251,-1.57098
-0.00777549,-0.0713768,0.0285803;-1.57069,0.174414,-1.57082
-0.00754763,-0.0711163,0.0286991;-1.57085,0.218614,-1.56458
-0.0121072,-0.0775284,0.0304561;-1.57517,0.284986,-1.54797
-0.0199973,-0.100282,0.0350425;-1.48415,0.348792,-1.58181
-0.0202803,-0.105214,0.03119;-1.51502,0.320908,-1.58304
-0.0189933,-0.103264,0.028812;-1.56067,0.305543,-1.57515
-0.0192179,-0.104021,0.0287438;-1.56731,0.322677,-1.57644
-0.0195271,-0.104674,0.0286354;-1.5713,0.346291,-1.57295
-0.0272675,-0.113022,0.036408;-1.69172,0.445487,-1.51665
-0.0335753,-0.127084,0.0440211;-1.60513,0.512232,-1.55313
-0.0327651,-0.131143,0.0401658;-1.57959,0.457745,-1.57234
-0.0254358,-0.125401,0.0290787;-1.59314,0.380711,-1.56621
-0.0258885,-0.125976,0.0287183;-1.57131,0.398779,-1.57659
-0.0267013,-0.127044,0.0286696;-1.5705,0.435958,-1.57531
-0.0301517,-0.129563,0.0298909;-1.57218,0.508378,-1.5523
-0.0430512,-0.149531,0.0364774;-1.46899,0.607286,-1.6012
-0.0525326,-0.168303,0.03806;-1.39916,0.631523,-1.64874
-0.0455971,-0.160502,0.0285448;-1.57012,0.546653,-1.57186
-0.0454882,-0.16066,0.0288029;-1.55894,0.546697,-1.5774
-0.0453873,-0.160959,0.0288038;-1.55949,0.558816,-1.57825
-0.0457938,-0.161239,0.0288572;-1.56902,0.623676,-1.56193
-0.0555002,-0.169784,0.0320167;-1.55448,0.703469,-1.5571
-0.0725593,-0.191778,0.0397416;-1.37697,0.796739,-1.67226
-0.0709715,-0.192709,0.028612;-1.57714,0.723165,-1.56231
-0.070485,-0.19254,0.0285804;-1.57098,0.717666,-1.57085
-0.0707738,-0.19298,0.0286919;-1.57067,0.738341,-1.5762
-0.0738883,-0.193461,0.029312;-1.62154,0.813448,-1.53498
-0.0787236,-0.194253,0.0344359;-1.72319,0.862613,-1.45418
-0.089673,-0.202873,0.0420532;-1.65805,0.949678,-1.4996
-0.0902097,-0.208452,0.0291057;-1.60367,0.837748,-1.55
-0.0888892,-0.208373,0.028555;-1.5694,0.812733,-1.57191
-0.0890609,-0.208503,0.0286806;-1.57039,0.831728,-1.57603
-0.0904473,-0.210614,0.0286796;-1.57085,0.923218,-1.56598
-0.0983455,-0.213844,0.0304884;-1.56736,0.990206,-1.55529
-0.120759,-0.228666,0.0383836;-1.32652,1.08563,-1.75517
-0.122962,-0.233234,0.0292924;-1.53638,1.02709,-1.59468
-0.122135,-0.232423,0.0285739;-1.57113,0.987041,-1.57077
-0.122085,-0.232668,0.0288228;-1.55107,0.997001,-1.58816
-0.122181,-0.233236,0.0286307;-1.57035,1.04499,-1.56868
-0.126403,-0.233795,0.0299969;-1.58048,1.10028,-1.54502
-0.149619,-0.243117,0.0361614;-1.35441,1.19732,-1.74704
-0.165299,-0.251576,0.0340775;-1.28514,1.21297,-1.82275
-0.161763,-0.25031,0.028707;-1.59733,1.18921,-1.54386
-0.161262,-0.250679,0.02859;-1.57278,1.17339,-1.57003
-0.162889,-0.250836,0.028934;-1.59085,1.22122,-1.56186
-0.165227,-0.249479,0.0299076;-1.69253,1.26246,-1.45672
-0.171061,-0.247209,0.0350443;-1.98966,1.29861,-1.16545
-0.199991,-0.254196,0.0415584;-1.39039,1.41709,-1.7393
-0.199179,-0.2556,0.0342072;-1.23249,1.34901,-1.89494
-0.195277,-0.255431,0.0285832;-1.57269,1.3189,-1.56903
-0.195449,-0.255863,0.0287608;-1.53771,1.34402,-1.60424
-0.195809,-0.256356,0.0285861;-1.5676,1.3869,-1.57341
-0.196723,-0.255798,0.0290461;-1.56377,1.41788,-1.56643
-0.239216,-0.259249,0.0409218;0.221727,1.41651,2.95998
-0.248318,-0.260677,0.0380876;-0.119081,1.41501,-3.00268
-0.237231,-0.261428,0.0297099;-1.21399,1.49682,-1.92264
-0.234983,-0.261767,0.0288076;-1.46549,1.477,-1.67668
-0.235299,-0.26254,0.0285719;-1.58635,1.53605,-1.55513
-0.235599,-0.262366,0.0287825;-1.6356,1.5577,-1.49578
-0.270507,-0.25914,0.0382989;0.718429,1.36722,2.44982
-0.278497,-0.259695,0.0367019;0.4289,1.40251,2.71228
-0.265863,-0.262001,0.0286947;2.00376,1.55894,1.13716
-0.265249,-0.262319,0.0289132;1.8702,1.55089,1.26156
-0.270353,-0.259901,0.0289608;1.65039,1.46282,1.47916
-0.271595,-0.258421,0.0300306;1.84467,1.4388,1.29409
-0.292679,-0.250674,0.042394;1.52888,1.31291,1.61798
-0.30453,-0.249461,0.038941;1.08985,1.3368,2.04419
-0.299584,-0.249654,0.028679;1.58608,1.39254,1.55888
-0.299326,-0.25012,0.0287491;1.52495,1.39332,1.6159
-0.29949,-0.250463,0.0285804;1.5698,1.35383,1.57194
-0.29971,-0.250405,0.0287414;1.57123,1.34701,1.5782
-0.327489,-0.238293,0.0366857;1.34223,1.16771,1.81292
-0.348246,-0.232989,0.0354324;1.24419,1.14752,1.87985
-0.345445,-0.234653,0.0331269;1.36794,1.14671,1.76899
-0.342489,-0.235625,0.0286521;1.56078,1.20945,1.58006
-0.342876,-0.23572,0.0288145;1.54194,1.18932,1.59705
-0.342669,-0.236068,0.0286033;1.57124,1.16092,1.57163
-0.343614,-0.234436,0.0296321;1.57305,1.11947,1.58558
-0.377042,-0.215053,0.0385959;1.27086,0.974143,1.85112
-0.377978,-0.214276,0.0347404;1.35475,1.03172,1.76384
-0.37118,-0.218897,0.0288659;1.60765,1.09446,1.53486
-0.371225,-0.219755,0.0287442;1.57105,1.09086,1.56256
-0.372163,-0.219153,0.028717;1.57059,1.05567,1.56448
-0.37334,-0.21732,0.028632;1.57422,0.997215,1.56949
-0.400233,-0.194734,0.0389174;1.34534,0.849089,1.78095
-0.409648,-0.188731,0.0370231;1.33982,0.877001,1.76593
-0.404397,-0.192157,0.0286715;1.58358,0.923544,1.56556
-0.404188,-0.192735,0.0287453;1.55797,0.917452,1.58097
-0.404415,-0.192959,0.0285768;1.57039,0.888638,1.57178
-0.404372,-0.19283,0.0287609;1.57302,0.859881,1.57809
-0.42778,-0.16649,0.0375902;1.41416,0.670942,1.70744
-0.438417,-0.157544,0.0373525;1.38191,0.689756,1.71187
-0.434599,-0.161487,0.0287488;1.57525,0.731385,1.5733
-0.434343,-0.162378,0.0286848;1.564,0.737925,1.57539
-0.434344,-0.162397,0.0286403;1.56694,0.728193,1.5734
-0.434413,-0.16235,0.0287378;1.57084,0.691301,1.57846
-0.448468,-0.138393,0.0365626;1.4463,0.550561,1.65928
-0.45671,-0.129825,0.0384548;1.37366,0.544769,1.68944
-0.455906,-0.132531,0.0334829;1.47026,0.581016,1.62141
-0.450496,-0.142983,0.0289247;1.57484,0.64415,1.5568
-0.44972,-0.143781,0.0289264;1.5763,0.662624,1.55546
-0.449617,-0.143433,0.0289458;1.57239,0.656043,1.55394
-0.45624,-0.12769,0.0329534;1.56768,0.53439,1.58112
-0.465936,-0.11254,0.0391926;1.38613,0.475524,1.69043
-0.46878,-0.109461,0.0368529;1.42177,0.487033,1.66388
-0.466079,-0.114061,0.0285755;1.57128,0.550546,1.57033
-0.466083,-0.114415,0.0286349;1.56765,0.542077,1.57252
-0.466149,-0.114288,0.0287212;1.56288,0.53389,1.57485
-0.46635,-0.11076,0.0300973;1.57483,0.448351,1.58883
-0.472868,-0.0916501,0.0347478;1.51548,0.359205,1.62422
-0.48032,-0.0781028,0.0386366;1.41452,0.323183,1.65438
-0.477963,-0.0809685,0.0286125;1.57122,0.415486,1.57249
-0.477691,-0.0813934,0.0286957;1.56459,0.415563,1.57319
-0.477554,-0.0817279,0.0285827;1.57053,0.421984,1.57073
-0.478211,-0.0775403,0.0287757;1.57571,0.333604,1.56428
-0.482097,-0.0626,0.034001;1.56561,0.273114,1.57016
-0.489605,-0.0441212,0.0401905;1.37459,0.218807,1.63855
-0.486207,-0.0503521,0.0300599;1.56106,0.331428,1.55342
-0.485347,-0.0547143,0.0288074;1.57044,0.358496,1.56003
-0.483896,-0.0577517,0.0287754;1.57167,0.393802,1.56208
-0.484097,-0.0563123,0.0285917;1.57124,0.33607,1.5716
-0.485909,-0.0472435,0.0304845;1.5537,0.278239,1.5954
-0.492355,-0.0275452,0.037399;1.45351,0.194318,1.63395
-0.495179,-0.0215307,0.0286722;1.57322,0.240978,1.57514
-0.495495,-0.0221745,0.0286031;1.57125,0.275585,1.57209
-0.495583,-0.0224777,0.0286653;1.56605,0.263519,1.57144
-0.495752,-0.0230656,0.0287706;1.57116,0.216774,1.57988
-0.494912,-0.0170325,0.0306777;1.57681,0.164586,1.59293
-0.496542,0.00370129,0.0365771;1.47889,0.0780105,1.61444
-0.499089,0.0138365,0.0304541;1.53168,0.0918893,1.58334
-0.498925,0.012411,0.028579;1.57098,0.127911,1.57075
-0.49898,0.0120749,0.0285919;1.57023,0.126683,1.57086
-0.498643,0.0116014,0.0287032;1.5707,0.137009,1.56502
-0.497869,0.0138873,0.0289776;1.58293,0.0811185,1.56613
-0.497139,0.0273833,0.0358806;1.57325,0.0165441,1.57338
-0.499723,0.0496226,0.0361279;1.438,-0.00367264,1.5785
-0.497506,0.0414755,0.0286746;1.57659,0.0497446,1.56375
-0.497929,0.0389606,0.0286972;1.57105,0.0872065,1.56493
-0.49766,0.0379259,0.0285803;1.57079,0.12093,1.57078
-0.497607,0.0377177,0.028759;1.57102,0.0896674,1.57981
-0.495892,0.0430718,0.0304606;1.57472,0.0345088,1.59335
-0.496172,0.0820349,0.0380336;1.41811,-0.0850455,1.58302
-0.495094,0.0803488,0.0321675;1.50824,-0.0507995,1.57787
-0.495128,0.0773285,0.0285811;1.5709,-0.0118698,1.57181
-0.495515,0.0769937,0.0286913;1.56544,-0.0283067,1.57068
-0.495762,0.0767345,0.0286037;1.57044,-0.0528603,1.57233
-0.494987,0.0773545,0.0292262;1.57241,-0.0900439,1.58454
-0.488145,0.117994,0.0390677;1.41229,-0.260976,1.56913
-0.486198,0.123009,0.0357617;1.43507,-0.206886,1.55686
-0.48793,0.115809,0.0286893;1.58136,-0.170242,1.57112
-0.488586,0.115894,0.0287862;1.57081,-0.176429,1.56091
-0.488478,0.115976,0.0289088;1.57328,-0.180473,1.55826
-0.486544,0.118382,0.0291613;1.58787,-0.231539,1.56506
-0.47422,0.142202,0.0417104;1.49685,-0.371089,1.55252
-0.469885,0.15583,0.0362274;1.4237,-0.341874,1.52437
-0.470706,0.145901,0.0284864;1.58597,-0.276945,1.57256
-0.471886,0.143762,0.0286488;1.56739,-0.244809,1.56999
-0.471931,0.143807,0.02858;1.57079,-0.255758,1.57078
-0.472044,0.143714,0.0287566;1.57122,-0.287636,1.57954
-0.472044,0.143714,0.0287566;1.57122,-0.287636,1.57954
-0.467404,0.149474,0.0309293;1.57944,-0.355167,1.59879
-0.467404,0.149474,0.0309293;1.57944,-0.355167,1.59879
