0,0,0.11;-1.57,-2.98023e-08,-1.57
0,0,0.11;-1.57,-2.98023e-08,-1.57
0,0,0.11;-1.57,-2.98023e-08,-1.57
-0.000475743,0.0014568,0.0286561;-1.57078,-0.173474,-1.57436
-0.000482866,0.00161804,0.0286092;-1.57055,-0.18947,-1.56971
-0.000745896,0.000912422,0.0295606;-1.55714,-0.189463,-1.55368
-0.00200079,-0.00411361,0.0317073;-1.53433,-0.204576,-1.53876
-0.00347514,-0.00586463,0.0286174;-1.57077,-0.305537,-1.57266
-0.00356274,-0.00567323,0.0285797;-1.57081,-0.318224,-1.5708
-0.00358853,-0.00560064,0.0285795;-1.5708,-0.326155,-1.5708
-0.0032687,-0.00527017,0.0286518;-1.56984,-0.288874,-1.56762
-0.00304193,-0.0049186,0.029407;-1.55523,-0.234679,-1.55578
-0.00441236,-0.00947447,0.0330134;-1.53517,-0.151281,-1.52706
-2.29505e-05,-0.0225123,0.0318666;-1.50942,-0.069247,-1.55954
0.000425285,-0.0208409,0.0286683;-1.56679,-0.0683399,-1.57072
0.000460764,-0.0205738,0.0286784;-1.56946,-0.0688629,-1.57434
0.00034431,-0.0199701,0.0285798;-1.57083,-0.0911505,-1.57079
0.00036313,-0.0192922,0.0288846;-1.56606,-0.0943588,-1.56057
-0.000115071,-0.016866,0.0303074;-1.56348,-0.091634,-1.54216
0.00141993,-0.00839521,0.0322625;-1.57172,-0.0484738,-1.5311
0.00480859,-0.00214473,0.0291754;-1.57326,-0.047731,-1.5635
0.00533114,-0.000884374,0.0286608;-1.57073,-0.0583312,-1.57456
0.00366842,0.000786526,0.0289048;-1.55836,-0.153089,-1.57197
0.0026719,0.00105026,0.028779;-1.56399,-0.201707,-1.56626
0.00230879,0.000779097,0.0289614;-1.56604,-0.213431,-1.5561
0.00175872,-0.00225817,0.0310078;-1.57071,-0.197631,-1.53793
0.00433553,-0.00845509,0.0290882;-1.57269,-0.151463,-1.57727
0.0080579,-0.0182972,0.0287955;-1.56627,0.0257522,-1.57669
0.00922385,-0.0195612,0.0285813;-1.57078,0.0841594,-1.57106
0.00912431,-0.0193887,0.0286039;-1.57063,0.0780404,-1.57204
0.00729546,-0.019713,0.0300218;-1.54401,0.0299803,-1.55844
0.0052664,-0.0208062,0.0338097;-1.5093,0.000909567,-1.53441
0.00626509,-0.024292,0.0328948;-1.50591,-0.0174228,-1.55184
0.0138851,-0.0267584,0.0303738;-1.54824,0.0560511,-1.60669
0.0114455,-0.0265549,0.0331917;-1.55389,0.0512629,-1.6288
0.00690738,-0.0210217,0.0313853;-1.55702,-0.0228428,-1.60742
0.00232168,-0.00683269,0.0317518;-1.52712,-0.171963,-1.58063
0.00177129,-0.00202039,0.0356977;-1.45298,-0.177841,-1.55472
0.00304645,-0.00336841,0.0382996;-1.44825,-0.15032,-1.55138
0.0126099,-0.00591406,0.0366902;-1.55934,-0.0870863,-1.63042
0.0126009,-0.00314556,0.0354768;-1.55839,-0.0722392,-1.64814
0.00987919,0.00197371,0.0333973;-1.55736,-0.0544906,-1.63281
0.00618394,0.0035623,0.0300121;-1.55472,-0.00941469,-1.56261
0.00429352,0.0041619,0.0332145;-1.54897,0.0143753,-1.53168
0.000656001,0.0057397,0.0383442;-1.52642,0.0161131,-1.50651
0.0108859,0.0168169,0.0378653;-1.65708,0.00749312,-1.59645
0.00823686,0.0175412,0.0379958;-1.66131,0.0589512,-1.62579
0.0034221,0.00601455,0.0303546;-1.55418,0.171539,-1.60323
0.00354748,0.000310476,0.0290009;-1.56788,0.263892,-1.56506
-0.000339045,0.00413905,0.0319482;-1.55351,0.208217,-1.53721
-0.0056119,0.0136969,0.0367563;-1.54064,0.150479,-1.51134
0.00303032,0.0302075,0.0359137;-1.69166,0.00658988,-1.59355
0.00125926,0.0361349,0.0389739;-1.71473,-0.00309703,-1.60705
-0.00636952,0.0411609,0.033819;-1.63769,0.00551304,-1.60123
-0.00941119,0.0394211,0.028677;-1.57,0.0358624,-1.57578
-0.00933283,0.0394519,0.0299217;-1.58187,0.00549877,-1.55408
-0.0109868,0.0408361,0.0327713;-1.59079,-0.0270215,-1.51627
-0.00531965,0.0374049,0.0355016;-1.69143,-0.0673439,-1.56961
-0.000320284,0.039943,0.0373895;-1.74377,-0.0650409,-1.59126
0.00517994,0.0440282,0.0376529;-1.7039,-0.0703802,-1.61571
0.00202794,0.0348673,0.0295668;-1.57213,0.0130412,-1.59513
0.000524281,0.0268818,0.0294045;-1.57653,0.0792268,-1.56382
-0.00114003,0.0151733,0.0320407;-1.5839,0.149859,-1.51609
0.000664504,0.00148441,0.0358095;-1.56614,0.0906886,-1.50141
0.00739917,0.00207827,0.0349585;-1.58379,0.039112,-1.53259
0.0155052,0.00751212,0.0300967;-1.58637,-0.030043,-1.59065
0.0176742,0.0148579,0.029217;-1.56804,-0.111882,-1.58323
0.0162804,0.0147396,0.0291568;-1.56988,-0.119733,-1.56949
0.0139943,0.0143058,0.0313317;-1.58085,-0.0824731,-1.52597
0.00930773,0.0197368,0.0381256;-1.5491,-0.0742309,-1.48851
0.0158492,0.0268532,0.0368151;-1.59697,-0.151163,-1.52563
0.0224176,0.0354679,0.035219;-1.6969,-0.172781,-1.58556
0.0263922,0.037714,0.0318335;-1.60748,-0.207583,-1.6069
0.0230985,0.0321698,0.0298003;-1.60151,-0.153837,-1.58031
0.0211437,0.0308722,0.0303538;-1.59198,-0.120489,-1.55545
0.0103267,0.0101092,0.035813;-1.59045,0.070278,-1.4793
0.0124481,-0.00114354,0.0363162;-1.55021,0.0955547,-1.50403
0.0150781,-0.00117796,0.0325605;-1.5805,0.0945755,-1.53304
0.0213686,0.0237164,0.0329244;-1.58846,0.0890966,-1.61051
0.0141124,0.0386417,0.0321436;-1.58026,0.148253,-1.61799
0.0100763,0.0396352,0.0293501;-1.56081,0.153644,-1.57965
-0.00115118,0.0273369,0.0335882;-1.58585,0.273504,-1.49417
-0.000919971,0.0198235,0.0328552;-1.5958,0.238418,-1.50889
-9.02148e-05,0.0173162,0.0327225;-1.63542,0.202639,-1.53659
0.00655949,0.0470009,0.0355403;-1.64336,0.0911765,-1.61272
0.00542358,0.0581458,0.0347844;-1.62084,0.0604667,-1.61905
0.00393557,0.0643281,0.0290419;-1.57816,0.0416241,-1.58164
-0.000538825,0.0651567,0.0328025;-1.58909,0.0656623,-1.51259
0.00185764,0.0595997,0.0346837;-1.65555,0.0520183,-1.53231
0.00289512,0.0565871,0.03506;-1.67694,0.0553462,-1.54389
0.0129237,0.0659816,0.0371303;-1.71947,0.00482752,-1.59182
0.0148226,0.0681878,0.036166;-1.69932,-0.0219359,-1.60142
0.01509,0.0651562,0.031763;-1.58774,-0.0225894,-1.61097
0.00995014,0.0637337,0.0346536;-1.63512,-0.0325141,-1.5331
0.00778679,0.0575631,0.0358892;-1.6503,-0.02885,-1.52292
0.00477866,0.0493484,0.0371913;-1.66834,0.0235473,-1.51059
0.0181652,0.0292049,0.0342258;-1.66271,0.114865,-1.56842
0.0267669,0.0219376,0.032776;-1.54796,0.0116077,-1.61912
0.0238877,0.0205861,0.0320274;-1.55392,-0.0137208,-1.61557
0.0199681,0.0191482,0.0324318;-1.51605,-0.0349244,-1.57189
0.00856617,0.0233937,0.0370571;-1.49006,-0.0760109,-1.49324
0.00510965,0.0280044,0.0346604;-1.59809,-0.124727,-1.49179
0.00335259,0.0312126,0.03656;-1.64946,-0.126224,-1.51529
0.0102562,0.0305294,0.0362028;-1.70266,-0.190683,-1.58049
0.0116773,0.0283579,0.0318533;-1.64231,-0.202081,-1.584
0.0116106,0.0281739,0.029022;-1.57876,-0.190925,-1.56035
0.00625098,0.0333349,0.0367645;-1.60584,-0.103157,-1.4827
0.00517154,0.0326445,0.0372;-1.63156,-0.0839649,-1.49359
0.00243479,0.0338041,0.0372399;-1.68161,-0.0532755,-1.52439
0.000763651,0.0432358,0.0365927;-1.7339,0.052919,-1.56448
0.00133641,0.0424532,0.0333634;-1.6639,0.0633856,-1.57413
0.00108384,0.0440889,0.0299186;-1.59685,0.0581974,-1.57829
-0.00410881,0.0461556,0.0341417;-1.61746,0.0916637,-1.51101
-0.0038406,0.0445057,0.0367452;-1.66782,0.0758802,-1.51059
-0.00367113,0.0421757,0.0364488;-1.7039,0.0639201,-1.53905
-0.00382332,0.0449435,0.0363225;-1.7303,0.0839156,-1.5612
-0.00356434,0.0439309,0.034006;-1.67262,0.0832897,-1.57566
-0.00230345,0.0457983,0.0317321;-1.61567,0.0599918,-1.59047
-0.00397025,0.0532818,0.0327132;-1.61777,-0.0216189,-1.53527
-0.00375447,0.0534614,0.0358854;-1.63564,-0.0387619,-1.50798
-0.00201093,0.0503906,0.0362675;-1.66141,-0.0599094,-1.52537
-0.000528669,0.0510747,0.0381905;-1.75302,-0.0851998,-1.579
0.000234456,0.0507635,0.0367975;-1.7414,-0.089411,-1.58636
0.000892129,0.0486412,0.0362154;-1.72863,-0.0870643,-1.58869
-0.00181446,0.0323126,0.0312748;-1.61454,-0.0755761,-1.56498
-0.0056975,0.0269805,0.0324763;-1.56772,-0.109148,-1.5239
-0.00626469,0.0255854,0.0359034;-1.6297,-0.11589,-1.51277
-0.00575488,0.0251556,0.0388285;-1.73834,-0.139406,-1.56118
-0.00372044,0.0247083,0.0416342;-1.80802,-0.181302,-1.59811
-0.00159659,0.0191615,0.0379632;-1.75604,-0.209262,-1.60434
0.00258577,0.00374353,0.0309995;-1.55214,-0.138002,-1.59446
-0.000462186,0.00420931,0.0330574;-1.51612,-0.142102,-1.55552
-0.00435858,0.00899684,0.0358959;-1.51511,-0.137878,-1.51115
-0.00699648,0.0276079,0.0398497;-1.73442,-0.156067,-1.553
-0.00572891,0.0319913,0.0427504;-1.81629,-0.164612,-1.58879
-0.00428672,0.0315512,0.0381819;-1.75144,-0.153908,-1.59351
-0.00439629,0.0297508,0.0331803;-1.65692,-0.104705,-1.58993
-0.00684257,0.0309857,0.0328687;-1.64232,-0.0579213,-1.56192
-0.0101287,0.0348237,0.0363302;-1.66343,-0.0309524,-1.52302
-0.00994593,0.0350617,0.0373886;-1.7404,-0.0433695,-1.56823
-0.0101852,0.0366164,0.0387701;-1.76632,-0.0201338,-1.57388
-0.0110692,0.0378246,0.0379478;-1.75983,0.0107528,-1.57475
-0.0136379,0.0328303,0.032734;-1.64541,0.0591115,-1.5795
-0.0155295,0.0296643,0.0322211;-1.61774,0.113503,-1.58257
-0.0187777,0.0220054,0.0344953;-1.61988,0.17481,-1.54448
-0.0180981,0.0118895,0.0355354;-1.71,0.124518,-1.54881
-0.0173688,0.0120771,0.037267;-1.7477,0.107483,-1.5523
-0.0163599,0.0147668,0.0385446;-1.77577,0.10638,-1.55181
-0.0157712,0.0137094,0.034475;-1.69317,0.0817453,-1.56386
-0.0142849,0.0165188,0.0320469;-1.63393,0.0371253,-1.57684
-0.0143056,0.015574,0.0332335;-1.59792,0.0376136,-1.57403
-0.0177899,0.00180379,0.035059;-1.66914,-0.0276772,-1.54342
-0.0170695,-0.000985216,0.0357697;-1.6942,-0.0554447,-1.5569
-0.0170894,-9.72934e-05,0.0385275;-1.75636,-0.0845773,-1.57432
-0.0134762,-0.000403383,0.0392229;-1.77854,-0.129138,-1.59867
-0.0122465,-0.00181809,0.0368972;-1.73644,-0.137547,-1.59815
-0.0128216,-0.0047066,0.0359827;-1.63606,-0.132048,-1.60823
-0.0234455,-0.0270061,0.038706;-1.57769,-0.0742257,-1.55045
-0.0264089,-0.0398578,0.0344195;-1.61067,-0.0117552,-1.54602
-0.0276735,-0.0417844,0.0330996;-1.64793,0.00996469,-1.55638
-0.0215509,-0.0305324,0.042116;-1.82451,-0.0883218,-1.58929
-0.019796,-0.033512,0.0353475;-1.7072,-0.11202,-1.59074
-0.0189726,-0.0355116,0.0300346;-1.60527,-0.120895,-1.57862
-0.0238946,-0.0332966,0.0358509;-1.50238,-0.0317364,-1.52286
-0.023923,-0.0352379,0.0349116;-1.59881,-0.0172716,-1.52391
-0.0217106,-0.0342995,0.0332729;-1.65459,-0.0275764,-1.55882
-0.0209153,-0.0371287,0.0292796;-1.59799,-0.0318167,-1.57902
-0.0208697,-0.0370718,0.0291216;-1.58076,-0.037717,-1.58702
-0.0211136,-0.035676,0.0289096;-1.57226,-0.0534372,-1.58419
-0.0232365,-0.0357156,0.0354465;-1.445,-0.058257,-1.56665
-0.0214632,-0.0374718,0.0347432;-1.46816,-0.0508921,-1.58165
-0.0208175,-0.0359169,0.0315836;-1.55267,-0.0547174,-1.60609
-0.0203465,-0.0357921,0.0301864;-1.57361,-0.0634791,-1.59978
-0.0204629,-0.0350761,0.0310127;-1.56511,-0.0705312,-1.60958
-0.020392,-0.0340513,0.0323778;-1.53825,-0.070579,-1.60739
-0.0206133,-0.0355158,0.0404456;-1.37193,-0.0745184,-1.58178
-0.0192037,-0.0364296,0.0419112;-1.35522,-0.0675363,-1.59355
-0.0185837,-0.037854,0.0410679;-1.40408,-0.0674309,-1.61912
-0.0178796,-0.0359853,0.0347988;-1.54027,-0.0642397,-1.64381
-0.0174422,-0.0358997,0.0332028;-1.54373,-0.0590868,-1.63241
-0.0175875,-0.0344241,0.0342102;-1.52358,-0.0550841,-1.62109
-0.0175875,-0.0344241,0.0342102;-1.52358,-0.0550841,-1.62109
-0.0184463,-0.0344256,0.0378732;-1.44121,-0.0753593,-1.60285
-0.0184463,-0.0344256,0.0378732;-1.44121,-0.0753593,-1.60285
