0,0,0.11;-1.57,-2.98023e-08,-1.57
0,0,0.11;-1.57,-2.98023e-08,-1.57
0,0,0.11;-1.57,-2.98023e-08,-1.57
-8.56558e-05,0.00574011,0.0286227;-1.56853,-0.162246,-1.57008
1.87974e-06,0.00598602,0.0286307;-1.57052,-0.13083,-1.56855
-0.00182036,0.00152872,0.0299551;-1.56877,-0.0669667,-1.5549
-0.00392109,-0.0336484,0.0350516;-1.46842,0.0183842,-1.55532
-0.00547056,-0.0296647,0.0286133;-1.57109,-0.103138,-1.56901
-0.00546436,-0.0298928,0.0287851;-1.56092,-0.104463,-1.56973
-0.00564133,-0.0297873,0.0286603;-1.56693,-0.106047,-1.57039
-0.00549658,-0.0298224,0.0287662;-1.57117,-0.066339,-1.56144
-0.0075143,-0.0335226,0.0304372;-1.57342,-0.00632663,-1.54746
-0.00938147,-0.0540208,0.0365545;-1.49218,0.0990897,-1.54681
-0.0108141,-0.0701645,0.0325718;-1.49953,0.0655566,-1.56582
-0.0111712,-0.0671356,0.0286739;-1.57348,0.0119413,-1.56365
-0.0109485,-0.0667199,0.0287216;-1.5655,0.00588501,-1.56905
-0.0107526,-0.0663531,0.028732;-1.57096,0.0424899,-1.56344
-0.012764,-0.0680726,0.0299787;-1.57319,0.0967309,-1.55082
-0.0198413,-0.0837046,0.0349844;-1.52128,0.199639,-1.55177
-0.0255707,-0.115498,0.0366801;-1.44867,0.282209,-1.57954
-0.0275959,-0.114815,0.0320052;-1.50549,0.211552,-1.57671
-0.0275445,-0.1116,0.0286908;-1.57122,0.166248,-1.56521
-0.0273655,-0.110922,0.0286059;-1.57063,0.190047,-1.56975
-0.0272802,-0.11025,0.0288124;-1.57195,0.234438,-1.55985
-0.0318762,-0.113882,0.0308902;-1.57773,0.305554,-1.54296
-0.0430086,-0.133069,0.0343089;-1.51074,0.392218,-1.56989
-0.0488952,-0.145373,0.0302495;-1.53602,0.371381,-1.57676
-0.0484012,-0.144582,0.028745;-1.56275,0.335095,-1.573
-0.0483314,-0.144649,0.0287582;-1.56174,0.341119,-1.5737
-0.0478988,-0.14421,0.0286551;-1.57098,0.36553,-1.56702
-0.0574075,-0.153266,0.0328213;-1.55563,0.505758,-1.54933
-0.0704573,-0.176989,0.0383951;-1.43924,0.598939,-1.61067
-0.0785392,-0.191613,0.0335803;-1.46025,0.585373,-1.62089
-0.0778197,-0.188293,0.0286354;-1.57101,0.509042,-1.56787
-0.0772738,-0.188367,0.0286708;-1.56599,0.527156,-1.57293
-0.0772041,-0.188301,0.0287047;-1.56561,0.534133,-1.57186
-0.0805738,-0.189336,0.0303872;-1.57545,0.631089,-1.54582
-0.0943805,-0.202682,0.0357796;-1.48489,0.741875,-1.60045
-0.110951,-0.224392,0.0359058;-1.4251,0.802839,-1.65039
-0.115001,-0.225065,0.0287021;-1.57174,0.692351,-1.56414
-0.114332,-0.224994,0.028751;-1.56162,0.702716,-1.5751
-0.114159,-0.225067,0.0287074;-1.56272,0.712691,-1.57594
-0.114271,-0.224883,0.0289803;-1.56897,0.788373,-1.5604
-0.124646,-0.230308,0.0322277;-1.53247,0.887186,-1.57736
-0.142541,-0.247597,0.0384934;-1.37716,0.979736,-1.69464
-0.15105,-0.252388,0.0287298;-1.56698,0.873037,-1.56891
-0.150342,-0.252261,0.0286524;-1.57129,0.855054,-1.56662
-0.149831,-0.252508,0.0287013;-1.56157,0.878024,-1.57787
-0.149031,-0.25223,0.0288071;-1.57122,0.942197,-1.55895
-0.155784,-0.253719,0.0310025;-1.56822,1.02527,-1.5485
-0.175498,-0.26518,0.0376587;-1.33863,1.12578,-1.74986
-0.189532,-0.274235,0.0287777;-1.56494,1.10049,-1.56924
-0.189254,-0.274229,0.0286672;-1.57165,1.08043,-1.5657
-0.188569,-0.274448,0.0286268;-1.56929,1.09558,-1.57056
-0.188425,-0.274787,0.0287871;-1.57078,1.12308,-1.56068
-0.19143,-0.274773,0.0309315;-1.5714,1.19275,-1.54466
-0.209308,-0.278932,0.037457;-1.25297,1.28764,-1.84575
-0.234059,-0.287948,0.0300612;-1.43933,1.34676,-1.69195
-0.233718,-0.287684,0.0286645;-1.57193,1.31168,-1.56565
-0.232992,-0.287913,0.0286511;-1.56897,1.31638,-1.56957
-0.232778,-0.287927,0.028754;-1.57155,1.32316,-1.56172
-0.233238,-0.287349,0.0301449;-1.56785,1.37816,-1.5519
-0.247132,-0.285867,0.0351219;-1.09651,1.47057,-2.01214
-0.279585,-0.289896,0.0335201;0.420303,1.48894,2.74049
-0.281336,-0.288397,0.0289244;-1.05103,1.54869,-2.08492
-0.280999,-0.288168,0.0285837;-1.56547,1.51495,-1.57519
-0.280249,-0.28822,0.02858;-1.57524,1.53967,-1.56628
-0.279678,-0.287915,0.0288954;1.69376,1.54384,1.46028
-0.287067,-0.2824,0.0314835;1.66636,1.45365,1.50678
-0.334406,-0.275028,0.0375627;1.20043,1.23764,1.95623
-0.339642,-0.273392,0.0337753;1.21465,1.306,1.9296
-0.336133,-0.274378,0.0287411;1.57659,1.35286,1.57401
-0.335122,-0.275483,0.0286436;1.55804,1.3267,1.58317
-0.335011,-0.275958,0.028646;1.57053,1.27556,1.57407
-0.335238,-0.275318,0.0293379;1.56655,1.25322,1.58847
-0.366634,-0.26204,0.0401625;1.2997,1.04805,1.85041
-0.380365,-0.257141,0.0367887;1.2941,1.07664,1.83399
-0.378171,-0.258331,0.0297331;1.51721,1.1185,1.62532
-0.376855,-0.259818,0.0285853;1.57029,1.12009,1.57129
-0.376981,-0.260005,0.028583;1.57021,1.08948,1.57127
-0.37691,-0.260022,0.028944;1.57181,1.07897,1.58108
-0.39764,-0.240768,0.0394144;1.37555,0.890047,1.75938
-0.415416,-0.230463,0.0364961;1.37026,0.879212,1.74114
-0.417082,-0.232678,0.0294209;1.54463,0.874224,1.59663
-0.416476,-0.233605,0.0285778;1.57075,0.891496,1.57076
-0.416619,-0.233787,0.0285805;1.57068,0.870818,1.57091
-0.416469,-0.233771,0.0288255;1.57135,0.876247,1.58082
-0.428147,-0.215767,0.0389824;1.44147,0.713542,1.68928
-0.44674,-0.196763,0.035219;1.44509,0.655441,1.6661
-0.452202,-0.192814,0.0300663;1.53434,0.63357,1.59953
-0.451484,-0.193885,0.0286016;1.57082,0.660816,1.57194
-0.451427,-0.193856,0.0286297;1.57092,0.657367,1.57305
-0.451405,-0.194067,0.0287911;1.57117,0.669549,1.58086
-0.455795,-0.180266,0.0362768;1.48326,0.531542,1.64443
-0.466849,-0.159888,0.033779;1.47301,0.481561,1.63324
-0.472557,-0.154879,0.0323595;1.51099,0.412642,1.61474
-0.473122,-0.152956,0.0286248;1.57134,0.483263,1.57282
-0.473113,-0.153035,0.0287192;1.56441,0.461447,1.57504
-0.473037,-0.153289,0.0287342;1.57101,0.450338,1.57816
-0.472878,-0.15304,0.0296305;1.56866,0.419302,1.58924
-0.483149,-0.124704,0.0375786;1.44515,0.270796,1.64119
-0.491543,-0.110183,0.0328674;1.49596,0.239541,1.60572
-0.492053,-0.109753,0.0287804;1.57187,0.256732,1.58107
-0.492042,-0.110282,0.0285843;1.57083,0.272967,1.57111
-0.492097,-0.110133,0.0285858;1.57087,0.258128,1.57114
-0.492332,-0.110164,0.0289147;1.56795,0.254872,1.58478
-0.494323,-0.097372,0.0379422;1.4556,0.149601,1.61877
-0.500398,-0.0804193,0.0335373;1.4797,0.121668,1.59865
-0.503577,-0.0790517,0.0287533;1.57031,0.0910658,1.57859
-0.504079,-0.0797003,0.0285694;1.57055,0.147584,1.57127
-0.504047,-0.0796942,0.0285795;1.57088,0.140869,1.57081
-0.504104,-0.0797916,0.0286968;1.57083,0.136184,1.57642
-0.503175,-0.0668152,0.0372739;1.46878,0.0452353,1.59655
-0.50592,-0.0516056,0.0355158;1.49677,0.0275681,1.58929
-0.511517,-0.0464365,0.0286625;1.57202,-0.0316555,1.57584
-0.512682,-0.0482728,0.0287612;1.57844,0.0444196,1.56906
-0.51276,-0.0481201,0.0286039;1.57195,0.0424755,1.57055
-0.512673,-0.0482136,0.0285838;1.57109,0.0422228,1.57115
-0.51096,-0.0439825,0.0371418;1.51372,-0.00945198,1.58616
-0.509532,-0.0351541,0.039978;1.51008,-0.0229444,1.58536
-0.510697,-0.021739,0.0307544;1.52981,-0.0634657,1.57473
-0.512255,-0.0228665,0.0288749;1.58375,-0.00111532,1.56914
-0.512626,-0.022809,0.0285882;1.57074,0.0134632,1.57015
-0.512408,-0.0227085,0.0286338;1.57333,0.00414,1.57072
-0.510753,-0.0203288,0.032284;1.57443,-0.0361048,1.58359
-0.508803,-0.0154033,0.0420515;1.54338,-0.0724626,1.58388
-0.506738,-0.00270238,0.0395457;1.55043,-0.0917054,1.5773
-0.507702,0.00699455,0.029033;1.59125,-0.0923128,1.57083
-0.508737,0.00574493,0.0288613;1.58238,-0.0471405,1.56928
-0.509002,0.00564194,0.0286755;1.57403,-0.0343332,1.56956
-0.508249,0.00595387,0.029112;1.57125,-0.0649021,1.5722
-0.506509,0.00989452,0.0374278;1.54583,-0.12483,1.57538
-0.504269,0.0187262,0.0418187;1.53043,-0.154132,1.57375
-0.504214,0.0359592,0.0287517;1.57403,-0.175681,1.56643
-0.505477,0.0337629,0.0290556;1.59063,-0.125674,1.5699
-0.506284,0.0330301,0.0287867;1.57928,-0.0954312,1.5701
-0.505674,0.0335026,0.028759;1.57514,-0.111501,1.56707
-0.504609,0.0353793,0.0323164;1.54479,-0.146616,1.56581
-0.502958,0.0395726,0.0421345;1.52441,-0.196208,1.56889
-0.500028,0.0621783,0.0287137;1.57315,-0.242809,1.56629
-0.501549,0.0603468,0.0290854;1.59298,-0.190563,1.57216
-0.502692,0.0590774,0.0289737;1.5867,-0.152657,1.56989
-0.502531,0.0589917,0.0289074;1.58458,-0.151628,1.57045
-0.502142,0.0592205,0.0304792;1.55729,-0.171614,1.56641
-0.501005,0.0616326,0.0407075;1.53852,-0.227099,1.56983
-0.495741,0.0808517,0.0286843;1.57394,-0.272409,1.56505
-0.496741,0.0804494,0.0290057;1.59068,-0.251103,1.57423
-0.49812,0.0789117,0.0289771;1.58724,-0.202726,1.57095
-0.498546,0.0784783,0.028791;1.57822,-0.182776,1.56897
-0.498595,0.0784902,0.0300604;1.56115,-0.207106,1.56762
-0.498394,0.0784914,0.0392181;1.53297,-0.242129,1.56688
-0.490287,0.0957145,0.0292522;1.55299,-0.284551,1.56037
-0.490779,0.0964711,0.028731;1.57826,-0.293708,1.57293
-0.492038,0.0952696,0.0289295;1.58601,-0.253414,1.57214
-0.493165,0.0947791,0.0286335;1.57256,-0.209985,1.57012
-0.493006,0.0946723,0.0287621;1.57412,-0.225462,1.57093
-0.493034,0.0944526,0.0337044;1.5279,-0.252714,1.56165
-0.485587,0.109348,0.0366018;1.54011,-0.317212,1.56755
-0.484828,0.116846,0.0285869;1.57086,-0.353783,1.57113
-0.485781,0.116415,0.0289796;1.58981,-0.328812,1.57516
-0.487718,0.115218,0.028684;1.5759,-0.251481,1.57194
-0.487531,0.115293,0.02858;1.57075,-0.266597,1.57075
-0.487618,0.115572,0.0300133;1.54871,-0.278937,1.57122
-0.483105,0.122717,0.0391285;1.51481,-0.334316,1.56715
-0.479119,0.135123,0.0301678;1.53658,-0.37382,1.56532
-0.479923,0.136511,0.0285813;1.57114,-0.392962,1.57045
-0.481283,0.136087,0.028583;1.57089,-0.34199,1.57104
-0.481192,0.135931,0.0285796;1.57097,-0.352217,1.5709
-0.481566,0.135855,0.0289843;1.55847,-0.365417,1.57436
-0.4801,0.136679,0.0391791;1.4773,-0.403074,1.553
-0.474505,0.146673,0.0356803;1.50826,-0.416371,1.56096
-0.473917,0.152298,0.0287854;1.57015,-0.459507,1.57963
-0.474543,0.152334,0.0285817;1.57109,-0.415382,1.57114
-0.474548,0.152275,0.0285793;1.57031,-0.421785,1.57109
-0.474914,0.152104,0.0288496;1.56744,-0.433239,1.58077
-0.475015,0.152009,0.036698;1.46219,-0.468382,1.54057
-0.469198,0.159495,0.0368083;1.50642,-0.469863,1.55969
-0.467321,0.165137,0.0288473;1.56735,-0.503117,1.57881
-0.467333,0.165128,0.0285949;1.57105,-0.492561,1.57181
-0.467394,0.165025,0.0286288;1.57088,-0.491124,1.57314
-0.467647,0.164979,0.0288278;1.57004,-0.497165,1.58157
-0.467647,0.164979,0.0288278;1.57004,-0.497165,1.58157
-0.46822,0.164633,0.0309173;1.53936,-0.518552,1.57217
-0.46822,0.164633,0.0309173;1.53936,-0.518552,1.57217
