0,0,0.11;-1.57,-2.98023e-08,-1.57
0,0,0.11;-1.57,-2.98023e-08,-1.57
0,0,0.11;-1.57,-2.98023e-08,-1.57
0.000162149,0.00378299,0.0286725;-1.57089,-0.144719,-1.57533
2.4598e-05,0.00380083,0.0285948;-1.57025,-0.147643,-1.5713
-0.000664028,0.00268821,0.0298805;-1.56809,-0.132304,-1.55146
-0.0015947,-0.0126592,0.0314267;-1.54909,-0.087541,-1.53632
-0.0014421,-0.0139578,0.0288493;-1.58098,-0.177153,-1.57875
-0.00123801,-0.0127197,0.0286008;-1.57091,-0.232304,-1.57173
-0.00143097,-0.0122485,0.0286051;-1.57113,-0.268884,-1.57242
-0.000715122,-0.0140859,0.0285967;-1.56977,-0.198294,-1.57072
-0.00116775,-0.0150362,0.0295771;-1.55946,-0.186709,-1.5551
-0.00196729,-0.0158549,0.0324116;-1.56027,-0.169381,-1.52532
-4.60977e-05,-0.0169505,0.030161;-1.55509,-0.184378,-1.54887
0.000199883,-0.0164441,0.0285769;-1.57127,-0.198489,-1.57144
6.13736e-05,-0.0157889,0.0286491;-1.56971,-0.21857,-1.57289
0.000382554,-0.0164953,0.0285795;-1.57079,-0.185539,-1.57073
0.000636917,-0.0163902,0.0291448;-1.56236,-0.146776,-1.556
-0.000450059,-0.0179285,0.0317081;-1.56078,-0.108755,-1.53004
0.000140182,-0.0235952,0.0328087;-1.54429,-0.0963855,-1.51882
0.000100801,-0.0244013,0.029961;-1.55254,-0.146333,-1.55094
6.75462e-05,-0.0234301,0.0285759;-1.57096,-0.185197,-1.57095
0.0001665,-0.0228754,0.0285799;-1.57082,-0.185968,-1.57082
0.000457254,-0.02268,0.0286919;-1.57094,-0.159077,-1.56527
0.000263873,-0.0227959,0.0299922;-1.56244,-0.132445,-1.54581
-0.000937724,-0.0264556,0.0322761;-1.55401,-0.0898103,-1.52426
-0.000185692,-0.0302605,0.0295655;-1.55827,-0.0988738,-1.55578
3.99276e-05,-0.0294892,0.0285829;-1.57105,-0.13726,-1.57055
-8.14842e-05,-0.0294004,0.0285811;-1.57079,-0.150412,-1.57089
-0.000199161,-0.029514,0.0285794;-1.57071,-0.151199,-1.57084
-0.00121446,-0.0324481,0.0311792;-1.56211,-0.142549,-1.53603
-0.0026052,-0.0363641,0.0342169;-1.54777,-0.136736,-1.51665
-0.000165096,-0.0399803,0.0339838;-1.47958,-0.169506,-1.54235
0.00157202,-0.0354774,0.028689;-1.57061,-0.242609,-1.57579
0.00148167,-0.0345318,0.0286277;-1.57076,-0.278968,-1.57301
0.00145515,-0.0349248,0.0286679;-1.57069,-0.275106,-1.57493
0.000743017,-0.0386555,0.0292575;-1.55888,-0.220772,-1.56408
-0.00192485,-0.0452763,0.0334881;-1.51851,-0.203623,-1.54142
-0.00329453,-0.0560779,0.0366187;-1.44473,-0.184571,-1.53971
-0.00383844,-0.0517759,0.0287934;-1.57252,-0.264778,-1.58325
-0.00395222,-0.0492247,0.0289244;-1.56427,-0.298523,-1.57918
-0.00385,-0.0487344,0.0288444;-1.56656,-0.299027,-1.57813
-0.0036943,-0.0535128,0.029082;-1.56697,-0.222971,-1.58343
-0.00474905,-0.066001,0.0335478;-1.49028,-0.141982,-1.56197
-0.00350087,-0.0886453,0.038161;-1.40033,-0.0355776,-1.5518
0.000932094,-0.100838,0.0325509;-1.49497,0.00721979,-1.58122
8.78755e-05,-0.0975799,0.0292389;-1.55433,-0.0259316,-1.58558
-0.00217831,-0.0934586,0.0293403;-1.54477,-0.0737647,-1.57943
-0.00101647,-0.0980722,0.0292505;-1.54738,-0.00542637,-1.57919
-0.00200609,-0.100881,0.0326556;-1.49767,0.0111489,-1.56614
-0.00512081,-0.10399,0.0367281;-1.44646,0.0438613,-1.55097
-0.00720198,-0.102129,0.0310279;-1.5309,-0.0197559,-1.5768
-0.00812657,-0.0966107,0.0288381;-1.56634,-0.0788643,-1.57936
-0.00849557,-0.0952735,0.0287417;-1.56894,-0.104857,-1.57648
-0.00765765,-0.0987455,0.0286795;-1.56869,-0.00682553,-1.57364
-0.00924089,-0.104635,0.0305504;-1.55982,0.0384698,-1.55296
-0.0112549,-0.115166,0.0341218;-1.53066,0.0903902,-1.53221
-0.0113875,-0.120702,0.0304134;-1.54443,0.042952,-1.56212
-0.0107795,-0.117248,0.0286972;-1.57485,-0.0312675,-1.57262
-0.0095924,-0.115042,0.028578;-1.57088,-0.0910261,-1.57078
-0.00959356,-0.114887,0.0285866;-1.57058,-0.0921364,-1.57056
-0.00961488,-0.115425,0.0291231;-1.56016,-0.0696845,-1.56051
-0.0111122,-0.117194,0.0317052;-1.55851,-0.0615953,-1.53397
-0.0135613,-0.129043,0.0334474;-1.56235,-0.00645779,-1.52526
-0.0132351,-0.135126,0.0297944;-1.56173,-0.0400903,-1.56092
-0.0121931,-0.133388,0.0287004;-1.57656,-0.10551,-1.57148
-0.0112889,-0.132437,0.0285801;-1.57079,-0.170049,-1.57081
-0.0112953,-0.132359,0.0286714;-1.57072,-0.163607,-1.56639
-0.0117938,-0.133113,0.0295843;-1.55793,-0.128454,-1.5559
-0.0158517,-0.135939,0.0352165;-1.56003,-0.121496,-1.50587
-0.0152193,-0.136191,0.0317441;-1.57073,-0.207625,-1.53375
-0.013736,-0.135518,0.0286437;-1.57209,-0.251869,-1.56882
-0.0139093,-0.135436,0.0286236;-1.57076,-0.256015,-1.56869
-0.0139246,-0.135054,0.0286849;-1.57236,-0.227747,-1.56616
-0.0141782,-0.135026,0.0290348;-1.5688,-0.180026,-1.56035
-0.0172465,-0.141518,0.0352477;-1.56389,-0.0589883,-1.50183
-0.0175585,-0.150788,0.0326489;-1.56124,-0.0876589,-1.52526
-0.0174005,-0.152433,0.0286724;-1.57117,-0.128404,-1.56609
-0.0165265,-0.151337,0.0286064;-1.57047,-0.150097,-1.5695
-0.0161866,-0.150904,0.0286349;-1.57161,-0.110398,-1.56815
-0.0164444,-0.150456,0.0288013;-1.57456,-0.079765,-1.5604
-0.0200113,-0.147496,0.0345414;-1.60033,-0.0279395,-1.5045
-0.0184683,-0.150809,0.0334443;-1.57664,-0.0426193,-1.51924
-0.0155812,-0.15313,0.028851;-1.5781,-0.0580724,-1.56794
-0.014705,-0.152999,0.0285791;-1.57086,-0.0959985,-1.57086
-0.0147865,-0.152858,0.0286465;-1.57223,-0.0845611,-1.56837
-0.015168,-0.152357,0.0286952;-1.5708,-0.0382716,-1.56529
-0.0185335,-0.15608,0.0328112;-1.56816,-0.00225711,-1.52076
-0.016541,-0.155807,0.0311105;-1.57518,-0.0566171,-1.54772
-0.0153529,-0.154724,0.0311506;-1.60039,-0.0809668,-1.55355
-0.0136534,-0.153109,0.028595;-1.57044,-0.140486,-1.57173
-0.0138354,-0.154155,0.0286445;-1.57072,-0.100204,-1.57387
-0.0140554,-0.155798,0.0286023;-1.57041,-0.0470857,-1.57191
-0.0167274,-0.17271,0.0316955;-1.51904,0.100153,-1.56479
-0.0175237,-0.178629,0.0355526;-1.4538,0.0767345,-1.57232
-0.0179735,-0.178656,0.0362623;-1.44697,0.0520426,-1.57253
-0.0178333,-0.16073,0.0289532;-1.57548,-0.111888,-1.58047
-0.0170601,-0.157697,0.0289545;-1.56506,-0.12135,-1.58235
-0.0168023,-0.158318,0.0289789;-1.56687,-0.106049,-1.58574
-0.0166715,-0.162425,0.0301305;-1.55087,-0.0630269,-1.57228
-0.018635,-0.195823,0.0396335;-1.38384,0.0850419,-1.56485
-0.020123,-0.207285,0.0375012;-1.41749,0.0697929,-1.57852
-0.0234397,-0.201802,0.0322111;-1.52256,0.0341896,-1.58777
-0.0221765,-0.198052,0.0291033;-1.55605,0.0387058,-1.58156
-0.0212008,-0.198853,0.0288334;-1.56534,0.0758619,-1.57778
-0.0220932,-0.199272,0.0295921;-1.5591,0.0746309,-1.57224
-0.028004,-0.203591,0.037422;-1.47555,0.15322,-1.55564
-0.0296361,-0.210438,0.0379123;-1.46565,0.146589,-1.57791
-0.0282137,-0.205273,0.0318364;-1.54061,0.068714,-1.58059
-0.0235219,-0.194801,0.0286477;-1.57302,-0.0156798,-1.57179
-0.0236334,-0.194703,0.0286522;-1.57429,-0.0128668,-1.57073
-0.0244275,-0.194263,0.0290827;-1.58691,0.0155734,-1.56447
-0.0284726,-0.192522,0.0359812;-1.62467,0.0657561,-1.50421
-0.0281558,-0.191804,0.038826;-1.67902,0.0639435,-1.50429
-0.0256711,-0.191977,0.0399727;-1.73138,0.0203971,-1.52831
-0.021168,-0.196595,0.0288879;-1.57528,-0.0584946,-1.56799
-0.0212488,-0.196755,0.0286417;-1.57022,-0.0603452,-1.56667
-0.0214655,-0.196501,0.0287221;-1.57049,-0.0211975,-1.56219
-0.0256356,-0.200138,0.0337613;-1.60357,0.032836,-1.52001
-0.0298292,-0.205108,0.038486;-1.6423,0.0781214,-1.49739
-0.0277408,-0.207687,0.0387115;-1.6837,0.0722881,-1.51455
-0.0228949,-0.207926,0.032867;-1.64933,-0.0219443,-1.56527
-0.0215225,-0.209115,0.0288948;-1.58362,-0.0493026,-1.56888
-0.0216944,-0.209384,0.028649;-1.57048,-0.0359013,-1.5663
-0.0254555,-0.21159,0.0315678;-1.59263,0.0491893,-1.53935
-0.0295729,-0.212959,0.0345475;-1.59241,0.0473438,-1.51331
-0.0308741,-0.209756,0.0381233;-1.66052,0.043007,-1.50667
-0.0269286,-0.211204,0.033102;-1.65084,-0.0408212,-1.56188
-0.0261692,-0.211742,0.0293253;-1.57464,-0.0537716,-1.5749
-0.0259133,-0.21271,0.0286418;-1.57083,-0.0384338,-1.56703
-0.0284582,-0.215819,0.0320916;-1.58586,0.0523351,-1.52975
-0.0329304,-0.225092,0.0358256;-1.58217,0.0892299,-1.50511
-0.0362247,-0.226531,0.0383629;-1.54614,0.115434,-1.48924
-0.0302043,-0.218186,0.0358719;-1.6717,-0.00481229,-1.54229
-0.0293816,-0.220242,0.0288238;-1.57257,-0.0519077,-1.56737
-0.0286017,-0.219772,0.0285975;-1.5712,-0.0731202,-1.57027
-0.0299422,-0.219326,0.029867;-1.60212,-0.0203273,-1.56644
-0.0309247,-0.217046,0.0347117;-1.6456,0.000350446,-1.53504
-0.0326891,-0.212533,0.0405424;-1.70394,0.0204225,-1.49911
-0.0293463,-0.213898,0.0413406;-1.76784,-0.0168677,-1.53788
-0.02832,-0.215903,0.0351022;-1.69201,-0.0337705,-1.56784
-0.0273119,-0.217256,0.030033;-1.60934,-0.0465305,-1.57497
-0.029048,-0.220147,0.0294688;-1.59949,0.00192326,-1.57125
-0.0311441,-0.223502,0.032177;-1.62098,0.0504563,-1.55022
-0.0336793,-0.224737,0.0371229;-1.64564,0.0618901,-1.51848
-0.0281279,-0.21569,0.0426517;-1.78882,-0.00525307,-1.53868
-0.0265438,-0.217775,0.0383954;-1.7445,-0.0478808,-1.56772
-0.0252387,-0.220033,0.032682;-1.65747,-0.077024,-1.57762
-0.0292671,-0.227957,0.0292916;-1.59677,0.00497656,-1.5748
-0.0327335,-0.235677,0.0309117;-1.62016,0.0784571,-1.57061
-0.0376849,-0.245982,0.03606;-1.5949,0.155201,-1.55773
-0.0378706,-0.242572,0.0459583;-1.64519,0.102842,-1.56728
-0.0333423,-0.227443,0.0418066;-1.79524,0.00975505,-1.56235
-0.0277928,-0.219658,0.0388497;-1.76634,-0.0644617,-1.57836
-0.0259149,-0.222094,0.0306116;-1.60805,-0.0898197,-1.59076
-0.0287004,-0.226521,0.0319885;-1.63231,-0.0378697,-1.58689
-0.0302602,-0.227167,0.0353654;-1.68893,-0.00961152,-1.56672
-0.0306445,-0.22564,0.0459506;-1.74735,0.0342709,-1.55421
-0.0282149,-0.222148,0.0454411;-1.87762,-0.00203931,-1.55436
-0.0269008,-0.224967,0.042296;-1.82282,-0.0186467,-1.57733
-0.0290624,-0.24006,0.0322354;-1.58116,0.0200132,-1.61809
-0.0301049,-0.24284,0.0318632;-1.57237,0.039771,-1.6169
-0.0318823,-0.244664,0.0358839;-1.54979,0.0502144,-1.59931
-0.0336904,-0.240005,0.050616;-1.55305,0.0573348,-1.56411
-0.031312,-0.235418,0.051847;-1.66011,-0.010169,-1.56816
-0.0263228,-0.224093,0.0399739;-1.7936,-0.0808973,-1.57895
-0.0249006,-0.22769,0.0331054;-1.65633,-0.125106,-1.59281
-0.0273688,-0.232678,0.0334296;-1.65972,-0.0735728,-1.59186
-0.0311775,-0.239307,0.0348646;-1.68504,-0.000734121,-1.58247
-0.0393784,-0.253822,0.0457149;-1.60411,0.112869,-1.55979
-0.0385643,-0.251544,0.0475918;-1.66345,0.0523988,-1.57148
-0.0358442,-0.239181,0.0437345;-1.80505,-0.0176177,-1.5699
-0.031805,-0.235697,0.0352149;-1.70681,-0.0518044,-1.58063
-0.0317627,-0.238823,0.0309652;-1.62104,-0.0485463,-1.58257
-0.0335393,-0.240475,0.0324933;-1.65641,-0.0120834,-1.57355
-0.0360314,-0.238711,0.0403844;-1.7368,0.0516246,-1.52493
-0.0341145,-0.236402,0.0435283;-1.81737,0.0551699,-1.52861
-0.0329013,-0.236046,0.0444421;-1.86058,0.023507,-1.54987
-0.0289051,-0.232694,0.0385188;-1.76746,-0.0598204,-1.58197
-0.0285822,-0.234744,0.0350165;-1.70329,-0.0568911,-1.5821
-0.0301425,-0.238897,0.0332991;-1.67013,-0.0209547,-1.57766
-0.0301425,-0.238897,0.0332991;-1.67013,-0.0209547,-1.57766
-0.032595,-0.242429,0.034553;-1.69293,0.0291327,-1.56937
-0.032595,-0.242429,0.034553;-1.69293,0.0291327,-1.56937
