0,0,0.11;-1.57,-2.98023e-08,-1.57
0,0,0.11;-1.57,-2.98023e-08,-1.57
0,0,0.11;-1.57,-2.98023e-08,-1.57
-5.00413e-05,0.00462487,0.0286276;-1.56826,-0.135046,-1.57012
-0.000672449,0.00423198,0.028969;-1.56003,-0.169011,-1.56058
-0.00142628,0.00439873,0.0302911;-1.55838,-0.174122,-1.53805
-0.00137891,0.00373592,0.0317423;-1.58286,-0.146442,-1.52924
-5.43087e-05,0.0020408,0.0296597;-1.57896,-0.121475,-1.59711
-0.00103328,-0.00341416,0.0317721;-1.57948,-0.0833927,-1.61797
-0.00200247,-0.0070016,0.0304988;-1.57082,-0.0581452,-1.6037
-0.00237638,-0.0051217,0.0290407;-1.56612,-0.0819384,-1.58801
-0.00413948,-0.0019326,0.02924;-1.57446,-0.118652,-1.57008
-0.00570093,0.0024614,0.0337178;-1.62743,-0.106589,-1.53884
-0.0022487,0.00585765,0.0320276;-1.63712,-0.114528,-1.57362
-0.00145074,0.00432266,0.0290914;-1.59082,-0.113889,-1.57795
-0.00128467,0.00293893,0.0287282;-1.56918,-0.0862469,-1.57617
-0.00124993,0.00301359,0.0286241;-1.57083,-0.0939561,-1.57281
-0.00157218,0.00323885,0.0296313;-1.57682,-0.0883553,-1.55054
-0.00302463,0.00367089,0.0329282;-1.58038,-0.0809369,-1.51103
-0.0026589,0.00213054,0.0324668;-1.56513,-0.110859,-1.51143
0.0019647,0.000933454,0.0296921;-1.58245,-0.107014,-1.55927
0.00312712,0.000607848,0.0291416;-1.59074,-0.107862,-1.58019
0.0028088,-0.000408337,0.0289952;-1.58021,-0.0821036,-1.58197
0.00250276,-0.000533633,0.0286914;-1.5749,-0.0735555,-1.56907
0.00182312,-0.000742698,0.030277;-1.56446,-0.0707985,-1.53878
0.00117123,-0.00181055,0.0319015;-1.57235,-0.0776907,-1.51651
0.00293149,-0.00453523,0.0289438;-1.55688,-0.071767,-1.56623
0.00390464,-0.00783228,0.0313934;-1.5608,-0.0429835,-1.60989
0.00390083,-0.00821131,0.0309071;-1.55987,-0.0505338,-1.60549
0.00374567,-0.00575042,0.0290461;-1.56616,-0.071968,-1.58826
0.00207082,-0.00269688,0.0313829;-1.55392,-0.0985549,-1.52939
0.00186176,0.000648656,0.0340024;-1.56529,-0.0730828,-1.49089
0.00396688,-0.000129779,0.0323367;-1.54559,-0.0871743,-1.51797
0.00446291,-0.00204302,0.0288374;-1.57356,-0.108982,-1.58062
0.00460148,-0.00191073,0.0290526;-1.58262,-0.111921,-1.58295
0.0046826,-0.0021947,0.029353;-1.58836,-0.105612,-1.58558
0.00318031,-0.00248616,0.029458;-1.5849,-0.0561453,-1.55794
0.000492266,-0.00291566,0.0325387;-1.56175,-0.0181429,-1.52229
0.000717628,-0.00488525,0.0343123;-1.51585,-0.0105774,-1.52104
0.00821978,-0.00835693,0.0303973;-1.5282,0.0174053,-1.58111
0.00869979,-0.00710453,0.0304607;-1.54121,0.0111419,-1.59414
0.00688198,-0.00428699,0.0306633;-1.54809,-0.0221113,-1.59842
0.00447653,0.00194082,0.0289581;-1.57566,-0.0998943,-1.58433
0.00318884,0.00264814,0.0318365;-1.61385,-0.0845762,-1.55242
0.000636619,0.00581371,0.0352093;-1.63071,-0.0569091,-1.51362
0.000937702,0.00384502,0.0288649;-1.58105,-0.0171098,-1.57445
-3.66946e-06,0.00203356,0.0288781;-1.57372,0.0190952,-1.58208
-0.000220332,0.00105144,0.0290581;-1.57816,0.0364567,-1.58601
-0.000591799,-0.000716668,0.0287864;-1.57102,0.0499861,-1.58026
-0.00139398,-0.000893458,0.0300129;-1.57735,0.0487768,-1.55263
-0.00296555,-0.000242813,0.0337011;-1.60554,0.0544971,-1.51161
0.00163082,0.000927397,0.0286467;-1.56772,-0.00880315,-1.57061
0.00175563,0.000935931,0.0286421;-1.57037,0.00582636,-1.57378
0.00176771,0.00103104,0.0286411;-1.57032,0.00902582,-1.57353
0.00203278,-0.000818692,0.0287709;-1.56169,0.0548607,-1.57136
0.00167332,-0.00399822,0.0297587;-1.56077,0.0732149,-1.56247
-0.000185212,-0.0120105,0.0340814;-1.5402,0.0815584,-1.54155
0.00687429,-0.0238474,0.0350495;-1.52911,0.0722487,-1.63151
0.00841722,-0.0166907,0.0331687;-1.569,0.0402255,-1.64194
0.00846565,-0.0123801,0.033699;-1.56606,0.0166461,-1.63345
0.00664715,-0.00993366,0.0288767;-1.56437,-0.0129089,-1.57841
0.00656158,-0.00942121,0.0288318;-1.57056,-0.00649355,-1.55773
0.00579997,-0.0081358,0.0316979;-1.57283,0.00776463,-1.51995
0.00671037,-0.00511361,0.0322223;-1.55857,0.00207499,-1.51858
0.00734694,-0.00729196,0.0288325;-1.57102,-0.0257247,-1.55871
0.00701979,-0.00739648,0.0286562;-1.57076,-0.0305158,-1.57442
0.00697141,-0.0124687,0.0289785;-1.56999,0.0397454,-1.58368
0.00847745,-0.0156728,0.0291538;-1.56097,0.0955493,-1.58953
0.00996549,-0.01976,0.0315138;-1.50928,0.131525,-1.58105
0.00763359,-0.0226737,0.0402965;-1.36828,0.0979571,-1.5829
0.00818477,-0.0242925,0.0412833;-1.36263,0.0459719,-1.60494
0.00958543,-0.0207333,0.038759;-1.4166,0.0353558,-1.61692
0.0120773,-0.00948556,0.033038;-1.54846,-0.0081738,-1.62797
0.010907,-0.00514811,0.0290656;-1.55525,-0.0412235,-1.57767
0.00944003,-0.00571677,0.0326042;-1.4962,-0.0411528,-1.55836
-0.00469451,-0.00529919,0.0394404;-1.50639,-0.016152,-1.47649
-0.00118907,-0.0103064,0.0391778;-1.46471,-0.0219377,-1.51465
-0.00109164,-0.0166153,0.0381166;-1.40815,-0.0261452,-1.55793
-0.00071934,-0.020429,0.0313997;-1.51704,-0.0153175,-1.58427
-0.00168462,-0.0203452,0.0304576;-1.53188,-0.00351674,-1.56162
-0.0024897,-0.0201763,0.0331835;-1.52406,0.0113669,-1.53235
-0.0102393,-0.0209153,0.0392774;-1.52841,0.0957552,-1.45935
-0.00857269,-0.0256201,0.0383408;-1.54177,0.0616321,-1.46571
-0.00584723,-0.0288447,0.0335884;-1.55389,0.0365203,-1.50768
-0.00598796,-0.0315938,0.0286917;-1.57094,0.0263894,-1.56538
-0.005767,-0.0309489,0.028892;-1.56736,0.0416471,-1.55872
-0.00574588,-0.0293973,0.0312919;-1.56439,0.0526649,-1.52959
-0.0129107,-0.0221504,0.0383367;-1.55231,0.0588609,-1.45735
-0.0126664,-0.0213881,0.0370497;-1.54198,-0.0319582,-1.4713
-0.013108,-0.0220811,0.0343558;-1.53891,-0.064142,-1.50402
-0.0139973,-0.0250993,0.0288526;-1.56084,-0.134867,-1.5661
-0.0136897,-0.0242751,0.0289936;-1.56116,-0.129342,-1.55913
-0.013151,-0.0234259,0.029222;-1.56128,-0.131165,-1.55265
-0.0139717,-0.0182835,0.0372958;-1.62142,-0.0977191,-1.49716
-0.0123957,-0.0120367,0.0368585;-1.58408,-0.0889583,-1.48051
-0.0113536,-0.0101684,0.0356085;-1.56269,-0.0820426,-1.47405
-0.00799288,-0.0184373,0.0289007;-1.56717,-0.0866176,-1.55784
-0.0078324,-0.0190953,0.0289393;-1.55343,-0.0910376,-1.56937
-0.00903129,-0.0185602,0.0301982;-1.53676,-0.108861,-1.55771
-0.0116059,-0.0166696,0.033074;-1.5154,-0.115752,-1.52517
-0.0233135,-0.0051898,0.0403485;-1.48351,-0.132831,-1.46261
-0.0275783,0.00348611,0.0404946;-1.47533,-0.174453,-1.46449
-0.027182,0.0116228,0.0400693;-1.4637,-0.18996,-1.4747
-0.0155892,0.00983408,0.0387231;-1.37384,-0.188781,-1.53069
-0.0152354,0.0114961,0.0381535;-1.39917,-0.179323,-1.5435
-0.0155405,0.00807052,0.0405876;-1.38148,-0.134906,-1.54451
-0.0253009,-0.00194497,0.0507482;-1.43677,-0.0603763,-1.5222
-0.0252479,-0.000640547,0.0515061;-1.4358,-0.0313566,-1.52192
-0.0185855,0.00222036,0.0477384;-1.4046,-0.0342415,-1.51808
-0.00942068,-0.00945835,0.0407475;-1.34931,-0.0660773,-1.53156
-0.00961671,-0.00845398,0.0372649;-1.40405,-0.0876033,-1.53867
-0.0123317,-0.00614907,0.036242;-1.46192,-0.0970305,-1.51334
-0.0221012,0.00288665,0.0404627;-1.52258,-0.0995552,-1.45997
-0.025503,0.00818712,0.0428855;-1.5646,-0.102611,-1.46348
-0.0209042,0.010607,0.0433277;-1.59322,-0.094075,-1.4714
-0.00296121,0.0021052,0.0319983;-1.63783,-0.0328249,-1.57292
-0.00233324,0.000353565,0.0298166;-1.59462,-0.0347567,-1.57195
-0.00554231,0.00367503,0.0327787;-1.56575,-0.0245601,-1.53468
-0.0194895,0.00897422,0.0385708;-1.52944,-0.0664187,-1.46316
-0.0238283,0.0131465,0.0415796;-1.57472,-0.0956616,-1.46548
-0.0218827,0.0142672,0.0423967;-1.66213,-0.126776,-1.48592
-0.0147681,0.009301,0.0354107;-1.67423,-0.102902,-1.5513
-0.0148533,0.00374096,0.0288773;-1.58526,-0.0495381,-1.57208
-0.0153274,0.00379437,0.0293912;-1.57249,-0.00811183,-1.55359
-0.018591,0.00246968,0.0350205;-1.57316,0.0663597,-1.47875
-0.0227636,0.000956489,0.0382554;-1.54756,0.082832,-1.45408
-0.0235982,0.000254273,0.0391474;-1.52321,0.0649795,-1.4539
-0.00782876,0.000936935,0.035311;-1.48418,0.0138027,-1.52943
-0.00847687,-0.00222358,0.03225;-1.51635,-0.0215324,-1.57677
-0.00999476,-0.00379702,0.0311042;-1.55674,-0.0226339,-1.60653
-0.0136878,-0.00559694,0.0325471;-1.51698,-0.0320531,-1.55822
-0.0198902,-0.00849222,0.0347193;-1.52118,-0.00847862,-1.50732
-0.021183,-0.00999472,0.0351729;-1.52553,-0.0149815,-1.49545
-0.0155586,-0.00810053,0.028746;-1.57077,0.0173217,-1.56265
-0.0155954,-0.00813016,0.0286085;-1.57136,0.0176929,-1.57173
-0.0155877,-0.00812496,0.0285801;-1.57079,0.0125843,-1.57081
-0.0157075,-0.00852942,0.028789;-1.56998,-0.00612698,-1.56148
-0.0175578,-0.00911305,0.030804;-1.54798,-0.0244166,-1.53954
-0.0192773,-0.00782143,0.0349334;-1.51872,-0.0137657,-1.5085
-0.0172893,-0.00675836,0.0320303;-1.49162,-0.0424015,-1.56851
-0.0182725,-0.00587438,0.0291596;-1.5586,-0.0500423,-1.58574
-0.0190186,-0.00516748,0.0289904;-1.56091,-0.0638128,-1.57989
-0.0174848,-0.00536198,0.029887;-1.55484,-0.0426757,-1.58749
-0.0167905,-0.00873633,0.0306055;-1.53493,-0.00410233,-1.57561
-0.0186754,-0.00920398,0.032786;-1.55294,0.00554597,-1.52652
-0.0180491,-0.0132784,0.0290885;-1.55194,-0.00995304,-1.56163
-0.0185669,-0.0132147,0.0287374;-1.56293,-0.0277587,-1.57101
-0.0190259,-0.012512,0.0289055;-1.56004,-0.0461044,-1.57498
-0.0210947,-0.0104823,0.0289822;-1.55551,-0.108917,-1.57302
-0.0217553,-0.0102588,0.0292138;-1.54194,-0.122886,-1.56302
-0.0227398,-0.0102484,0.0312688;-1.5507,-0.119206,-1.53923
-0.0179661,-0.0144163,0.0295856;-1.57369,-0.104233,-1.57145
-0.0170927,-0.0147258,0.0291996;-1.57381,-0.104975,-1.58863
-0.0173186,-0.0129932,0.0295067;-1.58105,-0.122421,-1.59027
-0.0177247,-0.0116993,0.0287614;-1.57058,-0.159089,-1.57937
-0.0174222,-0.0116464,0.0287886;-1.56067,-0.147844,-1.56917
-0.0178279,-0.0110629,0.0309432;-1.53184,-0.142475,-1.56077
-0.0219169,-0.0109724,0.0347909;-1.45892,-0.190988,-1.53502
-0.0215548,-0.00943648,0.0347522;-1.43933,-0.19285,-1.54751
-0.0219026,-0.0100691,0.0348619;-1.44434,-0.177095,-1.55315
-0.022085,-0.0103234,0.031543;-1.50109,-0.171228,-1.56665
-0.022011,-0.00985317,0.0296049;-1.54671,-0.167278,-1.57539
-0.0223858,-0.0100006,0.0293839;-1.57952,-0.16445,-1.58647
-0.0225445,-0.00946506,0.0307236;-1.61233,-0.173946,-1.5887
-0.0197446,-0.0113176,0.0336826;-1.64465,-0.14738,-1.61156
-0.0171476,-0.0137664,0.0355992;-1.63713,-0.11815,-1.63772
-0.0180538,-0.0108355,0.0372624;-1.59865,-0.125488,-1.67341
-0.0206879,-0.00583564,0.0364566;-1.58018,-0.168552,-1.66245
-0.0237341,-0.00159344,0.034411;-1.57016,-0.199787,-1.6417
-0.0287096,-0.000763608,0.0373013;-1.4235,-0.238928,-1.55396
-0.02896,-0.0059316,0.0393457;-1.41467,-0.221369,-1.55578
-0.0295281,-0.00719543,0.0401129;-1.37862,-0.23966,-1.55469
-0.0296725,-0.005754,0.039805;-1.42394,-0.26093,-1.60044
-0.0325623,-0.00464402,0.0396725;-1.4399,-0.288545,-1.60699
-0.0362215,-0.00152043,0.0369348;-1.4988,-0.315869,-1.62315
-0.0391627,0.000250805,0.0387839;-1.39062,-0.35457,-1.52843
-0.0390112,0.000257534,0.0415869;-1.33965,-0.349528,-1.50973
-0.0377551,0.000728746,0.041871;-1.34802,-0.349044,-1.52908
-0.0331459,0.0096678,0.0421867;-1.41079,-0.380382,-1.6051
-0.0323987,0.0128113,0.0389159;-1.50425,-0.370924,-1.65631
-0.0329222,0.0134133,0.0384686;-1.52912,-0.382385,-1.67
-0.0329222,0.0134133,0.0384686;-1.52912,-0.382385,-1.67
-0.0320314,0.0109571,0.0406771;-1.45281,-0.361224,-1.62052
-0.0320314,0.0109571,0.0406771;-1.45281,-0.361224,-1.62052
