0,0,0.11;-1.57,-2.98023e-08,-1.57
0,0,0.11;-1.57,-2.98023e-08,-1.57
0,0,0.11;-1.57,-2.98023e-08,-1.57
0.000497273,0.00952484,0.0286264;-1.56865,-0.14266,-1.57013
0.000634254,0.00979682,0.0286688;-1.57079,-0.105413,-1.5665
-0.00107945,0.00582335,0.0300374;-1.57344,-0.0445231,-1.55239
-0.00135567,-0.0245166,0.0352032;-1.48426,0.0124578,-1.56409
0.00568279,-0.00949602,0.029279;-1.60018,-0.0895523,-1.5784
0.0051869,-0.0102975,0.0288575;-1.57438,-0.0693073,-1.58054
0.00499666,-0.0106601,0.0287127;-1.57078,-0.0648747,-1.57714
0.0050703,-0.0113606,0.0287524;-1.57093,-0.0191492,-1.56233
0.00293049,-0.0163616,0.0306854;-1.57871,0.0340013,-1.5452
0.000185569,-0.0418227,0.0367328;-1.48679,0.136847,-1.54608
0.000446481,-0.0509114,0.0338454;-1.48365,0.0907545,-1.56308
0.00197899,-0.0425241,0.0286262;-1.57522,0.0456122,-1.56406
0.00201089,-0.042574,0.0287074;-1.56588,0.0365706,-1.57218
0.00160211,-0.0441451,0.0291991;-1.5983,0.0973123,-1.57098
-0.00187939,-0.0479233,0.0313962;-1.62349,0.145184,-1.56279
-0.00676912,-0.0602962,0.0379871;-1.65397,0.224195,-1.5454
-0.0101384,-0.0798139,0.037885;-1.42607,0.232369,-1.57363
-0.00835783,-0.0755408,0.0336767;-1.47477,0.18579,-1.57844
-0.00668404,-0.0710816,0.0286097;-1.57044,0.150475,-1.56795
-0.00627797,-0.070796,0.0285794;-1.57074,0.173977,-1.57087
-0.00609583,-0.0704359,0.0287999;-1.57115,0.224453,-1.55984
-0.010116,-0.0764511,0.0316748;-1.60725,0.275161,-1.54682
-0.0151024,-0.0907738,0.0373095;-1.58857,0.315905,-1.55895
-0.0114236,-0.0914748,0.0311849;-1.61378,0.260681,-1.5724
-0.00791308,-0.0876648,0.0287083;-1.57047,0.214898,-1.57714
-0.0080782,-0.0889201,0.0288046;-1.56192,0.246369,-1.57507
-0.00796729,-0.0888178,0.0285831;-1.57081,0.266939,-1.5707
-0.0167711,-0.103598,0.0328806;-1.55944,0.392274,-1.54348
-0.0250192,-0.12804,0.0401322;-1.40813,0.463805,-1.60358
-0.0263533,-0.132859,0.035999;-1.4226,0.415028,-1.61154
-0.0204315,-0.1256,0.0288661;-1.58039,0.394581,-1.57194
-0.0215504,-0.127421,0.0289898;-1.57908,0.431807,-1.57937
-0.0231719,-0.128729,0.0288722;-1.57572,0.457476,-1.57806
-0.0301111,-0.131911,0.0309381;-1.59921,0.538935,-1.54184
-0.0422332,-0.149785,0.0358847;-1.48769,0.636312,-1.58401
-0.050597,-0.16597,0.0388721;-1.38712,0.636025,-1.65118
-0.0438775,-0.156851,0.0285708;-1.57059,0.541191,-1.56956
-0.0437018,-0.157028,0.0288515;-1.55695,0.5464,-1.579
-0.0437351,-0.157619,0.0287151;-1.56875,0.563944,-1.57664
-0.0466549,-0.159145,0.0311846;-1.64234,0.627579,-1.53293
-0.0526655,-0.163496,0.0387184;-1.80699,0.688756,-1.43235
-0.0596588,-0.171005,0.0470614;-1.71949,0.757297,-1.48205
-0.0528862,-0.167463,0.0292401;-1.6014,0.631062,-1.55596
-0.0516734,-0.166872,0.0285648;-1.57094,0.598089,-1.57003
-0.051761,-0.167848,0.0287812;-1.56002,0.62376,-1.57799
-0.0516572,-0.168756,0.0287932;-1.57223,0.708893,-1.56037
-0.0581265,-0.172605,0.0312354;-1.59388,0.766723,-1.53247
-0.0735395,-0.187629,0.03977;-1.4916,0.84628,-1.60957
-0.0640105,-0.191179,0.0294967;-1.60887,0.730627,-1.55076
-0.0592494,-0.190241,0.0300397;-1.62289,0.693727,-1.5421
-0.0618682,-0.191827,0.0294939;-1.59274,0.725041,-1.5715
-0.0719328,-0.193796,0.0296481;-1.61672,0.831561,-1.53948
-0.0775873,-0.194392,0.0328543;-1.65859,0.87889,-1.49015
-0.0941413,-0.207654,0.0379368;-1.45108,0.981498,-1.63552
-0.0979577,-0.21267,0.0288003;-1.56407,0.888601,-1.56963
-0.0949192,-0.21185,0.029071;-1.60485,0.858128,-1.54685
-0.0958651,-0.212785,0.029001;-1.58475,0.887792,-1.57148
-0.103473,-0.216399,0.0327768;-1.71457,0.974806,-1.46418
-0.106426,-0.21628,0.0383627;-1.92792,1.00651,-1.2795
-0.113231,-0.218103,0.0432896;-2.03627,1.06772,-1.18576
-0.108789,-0.213663,0.0396686;-1.99499,1.03369,-1.21066
-0.107518,-0.215717,0.0333115;-1.7586,1.01165,-1.4147
-0.106672,-0.21758,0.0286084;-1.56854,0.968916,-1.5755
-0.107482,-0.217886,0.0286256;-1.57126,1.00443,-1.57265
-0.109721,-0.217466,0.0297349;-1.63665,1.05415,-1.51527
-0.118892,-0.219419,0.0359382;-1.87541,1.09917,-1.30592
-0.136989,-0.229192,0.0468275;-1.74522,1.17969,-1.42656
-0.130917,-0.232737,0.041764;-1.8857,1.11887,-1.31078
-0.121418,-0.233705,0.0362258;-1.89273,1.04816,-1.29476
-0.130058,-0.232491,0.0303304;-1.59194,1.12494,-1.57961
-0.134151,-0.232225,0.0291926;-1.62857,1.18286,-1.52516
-0.136644,-0.230384,0.030268;-1.66439,1.20923,-1.48204
-0.165909,-0.237423,0.043135;-1.2538,1.35096,-1.85451
-0.173144,-0.242347,0.0415487;-1.28468,1.28371,-1.84504
-0.159254,-0.245811,0.029919;-1.68136,1.24423,-1.4714
-0.159693,-0.248451,0.0300277;-1.63827,1.25364,-1.52712
-0.170634,-0.248363,0.0330695;-1.72585,1.34223,-1.47081
-0.169711,-0.248507,0.0360257;-2.18234,1.31658,-0.990153
-0.179266,-0.245874,0.0454665;-2.70052,1.40141,-0.464104
-0.189164,-0.249489,0.0449306;-1.93626,1.43524,-1.21721
-0.184726,-0.249557,0.0290724;-1.67175,1.36988,-1.47571
-0.184383,-0.250313,0.0287226;-1.57047,1.36503,-1.57773
-0.18755,-0.250003,0.0288624;-1.62384,1.4507,-1.52496
-0.189742,-0.249048,0.0315384;-2.20739,1.46194,-0.943104
-0.205496,-0.246595,0.0467817;2.73726,1.40328,0.381615
-0.211038,-0.2493,0.0483951;3.10377,1.43675,0.00825523
-0.201423,-0.253243,0.0373623;-2.80455,1.38205,-0.348594
-0.2045,-0.251798,0.0291317;-1.7803,1.50856,-1.37296
-0.208592,-0.249286,0.0290874;2.19636,1.54458,0.936415
-0.209249,-0.248359,0.0290554;2.11299,1.5282,1.02768
-0.233377,-0.24182,0.0400639;1.60166,1.39154,1.5542
-0.244202,-0.242653,0.0402141;1.24583,1.43283,1.89109
-0.237883,-0.245704,0.0342431;1.93957,1.44443,1.19627
-0.23234,-0.252167,0.0312793;2.34687,1.48701,0.786844
-0.244778,-0.245028,0.0368351;1.6969,1.40594,1.35408
-0.242798,-0.244817,0.0349731;2.08345,1.35996,1.04208
-0.241082,-0.242733,0.0366171;2.22523,1.30947,0.92586
-0.260029,-0.235624,0.0424704;1.60036,1.26675,1.55953
-0.267471,-0.235258,0.0352168;1.19903,1.31497,1.93959
-0.263005,-0.237188,0.028857;1.64163,1.38079,1.50074
-0.26458,-0.236684,0.0290654;1.61681,1.33907,1.51315
-0.268593,-0.234764,0.029583;1.66633,1.29293,1.46603
-0.269705,-0.233168,0.034839;1.94944,1.22908,1.20407
-0.278943,-0.225777,0.0472294;1.96328,1.07552,1.19387
-0.280239,-0.226295,0.0472656;1.9815,1.13548,1.16982
-0.274533,-0.231078,0.0355408;1.99493,1.21653,1.16467
-0.275952,-0.231816,0.0287408;1.57325,1.26055,1.56146
-0.278133,-0.231134,0.0285835;1.57216,1.17877,1.56891
-0.278522,-0.229802,0.0291182;1.63063,1.14937,1.51485
-0.29665,-0.217548,0.0442821;1.72096,0.999059,1.43336
-0.304936,-0.216804,0.0449358;1.68959,1.05835,1.44898
-0.301582,-0.226343,0.0345752;1.84871,1.10107,1.31419
-0.304035,-0.224316,0.0336319;1.64014,1.10574,1.45249
-0.307457,-0.214839,0.0350358;1.63106,1.03485,1.44736
-0.307306,-0.21362,0.0317889;1.71044,1.01916,1.44834
-0.315041,-0.202234,0.0390873;1.68674,0.894314,1.49181
-0.329453,-0.193271,0.0396793;1.43945,0.907869,1.69464
-0.328822,-0.195989,0.0315237;1.47951,0.966609,1.64908
-0.326312,-0.200775,0.0290628;1.59265,0.985463,1.54134
-0.330067,-0.196303,0.0296094;1.59392,0.925733,1.53376
-0.33386,-0.193159,0.0305953;1.62683,0.881503,1.50592
-0.333997,-0.189098,0.0409498;1.87882,0.757519,1.33577
-0.337263,-0.183712,0.0470328;1.7964,0.711017,1.40541
-0.341237,-0.181563,0.0442368;1.70034,0.769355,1.47506
-0.33737,-0.188038,0.0285679;1.57176,0.878313,1.57085
-0.337853,-0.187805,0.0286906;1.57055,0.855245,1.56574
-0.339778,-0.186132,0.0287269;1.56788,0.793499,1.56753
-0.341375,-0.180304,0.034702;1.72553,0.702336,1.46349
-0.34678,-0.170955,0.0425871;1.77851,0.612269,1.43165
-0.354524,-0.163839,0.0470928;1.6905,0.619903,1.48405
-0.35424,-0.177263,0.0363607;1.78673,0.727301,1.41987
-0.354746,-0.17502,0.0312009;1.63874,0.736506,1.51076
-0.355376,-0.171231,0.0290601;1.58543,0.697872,1.54961
-0.354931,-0.167257,0.0291013;1.59205,0.615455,1.56623
-0.358454,-0.15678,0.0336917;1.63627,0.550149,1.5538
-0.368954,-0.139355,0.0426402;1.52345,0.468476,1.61217
-0.374582,-0.146831,0.0302928;1.62324,0.581247,1.53746
-0.375407,-0.149888,0.0308229;1.637,0.596965,1.52815
-0.377696,-0.144698,0.0305813;1.60108,0.555049,1.52847
-0.3769,-0.137446,0.0355483;1.72856,0.464597,1.49297
-0.374856,-0.135373,0.0391994;1.79165,0.409429,1.47085
-0.378036,-0.125934,0.0425621;1.70968,0.333477,1.51769
-0.383369,-0.120367,0.0287974;1.58478,0.453965,1.56413
-0.383667,-0.121223,0.0285808;1.57113,0.4765,1.57051
-0.384201,-0.120387,0.0287321;1.57073,0.442427,1.56376
-0.384178,-0.115912,0.0313257;1.63992,0.352385,1.54136
-0.383346,-0.111826,0.0380563;1.7578,0.282941,1.50676
-0.384898,-0.101288,0.0447881;1.75006,0.200643,1.50836
-0.385697,-0.109457,0.0377755;1.76881,0.305111,1.50374
-0.387614,-0.110901,0.0334497;1.68096,0.354885,1.52725
-0.38748,-0.108452,0.02899;1.58083,0.345593,1.55725
-0.386947,-0.105506,0.0285825;1.5711,0.269084,1.571
-0.385848,-0.103581,0.0296868;1.59074,0.233642,1.57276
-0.385901,-0.0886533,0.036636;1.64467,0.160829,1.56633
-0.393427,-0.0738738,0.0406416;1.59662,0.17512,1.55311
-0.398001,-0.0840518,0.0330371;1.66973,0.226398,1.54345
-0.399713,-0.0847861,0.0324901;1.6574,0.23259,1.54364
-0.39378,-0.0722657,0.0344721;1.60232,0.129509,1.50167
-0.393127,-0.0733478,0.0328901;1.66571,0.123172,1.55588
-0.389992,-0.0726899,0.0356706;1.69895,0.0814238,1.55808
-0.391583,-0.0419328,0.0390696;1.46953,0.0120584,1.59702
-0.392597,-0.0426932,0.0311545;1.52493,0.0643329,1.57866
-0.394239,-0.0487561,0.0291527;1.59699,0.100544,1.56607
-0.393283,-0.0435067,0.0292196;1.58794,0.0260519,1.55599
-0.392613,-0.0398004,0.0312439;1.61924,-0.0104393,1.5548
-0.391524,-0.0385841,0.0369281;1.73548,-0.056159,1.57225
-0.387334,-0.0282987,0.0472667;1.74419,-0.176285,1.58289
-0.388486,-0.0261574,0.0446235;1.69909,-0.112463,1.57178
-0.391406,-0.0313312,0.0318545;1.64429,-0.0421035,1.57091
-0.39271,-0.0311606,0.028675;1.57057,-0.0346106,1.56621
-0.392636,-0.0285669,0.0286417;1.57078,-0.113979,1.56791
-0.391324,-0.0273253,0.0297761;1.60533,-0.144235,1.57416
-0.384198,-0.00811534,0.0447724;1.68713,-0.297331,1.58765
-0.387258,0.00046685,0.0448762;1.6649,-0.238961,1.56853
-0.395369,-0.00498017,0.0357767;1.71818,-0.177618,1.58897
-0.393645,-0.00447684,0.0318438;1.59707,-0.165889,1.53742
-0.38653,0.00194008,0.0303897;1.59171,-0.247966,1.55423
-0.384014,0.002723,0.0308291;1.62573,-0.278061,1.58246
-0.384014,0.002723,0.0308291;1.62573,-0.278061,1.58246
-0.379962,0.00480941,0.0337247;1.65244,-0.323361,1.60393
-0.379962,0.00480941,0.0337247;1.65244,-0.323361,1.60393
