0,0,0.11;-1.57,-2.98023e-08,-1.57
0,0,0.11;-1.57,-2.98023e-08,-1.57
0,0,0.11;-1.57,-2.98023e-08,-1.57
-0.00109374,-0.000378568,0.0289071;-1.57622,-0.16872,-1.58188
-0.000795541,-0.0012419,0.0285854;-1.57063,-0.137942,-1.56967
-0.00150961,-0.0018207,0.0299241;-1.57,-0.1093,-1.54617
-0.00197703,-0.00827976,0.0318537;-1.54533,-0.0758217,-1.53538
-0.00375615,-0.00463398,0.0298842;-1.56635,-0.201261,-1.59907
-0.00456084,-0.000149742,0.0307957;-1.56693,-0.252015,-1.60432
-0.00515128,0.00618744,0.0298688;-1.57299,-0.327164,-1.59626
-0.00492866,0.00215904,0.0285806;-1.5707,-0.224727,-1.57086
-0.00503699,0.00239682,0.0298569;-1.56649,-0.185089,-1.54683
-0.0063277,0.00237187,0.0325485;-1.55607,-0.169499,-1.50991
-0.00535629,0.000483247,0.0307853;-1.5638,-0.187071,-1.53439
-0.00516056,-0.0016793,0.0286796;-1.57091,-0.237042,-1.56607
-0.00507168,-0.00177175,0.0285857;-1.57091,-0.244996,-1.57103
-0.00518613,-0.00161374,0.0286884;-1.57077,-0.222573,-1.57595
-0.00391786,-0.00249214,0.029201;-1.55126,-0.163094,-1.56984
-0.00234148,-0.00230326,0.0328136;-1.50454,-0.0919413,-1.54851
-0.00150313,-0.00612908,0.0386707;-1.40402,-0.035989,-1.53883
0.00137162,-0.00720933,0.037548;-1.40903,-0.0549443,-1.5639
0.00316513,-0.00473309,0.0371643;-1.45708,-0.0681272,-1.60931
0.000402949,0.00799291,0.0341524;-1.54458,-0.174525,-1.64123
0.00221257,0.00806743,0.0355329;-1.48907,-0.15214,-1.6114
0.00352107,0.00350892,0.0398867;-1.38063,-0.112137,-1.57598
0.00408947,-0.00396494,0.0427438;-1.29926,-0.0629604,-1.54455
3.19679e-05,-0.00131523,0.0411963;-1.36146,-0.0956686,-1.55808
-0.00625925,0.0103392,0.0308274;-1.56594,-0.186214,-1.59839
-0.00683513,0.0114384,0.0299709;-1.56536,-0.187801,-1.59545
-0.00691838,0.0113877,0.0289386;-1.56949,-0.17522,-1.58696
-0.0054932,0.0110441,0.0331886;-1.52665,-0.0818012,-1.52582
-0.00798977,0.00924842,0.0361587;-1.52576,-0.0746307,-1.49493
-0.00761006,0.008879,0.0362594;-1.5612,-0.0865445,-1.50641
-0.00418347,0.00692894,0.0293176;-1.57845,-0.187165,-1.58659
-0.0057189,0.00897826,0.0294284;-1.56448,-0.217644,-1.58366
-0.00572683,0.00990325,0.0288736;-1.56769,-0.21081,-1.5813
-0.00531208,0.00819592,0.0308249;-1.53605,-0.167604,-1.55275
-0.00697928,0.00474089,0.0340797;-1.51013,-0.131234,-1.5208
-0.00679466,-0.00447747,0.0369072;-1.45574,-0.0852748,-1.52023
-0.00341663,-0.00531474,0.0341045;-1.62629,-0.104437,-1.54249
-0.00152432,-0.0024204,0.0344941;-1.66974,-0.164327,-1.58177
-0.00127,-0.00144719,0.0331278;-1.63974,-0.191293,-1.57579
-0.00689175,0.00138921,0.0363729;-1.63969,-0.125663,-1.51577
-0.00968682,0.00355042,0.0386069;-1.63513,-0.0962473,-1.49301
-0.0102457,-0.0028175,0.0436429;-1.58898,-0.0585036,-1.48789
0.00456438,-0.0166014,0.0330523;-1.60482,-0.128279,-1.54761
0.00843764,-0.0177814,0.0302858;-1.5802,-0.174093,-1.59187
0.0120708,-0.0165082,0.030668;-1.56983,-0.218078,-1.59902
0.0156028,-0.0182166,0.0348603;-1.50761,-0.206348,-1.60684
0.0110004,-0.0201392,0.0376779;-1.42524,-0.220904,-1.55571
0.0063526,-0.0184591,0.0376977;-1.4144,-0.202112,-1.51618
0.00915913,-0.0198561,0.0383455;-1.43365,-0.151382,-1.57093
0.014905,-0.0197883,0.0362129;-1.50264,-0.16344,-1.60905
0.0214479,-0.0130443,0.033622;-1.54931,-0.2093,-1.61926
0.0269073,-0.00212465,0.0338564;-1.51517,-0.263432,-1.58987
0.0243757,-0.00438493,0.0383871;-1.42037,-0.241985,-1.55456
0.0186091,-0.0132878,0.0427707;-1.31588,-0.199745,-1.52264
0.00715159,-0.0228245,0.0412174;-1.39311,-0.114054,-1.55331
0.00871942,-0.0265603,0.0402575;-1.45393,-0.154272,-1.59065
0.0121922,-0.0214316,0.0363226;-1.51021,-0.227709,-1.62037
0.0199108,0.000409265,0.0323177;-1.5498,-0.293847,-1.60085
0.0146038,0.00104088,0.0366946;-1.45739,-0.294107,-1.54528
0.00480511,-0.00092662,0.0385373;-1.44589,-0.279874,-1.49807
-0.00830889,0.00915269,0.038003;-1.54473,-0.275205,-1.474
-0.00753051,0.0139454,0.0383193;-1.66432,-0.324188,-1.51754
-0.0031158,0.0117234,0.0335895;-1.62863,-0.378847,-1.55381
0.00433939,0.0149112,0.0299574;-1.59798,-0.42367,-1.59332
0.00460036,0.0163973,0.0314182;-1.59767,-0.393459,-1.56612
0.00303314,0.0194108,0.0374008;-1.66996,-0.360857,-1.54808
-0.00388998,0.0253099,0.0427278;-1.7182,-0.326846,-1.51323
-0.00261005,0.0258153,0.0428824;-1.73328,-0.345471,-1.5288
-0.00182054,0.021238,0.0373482;-1.6826,-0.321663,-1.55028
0.000617131,0.0176738,0.0287494;-1.57865,-0.324427,-1.57276
7.87008e-05,0.0166436,0.0286784;-1.57069,-0.310805,-1.56611
-0.000143742,0.0166747,0.0295655;-1.56437,-0.320982,-1.5512
-0.00382405,0.0179808,0.035827;-1.60932,-0.300249,-1.49833
-0.00225605,0.0137345,0.0397665;-1.69539,-0.273811,-1.53525
-0.000411662,0.0106228,0.04067;-1.73751,-0.26245,-1.57218
0.00565077,0.013702,0.0407389;-1.81274,-0.267036,-1.64787
0.00785376,0.0146312,0.0337639;-1.67081,-0.346763,-1.61645
0.00744938,0.0171568,0.0292712;-1.57393,-0.400909,-1.58566
0.00226761,0.0232955,0.0336054;-1.55965,-0.447689,-1.49603
0.00225904,0.0199418,0.0350953;-1.61636,-0.422465,-1.51949
0.00114289,0.0166425,0.0352232;-1.6325,-0.403457,-1.53828
0.00536385,0.0134105,0.033962;-1.67095,-0.445536,-1.60234
0.00756915,0.0087056,0.0293198;-1.58163,-0.469999,-1.58749
0.00730786,0.00723558,0.0291561;-1.56594,-0.466952,-1.57886
0.00499018,-0.000361857,0.0404291;-1.35967,-0.450368,-1.50907
0.00623388,-0.00639997,0.042845;-1.33133,-0.422868,-1.52428
0.00579547,-0.00982001,0.0432401;-1.34154,-0.387487,-1.5458
-0.00238908,-0.00441588,0.0410365;-1.39416,-0.460689,-1.55488
0.00254076,-0.000234595,0.0414512;-1.38398,-0.513639,-1.55078
0.00707877,0.00239457,0.0427936;-1.35698,-0.544676,-1.53437
0.00657458,-0.00370461,0.0467911;-1.24082,-0.494574,-1.4655
0.0069359,-0.00515798,0.0439538;-1.26389,-0.46373,-1.46072
0.00688062,-0.00446966,0.0420924;-1.28923,-0.451681,-1.45725
0.00661171,0.00390121,0.041085;-1.38338,-0.480132,-1.5368
0.0108637,0.0097301,0.0378759;-1.49639,-0.571707,-1.62975
0.0105692,0.00753959,0.0404607;-1.41573,-0.582957,-1.56917
0.0114768,-0.000234346,0.0425356;-1.33378,-0.523571,-1.50977
0.00825232,-0.00442271,0.0448479;-1.23373,-0.503385,-1.41657
0.00618731,-0.00509051,0.0427565;-1.30555,-0.510596,-1.46207
0.00231538,-0.00500578,0.0406314;-1.36808,-0.546158,-1.49859
-0.00483412,-0.000340556,0.0325888;-1.52938,-0.688759,-1.55709
-0.00608305,0.0100795,0.0304819;-1.57504,-0.754117,-1.54463
-0.0102873,0.0147498,0.0359795;-1.61591,-0.711384,-1.51328
-0.0102903,0.012468,0.0463887;-1.53269,-0.557235,-1.47979
-0.00345526,0.00318682,0.0443027;-1.51111,-0.51287,-1.49711
0.00120478,-0.00626016,0.038649;-1.52863,-0.495483,-1.51979
0.00615739,-0.0115214,0.0301899;-1.60159,-0.607145,-1.57695
0.0070637,-0.0107894,0.0301857;-1.60205,-0.589453,-1.57845
0.00882363,-0.0110807,0.0298254;-1.54609,-0.513386,-1.54992
0.00568216,-0.00308504,0.0344602;-1.54575,-0.471212,-1.48991
0.00520041,0.00171354,0.0351565;-1.56855,-0.495741,-1.49336
0.00466528,0.00271254,0.0359319;-1.62669,-0.488553,-1.52999
0.00550033,0.00289619,0.0358599;-1.71774,-0.564267,-1.62737
0.0068378,0.00269521,0.0330613;-1.66453,-0.586071,-1.61989
0.00780415,0.00260203,0.0295265;-1.57555,-0.578476,-1.58821
0.00851466,-0.00343048,0.0347191;-1.4504,-0.509001,-1.50962
0.00896116,-0.00623138,0.0360018;-1.42424,-0.498852,-1.49437
0.0111866,-0.00561987,0.0361186;-1.42822,-0.52662,-1.51614
0.00556429,-0.00252277,0.0301695;-1.61302,-0.551881,-1.59232
0.00558602,-0.000983197,0.0313171;-1.63431,-0.535872,-1.5995
0.00724089,-0.00307546,0.0288343;-1.57875,-0.529394,-1.58042
0.0081351,-0.00460211,0.0311867;-1.50518,-0.505238,-1.54391
0.0104067,-0.00892023,0.0354453;-1.4228,-0.465413,-1.51247
0.0135224,-0.0124149,0.03801;-1.37555,-0.44475,-1.4998
0.022021,-0.0222095,0.0373241;-1.4397,-0.339195,-1.5672
0.0188787,-0.0212492,0.0349401;-1.51189,-0.373634,-1.60773
0.0149269,-0.0201186,0.0329239;-1.5333,-0.417609,-1.59142
0.0111555,-0.0185142,0.0317567;-1.49442,-0.445967,-1.53818
0.0109517,-0.0191852,0.0348;-1.43487,-0.43314,-1.50931
0.0111229,-0.0199794,0.0376845;-1.38283,-0.413403,-1.48553
0.0123965,-0.0251188,0.0364619;-1.43516,-0.370244,-1.51257
0.0114594,-0.0260327,0.0353482;-1.4704,-0.354921,-1.53199
0.0103815,-0.0272958,0.0361083;-1.46535,-0.330886,-1.52694
0.0136153,-0.0255658,0.0426955;-1.37339,-0.323792,-1.49061
0.0191937,-0.0279204,0.0438812;-1.32529,-0.350112,-1.47908
0.0218528,-0.0302701,0.0429769;-1.28099,-0.385627,-1.45931
0.0202172,-0.0324977,0.0414611;-1.31658,-0.386085,-1.47125
0.0149998,-0.0337875,0.0401745;-1.35487,-0.383038,-1.4799
0.00263476,-0.0311462,0.0384157;-1.44265,-0.410154,-1.4923
-0.0100894,-0.0102381,0.0424595;-1.46952,-0.475665,-1.47115
-0.0119983,-0.00852663,0.0444513;-1.497,-0.397895,-1.47369
-0.00904599,-0.0172317,0.0441025;-1.44882,-0.300059,-1.44162
0.0161264,-0.0317956,0.0395258;-1.3895,-0.306027,-1.49042
0.0176834,-0.0322154,0.0390298;-1.38025,-0.366764,-1.49871
0.0135336,-0.0319188,0.0392171;-1.38638,-0.379335,-1.50033
0.0105225,-0.030333,0.0427645;-1.37898,-0.337104,-1.47554
0.0119986,-0.0364698,0.0412576;-1.34727,-0.373911,-1.46908
0.0157522,-0.0394316,0.0402439;-1.34413,-0.357109,-1.46962
0.0252873,-0.03751,0.037914;-1.42755,-0.273581,-1.49245
0.0232476,-0.0392275,0.0355666;-1.46487,-0.324348,-1.50378
0.0172473,-0.0401683,0.0333474;-1.51546,-0.396185,-1.51383
0.0149933,-0.0369821,0.0325011;-1.49221,-0.458816,-1.53481
0.0150651,-0.0359161,0.0345123;-1.4454,-0.445228,-1.51648
0.0150331,-0.0346959,0.0365209;-1.39587,-0.42713,-1.5024
0.0191047,-0.0368983,0.038309;-1.3648,-0.359205,-1.49702
0.0217196,-0.0379082,0.0379936;-1.36826,-0.35255,-1.50925
0.0221516,-0.0384962,0.0360657;-1.42296,-0.354353,-1.53131
0.0116491,-0.0316192,0.0324921;-1.49537,-0.489574,-1.55269
0.00779376,-0.0285975,0.0326402;-1.4827,-0.516861,-1.53083
0.0110665,-0.0295275,0.0354288;-1.42096,-0.461001,-1.51173
0.0211677,-0.034943,0.0387137;-1.35399,-0.335278,-1.49774
0.0264903,-0.0364108,0.0385789;-1.36322,-0.307301,-1.51135
0.0254822,-0.0346459,0.03791;-1.38797,-0.333068,-1.52857
0.00802354,-0.0244798,0.0358148;-1.49628,-0.540662,-1.60753
0.00373791,-0.0210573,0.0356698;-1.47039,-0.579649,-1.57056
0.00775641,-0.0242791,0.0372592;-1.41188,-0.51338,-1.52616
0.0209213,-0.0362937,0.0373449;-1.38392,-0.315948,-1.50673
0.026836,-0.0384161,0.0367873;-1.39713,-0.27628,-1.52095
0.0266976,-0.0362684,0.0361582;-1.41855,-0.29936,-1.53461
0.00886102,-0.0244575,0.0341624;-1.52893,-0.510352,-1.61466
0.0023976,-0.0190025,0.0344746;-1.52,-0.586635,-1.60832
0.00290462,-0.0180957,0.0366356;-1.45121,-0.580602,-1.55871
0.00842682,-0.0207336,0.0422138;-1.32314,-0.497094,-1.48789
0.0116349,-0.0240682,0.0418748;-1.3163,-0.462679,-1.48193
0.0140297,-0.0268675,0.0392261;-1.36724,-0.443311,-1.50496
0.00379572,-0.0120916,0.0367507;-1.51934,-0.62177,-1.63505
-0.00111579,-0.00615133,0.0375388;-1.51327,-0.699107,-1.63589
-0.0028387,-0.00359849,0.0389635;-1.45134,-0.719751,-1.5816
-0.0028387,-0.00359849,0.0389635;-1.45134,-0.719751,-1.5816
-0.00303836,-0.00173779,0.0404104;-1.40015,-0.713838,-1.53518
-0.00303836,-0.00173779,0.0404104;-1.40015,-0.713838,-1.53518
