0,0,0.11;-1.57,-2.98023e-08,-1.57
0,0,0.11;-1.57,-2.98023e-08,-1.57
0,0,0.11;-1.57,-2.98023e-08,-1.57
0.000390331,0.00875662,0.0286288;-1.56797,-0.162891,-1.57017
0.000540462,0.00900667,0.0286561;-1.57028,-0.136962,-1.56751
-0.00102564,0.00482255,0.0298442;-1.5681,-0.0585728,-1.55403
-0.000692572,-0.0293979,0.0350624;-1.46049,0.020529,-1.5564
-0.000738127,-0.0225475,0.0285782;-1.57089,-0.0658601,-1.57091
-0.000467014,-0.0226344,0.0288521;-1.55986,-0.0586394,-1.5721
-0.000365295,-0.022728,0.0287913;-1.56317,-0.0527246,-1.57282
5.92413e-05,-0.0236679,0.0286281;-1.57068,-0.0036181,-1.5685
-0.00168372,-0.0280777,0.0300368;-1.57249,0.0547948,-1.55215
-0.00461526,-0.0526426,0.0370389;-1.47162,0.15693,-1.55837
-0.00426825,-0.0612623,0.033128;-1.48495,0.114806,-1.57132
-0.00361982,-0.0556905,0.0285922;-1.57343,0.0769244,-1.56736
-0.00340877,-0.0553813,0.0287218;-1.5643,0.0589653,-1.57168
-0.00315384,-0.0565685,0.0286162;-1.57069,0.119187,-1.56892
-0.00547061,-0.0598958,0.0296575;-1.57277,0.176404,-1.5548
-0.0120531,-0.08031,0.0341143;-1.52107,0.264362,-1.55434
-0.0160588,-0.101226,0.0381363;-1.41899,0.303709,-1.58502
-0.0169212,-0.0991137,0.0326361;-1.49896,0.263387,-1.57849
-0.0159181,-0.0960724,0.0285863;-1.57085,0.219787,-1.57052
-0.015721,-0.0959776,0.0285807;-1.57073,0.240545,-1.57069
-0.0154769,-0.0955646,0.028742;-1.57127,0.291736,-1.56311
-0.0188886,-0.100742,0.0304781;-1.57661,0.34818,-1.54756
-0.0259809,-0.117742,0.0336924;-1.49263,0.386779,-1.57696
-0.0270029,-0.117936,0.0299345;-1.54227,0.346007,-1.57408
-0.0261174,-0.115893,0.0287176;-1.56395,0.304182,-1.57272
-0.0260923,-0.115903,0.0286801;-1.56569,0.314637,-1.57234
-0.0257919,-0.115974,0.0285778;-1.57032,0.34716,-1.57053
-0.0331702,-0.126715,0.0320382;-1.57036,0.448586,-1.54088
-0.0426902,-0.149402,0.0384981;-1.40485,0.530318,-1.61751
-0.0455921,-0.155819,0.0369275;-1.4066,0.494106,-1.63252
-0.0421424,-0.149296,0.0285764;-1.57096,0.44272,-1.57077
-0.0420319,-0.149529,0.0287425;-1.56215,0.452209,-1.57471
-0.0419608,-0.150311,0.0287359;-1.56224,0.481173,-1.57462
-0.0454142,-0.152704,0.03014;-1.57465,0.561428,-1.5492
-0.0601878,-0.172521,0.0365809;-1.45719,0.656693,-1.61277
-0.0710255,-0.19098,0.0379104;-1.39075,0.686206,-1.66169
-0.0659371,-0.182932,0.0285406;-1.57078,0.596782,-1.57105
-0.0656195,-0.18306,0.0288021;-1.55913,0.601022,-1.57825
-0.0657946,-0.183599,0.0287833;-1.56046,0.615102,-1.57798
-0.0664905,-0.184115,0.0289007;-1.57047,0.679986,-1.56076
-0.0777841,-0.193022,0.0320081;-1.54573,0.757423,-1.56365
-0.097246,-0.213234,0.0399636;-1.35506,0.847718,-1.69614
-0.0948178,-0.214388,0.0286443;-1.57226,0.779124,-1.56569
-0.0940173,-0.214171,0.0285732;-1.57046,0.765864,-1.57054
-0.0940604,-0.214603,0.0287737;-1.55794,0.781523,-1.58002
-0.094217,-0.215485,0.0287747;-1.5713,0.868153,-1.56073
-0.102991,-0.219582,0.0308166;-1.57995,0.937642,-1.53819
-0.123668,-0.233885,0.0376953;-1.32449,1.02259,-1.7448
-0.127523,-0.235442,0.0286777;-1.57256,0.952541,-1.5642
-0.127228,-0.235421,0.0285808;-1.5711,0.929822,-1.5704
-0.127194,-0.235606,0.0287315;-1.55847,0.935503,-1.58055
-0.126925,-0.236225,0.028761;-1.57065,1.00253,-1.56226
-0.134352,-0.239531,0.030288;-1.54623,1.07505,-1.57153
-0.150625,-0.248707,0.0378919;-1.2683,1.12814,-1.80736
-0.152531,-0.247935,0.0287959;-1.56154,1.08761,-1.57312
-0.152035,-0.247792,0.0285805;-1.57135,1.0476,-1.56999
-0.151738,-0.247871,0.02866;-1.56309,1.05397,-1.57741
-0.1518,-0.248248,0.0287095;-1.5711,1.09331,-1.56436
-0.154274,-0.248431,0.0298662;-1.57397,1.13457,-1.54976
-0.170051,-0.253299,0.0341726;-1.45584,1.21478,-1.64539
-0.181448,-0.259174,0.0344774;-1.3075,1.21968,-1.79749
-0.179022,-0.257418,0.0286366;-1.58192,1.18784,-1.55359
-0.178667,-0.257469,0.0285804;-1.57134,1.16358,-1.57029
-0.178456,-0.257516,0.0285797;-1.5708,1.17744,-1.5708
-0.17791,-0.257352,0.0287585;-1.57162,1.21453,-1.56125
-0.186831,-0.25664,0.0309533;-1.59782,1.29108,-1.51898
-0.232706,-0.267023,0.03861;-0.716224,1.36926,-2.38382
-0.232784,-0.267155,0.0346566;-0.996539,1.36234,-2.12298
-0.226954,-0.26731,0.0286671;-1.57453,1.36855,-1.56224
-0.226617,-0.267619,0.0287423;-1.52619,1.3806,-1.61605
-0.226526,-0.267669,0.0285805;-1.56946,1.41619,-1.57199
-0.22746,-0.267163,0.0290392;-1.56164,1.4511,-1.5686
-0.269498,-0.26854,0.0410202;0.404411,1.40088,2.77589
-0.279696,-0.269536,0.0379878;0.143974,1.41113,3.01474
-0.27041,-0.271126,0.0296595;-0.571042,1.54058,-2.56594
-0.268459,-0.272052,0.0287942;-1.29712,1.53436,-1.84464
-0.26861,-0.272842,0.0285791;1.57403,1.54786,1.56776
-0.269123,-0.272521,0.028826;1.56975,1.52671,1.58221
-0.304857,-0.267099,0.0392;0.956854,1.31157,2.21198
-0.314657,-0.265313,0.0384338;0.804711,1.33563,2.34546
-0.308565,-0.264782,0.0288163;1.52044,1.4422,1.6256
-0.307124,-0.26543,0.0287293;1.50707,1.45778,1.63419
-0.307567,-0.266116,0.0285805;1.57213,1.40038,1.56998
-0.308084,-0.265851,0.0287897;1.57121,1.38578,1.5807
-0.337145,-0.256858,0.0391616;1.14001,1.2135,2.01904
-0.341922,-0.255289,0.0377821;1.10681,1.24778,2.03851
-0.337652,-0.255596,0.0287691;1.55616,1.29852,1.58997
-0.336958,-0.256191,0.0286095;1.56508,1.32264,1.57637
-0.336964,-0.256425,0.0285811;1.5704,1.29419,1.57137
-0.337231,-0.256497,0.0287515;1.57158,1.28326,1.5784
-0.356466,-0.248254,0.0359083;1.35275,1.15508,1.80724
-0.365656,-0.245524,0.0365156;1.26052,1.1534,1.87921
-0.362481,-0.246866,0.0318771;1.44526,1.15763,1.70316
-0.360569,-0.24714,0.0285988;1.56941,1.21021,1.57286
-0.360573,-0.247175,0.0287543;1.54705,1.211,1.59315
-0.36041,-0.247731,0.0286448;1.57075,1.16732,1.57383
-0.361949,-0.246299,0.0294356;1.57171,1.13488,1.58474
-0.392145,-0.231336,0.0390616;1.29611,0.984422,1.84025
-0.394344,-0.228916,0.0354401;1.35099,1.03394,1.77846
-0.390017,-0.23098,0.0286631;1.57115,1.08964,1.5746
-0.389511,-0.231537,0.0286267;1.56541,1.08594,1.57559
-0.389663,-0.231576,0.0285805;1.57023,1.05984,1.57135
-0.389493,-0.231555,0.0288023;1.57177,1.02806,1.58129
-0.418993,-0.210011,0.0389147;1.36283,0.834763,1.76689
-0.42964,-0.203493,0.0369487;1.3535,0.860703,1.75661
-0.424062,-0.206456,0.0286926;1.57726,0.913356,1.57116
-0.423852,-0.207054,0.0287095;1.5605,0.919911,1.57904
-0.424179,-0.207223,0.0285785;1.57065,0.890527,1.57108
-0.424066,-0.207254,0.0287925;1.57255,0.856812,1.57866
-0.447214,-0.180048,0.037906;1.40808,0.671719,1.71168
-0.458643,-0.171431,0.0370825;1.39971,0.668057,1.70217
-0.45528,-0.17509,0.0286208;1.57534,0.698482,1.57323
-0.454954,-0.175861,0.0286283;1.56777,0.71496,1.57279
-0.455147,-0.175913,0.0286409;1.56695,0.696708,1.57328
-0.455201,-0.176133,0.0287301;1.57079,0.66028,1.57814
-0.469276,-0.151007,0.036405;1.44771,0.522257,1.66522
-0.474073,-0.145077,0.0381146;1.41253,0.509475,1.68367
-0.473545,-0.146789,0.0316338;1.51405,0.524717,1.61345
-0.472116,-0.148488,0.0285818;1.57072,0.570884,1.571
-0.472087,-0.14852,0.0285794;1.57081,0.586349,1.57068
-0.472036,-0.148454,0.0285788;1.57087,0.58759,1.57094
-0.478359,-0.134216,0.0312374;1.53551,0.444572,1.60747
-0.485931,-0.120783,0.0395738;1.40131,0.402983,1.67888
-0.488929,-0.119105,0.0363495;1.44682,0.402188,1.64932
-0.486748,-0.122172,0.0285781;1.57093,0.448047,1.57038
-0.486411,-0.122536,0.0285792;1.57075,0.463792,1.57089
-0.486129,-0.122838,0.028677;1.56555,0.491596,1.57335
-0.487936,-0.115536,0.0294504;1.57197,0.374483,1.58018
-0.495902,-0.0975608,0.0365746;1.44053,0.322001,1.63945
-0.498519,-0.0923565,0.038393;1.40951,0.316771,1.65752
-0.494848,-0.0966373,0.0285697;1.57148,0.394728,1.57009
-0.494289,-0.0973587,0.028643;1.56781,0.418931,1.57127
-0.492738,-0.0988016,0.0286314;1.57073,0.492129,1.56845
-0.493793,-0.096001,0.028607;1.57174,0.422221,1.57228
-0.500225,-0.0810695,0.0317172;1.52047,0.366802,1.60169
-0.505949,-0.067422,0.0401963;1.37542,0.315156,1.67147
-0.502807,-0.0704095,0.0286263;1.5721,0.406409,1.56704
-0.502,-0.0726077,0.0287033;1.57107,0.446024,1.56462
-0.501105,-0.0739356,0.0286858;1.57084,0.476301,1.56564
-0.501446,-0.0723946,0.0286092;1.57095,0.430395,1.56941
-0.505707,-0.0605997,0.0306679;1.56343,0.37122,1.57924
-0.514115,-0.0430217,0.0396259;1.38334,0.303401,1.66023
-0.513586,-0.0436622,0.0289712;1.56353,0.368243,1.56699
-0.512664,-0.046192,0.0287507;1.57077,0.418881,1.56266
-0.511913,-0.0477487,0.0287003;1.57063,0.454497,1.56472
-0.512074,-0.0465926,0.0287259;1.57144,0.426271,1.56351
-0.51529,-0.0378394,0.0305984;1.57882,0.363051,1.56843
-0.52389,-0.0203924,0.0389332;1.38908,0.285404,1.65008
-0.527211,-0.0171598,0.0317807;1.50805,0.301651,1.58954
-0.524481,-0.0208048,0.0288358;1.57444,0.357077,1.55722
-0.523707,-0.0227522,0.0287076;1.57293,0.395384,1.56384
-0.522771,-0.0240209,0.028867;1.5707,0.439549,1.55714
-0.524066,-0.0214542,0.0288365;1.57949,0.382512,1.56016
-0.531634,-0.00844753,0.0347947;1.46521,0.302042,1.61545
-0.5441,0.00427424,0.0355893;1.44629,0.256883,1.61989
-0.543533,0.00199754,0.0291911;1.55757,0.273572,1.56863
-0.542639,-5.16091e-05,0.0287422;1.57085,0.317186,1.56298
-0.540704,-0.00449411,0.0287694;1.57078,0.434895,1.5617
-0.54087,-0.00336457,0.0288465;1.57085,0.398306,1.55809
-0.544609,0.00544264,0.0304525;1.54788,0.327234,1.57342
-0.558585,0.0264553,0.0383653;1.40278,0.249504,1.63949
-0.558539,0.024861,0.0331277;1.48334,0.269199,1.59724
-0.55752,0.0215828,0.0288766;1.57087,0.29025,1.55631
-0.556337,0.0167321,0.0288118;1.57306,0.389717,1.56093
-0.55631,0.0170644,0.0288814;1.57058,0.381057,1.55642
-0.558093,0.0215229,0.029058;1.57767,0.317937,1.55788
-0.567037,0.0404768,0.0406031;1.37048,0.245666,1.65282
-0.567641,0.0418926,0.0371377;1.42072,0.281234,1.62416
-0.563582,0.0362472,0.0297352;1.55208,0.333195,1.56443
-0.561079,0.0309572,0.0288435;1.57323,0.391022,1.55955
-0.560888,0.0302246,0.0288354;1.57161,0.4058,1.55923
-0.5612,0.0321105,0.0289897;1.57697,0.36952,1.55428
-0.571518,0.0565564,0.0405331;1.37191,0.265398,1.64774
-0.575701,0.0613084,0.0374877;1.41927,0.276493,1.6213
-0.571673,0.0544267,0.0300414;1.5588,0.328749,1.55498
-0.568648,0.0467942,0.0288995;1.5756,0.409088,1.55818
-0.56878,0.0469836,0.0288664;1.57217,0.408602,1.55807
-0.569122,0.0485389,0.0290633;1.58027,0.381162,1.55237
-0.569122,0.0485389,0.0290633;1.58027,0.381162,1.55237
-0.572691,0.0599112,0.0327548;1.60243,0.31337,1.55126
-0.572691,0.0599112,0.0327548;1.60243,0.31337,1.55126
