0,0,0.11;-1.57,-2.98023e-08,-1.57
0,0,0.11;-1.57,-2.98023e-08,-1.57
0,0,0.11;-1.57,-2.98023e-08,-1.57
0.000214914,0.00585256,0.0286472;-1.57113,-0.13915,-1.57421
0.000129718,0.00455527,0.0285828;-1.57083,-0.097369,-1.57053
-0.00100546,0.0023872,0.030041;-1.58265,-0.0850015,-1.55401
-0.00297631,-0.0104156,0.0320706;-1.51671,-0.0616778,-1.55564
-0.00327715,-0.00277749,0.0295092;-1.56778,-0.163144,-1.59459
-0.00450493,0.00356758,0.0289481;-1.56542,-0.211008,-1.58225
-0.00474043,0.00553483,0.0287944;-1.57164,-0.243751,-1.58095
-0.00471986,0.00304585,0.0285806;-1.57048,-0.148341,-1.57068
-0.00574614,-0.000889084,0.0300392;-1.58169,-0.128701,-1.55326
-0.00740809,-0.00974415,0.0332961;-1.5915,-0.0897144,-1.52844
-0.00515181,-0.0116744,0.0299979;-1.57582,-0.108884,-1.55091
-0.00450694,-0.0111718,0.0286073;-1.57094,-0.183494,-1.57256
-0.00441003,-0.00958566,0.0286785;-1.57088,-0.216016,-1.57557
-0.00433349,-0.010331,0.0285803;-1.57073,-0.206683,-1.57082
-0.00489398,-0.0114412,0.0292955;-1.56388,-0.180598,-1.55677
-0.00706111,-0.0182373,0.0322486;-1.57524,-0.145452,-1.53167
-0.00807946,-0.0296817,0.0325347;-1.54253,-0.13857,-1.51725
-0.00746596,-0.0303397,0.0295965;-1.56006,-0.166867,-1.55126
-0.00752032,-0.0301705,0.0285863;-1.5713,-0.199518,-1.57125
-0.00753203,-0.0296654,0.0286544;-1.57073,-0.213698,-1.57431
-0.00714763,-0.0302629,0.0285906;-1.57076,-0.168063,-1.57002
-0.00761264,-0.0314347,0.0299674;-1.559,-0.144013,-1.54809
-0.00857044,-0.0355945,0.0314294;-1.55023,-0.132506,-1.52728
-0.00809095,-0.0381757,0.0289652;-1.56578,-0.172458,-1.5585
-0.00797577,-0.0378239,0.02858;-1.57076,-0.228623,-1.57085
-0.00801387,-0.0378933,0.0285799;-1.57078,-0.229518,-1.5708
-0.00782762,-0.0387123,0.0285788;-1.57078,-0.193872,-1.57089
-0.00843098,-0.0392599,0.0311707;-1.55491,-0.138881,-1.53358
-0.00997791,-0.0422437,0.0332186;-1.54747,-0.121252,-1.5091
-0.0089952,-0.0460977,0.0312075;-1.54956,-0.141517,-1.53189
-0.00870386,-0.0442713,0.028586;-1.57038,-0.1752,-1.57077
-0.00830653,-0.0442762,0.0286468;-1.56955,-0.151344,-1.57256
-0.00823948,-0.0441966,0.0285796;-1.57071,-0.147885,-1.57086
-0.00849145,-0.045322,0.0299319;-1.56229,-0.109121,-1.54505
-0.0102704,-0.049906,0.0328464;-1.55741,-0.0908667,-1.51666
-0.0108229,-0.0575521,0.0333294;-1.54505,-0.0891942,-1.5093
-0.00936771,-0.0576257,0.0285765;-1.57078,-0.15093,-1.57086
-0.00935495,-0.0575302,0.0285864;-1.57049,-0.15105,-1.57079
-0.00923933,-0.0576111,0.0285813;-1.57071,-0.141177,-1.57091
-0.00926961,-0.0574648,0.0289772;-1.566,-0.108757,-1.55546
-0.0107087,-0.0597092,0.0314241;-1.57082,-0.0634489,-1.53078
-0.0128118,-0.0656086,0.0343604;-1.56814,-0.0546634,-1.50595
-0.00977751,-0.0639673,0.028706;-1.57142,-0.0682441,-1.56444
-0.00970214,-0.0636926,0.0285792;-1.57084,-0.100548,-1.57084
-0.0095821,-0.0637727,0.0286248;-1.57059,-0.0898505,-1.57325
-0.00928065,-0.0646559,0.028632;-1.57098,-0.0588229,-1.56787
-0.0104574,-0.0662893,0.0306438;-1.57136,-0.0268491,-1.54055
-0.0122614,-0.0692972,0.0332061;-1.58773,-0.000568479,-1.51267
-0.00876044,-0.0611085,0.0286653;-1.56827,-0.0773846,-1.57256
-0.00998989,-0.0584761,0.0288707;-1.56338,-0.155938,-1.57618
-0.0109147,-0.0570101,0.0289613;-1.55876,-0.196806,-1.57474
-0.0112661,-0.056871,0.0288161;-1.56989,-0.205322,-1.55971
-0.0122936,-0.0589732,0.0308803;-1.57956,-0.19006,-1.53854
-0.0142679,-0.0622714,0.0339209;-1.60281,-0.176992,-1.51826
-0.0116006,-0.0655666,0.0296541;-1.56983,-0.194984,-1.54968
-0.011937,-0.0664149,0.0286149;-1.56961,-0.232221,-1.56957
-0.0119424,-0.066607,0.0287707;-1.56151,-0.240845,-1.56868
-0.0114568,-0.0667575,0.0286143;-1.56993,-0.224629,-1.56926
-0.0119127,-0.0687319,0.0296047;-1.56559,-0.208896,-1.55149
-0.0131629,-0.0747437,0.0323997;-1.56794,-0.177264,-1.51933
-0.0125667,-0.0827827,0.0322379;-1.5588,-0.185313,-1.52097
-0.0122003,-0.0826875,0.0290397;-1.56959,-0.224734,-1.5578
-0.0124099,-0.0828825,0.0285738;-1.57085,-0.241955,-1.57113
-0.0124601,-0.0831179,0.0285797;-1.57078,-0.241726,-1.57084
-0.0124484,-0.083033,0.0287241;-1.57051,-0.233108,-1.56424
-0.0132242,-0.084083,0.0304629;-1.56255,-0.210189,-1.54255
-0.0157515,-0.096823,0.0348081;-1.54785,-0.153719,-1.4981
-0.0152913,-0.100824,0.031769;-1.55343,-0.20556,-1.52797
-0.0158465,-0.10178,0.0287634;-1.57086,-0.237953,-1.56208
-0.015924,-0.102081,0.028681;-1.56575,-0.258327,-1.56954
-0.0154321,-0.102066,0.0286336;-1.56802,-0.22668,-1.57007
-0.0150376,-0.101783,0.0290548;-1.55801,-0.196085,-1.55792
-0.0175185,-0.110683,0.0359759;-1.52394,-0.0847797,-1.51549
-0.0158954,-0.119273,0.0338195;-1.50721,-0.118911,-1.54375
-0.0152105,-0.118471,0.0286447;-1.57235,-0.141141,-1.56643
-0.0141699,-0.118721,0.0289115;-1.56228,-0.105137,-1.57725
-0.0133051,-0.120142,0.0290892;-1.56048,-0.06925,-1.58415
-0.0128446,-0.122126,0.0302709;-1.54049,-0.0427447,-1.58285
-0.0127532,-0.144714,0.0398543;-1.39394,0.0821524,-1.57425
-0.0107393,-0.153325,0.0390061;-1.3896,0.0740529,-1.59232
-0.00983622,-0.150725,0.0362467;-1.44322,0.0638784,-1.60421
-0.0105892,-0.140043,0.0342852;-1.51637,0.00774168,-1.63049
-0.0127148,-0.13652,0.0352688;-1.50633,-0.0371889,-1.63197
-0.0134297,-0.135509,0.0363863;-1.45237,-0.0605252,-1.60614
-0.0169205,-0.151748,0.0408635;-1.36163,0.0481159,-1.57753
-0.0173563,-0.16225,0.0396243;-1.37653,0.0475373,-1.586
-0.0156652,-0.161652,0.0354301;-1.45152,0.0803716,-1.59134
-0.00644813,-0.163642,0.0321829;-1.50145,0.190167,-1.60526
-0.00702624,-0.16551,0.034551;-1.45947,0.20529,-1.61365
-0.00740377,-0.166037,0.0345684;-1.46019,0.209836,-1.61214
-0.0135451,-0.166554,0.0396502;-1.37723,0.192478,-1.60105
-0.0141182,-0.165224,0.0403425;-1.3703,0.146,-1.61548
-0.0137734,-0.16367,0.0402119;-1.37701,0.136493,-1.61923
-0.0138176,-0.150846,0.0362553;-1.48285,0.0586487,-1.63776
-0.0128095,-0.153107,0.0382909;-1.51619,0.111958,-1.68324
-0.010245,-0.159016,0.0374278;-1.44511,0.150785,-1.63949
-0.0111629,-0.162457,0.0390338;-1.39808,0.157416,-1.63287
-0.0115375,-0.165877,0.0416779;-1.342,0.173602,-1.61234
-0.0130932,-0.167621,0.041402;-1.35375,0.13472,-1.62092
-0.0145606,-0.16453,0.0372219;-1.42431,0.123313,-1.61822
-0.0110026,-0.164701,0.0312497;-1.5275,0.185319,-1.60676
-0.00803987,-0.167757,0.0340188;-1.46653,0.214424,-1.62342
-0.00927445,-0.16779,0.0382882;-1.40461,0.19257,-1.63602
-0.0165753,-0.168289,0.0428737;-1.31848,0.157124,-1.6128
-0.0190782,-0.168251,0.0411659;-1.3517,0.118862,-1.60848
-0.0209464,-0.156494,0.0334789;-1.48182,0.0473769,-1.58268
-0.0206748,-0.147996,0.0290376;-1.56026,-0.0151947,-1.58207
-0.0204866,-0.150285,0.0290994;-1.56265,0.0300792,-1.58779
-0.0208679,-0.152695,0.0291388;-1.55523,0.0602004,-1.57818
-0.0225536,-0.187001,0.0405418;-1.3676,0.235416,-1.60762
-0.02102,-0.193095,0.0415016;-1.33756,0.206571,-1.62571
-0.0198121,-0.187193,0.0399577;-1.39267,0.165022,-1.63948
-0.0185662,-0.173874,0.036016;-1.52156,0.105238,-1.65863
-0.0187535,-0.172132,0.0359178;-1.53411,0.0987017,-1.66401
-0.0180834,-0.175953,0.0376188;-1.45102,0.118347,-1.64156
-0.0287802,-0.190418,0.0419326;-1.33045,0.158631,-1.60632
-0.0294457,-0.192908,0.0415956;-1.33428,0.15473,-1.6035
-0.0244853,-0.188005,0.0403765;-1.37213,0.122329,-1.61319
-0.0181515,-0.179277,0.0373892;-1.4681,0.110745,-1.65445
-0.0193526,-0.171397,0.0362239;-1.53191,0.0631933,-1.66215
-0.020744,-0.162131,0.0304111;-1.56533,-0.0222989,-1.60661
-0.0251439,-0.163729,0.0331429;-1.59075,0.0437556,-1.55326
-0.030067,-0.176125,0.0438173;-1.49143,0.118289,-1.57013
-0.0308599,-0.192436,0.0449098;-1.33246,0.114255,-1.61665
-0.0247566,-0.185676,0.0379002;-1.44948,0.106125,-1.64275
-0.0229356,-0.186155,0.0352882;-1.51869,0.158178,-1.651
-0.0209997,-0.195367,0.0388881;-1.46219,0.237014,-1.67782
-0.0230054,-0.201852,0.0408411;-1.37162,0.24449,-1.64968
-0.031597,-0.207804,0.0441715;-1.29448,0.230293,-1.6427
-0.0352279,-0.209326,0.0450238;-1.26987,0.202484,-1.63488
-0.0239738,-0.200055,0.0398122;-1.40212,0.211913,-1.65277
-0.0217974,-0.19793,0.0387023;-1.44673,0.223111,-1.6703
-0.0209587,-0.19367,0.0374466;-1.51335,0.211022,-1.67891
-0.0221239,-0.19079,0.0367701;-1.46474,0.186831,-1.63286
-0.0299349,-0.199087,0.0430143;-1.37365,0.20955,-1.63169
-0.0399392,-0.207984,0.0455249;-1.2842,0.192839,-1.6249
-0.0243813,-0.197293,0.0393907;-1.41757,0.18332,-1.64676
-0.0192287,-0.190339,0.0337677;-1.52851,0.170069,-1.64112
-0.0192318,-0.187977,0.0360818;-1.53115,0.155001,-1.66344
-0.0215321,-0.179439,0.0293719;-1.57715,0.0944901,-1.58426
-0.0258331,-0.179435,0.0337753;-1.62678,0.100729,-1.53907
-0.0308156,-0.180096,0.0388594;-1.66842,0.130345,-1.5099
-0.0236462,-0.176396,0.0306588;-1.59313,0.0916438,-1.56612
-0.0214027,-0.176947,0.0294574;-1.57165,0.0714987,-1.59264
-0.0209991,-0.180115,0.0319237;-1.55519,0.0959254,-1.61744
-0.0221964,-0.185336,0.0322375;-1.54986,0.139357,-1.62241
-0.025604,-0.190342,0.0412055;-1.45224,0.144119,-1.63284
-0.0306084,-0.193987,0.0462428;-1.46535,0.159011,-1.60317
-0.0283393,-0.191541,0.0428786;-1.4708,0.137963,-1.61148
-0.02261,-0.186792,0.0365073;-1.49402,0.107625,-1.64638
-0.0197709,-0.180363,0.0330543;-1.56102,0.0785943,-1.63631
-0.0195197,-0.188102,0.0336956;-1.54907,0.143223,-1.64334
-0.0217626,-0.190653,0.0364358;-1.50982,0.138494,-1.62433
-0.0247349,-0.189615,0.0436466;-1.52681,0.146482,-1.59549
-0.0297493,-0.185401,0.0473415;-1.51617,0.0913744,-1.57379
-0.021398,-0.183266,0.0368049;-1.60845,0.114389,-1.56921
-0.0162725,-0.179816,0.0323413;-1.60345,0.102667,-1.60278
-0.0211957,-0.188157,0.0344823;-1.54712,0.172495,-1.65097
-0.0244662,-0.190173,0.0383841;-1.46909,0.162553,-1.66665
-0.0309454,-0.194302,0.0428713;-1.39804,0.15443,-1.6611
-0.0332194,-0.18842,0.0490893;-1.40609,0.114393,-1.6096
-0.0226128,-0.182424,0.0467761;-1.48509,0.135056,-1.619
-0.015011,-0.17617,0.038204;-1.52149,0.102208,-1.64425
-0.0108447,-0.180046,0.0347615;-1.54837,0.154196,-1.64946
-0.0105245,-0.177977,0.0328465;-1.56438,0.1369,-1.63962
-0.0125246,-0.180186,0.0360029;-1.60352,0.158483,-1.59862
-0.0268024,-0.196963,0.0501562;-1.46203,0.250745,-1.60396
-0.0278179,-0.201208,0.0487447;-1.41717,0.187512,-1.63661
-0.019679,-0.19554,0.0372012;-1.501,0.18686,-1.6442
-0.0216357,-0.198506,0.0379932;-1.52054,0.248805,-1.68846
-0.0244003,-0.20509,0.0346805;-1.53131,0.307946,-1.65858
-0.0286557,-0.211482,0.031311;-1.55333,0.360188,-1.60183
-0.038499,-0.232493,0.0424284;-1.426,0.450589,-1.6153
-0.0348041,-0.234518,0.0440505;-1.42236,0.434833,-1.63434
-0.0248697,-0.232833,0.0371737;-1.42833,0.420289,-1.65121
-0.0232212,-0.234777,0.0334177;-1.51462,0.461495,-1.64576
-0.0223115,-0.234358,0.0331315;-1.50363,0.467315,-1.64072
-0.0249333,-0.23764,0.0348203;-1.47324,0.491019,-1.63584
-0.0249333,-0.23764,0.0348203;-1.47324,0.491019,-1.63584
-0.0317257,-0.242283,0.0348032;-1.49487,0.533318,-1.59123
-0.0317257,-0.242283,0.0348032;-1.49487,0.533318,-1.59123
