0,0,0.11;-1.57,-2.98023e-08,-1.57
0,0,0.11;-1.57,-2.98023e-08,-1.57
0,0,0.11;-1.57,-2.98023e-08,-1.57
-0.000263765,0.00190325,0.0285832;-1.5707,-0.153542,-1.57085
-7.93757e-05,0.00167813,0.0286115;-1.57009,-0.122398,-1.56944
-0.00043188,0.000472501,0.0289931;-1.55897,-0.102892,-1.56236
0.000620213,-0.00315479,0.0307813;-1.52264,-0.0768631,-1.56213
-6.52441e-05,-0.00294311,0.028647;-1.57063,-0.128746,-1.57421
-0.000185469,-0.000594215,0.0285804;-1.57089,-0.228565,-1.57078
-0.000556142,-0.00135698,0.0285797;-1.5708,-0.300374,-1.57084
-0.000578568,-0.00396052,0.0287489;-1.57073,-0.20126,-1.57874
-5.6856e-05,-0.00593148,0.0292143;-1.56084,-0.179181,-1.57636
0.00162049,-0.00882465,0.0306897;-1.53141,-0.151474,-1.5697
0.00281079,-0.0130033,0.0335081;-1.49839,-0.139236,-1.58026
0.00087851,-0.0106251,0.0307048;-1.5671,-0.184047,-1.60471
0.000398127,-0.005819,0.0299861;-1.58271,-0.235823,-1.5966
0.00194323,-0.00032726,0.0320504;-1.58978,-0.280934,-1.62405
0.00276499,-0.00506012,0.0332087;-1.58173,-0.227452,-1.63535
0.00464079,-0.00816727,0.0367035;-1.52899,-0.199976,-1.64318
0.00840021,-0.0143281,0.040274;-1.46491,-0.145555,-1.63588
0.00599457,-0.013524,0.04072;-1.46718,-0.18739,-1.64205
0.00535211,-0.0103159,0.0371393;-1.50725,-0.209637,-1.6337
0.00505432,-0.00394299,0.0314552;-1.5671,-0.261824,-1.61483
0.00539118,-0.00569875,0.0307245;-1.56394,-0.22287,-1.60532
0.00782626,-0.0118887,0.0338618;-1.51462,-0.160325,-1.60096
0.0083971,-0.0152704,0.0360168;-1.47604,-0.131844,-1.59488
0.00496443,-0.0126213,0.0364396;-1.46408,-0.178113,-1.58979
-3.65313e-05,-0.00284179,0.0298458;-1.52631,-0.267995,-1.5559
0.000378194,-0.00322951,0.0304282;-1.51444,-0.273741,-1.55249
0.00117308,-0.00196033,0.0307511;-1.50975,-0.266256,-1.55174
0.00652861,-0.00918706,0.0364052;-1.4314,-0.176656,-1.55641
0.0102908,-0.0181349,0.0369739;-1.40928,-0.0813267,-1.55882
0.0117986,-0.0236951,0.0371401;-1.40528,-0.0489374,-1.5656
0.00457671,-0.0102138,0.0328516;-1.48575,-0.194334,-1.54144
0.00294499,-0.00489033,0.0331465;-1.4792,-0.247645,-1.53222
0.00356454,-0.00351695,0.0343016;-1.45397,-0.254014,-1.53281
0.00607786,-0.00656368,0.0354909;-1.42406,-0.18214,-1.53818
0.00792228,-0.0124831,0.0366315;-1.40795,-0.121361,-1.54901
0.00783388,-0.0167806,0.0400076;-1.36276,-0.103163,-1.56128
0.00118992,-0.00373408,0.0371936;-1.43269,-0.238273,-1.55625
0.000141755,0.00246983,0.0344144;-1.44582,-0.284789,-1.53859
0.00127948,0.00217184,0.0349587;-1.43898,-0.29149,-1.53998
0.00372822,-0.00372095,0.0395899;-1.40382,-0.236959,-1.57166
0.00680455,-0.0122816,0.0420595;-1.3754,-0.167768,-1.59014
0.0081643,-0.0168809,0.0432298;-1.35753,-0.129625,-1.59769
0.00175054,-0.0117181,0.0424193;-1.39944,-0.227836,-1.60797
-0.00224288,-0.00309038,0.0373757;-1.45074,-0.300062,-1.5828
-0.00290199,-0.000699196,0.0359708;-1.46606,-0.342142,-1.57381
-0.00261582,0.000906502,0.0393874;-1.43167,-0.325951,-1.58543
-0.000733714,-0.00466678,0.0415799;-1.3962,-0.268619,-1.58363
0.00269977,-0.0119997,0.0428826;-1.36524,-0.19457,-1.58528
-0.00201844,-0.0125384,0.0401136;-1.40671,-0.256751,-1.57635
-0.00681109,-0.00567348,0.0341053;-1.46554,-0.351062,-1.55599
-0.00988147,-0.00173276,0.0314997;-1.50777,-0.413267,-1.55541
-0.00836197,0.000142117,0.0336412;-1.48854,-0.408336,-1.56354
-0.00678761,-0.00159099,0.0357811;-1.44612,-0.37553,-1.54818
-0.00497081,-0.00661503,0.0398317;-1.38657,-0.328776,-1.54538
-0.00655986,-0.0122395,0.0387942;-1.3916,-0.306431,-1.54213
-0.0083341,-0.00947667,0.0366575;-1.42222,-0.362036,-1.54328
-0.0107695,-0.00513684,0.0318715;-1.49453,-0.4048,-1.54518
-0.00979267,-0.00169755,0.0348486;-1.45375,-0.417425,-1.54139
-0.00816879,-0.00296103,0.0379767;-1.41353,-0.381292,-1.54487
-0.00667897,-0.00771826,0.0409474;-1.36767,-0.339863,-1.54621
-0.00482344,-0.0207515,0.0421603;-1.3616,-0.275637,-1.5688
-0.00606437,-0.0195427,0.0404273;-1.41003,-0.321322,-1.58345
-0.00873835,-0.0130436,0.0362794;-1.48701,-0.378065,-1.59923
-0.00960425,-0.00546374,0.03518;-1.49261,-0.433466,-1.59097
-0.00742542,-0.00599668,0.036431;-1.49419,-0.419761,-1.60773
-0.00654538,-0.00657563,0.0387991;-1.46943,-0.415259,-1.61034
-0.0032732,-0.0156083,0.0441973;-1.38626,-0.327456,-1.60845
-0.00558575,-0.0162339,0.0451257;-1.39125,-0.349597,-1.61913
-0.0090743,-0.0131919,0.0434074;-1.42583,-0.391736,-1.62834
-0.0159266,0.00141996,0.0410207;-1.44722,-0.502775,-1.6114
-0.0137375,-0.000666238,0.043409;-1.42921,-0.499412,-1.62235
-0.0118107,-0.0038105,0.045979;-1.40553,-0.464225,-1.63122
-0.0111735,-0.0209448,0.0423955;-1.3672,-0.298573,-1.56837
-0.0132587,-0.0210725,0.0411791;-1.36907,-0.310465,-1.55224
-0.0152246,-0.0172701,0.0377201;-1.39596,-0.338013,-1.52971
-0.0190473,-0.00992228,0.0351214;-1.42371,-0.418487,-1.5132
-0.0176671,-0.0113548,0.036677;-1.38959,-0.417601,-1.49535
-0.0165606,-0.0119905,0.0372491;-1.38716,-0.409836,-1.50017
-0.0167385,-0.0147761,0.0412053;-1.32614,-0.3573,-1.50156
-0.0179316,-0.0161944,0.0393639;-1.34583,-0.346929,-1.49652
-0.017532,-0.0174149,0.0375903;-1.37627,-0.322228,-1.5067
-0.0206428,-0.0131933,0.0331098;-1.45943,-0.405786,-1.51827
-0.0193699,-0.0144724,0.0339418;-1.44613,-0.437542,-1.51364
-0.0177379,-0.0149792,0.0335785;-1.45723,-0.43195,-1.52284
-0.0158373,-0.0166826,0.0391222;-1.381,-0.372387,-1.52547
-0.0154394,-0.0193193,0.0398497;-1.3875,-0.34317,-1.54457
-0.0145702,-0.0219608,0.0397648;-1.39463,-0.30728,-1.55643
-0.0172844,-0.017456,0.0348452;-1.4713,-0.391857,-1.56076
-0.015936,-0.0125138,0.0299348;-1.55931,-0.473414,-1.56905
-0.0139051,-0.0146973,0.031238;-1.55158,-0.452742,-1.58582
-0.010716,-0.0207343,0.034141;-1.52266,-0.385936,-1.59866
-0.0107755,-0.0225941,0.0378388;-1.4803,-0.39442,-1.60886
-0.0111388,-0.0244024,0.0402673;-1.45338,-0.39424,-1.61314
-0.0179772,-0.0162577,0.0372414;-1.51348,-0.495214,-1.63089
-0.0195471,-0.00365916,0.0321238;-1.62388,-0.552692,-1.61849
-0.0187104,-0.00720875,0.0319835;-1.57365,-0.52192,-1.61869
-0.0161036,-0.013818,0.037791;-1.47754,-0.458411,-1.60228
-0.0127487,-0.0324496,0.0420623;-1.37796,-0.318676,-1.5785
-0.0136543,-0.035293,0.0408772;-1.4037,-0.312159,-1.58838
-0.0164901,-0.0330152,0.0366397;-1.4627,-0.332535,-1.58569
-0.022946,-0.0256908,0.0293244;-1.55783,-0.436968,-1.56111
-0.0234072,-0.0232803,0.0292462;-1.57265,-0.458049,-1.57325
-0.0210401,-0.0248741,0.0298092;-1.55942,-0.405417,-1.56926
-0.0137561,-0.0337737,0.0399567;-1.381,-0.278152,-1.54857
-0.0122784,-0.0367412,0.0401822;-1.38236,-0.257928,-1.56073
-0.01398,-0.0356894,0.0370822;-1.41896,-0.273145,-1.54843
-0.0193116,-0.0314873,0.0343278;-1.46172,-0.376071,-1.52406
-0.0212857,-0.0303962,0.0337458;-1.49232,-0.437388,-1.54597
-0.0224901,-0.0288889,0.0329781;-1.52651,-0.486514,-1.56929
-0.0157068,-0.0192575,0.047;-1.70425,-0.424769,-1.57092
-0.0127737,-0.0114632,0.0484058;-1.72005,-0.443381,-1.57657
-0.0139639,-0.00437769,0.0468541;-1.71656,-0.518026,-1.56351
-0.0155115,-0.00758569,0.0393727;-1.66741,-0.597863,-1.55374
-0.0176733,-0.00973515,0.0378753;-1.66291,-0.596059,-1.55549
-0.019367,-0.0119632,0.0386113;-1.7072,-0.538179,-1.59023
-0.0202589,-0.0154956,0.0405261;-1.7263,-0.399198,-1.58003
-0.0155925,-0.0194669,0.0451297;-1.77835,-0.299543,-1.57565
-0.0160762,-0.0299913,0.0461413;-1.76974,-0.284824,-1.58842
-0.0222419,-0.0276629,0.0323363;-1.5879,-0.370196,-1.54002
-0.0243499,-0.0161398,0.0313782;-1.57264,-0.40672,-1.52731
-0.026232,-0.0129233,0.0330814;-1.60026,-0.403604,-1.53319
-0.0264956,-0.0154354,0.0365491;-1.60185,-0.309932,-1.51722
-0.0249037,-0.0178118,0.0449452;-1.64359,-0.240532,-1.4966
-0.0199242,-0.0264133,0.0448359;-1.55528,-0.191872,-1.51078
-0.0298447,-0.0368895,0.0395416;-1.40095,-0.2615,-1.55294
-0.0298093,-0.0258567,0.0361387;-1.53157,-0.354485,-1.51205
-0.0237367,-0.0151667,0.0354892;-1.59893,-0.427459,-1.51456
-0.0218544,-0.0235421,0.0387895;-1.66392,-0.33865,-1.55368
-0.0210419,-0.0254439,0.0410948;-1.65571,-0.252139,-1.55174
-0.0173084,-0.0238972,0.0504157;-1.69451,-0.228974,-1.54612
-0.0239007,-0.0204012,0.0491424;-1.64299,-0.333316,-1.55398
-0.0243824,-0.011372,0.0472635;-1.67702,-0.387967,-1.53085
-0.0207725,-0.00762104,0.0452009;-1.68529,-0.439395,-1.52725
-0.0202545,-0.0191254,0.0460263;-1.75466,-0.37323,-1.58977
-0.0190234,-0.0204039,0.0493959;-1.78619,-0.327216,-1.58539
-0.0155101,-0.0197135,0.050991;-1.7821,-0.296787,-1.58327
-0.0203198,-0.0222416,0.0513182;-1.7438,-0.35451,-1.5903
-0.0202474,-0.0169097,0.0461774;-1.77652,-0.410682,-1.6029
-0.0154021,-0.0144907,0.0415257;-1.76094,-0.41752,-1.61623
-0.0196238,-0.0136894,0.0445104;-1.75295,-0.379541,-1.57355
-0.0198375,-0.0131693,0.0485368;-1.77463,-0.322938,-1.55979
-0.0188466,-0.0156711,0.0489481;-1.76402,-0.267096,-1.56024
-0.0196479,-0.0255096,0.054888;-1.63101,-0.252803,-1.57557
-0.0205275,-0.0260302,0.051686;-1.68488,-0.334862,-1.5864
-0.0159456,-0.0205816,0.0457096;-1.77316,-0.415205,-1.5974
-0.0101868,-0.0220433,0.0426645;-1.78181,-0.444178,-1.62426
-0.0109343,-0.0238209,0.0457608;-1.79732,-0.404477,-1.60523
-0.0116667,-0.0244852,0.0492083;-1.80431,-0.342137,-1.59004
-0.00651849,-0.0298127,0.0533438;-1.76598,-0.270807,-1.58937
-0.0129838,-0.0336645,0.053222;-1.70516,-0.293887,-1.59091
-0.0175893,-0.0286577,0.0508796;-1.73102,-0.357204,-1.57882
-0.0138204,-0.0245959,0.0455047;-1.78656,-0.436909,-1.61286
-0.0136097,-0.0279475,0.0467252;-1.82355,-0.439672,-1.62693
-0.0114437,-0.0300277,0.0503947;-1.83729,-0.393547,-1.61302
-0.00749924,-0.0409358,0.051891;-1.80266,-0.30071,-1.60212
-0.0117044,-0.045157,0.0540008;-1.70994,-0.325797,-1.60913
-0.0173859,-0.0418589,0.0502501;-1.66743,-0.38407,-1.59755
-0.0182233,-0.0308831,0.041534;-1.70431,-0.470739,-1.57304
-0.0199471,-0.0328625,0.0426606;-1.72975,-0.445468,-1.58013
-0.020476,-0.0339593,0.0462744;-1.74658,-0.357646,-1.56562
-0.0160768,-0.0372334,0.0477177;-1.75328,-0.26447,-1.56602
-0.0204859,-0.041013,0.0494842;-1.65943,-0.261543,-1.55048
-0.0234084,-0.0411846,0.0452248;-1.62309,-0.313824,-1.54213
-0.0233499,-0.0313583,0.0357309;-1.58344,-0.413702,-1.50132
-0.0230923,-0.0337851,0.0356656;-1.60285,-0.390174,-1.51984
-0.0241911,-0.0377855,0.0391033;-1.63698,-0.314981,-1.52196
-0.0173433,-0.0409913,0.0453252;-1.71804,-0.189465,-1.55035
-0.0199857,-0.0469216,0.0471617;-1.69622,-0.143305,-1.54356
-0.0233594,-0.0524341,0.0437376;-1.61971,-0.179128,-1.55043
-0.0203749,-0.0417421,0.0384693;-1.65308,-0.260535,-1.53046
-0.0161221,-0.0362331,0.0412526;-1.69619,-0.251062,-1.53499
-0.01477,-0.035189,0.0446738;-1.74171,-0.207774,-1.52907
-0.0143301,-0.0375309,0.0510763;-1.79266,-0.11461,-1.52565
-0.0115843,-0.0404174,0.0534119;-1.82683,-0.0874722,-1.52834
-0.0114759,-0.0410646,0.05183;-1.84338,-0.112669,-1.52598
-0.00668197,-0.0418059,0.0463921;-1.80324,-0.156099,-1.54775
-0.0032611,-0.042483,0.0461323;-1.79346,-0.152342,-1.54487
-0.000134907,-0.0439197,0.0461961;-1.79945,-0.139953,-1.54826
-0.000134907,-0.0439197,0.0461961;-1.79945,-0.139953,-1.54826
-0.00228601,-0.0453678,0.0478117;-1.80341,-0.136282,-1.5349
-0.00228601,-0.0453678,0.0478117;-1.80341,-0.136282,-1.5349
