0,0,0.11;-1.57,-2.98023e-08,-1.57
0,0,0.11;-1.57,-2.98023e-08,-1.57
0,0,0.11;-1.57,-2.98023e-08,-1.57
-9.52377e-05,0.00489452,0.0286313;-1.57076,-0.131098,-1.57344
0.000154539,0.00406972,0.0285982;-1.56999,-0.109875,-1.57044
0.000157209,0.00376704,0.0286906;-1.57091,-0.10728,-1.56549
0.000307732,0.00383088,0.0287309;-1.57098,-0.121341,-1.56352
0.000148841,0.00449267,0.0286085;-1.571,-0.184144,-1.57228
0.000348843,0.00652826,0.0288296;-1.57733,-0.214265,-1.57766
0.00115838,0.00859636,0.0291835;-1.59695,-0.24636,-1.58127
0.000735279,0.00572303,0.0299736;-1.57711,-0.194726,-1.56604
-0.000156922,0.00299167,0.0300674;-1.54943,-0.175061,-1.54965
-0.000689818,0.00130509,0.0300229;-1.55035,-0.162571,-1.54294
-0.00130932,0.000938374,0.0292975;-1.5525,-0.190149,-1.55059
-0.0018626,0.000386807,0.0290268;-1.55765,-0.228918,-1.55905
-0.00183879,0.000380975,0.0289828;-1.55313,-0.228391,-1.56438
-0.00177526,0.000311527,0.02858;-1.57084,-0.231065,-1.57068
-0.00157524,8.42333e-05,0.028794;-1.56736,-0.219807,-1.56317
-0.00165066,2.09611e-05,0.0287947;-1.57001,-0.220032,-1.5611
-0.00166184,0.000347581,0.0290079;-1.57407,-0.227924,-1.55912
-0.00176496,0.00152823,0.0292092;-1.57687,-0.256127,-1.56306
-0.00233177,0.00489542,0.0291655;-1.57336,-0.305441,-1.57114
-0.00158109,0.0147321,0.0294145;-1.5781,-0.399812,-1.58242
-0.00137814,0.0135253,0.0290877;-1.56978,-0.377786,-1.5769
-0.00190357,0.0065364,0.0291655;-1.56424,-0.304239,-1.57476
-0.000758759,-0.00381807,0.029377;-1.55395,-0.208489,-1.57192
-0.00112883,-0.00376081,0.0293437;-1.54562,-0.22679,-1.56718
-0.0034835,0.000294318,0.0308425;-1.51135,-0.289438,-1.55867
-0.00487556,0.00316935,0.032732;-1.47659,-0.318856,-1.54838
-0.00496473,0.00386331,0.0336715;-1.46182,-0.318087,-1.53934
-0.00383812,-0.00510456,0.0359267;-1.41691,-0.240094,-1.53257
-0.00401807,-0.0163626,0.0378488;-1.41439,-0.172025,-1.51985
-0.00338265,-0.0198008,0.0385903;-1.39382,-0.170018,-1.52074
-0.00515052,-0.0150537,0.039499;-1.36412,-0.200959,-1.52779
-0.00606251,-0.0115396,0.0406712;-1.337,-0.241512,-1.52311
-0.00599512,-0.00982234,0.040969;-1.32703,-0.248391,-1.52552
-0.00581356,-0.0117799,0.0405438;-1.33572,-0.219342,-1.52376
-0.00620113,-0.0159723,0.0404343;-1.33438,-0.186679,-1.52399
-0.00497571,-0.0196303,0.0400248;-1.33877,-0.154484,-1.52859
-0.00533866,-0.0189117,0.0402931;-1.3263,-0.176967,-1.52963
-0.00673975,-0.0168358,0.0410673;-1.316,-0.222839,-1.52042
-0.00757807,-0.014796,0.0414171;-1.32305,-0.260299,-1.52432
-0.00454677,-0.022994,0.038928;-1.37898,-0.181875,-1.55404
-0.00495124,-0.034358,0.0365351;-1.42464,-0.123847,-1.54641
-0.00481549,-0.0442865,0.0367051;-1.44864,-0.0611247,-1.53804
-0.00826633,-0.0431633,0.0350034;-1.44418,-0.134145,-1.54482
-0.00997355,-0.0397872,0.0346829;-1.44225,-0.161865,-1.54902
-0.0108599,-0.0362708,0.0357526;-1.42099,-0.18362,-1.54575
-0.0100857,-0.0356149,0.0365915;-1.40866,-0.150322,-1.54056
-0.010467,-0.0369092,0.0365506;-1.41347,-0.134924,-1.53488
-0.010768,-0.0375849,0.0374075;-1.41909,-0.124665,-1.51952
-0.0117149,-0.0378967,0.0373032;-1.39113,-0.201934,-1.53028
-0.0119701,-0.0368027,0.0374861;-1.38514,-0.23563,-1.53203
-0.012874,-0.0316495,0.0373381;-1.38863,-0.295588,-1.53193
-0.0100949,-0.0359429,0.0344902;-1.45461,-0.257222,-1.53931
-0.0118234,-0.03796,0.0350828;-1.47454,-0.235532,-1.52147
-0.0123802,-0.0412554,0.0359261;-1.51287,-0.191459,-1.49364
-0.0134805,-0.0409087,0.035637;-1.48083,-0.201478,-1.51099
-0.0142414,-0.0424235,0.0337521;-1.46339,-0.252395,-1.53962
-0.017918,-0.0384989,0.0324504;-1.48106,-0.31083,-1.5475
-0.0221958,-0.0341606,0.0296084;-1.53486,-0.358214,-1.55802
-0.0214614,-0.0350451,0.0304238;-1.52071,-0.329095,-1.54982
-0.0190844,-0.0364931,0.0318476;-1.49601,-0.283496,-1.54151
-0.0176229,-0.035088,0.0318567;-1.49667,-0.265128,-1.544
-0.0176859,-0.0343191,0.0326897;-1.47719,-0.272587,-1.54149
-0.0192424,-0.0335514,0.033636;-1.45654,-0.297636,-1.53848
-0.0260168,-0.0298629,0.0322646;-1.49231,-0.392764,-1.52919
-0.023352,-0.0288123,0.0345509;-1.45412,-0.337912,-1.5152
-0.0200763,-0.0308131,0.0357593;-1.45909,-0.279514,-1.50521
-0.015987,-0.0324215,0.0368881;-1.41625,-0.245022,-1.51212
-0.0157125,-0.033108,0.037642;-1.37851,-0.264594,-1.5171
-0.0167971,-0.0318423,0.0388732;-1.36468,-0.286028,-1.52081
-0.0234757,-0.021788,0.0422782;-1.3739,-0.425388,-1.55772
-0.0210883,-0.0220663,0.042507;-1.38927,-0.38252,-1.57848
-0.0161727,-0.0269406,0.0427076;-1.36009,-0.319483,-1.55802
-0.01149,-0.0335845,0.0411874;-1.3258,-0.251023,-1.5145
-0.0145511,-0.0307013,0.0429646;-1.32167,-0.306194,-1.52782
-0.0155487,-0.0292192,0.043456;-1.31785,-0.326903,-1.53788
-0.0292364,-0.0223559,0.0442592;-1.33649,-0.480922,-1.53194
-0.0284037,-0.0289232,0.0443354;-1.31941,-0.449443,-1.51871
-0.0267469,-0.0328683,0.0425001;-1.3322,-0.407343,-1.50325
-0.0213987,-0.039584,0.0391567;-1.36668,-0.339076,-1.49592
-0.0225894,-0.0387298,0.0389396;-1.36288,-0.394229,-1.50186
-0.0282109,-0.032774,0.0375839;-1.44084,-0.458156,-1.55926
-0.0361696,-0.0205379,0.0372794;-1.5234,-0.575894,-1.64129
-0.0351147,-0.0206755,0.0366805;-1.54582,-0.566022,-1.65764
-0.0336397,-0.0241318,0.037406;-1.52507,-0.53283,-1.63843
-0.0289636,-0.0384143,0.0391233;-1.40765,-0.398078,-1.54503
-0.027971,-0.0394913,0.0378079;-1.42747,-0.413239,-1.54716
-0.0313486,-0.0353673,0.0357093;-1.4842,-0.456408,-1.57964
-0.0382628,-0.0260251,0.0329916;-1.53737,-0.55717,-1.60317
-0.0398425,-0.0231105,0.0321639;-1.52434,-0.575507,-1.58564
-0.0396682,-0.0227525,0.0332513;-1.50189,-0.573275,-1.56867
-0.035065,-0.0388098,0.0325621;-1.50813,-0.467912,-1.55082
-0.0335381,-0.0413845,0.032896;-1.49541,-0.45365,-1.55097
-0.0322958,-0.041437,0.0321366;-1.5091,-0.444939,-1.55561
-0.0394412,-0.034465,0.0325653;-1.49951,-0.53101,-1.56048
-0.0423417,-0.0305611,0.0317533;-1.53136,-0.568576,-1.5809
-0.0382813,-0.0344508,0.0307151;-1.56095,-0.511986,-1.59755
-0.0353246,-0.0380155,0.0300685;-1.54913,-0.464408,-1.57418
-0.0352624,-0.0385692,0.0333729;-1.51379,-0.464725,-1.52993
-0.0391917,-0.0336021,0.033997;-1.50618,-0.514645,-1.51642
-0.0432643,-0.0280494,0.0344259;-1.49755,-0.53653,-1.50783
-0.0457601,-0.0184523,0.0356749;-1.45471,-0.549631,-1.50515
-0.0426589,-0.0228527,0.0348637;-1.44944,-0.50478,-1.51508
-0.0421588,-0.0237681,0.0359272;-1.42865,-0.47393,-1.50777
-0.0429004,-0.0279096,0.0361483;-1.42533,-0.492513,-1.49866
-0.0433691,-0.0269736,0.034513;-1.45646,-0.511129,-1.51259
-0.0426404,-0.0262737,0.0341443;-1.45674,-0.502941,-1.51899
-0.0407186,-0.0271908,0.0343451;-1.44833,-0.486416,-1.52279
-0.0415549,-0.0263737,0.034967;-1.4441,-0.475782,-1.51202
-0.0414655,-0.0264532,0.0369173;-1.45411,-0.448397,-1.48247
-0.0394982,-0.0346672,0.0382727;-1.51776,-0.411474,-1.44402
-0.0390228,-0.0371537,0.0377267;-1.53536,-0.420638,-1.45537
-0.0438259,-0.0331483,0.0385732;-1.57687,-0.450919,-1.47286
-0.0522775,-0.0171298,0.0416734;-1.60314,-0.508619,-1.47483
-0.0508735,-0.0128665,0.0429836;-1.61676,-0.479961,-1.47649
-0.0495477,-0.0116023,0.0429412;-1.62838,-0.432297,-1.47885
-0.0425581,-0.0207872,0.0424065;-1.54048,-0.352854,-1.47964
-0.0393456,-0.0255916,0.0383428;-1.46213,-0.359063,-1.47248
-0.0390503,-0.0270779,0.0373773;-1.44047,-0.379041,-1.49401
-0.0413458,-0.0306751,0.0375977;-1.40344,-0.421578,-1.4994
-0.0442647,-0.0288227,0.0394069;-1.39162,-0.439359,-1.47757
-0.0466611,-0.0266293,0.0439726;-1.46601,-0.417113,-1.49183
-0.0454993,-0.040993,0.0475461;-1.50154,-0.302079,-1.47959
-0.0454039,-0.0491734,0.0475843;-1.49424,-0.213176,-1.48268
-0.0436159,-0.0537587,0.0477149;-1.47676,-0.222169,-1.48244
-0.0471815,-0.0345934,0.0519301;-1.50182,-0.352706,-1.50768
-0.0485543,-0.028095,0.0504023;-1.48614,-0.388499,-1.50543
-0.0447758,-0.0265319,0.0530637;-1.50235,-0.420112,-1.51833
-0.0351005,-0.0467832,0.0420505;-1.39558,-0.356566,-1.50902
-0.0327282,-0.0511307,0.0404367;-1.37559,-0.302269,-1.48244
-0.0319907,-0.0499649,0.0404437;-1.40846,-0.272086,-1.47127
-0.0383895,-0.0491837,0.040579;-1.38287,-0.339365,-1.46575
-0.0432937,-0.0476448,0.043107;-1.37012,-0.382987,-1.44421
-0.0468257,-0.0441496,0.0462988;-1.43597,-0.415206,-1.46228
-0.0446512,-0.0432538,0.0501473;-1.52952,-0.342788,-1.5159
-0.0423872,-0.05133,0.049698;-1.53624,-0.270488,-1.50547
-0.0381585,-0.0612801,0.0476861;-1.50358,-0.213978,-1.48148
-0.0416584,-0.0614416,0.0444484;-1.49099,-0.308143,-1.48361
-0.0463629,-0.0539432,0.045253;-1.54129,-0.360247,-1.50572
-0.0521578,-0.0434852,0.0447335;-1.57267,-0.425269,-1.50907
-0.0461706,-0.0382076,0.0465451;-1.65182,-0.370137,-1.55331
-0.0369433,-0.0515521,0.0404798;-1.58721,-0.295408,-1.53597
-0.0310398,-0.0629593,0.0348989;-1.49916,-0.245625,-1.50496
-0.0317736,-0.064395,0.0346122;-1.52528,-0.244171,-1.49733
-0.0356153,-0.0618294,0.0352774;-1.50464,-0.285962,-1.4951
-0.0407867,-0.0584409,0.0374583;-1.48272,-0.321358,-1.4708
-0.0408477,-0.0570309,0.0376922;-1.52934,-0.337604,-1.49836
-0.0357912,-0.0609146,0.0375711;-1.52237,-0.296204,-1.49033
-0.0318573,-0.0670625,0.037261;-1.50803,-0.238423,-1.47425
-0.0289556,-0.0739541,0.0392926;-1.57608,-0.210738,-1.5101
-0.0348721,-0.0667938,0.0427459;-1.70022,-0.269687,-1.58472
-0.0399905,-0.056481,0.0445844;-1.76398,-0.329522,-1.61363
-0.0385026,-0.0419852,0.0392426;-1.77328,-0.394825,-1.64279
-0.0372597,-0.0446408,0.037462;-1.75576,-0.354765,-1.63973
-0.0315955,-0.0572422,0.0360619;-1.6792,-0.269967,-1.60444
-0.0198027,-0.0800135,0.029515;-1.56717,-0.19213,-1.56415
-0.0222457,-0.0805696,0.0295459;-1.57663,-0.236917,-1.56048
-0.0257235,-0.0772995,0.0312742;-1.61314,-0.273435,-1.57103
-0.035667,-0.0643004,0.0384014;-1.74528,-0.296806,-1.60032
-0.036545,-0.0627378,0.0399927;-1.76061,-0.287755,-1.59196
-0.0374243,-0.0640319,0.0422526;-1.78775,-0.241533,-1.58893
-0.0289194,-0.0814796,0.0439565;-1.73403,-0.121961,-1.56674
-0.0237005,-0.0861764,0.042607;-1.64987,-0.185852,-1.56397
-0.0212033,-0.080442,0.0391542;-1.58367,-0.272951,-1.585
-0.0202862,-0.0593536,0.0352963;-1.51401,-0.426034,-1.60918
-0.0186618,-0.0582188,0.0364015;-1.48382,-0.406722,-1.60262
-0.0152978,-0.0640259,0.0379815;-1.44003,-0.343072,-1.58201
-0.00785152,-0.0807778,0.0365942;-1.42825,-0.206284,-1.54697
-0.00605464,-0.083884,0.0351502;-1.45243,-0.197459,-1.54977
-0.00825295,-0.0824478,0.0331705;-1.50362,-0.230721,-1.5703
-0.0138837,-0.0751628,0.0338301;-1.51637,-0.3227,-1.60747
-0.0147806,-0.0734845,0.0330916;-1.54368,-0.331113,-1.61637
-0.0133873,-0.0740552,0.0320044;-1.54859,-0.301293,-1.60831
-0.00915455,-0.0822452,0.0325366;-1.49905,-0.214017,-1.56148
-0.00796219,-0.0843441,0.0320986;-1.50356,-0.206524,-1.56402
-0.00602073,-0.0865734,0.0309983;-1.53976,-0.175432,-1.58509
-0.0103434,-0.081999,0.032009;-1.5375,-0.251821,-1.60754
-0.0137269,-0.078376,0.0330004;-1.54501,-0.293142,-1.6209
-0.0143015,-0.0777799,0.0327239;-1.54589,-0.297548,-1.61497
-0.0143015,-0.0777799,0.0327239;-1.54589,-0.297548,-1.61497
-0.0140397,-0.0791118,0.0314171;-1.531,-0.28374,-1.58052
-0.0140397,-0.0791118,0.0314171;-1.531,-0.28374,-1.58052
