0,0,0.11;-1.57,-2.98023e-08,-1.57
0,0,0.11;-1.57,-2.98023e-08,-1.57
0,0,0.11;-1.57,-2.98023e-08,-1.57
-0.000334618,-0.00054762,0.0285812;-1.57059,-0.121869,-1.57075
-0.000313962,-0.000824394,0.0286927;-1.57072,-0.147968,-1.56556
-0.000437759,-0.0011048,0.0289667;-1.56244,-0.157778,-1.55893
-0.000552987,0.00049385,0.0300693;-1.55001,-0.116625,-1.55185
0.000915778,-5.46772e-05,0.0309483;-1.51559,-0.0847702,-1.56676
0.00210775,0.000831316,0.0291294;-1.55166,-0.0683864,-1.57677
0.00257619,0.00109342,0.0291629;-1.55949,-0.0587022,-1.58681
0.000210162,0.0043898,0.0288959;-1.57123,-0.114723,-1.58575
0.000177249,0.00589842,0.0287247;-1.57064,-0.150969,-1.57754
0.000376249,0.00817897,0.0300663;-1.59252,-0.171771,-1.56295
0.00260741,0.0153174,0.0300794;-1.57363,-0.206549,-1.55053
0.00328521,0.0156574,0.0287181;-1.57758,-0.222583,-1.57248
0.0034226,0.0156543,0.0287531;-1.57471,-0.226791,-1.57613
0.00346587,0.0160399,0.0290429;-1.5769,-0.217383,-1.5881
0.00353269,0.0147721,0.0295917;-1.57306,-0.193211,-1.59124
0.00421934,0.0131006,0.0313227;-1.55744,-0.169433,-1.60196
0.00387971,0.00624347,0.0382467;-1.43913,-0.123537,-1.58864
0.00521526,-0.000203405,0.0398446;-1.39074,-0.0958209,-1.58031
0.00479546,-0.000869757,0.0364174;-1.43194,-0.0964067,-1.56984
0.00304337,0.00834045,0.0297614;-1.56036,-0.192252,-1.56872
0.00300086,0.0113322,0.030061;-1.56753,-0.229549,-1.57432
0.00406056,0.0161664,0.0300411;-1.57615,-0.271338,-1.58071
0.00833829,0.017979,0.0325338;-1.54496,-0.272827,-1.60315
0.01149,0.0136498,0.0401551;-1.41006,-0.254184,-1.57949
0.0116887,0.00789366,0.048326;-1.22397,-0.271307,-1.51307
0.0120181,0.00531306,0.0488132;-1.2164,-0.254537,-1.51821
0.0119068,0.00167995,0.0498828;-1.21524,-0.231897,-1.53779
0.0109399,0.000874968,0.0490406;-1.28206,-0.242064,-1.58028
0.0101614,0.00181891,0.0459134;-1.39,-0.25365,-1.63335
0.00836218,0.00413246,0.0445709;-1.44725,-0.275345,-1.66201
0.011732,0.00593984,0.0428957;-1.47835,-0.264264,-1.65585
0.0152286,0.0101688,0.0427289;-1.52533,-0.261253,-1.66388
0.0187642,0.0109144,0.0446033;-1.52372,-0.229802,-1.6795
0.0181857,0.0195994,0.0417425;-1.6212,-0.243082,-1.68267
0.0170157,0.0234046,0.0402165;-1.65646,-0.252056,-1.69168
0.0156166,0.0252233,0.0402176;-1.64303,-0.244822,-1.68681
0.0106595,0.0246312,0.0449487;-1.47047,-0.291526,-1.66269
0.00367318,0.0201259,0.0463952;-1.40041,-0.29689,-1.63537
-0.00373346,0.0159954,0.04239;-1.40616,-0.294355,-1.59229
0.00344932,0.0242724,0.0407878;-1.47437,-0.275906,-1.61882
0.00461319,0.0259721,0.0434692;-1.43415,-0.307149,-1.63688
0.00350346,0.0304394,0.0396342;-1.51844,-0.322046,-1.64935
0.00615167,0.0335827,0.0394197;-1.52364,-0.299532,-1.6525
0.00648223,0.0318113,0.039242;-1.50432,-0.307064,-1.64463
0.00674801,0.030434,0.039605;-1.48759,-0.31284,-1.62891
0.00704759,0.0310187,0.0398886;-1.51329,-0.317026,-1.65478
0.00476234,0.0294287,0.0435065;-1.47172,-0.324977,-1.67139
0.00356197,0.0296803,0.0417637;-1.51507,-0.319898,-1.67684
-0.000702047,0.0374883,0.0325917;-1.59896,-0.369143,-1.61534
-0.00313992,0.0374378,0.0296038;-1.58812,-0.369128,-1.57718
-0.00388448,0.0363259,0.0292519;-1.58155,-0.357135,-1.56831
-0.00551917,0.0315072,0.0296787;-1.56881,-0.31528,-1.55612
-0.00409572,0.026968,0.0302872;-1.5782,-0.254506,-1.57734
-0.00183743,0.0171068,0.0356655;-1.51012,-0.168242,-1.61042
0.00201158,0.0131555,0.0405036;-1.48446,-0.138197,-1.66424
-0.00152448,0.0197392,0.0408391;-1.47479,-0.221783,-1.65086
-0.00305446,0.0282007,0.0346423;-1.54153,-0.290496,-1.61541
-0.00487567,0.0322701,0.0293986;-1.57835,-0.308184,-1.56679
-0.0050965,0.0304398,0.0293836;-1.57771,-0.296283,-1.56448
-0.00449595,0.0292468,0.0297151;-1.56984,-0.293054,-1.56583
-0.000858627,0.0249314,0.0326987;-1.57977,-0.27864,-1.61164
-0.00139917,0.0204114,0.0358616;-1.57065,-0.266726,-1.64236
-0.00287353,0.0164854,0.0337504;-1.60406,-0.285687,-1.62104
-0.00222473,0.0156558,0.0334501;-1.63635,-0.258491,-1.61818
-0.00109331,0.0164792,0.0352318;-1.63338,-0.25039,-1.63692
0.000876332,0.0162734,0.0378436;-1.57063,-0.241545,-1.64829
0.000561659,0.0186098,0.0378462;-1.5464,-0.247711,-1.64651
-0.00171478,0.0199972,0.0374454;-1.54617,-0.255272,-1.64092
-0.0050269,0.0215365,0.0327913;-1.57872,-0.259412,-1.60679
-0.00666978,0.0236198,0.0291021;-1.57469,-0.290736,-1.5626
-0.00617797,0.0244081,0.0293014;-1.57593,-0.299731,-1.56453
-0.00599891,0.024755,0.029553;-1.5754,-0.306374,-1.56763
-0.00268909,0.0201697,0.0341505;-1.49332,-0.234576,-1.5803
-0.00207373,0.0132254,0.0363248;-1.48972,-0.172218,-1.60459
-0.000268141,0.00749181,0.0346528;-1.51334,-0.101006,-1.61068
-0.00267846,0.0155272,0.0301686;-1.56033,-0.170628,-1.57964
-0.00394058,0.0182834,0.029689;-1.58146,-0.201355,-1.57541
-0.00458072,0.0180112,0.0295826;-1.58941,-0.202847,-1.57531
-0.0026492,0.0221239,0.0303544;-1.59337,-0.229908,-1.58147
-0.000900857,0.0250343,0.0319707;-1.58959,-0.244743,-1.59511
0.00103918,0.0312643,0.0333551;-1.59745,-0.291088,-1.60129
0.00314309,0.0393541,0.0326398;-1.66381,-0.387468,-1.61045
0.00276149,0.0395464,0.0320197;-1.64559,-0.378597,-1.598
0.00284269,0.0395602,0.0310652;-1.6321,-0.376569,-1.59642
0.00367092,0.0358725,0.0338828;-1.59761,-0.294177,-1.62904
0.00344569,0.0327475,0.0352502;-1.55854,-0.254636,-1.61551
0.00410885,0.0283372,0.036973;-1.52026,-0.213164,-1.61213
-0.00274035,0.0167395,0.0307319;-1.5447,-0.0861792,-1.56423
-0.00347122,0.0133066,0.0293023;-1.57133,-0.0599087,-1.5597
-0.00399396,0.0126657,0.0292472;-1.57521,-0.0571228,-1.55843
-0.00397549,0.014602,0.0294264;-1.57787,-0.0930923,-1.56529
-0.00267964,0.017854,0.0297156;-1.56437,-0.14138,-1.56885
0.00228667,0.0257899,0.0303301;-1.54156,-0.199899,-1.56453
0.00611026,0.0460964,0.0375322;-1.46434,-0.21893,-1.51729
0.00876876,0.0506206,0.0349101;-1.44185,-0.172473,-1.54593
0.00934441,0.0500545,0.0336516;-1.47884,-0.148855,-1.56143
0.0117999,0.0501206,0.0345431;-1.48426,-0.123101,-1.58776
0.0165145,0.0401972,0.0404882;-1.4466,-0.0995917,-1.60093
0.019333,0.0350308,0.0415807;-1.39513,-0.0806993,-1.60796
0.0178461,0.0364659,0.0412886;-1.39927,-0.0998509,-1.6071
0.00637116,0.0253391,0.0382303;-1.38446,-0.0880819,-1.55478
0.00700702,0.0220432,0.0375302;-1.39076,-0.0623081,-1.5574
0.00987113,0.0206787,0.0376918;-1.39475,-0.0425575,-1.57112
0.0155285,0.0182424,0.0405104;-1.42566,-0.00144947,-1.63086
0.0169875,0.0164789,0.0423009;-1.38347,0.00180009,-1.62887
0.0169797,0.0145086,0.0424481;-1.38196,0.0171273,-1.63163
0.0188496,0.0127029,0.0414898;-1.39216,0.0555334,-1.63077
0.0197609,0.0154281,0.0411781;-1.39899,0.0491785,-1.6276
0.0200562,0.0184307,0.0426594;-1.38792,0.0464798,-1.6325
0.018673,0.0078776,0.0439117;-1.4014,0.043152,-1.65838
0.0243569,0.0136844,0.0434742;-1.4627,0.0381045,-1.67833
0.0350342,0.0247044,0.0436859;-1.59104,0.0469113,-1.67585
0.0385398,0.0343923,0.0419829;-1.63037,0.129691,-1.68094
0.0401775,0.0379785,0.0389191;-1.5859,0.121696,-1.68954
0.0433449,0.039902,0.0383619;-1.53664,0.117817,-1.69454
0.0427695,0.0382498,0.0408977;-1.55575,0.119746,-1.70295
0.0426138,0.0363959,0.0414129;-1.58453,0.133223,-1.6998
0.0464096,0.0361536,0.0413247;-1.61841,0.146411,-1.69183
0.0451744,0.041228,0.0401205;-1.64467,0.115143,-1.66965
0.0428464,0.0398859,0.0377604;-1.62998,0.118024,-1.6543
0.0398286,0.0358806,0.0334245;-1.60166,0.143243,-1.61979
0.0333707,0.0264127,0.03202;-1.58093,0.227107,-1.61236
0.0321809,0.0212853,0.0332972;-1.56617,0.26008,-1.62847
0.0341644,0.0183335,0.0357414;-1.53314,0.265631,-1.65919
0.0368168,0.0234497,0.0372476;-1.53374,0.235619,-1.68394
0.0352477,0.0264334,0.036952;-1.52322,0.201207,-1.67297
0.0344647,0.02914,0.0342905;-1.51416,0.175177,-1.6358
0.0327075,0.028748,0.0307275;-1.53712,0.176763,-1.57219
0.0330961,0.0271687,0.031278;-1.62868,0.178471,-1.55769
0.0349439,0.0303089,0.036438;-1.72283,0.171657,-1.5558
0.0410618,0.0315492,0.0413527;-1.75448,0.147646,-1.59103
0.042328,0.0318006,0.0402109;-1.69033,0.125287,-1.62951
0.0429365,0.0285324,0.0392179;-1.64237,0.143613,-1.64818
0.0473505,0.0244088,0.0364973;-1.53845,0.192385,-1.67343
0.0480017,0.0253953,0.0409396;-1.49408,0.193038,-1.67795
0.0473595,0.0244698,0.0432824;-1.46526,0.202399,-1.68141
0.0473721,0.0227299,0.0451701;-1.42315,0.203936,-1.7027
0.0501762,0.0253934,0.044521;-1.44713,0.182327,-1.71489
0.0516758,0.0309723,0.0422795;-1.52761,0.179877,-1.72027
0.0547287,0.0354711,0.0403667;-1.55217,0.182762,-1.70757
0.0547807,0.0360588,0.0420985;-1.51404,0.184012,-1.69783
0.05208,0.0352941,0.0438759;-1.47533,0.196302,-1.68506
0.0529913,0.029785,0.0437882;-1.44575,0.231131,-1.70454
0.0531239,0.0330734,0.0435927;-1.47497,0.21516,-1.71301
0.0532016,0.0355292,0.0423897;-1.50246,0.222323,-1.71025
0.0469295,0.028765,0.0402623;-1.43819,0.258895,-1.68205
0.0438141,0.025736,0.0394465;-1.41028,0.24185,-1.65269
0.043076,0.026334,0.039593;-1.37519,0.246239,-1.64412
0.04348,0.0224796,0.0418209;-1.34316,0.251795,-1.66324
0.0370885,0.0187048,0.0417771;-1.33196,0.244115,-1.65728
0.030253,0.0165818,0.0404669;-1.33294,0.220795,-1.63042
0.0280272,0.0139011,0.0358858;-1.41539,0.193185,-1.59926
0.0280646,0.0151737,0.0338829;-1.45466,0.189004,-1.59196
0.0268614,0.0159462,0.0351748;-1.43072,0.175234,-1.59319
0.0272654,0.0159743,0.0384246;-1.37053,0.16787,-1.60633
0.029475,0.0163618,0.0390651;-1.35705,0.185319,-1.61589
0.0290638,0.0181831,0.0395858;-1.34407,0.181655,-1.61633
0.0306561,0.0176793,0.0408792;-1.31808,0.17949,-1.61619
0.0309387,0.0181682,0.0398193;-1.33643,0.183566,-1.6139
0.0316465,0.018817,0.0372289;-1.39452,0.199365,-1.60983
0.0315888,0.020559,0.0387117;-1.37055,0.196735,-1.61208
0.0338417,0.0179558,0.0401022;-1.3601,0.212934,-1.63167
0.0341538,0.0182703,0.0407972;-1.36682,0.215108,-1.64133
0.0328385,0.0201438,0.0388787;-1.38982,0.207259,-1.60275
0.038188,0.0189397,0.0379931;-1.4321,0.217245,-1.58611
0.0473592,0.0202209,0.0326779;-1.54912,0.239233,-1.57302
0.0526051,0.0296522,0.0362868;-1.70024,0.264354,-1.56047
0.0531527,0.0296323,0.0389457;-1.73683,0.264384,-1.56214
0.0562205,0.0333516,0.0419691;-1.77166,0.238011,-1.57452
0.0559889,0.0319425,0.040965;-1.7065,0.233613,-1.61652
0.0557474,0.0272273,0.0388545;-1.63352,0.254561,-1.65347
0.0551953,0.0230043,0.0359891;-1.58823,0.269019,-1.65733
0.0489655,0.0121001,0.0330745;-1.56825,0.303439,-1.62268
0.0531504,0.0120937,0.0368924;-1.6264,0.306428,-1.63188
0.0564018,0.0126214,0.038918;-1.65757,0.303994,-1.6344
0.0562935,0.0161266,0.0371351;-1.6731,0.296077,-1.59234
0.055355,0.0181712,0.0341184;-1.68948,0.296104,-1.53788
0.0550241,0.0187666,0.0338711;-1.68625,0.307751,-1.53336
0.0550241,0.0187666,0.0338711;-1.68625,0.307751,-1.53336
0.0529766,0.0213297,0.0342503;-1.6886,0.34351,-1.52196
0.0529766,0.0213297,0.0342503;-1.6886,0.34351,-1.52196
