0,0,0.11;-1.57,-2.98023e-08,-1.57
0,0,0.11;-1.57,-2.98023e-08,-1.57
0,0,0.11;-1.57,-2.98023e-08,-1.57
-0.000238047,0.00313316,0.0285835;-1.5706,-0.208883,-1.57047
-0.000648434,0.00313623,0.0285882;-1.57118,-0.275214,-1.5703
-0.000382815,0.00368092,0.0297137;-1.58282,-0.286188,-1.55678
-0.00279588,0.00133156,0.0360092;-1.65993,-0.240405,-1.5495
-0.00567804,-0.0102579,0.0287962;-1.57049,-0.188185,-1.58105
-0.00551034,-0.0107341,0.0286088;-1.57046,-0.166626,-1.56937
-0.00556714,-0.0106587,0.0286045;-1.57071,-0.141649,-1.56945
-0.00563967,-0.0106593,0.0286164;-1.56913,-0.128568,-1.57048
-0.00604171,-0.00954347,0.0300096;-1.54311,-0.142322,-1.56362
-0.00744099,-0.00246177,0.0350054;-1.46243,-0.195203,-1.55056
-0.00734683,0.0127078,0.0313893;-1.54564,-0.319267,-1.58564
-0.00763561,0.013291,0.0289325;-1.57179,-0.325251,-1.58674
-0.00771644,0.0133843,0.028777;-1.57737,-0.317022,-1.57702
-0.00752835,0.0135231,0.0285942;-1.57042,-0.335851,-1.56935
-0.00762206,0.0140553,0.0291196;-1.55049,-0.31963,-1.5541
-0.00795172,0.0151813,0.0311957;-1.54697,-0.296233,-1.53767
-0.00695391,0.0142226,0.0362853;-1.60935,-0.281129,-1.55708
-0.00750481,0.00530505,0.0329098;-1.63833,-0.252279,-1.57339
-0.00760564,-0.00153658,0.0287206;-1.57073,-0.203083,-1.57739
-0.00767967,-0.00248417,0.0286069;-1.57202,-0.16769,-1.57102
-0.00777689,-0.00242528,0.0287171;-1.56907,-0.168142,-1.56533
-0.0077204,-0.00238592,0.0298352;-1.54208,-0.160281,-1.55548
-0.00960779,-0.00175337,0.0328489;-1.49159,-0.198173,-1.54727
-0.0130096,0.0032582,0.0307223;-1.5349,-0.296294,-1.57085
-0.0137744,0.00618167,0.0289514;-1.58294,-0.301658,-1.58057
-0.0136273,0.00496628,0.0285792;-1.57078,-0.26692,-1.57074
-0.0136528,0.00486495,0.0285889;-1.57063,-0.258754,-1.57042
-0.0152632,0.00594306,0.031;-1.52579,-0.293984,-1.55102
-0.0163638,0.0110338,0.0348968;-1.46702,-0.335141,-1.54151
-0.013905,0.0114053,0.0329391;-1.51645,-0.377045,-1.57418
-0.00982137,0.00773091,0.0296377;-1.58832,-0.327822,-1.5946
-0.0124815,0.00160758,0.0290992;-1.58999,-0.255333,-1.5822
-0.0133409,-0.000690415,0.0288409;-1.58103,-0.201472,-1.57541
-0.0132043,-0.00098656,0.029455;-1.54935,-0.170208,-1.55676
-0.0130627,0.00501958,0.0335518;-1.48738,-0.183701,-1.54373
-0.0123394,0.0131314,0.0355854;-1.45637,-0.242695,-1.55436
-0.00276897,0.0281947,0.0300901;-1.58917,-0.345037,-1.60132
-0.00228777,0.0313325,0.0308828;-1.5976,-0.357799,-1.60677
-0.00363915,0.0305109,0.0296392;-1.59404,-0.334547,-1.59109
-0.00565396,0.0237856,0.0286661;-1.56835,-0.203351,-1.57246
-0.00568201,0.0266461,0.0308492;-1.57256,-0.20245,-1.55988
-0.00564472,0.0390978,0.0383407;-1.69613,-0.226914,-1.55533
0.00384873,0.0452038,0.0342926;-1.69395,-0.279308,-1.61095
0.00448903,0.0474442,0.0335719;-1.66939,-0.302865,-1.61504
0.00277907,0.0461335,0.0322876;-1.59533,-0.289959,-1.62157
0.00142411,0.0473192,0.0294017;-1.60161,-0.288153,-1.58051
2.08527e-05,0.0473923,0.0315591;-1.62078,-0.277479,-1.56873
-0.00224236,0.0482694,0.0372392;-1.68087,-0.257879,-1.55239
0.00300012,0.0448158,0.0314999;-1.6412,-0.279153,-1.59192
0.00398362,0.0386271,0.0310264;-1.58938,-0.231522,-1.61315
0.00507721,0.0318706,0.032808;-1.58754,-0.185849,-1.62793
0.000781595,0.0293219,0.0304399;-1.57862,-0.159224,-1.60043
-0.00171005,0.0311854,0.0312973;-1.6263,-0.161719,-1.57529
-0.00475346,0.033947,0.0355935;-1.6554,-0.145307,-1.54569
0.000603635,0.0358568,0.030261;-1.6126,-0.250992,-1.58339
0.00382699,0.0406971,0.0296233;-1.58303,-0.321822,-1.5958
0.0068734,0.0452033,0.0306476;-1.5998,-0.370657,-1.60562
0.00533332,0.0505991,0.0308746;-1.63323,-0.416569,-1.59902
0.00307285,0.0502209,0.031191;-1.63195,-0.396359,-1.59047
-0.000237774,0.0505581,0.0343163;-1.63795,-0.354448,-1.55183
-0.00169053,0.0487612,0.0346059;-1.64809,-0.303913,-1.56061
0.00121862,0.0457042,0.0313266;-1.6314,-0.247515,-1.59086
0.00351932,0.0404612,0.0302721;-1.57529,-0.22132,-1.60341
0.00449272,0.0421069,0.0322499;-1.57919,-0.21612,-1.62469
0.00298545,0.0409806,0.0321369;-1.60002,-0.187788,-1.61278
0.000253636,0.0424787,0.0331717;-1.67063,-0.162961,-1.5874
-0.00482269,0.0499134,0.0367702;-1.69055,-0.127258,-1.55234
-0.00197602,0.0572711,0.0328837;-1.66611,-0.16399,-1.58664
0.00150435,0.0602934,0.0291278;-1.58751,-0.235767,-1.58496
0.00460079,0.0652532,0.0292251;-1.58764,-0.307139,-1.59119
0.00293717,0.0657308,0.0297655;-1.59692,-0.308508,-1.59182
0.00137059,0.0656352,0.0310572;-1.63399,-0.302794,-1.59019
-0.00595041,0.0605404,0.0373787;-1.69053,-0.217933,-1.55062
-0.00685099,0.0607179,0.0359128;-1.71043,-0.174752,-1.59025
-0.00501807,0.0552312,0.031226;-1.63135,-0.144972,-1.58577
-0.000182956,0.0467143,0.0292988;-1.57593,-0.107754,-1.58881
-0.000742295,0.0474137,0.0304378;-1.57299,-0.123064,-1.60412
-0.00106341,0.0489948,0.0302559;-1.57431,-0.142549,-1.59903
-0.00957647,0.0525509,0.0375274;-1.68704,-0.153236,-1.55247
-0.00952124,0.0541096,0.0365012;-1.69261,-0.191685,-1.57095
-0.00767063,0.0488849,0.0285428;-1.56893,-0.23145,-1.57013
-0.0056978,0.0559151,0.0292021;-1.58861,-0.388113,-1.59098
-0.00415057,0.0592519,0.0299958;-1.59473,-0.430273,-1.60009
-0.00401531,0.0615983,0.0334655;-1.68175,-0.436528,-1.62281
-0.0128281,0.0644374,0.0416031;-1.76023,-0.371681,-1.58952
-0.0152527,0.0571939,0.0411144;-1.75392,-0.341184,-1.58678
-0.0167393,0.0402052,0.0289882;-1.55325,-0.313647,-1.5624
-0.0152366,0.0373772,0.0291988;-1.59268,-0.259628,-1.58534
-0.0142174,0.036097,0.029608;-1.58002,-0.241015,-1.59522
-0.0135732,0.0375856,0.0309391;-1.57516,-0.251331,-1.61417
-0.0189795,0.0338994,0.0349488;-1.53533,-0.191297,-1.55837
-0.0208335,0.0242038,0.0342918;-1.45024,-0.209553,-1.54856
-0.0204655,0.0232229,0.03372;-1.47017,-0.198351,-1.54338
-0.0184976,0.0236079,0.028577;-1.57098,-0.198222,-1.57074
-0.0185257,0.0240216,0.028679;-1.57464,-0.19652,-1.57255
-0.0186778,0.0244199,0.0288348;-1.5709,-0.214339,-1.58298
-0.018728,0.0248247,0.0288874;-1.57612,-0.219504,-1.57819
-0.0210616,0.0194975,0.0348744;-1.47832,-0.182946,-1.52074
-0.0191696,0.0151476,0.0318427;-1.52924,-0.188867,-1.53922
-0.0174299,0.0146084,0.0287025;-1.57151,-0.173766,-1.56459
-0.0171958,0.014105,0.0287837;-1.58075,-0.169369,-1.57278
-0.0170353,0.0139811,0.0286016;-1.57091,-0.182366,-1.57195
-0.0175852,0.0142284,0.0287107;-1.56466,-0.201496,-1.57014
-0.0245486,0.0206853,0.0344524;-1.48238,-0.299352,-1.51651
-0.0250566,0.0241309,0.0328799;-1.50115,-0.376388,-1.53217
-0.0240284,0.0289728,0.0286352;-1.57448,-0.412542,-1.573
-0.0232295,0.03424,0.0291022;-1.59452,-0.508917,-1.58706
-0.0228254,0.035999,0.0295238;-1.6048,-0.541535,-1.59472
-0.0240314,0.0353559,0.0331638;-1.68034,-0.51893,-1.62989
-0.0308835,0.0404704,0.0443368;-1.79569,-0.459005,-1.6195
-0.0298231,0.0442449,0.0456857;-1.81068,-0.495299,-1.61991
-0.0239284,0.0475611,0.0325729;-1.66227,-0.581945,-1.61416
-0.0218827,0.0481915,0.029352;-1.59816,-0.620666,-1.59294
-0.0217649,0.0480502,0.0292683;-1.59818,-0.617858,-1.59276
-0.0219963,0.0483088,0.0298651;-1.61595,-0.6174,-1.60034
-0.0248434,0.0480242,0.0315594;-1.56578,-0.587727,-1.52295
-0.02491,0.0479143,0.0337526;-1.57944,-0.589646,-1.5135
-0.0231969,0.0457799,0.0312737;-1.57243,-0.602627,-1.52965
-0.0219884,0.0448453,0.0286437;-1.57128,-0.613364,-1.56797
-0.022021,0.044932,0.028625;-1.57105,-0.609488,-1.56878
-0.0221267,0.0449889,0.0285865;-1.5714,-0.607614,-1.5706
-0.0236052,0.0456038,0.030458;-1.55992,-0.599539,-1.54247
-0.0271705,0.0482669,0.0340622;-1.57553,-0.596464,-1.52694
-0.0287181,0.0488612,0.0352274;-1.59198,-0.617465,-1.52527
-0.0264535,0.0490881,0.028606;-1.57115,-0.640419,-1.56961
-0.0265576,0.0492003,0.0286269;-1.57115,-0.633307,-1.56864
-0.0266636,0.0492326,0.0285935;-1.57114,-0.627529,-1.57023
-0.027518,0.0495072,0.0292714;-1.56814,-0.598953,-1.55209
-0.0291796,0.0496621,0.0325733;-1.5882,-0.548718,-1.53455
-0.0302939,0.0508524,0.0364475;-1.63355,-0.533671,-1.54985
-0.0231873,0.0472506,0.0286972;-1.57119,-0.538454,-1.56551
-0.0230266,0.0471309,0.0286015;-1.57119,-0.541381,-1.56957
-0.0229371,0.0469406,0.0285799;-1.57095,-0.548488,-1.57073
-0.0228849,0.0470566,0.0287921;-1.57116,-0.540898,-1.56036
-0.0249548,0.0481831,0.0310954;-1.58013,-0.532318,-1.54134
-0.0289124,0.0510164,0.0354079;-1.6068,-0.526641,-1.53318
-0.0284702,0.0618349,0.0288804;-1.56707,-0.559543,-1.55625
-0.0287915,0.0621703,0.0285722;-1.57078,-0.558794,-1.57117
-0.0287112,0.0625524,0.0285964;-1.57044,-0.54467,-1.56995
-0.0291813,0.0628644,0.0289069;-1.57935,-0.523471,-1.5666
-0.032249,0.0634327,0.0310941;-1.58801,-0.480164,-1.54472
-0.0353737,0.0643708,0.0344769;-1.63738,-0.456133,-1.55533
-0.0378464,0.0711991,0.0301023;-1.61364,-0.402591,-1.58942
-0.0372762,0.0703893,0.0285776;-1.57057,-0.379912,-1.5708
-0.0372079,0.0704042,0.0285807;-1.57062,-0.372515,-1.57052
-0.037167,0.0703619,0.0286118;-1.57228,-0.363937,-1.56666
-0.0371614,0.0695138,0.0299361;-1.60344,-0.366281,-1.57466
-0.0367526,0.0679516,0.0347449;-1.65928,-0.391639,-1.56738
-0.034064,0.0697097,0.0314653;-1.60153,-0.422399,-1.55974
-0.0345818,0.0711097,0.0286764;-1.57095,-0.413927,-1.56614
-0.0348186,0.0714787,0.0285944;-1.56993,-0.411712,-1.57027
-0.03481,0.0715858,0.0286084;-1.57035,-0.399345,-1.56892
-0.0344702,0.0711235,0.0290175;-1.58523,-0.412762,-1.56842
-0.0339038,0.0679119,0.0317499;-1.60999,-0.432022,-1.5486
-0.0338284,0.0621331,0.0327598;-1.61469,-0.414212,-1.55241
-0.0259663,0.0592884,0.0303504;-1.60556,-0.372477,-1.59595
-0.0215951,0.0531645,0.0299472;-1.56891,-0.311206,-1.5979
-0.0181174,0.0489411,0.0289012;-1.57531,-0.278185,-1.58358
-0.0180014,0.0485289,0.0289073;-1.57432,-0.283394,-1.58382
-0.0185421,0.0474532,0.0297735;-1.59418,-0.291265,-1.56515
-0.0180954,0.0421553,0.032835;-1.57497,-0.327305,-1.5071
-0.015208,0.0433788,0.0320992;-1.50031,-0.319258,-1.54473
-0.0135884,0.0441457,0.0318483;-1.52155,-0.311377,-1.58136
-0.0160021,0.0476642,0.031373;-1.55745,-0.341282,-1.60493
-0.0160737,0.0481234,0.0290384;-1.56303,-0.341819,-1.58278
-0.0165868,0.0480386,0.0288294;-1.56233,-0.348171,-1.56346
-0.0208713,0.0497103,0.0344927;-1.51363,-0.334883,-1.5105
-0.0186564,0.0540499,0.0337974;-1.47957,-0.30195,-1.52635
-0.0151825,0.0565441,0.0297362;-1.55388,-0.273548,-1.58063
-0.0150452,0.0589445,0.0353091;-1.54261,-0.277815,-1.64501
-0.0146116,0.0583963,0.0334179;-1.54746,-0.238873,-1.62741
-0.0135852,0.0578261,0.0289129;-1.56625,-0.220261,-1.58143
-0.0143259,0.0522778,0.0333561;-1.54048,-0.258072,-1.50953
-0.0127338,0.0512274,0.0360465;-1.46165,-0.259775,-1.50789
-0.00851259,0.0501726,0.0396952;-1.34258,-0.242113,-1.51853
-0.00829749,0.061219,0.0377393;-1.5561,-0.232926,-1.68445
-0.00984273,0.0704045,0.0406056;-1.55727,-0.292154,-1.71596
-0.0123604,0.0715792,0.040869;-1.60577,-0.258726,-1.70865
-0.0123604,0.0715792,0.040869;-1.60577,-0.258726,-1.70865
-0.0144327,0.0691644,0.0392282;-1.6655,-0.21926,-1.67302
-0.0144327,0.0691644,0.0392282;-1.6655,-0.21926,-1.67302
