0,0,0.11;-1.57,-2.98023e-08,-1.57
0,0,0.11;-1.57,-2.98023e-08,-1.57
0,0,0.11;-1.57,-2.98023e-08,-1.57
-0.000644211,-0.00604903,0.0286337;-1.57094,-0.175295,-1.56799
-0.000499803,-0.00571619,0.0286945;-1.5708,-0.160519,-1.56525
-0.000360017,-0.00501624,0.0289834;-1.56069,-0.142198,-1.5594
-0.00105065,-0.00374853,0.0303782;-1.54566,-0.0696289,-1.54601
0.00148338,-0.0042622,0.0286325;-1.57078,-0.0452733,-1.56823
0.00205058,-0.00378924,0.0289118;-1.58188,-0.104718,-1.57685
0.00227857,-0.00327514,0.0291353;-1.59154,-0.121816,-1.57962
0.00224917,-0.00341201,0.0285796;-1.57099,-0.170935,-1.57083
0.00239072,-0.0028089,0.0286367;-1.56895,-0.154492,-1.56893
0.00352183,-0.00039433,0.0294764;-1.54436,-0.112471,-1.56581
0.00631039,0.00609545,0.0299436;-1.54494,-0.0230922,-1.54812
0.00632291,0.00550925,0.0291802;-1.55568,-0.0180455,-1.55662
0.0065176,0.0054589,0.0290622;-1.56305,-0.015023,-1.55525
0.00517961,0.00224125,0.0285791;-1.57095,-0.164217,-1.57103
0.00541187,0.00178132,0.028583;-1.5705,-0.226638,-1.57096
0.00571053,0.00374291,0.0288553;-1.57504,-0.277734,-1.58127
0.00859089,0.00956357,0.031323;-1.55991,-0.284038,-1.60243
0.00887608,0.0103987,0.0288764;-1.56097,-0.270659,-1.56788
0.00922628,0.0123087,0.0290616;-1.56382,-0.256299,-1.56071
0.00932891,0.012558,0.0287928;-1.56546,-0.228455,-1.56278
0.00907209,0.0115739,0.0286091;-1.57058,-0.262683,-1.56934
0.0090994,0.0112664,0.0286668;-1.5673,-0.274097,-1.56827
0.00820266,0.0117995,0.0289737;-1.55945,-0.302415,-1.56796
0.00747862,0.013143,0.0288336;-1.56055,-0.323223,-1.5629
0.00842204,0.0157854,0.0290631;-1.55193,-0.282712,-1.55809
0.00828213,0.0164217,0.0289402;-1.55318,-0.275829,-1.56606
0.00839254,0.0167692,0.0290036;-1.55817,-0.269128,-1.57572
0.00880859,0.00980151,0.0294094;-1.59398,-0.231621,-1.58579
0.00805921,0.00269693,0.0297067;-1.5853,-0.194684,-1.5802
0.00547338,-0.00188661,0.0293819;-1.5694,-0.231558,-1.56765
0.00525917,-0.00548181,0.0288066;-1.56731,-0.341944,-1.56213
0.00609616,-0.00367944,0.0290033;-1.55612,-0.306002,-1.55996
0.00675045,-0.0023411,0.0292141;-1.54239,-0.272143,-1.55948
0.008031,0.000195103,0.0296466;-1.55264,-0.226522,-1.55122
0.00824938,-0.00321289,0.0302295;-1.5635,-0.225112,-1.54792
0.00764606,-0.00973094,0.0306027;-1.60367,-0.2139,-1.56783
0.0100696,-0.0264906,0.0288548;-1.58066,-0.195649,-1.57633
0.00975182,-0.0258653,0.0290773;-1.5929,-0.19615,-1.57772
0.00940879,-0.0248277,0.0287859;-1.58076,-0.176666,-1.57061
0.0101291,-0.0170849,0.0307622;-1.55818,-0.118404,-1.5337
0.0115131,-0.0103543,0.0334771;-1.55573,-0.0856438,-1.50928
0.0131587,-0.0109453,0.0340283;-1.57746,-0.102262,-1.50799
0.0137894,-0.0148468,0.0305463;-1.58187,-0.142146,-1.54243
0.0130374,-0.0158754,0.0293726;-1.5778,-0.137684,-1.55568
0.0125733,-0.0156169,0.0290473;-1.58294,-0.125992,-1.56181
0.0121652,-0.0115933,0.029209;-1.57328,-0.0775928,-1.55573
0.0136191,-0.00252407,0.0305871;-1.57958,-0.0638061,-1.55077
0.0175997,0.0171791,0.0351606;-1.64321,-0.046293,-1.54342
0.0194321,0.0348306,0.0366749;-1.6671,-0.035484,-1.5283
0.0202655,0.0323102,0.0337566;-1.62811,-0.0572529,-1.53733
0.0211213,0.0268387,0.0292861;-1.57907,-0.0967489,-1.55906
0.0206551,0.0263409,0.0290586;-1.58446,-0.0832421,-1.56266
0.0199258,0.0276177,0.0296851;-1.58072,-0.0281503,-1.55602
0.0200009,0.0293759,0.0311075;-1.5697,0.049292,-1.5406
0.0204031,0.0465714,0.0357666;-1.55771,0.0960569,-1.49045
0.0265015,0.0602334,0.033186;-1.56228,0.078055,-1.50698
0.0285876,0.0615651,0.0310113;-1.57371,0.0560739,-1.53216
0.0305591,0.0590678,0.029231;-1.59939,-0.00681412,-1.57454
0.0297614,0.0573337,0.0296576;-1.60454,0.00443466,-1.57355
0.0282725,0.0540734,0.0304519;-1.61785,0.033956,-1.57264
0.0235872,0.0496417,0.0319673;-1.53591,0.122152,-1.54355
0.024164,0.0516233,0.0340561;-1.5105,0.129264,-1.54033
0.0250183,0.0608392,0.0309964;-1.56977,0.190805,-1.52574
0.0251301,0.0615377,0.0286976;-1.57035,0.166344,-1.56527
0.0246607,0.0612792,0.0285826;-1.57038,0.135505,-1.57076
0.023887,0.0602055,0.0286324;-1.57089,0.102778,-1.56772
0.0207279,0.0542971,0.0300119;-1.6035,0.0894387,-1.57112
0.0199246,0.0517942,0.030617;-1.58439,0.108093,-1.58697
0.0193823,0.0509569,0.0299661;-1.58936,0.168393,-1.57919
0.0167367,0.0524977,0.0287347;-1.57702,0.245984,-1.56795
0.0170286,0.0520588,0.0285798;-1.57075,0.218148,-1.57078
0.0175099,0.0531844,0.0287097;-1.57173,0.163269,-1.57732
0.0174247,0.052947,0.0295448;-1.56569,0.0558127,-1.57745
0.0151898,0.0524593,0.029206;-1.57117,0.00321502,-1.56981
0.013332,0.0520201,0.0291309;-1.56337,-0.0217927,-1.56486
0.0142131,0.0522478,0.0294793;-1.54168,0.0331376,-1.56819
0.0151894,0.054864,0.0291386;-1.5507,0.0850906,-1.56538
0.0154914,0.0541602,0.0291345;-1.55619,0.105101,-1.58111
0.0198377,0.0562064,0.0334656;-1.56888,0.0949536,-1.64095
0.0182175,0.0587723,0.0332207;-1.55112,0.0538519,-1.62541
0.0161603,0.0610785,0.0312462;-1.55717,-0.00445335,-1.59929
0.0145062,0.0605528,0.0289688;-1.55242,-0.0662078,-1.56981
0.0150405,0.0606375,0.0287761;-1.56148,-0.0335728,-1.5704
0.0155004,0.060644,0.0288075;-1.55997,0.00458639,-1.57058
0.016065,0.056983,0.0316864;-1.51015,0.0706511,-1.58143
0.0153451,0.054503,0.0331089;-1.48089,0.108965,-1.58778
0.0152525,0.0546978,0.0312286;-1.51817,0.125312,-1.58481
0.015377,0.0556261,0.0288194;-1.56497,0.129212,-1.57715
0.0154366,0.0555634,0.0288016;-1.56812,0.1316,-1.57919
0.0153864,0.0555228,0.0288081;-1.56747,0.134152,-1.57884
0.0152872,0.0548568,0.0292562;-1.54586,0.137371,-1.58184
0.0157739,0.0539331,0.0296977;-1.55077,0.145068,-1.59108
0.0156931,0.0533866,0.0307558;-1.54077,0.152501,-1.59818
0.0156185,0.0528449,0.0291211;-1.55765,0.155023,-1.58576
0.0156504,0.0529468,0.0289114;-1.5631,0.153128,-1.58021
0.0156934,0.0532801,0.0289061;-1.56292,0.14609,-1.57973
0.0157148,0.0541675,0.0290675;-1.56152,0.126417,-1.5861
0.015444,0.0551729,0.0334029;-1.51024,0.0919514,-1.61024
0.0148887,0.054082,0.0359993;-1.46182,0.114399,-1.61542
0.0161413,0.0582013,0.0305451;-1.54502,0.113487,-1.5908
0.0174282,0.0606067,0.0289034;-1.57147,0.127775,-1.57874
0.017625,0.0609063,0.0292779;-1.56443,0.110721,-1.56829
0.017667,0.0609243,0.0295139;-1.5654,0.0798095,-1.56514
0.0188438,0.0661255,0.0292957;-1.55059,0.0367277,-1.58165
0.0182185,0.0677839,0.0315846;-1.50947,0.0351934,-1.57752
0.0159575,0.0698485,0.0349187;-1.45357,0.0479485,-1.57016
0.0157977,0.0742336,0.0358106;-1.42069,0.0694958,-1.57898
0.0151503,0.073541,0.0372912;-1.39677,0.0706769,-1.58477
0.0147523,0.0731919,0.0375649;-1.39532,0.0687239,-1.5883
0.0175217,0.0719974,0.033695;-1.48728,0.096908,-1.58802
0.0178643,0.0728694,0.0301881;-1.56402,0.0942009,-1.56553
0.015628,0.0763408,0.0323226;-1.56845,0.0837535,-1.5354
0.0142611,0.0815881,0.0341794;-1.48527,0.0976803,-1.55818
0.0128375,0.0788893,0.0327866;-1.48971,0.0683928,-1.57119
0.0127055,0.0803279,0.0288547;-1.56238,0.0646622,-1.5669
0.0128816,0.0789939,0.0290174;-1.57874,0.0641189,-1.57293
0.0130896,0.0765087,0.0305515;-1.61035,0.0446913,-1.57445
0.0126341,0.0748313,0.0329109;-1.63414,0.0301597,-1.55457
0.0113697,0.0799816,0.0316344;-1.57701,0.0552262,-1.52807
0.0126085,0.0839585,0.0307161;-1.5641,0.0826058,-1.53821
0.0132944,0.0850544,0.0310237;-1.54028,0.0906588,-1.55402
0.0131504,0.0835228,0.0287267;-1.57196,0.0783124,-1.57635
0.0135933,0.0828373,0.0290905;-1.58868,0.0678466,-1.57299
0.0131931,0.0775484,0.030928;-1.61608,0.0421392,-1.56357
0.0076335,0.0671349,0.0309516;-1.5853,0.000578791,-1.53866
0.00760672,0.067267,0.0300996;-1.57119,0.017889,-1.54216
0.00921837,0.0708218,0.0300955;-1.54699,0.0612992,-1.55634
0.0111757,0.0743486,0.0298632;-1.53353,0.0544377,-1.57476
0.0119587,0.0751604,0.0290524;-1.55781,0.0356708,-1.58089
0.0128475,0.0757553,0.0300442;-1.58814,0.0210198,-1.59234
0.012169,0.0764437,0.0326217;-1.64958,-0.0228845,-1.56683
0.0122346,0.0720632,0.0300326;-1.61187,-0.045637,-1.57215
0.0117041,0.0702221,0.0287534;-1.57292,-0.0243443,-1.56443
0.0126168,0.0714791,0.0290405;-1.54975,0.0653547,-1.57072
0.0128031,0.071924,0.0294065;-1.54146,0.0709441,-1.56869
0.0137394,0.0723703,0.0299458;-1.53851,0.0680952,-1.56933
0.0143705,0.0746471,0.0293677;-1.57045,-0.00922845,-1.56062
0.0149994,0.0763893,0.0290674;-1.57076,-0.00663121,-1.56016
0.0148637,0.0755257,0.0287297;-1.57087,-0.0302032,-1.56364
0.0140732,0.0734095,0.0286781;-1.57109,-0.0224375,-1.57521
0.013244,0.0715985,0.0289367;-1.57569,0.0436908,-1.58273
0.0128082,0.0706648,0.0292362;-1.57216,0.0670828,-1.58407
0.0106512,0.0728588,0.0317619;-1.52744,0.103251,-1.55842
0.0105935,0.084288,0.0294764;-1.56417,0.15799,-1.55983
0.0121721,0.0938075,0.0291332;-1.57776,0.217657,-1.55866
0.0127408,0.0961373,0.0290552;-1.57222,0.228691,-1.56003
0.0127693,0.096448,0.0293492;-1.5721,0.2341,-1.55571
0.0124047,0.0961484,0.0297342;-1.56671,0.247093,-1.5557
0.0105296,0.0933759,0.0304045;-1.55077,0.329242,-1.56474
0.00881291,0.0968387,0.0299333;-1.57325,0.395349,-1.55845
0.00740613,0.100541,0.029866;-1.61055,0.442266,-1.55373
0.010658,0.101862,0.0290051;-1.59073,0.405369,-1.56613
0.0115124,0.102166,0.0289123;-1.57867,0.371516,-1.57952
0.0118828,0.102745,0.0289496;-1.57766,0.357978,-1.58296
0.0127383,0.102834,0.0293816;-1.5999,0.346934,-1.56117
0.0102272,0.105694,0.0305584;-1.59884,0.38867,-1.53747
0.00594977,0.108278,0.0324226;-1.59746,0.420466,-1.50925
0.0059162,0.113826,0.0287691;-1.57098,0.49567,-1.56155
0.00609717,0.113898,0.0285786;-1.57086,0.498043,-1.57078
0.00607671,0.113741,0.0287072;-1.57036,0.487138,-1.57699
0.00911495,0.114302,0.0312275;-1.61284,0.440067,-1.5771
0.0124158,0.117837,0.0343557;-1.70356,0.404388,-1.52015
0.0107773,0.119256,0.0346934;-1.70016,0.408538,-1.50844
0.00754607,0.123813,0.0295539;-1.57552,0.479256,-1.54788
0.0087799,0.12596,0.0288456;-1.5706,0.52387,-1.55838
0.00892599,0.126174,0.0287042;-1.57019,0.547721,-1.56513
0.0081779,0.124291,0.0288271;-1.57296,0.573513,-1.58079
0.00913922,0.123304,0.0293634;-1.57487,0.535083,-1.57621
0.00989189,0.124401,0.0300183;-1.5988,0.500522,-1.54554
0.0106182,0.12597,0.0323171;-1.57074,0.476667,-1.51206
0.0108718,0.126904,0.0320254;-1.55419,0.48901,-1.52634
0.0120711,0.128708,0.030022;-1.58033,0.510711,-1.54329
0.00867057,0.125863,0.0297638;-1.59564,0.589069,-1.57051
0.00567346,0.122707,0.0305007;-1.60539,0.607572,-1.56735
0.00343995,0.122609,0.0307238;-1.62967,0.582626,-1.54148
0.00144605,0.12128,0.0329948;-1.58979,0.53116,-1.50582
0.0051611,0.121722,0.0335479;-1.56769,0.498063,-1.50113
0.00580637,0.12231,0.0330573;-1.5637,0.486224,-1.50908
0.00580637,0.12231,0.0330573;-1.5637,0.486224,-1.50908
0.00540858,0.122648,0.0315985;-1.56471,0.48602,-1.52636
0.00540858,0.122648,0.0315985;-1.56471,0.48602,-1.52636
