0,0,0.11;-1.57,-2.98023e-08,-1.57
0,0,0.11;-1.57,-2.98023e-08,-1.57
0,0,0.11;-1.57,-2.98023e-08,-1.57
-0.000697721,-0.00140223,0.0286343;-1.57367,-0.232862,-1.57215
-0.00089376,-0.00218468,0.0286275;-1.57078,-0.192776,-1.57298
-0.000563856,-0.00274456,0.0286726;-1.57064,-0.141525,-1.5752
0.00132876,-0.00331089,0.0305652;-1.56266,-0.0445439,-1.59671
0.00138366,-6.96745e-05,0.0308947;-1.57019,-0.0867921,-1.61011
0.00189836,0.000592793,0.030743;-1.57577,-0.104008,-1.60593
0.00337428,0.00383611,0.029179;-1.57825,-0.157611,-1.58722
0.00398811,0.0057436,0.0300636;-1.57204,-0.167709,-1.60006
0.00546075,0.00464511,0.0302451;-1.5585,-0.11046,-1.59356
0.00735534,0.00479328,0.0312775;-1.512,-0.0405737,-1.57549
0.0114222,0.012518,0.0348774;-1.49754,-0.0376724,-1.60956
0.00853426,0.0176439,0.0354287;-1.50511,-0.101674,-1.62011
0.00684126,0.0229094,0.0309407;-1.56447,-0.129663,-1.60884
0.00547557,0.0291324,0.0290806;-1.56568,-0.208036,-1.58962
0.00585341,0.0311528,0.0298407;-1.57023,-0.205861,-1.59418
0.00700631,0.032801,0.0312892;-1.56926,-0.172276,-1.6093
0.0053986,0.0398662,0.0353222;-1.57318,0.0416484,-1.65383
0.00109289,0.0432512,0.0372176;-1.54834,0.0846635,-1.68183
-0.000790635,0.0435469,0.0353853;-1.55629,0.0796182,-1.66339
-0.00510299,0.0439484,0.029675;-1.56521,0.0542401,-1.59336
-0.00333903,0.0398291,0.0289742;-1.56812,0.0993478,-1.58746
-0.000878559,0.0345886,0.0294721;-1.55309,0.184966,-1.58173
0.00445369,0.0269514,0.0296786;-1.55229,0.312283,-1.57595
0.00692129,0.0257081,0.0308894;-1.5206,0.329392,-1.58594
-0.000670713,0.0290382,0.0296733;-1.55771,0.122333,-1.57516
-0.00482617,0.0305328,0.0293018;-1.5676,0.0161562,-1.57312
-0.00520318,0.0312755,0.0296049;-1.56274,0.0139895,-1.57115
-0.00271284,0.0524361,0.0304888;-1.5748,0.086764,-1.57366
-0.00464278,0.0679479,0.0331013;-1.62275,0.153936,-1.56636
-0.00636048,0.0770029,0.0326154;-1.60767,0.257033,-1.58248
-0.00723526,0.0834881,0.030658;-1.57801,0.27854,-1.59533
-0.0109644,0.0859266,0.0296031;-1.57532,0.298855,-1.58361
-0.0118917,0.0859787,0.0292412;-1.57706,0.301336,-1.57782
-0.0105766,0.0805082,0.0291552;-1.57047,0.287072,-1.56391
-0.00801494,0.0785134,0.0296728;-1.56411,0.333542,-1.56497
-0.00222111,0.0789187,0.0296971;-1.55222,0.414883,-1.57674
0.00349244,0.0754154,0.0325546;-1.47927,0.476393,-1.62239
0.00275417,0.0725685,0.0341083;-1.44714,0.452175,-1.63023
0.00249148,0.0732302,0.0344862;-1.44283,0.405651,-1.62721
-0.00154264,0.0690499,0.0357057;-1.43343,0.328076,-1.62336
-0.00252304,0.0719889,0.0326855;-1.49676,0.305113,-1.60627
-0.00346405,0.0772116,0.0325193;-1.50319,0.273281,-1.60454
-0.00206924,0.0816133,0.0369234;-1.42049,0.249615,-1.62631
-0.00370428,0.0837361,0.0378222;-1.40947,0.219366,-1.63758
-0.00716458,0.0890935,0.0373189;-1.42187,0.139847,-1.62288
-0.0165886,0.100038,0.0289673;-1.55904,-0.0493784,-1.57682
-0.015557,0.0984902,0.0293013;-1.5501,-0.0138734,-1.57813
-0.0122963,0.0917835,0.0315026;-1.50835,0.0844212,-1.58087
-0.00309033,0.0847833,0.0362064;-1.41663,0.200882,-1.60964
-0.00125989,0.0825412,0.0364203;-1.41385,0.235215,-1.61957
-0.000606947,0.0832862,0.0358893;-1.42896,0.245501,-1.62201
0.000719793,0.0774646,0.0308393;-1.51474,0.298225,-1.59376
-0.000220661,0.0783664,0.0301416;-1.52429,0.285216,-1.59165
-0.000980336,0.078971,0.0316125;-1.50198,0.281941,-1.59138
0.00273792,0.0823426,0.0323828;-1.47757,0.318153,-1.60942
0.0023728,0.0851005,0.0352009;-1.43372,0.284494,-1.61976
0.00158187,0.0887511,0.0366417;-1.41471,0.249997,-1.62846
-0.00570964,0.0950358,0.0382678;-1.38843,0.119066,-1.60883
-0.0113483,0.099213,0.0345202;-1.45803,0.0203286,-1.58069
-0.0175242,0.101645,0.0296282;-1.55683,-0.0715295,-1.56621
-0.0137775,0.0992521,0.0296012;-1.55328,0.0127949,-1.57319
-0.0106463,0.0978265,0.0307504;-1.54148,0.0665974,-1.58115
-0.00853003,0.0959009,0.0322373;-1.52409,0.105456,-1.59866
-0.0119579,0.101014,0.0302466;-1.56225,0.0463518,-1.57963
-0.0146264,0.101388,0.0303651;-1.55903,0.0530131,-1.56572
-0.0163821,0.101731,0.031618;-1.56929,0.129773,-1.54382
-0.0203754,0.125177,0.0351526;-1.57798,0.257965,-1.50925
-0.0193493,0.13439,0.0320819;-1.60233,0.226865,-1.53971
-0.0174485,0.136141,0.0313989;-1.60111,0.191953,-1.56013
-0.00701768,0.125001,0.0301414;-1.56953,-0.0541591,-1.57144
-0.00725034,0.124646,0.0300856;-1.57671,-0.0874861,-1.56548
-0.00850628,0.117907,0.0298605;-1.56396,-0.130631,-1.55901
-0.00667684,0.105828,0.0399836;-1.35521,-0.0917349,-1.54847
-0.00299126,0.102387,0.0430863;-1.28182,-0.0546995,-1.55233
-0.0018788,0.102969,0.0432861;-1.27654,-0.0421508,-1.55834
-0.00811744,0.114586,0.0364373;-1.4557,-0.131717,-1.58077
-0.0100698,0.126197,0.0303223;-1.56383,-0.167059,-1.57596
-0.00878482,0.12808,0.0337068;-1.50624,-0.15326,-1.57665
0.00310248,0.120924,0.0440462;-1.32896,0.0318704,-1.54172
0.00796951,0.120666,0.0465972;-1.28845,0.0687793,-1.54776
0.0120254,0.119618,0.0450075;-1.29422,0.0720567,-1.56503
0.0098537,0.116105,0.0417751;-1.33518,0.0293479,-1.59238
0.00876326,0.117898,0.0428804;-1.31294,-0.0426135,-1.58057
0.00520573,0.121958,0.0455777;-1.26877,-0.12699,-1.5685
-0.003135,0.124932,0.0467856;-1.25653,-0.257091,-1.53637
-0.00130302,0.122901,0.0466699;-1.23709,-0.224555,-1.52886
0.00494057,0.121975,0.0420324;-1.32073,-0.109879,-1.55257
0.0131542,0.117391,0.0380092;-1.40446,0.134744,-1.59116
0.00979071,0.119381,0.0383437;-1.39805,0.0950635,-1.58049
0.00636837,0.125086,0.0412465;-1.34629,0.02291,-1.57003
-0.00693126,0.147758,0.0433044;-1.40026,-0.133851,-1.51057
-0.0122711,0.157663,0.0383502;-1.67171,-0.14709,-1.57241
-0.0151132,0.158344,0.0416496;-1.8236,-0.121654,-1.61304
-0.0119106,0.150646,0.0359332;-1.70506,-0.168824,-1.60758
-0.00746874,0.134483,0.035197;-1.51538,-0.250049,-1.60202
-0.0111514,0.129648,0.0361049;-1.49343,-0.299376,-1.59874
-0.0174286,0.130186,0.034821;-1.49023,-0.371623,-1.56737
-0.0123455,0.123677,0.0400303;-1.45197,-0.311832,-1.61913
-0.0111539,0.120604,0.0416704;-1.41722,-0.319286,-1.60518
-0.0109977,0.120864,0.0407442;-1.4112,-0.320998,-1.58262
-0.00264591,0.116072,0.0404752;-1.37989,-0.166717,-1.56889
-0.000707206,0.109049,0.041529;-1.32572,-0.0906026,-1.55794
-0.00360747,0.107866,0.0400784;-1.34869,-0.102642,-1.55692
-0.0135822,0.116105,0.0427004;-1.29564,-0.240366,-1.51242
-0.0145056,0.121025,0.0442815;-1.27348,-0.28323,-1.49696
-0.0132803,0.123979,0.0395612;-1.38197,-0.255633,-1.52865
-0.00124805,0.123091,0.0335372;-1.52435,-0.0653511,-1.54111
0.00195476,0.124794,0.0339592;-1.5422,-0.0321638,-1.52572
0.00106604,0.123591,0.0334901;-1.53872,-0.0660745,-1.52979
-0.0141684,0.12173,0.0378947;-1.48548,-0.174166,-1.50209
-0.0194291,0.119308,0.0377782;-1.48391,-0.192578,-1.50377
-0.0218491,0.117473,0.0341687;-1.57035,-0.20742,-1.50921
-0.0202184,0.120804,0.0326908;-1.59656,-0.217859,-1.53765
-0.0185702,0.122178,0.0362662;-1.57782,-0.150459,-1.53354
-0.0149726,0.127567,0.0415206;-1.58595,-0.0781791,-1.5435
0.00573681,0.121828,0.0428632;-1.42128,-0.0116276,-1.54674
0.00729249,0.110942,0.0414481;-1.36415,-0.0377401,-1.53484
0.00676127,0.102528,0.0400893;-1.37954,-0.035972,-1.53558
0.0177384,0.111793,0.0355312;-1.47104,0.0409512,-1.54257
0.0184782,0.111566,0.0338898;-1.51762,0.0425393,-1.53106
0.0150423,0.105997,0.0348884;-1.52401,-0.00596193,-1.50908
0.00862183,0.097245,0.0402423;-1.43604,-0.0912319,-1.47622
0.00980179,0.0999814,0.0427958;-1.41962,-0.0690951,-1.45395
0.00871534,0.0965543,0.0419768;-1.41009,-0.0825626,-1.47091
-0.000979129,0.0869837,0.0364;-1.42072,-0.183167,-1.53006
-0.00990578,0.0905824,0.0324239;-1.50415,-0.253338,-1.53632
-0.0125957,0.0925272,0.0321538;-1.5285,-0.252284,-1.52925
-0.00894516,0.0957824,0.0385829;-1.48543,-0.163144,-1.46567
-0.00714792,0.0986198,0.0415601;-1.43683,-0.161585,-1.45012
-0.0100893,0.10011,0.0428162;-1.37627,-0.235191,-1.46539
-0.0152549,0.0953727,0.0367365;-1.47355,-0.300482,-1.50203
-0.0175169,0.103239,0.0363178;-1.5107,-0.37007,-1.51586
-0.018056,0.112583,0.0402122;-1.64054,-0.387402,-1.52906
-0.015863,0.129207,0.0462416;-1.64999,-0.459628,-1.49357
-0.0179612,0.13511,0.0505727;-1.65224,-0.437603,-1.46857
-0.0169255,0.13687,0.0500005;-1.66785,-0.374799,-1.48013
-0.00371723,0.143351,0.0438978;-1.69617,-0.353601,-1.54401
-0.00205587,0.148931,0.040175;-1.77105,-0.346724,-1.61097
-0.002611,0.151413,0.0406833;-1.76903,-0.324563,-1.60119
-0.000984574,0.152943,0.0438256;-1.77188,-0.323063,-1.56389
-0.00251693,0.157722,0.0465454;-1.77826,-0.331481,-1.53551
-0.00509399,0.163887,0.0484292;-1.77134,-0.311181,-1.49841
-0.00991121,0.151226,0.0430634;-1.6985,-0.378354,-1.49872
-0.0112892,0.137761,0.034676;-1.60551,-0.376684,-1.52672
-0.00986128,0.137808,0.0337011;-1.5959,-0.384145,-1.52993
-0.0104107,0.14605,0.0382407;-1.61867,-0.385983,-1.50446
-0.0101285,0.149046,0.0407859;-1.63987,-0.356344,-1.48761
-0.00841689,0.154298,0.0465704;-1.65864,-0.257879,-1.49519
-0.0046705,0.161135,0.0487957;-1.70337,-0.27786,-1.55263
-0.00848907,0.158837,0.0468453;-1.79696,-0.338703,-1.60476
-0.0101426,0.156371,0.0423255;-1.82351,-0.341376,-1.63712
-0.010207,0.162918,0.0439138;-1.81547,-0.36722,-1.61033
-0.0103275,0.17007,0.0450625;-1.76759,-0.394397,-1.55123
-0.0117282,0.175405,0.0445323;-1.71564,-0.36304,-1.5012
-0.012055,0.172222,0.0461802;-1.7489,-0.416954,-1.51832
-0.014062,0.162735,0.0447523;-1.73285,-0.472582,-1.52358
-0.015093,0.151446,0.0392202;-1.68489,-0.492842,-1.54714
-0.0114559,0.153646,0.0382804;-1.68425,-0.433237,-1.56027
-0.00664525,0.163919,0.041007;-1.71708,-0.410306,-1.56243
-0.00248583,0.176252,0.0459775;-1.7778,-0.343699,-1.55672
0.00168503,0.183408,0.0451686;-1.82674,-0.268371,-1.59855
0.00290836,0.17577,0.0499898;-1.72727,-0.334874,-1.60585
0.00233581,0.16268,0.0486151;-1.71442,-0.409369,-1.61476
-0.00466372,0.154185,0.0394876;-1.79107,-0.396491,-1.65168
-0.00550517,0.154723,0.0372341;-1.71646,-0.421086,-1.60643
-0.00769155,0.157082,0.0349827;-1.60741,-0.489101,-1.53214
-0.0093999,0.168579,0.035603;-1.5893,-0.544863,-1.48783
-0.00794001,0.166656,0.0394455;-1.68058,-0.556677,-1.54437
-0.00833972,0.148056,0.0369749;-1.70677,-0.56914,-1.6076
-0.0023822,0.126716,0.0329679;-1.53974,-0.457579,-1.60261
2.68341e-05,0.128669,0.0345024;-1.52843,-0.451178,-1.61395
0.00295788,0.131547,0.0408995;-1.42851,-0.432274,-1.59027
0.00665947,0.14596,0.0525484;-1.21938,-0.22845,-1.55458
0.00872679,0.146693,0.0515535;-1.30537,-0.282544,-1.58185
0.00821705,0.153902,0.0476188;-1.50762,-0.385105,-1.61874
0.00232547,0.174302,0.0389081;-1.80753,-0.50248,-1.69091
0.00103501,0.174528,0.0388002;-1.80249,-0.492476,-1.68513
-0.00209489,0.170751,0.0401848;-1.79421,-0.468363,-1.66289
-0.00209489,0.170751,0.0401848;-1.79421,-0.468363,-1.66289
-0.00632741,0.160967,0.0420693;-1.5576,-0.494132,-1.57635
-0.00632741,0.160967,0.0420693;-1.5576,-0.494132,-1.57635
