0,0,0.11;-1.57,-2.98023e-08,-1.57
0,0,0.11;-1.57,-2.98023e-08,-1.57
0,0,0.11;-1.57,-2.98023e-08,-1.57
0.000395615,0.00747139,0.0286453;-1.57108,-0.190854,-1.57427
6.66547e-05,0.00585236,0.0286226;-1.57279,-0.136899,-1.57109
-0.00166282,0.00257099,0.0296988;-1.59819,-0.0837852,-1.56841
-0.00322009,-0.0220896,0.0322318;-1.53038,-0.0290665,-1.54291
-0.00801332,-0.0132205,0.0288598;-1.56635,-0.187754,-1.5789
-0.00774057,-0.00489184,0.0292294;-1.57105,-0.27152,-1.58802
-0.00630356,0.00181278,0.0290321;-1.57454,-0.340166,-1.58632
-0.00797706,-0.00292579,0.0287735;-1.57162,-0.195298,-1.57921
-0.00886029,-0.00993285,0.0295699;-1.59793,-0.105357,-1.57214
-0.00710754,-0.0289415,0.031647;-1.6161,-0.04672,-1.56194
-0.00706881,-0.0350867,0.030278;-1.5626,-0.105574,-1.54586
-0.00863224,-0.0328753,0.0288733;-1.56702,-0.187828,-1.55971
-0.00983433,-0.0341355,0.0287918;-1.56368,-0.287885,-1.56511
-0.00985947,-0.0351736,0.0286364;-1.57091,-0.295055,-1.57357
-0.0100103,-0.0425455,0.0292262;-1.59366,-0.216497,-1.5783
-0.0062237,-0.0625776,0.0312156;-1.5678,-0.106584,-1.583
-0.00395124,-0.068369,0.0325096;-1.53293,-0.106714,-1.58774
-0.00773033,-0.0631815,0.0303255;-1.5539,-0.199941,-1.58406
-0.0109348,-0.0560695,0.0290212;-1.56551,-0.292912,-1.58562
-0.0124538,-0.0528628,0.0289765;-1.5512,-0.374712,-1.56422
-0.0111873,-0.0535924,0.0285453;-1.57262,-0.315753,-1.57126
-0.0118984,-0.0558899,0.0294385;-1.60124,-0.251271,-1.57849
-0.01067,-0.0646198,0.032398;-1.63113,-0.203267,-1.57078
-0.0093698,-0.0688762,0.0285758;-1.57078,-0.264635,-1.57125
-0.00981325,-0.0624844,0.0288675;-1.57275,-0.44018,-1.58337
-0.00984742,-0.061713,0.0288248;-1.57002,-0.456243,-1.58172
-0.00878229,-0.0652513,0.0289754;-1.56947,-0.400973,-1.58517
-0.00550673,-0.0958288,0.0322627;-1.52443,-0.223709,-1.57092
-0.00309226,-0.108634,0.0313795;-1.52854,-0.165488,-1.55777
-0.00539236,-0.108131,0.0294142;-1.55913,-0.241152,-1.56534
-0.00752559,-0.102826,0.0286141;-1.57091,-0.38262,-1.57253
-0.00786236,-0.100653,0.0286453;-1.57068,-0.47108,-1.57391
-0.00772157,-0.10097,0.0286416;-1.57122,-0.463408,-1.57395
-0.00605708,-0.104626,0.0298546;-1.56586,-0.307518,-1.55059
-0.00108557,-0.120845,0.0310343;-1.54431,-0.20429,-1.54203
0.00201554,-0.128701,0.0323761;-1.50463,-0.220233,-1.55182
-0.00716627,-0.116202,0.0296488;-1.54848,-0.397571,-1.57743
-0.010137,-0.107372,0.0294004;-1.54265,-0.48135,-1.56743
-0.0122549,-0.103722,0.0292068;-1.54238,-0.537067,-1.56152
-0.0101823,-0.107157,0.0310592;-1.53347,-0.406642,-1.53193
-0.00662683,-0.117354,0.0333146;-1.52822,-0.302146,-1.50115
-0.0043023,-0.127572,0.0366674;-1.48513,-0.267429,-1.48168
-0.0111466,-0.131461,0.0357195;-1.43006,-0.38549,-1.49852
-0.01523,-0.128867,0.0346726;-1.43058,-0.451247,-1.49962
-0.0166343,-0.127963,0.0353378;-1.41085,-0.490628,-1.4845
-0.0132998,-0.131194,0.0352586;-1.43891,-0.420473,-1.49292
-0.00786715,-0.14247,0.0364305;-1.4564,-0.337302,-1.48278
-0.00255699,-0.153735,0.0375258;-1.44654,-0.264661,-1.4855
-0.00753405,-0.162086,0.0307815;-1.51397,-0.438801,-1.54254
-0.00990491,-0.160831,0.0286296;-1.56826,-0.521633,-1.56974
-0.0104963,-0.159456,0.0286447;-1.57086,-0.588288,-1.57395
-0.00971013,-0.160033,0.028684;-1.57392,-0.47563,-1.56759
-0.00970881,-0.164164,0.0295599;-1.59292,-0.399702,-1.5743
-0.00647064,-0.176426,0.030703;-1.5999,-0.329328,-1.56824
-0.00539534,-0.183589,0.0286278;-1.57094,-0.441537,-1.56847
-0.00730085,-0.180866,0.0286645;-1.56759,-0.543242,-1.5761
-0.0101858,-0.178704,0.0288668;-1.56416,-0.649804,-1.5753
-0.00893386,-0.183388,0.0290653;-1.56611,-0.609444,-1.58749
-0.00680445,-0.192052,0.0291041;-1.5868,-0.526487,-1.58629
-0.000839291,-0.207699,0.029783;-1.56411,-0.422874,-1.56638
0.00168357,-0.211891,0.0291793;-1.57059,-0.465353,-1.56564
0.00155989,-0.211584,0.0286206;-1.57077,-0.524676,-1.56879
0.00121278,-0.210633,0.0285962;-1.57084,-0.585231,-1.57204
0.00100515,-0.210055,0.0287222;-1.56261,-0.589699,-1.56608
0.00194017,-0.208682,0.028714;-1.56949,-0.516574,-1.56493
0.00257747,-0.210794,0.0295599;-1.58437,-0.426165,-1.56606
0.013729,-0.229924,0.0314321;-1.53928,-0.313897,-1.57348
0.0103049,-0.227159,0.0311161;-1.54938,-0.408082,-1.58844
0.00429557,-0.219962,0.0294127;-1.56181,-0.505575,-1.58766
0.000425518,-0.209437,0.0286988;-1.56943,-0.71316,-1.57626
0.000591596,-0.209479,0.028586;-1.57044,-0.699797,-1.57033
0.00127413,-0.210471,0.029102;-1.56353,-0.643935,-1.54981
0.0107637,-0.230086,0.0319173;-1.56176,-0.517302,-1.52853
0.0125534,-0.236324,0.0294354;-1.56278,-0.601167,-1.55989
0.0111055,-0.235796,0.0286975;-1.56796,-0.670489,-1.56554
0.0103795,-0.23359,0.0286632;-1.57117,-0.786344,-1.57525
0.0112405,-0.235144,0.0287494;-1.57065,-0.727624,-1.57867
0.0138983,-0.242263,0.0291256;-1.57532,-0.624246,-1.58882
0.0282932,-0.268985,0.0356993;-1.43751,-0.417027,-1.49956
0.0283207,-0.27491,0.0356055;-1.41692,-0.48827,-1.48623
0.0210992,-0.270717,0.0343095;-1.43205,-0.584502,-1.49096
0.00662757,-0.261075,0.0327634;-1.44434,-0.770098,-1.48407
0.0103445,-0.265275,0.0344246;-1.42659,-0.743945,-1.48522
0.0151746,-0.27234,0.0336458;-1.46975,-0.680446,-1.52972
0.0340266,-0.291648,0.0396773;-1.34309,-0.463802,-1.45357
0.0348048,-0.292468,0.0403626;-1.30761,-0.505262,-1.43544
0.0301402,-0.287579,0.0407983;-1.3104,-0.573927,-1.45236
0.0164452,-0.273678,0.0406043;-1.30784,-0.723665,-1.43153
0.015452,-0.274607,0.0421166;-1.28599,-0.716827,-1.42237
0.0167249,-0.276181,0.040008;-1.30987,-0.685574,-1.42875
0.0262244,-0.291757,0.0392952;-1.35375,-0.561,-1.42451
0.0282432,-0.297867,0.0374765;-1.36939,-0.631049,-1.43
0.0284113,-0.299326,0.0351;-1.41756,-0.655028,-1.45952
0.0233798,-0.296154,0.0293924;-1.52828,-0.718288,-1.53499
0.0239393,-0.295537,0.0302156;-1.50906,-0.712158,-1.52371
0.0248857,-0.295014,0.0292669;-1.53307,-0.671156,-1.54327
0.0263712,-0.295871,0.028695;-1.57276,-0.575779,-1.56674
0.0423995,-0.322873,0.0316389;-1.52496,-0.428805,-1.55354
0.0387908,-0.321417,0.031921;-1.5072,-0.512284,-1.54464
0.0309923,-0.314544,0.0293593;-1.53537,-0.611219,-1.55925
0.0238495,-0.310033,0.02884;-1.55398,-0.812775,-1.55957
0.0246031,-0.310462,0.0288659;-1.55108,-0.783539,-1.55678
0.0251419,-0.310585,0.0286996;-1.57101,-0.719369,-1.5644
0.0300423,-0.322039,0.0334185;-1.64999,-0.592915,-1.59273
0.0337776,-0.325376,0.0305739;-1.59766,-0.658459,-1.57192
0.0342905,-0.326291,0.0286724;-1.57086,-0.726693,-1.56637
0.0318077,-0.323232,0.0287307;-1.57268,-0.855475,-1.58069
0.032948,-0.324785,0.0288046;-1.57031,-0.810029,-1.58138
0.0362998,-0.330235,0.0294942;-1.55618,-0.727107,-1.57514
0.0527549,-0.359468,0.0357321;-1.43131,-0.542248,-1.482
0.0522685,-0.362599,0.033197;-1.46535,-0.598118,-1.50565
0.0426561,-0.355576,0.0288403;-1.55885,-0.712047,-1.57016
0.0369747,-0.349727,0.028573;-1.57222,-0.913393,-1.57242
0.0368715,-0.350493,0.0286055;-1.57092,-0.941032,-1.56966
0.0372924,-0.350498,0.0290677;-1.56265,-0.908728,-1.54552
0.0573702,-0.374228,0.0375094;-1.3931,-0.742872,-1.41305
0.0615629,-0.378909,0.0393696;-1.33384,-0.756782,-1.37324
0.0595877,-0.382949,0.0368441;-1.33,-0.828134,-1.37726
0.0516378,-0.381831,0.0377554;-1.2558,-0.921545,-1.31541
0.0519919,-0.380588,0.0387508;-1.22691,-0.939163,-1.29398
0.055564,-0.380071,0.0369358;-1.33167,-0.904726,-1.40026
0.0729272,-0.393074,0.0376308;-1.36267,-0.735699,-1.43654
0.0830019,-0.399537,0.0412265;-1.283,-0.671443,-1.3701
0.0840984,-0.40066,0.0411894;-1.24378,-0.700335,-1.34741
0.06642,-0.394432,0.0396288;-1.20355,-0.884858,-1.2929
0.0554771,-0.386687,0.0420823;-1.10399,-0.981456,-1.19583
0.0534489,-0.382654,0.0438027;-1.07427,-0.998901,-1.17983
0.0678377,-0.388399,0.0452498;-1.04394,-0.857116,-1.15895
0.0716404,-0.391366,0.044974;-1.09414,-0.838111,-1.18528
0.071719,-0.39193,0.0441715;-1.12473,-0.85555,-1.20122
0.0527276,-0.390817,0.0361687;-1.26698,-1.0531,-1.31853
0.0397482,-0.384944,0.0286761;-1.56966,-1.17014,-1.57865
0.0372389,-0.383898,0.0288447;-1.57024,-1.22221,-1.58271
0.0403442,-0.385249,0.028624;-1.57183,-1.10379,-1.56873
0.0480354,-0.390508,0.0299221;-1.6271,-1.01668,-1.61468
0.066085,-0.400061,0.0306827;-1.61317,-0.929836,-1.59381
0.0587529,-0.397216,0.0295619;-1.5542,-1.08506,-1.57724
0.0508514,-0.392168,0.0295393;-1.5621,-1.15444,-1.58573
0.0467325,-0.389568,0.0310353;-1.51204,-1.19185,-1.54961
0.0575358,-0.39286,0.034538;-1.43796,-1.09188,-1.50866
0.0614213,-0.399406,0.0342732;-1.46602,-1.06655,-1.52199
0.073708,-0.410013,0.0348846;-1.38645,-0.981412,-1.41062
0.0708407,-0.408606,0.0358294;-1.31868,-1.05769,-1.37494
0.0596679,-0.403594,0.0307215;-1.53922,-1.13031,-1.57872
0.0507927,-0.400744,0.0300557;-1.51939,-1.21243,-1.54174
0.0510033,-0.40435,0.0292021;-1.57022,-1.18688,-1.58484
0.067599,-0.411968,0.0339753;-1.53929,-1.08724,-1.56383
0.0912875,-0.417703,0.0426878;-1.13726,-0.968014,-1.18052
0.0908924,-0.416025,0.0417779;-1.05075,-1.02275,-1.11942
0.0838132,-0.413028,0.0410081;-1.12038,-1.07963,-1.20469
0.0723628,-0.410224,0.0361689;-1.43382,-1.16169,-1.52588
0.0677834,-0.410112,0.035773;-1.35157,-1.19134,-1.41886
0.0733916,-0.414919,0.0371906;-1.25866,-1.13703,-1.31677
0.0923339,-0.421803,0.0418436;-1.09384,-1.0227,-1.14087
0.100607,-0.424608,0.0446714;-0.982757,-1.02431,-1.03235
0.0981072,-0.425475,0.0440584;-0.906549,-1.03877,-0.975031
0.095792,-0.425052,0.0463291;-0.802954,-1.02088,-0.87974
0.0883281,-0.4246,0.0492427;-0.612271,-1.07093,-0.692408
0.0952275,-0.425844,0.0501651;-0.615991,-0.99557,-0.691946
0.0973092,-0.426741,0.0480984;-0.755435,-1.05151,-0.791495
0.0944924,-0.426318,0.0436656;-1.04339,-1.12044,-1.0348
0.0873561,-0.425382,0.0397717;-1.06944,-1.1757,-1.07331
0.0808379,-0.422096,0.036927;-1.07024,-1.20991,-1.09428
0.0687978,-0.413822,0.0337117;-1.22348,-1.31351,-1.25263
0.0698824,-0.412619,0.0307188;-1.54505,-1.27688,-1.58531
0.0780682,-0.413926,0.0338795;-1.44271,-1.20988,-1.50704
0.105743,-0.425976,0.0385247;-1.20443,-1.08116,-1.22895
0.107208,-0.423979,0.040383;-1.08384,-1.08453,-1.12437
0.10464,-0.422073,0.0411569;-0.978975,-1.10016,-1.03072
0.0914852,-0.421803,0.0467466;-0.557283,-1.16905,-0.616687
0.0937135,-0.424529,0.0464994;-0.596188,-1.1532,-0.647498
0.109679,-0.430804,0.0494259;-0.566455,-1.06514,-0.60552
0.11391,-0.436841,0.0491191;-0.700828,-1.16557,-0.661628
0.114002,-0.436833,0.0523785;-0.622941,-1.12755,-0.577464
0.109902,-0.439252,0.0490509;-0.538937,-1.14874,-0.52396
0.0923276,-0.433776,0.0416035;-0.541301,-1.26998,-0.561917
0.0808975,-0.432947,0.0288533;-1.51042,-1.42838,-1.51541
0.0852493,-0.437268,0.0296749;-1.52522,-1.38846,-1.51834
0.0852493,-0.437268,0.0296749;-1.52522,-1.38846,-1.51834
0.10062,-0.439192,0.0339605;-1.58114,-1.27166,-1.59218
0.10062,-0.439192,0.0339605;-1.58114,-1.27166,-1.59218
