0,0,0.11;-1.57,-2.98023e-08,-1.57
0,0,0.11;-1.57,-2.98023e-08,-1.57
0,0,0.11;-1.57,-2.98023e-08,-1.57
0.000337287,0.00723296,0.0286353;-1.57026,-0.120024,-1.57274
0.000202985,0.00647494,0.0285797;-1.57064,-0.0782662,-1.57031
-0.00156209,0.0018512,0.029987;-1.58219,-0.027309,-1.56133
-0.00420457,-0.0220048,0.0357162;-1.44815,0.000185907,-1.55733
-0.00468695,-0.0163762,0.0285794;-1.57134,-0.0938899,-1.57106
-0.00461887,-0.0164559,0.0288218;-1.5627,-0.0905361,-1.57343
-0.00471904,-0.0158491,0.02858;-1.57076,-0.105295,-1.57085
-0.00459217,-0.0166854,0.0286068;-1.57067,-0.041908,-1.56902
-0.00642284,-0.0213797,0.0298712;-1.57171,0.0059093,-1.5552
-0.00915738,-0.0447869,0.0347707;-1.47562,0.092883,-1.55507
-0.0106055,-0.0512221,0.032863;-1.49243,0.0418549,-1.56301
-0.0105372,-0.0481047,0.0287796;-1.57181,-0.00890156,-1.56032
-0.0104455,-0.0478355,0.0287435;-1.56309,-0.00470744,-1.57084
-0.0101529,-0.0481657,0.0285796;-1.57071,0.0495065,-1.57089
-0.0106586,-0.0490686,0.0288101;-1.56687,0.101859,-1.56421
-0.0154781,-0.0661703,0.0322027;-1.52768,0.191731,-1.56362
-0.0209049,-0.0899892,0.0383294;-1.4273,0.207764,-1.57028
-0.0209615,-0.0851951,0.0335892;-1.48005,0.13483,-1.57138
-0.0182963,-0.0797944,0.0287095;-1.57096,0.0977232,-1.56255
-0.0180861,-0.0794042,0.028582;-1.57064,0.127366,-1.57078
-0.0178526,-0.0794929,0.0286118;-1.57043,0.169189,-1.56929
-0.0204941,-0.083235,0.0297287;-1.5681,0.233252,-1.55974
-0.0278249,-0.102223,0.0336197;-1.50474,0.283861,-1.57016
-0.0317818,-0.108483,0.0318001;-1.52044,0.229128,-1.56397
-0.0294153,-0.104532,0.0288392;-1.55881,0.209488,-1.57231
-0.028924,-0.10463,0.0287698;-1.56133,0.237523,-1.57301
-0.0288255,-0.10449,0.0285747;-1.57093,0.258075,-1.5709
-0.0355413,-0.115599,0.0310603;-1.55364,0.394478,-1.56243
-0.0448901,-0.139987,0.037838;-1.42731,0.459157,-1.60813
-0.0506739,-0.145496,0.0367443;-1.43466,0.396522,-1.597
-0.0420665,-0.131357,0.0287137;-1.57078,0.311247,-1.56402
-0.0412986,-0.131019,0.0287725;-1.56085,0.331242,-1.57409
-0.0410219,-0.131584,0.0287134;-1.5637,0.369627,-1.57319
-0.043791,-0.133738,0.0297377;-1.57018,0.461439,-1.55716
-0.0556321,-0.153101,0.0349802;-1.48412,0.563536,-1.59491
-0.0650672,-0.169034,0.0382015;-1.40043,0.5633,-1.6336
-0.0571548,-0.160244,0.028792;-1.57333,0.453086,-1.5593
-0.056315,-0.159931,0.0288025;-1.55906,0.465038,-1.57572
-0.0560593,-0.160459,0.0287813;-1.56003,0.499761,-1.57637
-0.0559049,-0.160563,0.0287824;-1.5709,0.57484,-1.56062
-0.065701,-0.169606,0.0314558;-1.56691,0.662555,-1.55071
-0.082488,-0.191952,0.0388059;-1.37816,0.746214,-1.67101
-0.0812509,-0.188114,0.0296037;-1.55371,0.629369,-1.56898
-0.0786948,-0.186679,0.0286322;-1.57096,0.615873,-1.56748
-0.078251,-0.186887,0.0287636;-1.55989,0.642079,-1.57753
-0.077883,-0.187816,0.0285807;-1.57057,0.732558,-1.57092
-0.0821211,-0.189978,0.0295622;-1.57099,0.808593,-1.56098
-0.102055,-0.207965,0.03556;-1.40811,0.903709,-1.68012
-0.107094,-0.209844,0.0307832;-1.53927,0.805751,-1.57313
-0.101945,-0.207498,0.0287392;-1.5701,0.793225,-1.56313
-0.101163,-0.207669,0.0288304;-1.55344,0.807268,-1.58313
-0.100626,-0.208059,0.0285473;-1.56833,0.898279,-1.57245
-0.104624,-0.209398,0.0290883;-1.57915,0.978347,-1.56472
-0.12401,-0.222895,0.0333445;-1.41242,1.07792,-1.70103
-0.128511,-0.223326,0.0323861;-1.48209,1.00463,-1.62084
-0.11818,-0.218314,0.028873;-1.5752,0.949399,-1.55543
-0.118089,-0.218531,0.0288848;-1.5464,0.950688,-1.5899
-0.117972,-0.219425,0.0285795;-1.57067,1.03099,-1.57086
-0.120326,-0.219607,0.0287638;-1.58576,1.09181,-1.55951
-0.13985,-0.228197,0.0309642;-1.51664,1.19127,-1.61517
-0.153918,-0.233795,0.0365658;-1.26955,1.15907,-1.81841
-0.143207,-0.230165,0.0301275;-1.52294,1.12089,-1.60081
-0.141382,-0.230874,0.0286011;-1.57067,1.10175,-1.56971
-0.14102,-0.231374,0.0285811;-1.57036,1.14229,-1.57125
-0.141538,-0.231426,0.028577;-1.57153,1.18816,-1.56992
-0.148144,-0.23209,0.0289716;-1.59622,1.26591,-1.55006
-0.186635,-0.243954,0.0387152;-0.852028,1.31284,-2.24934
-0.18343,-0.243131,0.0355554;-1.06087,1.29278,-2.05512
-0.174673,-0.241855,0.0287019;-1.57066,1.27831,-1.56438
-0.174709,-0.242672,0.0288408;-1.52479,1.29644,-1.61546
-0.174538,-0.243131,0.0285651;-1.5732,1.33291,-1.56859
-0.175292,-0.242851,0.0285803;-1.57166,1.37145,-1.56982
-0.209101,-0.248523,0.0358885;-0.0830528,1.44427,-3.04626
-0.218403,-0.249744,0.0377827;-0.321397,1.38517,-2.80216
-0.208404,-0.247164,0.0289296;-1.48243,1.45295,-1.65219
-0.206571,-0.24822,0.028884;-1.46751,1.44114,-1.67434
-0.206636,-0.248715,0.0285798;-1.57092,1.4889,-1.57091
-0.207843,-0.248518,0.0285703;-1.55258,1.54398,-1.58891
-0.240721,-0.247243,0.0334334;1.17892,1.39497,1.95225
-0.248301,-0.246823,0.0369607;0.670462,1.36824,2.46977
-0.236673,-0.243407,0.0286354;1.59841,1.53273,1.54604
-0.235424,-0.24429,0.0288814;1.23749,1.5397,1.89975
-0.236415,-0.244879,0.0285799;1.56958,1.48983,1.57198
-0.238504,-0.243899,0.0287192;1.57515,1.422,1.56066
-0.271073,-0.236734,0.0327824;1.43085,1.24888,1.68403
-0.2783,-0.234656,0.0368603;1.09353,1.25444,2.02685
-0.26551,-0.234405,0.0287911;1.61738,1.36933,1.53161
-0.264751,-0.236019,0.0288472;1.52652,1.36048,1.61056
-0.265871,-0.235769,0.0287168;1.57017,1.31724,1.56494
-0.267331,-0.234634,0.0287858;1.57679,1.27443,1.557
-0.290923,-0.223342,0.0329654;1.62359,1.12854,1.49185
-0.298975,-0.220363,0.0341175;1.37493,1.16226,1.73619
-0.292798,-0.221804,0.0291868;1.57763,1.19526,1.56048
-0.289218,-0.224105,0.0288094;1.57411,1.25329,1.56791
-0.290433,-0.224138,0.0287869;1.56445,1.22644,1.56915
-0.291824,-0.222892,0.0288033;1.57308,1.18229,1.55908
-0.295397,-0.2191,0.0296662;1.62506,1.12382,1.51199
-0.320482,-0.20401,0.036893;1.419,1.01999,1.68744
-0.320228,-0.201505,0.0349072;1.36198,1.08654,1.74477
-0.306409,-0.208051,0.0295993;1.64358,1.15692,1.5073
-0.305698,-0.210123,0.028779;1.5727,1.15185,1.56051
-0.306371,-0.209164,0.0289634;1.58733,1.12207,1.54501
-0.30935,-0.205379,0.0292509;1.60871,1.06928,1.52594
-0.329481,-0.189698,0.0354521;1.50073,0.928268,1.59059
-0.333653,-0.185176,0.0354526;1.45276,1.0005,1.63469
-0.322255,-0.190974,0.029405;1.62572,1.08504,1.5178
-0.318129,-0.195502,0.028957;1.58204,1.1009,1.54801
-0.318987,-0.194419,0.0290103;1.58899,1.07296,1.54292
-0.322267,-0.189654,0.0297512;1.601,1.02012,1.52725
-0.338078,-0.175921,0.0354504;1.54255,0.882791,1.53953
-0.341277,-0.171517,0.0341091;1.49566,0.962427,1.58349
-0.334006,-0.176014,0.0300084;1.5916,1.03749,1.53075
-0.330365,-0.18059,0.0290784;1.59967,1.0544,1.53698
-0.331456,-0.179392,0.0289337;1.57818,1.02676,1.55167
-0.333553,-0.175561,0.0302408;1.6065,0.977686,1.52046
-0.345751,-0.161922,0.0350667;1.56245,0.834511,1.5199
-0.348801,-0.157647,0.0354029;1.51905,0.87587,1.55334
-0.346884,-0.157633,0.0313693;1.56785,0.952258,1.52869
-0.33977,-0.166407,0.0293186;1.60256,1.00998,1.53823
-0.340999,-0.165032,0.0290592;1.59329,0.993049,1.54135
-0.342175,-0.162802,0.0294979;1.59228,0.961271,1.53468
-0.350326,-0.15105,0.0339657;1.61522,0.830429,1.48488
-0.357448,-0.145613,0.0374988;1.53847,0.793502,1.53285
-0.357569,-0.142887,0.0354461;1.53588,0.865256,1.54238
-0.347007,-0.154465,0.0311381;1.66879,0.967696,1.4897
-0.348104,-0.153295,0.0292788;1.59589,0.953556,1.5385
-0.348858,-0.151913,0.0291061;1.58839,0.936722,1.54202
-0.354375,-0.140494,0.0327045;1.61419,0.808845,1.49879
-0.360313,-0.133693,0.0357163;1.59346,0.73902,1.49564
-0.363667,-0.129567,0.0380696;1.55329,0.748917,1.52492
-0.356142,-0.13997,0.0319679;1.68909,0.880367,1.47547
-0.355035,-0.142373,0.029223;1.6,0.885213,1.5412
-0.356065,-0.141505,0.0291252;1.59212,0.868226,1.54219
-0.359645,-0.132246,0.0320057;1.61998,0.771051,1.50421
-0.362971,-0.125694,0.0342181;1.62439,0.700052,1.48631
-0.369522,-0.120862,0.0387685;1.59839,0.645417,1.49431
-0.364989,-0.129072,0.0328837;1.65974,0.781207,1.48367
-0.361651,-0.134972,0.0311025;1.65538,0.820897,1.50527
-0.362767,-0.133209,0.0294882;1.59696,0.804304,1.54105
-0.365527,-0.124465,0.0308052;1.60662,0.707484,1.51936
-0.367878,-0.117312,0.0341946;1.64382,0.630557,1.48545
-0.371511,-0.11092,0.0379739;1.67464,0.548364,1.45671
-0.368807,-0.118709,0.0326441;1.64322,0.671261,1.49809
-0.366958,-0.122604,0.0299597;1.62043,0.71044,1.53447
-0.366839,-0.119793,0.0295116;1.59381,0.68286,1.54659
-0.368819,-0.111604,0.0306702;1.60652,0.591117,1.52825
-0.370924,-0.103825,0.0339256;1.63902,0.519336,1.49774
-0.373212,-0.0972682,0.0383882;1.69326,0.443739,1.46056
-0.372283,-0.101705,0.0336333;1.65207,0.530294,1.50091
-0.371101,-0.106739,0.0300873;1.62045,0.581115,1.53981
-0.371068,-0.104453,0.0294337;1.59242,0.55196,1.551
-0.371619,-0.0990289,0.0293118;1.59095,0.479668,1.54759
-0.37205,-0.0916858,0.0317095;1.6175,0.41675,1.52415
-0.373577,-0.0835024,0.0352402;1.64912,0.348645,1.49801
-0.375956,-0.07892,0.0351438;1.65743,0.357026,1.49998
-0.37615,-0.0848607,0.030171;1.5985,0.422282,1.54236
-0.376332,-0.0870927,0.0290812;1.59383,0.446958,1.55721
-0.375958,-0.0827987,0.0289573;1.58293,0.378706,1.55947
-0.375559,-0.0792208,0.0295937;1.59846,0.336179,1.55186
-0.375399,-0.0701396,0.0324403;1.62118,0.26353,1.52709
-0.378941,-0.053614,0.0366792;1.62729,0.204595,1.51683
-0.379466,-0.0589285,0.0316115;1.59774,0.270191,1.5326
-0.379924,-0.0642428,0.0291651;1.59112,0.325311,1.55523
-0.379607,-0.0622445,0.0290453;1.57708,0.285013,1.56577
-0.379207,-0.0611175,0.0291181;1.59388,0.246533,1.56136
-0.378075,-0.055124,0.030005;1.59875,0.191069,1.5536
-0.380976,-0.0301015,0.0357333;1.61027,0.0678571,1.52797
-0.381655,-0.0290999,0.0340052;1.54206,0.120669,1.54002
-0.381141,-0.0386014,0.0290772;1.58111,0.20021,1.55507
-0.381366,-0.0385564,0.0289803;1.57092,0.185897,1.56837
-0.380968,-0.0376337,0.0287344;1.5737,0.151349,1.56591
-0.379625,-0.0351478,0.0290971;1.58543,0.0880633,1.55893
-0.378072,-0.00729615,0.0339115;1.60837,-0.0692814,1.53354
-0.378909,0.000644632,0.0337294;1.51006,-0.025032,1.54422
-0.377889,-0.00840538,0.0289903;1.57642,0.0619463,1.55677
-0.378668,-0.00855995,0.0287588;1.56443,0.0528296,1.56926
-0.378757,-0.00854434,0.0285938;1.5708,0.0202978,1.57148
-0.377472,-0.00693609,0.0287692;1.5752,-0.0399458,1.56638
-0.377472,-0.00693609,0.0287692;1.5752,-0.0399458,1.56638
-0.374511,0.00136189,0.0301727;1.59844,-0.110278,1.55988
-0.374511,0.00136189,0.0301727;1.59844,-0.110278,1.55988
