0,0,0.11;-1.57,-2.98023e-08,-1.57
0,0,0.11;-1.57,-2.98023e-08,-1.57
0,0,0.11;-1.57,-2.98023e-08,-1.57
-3.53453e-06,0.00686198,0.028638;-1.56796,-0.164408,-1.57024
-0.000191338,0.00671592,0.0285808;-1.57065,-0.147619,-1.57075
-0.00146156,0.00412584,0.029664;-1.57862,-0.105577,-1.56335
-0.00254663,-0.0165408,0.0382486;-1.57609,-0.0694935,-1.57432
0.0030599,-0.00950745,0.0311869;-1.6343,-0.196815,-1.5871
0.00381818,-0.0113684,0.0298346;-1.60119,-0.194172,-1.58912
0.00230674,-0.0155958,0.0317206;-1.59617,-0.159183,-1.61284
0.000505516,-0.0162933,0.0323551;-1.65462,-0.132232,-1.58422
-0.00250125,-0.0164453,0.0349797;-1.68301,-0.0910406,-1.5821
-0.00346698,-0.0253093,0.0405606;-1.62496,-0.0053327,-1.56755
-0.00337762,-0.0332847,0.03023;-1.54062,-0.0802786,-1.55698
-0.00398927,-0.0323642,0.0287437;-1.57098,-0.136917,-1.56264
-0.00392809,-0.032089,0.0287293;-1.56365,-0.143203,-1.56936
-0.00390064,-0.03224,0.0286151;-1.57131,-0.101108,-1.56907
-0.00592856,-0.03526,0.0306141;-1.60168,-0.0465719,-1.56741
-0.00816634,-0.0478745,0.0394963;-1.63033,0.0395866,-1.56916
-0.00637665,-0.0622582,0.0439847;-1.61785,0.0375835,-1.57724
-0.00469378,-0.0617764,0.0379422;-1.6698,-0.0433842,-1.58385
-0.00212603,-0.0584871,0.0339907;-1.686,-0.0808338,-1.58353
-0.00311131,-0.0604549,0.0294066;-1.60037,-0.077215,-1.57537
-0.00548792,-0.0604928,0.0304322;-1.61709,-0.0518466,-1.57398
-0.00933834,-0.0626661,0.0326478;-1.62461,0.00868102,-1.56061
-0.0105563,-0.074469,0.0354051;-1.54911,0.0494288,-1.55545
-0.0115711,-0.0791983,0.0290979;-1.5583,-0.0147703,-1.5641
-0.0113192,-0.0787797,0.0287601;-1.56435,-0.0331023,-1.57306
-0.0111862,-0.0799414,0.0286815;-1.57072,0.0052829,-1.5757
-0.0119445,-0.0805262,0.0291499;-1.5983,0.041261,-1.57028
-0.0171909,-0.0940332,0.039407;-1.68257,0.175543,-1.56973
-0.0169847,-0.102849,0.0482339;-1.64223,0.211079,-1.57593
-0.0162279,-0.102282,0.0444;-1.65837,0.129205,-1.57354
-0.0134228,-0.0949419,0.0301695;-1.61223,0.0370368,-1.57131
-0.0140382,-0.095975,0.0289281;-1.58014,0.0590865,-1.57761
-0.0154768,-0.0979889,0.0286358;-1.56911,0.118429,-1.57257
-0.0181222,-0.100875,0.0302102;-1.5681,0.213097,-1.55195
-0.0239974,-0.120632,0.0355067;-1.48777,0.315412,-1.56738
-0.027405,-0.136137,0.0359757;-1.43652,0.297395,-1.59003
-0.0264572,-0.129064,0.0285593;-1.57065,0.168007,-1.57102
-0.0259831,-0.129362,0.0287302;-1.56921,0.18693,-1.57681
-0.0266293,-0.130596,0.0288947;-1.57701,0.219154,-1.57831
-0.0306097,-0.133813,0.0331744;-1.66717,0.299882,-1.54869
-0.0352766,-0.139078,0.0386619;-1.66862,0.375289,-1.54948
-0.0399589,-0.146246,0.0465886;-1.6061,0.423236,-1.5616
-0.0420191,-0.145891,0.0286416;-1.57401,0.27805,-1.56997
-0.0412685,-0.145755,0.0287187;-1.57013,0.270178,-1.5649
-0.0410168,-0.146113,0.0287072;-1.56441,0.289041,-1.5726
-0.0407162,-0.145994,0.0288435;-1.57368,0.353493,-1.55953
-0.0461515,-0.151914,0.0310935;-1.57263,0.440168,-1.54464
-0.0562656,-0.172847,0.0364057;-1.44108,0.524766,-1.60376
-0.0568906,-0.17281,0.0289244;-1.58617,0.362947,-1.5676
-0.0547857,-0.171546,0.0291004;-1.5945,0.343626,-1.56576
-0.0556231,-0.17364,0.0291608;-1.57832,0.372656,-1.58188
-0.0613974,-0.178208,0.0307431;-1.61966,0.463123,-1.55889
-0.0689914,-0.184429,0.0347211;-1.63513,0.545405,-1.54489
-0.077854,-0.195194,0.0404305;-1.52101,0.621666,-1.59162
-0.0820805,-0.200451,0.0294865;-1.55015,0.508765,-1.57289
-0.0808033,-0.199503,0.0286712;-1.57123,0.470158,-1.56594
-0.0802359,-0.199471,0.0288115;-1.55845,0.481755,-1.57669
-0.0797404,-0.199522,0.0287733;-1.57112,0.549751,-1.56118
-0.0825661,-0.201193,0.0299891;-1.57034,0.607379,-1.55361
-0.0947424,-0.214521,0.0366671;-1.51416,0.700292,-1.59237
-0.100115,-0.222973,0.0356435;-1.48465,0.643137,-1.64206
-0.0920917,-0.218839,0.0321088;-1.62029,0.584766,-1.57098
-0.0858776,-0.217327,0.0321232;-1.64337,0.543275,-1.55033
-0.089825,-0.219801,0.0302239;-1.58727,0.586545,-1.58767
-0.0947033,-0.220929,0.0311957;-1.62727,0.645433,-1.55006
-0.101457,-0.224975,0.0333632;-1.61102,0.715071,-1.55472
-0.115322,-0.239137,0.0387209;-1.42393,0.776995,-1.65375
-0.119012,-0.240139,0.0333884;-1.45073,0.709588,-1.63789
-0.116323,-0.236516,0.0287393;-1.57159,0.659643,-1.56248
-0.115612,-0.236596,0.0286674;-1.56876,0.661659,-1.5746
-0.11653,-0.237176,0.0287202;-1.57558,0.700782,-1.57065
-0.120262,-0.23858,0.0300512;-1.61421,0.758175,-1.54581
-0.13892,-0.250448,0.0491042;-1.5823,0.900075,-1.57104
-0.140522,-0.250071,0.0474752;-1.60952,0.807425,-1.55521
-0.130647,-0.244778,0.0315084;-1.65909,0.729669,-1.51519
-0.126767,-0.243887,0.0286982;-1.57067,0.702922,-1.57648
-0.127238,-0.244605,0.0285802;-1.57092,0.747228,-1.57061
-0.127541,-0.244333,0.0289863;-1.57646,0.777365,-1.55495
-0.157876,-0.266869,0.0394337;-1.35533,0.977054,-1.71145
-0.168473,-0.275389,0.0371153;-1.35607,0.911281,-1.72676
-0.160708,-0.268163,0.0298397;-1.53471,0.841011,-1.59095
-0.157384,-0.267441,0.0288074;-1.55698,0.820632,-1.58234
-0.157103,-0.267695,0.0285803;-1.57148,0.863937,-1.56948
-0.157367,-0.26748,0.028856;-1.57825,0.887668,-1.55558
-0.179067,-0.280802,0.0417199;-1.46541,1.05629,-1.63985
-0.188713,-0.288007,0.0371349;-1.352,0.974634,-1.73748
-0.182835,-0.281565,0.0303628;-1.51596,0.908697,-1.60755
-0.178433,-0.279772,0.0288465;-1.55333,0.888987,-1.58609
-0.178423,-0.280326,0.028584;-1.56983,0.948525,-1.57158
-0.178634,-0.280375,0.0287887;-1.57102,0.964208,-1.56051
-0.206977,-0.293502,0.0380853;-1.31414,1.1382,-1.77396
-0.219183,-0.299844,0.0361469;-1.30669,1.07904,-1.79578
-0.213668,-0.296205,0.0341507;-1.36958,1.05391,-1.73661
-0.204089,-0.29122,0.0286591;-1.56385,0.975299,-1.57661
-0.205178,-0.292791,0.0289073;-1.5443,1.03472,-1.59567
-0.204736,-0.292656,0.028625;-1.57076,1.05258,-1.56876
-0.206955,-0.292236,0.0298772;-1.57472,1.10655,-1.54823
-0.247767,-0.308111,0.0390984;-1.13602,1.2389,-1.95352
-0.248898,-0.307427,0.0352926;-1.26203,1.17315,-1.84938
-0.238551,-0.303284,0.0287122;-1.57963,1.11682,-1.55339
-0.238945,-0.304169,0.0287212;-1.55745,1.14123,-1.58418
-0.23938,-0.304884,0.0285747;-1.57211,1.18256,-1.56916
-0.239479,-0.30464,0.0289404;-1.57605,1.2085,-1.55316
-0.275813,-0.312854,0.0386569;-0.973438,1.35232,-2.12007
-0.283774,-0.315436,0.0365897;-1.15564,1.29675,-1.9617
-0.275201,-0.314732,0.0288947;-1.6215,1.26858,-1.52151
-0.275169,-0.315219,0.0287082;-1.57082,1.30947,-1.57679
-0.276866,-0.315632,0.0287134;-1.59698,1.34703,-1.54592
-0.276998,-0.314562,0.0290832;-1.66797,1.38181,-1.46716
-0.310327,-0.314023,0.0387896;-0.127878,1.45318,-2.97863
-0.325501,-0.315972,0.0374173;-0.367413,1.41606,-2.75839
-0.314443,-0.315628,0.0292152;-1.44399,1.44938,-1.68932
-0.312183,-0.316615,0.028823;-1.50002,1.43399,-1.64279
-0.312904,-0.317173,0.0286647;-1.52415,1.48273,-1.61722
-0.312664,-0.317053,0.0287936;-1.57935,1.50594,-1.55214
-0.338626,-0.3123,0.038035;0.989291,1.4688,2.17193
-0.349723,-0.31226,0.0396912;0.557933,1.43963,2.5904
-0.343761,-0.314825,0.0326189;0.147115,1.50747,2.99278
-0.335801,-0.318056,0.0291327;-2.19615,1.54367,-0.956845
-0.33847,-0.317089,0.0290758;2.12033,1.55275,1.00711
-0.340037,-0.315822,0.0292885;2.10782,1.51967,1.0258
-0.350247,-0.308121,0.0372417;2.20794,1.3605,0.950772
-0.365587,-0.303723,0.0442721;1.49419,1.33943,1.65878
-0.374614,-0.30269,0.0412001;1.06222,1.37202,2.06984
-0.361612,-0.30707,0.0286852;1.6411,1.49607,1.50009
-0.361855,-0.307336,0.0287812;1.50631,1.47855,1.63123
-0.362683,-0.307421,0.0287539;1.51231,1.45161,1.62753
-0.368123,-0.303067,0.0319779;1.78948,1.34676,1.36877
-0.385727,-0.295372,0.0392305;1.53418,1.26194,1.62318
-0.400185,-0.290738,0.0386091;1.06349,1.22072,2.07599
-0.391675,-0.292804,0.0288331;1.62786,1.36118,1.5164
-0.391824,-0.293117,0.0287995;1.53668,1.35471,1.60093
-0.391097,-0.293318,0.0286336;1.56939,1.36579,1.56948
-0.391693,-0.292435,0.0294843;1.58988,1.29803,1.5703
-0.403359,-0.284602,0.0323514;1.58715,1.21768,1.58755
-0.424764,-0.275496,0.0401629;1.15255,1.11152,1.99046
-0.420497,-0.275087,0.0285408;1.59527,1.25697,1.553
-0.419844,-0.276731,0.0285582;1.5655,1.27356,1.57502
-0.41882,-0.276874,0.0287366;1.5694,1.28501,1.56436
-0.422461,-0.272957,0.0300302;1.67772,1.20819,1.46712
-0.432498,-0.265021,0.0347137;1.73923,1.13999,1.42439
-0.449015,-0.256461,0.0400935;1.30324,1.05103,1.83526
-0.44269,-0.25377,0.0287474;1.56882,1.23302,1.5746
-0.440653,-0.255435,0.0285935;1.56913,1.25741,1.57448
-0.44097,-0.25574,0.02873;1.5497,1.23644,1.59051
-0.440893,-0.255961,0.0288912;1.57792,1.14971,1.57866
-0.448213,-0.249263,0.0311994;1.59336,1.08488,1.58012
-0.467794,-0.235924,0.0377574;1.37101,0.973252,1.77937
-0.47429,-0.231255,0.0320128;1.45011,1.06752,1.68853
-0.471536,-0.234222,0.0286785;1.57138,1.10736,1.57525
-0.471322,-0.23469,0.0287969;1.54779,1.09717,1.59125
-0.471354,-0.235414,0.0286933;1.57079,1.01543,1.57617
-0.473494,-0.232363,0.0296435;1.58756,0.966203,1.56922
-0.487676,-0.219138,0.0364971;1.54211,0.886133,1.60694
-0.498005,-0.207095,0.0366374;1.32174,0.917268,1.7846
-0.491776,-0.211011,0.0288954;1.57825,0.979984,1.57575
-0.491381,-0.211876,0.0286107;1.56831,0.99095,1.57424
-0.491846,-0.212831,0.0285865;1.56992,0.9241,1.57162
-0.491759,-0.212623,0.0289679;1.57894,0.902864,1.5789
-0.494454,-0.206947,0.031267;1.58644,0.846955,1.59088
-0.517639,-0.181233,0.0396037;1.33258,0.752203,1.76617
-0.51462,-0.181436,0.0334365;1.4519,0.82871,1.67236
-0.511926,-0.18549,0.028704;1.57101,0.874201,1.57693
-0.512058,-0.186232,0.0287048;1.56169,0.843318,1.57758
-0.512153,-0.186725,0.0287317;1.57087,0.807171,1.57801
-0.512389,-0.184864,0.0297895;1.57476,0.770107,1.58984
-0.536442,-0.149829,0.0402901;1.38397,0.583393,1.71815
-0.542108,-0.143185,0.0369932;1.38592,0.643007,1.69895
-0.538532,-0.150671,0.0287977;1.57851,0.689682,1.5784
-0.53863,-0.151863,0.0287255;1.56183,0.68501,1.57652
-0.538807,-0.152337,0.0286269;1.57085,0.647618,1.57303
-0.538408,-0.151868,0.0292836;1.57716,0.616376,1.58443
-0.55296,-0.114267,0.0388108;1.42375,0.426143,1.67079
-0.55918,-0.102445,0.0366909;1.40373,0.483082,1.66293
-0.555594,-0.110693,0.0286755;1.5758,0.525152,1.57705
-0.556421,-0.111392,0.0288059;1.56289,0.502705,1.57085
-0.556344,-0.111566,0.0285833;1.57055,0.474958,1.57105
-0.555883,-0.111049,0.0291035;1.57784,0.443659,1.5838
-0.555883,-0.111049,0.0291035;1.57784,0.443659,1.5838
-0.5561,-0.100565,0.0320835;1.58607,0.367055,1.60172
-0.5561,-0.100565,0.0320835;1.58607,0.367055,1.60172
