0,0,0.11;-1.57,-2.98023e-08,-1.57
0,0,0.11;-1.57,-2.98023e-08,-1.57
0,0,0.11;-1.57,-2.98023e-08,-1.57
-4.26276e-05,0.00423374,0.028587;-1.57054,-0.123542,-1.57057
-0.000212613,0.00415863,0.0287825;-1.56908,-0.131817,-1.56236
-0.000791098,0.00314023,0.0303032;-1.56854,-0.12191,-1.54195
-0.00167658,-0.00103632,0.032007;-1.57108,-0.125188,-1.52483
-0.000785883,-0.00140929,0.028582;-1.57073,-0.185212,-1.57089
-0.0010698,-0.00170036,0.0286734;-1.56627,-0.204032,-1.56973
-0.00134612,-0.0018005,0.0286461;-1.56755,-0.212689,-1.57016
-0.000737524,-0.00155464,0.0287192;-1.57078,-0.167596,-1.56407
-0.000842425,-0.00301863,0.0295807;-1.55422,-0.117521,-1.55752
-0.00093202,-0.013122,0.0332227;-1.51251,-0.0589456,-1.53737
0.00107248,-0.0218239,0.0323739;-1.50671,-0.0772292,-1.56968
0.00167122,-0.0183444,0.030064;-1.56565,-0.0949961,-1.60201
0.00217048,-0.0170388,0.0307774;-1.56713,-0.0970926,-1.6049
0.0029683,-0.0164948,0.0304946;-1.57043,-0.0969041,-1.60929
0.00296226,-0.0163814,0.0316271;-1.59568,-0.0814792,-1.6015
0.00288466,-0.017833,0.0383338;-1.63055,-0.00779032,-1.57922
0.00421344,-0.0147609,0.0405674;-1.65153,-0.0328994,-1.56983
0.00819465,-0.0114443,0.0350827;-1.69009,-0.071609,-1.59232
0.0102923,-0.00872059,0.0323556;-1.60749,-0.118289,-1.61435
0.0110239,-0.0072754,0.0312034;-1.58293,-0.124309,-1.6113
0.00980715,-0.0101802,0.0307133;-1.60287,-0.0835002,-1.59561
0.00867278,-0.0117615,0.033478;-1.66971,-0.0425582,-1.57808
0.00738794,-0.0103863,0.0371072;-1.717,-0.00655993,-1.55991
0.00811834,-0.0134405,0.0314779;-1.62552,-0.0245218,-1.58063
0.00725507,-0.0129283,0.0286872;-1.57079,-0.0617034,-1.57589
0.00725697,-0.0125768,0.0286561;-1.57084,-0.0712257,-1.57442
0.00736205,-0.013064,0.0285867;-1.57076,-0.0555941,-1.57107
0.005119,-0.0181573,0.0315596;-1.56359,0.0161347,-1.53238
0.00353059,-0.028062,0.0350085;-1.52493,0.0428966,-1.52596
0.00530275,-0.0368945,0.0345407;-1.46135,0.0195154,-1.56316
0.00390519,-0.0301002,0.0289469;-1.56329,-0.0676199,-1.58033
0.00284543,-0.0285546,0.0287965;-1.56481,-0.125369,-1.57437
0.00261726,-0.0282101,0.0286393;-1.56834,-0.148248,-1.57077
0.00145644,-0.0286379,0.0297298;-1.55524,-0.159247,-1.55725
3.67254e-05,-0.0300151,0.0322539;-1.54683,-0.152723,-1.52607
-0.000848659,-0.0337942,0.0325229;-1.52857,-0.164108,-1.52903
-0.00105433,-0.0329427,0.0287296;-1.5711,-0.255569,-1.57853
-0.00105228,-0.030681,0.0287825;-1.57459,-0.310201,-1.57803
-0.000877944,-0.0302378,0.0287847;-1.57159,-0.328592,-1.58022
-0.001371,-0.0335829,0.0291981;-1.5924,-0.27676,-1.58523
-0.00196351,-0.0343802,0.0330812;-1.6455,-0.254073,-1.5887
-0.00244914,-0.032432,0.0418472;-1.65254,-0.235975,-1.57919
0.00489096,-0.0331963,0.0339014;-1.66213,-0.281537,-1.61875
0.00639683,-0.0314093,0.0327645;-1.59738,-0.308566,-1.62746
0.00710159,-0.0302236,0.0325569;-1.60099,-0.314311,-1.62494
0.00731238,-0.0348142,0.0351665;-1.69214,-0.237558,-1.61893
0.00570195,-0.0365808,0.0385215;-1.74925,-0.181074,-1.61952
0.004431,-0.0350317,0.0434018;-1.74531,-0.143006,-1.60228
0.00772406,-0.0297228,0.0379547;-1.69789,-0.219857,-1.64512
0.00851138,-0.0301926,0.0331972;-1.56728,-0.247206,-1.63607
0.00756086,-0.0261593,0.0337432;-1.57473,-0.270899,-1.63759
0.00677562,-0.0252002,0.0319305;-1.56311,-0.273047,-1.62318
0.0045231,-0.0280123,0.0325679;-1.59837,-0.247862,-1.59427
0.00281313,-0.0326204,0.0396282;-1.53295,-0.232025,-1.56087
0.00245418,-0.0284344,0.0287624;-1.576,-0.309574,-1.57602
0.00214607,-0.0272247,0.0287222;-1.57084,-0.354203,-1.57742
0.00205557,-0.0261321,0.0285793;-1.57086,-0.384043,-1.57071
0.00231171,-0.0263591,0.0287672;-1.56318,-0.375222,-1.56601
0.00208614,-0.0279471,0.0301468;-1.56684,-0.349632,-1.54598
0.000665129,-0.0310783,0.0328027;-1.57108,-0.327793,-1.51879
0.00280278,-0.0374279,0.0311451;-1.55867,-0.314059,-1.53309
0.00276498,-0.0382769,0.0286237;-1.57312,-0.337628,-1.56733
0.0028592,-0.0377445,0.0285881;-1.57121,-0.384209,-1.57203
0.00252321,-0.0369805,0.0287172;-1.57122,-0.413603,-1.57771
0.00241499,-0.0375226,0.0289265;-1.58491,-0.391078,-1.57988
0.00202557,-0.0404998,0.0306187;-1.60096,-0.353473,-1.57023
0.00352164,-0.0492219,0.0404085;-1.58739,-0.320809,-1.56209
0.00751245,-0.0522519,0.0371449;-1.52981,-0.3869,-1.59905
0.00891343,-0.0490272,0.0320995;-1.57025,-0.420831,-1.62723
0.00889617,-0.0394219,0.0356286;-1.59656,-0.518895,-1.66685
0.0100298,-0.0410827,0.0349493;-1.56957,-0.518429,-1.66351
0.00944989,-0.0447595,0.0358524;-1.60938,-0.490188,-1.66091
0.00520402,-0.0525044,0.0488806;-1.58118,-0.438021,-1.60255
0.00577964,-0.0518449,0.0475781;-1.61323,-0.510475,-1.6328
0.00827311,-0.0465806,0.0352165;-1.64201,-0.553126,-1.66785
0.00788249,-0.0398821,0.0317862;-1.59832,-0.60018,-1.62441
0.00810483,-0.0443865,0.0297529;-1.58695,-0.549433,-1.60035
0.00885145,-0.0507758,0.0294763;-1.5896,-0.489966,-1.59357
0.00803765,-0.065627,0.0368387;-1.56139,-0.377701,-1.54165
0.00917741,-0.0713958,0.0370701;-1.56621,-0.397162,-1.56209
0.00832394,-0.0699526,0.0289868;-1.58676,-0.449527,-1.58448
0.00834271,-0.0677379,0.0285997;-1.57107,-0.505478,-1.57198
0.00849867,-0.0679376,0.0285797;-1.57081,-0.499722,-1.57077
0.00831742,-0.0677872,0.028745;-1.57096,-0.463342,-1.56275
0.00877722,-0.0802236,0.0340028;-1.55371,-0.373583,-1.50227
0.0123297,-0.0894804,0.0326026;-1.51467,-0.416531,-1.52451
0.0116427,-0.0898514,0.0288441;-1.56177,-0.46516,-1.56208
0.0101169,-0.0869834,0.0286248;-1.57077,-0.571662,-1.57285
0.0100754,-0.0871993,0.028891;-1.57042,-0.570544,-1.58548
0.0104846,-0.0878795,0.0289014;-1.56971,-0.552258,-1.58536
0.0126818,-0.102831,0.0378707;-1.43251,-0.481368,-1.51603
0.015284,-0.109422,0.0390877;-1.38468,-0.500014,-1.51056
0.0137621,-0.106781,0.0352261;-1.4599,-0.513978,-1.54
0.0109517,-0.0964778,0.0306434;-1.57547,-0.590527,-1.60555
0.0106782,-0.0939758,0.0315331;-1.58566,-0.60651,-1.61831
0.0120531,-0.0977547,0.0318686;-1.56825,-0.568882,-1.62207
0.0133282,-0.104152,0.032026;-1.56164,-0.528393,-1.61269
0.0161317,-0.122354,0.0400163;-1.47093,-0.460332,-1.53716
0.0194148,-0.126387,0.036537;-1.47823,-0.496522,-1.56946
0.0186033,-0.120468,0.0318181;-1.5732,-0.533356,-1.6238
0.0155929,-0.113682,0.0308713;-1.58192,-0.578424,-1.61091
0.015622,-0.112904,0.0307923;-1.58358,-0.587823,-1.61275
0.0164582,-0.11765,0.0304404;-1.58229,-0.545906,-1.60516
0.0166335,-0.13149,0.0387877;-1.42758,-0.49253,-1.51849
0.0182876,-0.133494,0.0389534;-1.40805,-0.549453,-1.53822
0.0157074,-0.125571,0.0310696;-1.56983,-0.595977,-1.61676
0.0129976,-0.115734,0.0289854;-1.57847,-0.679677,-1.5889
0.0134656,-0.117672,0.0298214;-1.57338,-0.661359,-1.5971
0.0150604,-0.121601,0.0298319;-1.56751,-0.618422,-1.59498
0.0170166,-0.137899,0.0389223;-1.38762,-0.516198,-1.49386
0.0188878,-0.142846,0.0395989;-1.36693,-0.523157,-1.49673
0.0153019,-0.136919,0.0329016;-1.50116,-0.573998,-1.5634
0.0137267,-0.132066,0.029177;-1.56533,-0.593317,-1.58101
0.0138369,-0.133403,0.0295055;-1.56817,-0.579748,-1.58683
0.0144654,-0.134768,0.0290864;-1.55996,-0.553633,-1.58
0.0149921,-0.145282,0.0352104;-1.43875,-0.470643,-1.49932
0.0162108,-0.14948,0.0359374;-1.41508,-0.478713,-1.48854
0.0149703,-0.148224,0.0316078;-1.49975,-0.504271,-1.5332
0.0130462,-0.144823,0.0286559;-1.57074,-0.561146,-1.5743
0.0125776,-0.143789,0.0288214;-1.57042,-0.586162,-1.58201
0.0123595,-0.143429,0.0289737;-1.57332,-0.592312,-1.58888
0.0132131,-0.146845,0.0310149;-1.53399,-0.539997,-1.55268
0.0151487,-0.154827,0.0390806;-1.4373,-0.504471,-1.51691
0.0194055,-0.161839,0.039363;-1.39161,-0.520805,-1.52336
0.0153997,-0.149444,0.031501;-1.57207,-0.624533,-1.61862
0.0140248,-0.14399,0.0315333;-1.58427,-0.657953,-1.6191
0.0144995,-0.143603,0.032584;-1.58882,-0.657041,-1.63219
0.0181479,-0.154672,0.0351172;-1.50967,-0.577656,-1.60149
0.0203537,-0.165134,0.0412941;-1.37669,-0.533185,-1.52672
0.0221694,-0.172138,0.0429917;-1.33081,-0.525803,-1.50461
0.0218478,-0.167615,0.0361124;-1.52378,-0.555535,-1.63293
0.0214876,-0.165527,0.0356461;-1.55011,-0.555936,-1.64621
0.0227149,-0.166382,0.0364638;-1.53689,-0.543421,-1.6493
0.0259033,-0.174799,0.0373836;-1.45162,-0.497684,-1.57477
0.0295853,-0.180791,0.0398224;-1.37484,-0.445341,-1.52302
0.0324351,-0.18394,0.0413793;-1.32496,-0.406822,-1.48429
0.0263058,-0.179976,0.0367531;-1.43212,-0.499604,-1.54839
0.0212596,-0.172788,0.0326662;-1.53717,-0.54948,-1.60824
0.0183573,-0.169506,0.032037;-1.53922,-0.585007,-1.59538
0.0141825,-0.166286,0.0309199;-1.53826,-0.633008,-1.58109
0.0136289,-0.166821,0.0343232;-1.45763,-0.632278,-1.52088
0.0157637,-0.169768,0.0392738;-1.35694,-0.595377,-1.46256
0.0117596,-0.16481,0.0332253;-1.5036,-0.682176,-1.56833
0.00759676,-0.157888,0.029539;-1.57225,-0.744263,-1.59306
0.00593107,-0.15351,0.0289459;-1.57752,-0.784602,-1.5881
0.00988074,-0.160513,0.0312885;-1.55985,-0.704854,-1.60898
0.0142778,-0.166285,0.0365213;-1.46683,-0.637112,-1.56615
0.0195126,-0.176309,0.0423186;-1.33747,-0.574282,-1.49141
0.0235218,-0.179547,0.0400331;-1.40762,-0.599397,-1.55655
0.0243072,-0.176994,0.0373738;-1.51263,-0.596073,-1.63845
0.023956,-0.175027,0.0383352;-1.54747,-0.597742,-1.67227
0.026462,-0.176445,0.0383357;-1.51751,-0.582504,-1.65399
0.0281676,-0.17858,0.0397993;-1.45053,-0.567032,-1.59994
0.0279488,-0.183499,0.0416479;-1.38164,-0.547147,-1.54534
0.0282064,-0.187741,0.0417907;-1.36634,-0.564704,-1.53377
0.0259273,-0.183229,0.0394256;-1.44944,-0.592867,-1.59333
0.0236126,-0.178924,0.0372512;-1.5331,-0.613292,-1.65976
0.0198358,-0.171746,0.0372981;-1.54841,-0.655824,-1.66859
0.0195724,-0.173193,0.0379098;-1.48883,-0.65898,-1.61357
0.0194623,-0.176411,0.0399955;-1.4083,-0.648266,-1.55048
0.0224788,-0.183601,0.044188;-1.29898,-0.616092,-1.48105
0.0200909,-0.181476,0.0411659;-1.38025,-0.659046,-1.53399
0.0157864,-0.176076,0.0340854;-1.5503,-0.691464,-1.63556
0.0149184,-0.174801,0.0337249;-1.55066,-0.683384,-1.6262
0.0182742,-0.177697,0.0338715;-1.54161,-0.637146,-1.62337
0.0241587,-0.182933,0.0371015;-1.43904,-0.57645,-1.55179
0.0358519,-0.190746,0.0414212;-1.32455,-0.458131,-1.47711
0.0381659,-0.191045,0.0407507;-1.36091,-0.486265,-1.518
0.0374556,-0.189188,0.0391251;-1.42013,-0.506015,-1.56251
0.04037,-0.186739,0.03661;-1.50889,-0.477313,-1.6286
0.043975,-0.190265,0.0379636;-1.49345,-0.43759,-1.62849
0.0437637,-0.190647,0.037873;-1.45547,-0.439669,-1.58761
0.0427396,-0.194025,0.0418342;-1.35792,-0.414584,-1.52506
0.0445951,-0.196287,0.0411391;-1.37944,-0.447148,-1.55111
0.0439632,-0.193215,0.0399051;-1.44318,-0.463612,-1.5993
0.0365404,-0.184579,0.0396229;-1.53162,-0.537534,-1.67971
0.0369123,-0.18487,0.0390681;-1.52747,-0.533027,-1.67625
0.0389932,-0.18853,0.0400665;-1.46294,-0.509352,-1.61941
0.0389932,-0.18853,0.0400665;-1.46294,-0.509352,-1.61941
0.0393361,-0.192497,0.0414093;-1.41031,-0.494213,-1.58301
0.0393361,-0.192497,0.0414093;-1.41031,-0.494213,-1.58301
