0,0,0.11;-1.57,-2.98023e-08,-1.57
0,0,0.11;-1.57,-2.98023e-08,-1.57
0,0,0.11;-1.57,-2.98023e-08,-1.57
-0.000419188,-0.00215775,0.0286159;-1.57064,-0.18264,-1.56915
-0.000520559,-0.00222248,0.0286063;-1.57089,-0.198149,-1.56942
-0.000459809,-0.00125437,0.028965;-1.57873,-0.195119,-1.56176
0.00020575,0.00195557,0.0342871;-1.66374,-0.199106,-1.57186
0.00412869,-0.00302257,0.0299537;-1.56607,-0.253659,-1.60082
0.0035578,-0.00180637,0.0289829;-1.5778,-0.270919,-1.58504
0.00350168,-0.00170425,0.0286734;-1.57073,-0.267835,-1.5752
0.00366058,-0.00102235,0.0286486;-1.57089,-0.260813,-1.56752
0.00416541,0.000150056,0.0290997;-1.55626,-0.232387,-1.55624
0.00427427,0.00476636,0.0303602;-1.56818,-0.181538,-1.54119
0.00409999,0.00620034,0.0329595;-1.6267,-0.18644,-1.55544
0.00584822,0.00202054,0.0304095;-1.59955,-0.255865,-1.56365
0.00594701,-0.0013686,0.0287585;-1.56963,-0.288006,-1.57896
0.00715113,-0.00256166,0.0298672;-1.59316,-0.289529,-1.59227
0.00706021,-0.00277208,0.0295848;-1.57625,-0.290886,-1.59284
0.00697901,-0.00297508,0.029439;-1.57092,-0.2852,-1.59029
0.00127077,0.0136072,0.0340235;-1.6116,-0.17355,-1.52639
0.00191867,0.0131514,0.0312865;-1.58789,-0.171459,-1.55158
0.00311416,0.0100206,0.0287029;-1.57225,-0.202248,-1.57708
0.00280921,0.00945505,0.0290232;-1.58684,-0.172767,-1.57914
0.00287631,0.0091408,0.0288578;-1.57341,-0.152118,-1.58208
0.00320749,0.00937979,0.0288658;-1.57094,-0.141855,-1.58425
0.00414882,0.013453,0.0294816;-1.56717,-0.0717513,-1.57547
0.00323604,0.0226592,0.0324391;-1.60926,0.0387446,-1.5438
0.00592765,0.0181829,0.0306316;-1.62093,-0.0395373,-1.57805
0.00645153,0.0155166,0.029454;-1.5779,-0.0438695,-1.59162
0.00487276,0.0108385,0.0296814;-1.58084,-0.00643732,-1.59095
0.00454028,0.0104813,0.0285873;-1.57035,0.0241171,-1.57139
0.00544125,0.0177478,0.0303236;-1.57551,0.10994,-1.54271
0.00214806,0.0237324,0.0319908;-1.5936,0.195528,-1.52071
0.0035793,0.023452,0.0360643;-1.71264,0.186297,-1.5378
0.00703573,0.0218949,0.0359512;-1.69553,0.180167,-1.57447
0.00831258,0.0173219,0.0326144;-1.56699,0.175863,-1.63412
0.00713714,0.0170499,0.0290826;-1.57493,0.208977,-1.58529
0.00638375,0.0169259,0.0286768;-1.57096,0.266243,-1.5657
0.00581299,0.0204347,0.0296046;-1.57548,0.327212,-1.54966
0.00268628,0.0209484,0.0338099;-1.63801,0.367388,-1.51033
0.00474651,0.0165573,0.0339609;-1.66582,0.31423,-1.52945
0.00608536,0.0122879,0.0298764;-1.60386,0.281075,-1.56868
0.00730436,0.0083013,0.0341912;-1.58033,0.278936,-1.6439
0.00585224,0.0063606,0.0334913;-1.56658,0.322048,-1.64654
0.00406074,0.00957851,0.0314091;-1.562,0.362291,-1.62183
-0.00036562,0.0214532,0.0334195;-1.64605,0.347805,-1.521
0.00112803,0.0207163,0.0348245;-1.67515,0.303672,-1.519
0.00300963,0.0177433,0.03293;-1.65964,0.266197,-1.54748
0.00715936,0.0176005,0.0314926;-1.58028,0.220336,-1.61227
0.00721924,0.0178592,0.0326693;-1.57536,0.234324,-1.63009
0.00757948,0.0183634,0.0320893;-1.58392,0.24507,-1.61543
0.00865759,0.0223709,0.033602;-1.67249,0.26578,-1.55149
0.012419,0.0216341,0.0341786;-1.67981,0.227414,-1.55334
0.0142264,0.0195857,0.0357312;-1.70608,0.188098,-1.54359
0.019372,0.0116123,0.0300689;-1.6099,0.024369,-1.57889
0.0203535,0.0114673,0.0299726;-1.59827,0.00277579,-1.59285
0.0206127,0.00980072,0.0305498;-1.59069,0.00413261,-1.60158
0.0176578,0.0109067,0.0312175;-1.63907,0.0270652,-1.56644
0.0151648,0.00927036,0.0336111;-1.64033,0.00350807,-1.53484
0.0135304,0.0074437,0.0353524;-1.63396,-0.00812119,-1.51226
0.0198816,-0.00431798,0.0295602;-1.58517,-0.127259,-1.5672
0.0200472,-0.0082129,0.0295881;-1.5824,-0.134257,-1.59415
0.0189182,-0.011348,0.0326759;-1.57025,-0.112977,-1.63329
0.0193278,-0.010831,0.0317638;-1.58413,-0.0899477,-1.61506
0.0167352,-0.00953569,0.0306785;-1.62451,-0.0622493,-1.57248
0.0126904,-0.00734934,0.0313368;-1.59344,-0.00891858,-1.54318
0.013301,-0.0177736,0.031572;-1.58435,-0.109885,-1.53109
0.0152322,-0.0243267,0.028828;-1.57009,-0.184027,-1.55801
0.0154934,-0.0264704,0.0286073;-1.57151,-0.223425,-1.57039
0.0148357,-0.0301686,0.0301092;-1.5774,-0.150058,-1.59996
0.0147569,-0.0323399,0.0313828;-1.56671,-0.131338,-1.61504
0.0128741,-0.0311602,0.032434;-1.56255,-0.0892364,-1.60379
0.00398468,-0.0362939,0.0329598;-1.61541,-0.128712,-1.5379
0.00588706,-0.0412322,0.0306352;-1.58157,-0.15728,-1.54254
0.00626377,-0.0452707,0.0287176;-1.5703,-0.193458,-1.5631
0.00657701,-0.0449752,0.0287351;-1.57086,-0.167122,-1.57816
0.0069164,-0.0446863,0.0287266;-1.57457,-0.138312,-1.57457
0.00678376,-0.0442341,0.0290289;-1.58375,-0.10101,-1.58082
0.00555272,-0.0429726,0.0327811;-1.61987,-0.0583709,-1.56092
0.00656973,-0.0460176,0.0351998;-1.65845,-0.0947949,-1.56035
0.00815517,-0.051421,0.0313253;-1.58604,-0.133773,-1.55974
0.0090929,-0.0580456,0.0285791;-1.57107,-0.230927,-1.57055
0.00907211,-0.0581342,0.0285818;-1.57097,-0.226415,-1.57053
0.00908829,-0.0580412,0.0286271;-1.57008,-0.219678,-1.56875
0.00716063,-0.0553736,0.0306079;-1.59237,-0.190935,-1.55597
0.00638678,-0.0541198,0.0329868;-1.62009,-0.179131,-1.54803
0.00775602,-0.0565699,0.032745;-1.63546,-0.209067,-1.56035
0.0111388,-0.0622984,0.0287737;-1.56463,-0.250979,-1.57322
0.0119426,-0.0626471,0.0289518;-1.56002,-0.219587,-1.57739
0.0123439,-0.0629847,0.0289274;-1.55995,-0.192466,-1.57582
0.00978576,-0.0592474,0.0297101;-1.58679,-0.136969,-1.56455
0.00995681,-0.0579014,0.032116;-1.64225,-0.141445,-1.57424
0.0111246,-0.0572999,0.0361906;-1.71214,-0.164177,-1.58514
0.0120503,-0.0606242,0.0298333;-1.61078,-0.19041,-1.56892
0.0124383,-0.0617089,0.0287278;-1.57067,-0.195175,-1.56333
0.0124221,-0.0617433,0.0285796;-1.57077,-0.194606,-1.57081
0.0128873,-0.0627559,0.0290365;-1.56504,-0.147368,-1.5769
0.0113961,-0.0621148,0.0332077;-1.64833,-0.159404,-1.59937
0.0121809,-0.0586904,0.0359963;-1.71082,-0.198331,-1.60982
0.0121458,-0.0590365,0.0352988;-1.70624,-0.199436,-1.60279
0.0134717,-0.0622633,0.0286088;-1.57055,-0.199324,-1.56909
0.013455,-0.061936,0.0286207;-1.57085,-0.194167,-1.56888
0.0137187,-0.0609239,0.0287062;-1.57056,-0.159784,-1.56494
0.0138284,-0.0600346,0.0289857;-1.57758,-0.130391,-1.55874
0.0155075,-0.0608218,0.0295695;-1.5944,-0.152691,-1.57338
0.0181464,-0.0606452,0.0319846;-1.63158,-0.175734,-1.59374
0.0226558,-0.0616414,0.0328202;-1.58997,-0.225089,-1.62609
0.0222674,-0.0650495,0.0306498;-1.5617,-0.251934,-1.60473
0.0224383,-0.0660567,0.028851;-1.57092,-0.239878,-1.58409
0.0227298,-0.0670546,0.0287329;-1.57146,-0.220075,-1.56373
0.0230639,-0.0692227,0.0291656;-1.57618,-0.256021,-1.55913
0.0248293,-0.0723039,0.0298771;-1.58681,-0.296226,-1.55833
0.0287147,-0.0754364,0.0328706;-1.66718,-0.335094,-1.60517
0.0308062,-0.0773093,0.0333435;-1.6362,-0.344078,-1.62375
0.0326001,-0.0810524,0.0319949;-1.56186,-0.321407,-1.62419
0.0337936,-0.0818934,0.0316993;-1.54713,-0.29118,-1.60013
0.0320452,-0.0835384,0.0300297;-1.54866,-0.295308,-1.57522
0.0309528,-0.0850821,0.0296291;-1.56533,-0.309905,-1.56319
0.0370413,-0.0965923,0.030704;-1.6257,-0.40242,-1.59205
0.0394185,-0.098717,0.0324764;-1.66347,-0.421379,-1.61351
0.0408345,-0.100356,0.0332387;-1.66739,-0.427916,-1.62987
0.0405092,-0.10943,0.0300884;-1.57291,-0.366791,-1.59963
0.0401038,-0.110099,0.0300293;-1.55399,-0.369855,-1.58301
0.0408521,-0.112722,0.0321768;-1.50423,-0.352344,-1.56175
0.04319,-0.116257,0.0311529;-1.5302,-0.319212,-1.58174
0.0410793,-0.115819,0.0290266;-1.56561,-0.328305,-1.58575
0.0410618,-0.11563,0.0288126;-1.57063,-0.328469,-1.58181
0.0417226,-0.116364,0.0287865;-1.57057,-0.286449,-1.58055
0.0421504,-0.116622,0.0287673;-1.57058,-0.270264,-1.57967
0.0428894,-0.116977,0.028941;-1.55645,-0.253097,-1.57044
0.0439028,-0.116929,0.0298848;-1.53633,-0.237522,-1.56601
0.0449087,-0.117041,0.029879;-1.53702,-0.231676,-1.57268
0.0454957,-0.117441,0.0302524;-1.54781,-0.257688,-1.58708
0.0450275,-0.118696,0.0323325;-1.55978,-0.298352,-1.62584
0.0442319,-0.119061,0.0326451;-1.57083,-0.289402,-1.63074
0.0430643,-0.119562,0.0299173;-1.56912,-0.287266,-1.59746
0.0422951,-0.119713,0.0289664;-1.56096,-0.304606,-1.55873
0.0423221,-0.120092,0.0287881;-1.56925,-0.322072,-1.5619
0.0425401,-0.120208,0.0287483;-1.57153,-0.333249,-1.56306
0.0454809,-0.122338,0.0285974;-1.5707,-0.435714,-1.56983
0.0459015,-0.122332,0.0289367;-1.56815,-0.42281,-1.5845
0.046683,-0.122686,0.030332;-1.56671,-0.400883,-1.60227
0.0452057,-0.122018,0.0305801;-1.52148,-0.391718,-1.55724
0.0436882,-0.121412,0.0302189;-1.53248,-0.410728,-1.55371
0.0435686,-0.119404,0.0288218;-1.56104,-0.401874,-1.56432
0.0441088,-0.119291,0.0288234;-1.57431,-0.418739,-1.56375
0.0446809,-0.12018,0.0286911;-1.5708,-0.440692,-1.56539
0.044471,-0.120127,0.0285704;-1.57079,-0.43731,-1.57127
0.0441463,-0.120076,0.0289236;-1.57426,-0.456239,-1.58539
0.0439795,-0.119974,0.0288078;-1.56411,-0.465693,-1.57253
0.0441823,-0.120294,0.029386;-1.54721,-0.467435,-1.56157
0.0439216,-0.118974,0.0289422;-1.55848,-0.493524,-1.57138
0.0438485,-0.119043,0.0289543;-1.56469,-0.502506,-1.56848
0.0434856,-0.118374,0.0285727;-1.57122,-0.489392,-1.57099
0.0435931,-0.1175,0.0285815;-1.57092,-0.442436,-1.57068
0.0436337,-0.117313,0.0287597;-1.58024,-0.441972,-1.57523
0.0437117,-0.117039,0.0289864;-1.59172,-0.449207,-1.57929
0.0432024,-0.116428,0.0285794;-1.57066,-0.424917,-1.5707
0.0434081,-0.116617,0.0287537;-1.56701,-0.442627,-1.57399
0.0445657,-0.117806,0.0294533;-1.57011,-0.463526,-1.57753
0.0438043,-0.118026,0.0292018;-1.55349,-0.450788,-1.57745
0.0428319,-0.117389,0.0288851;-1.57033,-0.46582,-1.58491
0.0427565,-0.116443,0.0290303;-1.5859,-0.492516,-1.58621
0.0431001,-0.116724,0.0288512;-1.58447,-0.501921,-1.57643
0.0438418,-0.117518,0.0287478;-1.57039,-0.517733,-1.56205
0.0448575,-0.118401,0.0288648;-1.57703,-0.546757,-1.5657
0.0450174,-0.118595,0.0289001;-1.57437,-0.52587,-1.58461
0.0462136,-0.119069,0.0288989;-1.56301,-0.480111,-1.57542
0.0466073,-0.119043,0.028941;-1.56095,-0.47424,-1.57471
0.0468486,-0.118243,0.0302419;-1.58489,-0.504336,-1.59309
0.0463011,-0.118851,0.0291726;-1.58169,-0.51097,-1.58516
0.0465006,-0.119172,0.0285804;-1.57091,-0.521932,-1.57062
0.0462583,-0.119239,0.0287388;-1.57136,-0.506629,-1.56332
0.0454235,-0.118402,0.0286161;-1.57083,-0.458326,-1.56909
0.0451799,-0.118283,0.0285811;-1.57069,-0.445993,-1.5706
0.0453275,-0.12117,0.0290045;-1.55283,-0.528932,-1.55696
0.0467935,-0.122415,0.0302534;-1.5646,-0.523829,-1.59099
0.0492157,-0.123988,0.0321872;-1.56791,-0.526012,-1.62577
0.0495686,-0.124856,0.0303509;-1.58526,-0.54608,-1.60311
0.0495319,-0.124693,0.028893;-1.57451,-0.54254,-1.58429
0.049616,-0.125355,0.028876;-1.57057,-0.513922,-1.58473
0.049616,-0.125355,0.028876;-1.57057,-0.513922,-1.58473
0.0499352,-0.125606,0.0286898;-1.56938,-0.496927,-1.57426
0.0499352,-0.125606,0.0286898;-1.56938,-0.496927,-1.57426
