0,0,0.11;-1.57,-2.98023e-08,-1.57
0,0,0.11;-1.57,-2.98023e-08,-1.57
0,0,0.11;-1.57,-2.98023e-08,-1.57
-0.000674448,0.000352489,0.0285981;-1.56998,-0.204214,-1.57063
-0.000857617,-9.59389e-05,0.0287678;-1.57075,-0.230429,-1.5617
-0.00184652,-0.00235012,0.029823;-1.56849,-0.248417,-1.54326
-0.00190043,-0.00899905,0.0312298;-1.54479,-0.20473,-1.54888
-0.000315165,-0.0134329,0.0298031;-1.5751,-0.261834,-1.59786
7.08254e-05,-0.00781273,0.0291327;-1.58931,-0.314026,-1.58434
0.000737903,-0.00647192,0.0285803;-1.57095,-0.360183,-1.57091
0.00086972,-0.00585515,0.0287561;-1.57052,-0.315547,-1.56257
0.000398726,-0.00463638,0.0305786;-1.56643,-0.304274,-1.53578
-0.00217686,-0.00231261,0.0341768;-1.56783,-0.279053,-1.49433
-0.002206,0.0017178,0.0326636;-1.55532,-0.291117,-1.5146
-0.000290639,0.00494302,0.0290117;-1.54866,-0.334424,-1.56327
-0.000895753,0.00876971,0.0291066;-1.57724,-0.384521,-1.58999
-0.000679883,0.0105741,0.0289522;-1.57849,-0.410578,-1.58441
-0.000615258,0.0102556,0.0286732;-1.57013,-0.390842,-1.56567
-0.00126775,0.0107153,0.0304841;-1.56383,-0.381362,-1.53418
-0.00287401,0.00364138,0.0351026;-1.54606,-0.416795,-1.47914
-0.00174847,-0.000588731,0.0325028;-1.54841,-0.474121,-1.51182
-0.00169213,-0.00434942,0.0288111;-1.56837,-0.52607,-1.56066
-0.0018461,-0.00415464,0.028852;-1.58203,-0.600309,-1.58261
-0.00217438,-0.00488599,0.0288749;-1.58457,-0.583461,-1.58251
-0.00256753,-0.00575805,0.0288713;-1.58055,-0.556945,-1.56899
-0.00330412,-0.00466615,0.0312645;-1.55365,-0.543253,-1.52075
-0.00325843,-0.00221661,0.032023;-1.54488,-0.531491,-1.51205
-0.000983996,0.00151966,0.0286294;-1.57076,-0.481513,-1.56847
-0.000203991,0.00358461,0.0286;-1.56979,-0.406561,-1.5704
0.000126581,0.0032441,0.0285797;-1.57081,-0.373138,-1.57083
-0.00172103,0.00414048,0.0301414;-1.58119,-0.266548,-1.5522
-0.00405022,0.00529819,0.0318693;-1.57282,-0.239505,-1.51708
-0.00435184,0.00364654,0.0331697;-1.56816,-0.252901,-1.50153
0.000862132,0.00125895,0.0287845;-1.57785,-0.275365,-1.56976
0.00121406,0.000810856,0.0286031;-1.57088,-0.297127,-1.56971
0.0011101,0.000479184,0.0285798;-1.5708,-0.312485,-1.57081
0.00080707,-0.000604722,0.028872;-1.56828,-0.321635,-1.55797
-0.000415144,-0.00212354,0.0310237;-1.56256,-0.30377,-1.53442
-0.000733134,-0.00777498,0.0328225;-1.55116,-0.270627,-1.51446
-0.00394765,-0.0180199,0.0291428;-1.55655,-0.364834,-1.55184
-0.00407121,-0.0194154,0.0287127;-1.57394,-0.416077,-1.56803
-0.00374162,-0.0204016,0.0288015;-1.57546,-0.428647,-1.57904
-0.00415456,-0.0212549,0.0286636;-1.56968,-0.411499,-1.56743
-0.00426985,-0.0205048,0.0297212;-1.55066,-0.3977,-1.54446
-0.00342082,-0.016826,0.0328095;-1.54813,-0.356784,-1.51013
-0.00126613,-0.0171781,0.0314176;-1.50241,-0.318392,-1.54667
-0.00122333,-0.0153047,0.0289633;-1.56085,-0.320381,-1.56306
-0.000593648,-0.0134439,0.0286863;-1.57082,-0.334773,-1.56553
3.77147e-05,-0.012248,0.028579;-1.57085,-0.239459,-1.57067
-0.000210295,-0.0113204,0.0289097;-1.57745,-0.204155,-1.56235
-0.001357,-0.00859171,0.0310769;-1.5798,-0.165855,-1.53363
-0.00188703,-0.00870498,0.0322129;-1.5597,-0.187394,-1.52003
0.0018844,-0.00891451,0.0309915;-1.51916,-0.22446,-1.55924
0.0045215,-0.00299971,0.0296306;-1.56151,-0.289908,-1.57416
0.00324998,0.00261532,0.0286488;-1.57079,-0.469233,-1.57407
0.00304964,0.00234832,0.028659;-1.57072,-0.480312,-1.56694
0.00234704,0.00168829,0.0295191;-1.55442,-0.480682,-1.55044
0.00111863,-0.00465078,0.0317675;-1.49598,-0.519901,-1.53166
0.0018956,-0.00437355,0.0299591;-1.53114,-0.539638,-1.554
0.00192992,-0.00305938,0.0288312;-1.57731,-0.547883,-1.58145
0.00271449,-0.00259141,0.0289382;-1.57156,-0.561205,-1.58782
0.0021311,-0.00327048,0.0288882;-1.57965,-0.52954,-1.58294
0.00103747,-0.00441416,0.029098;-1.57255,-0.48866,-1.57053
0.000164954,-0.00508013,0.0302593;-1.53111,-0.478493,-1.54682
0.000469087,-0.00482534,0.029585;-1.53988,-0.478934,-1.55674
0.00021352,-0.00379477,0.0287664;-1.56243,-0.46978,-1.56754
0.00205101,0.00186704,0.0297547;-1.58261,-0.491113,-1.59838
0.00143886,0.0016891,0.0311117;-1.5841,-0.458626,-1.60938
0.000968808,-0.000254481,0.0302178;-1.57383,-0.424771,-1.59986
0.000769227,0.00153324,0.0311991;-1.53222,-0.365184,-1.5637
0.00148362,-0.00212845,0.0302561;-1.54222,-0.357283,-1.56456
0.000940781,-0.00385814,0.0292528;-1.54659,-0.357102,-1.56346
0.000903006,-0.00621889,0.0291224;-1.56347,-0.372244,-1.5758
0.000361086,-0.0129939,0.0295473;-1.56715,-0.338173,-1.59309
0.000314606,-0.0180043,0.0307137;-1.56646,-0.295938,-1.60722
0.000491225,-0.0264747,0.034568;-1.53109,-0.256775,-1.62209
-0.00229333,-0.0256597,0.0349012;-1.50007,-0.325583,-1.5989
-0.0034692,-0.0252589,0.0346964;-1.48774,-0.346266,-1.58278
-0.00250805,-0.0250855,0.0292074;-1.55803,-0.341604,-1.58459
-0.00114289,-0.0275189,0.0295595;-1.55109,-0.303319,-1.58026
0.000170118,-0.0297647,0.0298099;-1.54919,-0.27133,-1.58209
-0.000215525,-0.0294234,0.0309645;-1.53062,-0.244875,-1.56704
0.00162114,-0.031377,0.0330814;-1.51033,-0.20834,-1.58829
0.00425705,-0.0320089,0.0344181;-1.50884,-0.184549,-1.61168
0.00492272,-0.0196702,0.037377;-1.5641,-0.235766,-1.68028
0.00264582,-0.0162393,0.0366138;-1.54259,-0.284988,-1.66201
0.0018757,-0.0135407,0.0351863;-1.53774,-0.314105,-1.64321
0.00352505,-0.0204423,0.0323529;-1.53125,-0.229718,-1.59496
0.00626379,-0.0255017,0.0339958;-1.51195,-0.193896,-1.60641
0.00799934,-0.0278769,0.0354881;-1.50757,-0.174628,-1.6257
0.00723536,-0.0259262,0.0367065;-1.58102,-0.210241,-1.67764
0.00603377,-0.0212634,0.0371018;-1.57885,-0.274121,-1.67311
0.00571347,-0.0174435,0.0371254;-1.5896,-0.296894,-1.6729
-0.00439841,-0.0163017,0.0311732;-1.56548,-0.29614,-1.60578
-0.00642903,-0.0155122,0.0289506;-1.56798,-0.334518,-1.57395
-0.00711497,-0.0166126,0.0297984;-1.53495,-0.331088,-1.55642
-0.00806907,-0.0181608,0.0291173;-1.54742,-0.354309,-1.56632
-0.0074006,-0.0197548,0.0310246;-1.54186,-0.344582,-1.58472
-0.0040742,-0.0223939,0.0320818;-1.56574,-0.302173,-1.62371
-0.00197029,-0.0251758,0.0333555;-1.57079,-0.254079,-1.64125
0.00342388,-0.0229352,0.0304434;-1.56797,-0.1226,-1.59211
0.00556581,-0.0203942,0.0286715;-1.56923,-0.108828,-1.57386
0.00479955,-0.0199741,0.0290847;-1.54662,-0.141007,-1.56617
0.00374838,-0.0198288,0.0289178;-1.55973,-0.179683,-1.56351
0.00297677,-0.0196471,0.0287785;-1.5659,-0.209576,-1.56495
0.00276477,-0.0191868,0.0287579;-1.56213,-0.212826,-1.56871
0.00262192,-0.0199095,0.0291568;-1.58371,-0.146856,-1.57886
0.00286574,-0.0242331,0.0288558;-1.5783,-0.152379,-1.578
0.00283118,-0.0269376,0.0291011;-1.59655,-0.148164,-1.57526
0.00321111,-0.0271871,0.0290593;-1.59417,-0.175516,-1.57545
0.00363464,-0.0279091,0.028672;-1.5728,-0.198131,-1.56869
0.00293522,-0.0286608,0.0288191;-1.5695,-0.212322,-1.56037
0.00266343,-0.0290543,0.0289318;-1.56898,-0.211744,-1.55553
0.00255763,-0.0299367,0.0289601;-1.56246,-0.215427,-1.55886
0.0029471,-0.0303981,0.0290808;-1.54892,-0.198285,-1.56346
0.00311021,-0.0298202,0.0290757;-1.58705,-0.206667,-1.58208
0.0039335,-0.0286162,0.029276;-1.6003,-0.218703,-1.58268
0.00405251,-0.0269005,0.0295945;-1.59528,-0.187806,-1.57319
0.00261473,-0.0249501,0.0288576;-1.57428,-0.131259,-1.56084
0.00265266,-0.0248202,0.0291037;-1.56129,-0.132965,-1.55371
0.00245891,-0.0249809,0.0291;-1.56143,-0.14358,-1.55375
0.00326511,-0.0244552,0.0290859;-1.54956,-0.120976,-1.56462
0.00395603,-0.0237373,0.0290178;-1.54984,-0.104923,-1.56874
0.00357257,-0.0223462,0.0286187;-1.57138,-0.133527,-1.57277
0.00339874,-0.0208122,0.0296415;-1.60495,-0.105321,-1.57349
0.00328286,-0.0207015,0.0311484;-1.63027,-0.103507,-1.57299
0.00439651,-0.0219836,0.0298779;-1.60781,-0.136351,-1.57493
0.00411397,-0.0252421,0.0288121;-1.57073,-0.200964,-1.55981
0.00303393,-0.0270769,0.0287457;-1.56823,-0.270747,-1.56412
0.000146964,-0.0267972,0.0286992;-1.5672,-0.392473,-1.57167
-0.00434136,-0.0226133,0.0289125;-1.55711,-0.554408,-1.55895
-0.00407224,-0.0215559,0.0290447;-1.56309,-0.530782,-1.55127
-0.00342958,-0.0212347,0.0287672;-1.57157,-0.515772,-1.56249
-0.00194271,-0.0205139,0.0289867;-1.59113,-0.50437,-1.5826
-0.00177166,-0.0201011,0.0290295;-1.59368,-0.506897,-1.58388
-0.00170362,-0.0199403,0.0288841;-1.58724,-0.506402,-1.5792
-0.00180018,-0.0190862,0.028797;-1.56593,-0.453778,-1.56258
-0.0012271,-0.0176069,0.0290523;-1.56788,-0.396649,-1.5689
-0.00202569,-0.0180516,0.0293325;-1.56491,-0.339108,-1.56029
-0.000736476,-0.0187286,0.0289579;-1.56712,-0.302401,-1.55511
-0.00119786,-0.0196846,0.0286482;-1.57094,-0.34168,-1.56753
-0.000943566,-0.0194717,0.0290906;-1.59674,-0.351709,-1.5807
-0.00154711,-0.0199949,0.0297235;-1.60293,-0.35706,-1.5807
-0.00450147,-0.0191172,0.0301992;-1.6039,-0.320273,-1.57295
-0.00609994,-0.019465,0.0296791;-1.57215,-0.289096,-1.5513
-0.00638527,-0.0278964,0.0291478;-1.54826,-0.332059,-1.56055
-0.00685826,-0.0279599,0.0291282;-1.5505,-0.324811,-1.55692
-0.006932,-0.0279777,0.028958;-1.56515,-0.325486,-1.55616
-0.00673774,-0.0301798,0.0285877;-1.57097,-0.388926,-1.57045
-0.00747653,-0.0310952,0.0290756;-1.58202,-0.392784,-1.56974
-0.00850119,-0.0319079,0.0297082;-1.59036,-0.376357,-1.56961
-0.00717007,-0.0345382,0.0289476;-1.57699,-0.366612,-1.58464
-0.00615398,-0.0357968,0.0290279;-1.56032,-0.303767,-1.57907
-0.00541479,-0.0356743,0.0291801;-1.54048,-0.291651,-1.56144
-0.00694761,-0.0349031,0.0285764;-1.57101,-0.357902,-1.57084
-0.00701181,-0.0345546,0.0287517;-1.57077,-0.364043,-1.56265
-0.00759333,-0.0310615,0.0292655;-1.57291,-0.329414,-1.5544
-0.0064664,-0.0277968,0.0289497;-1.58406,-0.315989,-1.568
-0.00632017,-0.0281153,0.0289642;-1.58515,-0.301634,-1.57996
-0.00619522,-0.028353,0.0297765;-1.57584,-0.301737,-1.59194
-0.00579505,-0.0239092,0.0310783;-1.57228,-0.354913,-1.61096
-0.00577425,-0.0233667,0.0289648;-1.56526,-0.364555,-1.58212
-0.00589432,-0.0240418,0.0287299;-1.56664,-0.370669,-1.56585
-0.00573983,-0.0330498,0.030487;-1.54218,-0.403957,-1.54251
-0.006558,-0.0367121,0.0296637;-1.53811,-0.436891,-1.55175
-0.00626138,-0.0363264,0.0291804;-1.53917,-0.419569,-1.5582
-0.00545706,-0.0362242,0.0297392;-1.56359,-0.420106,-1.58994
-0.00679912,-0.034628,0.0326221;-1.56854,-0.45763,-1.63176
-0.0095154,-0.0310606,0.0337098;-1.55953,-0.501468,-1.63706
-0.0135688,-0.0309171,0.0321847;-1.4947,-0.466317,-1.53548
-0.0126478,-0.0296292,0.032918;-1.47021,-0.441227,-1.52323
-0.0123619,-0.0266369,0.03357;-1.45566,-0.393956,-1.52158
-0.013977,-0.0181824,0.0366342;-1.44866,-0.291183,-1.49654
-0.00973393,-0.0139476,0.0386014;-1.45917,-0.19716,-1.48544
-0.00419829,-0.0134604,0.0376135;-1.46453,-0.165574,-1.51356
0.00780978,-0.0174342,0.038313;-1.54964,-0.259622,-1.57572
0.0109281,-0.0128846,0.042904;-1.62536,-0.282022,-1.59517
0.00976362,-0.011383,0.0386453;-1.61256,-0.320379,-1.60053
0.0056415,-0.011621,0.0289514;-1.56468,-0.351528,-1.57602
0.00461604,-0.0117882,0.0289346;-1.55996,-0.386649,-1.5735
0.00312019,-0.0112723,0.0288411;-1.56832,-0.429412,-1.58005
0.00312019,-0.0112723,0.0288411;-1.56832,-0.429412,-1.58005
0.000366138,-0.0100632,0.029209;-1.56912,-0.482731,-1.58154
0.000366138,-0.0100632,0.029209;-1.56912,-0.482731,-1.58154
