0,0,0.11;-1.57,-2.98023e-08,-1.57
0,0,0.11;-1.57,-2.98023e-08,-1.57
0,0,0.11;-1.57,-2.98023e-08,-1.57
-0.000110414,0.00624882,0.0285819;-1.57083,-0.142067,-1.57066
-0.000200584,0.00633357,0.0287492;-1.5664,-0.15016,-1.56635
-0.000270777,0.00640928,0.0291346;-1.55476,-0.151175,-1.55739
-0.000866904,0.00639944,0.0304491;-1.55873,-0.130259,-1.53909
-0.000698173,0.00697562,0.0285809;-1.5706,-0.127479,-1.57079
-0.00120828,0.00668731,0.0285935;-1.57017,-0.167598,-1.57005
-0.00133669,0.00658852,0.0286294;-1.56839,-0.173732,-1.57039
-0.00114947,0.00660305,0.0288999;-1.55751,-0.16914,-1.56591
-0.00116501,0.00708091,0.0292377;-1.54863,-0.156323,-1.55722
-0.00165073,0.00849577,0.0306384;-1.54595,-0.143611,-1.53953
0.000443528,0.0103829,0.0292063;-1.55607,-0.124674,-1.55333
0.00037544,0.00949031,0.0287934;-1.56486,-0.143808,-1.56549
-8.7095e-05,0.00909777,0.028605;-1.57012,-0.177214,-1.56967
0.000425822,0.00986139,0.0286974;-1.56669,-0.148278,-1.56839
0.000574721,0.010062,0.0290873;-1.55732,-0.141404,-1.55778
6.73674e-05,0.0112029,0.0299952;-1.55232,-0.134412,-1.5464
0.00047445,0.0131789,0.0319321;-1.5501,-0.0983339,-1.52326
0.00116604,0.00954527,0.028981;-1.56467,-0.117788,-1.55791
0.000674658,0.00871853,0.0286179;-1.57085,-0.150032,-1.56879
0.000739056,0.00882982,0.0285873;-1.57077,-0.149909,-1.57039
0.000751544,0.00892402,0.0287148;-1.56863,-0.144739,-1.56597
0.000528233,0.00904102,0.0291325;-1.55842,-0.149192,-1.55461
0.000334661,0.0105704,0.0301032;-1.55281,-0.137692,-1.54284
0.00157446,0.0127089,0.0291054;-1.55714,-0.100157,-1.55771
0.00150555,0.01247,0.0285797;-1.57083,-0.125486,-1.57086
0.00152226,0.0124373,0.0285798;-1.57079,-0.125193,-1.57079
0.00160084,0.0126253,0.0285796;-1.57083,-0.125261,-1.5708
0.00201629,0.0137973,0.0292218;-1.55701,-0.0921136,-1.55261
0.00110487,0.0136606,0.0310055;-1.55458,-0.102926,-1.5307
0.00253438,0.0156062,0.0297227;-1.56268,-0.0922338,-1.54957
0.00356157,0.017393,0.0287722;-1.57339,-0.146714,-1.57767
0.00337358,0.0183369,0.0287147;-1.57097,-0.184531,-1.57737
0.00344556,0.0185459,0.028688;-1.57093,-0.189696,-1.57611
0.00340838,0.0189519,0.0287722;-1.56886,-0.183265,-1.56299
0.00288821,0.0195275,0.0296747;-1.5623,-0.178256,-1.54858
0.00299787,0.0214098,0.0311542;-1.56076,-0.161234,-1.52811
0.00375256,0.0234378,0.0288538;-1.57662,-0.154865,-1.56433
0.00328203,0.0235528,0.0288994;-1.57882,-0.146436,-1.56467
0.00320265,0.0233976,0.0290021;-1.58236,-0.1475,-1.56374
0.00274111,0.0243024,0.0289261;-1.57472,-0.0916327,-1.55782
0.0025637,0.024055,0.0292857;-1.5703,-0.0888116,-1.55243
0.00193301,0.0238754,0.0312071;-1.56351,-0.0954697,-1.52633
0.00371655,0.0255267,0.028602;-1.57089,-0.055995,-1.56971
0.0037934,0.0250744,0.0285886;-1.57057,-0.0548971,-1.57138
0.00373606,0.025159,0.0286121;-1.57074,-0.0699548,-1.57229
0.00395668,0.0248909,0.0288613;-1.57105,-0.0713975,-1.55696
0.00330201,0.0246401,0.0300088;-1.56586,-0.0776699,-1.54193
0.00233717,0.0243677,0.0319849;-1.56458,-0.0858015,-1.51692
0.00329273,0.0248844,0.0288081;-1.5687,-0.0975038,-1.5618
0.00306186,0.0246884,0.0285796;-1.57075,-0.114279,-1.57082
0.00296706,0.024617,0.0285807;-1.57071,-0.119562,-1.5707
0.00275791,0.0249763,0.028598;-1.57034,-0.119167,-1.56988
0.00243961,0.0248149,0.0290815;-1.55816,-0.137407,-1.55741
0.00177115,0.0246707,0.0301935;-1.55197,-0.140043,-1.54396
0.00262004,0.0264878,0.0289455;-1.56337,-0.101549,-1.55995
0.00218888,0.0261713,0.0285835;-1.57047,-0.137774,-1.57092
0.00197021,0.0264356,0.0286275;-1.56831,-0.153923,-1.57056
0.00164003,0.0270771,0.0285798;-1.57091,-0.186038,-1.57079
0.00167559,0.0272843,0.0286867;-1.57079,-0.207043,-1.56552
0.0015792,0.027567,0.0291108;-1.56101,-0.201977,-1.5529
0.00181629,0.0290091,0.029068;-1.56426,-0.186705,-1.5526
0.00221404,0.0291072,0.0286519;-1.57069,-0.163458,-1.56747
0.0022249,0.0288973,0.0285807;-1.5706,-0.165658,-1.57066
0.00250384,0.0281639,0.028582;-1.57073,-0.11536,-1.57116
0.00288139,0.0274512,0.0285801;-1.57074,-0.0573222,-1.57083
0.00305673,0.0276583,0.0287219;-1.57086,-0.0393682,-1.564
0.00379368,0.028342,0.0293644;-1.56443,-0.00198198,-1.5486
0.00447013,0.0274159,0.0286743;-1.57122,-0.00739352,-1.56578
0.00462924,0.0272322,0.0285799;-1.57071,-0.0172963,-1.57088
0.00442469,0.0278695,0.0286976;-1.57076,-0.0552624,-1.57632
0.00455292,0.028099,0.0285909;-1.57092,-0.0530091,-1.57131
0.00443164,0.0282469,0.0285828;-1.5706,-0.0530978,-1.57025
0.00393434,0.029744,0.0299487;-1.56153,-0.0370724,-1.54198
0.00444456,0.0312647,0.0289008;-1.56779,-0.0192446,-1.55839
0.00424335,0.031656,0.0285797;-1.57089,-0.0103619,-1.57091
0.00417329,0.0315898,0.0285799;-1.57083,-0.035737,-1.57115
0.00408407,0.031562,0.0285798;-1.57082,-0.0059822,-1.57072
0.00413513,0.0317054,0.0286245;-1.57085,0.00428523,-1.56869
0.00372641,0.0321352,0.0303136;-1.56069,-2.74479e-05,-1.54076
0.00382636,0.032502,0.0289677;-1.56574,-0.0154539,-1.55725
0.00370184,0.0327825,0.0286216;-1.57092,-0.00947728,-1.56866
0.00365143,0.0320977,0.0285793;-1.57077,-0.0379435,-1.5709
0.00363205,0.0322482,0.0285894;-1.57085,-0.0351873,-1.5703
0.0036322,0.0324906,0.0286691;-1.57083,-0.0365296,-1.56657
0.00345521,0.0340976,0.0298147;-1.55971,-0.00644718,-1.54572
0.00399074,0.0353461,0.0288294;-1.56861,0.00675487,-1.56109
0.00394837,0.0355706,0.0286402;-1.57089,0.010261,-1.5679
0.00372603,0.0348339,0.0285796;-1.57077,0.005642,-1.57082
0.00373089,0.034754,0.0285804;-1.57077,0.00965178,-1.5708
0.00375011,0.0348093,0.0286088;-1.5708,0.0131064,-1.56943
0.00398897,0.0352238,0.0290002;-1.56451,0.0434485,-1.55704
0.00467125,0.0359787,0.0288002;-1.56915,0.0665367,-1.56205
0.00474141,0.0360689,0.0287207;-1.57106,0.0666022,-1.5639
0.0050361,0.0351496,0.0286663;-1.57458,0.0453948,-1.5713
0.00512017,0.0351283,0.0287376;-1.57642,0.0332153,-1.57264
0.00546638,0.0354772,0.0286649;-1.57467,0.0189688,-1.57097
0.00536729,0.0355243,0.0286596;-1.57363,0.0264458,-1.56969
0.00473131,0.0365955,0.0293869;-1.57421,0.0567816,-1.55754
0.00524235,0.0368192,0.0288673;-1.58467,0.0727984,-1.57004
0.00522233,0.0365894,0.0289914;-1.58721,0.0862969,-1.57296
0.0053535,0.0362969,0.0291327;-1.58836,0.0779522,-1.57856
0.0054623,0.03639,0.0290706;-1.58725,0.0811197,-1.5767
0.00551229,0.0362597,0.0290517;-1.58826,0.0896508,-1.57467
0.00479457,0.0364495,0.0293326;-1.58119,0.105392,-1.56097
0.00552594,0.0362794,0.028937;-1.58741,0.0960959,-1.56871
0.00589004,0.0365534,0.0291891;-1.59261,0.0941913,-1.5765
0.00620569,0.0370399,0.0291522;-1.58584,0.0746223,-1.58209
0.00621142,0.0368505,0.029137;-1.58499,0.0803122,-1.58215
0.00606087,0.0366448,0.0291846;-1.58996,0.0893344,-1.57916
0.00534292,0.0370434,0.0292274;-1.58654,0.116609,-1.55807
0.00593233,0.0377474,0.0289704;-1.58442,0.13215,-1.56385
0.00593739,0.0376821,0.0290223;-1.58496,0.136169,-1.57612
0.00577299,0.0377123,0.0291702;-1.58484,0.125989,-1.58334
0.00543238,0.0373844,0.0291177;-1.58199,0.128858,-1.5839
0.00503305,0.0369697,0.0289803;-1.57823,0.133654,-1.58145
0.00472218,0.0364836,0.0288915;-1.57898,0.1557,-1.56271
0.0041653,0.0365529,0.0291086;-1.56855,0.158246,-1.56176
0.00430681,0.0364044,0.0286141;-1.57124,0.150002,-1.56934
0.00477027,0.0379842,0.0288167;-1.57077,0.10753,-1.58219
0.00444961,0.0391722,0.0288213;-1.57054,0.0742913,-1.58229
0.00434651,0.0398564,0.0287924;-1.5707,0.0601675,-1.58096
0.00473497,0.0386504,0.0287138;-1.56442,0.110111,-1.57104
0.00478545,0.0386868,0.0293136;-1.54395,0.128571,-1.56591
0.00517786,0.0390861,0.0291867;-1.54873,0.134631,-1.56608
0.00526743,0.0405978,0.0288617;-1.56216,0.114877,-1.57656
0.00436779,0.0427936,0.0288829;-1.56481,0.0536395,-1.57956
0.00382912,0.0439516,0.028881;-1.56654,0.0248704,-1.581
0.00353178,0.0466046,0.0286939;-1.56684,-0.0314999,-1.56871
0.00334279,0.046987,0.0290112;-1.55911,-0.0435554,-1.56122
0.00372702,0.0477185,0.0291369;-1.55523,-0.0373062,-1.55891
0.00487043,0.0490135,0.0286485;-1.56755,-0.0284455,-1.57065
0.00478853,0.0490074,0.0285807;-1.57065,-0.0315982,-1.571
0.00475344,0.0490565,0.0285795;-1.57083,-0.0376146,-1.57079
0.00475715,0.0490884,0.0286155;-1.5707,-0.0323506,-1.56907
0.00485182,0.0500168,0.0288975;-1.56661,-0.00991545,-1.55946
0.00496419,0.0513428,0.0302075;-1.56198,0.00930993,-1.54393
0.00632766,0.0535435,0.028615;-1.57073,0.0571965,-1.56916
0.00626234,0.0532234,0.0285911;-1.57021,0.0601502,-1.5716
0.00661596,0.0527268,0.0286151;-1.5699,0.0881148,-1.57299
0.00677361,0.0522756,0.02858;-1.57079,0.115317,-1.57081
0.00687063,0.0525581,0.0288025;-1.56667,0.123605,-1.5647
0.00654806,0.052751,0.0293671;-1.55248,0.116485,-1.55857
0.00819031,0.054084,0.0285777;-1.57094,0.162873,-1.5707
0.00820211,0.0537981,0.0287137;-1.56979,0.180759,-1.57638
0.00820864,0.0547207,0.0287026;-1.57072,0.151461,-1.5766
0.00807881,0.0539132,0.0287406;-1.57068,0.168899,-1.57848
0.00824235,0.0544449,0.028646;-1.57088,0.152482,-1.57401
0.00833177,0.0547728,0.0287749;-1.56611,0.152546,-1.56672
0.00869466,0.0553321,0.0286647;-1.5744,0.154623,-1.57085
0.00889591,0.0554773,0.0287091;-1.57076,0.153723,-1.57686
0.00911577,0.0564909,0.0287591;-1.57092,0.125691,-1.57943
0.00918077,0.0572151,0.0287319;-1.57084,0.109213,-1.57802
0.0092708,0.0571319,0.0286588;-1.57082,0.113007,-1.57458
0.00902203,0.05674,0.0286162;-1.57083,0.138548,-1.56856
0.00916917,0.0576271,0.0287125;-1.57091,0.175165,-1.56437
0.00901011,0.0576466,0.0285798;-1.5708,0.205786,-1.57081
0.00888063,0.0572244,0.0286581;-1.5706,0.221702,-1.57453
0.0088619,0.0573712,0.0286455;-1.57074,0.201352,-1.5739
0.00882185,0.0574006,0.028612;-1.57075,0.20014,-1.57234
0.00883466,0.0577125,0.0286099;-1.57071,0.200413,-1.56924
0.00963923,0.0585868,0.0295384;-1.555,0.25483,-1.55624
0.00936133,0.0579131,0.0287244;-1.5708,0.240004,-1.56383
0.0092948,0.0576819,0.0285799;-1.5709,0.265691,-1.57063
0.00915492,0.0575755,0.0285795;-1.57085,0.262597,-1.57078
0.00927045,0.0575429,0.0285815;-1.57088,0.259394,-1.57091
0.00927252,0.0575068,0.0285793;-1.57075,0.262797,-1.5708
0.0111615,0.05889,0.029461;-1.55237,0.331909,-1.561
0.0117114,0.0589313,0.0288957;-1.56945,0.333445,-1.55745
0.0116314,0.0590092,0.0288059;-1.57111,0.333927,-1.55975
0.010986,0.0589428,0.0289347;-1.57778,0.322599,-1.55808
0.010876,0.0588499,0.0290573;-1.58128,0.319383,-1.55445
0.0111968,0.0600707,0.0300358;-1.58904,0.335036,-1.5425
0.0102246,0.06356,0.0345447;-1.57492,0.337449,-1.48346
0.0130778,0.0609471,0.0326433;-1.58317,0.354732,-1.50928
0.0136777,0.060663,0.0300318;-1.58502,0.361754,-1.54269
0.0120889,0.0615594,0.0300483;-1.59589,0.357749,-1.54597
0.0111051,0.062864,0.0325366;-1.63153,0.343697,-1.5199
0.00989414,0.0657652,0.0343021;-1.65509,0.368751,-1.49941
0.00989414,0.0657652,0.0343021;-1.65509,0.368751,-1.49941
0.0103198,0.0682084,0.037532;-1.7014,0.36976,-1.47052
0.0103198,0.0682084,0.037532;-1.7014,0.36976,-1.47052
