0,0,0.11;-1.57,-2.98023e-08,-1.57
0,0,0.11;-1.57,-2.98023e-08,-1.57
0,0,0.11;-1.57,-2.98023e-08,-1.57
0.000469502,0.0100417,0.028655;-1.57003,-0.161255,-1.57374
0.00054614,0.0109497,0.0285818;-1.57105,-0.189818,-1.571
-0.000177854,0.0114036,0.030217;-1.59045,-0.165574,-1.56054
-0.00744232,-0.0051567,0.0367833;-1.66198,-0.0368176,-1.54308
-0.00736107,-0.0172279,0.0288481;-1.5883,-0.00703442,-1.57237
-0.00751528,-0.0183359,0.0286415;-1.5708,0.0151459,-1.57372
-0.00749165,-0.0185614,0.0286433;-1.57071,0.0215477,-1.57377
-0.0077909,-0.0216231,0.0287083;-1.57093,0.113111,-1.57674
-0.00817251,-0.0230094,0.0286918;-1.57134,0.127284,-1.57535
-0.00965109,-0.0288136,0.0329788;-1.50846,0.130242,-1.57941
-0.0108641,-0.0208914,0.0315157;-1.59999,0.0888976,-1.53954
-0.00752532,-0.0137678,0.0306605;-1.60251,0.0435485,-1.55347
-0.00672384,-0.0143869,0.0289885;-1.576,0.005873,-1.5626
-0.00606694,-0.0150153,0.028596;-1.57156,-0.021955,-1.57041
-0.00772527,-0.0161682,0.0295444;-1.57593,0.0374147,-1.56112
-0.0104879,-0.0267794,0.0347924;-1.52229,0.0746413,-1.57001
-0.0159757,-0.0402971,0.0386169;-1.40529,0.115898,-1.5614
-0.02095,-0.036901,0.0358201;-1.46983,0.0891107,-1.54592
-0.0247563,-0.0218439,0.0348869;-1.65726,0.0790966,-1.53064
-0.0212588,-0.0273359,0.0308502;-1.58396,0.0245093,-1.54316
-0.0212824,-0.0286443,0.0295885;-1.58427,0.0235647,-1.54972
-0.0223615,-0.0317554,0.0318649;-1.60689,0.0559128,-1.54459
-0.0252188,-0.0341024,0.035706;-1.65563,0.0873098,-1.52419
-0.029058,-0.0341652,0.0345449;-1.64337,0.123185,-1.52255
-0.0307488,-0.0361242,0.0320319;-1.60219,0.124277,-1.5347
-0.0276597,-0.0381585,0.0336388;-1.59597,0.0826985,-1.51144
-0.024431,-0.0413218,0.0312455;-1.5883,0.0435276,-1.53552
-0.0251885,-0.0432689,0.0323938;-1.60531,0.0785442,-1.54422
-0.0294129,-0.0535876,0.0386316;-1.52689,0.135417,-1.56602
-0.0361344,-0.0638837,0.0362186;-1.4533,0.161518,-1.58271
-0.03696,-0.0553693,0.0289441;-1.5789,0.119136,-1.56057
-0.0370284,-0.0556595,0.0290904;-1.57883,0.145389,-1.56203
-0.0380955,-0.0570655,0.029017;-1.57515,0.160928,-1.56351
-0.0392377,-0.0595968,0.0291009;-1.56872,0.174035,-1.56866
-0.0391544,-0.0618186,0.0322566;-1.51888,0.151973,-1.59316
-0.0376799,-0.0606468,0.0350504;-1.49317,0.114719,-1.60587
-0.0310049,-0.0501954,0.028699;-1.57204,0.00465696,-1.57518
-0.030401,-0.0496009,0.0287764;-1.56531,-0.00923823,-1.57458
-0.030423,-0.0499158,0.0285784;-1.57072,0.0172715,-1.57076
-0.0315027,-0.0510156,0.0286222;-1.57326,0.0606845,-1.57115
-0.0379198,-0.0577524,0.0296206;-1.58856,0.148007,-1.57435
-0.0471864,-0.0786488,0.0357295;-1.46269,0.241736,-1.61406
-0.0477715,-0.0856429,0.0287444;-1.57101,0.298238,-1.57876
-0.0477665,-0.0863362,0.0285847;-1.57045,0.316325,-1.57134
-0.0477704,-0.0863953,0.0285984;-1.57101,0.315052,-1.56973
-0.0481526,-0.0855456,0.0287194;-1.57275,0.402031,-1.56506
-0.0500631,-0.0878291,0.0303214;-1.57374,0.382715,-1.55091
-0.0513709,-0.0903488,0.0364796;-1.48906,0.352829,-1.59051
-0.0499733,-0.0850041,0.0285877;-1.57417,0.287305,-1.56969
-0.0497033,-0.0849366,0.0286108;-1.5709,0.284519,-1.56912
-0.0491554,-0.0846745,0.0286314;-1.57152,0.275273,-1.56836
-0.0489557,-0.084623,0.028988;-1.57627,0.281014,-1.55471
-0.0511656,-0.0854797,0.0310805;-1.55698,0.305187,-1.54401
-0.0575056,-0.0900837,0.0392923;-1.4754,0.322015,-1.57302
-0.063155,-0.0942161,0.0296157;-1.55108,0.355912,-1.56912
-0.0631382,-0.0931509,0.0286349;-1.57333,0.342064,-1.56947
-0.0629335,-0.0934875,0.0286086;-1.57014,0.365835,-1.57233
-0.0635991,-0.0939865,0.0286507;-1.57276,0.445954,-1.56833
-0.0659591,-0.0976178,0.0297603;-1.57552,0.473244,-1.55611
-0.0744203,-0.114503,0.0352691;-1.43321,0.538261,-1.62926
-0.0745534,-0.12106,0.0337262;-1.46096,0.544339,-1.61931
-0.0727784,-0.117223,0.0291693;-1.55694,0.49355,-1.5724
-0.0713141,-0.115823,0.0285687;-1.57052,0.441204,-1.57065
-0.0711621,-0.114846,0.0285804;-1.57082,0.475677,-1.57083
-0.0716763,-0.114172,0.0290331;-1.57883,0.513306,-1.55123
-0.0732377,-0.113469,0.0324065;-1.6128,0.546388,-1.51198
-0.0843857,-0.118674,0.043158;-1.59412,0.649862,-1.5164
-0.0939969,-0.131101,0.0389455;-1.38927,0.620588,-1.66413
-0.0930097,-0.12969,0.0292586;-1.56689,0.606991,-1.55759
-0.0927242,-0.129311,0.0286543;-1.57252,0.617021,-1.56638
-0.0926826,-0.128842,0.0286981;-1.57121,0.641425,-1.56509
-0.0936065,-0.129574,0.029536;-1.56447,0.671029,-1.55687
-0.101411,-0.135381,0.0413083;-1.28695,0.603989,-1.71219
-0.103428,-0.13067,0.0429842;-1.24574,0.543908,-1.73062
-0.0973624,-0.114024,0.0372122;-1.42934,0.485905,-1.6042
-0.0943062,-0.113024,0.0324043;-1.54289,0.434182,-1.53477
-0.094941,-0.116247,0.0307336;-1.5623,0.470649,-1.53877
-0.0971187,-0.122754,0.0310601;-1.55763,0.543808,-1.53976
-0.103174,-0.140408,0.0415614;-1.36331,0.714224,-1.63977
-0.107952,-0.146237,0.0410989;-1.37698,0.654954,-1.62632
-0.109773,-0.145849,0.0345515;-1.48884,0.625175,-1.57627
-0.108212,-0.146741,0.0290969;-1.5739,0.628899,-1.55967
-0.10868,-0.147538,0.0289666;-1.56651,0.61433,-1.56054
-0.108538,-0.146383,0.0297447;-1.56736,0.611189,-1.54778
-0.109231,-0.143669,0.0400031;-1.40378,0.608387,-1.6045
-0.109533,-0.144506,0.0383503;-1.43752,0.622461,-1.58795
-0.107873,-0.140252,0.033593;-1.55413,0.646472,-1.5163
-0.109023,-0.134088,0.0352728;-1.59891,0.635489,-1.47949
-0.11024,-0.138133,0.0334268;-1.56412,0.58164,-1.50429
-0.111374,-0.143732,0.0310484;-1.56395,0.533683,-1.5377
-0.111689,-0.14369,0.0353599;-1.47747,0.558434,-1.57809
-0.111556,-0.146695,0.034233;-1.4705,0.5725,-1.59788
-0.110426,-0.146305,0.0326547;-1.49717,0.583928,-1.59124
-0.109372,-0.145158,0.0286327;-1.57091,0.617206,-1.56814
-0.109421,-0.144751,0.0287593;-1.57517,0.607259,-1.56327
-0.109553,-0.145004,0.0287359;-1.57103,0.59207,-1.56312
-0.111616,-0.147922,0.0300187;-1.55598,0.548137,-1.55538
-0.112435,-0.147329,0.0333918;-1.4537,0.550675,-1.62424
-0.11177,-0.14726,0.0299737;-1.53027,0.551712,-1.59003
-0.110622,-0.144801,0.0287192;-1.5713,0.506458,-1.57782
-0.107842,-0.141807,0.0286404;-1.57107,0.395315,-1.5735
-0.107963,-0.141973,0.028622;-1.57075,0.400635,-1.57278
-0.108177,-0.142284,0.0285786;-1.57078,0.424214,-1.5708
-0.111221,-0.156364,0.0350666;-1.41752,0.547997,-1.64484
-0.110923,-0.160723,0.0323409;-1.47683,0.59185,-1.61811
-0.10966,-0.159728,0.0286667;-1.5708,0.593623,-1.57514
-0.108568,-0.158167,0.0286583;-1.57106,0.527148,-1.57476
-0.108617,-0.158221,0.0286401;-1.57092,0.52866,-1.57351
-0.108794,-0.158266,0.028581;-1.57045,0.538624,-1.5708
-0.112019,-0.157974,0.0349018;-1.42965,0.491884,-1.63398
-0.110727,-0.157352,0.0329757;-1.47095,0.487719,-1.61488
-0.109596,-0.15312,0.0286231;-1.57108,0.446263,-1.57298
-0.108333,-0.150512,0.028583;-1.57085,0.36836,-1.5709
-0.108482,-0.150707,0.0285801;-1.57063,0.375249,-1.57086
-0.108573,-0.15066,0.0287818;-1.57104,0.395342,-1.56089
-0.113991,-0.164075,0.0332528;-1.48292,0.520319,-1.59416
-0.114979,-0.171075,0.0345432;-1.42951,0.534369,-1.63735
-0.113194,-0.17088,0.0308204;-1.5121,0.542707,-1.59957
-0.112539,-0.170118,0.0286319;-1.57085,0.533665,-1.57335
-0.11267,-0.170472,0.0285983;-1.57081,0.546708,-1.57165
-0.112887,-0.170962,0.0285798;-1.57074,0.574863,-1.57089
-0.113153,-0.170384,0.0313186;-1.5149,0.544133,-1.58945
-0.112894,-0.1723,0.0370281;-1.38227,0.5385,-1.67095
-0.112204,-0.176918,0.034106;-1.44652,0.593101,-1.64403
-0.111934,-0.180034,0.0286601;-1.57088,0.641914,-1.57467
-0.112067,-0.180297,0.0286191;-1.57085,0.659206,-1.5726
-0.112521,-0.180664,0.028581;-1.57096,0.681819,-1.57068
-0.115276,-0.180616,0.0304317;-1.5707,0.730146,-1.54217
-0.123571,-0.184917,0.0352673;-1.48234,0.76065,-1.58113
-0.129974,-0.19463,0.0374787;-1.42374,0.792196,-1.62015
-0.132779,-0.200766,0.0289575;-1.57993,0.782749,-1.55254
-0.132237,-0.200595,0.0286816;-1.57358,0.757549,-1.566
-0.132066,-0.200507,0.02858;-1.57077,0.767214,-1.57078
-0.132236,-0.20028,0.0292852;-1.56782,0.821015,-1.55488
-0.132949,-0.201916,0.0326782;-1.51647,0.840818,-1.56959
-0.135543,-0.209092,0.0382981;-1.41892,0.857998,-1.61728
-0.14041,-0.212094,0.031228;-1.58573,0.79901,-1.51801
-0.138901,-0.211488,0.0291641;-1.60296,0.755206,-1.5442
-0.137051,-0.211363,0.0289162;-1.58687,0.745616,-1.55566
-0.136966,-0.210809,0.0286436;-1.57087,0.784253,-1.56781
-0.139216,-0.211571,0.0305456;-1.53868,0.82654,-1.5766
-0.148739,-0.218019,0.0379804;-1.45072,0.86488,-1.63039
-0.166512,-0.238102,0.0296409;-1.55925,0.964805,-1.56049
-0.165813,-0.23784,0.0290976;-1.60654,0.985326,-1.53599
-0.1657,-0.237727,0.0289098;-1.59877,1.00063,-1.54672
-0.166485,-0.237947,0.0291169;-1.52262,1.0175,-1.61029
-0.166676,-0.235609,0.0329054;-1.40228,0.975072,-1.70706
-0.166569,-0.231766,0.0376575;-1.28459,0.905306,-1.78914
-0.16524,-0.227067,0.0353096;-1.38891,0.867735,-1.70853
-0.161954,-0.216372,0.0295285;-1.59842,0.815481,-1.55649
-0.15914,-0.21423,0.0290308;-1.58743,0.785493,-1.5574
-0.15992,-0.214668,0.0287163;-1.57011,0.84587,-1.57814
-0.164194,-0.221184,0.0296074;-1.52627,0.936343,-1.61298
-0.170719,-0.23254,0.035542;-1.31231,1.00249,-1.78397
-0.173353,-0.242578,0.0358849;-1.25903,1.06839,-1.84159
-0.173864,-0.244216,0.0322128;-1.39066,1.09774,-1.73188
-0.172448,-0.242368,0.0290361;-1.54898,1.09201,-1.60203
-0.170074,-0.237951,0.0285764;-1.57099,0.941358,-1.57103
-0.169794,-0.236207,0.029106;-1.53405,0.887974,-1.60128
-0.169511,-0.235372,0.0318014;-1.45591,0.875677,-1.66102
-0.17001,-0.242151,0.0372188;-1.28603,0.922388,-1.79529
-0.171678,-0.246321,0.0355278;-1.33041,0.94589,-1.77123
-0.169554,-0.246146,0.0299309;-1.50866,0.973695,-1.62895
-0.169616,-0.248948,0.0287472;-1.56296,1.0465,-1.58156
-0.170448,-0.249959,0.0290928;-1.52615,1.07098,-1.61298
-0.171788,-0.248921,0.0315927;-1.42723,1.053,-1.69455
-0.174434,-0.246877,0.0395905;-1.17628,0.977471,-1.89363
-0.176294,-0.248188,0.0391204;-1.18655,0.984155,-1.89369
-0.174844,-0.245804,0.03363;-1.37119,1.00856,-1.7443
-0.174402,-0.242277,0.0288045;-1.56441,1.00758,-1.58352
-0.174752,-0.243393,0.0290283;-1.55157,1.02892,-1.59879
-0.177324,-0.248887,0.0305725;-1.45238,1.08285,-1.68129
-0.181226,-0.252294,0.0389726;-1.16311,1.04503,-1.91787
-0.181346,-0.254639,0.0379024;-1.18964,1.06228,-1.90619
-0.179976,-0.254544,0.0340247;-1.33669,1.07781,-1.78386
-0.178066,-0.251802,0.0289502;-1.55186,1.07504,-1.59614
-0.178105,-0.251323,0.0290178;-1.54159,1.06193,-1.60287
-0.178325,-0.249934,0.0305514;-1.4689,1.04463,-1.66047
-0.178325,-0.249934,0.0305514;-1.4689,1.04463,-1.66047
-0.180369,-0.252117,0.0348528;-1.30102,1.05937,-1.80581
-0.180369,-0.252117,0.0348528;-1.30102,1.05937,-1.80581
