0,0,0.11;-1.57,-2.98023e-08,-1.57
0,0,0.11;-1.57,-2.98023e-08,-1.57
0,0,0.11;-1.57,-2.98023e-08,-1.57
-0.000345109,-0.00112733,0.0288346;-1.57305,-0.21849,-1.58115
0.000236513,0.000257634,0.0290604;-1.58067,-0.250406,-1.58654
0.000527644,0.000622105,0.0298065;-1.57668,-0.25708,-1.5971
0.00131834,0.00356804,0.0310972;-1.56619,-0.2508,-1.61002
-6.54537e-05,0.00818793,0.0289904;-1.5822,-0.242368,-1.58213
0.000678729,0.00873766,0.0286212;-1.57292,-0.26745,-1.57163
0.000757745,0.00864514,0.0285798;-1.57078,-0.274584,-1.5708
0.000799376,0.0078311,0.0287425;-1.57659,-0.311864,-1.57013
0.000695393,0.00641261,0.0290447;-1.58194,-0.334327,-1.57523
0.000349212,0.00408672,0.0297985;-1.5743,-0.368188,-1.58633
0.00111832,0.00333092,0.0306525;-1.5672,-0.377915,-1.60087
0.000934224,0.00509842,0.0294498;-1.57354,-0.37533,-1.59275
0.000803112,0.00581184,0.0289303;-1.57152,-0.369385,-1.58683
0.000746513,0.00654674,0.0287504;-1.57023,-0.36837,-1.56264
0.000946685,0.00720016,0.0289404;-1.55808,-0.360401,-1.56077
0.00103114,0.00787147,0.0288219;-1.55924,-0.354569,-1.56583
0.00140701,0.0053284,0.0297924;-1.56087,-0.418137,-1.58632
-0.000615788,0.00463323,0.02975;-1.54441,-0.454217,-1.56904
-0.00136798,0.00444479,0.0292102;-1.53875,-0.472554,-1.55779
-0.0014204,0.00556564,0.0291983;-1.53944,-0.457236,-1.55439
-0.000950546,0.00713434,0.0292429;-1.53602,-0.440675,-1.55435
-0.000107399,0.0092362,0.0302551;-1.52233,-0.415009,-1.54832
0.00141177,0.0137518,0.0315717;-1.50478,-0.373946,-1.54121
0.00332728,0.0230723,0.0322415;-1.53607,-0.320327,-1.53891
0.00343955,0.0240023,0.0303225;-1.56011,-0.354275,-1.55195
0.00429563,0.0247425,0.0291425;-1.56626,-0.363071,-1.56377
0.0044292,0.0256177,0.0287049;-1.57183,-0.357808,-1.56601
0.0048272,0.0258802,0.0289965;-1.57424,-0.331274,-1.58871
0.00546972,0.0260574,0.0306957;-1.56918,-0.314408,-1.60596
0.00674277,0.0264957,0.0323437;-1.56128,-0.286873,-1.62483
-0.00020817,0.0395888,0.031493;-1.58329,-0.163421,-1.60872
-0.00407746,0.0433629,0.0298357;-1.60567,-0.156668,-1.58001
-0.00457895,0.0447885,0.0291026;-1.5899,-0.15543,-1.57776
-0.00519805,0.0455923,0.0287975;-1.57186,-0.14584,-1.58012
-0.00480937,0.0455558,0.0289144;-1.57781,-0.163167,-1.58115
-0.00329364,0.0436283,0.0296673;-1.58731,-0.183499,-1.58334
0.00570731,0.0319877,0.0335641;-1.66973,-0.237372,-1.59021
0.00585873,0.0249849,0.0358006;-1.70111,-0.351762,-1.60111
0.00441352,0.0233164,0.0315;-1.62874,-0.393321,-1.57903
0.00146683,0.0254029,0.0322053;-1.58594,-0.370005,-1.5278
0.00215132,0.0249961,0.0320638;-1.59125,-0.372067,-1.53507
0.00492013,0.0217231,0.0308887;-1.59405,-0.404827,-1.55288
0.01059,0.0111601,0.0295484;-1.56436,-0.443703,-1.58565
0.00844092,0.00899822,0.0315447;-1.55335,-0.444397,-1.59371
0.00556904,0.00963011,0.029403;-1.56032,-0.470029,-1.57546
0.00340444,0.010642,0.0289519;-1.55098,-0.493167,-1.55972
0.00353943,0.0112749,0.0288585;-1.55558,-0.472812,-1.56339
0.00362272,0.0113557,0.0290752;-1.5456,-0.467142,-1.55521
0.00155955,0.0222551,0.032795;-1.59447,-0.331109,-1.52797
0.00196948,0.0264737,0.0341266;-1.617,-0.28862,-1.53294
-0.000199727,0.0319486,0.0366197;-1.67591,-0.236822,-1.55347
-0.00875588,0.0420569,0.0326402;-1.65458,-0.152164,-1.57754
-0.00892969,0.0429033,0.0294781;-1.59151,-0.140197,-1.5663
-0.00879439,0.0427544,0.0291754;-1.58144,-0.144807,-1.56122
-0.00524252,0.0406354,0.029315;-1.59333,-0.192958,-1.57745
-0.00277504,0.0375955,0.0293917;-1.58543,-0.232152,-1.58441
-0.00110466,0.0324336,0.0300881;-1.60177,-0.236359,-1.59049
-0.00269104,0.0313444,0.0312096;-1.6357,-0.271716,-1.58916
-0.00051607,0.0295245,0.0290131;-1.59276,-0.311571,-1.57789
0.000614198,0.0283636,0.0289631;-1.58433,-0.3548,-1.56982
0.00106902,0.0269291,0.0288785;-1.574,-0.355265,-1.583
0.00183844,0.0249919,0.0291459;-1.58341,-0.326464,-1.59088
0.00230435,0.0221695,0.0302319;-1.57931,-0.299221,-1.60187
0.00387579,0.0231343,0.0296483;-1.60069,-0.348772,-1.58726
0.00278171,0.0196921,0.0304065;-1.61006,-0.400491,-1.57706
0.00176025,0.0109438,0.0305278;-1.5937,-0.485722,-1.55895
-0.00261552,0.00715801,0.0340721;-1.5905,-0.487498,-1.50774
-0.000874035,0.00920645,0.0340909;-1.59822,-0.468959,-1.51725
-0.000282067,0.00890522,0.0331359;-1.59909,-0.453453,-1.53065
0.00218427,0.0162036,0.0299447;-1.59754,-0.331582,-1.58358
-0.0026909,0.0271143,0.0294215;-1.5678,-0.254195,-1.577
-0.00459647,0.0322228,0.029127;-1.56344,-0.24085,-1.57297
-0.00671308,0.034338,0.0292808;-1.54208,-0.233801,-1.55715
-0.00646291,0.0348212,0.0291569;-1.55232,-0.209037,-1.55698
-0.00671268,0.0361942,0.0299438;-1.5885,-0.174834,-1.55713
-0.00371273,0.0295722,0.0338648;-1.64695,-0.192573,-1.55564
-0.00350228,0.0330614,0.0347791;-1.66617,-0.198474,-1.56418
-0.00464146,0.0344939,0.0319491;-1.60088,-0.178559,-1.5399
-0.00869749,0.0372864,0.0298702;-1.57782,-0.136566,-1.54719
-0.00873182,0.0353445,0.0294575;-1.58305,-0.141592,-1.55881
-0.00840334,0.0342449,0.030026;-1.587,-0.14868,-1.55262
-0.00608496,0.031443,0.030085;-1.61129,-0.152845,-1.57527
-0.00264944,0.0272687,0.0321044;-1.64818,-0.180779,-1.58417
0.000533911,0.0227018,0.0349112;-1.69433,-0.233914,-1.59214
0.000625623,0.0122024,0.0325644;-1.64033,-0.36657,-1.57821
0.00174074,0.00949623,0.0289035;-1.58611,-0.412317,-1.57866
0.00169326,0.00909521,0.0286191;-1.57076,-0.389167,-1.56887
0.00123993,0.00831777,0.0290569;-1.58111,-0.298786,-1.58681
0.00126635,0.00706902,0.0298121;-1.58425,-0.271468,-1.5949
0.00211808,0.00616312,0.0305554;-1.57987,-0.264371,-1.60469
-0.00114885,0.0115436,0.0289873;-1.57496,-0.25807,-1.58715
-0.00150925,0.0116222,0.0290161;-1.59228,-0.25927,-1.57605
-0.00173321,0.0100284,0.0292643;-1.58837,-0.271704,-1.56493
-0.00202909,0.00631519,0.0357204;-1.67875,-0.27684,-1.56258
-0.00249372,0.00605344,0.0355935;-1.67775,-0.25005,-1.567
-0.00199323,0.0104374,0.0333832;-1.65453,-0.200187,-1.57323
-0.00397093,0.0172697,0.0301118;-1.61066,-0.152394,-1.57592
-0.00891639,0.0311996,0.02914;-1.57398,-0.0320771,-1.56933
-0.00848347,0.0328309,0.0290126;-1.56023,-0.0310547,-1.56024
-0.00836483,0.0331109,0.029153;-1.56281,-0.030303,-1.55098
-0.00755303,0.0237686,0.0299467;-1.582,-0.140779,-1.55675
-0.00940838,0.0110219,0.0312493;-1.60229,-0.194647,-1.55371
-0.0123504,-0.0057015,0.0327293;-1.58827,-0.218433,-1.56552
-0.0162383,-0.0172133,0.0297048;-1.55431,-0.274839,-1.57339
-0.0160444,-0.0177465,0.0290576;-1.55318,-0.26052,-1.57191
-0.0155903,-0.0173491,0.0288544;-1.55724,-0.245267,-1.56732
-0.0142085,-0.0147003,0.0292887;-1.55804,-0.193807,-1.56891
-0.0133362,-0.0127042,0.0299139;-1.57973,-0.170455,-1.57644
-0.0124467,-0.00969851,0.0309501;-1.61181,-0.146069,-1.5814
-0.0164802,0.00527299,0.0377027;-1.73054,-0.119024,-1.57311
-0.0196606,0.00828642,0.0388775;-1.74614,-0.102463,-1.56208
-0.019563,0.00724476,0.0390821;-1.73669,-0.113314,-1.55163
-0.0168562,0.00267031,0.0297421;-1.60063,-0.108956,-1.57044
-0.0164789,0.00269389,0.0291504;-1.58086,-0.0625797,-1.58891
-0.0166957,0.00261208,0.0309222;-1.57625,-0.0349422,-1.60938
-0.0156587,0.0060294,0.0336017;-1.5808,-0.016858,-1.63687
-0.0180004,0.0096088,0.0331298;-1.57607,-0.0234113,-1.63288
-0.0185243,0.00999393,0.030829;-1.5782,-0.0367161,-1.60707
-0.0185562,0.00862291,0.0326051;-1.65628,-0.0781623,-1.57466
-0.0179216,0.00396418,0.033331;-1.6703,-0.12099,-1.58142
-0.0156508,-0.00161706,0.0369363;-1.73147,-0.16971,-1.59313
-0.00493525,-0.0181023,0.0380187;-1.73317,-0.2396,-1.62275
-0.00593524,-0.0203911,0.0360115;-1.67234,-0.236892,-1.61052
-0.00797915,-0.0187562,0.0332783;-1.64314,-0.215979,-1.59997
-0.0107259,-0.014443,0.0293869;-1.58052,-0.163527,-1.56257
-0.0101619,-0.0117257,0.0293953;-1.58146,-0.142416,-1.56268
-0.00951924,-0.00919946,0.0297058;-1.58441,-0.123561,-1.56103
-0.00924757,-0.00593128,0.0345986;-1.63171,-0.127785,-1.57962
-0.00939058,-0.00909914,0.0373744;-1.6572,-0.162811,-1.5989
-0.0117017,-0.0141074,0.0384959;-1.63946,-0.222243,-1.60118
-0.01248,-0.0164883,0.0309601;-1.5807,-0.242179,-1.59647
-0.0109989,-0.0143361,0.0292707;-1.56408,-0.189972,-1.5836
-0.010545,-0.014008,0.0291428;-1.56957,-0.168616,-1.58233
-0.00909656,-0.0127527,0.031087;-1.57804,-0.13983,-1.60788
-0.0090092,-0.0127886,0.0321902;-1.59583,-0.105089,-1.6169
-0.00884472,-0.0122633,0.0358124;-1.65382,-0.0868372,-1.62387
-0.0112595,-0.00826664,0.0377894;-1.75115,-0.117146,-1.60144
-0.0116837,-0.00902066,0.0388548;-1.77448,-0.153005,-1.60188
-0.00911722,-0.0124213,0.0394599;-1.77491,-0.191095,-1.59864
0.00366877,-0.0233646,0.0388731;-1.76606,-0.281572,-1.63063
0.0103415,-0.0311296,0.037357;-1.71514,-0.3118,-1.64472
0.0128666,-0.0337282,0.0363527;-1.66037,-0.296872,-1.65058
0.0130315,-0.0354456,0.0363252;-1.59194,-0.287083,-1.6708
0.0125639,-0.0355756,0.0353203;-1.60682,-0.301236,-1.65337
0.011655,-0.0358933,0.0330276;-1.62802,-0.305459,-1.62122
0.00948968,-0.0353428,0.0338613;-1.68049,-0.309783,-1.61108
0.00882957,-0.0353889,0.0362239;-1.72334,-0.327532,-1.62797
0.0111981,-0.0319078,0.0381554;-1.75487,-0.318031,-1.6443
0.0150999,-0.0315153,0.0407415;-1.80595,-0.363662,-1.6762
0.0135939,-0.0323365,0.03937;-1.78043,-0.369102,-1.66744
0.0114961,-0.0335894,0.0369774;-1.74171,-0.356201,-1.6438
0.0031307,-0.0246939,0.0340207;-1.6871,-0.263679,-1.60304
-0.00035766,-0.0211789,0.0347909;-1.70179,-0.224055,-1.6022
-0.00256911,-0.0171412,0.0375221;-1.7537,-0.200645,-1.61127
-0.00449851,-0.0106909,0.0402925;-1.80453,-0.158102,-1.61687
-0.00505493,-0.00812391,0.0401478;-1.80186,-0.177452,-1.62016
-0.00531359,-0.00717002,0.0384531;-1.77032,-0.195304,-1.6151
-0.00747585,-0.0107162,0.032487;-1.65149,-0.180978,-1.59118
-0.00644166,-0.0127962,0.0303171;-1.60645,-0.197944,-1.58726
-0.0061048,-0.0144822,0.0311364;-1.60689,-0.193668,-1.60077
-0.00346919,-0.016358,0.0347392;-1.61403,-0.193522,-1.63855
-0.0013755,-0.0168532,0.0363093;-1.64021,-0.195321,-1.64904
-0.00151529,-0.0143908,0.0378727;-1.70886,-0.203191,-1.63763
-0.00273367,-0.0110243,0.0383919;-1.7741,-0.21374,-1.61796
-0.00222584,-0.0118335,0.0384019;-1.77368,-0.230742,-1.61732
-0.00158907,-0.012817,0.0378709;-1.75751,-0.242235,-1.61306
0.00413111,-0.0200934,0.0390447;-1.79035,-0.346922,-1.64899
0.00903978,-0.0261268,0.03835;-1.78349,-0.411225,-1.65953
0.0118961,-0.028735,0.0389015;-1.79349,-0.427898,-1.67026
0.0104386,-0.0329427,0.0363956;-1.73838,-0.433941,-1.64557
0.00862984,-0.0330594,0.034247;-1.69619,-0.409115,-1.62458
0.00624188,-0.0320971,0.0327361;-1.66399,-0.376364,-1.60736
0.00392626,-0.0279573,0.035794;-1.71615,-0.331216,-1.61792
0.00633896,-0.0197014,0.0362341;-1.73036,-0.297003,-1.62495
0.00779501,-0.0170754,0.0370117;-1.70642,-0.299568,-1.64559
0.00525935,-0.0164492,0.0369337;-1.58867,-0.273668,-1.66907
0.00363871,-0.0166341,0.034434;-1.59199,-0.293627,-1.64616
0.00460975,-0.0163253,0.0310972;-1.5964,-0.328675,-1.60865
0.00460975,-0.0163253,0.0310972;-1.5964,-0.328675,-1.60865
0.00456408,-0.0167561,0.0293799;-1.59437,-0.331358,-1.58589
0.00456408,-0.0167561,0.0293799;-1.59437,-0.331358,-1.58589
